3.00445
2.67760
3.59295
4.02444
0.67844
3.10605
3.72847
3.75191
1.57631
2.47794
3.98373
3.85012
2.16862
0.81390
1.91800
2.75788
1.99852
3.72077
0.58005
0.73501
3.15621
2.86745
3.30966
3.84598
3.23681
0.96714
0.25949
0.98743
3.46632
3.69293
0.94353
1.49050
2.67516
3.50433
3.02493
3.57955
3.20742
3.96860
3.89145
2.18837
3.30299
3.03029
2.35822
2.06901
0.69661
0.93648
3.02029
2.40427
3.90100
3.86163
4.12085
3.89536
0.26565
3.66395
2.16930
3.70147
2.40996
1.39254
3.49930
2.45105
3.50889
3.39422
3.50575
2.90195
3.54531
2.84813
3.27131
3.04997
3.54570
2.42761
3.96474
3.97166
3.90042
3.54889
3.18653
3.40932
0.20856
2.66237
3.50655
1.98759
1.31557
3.22048
0.85017
3.17961
3.54851
2.99657
1.19408
3.30840
3.78244
2.51719
1.31307
1.96375
3.91986
3.23864
2.87136
3.90726
3.89207
4.04024
3.00028
3.89700
3.66937
2.53586
3.51218
3.57481
3.69545
0.27012
0.12277
1.27884
3.64811
3.58065
2.22049
1.41820
3.92920
3.02739
2.87267
1.88895
1.70907
3.22607
3.00631
0.10020
3.10268
3.91305
2.99948
2.97984
1.43922
2.23601
3.84339
3.56521
2.52823
3.55558
2.66497
1.58631
3.01301
3.57891
3.76745
2.32599
2.29648
3.82789
1.95901
0.56083
3.46202
2.82757
1.89857
3.63767
3.58479
1.58269
3.15965
0.01153
3.05271
3.32327
2.89399
3.42006
3.55058
3.19499
3.78378
3.76691
1.91419
0.49367
3.63970
2.78073
3.80986
2.30889
3.12386
2.28538
3.99645
2.29297
1.98092
4.01252
3.59857
2.77285
3.16811
3.90249
3.88759
3.92491
2.12952
3.17840
3.55800
1.88334
2.70491
2.43192
1.67658
3.79950
1.63144
3.34950
3.75228
2.98514
4.06768
2.14423
3.20852
2.26340
2.57083
3.18321
3.65779
1.72003
0.52817
2.15149
2.90035
3.47503
2.68845
2.16033
2.33490
2.34616
0.98098
0.52714
3.79235
2.63743
3.77655
0.91597
3.63920
3.91338
2.89304
3.32293
3.83252
3.58215
3.32065
3.35697
3.21701
2.24540
3.27139
2.41118
0.64422
3.40170
3.09067
4.10744
3.85966
3.63787
0.75220
0.83579
3.91253
2.73717
3.85544
1.81591
2.31659
1.64417
3.86055
3.20097
4.00355
3.69839
0.04053
2.95914
0.63453
0.93669
3.77091
3.76796
3.28222
2.70670
3.37330
4.04984
3.73731
3.10357
3.58694
2.53682
3.63176
0.86279
3.59499
3.79010
3.21543
3.93216
3.61552
2.58361
3.21030
1.64794
3.30851
3.62725
3.66596
4.01562
3.33244
3.42482
3.30840
3.24652
2.66907
3.89966
2.93887
3.49188
3.56889
3.24553
2.39520
3.84808
2.10876
1.78465
2.80491
1.48733
3.35183
3.15877
1.92291
3.79884
2.98649
3.83526
3.41224
3.69838
3.29232
3.46279
2.62788
3.24300
3.06045
2.90252
3.01075
3.49376
3.39243
3.34761
3.21530
3.49368
2.68393
3.63750
3.27355
3.31924
0.50128
3.73291
3.59243
1.46175
3.72817
2.92571
1.12105
3.32701
3.31460
3.93242
3.97433
3.79145
1.13577
1.20821
2.33974
3.58253
3.86902
1.33282
2.81698
3.64737
3.66248
3.49596
2.02507
4.00983
1.55365
3.83519
1.73403
3.07911
3.69947
0.73375
2.31511
3.87016
2.64783
3.06355
2.47697
4.03537
2.62645
2.19978
2.50566
3.57949
2.60623
3.64480
3.58164
3.85970
3.14342
3.82002
3.58203
2.82662
2.30372
3.46090
3.37754
3.76807
3.62302
3.81730
2.91103
0.35765
3.08562
0.88194
2.88045
2.07344
3.78229
3.25268
3.90174
3.79921
3.02025
0.39447
3.44268
3.15780
2.50202
3.65041
2.14022
0.39452
0.20033
3.77813
3.76593
3.00808
0.78879
3.90676
1.65976
3.69112
3.12160
2.41219
2.91907
3.33991
3.56567
2.95130
3.86075
2.02705
3.90534
3.38926
3.83641
3.52036
1.96101
2.77848
3.91810
3.73715
3.94057
3.96888
3.80915
3.61918
1.66118
2.42821
3.94818
3.70328
3.17108
3.75718
1.77467
4.18929
3.76514
3.79957
4.06925
2.71002
2.87290
3.31048
3.88883
3.59775
3.72794
3.45652
1.86009
1.73354
3.73978
2.68747
3.41145
3.34693
3.27233
3.43866
2.01473
3.68483
3.94690
3.80163
3.50617
2.76313
3.21634
3.31727
2.24593
1.85465
3.64319
2.77841
3.50524
2.15779
3.58550
2.68714
3.18238
2.98799
2.50754
3.64236
1.49371
2.56909
3.95095
2.73563
3.68818
3.68421
3.18065
2.91283
2.76526
0.73229
2.12064
3.83918
2.35275
3.46784
2.74943
2.29394
2.16197
2.74248
2.57447
3.67964
3.67384
3.41944
3.59228
2.50892
3.14313
3.37248
3.97852
2.59325
2.40020
3.71839
3.59058
3.86950
2.99252
3.11626
3.41352
2.33284
3.97048
3.35317
3.64400
1.48958
3.46026
3.71741
3.43637
3.50721
3.78472
3.53782
3.22042
1.28745
3.57278
3.50412
3.56574
3.14763
3.14094
1.11151
3.05816
3.28509
0.68793
3.03880
2.72669
3.32331
3.39224
3.55556
1.30270
0.31612
2.20612
3.65864
2.06938
2.56928
3.52361
4.16420
4.11918
3.86487
1.29436
3.38842
1.64373
3.23909
3.00194
3.15074
4.19705
2.66940
1.06511
1.01405
3.13112
3.22811
2.17768
3.66366
2.22658
3.66939
3.73887
3.37657
2.61060
3.10508
3.46749
3.14923
2.37417
3.63078
2.26122
2.43228
3.25296
3.55350
1.46186
3.91083
2.94778
3.14645
2.22246
2.42225
3.59228
0.88800
3.86981
3.56111
2.61241
3.43450
4.04307
3.25570
1.75341
2.50303
3.31945
3.96004
3.57025
1.78923
4.05848
2.93796
3.53977
3.59175
3.75218
2.99606
3.94316
2.15344
3.73822
2.95465
1.75086
1.59510
2.48564
1.85381
3.05432
3.44022
3.23673
3.82362
3.64997
2.53173
2.62300
0.58788
3.06867
3.24146
3.98248
2.01205
3.42859
3.79401
4.09987
1.82887
2.50235
4.04724
3.85496
3.43315
3.85956
3.79031
3.41705
2.67080
3.11256
1.76228
2.49951
3.27285
2.80727
1.45840
3.47798
3.33746
0.74997
2.06022
3.54162
0.89363
1.49068
3.37192
3.21999
3.77106
2.03267
4.12969
2.90378
0.30526
3.98276
3.56119
3.43207
3.79026
2.09163
2.38155
1.61588
3.50677
3.52446
2.87480
3.93301
3.83575
3.45214
2.63500
1.89631
2.94530
4.08829
0.11913
3.08874
2.15543
3.70402
3.92796
2.44445
3.66761
3.63197
2.26628
3.55884
3.37362
3.80061
3.85760
3.36196
4.08947
1.65220
4.08082
1.90255
0.00078
2.33283
3.42907
3.00788
3.60356
3.59954
2.26562
1.39271
3.57533
4.09338
2.34980
3.88924
2.44721
3.99165
1.37706
3.37127
3.65960
3.54008
2.73478
2.92152
3.60905
3.14203
3.61792
3.59432
3.65409
3.50766
3.71040
2.79963
1.99654
3.74009
3.76140
3.65733
1.67189
2.37822
1.99596
3.25117
3.58594
3.53666
3.52837
3.49115
3.25784
3.06747
3.29680
3.79880
3.48997
3.74854
2.64122
3.54180
3.74046
0.21040
1.37166
3.52609
3.96186
2.62837
2.40298
3.96425
1.77763
0.44826
3.89003
3.72980
2.30407
1.23816
3.81755
1.26369
3.22880
1.40361
3.78946
3.64974
3.21761
0.18277
3.13396
2.70436
3.70055
2.35460
3.75623
3.11409
3.74725
3.61406
3.92759
2.23783
2.10647
3.65547
2.44945
3.68088
0.15022
3.42315
3.83346
2.60091
3.36209
3.77402
1.60072
3.62971
3.85127
3.61358
3.28834
3.95154
2.69987
3.25796
1.34083
3.75981
3.36610
3.06946
3.86529
0.80430
3.49787
1.81536
2.49935
1.57441
3.50039
3.26843
3.67286
1.72135
3.19394
3.46285
3.45797
1.71568
3.73528
3.83216
3.36599
2.60650
1.12607
0.90238
3.62921
0.40494
3.87673
1.22341
3.75224
3.41831
2.86635
3.65351
3.49909
2.37155
2.81993
2.45095
3.84171
3.47544
0.79059
2.95161
2.19448
3.10878
2.28828
2.38318
0.60834
3.58947
3.29949
3.40994
4.06531
3.81926
1.64328
3.40152
2.85973
2.96347
1.77440
4.11263
1.79560
1.74186
3.73330
3.24366
3.55312
3.26516
2.98585
1.85818
3.95294
3.48085
3.85248
2.75746
1.20541
3.86558
3.06838
3.57919
1.93901
2.69125
0.85151
3.88137
1.04381
2.97940
1.14802
3.27443
3.82140
3.66541
3.52739
3.84802
3.80995
1.72417
3.72787
3.03726
2.48623
3.78811
1.89911
3.83418
3.65310
3.63650
3.88319
3.83612
3.53167
3.91551
2.13620
1.55145
3.10286
1.49758
2.51085
3.66463
3.26043
1.31891
2.84605
3.70615
3.40667
3.59930
0.17241
2.76981
2.47803
3.55620
4.02512
2.24131
2.62596
4.02174
3.30574
1.14969
3.46107
3.02989
3.13609
3.89683
2.14014
3.44704
1.29867
2.46030
0.86268
3.30798
3.81150
1.35216
2.58734
0.47165
3.93830
3.08743
3.31054
3.11925
3.62738
3.76737
2.63568
3.38518
1.26069
3.66780
2.36850
2.58177
3.53535
3.49372
2.57469
2.54150
1.09400
2.13411
3.88044
3.34975
4.15346
3.77157
3.50370
3.97503
3.36912
3.06136
3.25203
2.84710
2.98235
3.59086
3.11487
3.60825
3.57208
3.15091
1.17046
3.01129
2.00767
3.10868
0.14626
3.97963
3.53654
1.57269
3.44093
1.38745
0.41182
2.07811
1.18033
1.83818
1.13521
2.40001
3.73652
3.62829
2.33286
2.86111
3.88396
2.05669
3.42883
2.77633
3.37597
2.04814
3.25975
1.31381
3.35047
3.71361
2.08346
3.29080
3.71869
3.05001
3.22408
1.37365
2.86431
2.84406
3.54813
0.30210
3.50224
1.92597
2.26724
3.38281
2.61283
4.12430
1.85165
1.78114
4.16394
3.61398
2.53802
2.75295
3.47635
2.97727
3.55305
3.47668
3.57016
4.21959
3.50782
2.22234
2.70355
3.34522
3.04582
3.79820
4.00123
3.50480
3.54670
1.48557
4.01024
3.97925
1.31958
2.12869
2.81833
3.56987
4.10874
2.54685
3.87777
1.22659
3.69450
2.74211
3.29506
3.42360
3.90716
3.27923
1.78590
3.37276
4.02942
3.18877
2.19534
3.89419
1.50026
3.81189
2.38126
1.24051
2.99341
2.44188
0.49172
3.92720
1.45191
2.98504
2.66923
2.99825
3.65992
3.73486
3.42184
2.33114
2.86298
3.40227
2.14420
3.62913
2.33184
2.28587
2.32206
3.12055
2.25757
3.62285
3.80896
2.39807
2.61227
3.32937
3.38165
3.43369
2.29740
2.12765
3.71524
1.86640
3.28291
3.58202
3.91250
3.74000
3.89076
2.99419
2.42586
2.05179
3.64929
2.00054
3.69758
2.95522
2.74757
2.33644
3.57188
3.79327
1.63587
3.81065
2.23862
1.40493
2.66229
2.33381
3.86402
3.18234
3.38957
3.36968
1.79474
3.65587
3.69621
0.71244
3.40796
3.25909
2.01467
3.49264
3.71662
4.03511
2.51142
3.78380
1.84618
1.55813
0.88570
3.41002
2.72655
3.14798
3.68248
4.04657
3.29300
0.02425
3.87052
1.95506
1.12065
3.60152
1.86634
3.12078
3.12934
3.12353
2.50742
3.59851
2.06284
2.73415
3.05255
3.87135
3.02832
3.54408
3.34194
3.40427
4.02267
3.13760
3.80274
3.77758
3.52360
2.59091
3.19708
2.60476
3.59209
3.57792
3.72150
2.71116
2.93743
0.69697
2.71637
3.89498
3.55958
3.79012
2.97069
1.77555
3.53440
1.40269
1.86760
3.24840
3.56198
3.16159
3.40419
2.64739
2.93659
3.20121
2.49202
3.62731
1.47652
4.03400
1.48067
1.62662
2.04582
3.96215
2.46563
3.89527
2.83234
3.21325
3.63192
3.06809
3.07636
3.44995
3.52445
3.34513
3.20301
3.06290
2.24297
2.77609
3.91509
3.80844
3.47186
0.33146
3.56693
2.85332
2.65178
3.60063
3.49515
3.61368
3.17103
3.47992
4.03441
2.94171
3.36545
3.67639
3.16873
3.61802
1.71158
3.05235
3.31402
3.27047
3.30447
1.68954
2.65642
3.26741
3.95304
3.84570
3.55633
2.12134
2.16643
1.89292
3.64267
3.89853
2.62047
3.21988
3.77005
2.55346
1.22664
2.96130
3.34071
4.06425
3.75317
3.46736
3.95970
3.26436
2.08447
2.83464
1.17095
3.08930
1.09817
3.26305
3.23074
2.33259
2.12057
3.56111
3.19208
2.18287
3.36261
2.47289
1.40940
1.46800
2.22693
2.81012
3.79280
3.47732
3.95349
2.86961
3.23486
2.59593
2.70604
2.60980
2.15183
3.13228
2.74423
3.62052
3.28621
3.70265
3.76760
3.37392
2.23728
3.24131
3.69706
2.12267
3.46343
3.40795
3.00560
2.77464
3.84314
0.02669
0.80594
3.58129
4.00324
2.04327
1.29413
2.92031
2.44428
3.23190
4.06157
2.95362
3.59100
3.20205
3.68677
3.59648
2.06670
3.80260
3.95005
3.23266
3.81024
2.64758
1.64791
1.34574
3.97369
3.09840
2.63629
3.58162
2.96285
2.33109
2.49556
3.07240
2.29080
3.26474
3.63901
3.60390
3.62798
3.78263
3.50097
3.47452
2.91607
3.61484
3.95065
1.65233
3.11790
3.01168
2.03561
3.21093
3.20911
3.59561
3.52103
3.27027
3.80812
3.51108
1.05616
0.65942
3.88337
3.09369
2.74872
2.80647
2.38363
1.26726
3.23340
3.04011
2.61699
3.94129
2.93696
3.22376
2.93397
3.64935
2.38538
3.94237
1.54842
4.02433
1.95325
1.74737
3.80160
3.37647
0.25698
2.18684
3.84665
0.27232
3.54365
3.74139
2.69464
3.38177
3.31974
2.70633
3.63817
3.94514
3.87294
1.12287
0.58302
3.10287
2.10106
3.44186
3.65598
1.06726
1.91737
0.06254
2.26427
0.63308
2.87469
3.71648
3.40914
2.63899
2.01402
3.63110
3.92048
3.69769
0.80633
3.08135
3.86809
3.14910
3.71595
3.77134
3.72210
1.39751
3.19552
2.65567
3.57396
3.21970
2.98204
3.96129
2.94903
3.58469
2.47505
3.06097
3.41647
2.51446
1.26007
3.77265
3.07879
3.29729
2.35447
1.95160
3.59767
3.71088
1.79612
3.71819
3.36107
1.85417
3.48464
2.95784
3.34317
3.99457
3.10127
3.37673
3.47917
3.83478
3.57034
0.97286
0.43268
2.24042
1.17747
3.79557
2.50713
3.24719
3.35922
2.16214
3.80881
3.16794
3.53109
3.12501
2.84625
0.82761
3.11414
3.86498
3.60122
3.47805
2.92754
1.14254
1.86589
2.46032
3.23206
1.12281
3.64558
3.82195
2.76057
3.42627
3.72591
2.98302
2.39369
3.06769
2.58183
3.14144
3.46499
3.49194
1.96698
3.65205
4.00451
3.64558
2.23204
1.70906
0.71696
3.17665
1.80709
3.88200
2.47220
3.72799
3.51266
2.43462
3.17340
2.76351
3.62108
3.41315
0.52936
0.34526
2.91846
2.52027
2.78934
3.93480
2.67907
3.93744
1.97600
2.20848
3.37299
3.35350
3.18381
4.08876
3.47777
3.94422
1.00125
2.11454
2.37108
2.80236
3.04527
3.97055
2.00381
3.34527
3.62859
2.42886
0.56581
3.57950
2.77225
3.85948
3.92693
3.49883
2.96689
3.50400
3.91377
3.67075
3.66950
2.83630
2.54896
1.02483
3.51303
3.04796
3.79408
3.44102
3.30000
1.11620
3.48142
2.95331
3.66151
3.11955
3.64224
3.52140
3.58097
3.65539
4.01638
3.97579
0.58200
3.25499
4.02240
0.71119
3.76156
3.85736
3.55249
4.15886
1.59736
2.85556
1.99281
3.18083
2.69639
3.77962
1.89280
2.23594
3.00713
3.18970
2.99834
3.08989
3.28678
1.36160
3.92975
2.70445
3.57603
3.22310
3.30366
2.50295
3.73781
1.58328
3.46795
3.36861
2.96030
3.23608
3.32864
2.02909
3.42243
1.65204
2.29474
3.52058
3.33872
2.06307
3.84875
1.33598
3.54004
3.74444
3.42802
3.89203
3.55590
1.86668
2.88763
3.19476
2.90097
1.57139
2.22510
2.57729
3.58277
1.39272
3.49482
3.75047
3.69458
3.04059
3.61914
3.79746
1.66934
3.43736
3.91155
0.97551
1.13015
2.90489
1.05355
2.73243
3.39868
3.04437
1.45887
2.31458
3.26087
3.88175
3.77494
2.49936
3.42489
0.09032
3.13586
2.65475
2.88627
3.79469
3.80033
2.65261
3.90227
3.24346
4.06078
3.28197
2.63169
3.47614
3.61313
1.67593
3.03646
3.46538
3.80243
4.03240
0.84117
3.17702
1.53428
1.47201
3.58530
2.29703
2.59346
3.95094
2.88108
3.63496
3.51562
2.96223
1.38185
2.81367
2.91910
2.65848
0.67032
3.18949
3.66088
3.07230
3.70237
3.00085
3.11893
3.48233
3.54322
1.46776
3.66760
0.31452
2.96211
3.91890
3.70338
3.77803
1.88469
0.97416
0.56172
2.22677
3.82238
2.07920
3.24237
3.65424
2.72721
2.46996
1.13483
3.59482
3.49694
3.89661
2.00653
3.80939
4.12169
1.58869
0.36057
3.98769
1.92712
3.43335
3.47957
3.20914
2.59357
3.36349
2.85204
2.07948
4.02522
3.41813
3.89111
3.48153
4.12734
1.69180
2.52520
3.39803
1.86827
3.83676
1.30980
2.95478
3.32949
3.67512
2.76552
3.20353
1.73612
3.07347
3.60755
3.95563
3.97084
0.46253
3.11686
3.19497
3.36177
4.03594
3.55004
3.03339
0.52501
1.23920
3.82690
1.94987
3.73304
2.20203
2.84568
3.12386
3.77215
1.58507
3.76811
2.53343
3.61880
3.42185
3.72347
3.13623
3.78923
3.35050
3.82919
3.58180
3.30238
2.00242
3.47884
2.27044
3.52414
0.59104
2.77936
3.04643
2.50088
0.87023
1.18118
2.39393
2.50148
3.72915
3.70263
2.56618
1.28101
2.20883
2.64812
3.65733
3.30813
3.43551
3.49377
3.56194
4.08079
2.99870
3.47601
3.58526
2.57202
3.88109
2.04666
3.38089
2.81065
1.86823
3.85113
2.66968
2.71091
2.04554
2.88952
3.22321
2.52934
3.35779
3.14077
2.26288
3.51349
3.65570
3.73228
3.98124
0.48102
2.14862
3.82645
2.90079
3.28590
0.83463
3.64401
3.66743
2.74116
3.93711
2.70980
2.81354
3.78834
3.73593
3.89656
3.28694
2.72691
3.53655
3.86120
3.75874
4.07975
0.95427
1.94603
3.79503
4.02392
3.18031
2.69824
2.46512
3.62270
3.50033
3.87373
3.34513
2.03566
3.46638
3.98425
1.60348
3.33115
2.76070
2.30716
3.51032
3.65078
2.78534
1.92170
3.77290
1.67837
3.87024
3.17916
2.38958
3.44852
1.93296
2.69377
1.86287
2.44672
3.71675
2.34488
3.42711
0.55439
3.80771
3.03482
1.50176
3.45079
2.06747
3.79948
1.88454
1.74677
0.40890
3.86040
3.75410
2.08449
3.78726
2.67701
2.41405
2.72368
2.94216
2.81971
0.15457
3.41908
3.23979
0.81897
1.30317
3.95611
2.30821
1.04318
3.51448
3.48728
2.70125
3.01224
3.27987
2.68383
1.31533
1.55340
3.25750
2.43006
2.18787
3.67901
1.71463
1.95451
2.58006
1.33114
3.30081
3.37490
3.81177
3.67342
3.01241
2.41269
2.97609
3.78992
2.96963
3.21817
0.12522
1.49933
2.20924
3.50278
3.85598
1.23917
2.77668
2.81352
3.39722
3.49154
3.49520
3.68483
3.97752
1.02885
2.54617
2.08022
3.81002
3.55177
1.77191
0.66167
1.31440
2.36852
3.74823
3.55321
3.27702
2.70488
3.48344
3.64432
1.75388
4.03448
3.70159
3.24053
3.76539
3.73058
3.42679
0.41525
2.93263
2.98372
3.22901
2.79578
2.93778
1.76832
2.20163
0.97621
3.64818
2.03393
3.78833
3.38869
3.37717
2.82814
3.19572
3.33874
3.59543
1.19471
1.36615
3.59405
3.76035
1.26512
3.39196
3.44948
2.60702
3.88912
3.78982
3.02522
3.62948
2.78674
3.14524
3.75446
3.56731
1.08252
3.76593
3.44737
2.31266
0.26266
3.92940
3.80841
0.08190
2.01743
1.36011
3.20102
1.35485
2.78950
3.15314
3.81944
1.44858
1.36859
3.32917
3.83392
3.00250
3.88590
3.67303
3.41105
0.44545
2.92792
2.92724
2.61262
2.41097
3.50358
1.91637
3.79968
3.63644
3.60535
2.36687
3.45607
3.30120
3.73536
3.98208
2.21140
2.79917
2.28765
1.39048
1.82355
2.87532
3.85578
1.51608
3.74422
1.20238
3.22114
2.09554
3.72172
2.90150
2.28443
2.92089
1.81798
3.14261
2.96785
3.24095
0.09147
2.15696
2.04794
3.37244
3.54782
3.48658
0.90644
3.21193
3.16326
3.63075
3.77867
3.93991
3.56838
2.58085
2.29588
2.20301
2.75089
3.67891
3.71293
3.61650
0.72140
2.57080
2.64264
2.10856
3.67934
3.36535
3.16781
2.19017
3.76122
2.19157
1.56005
3.61822
3.71941
4.02678
3.67214
2.93265
1.06897
2.84153
0.07450
2.71777
3.36302
0.22519
3.69292
0.82840
3.29375
2.59892
4.05888
3.79647
3.10683
2.75384
3.52999
2.59728
3.11814
3.12479
3.55046
3.20406
2.84141
3.29802
3.70306
2.54248
1.86552
2.69417
3.87555
3.70105
2.21412
3.75949
1.59358
3.01726
2.48990
0.40290
1.79010
3.06998
2.95049
3.75714
1.30162
3.45942
3.39999
3.66901
3.54414
2.57510
3.65220
2.60105
2.49874
2.90627
3.27472
3.64193
3.82013
3.60439
3.17074
3.72355
3.66870
0.90741
4.03887
3.58645
1.98881
3.63358
3.75704
2.68759
1.02901
2.96254
3.61538
1.75411
3.92686
3.34034
2.21954
3.89338
3.45060
3.04548
3.39552
3.47387
3.81110
3.61533
2.78344
3.66313
3.79809
2.73731
2.32206
1.89571
0.88260
3.16774
1.51208
2.02356
3.22933
2.38360
3.46375
3.26645
3.04037
2.95563
3.40180
3.03809
3.61433
3.32620
1.65717
2.61863
4.02697
3.67825
0.92618
1.68705
3.50938
3.96921
3.55275
3.31779
1.62131
3.26039
0.23752
3.83302
2.40737
2.72078
3.49899
3.11340
3.87762
3.79763
3.11494
3.91760
3.10144
3.01850
3.42175
2.05748
2.82869
1.58318
3.43830
2.71536
3.77035
4.00561
1.88110
2.79498
0.91233
3.65333
2.92787
3.70617
3.34284
3.41876
1.81602
3.69703
2.08386
3.62967
1.10242
3.55806
1.84055
3.31916
3.61881
3.48973
4.01380
3.52551
3.62788
1.27713
2.10558
2.54881
3.36246
4.14876
3.10920
3.61921
3.72327
3.80428
3.50902
2.67466
1.02447
2.00118
3.44243
3.16888
3.72647
3.55296
2.56076
3.60874
3.65094
2.22529
1.73602
3.29613
3.13354
3.08426
3.79411
3.96187
0.83239
3.76988
2.98117
3.82712
3.22269
2.17491
0.28433
0.71228
3.65828
2.27173
1.49533
2.14412
3.41167
3.02584
3.25785
2.47363
2.07803
3.33395
0.49137
2.85885
3.24110
3.71268
2.14450
1.87515
2.62123
2.16450
1.61985
3.64510
2.10601
2.62825
3.44497
1.68073
3.60067
1.72777
2.08375
3.08454
3.15880
3.42120
3.38066
3.80333
2.66110
1.46122
1.29313
3.17873
3.85444
1.69937
3.94906
3.39245
1.88169
3.76780
3.57680
3.59212
3.92110
3.52061
2.13821
2.70687
3.51819
1.28782
2.64582
3.56821
3.07148
3.83343
2.73518
2.98576
2.18023
1.30048
2.18003
3.78118
2.56575
3.42066
3.62958
3.79751
3.07862
2.83824
3.75367
1.36641
3.94654
3.64945
0.28631
3.90348
4.01181
3.86558
3.26719
3.95944
1.36595
1.48821
3.20525
2.96114
3.41927
4.06435
3.96800
2.38589
3.53404
2.07380
1.12694
3.19949
2.01336
1.48825
3.33409
1.72189
3.61653
3.80688
3.80248
3.01847
3.77752
3.68350
0.37692
3.65303
3.59545
3.36696
4.00016
3.35849
3.17365
3.80262
1.95899
3.74881
4.14712
2.77877
3.80504
2.42622
3.38054
0.32620
3.68559
3.82332
1.81209
1.48455
1.78536
3.30149
3.59262
3.79284
3.23181
3.13154
2.69927
1.43027
3.32286
2.66127
3.69557
3.42469
2.86846
2.14719
3.43541
3.59526
2.72128
2.76221
0.74881
3.37075
0.54695
2.94041
3.26566
1.52141
2.95575
1.53404
3.91465
2.32583
1.61978
3.67260
2.62625
3.23509
3.24482
3.31027
2.59378
3.90984
2.94374
3.98591
3.14118
0.54899
3.18271
2.05444
2.30441
2.71641
0.81982
2.20373
3.69040
3.33674
3.95848
2.97696
3.63798
2.17770
1.26649
1.70738
3.43429
1.07997
2.03638
0.91713
3.75815
1.74406
3.74065
3.86654
3.67975
2.36973
1.34197
3.45379
3.05345
2.36561
2.63413
3.79914
3.16928
1.01047
4.09062
3.87728
3.50480
0.31493
3.19676
1.19744
3.94464
2.97366
3.10467
3.68309
2.47814
3.42712
2.09601
3.86570
2.41817
1.20337
1.87725
2.88020
2.47456
0.61903
2.69007
3.21007
3.85209
2.97953
3.50600
2.19846
1.15816
3.36493
3.91141
3.93170
3.20996
1.15878
1.01972
1.03403
3.65284
3.84443
1.06275
3.62796
3.85184
3.48772
1.90195
3.43367
2.72756
1.60073
3.69622
2.42052
4.15326
3.55027
3.17135
4.03884
3.19488
1.62848
3.95506
3.70793
3.93519
3.62050
2.94237
3.47578
2.66866
3.31060
2.07826
0.21397
3.09051
3.58403
2.21708
3.78997
3.33057
2.17621
2.07359
2.68067
3.14031
3.89802
2.98653
1.72103
2.72574
3.64836
3.56372
0.87533
1.34037
2.86224
3.77933
2.17936
3.45387
0.85228
2.68971
2.75158
3.98692
3.43470
3.86983
2.40789
3.72122
3.85035
4.01038
3.42470
4.02926
2.93378
0.62053
2.99072
3.08533
1.33510
3.58628
3.86056
2.54627
1.67148
3.12926
2.51120
1.63224
3.60047
2.09124
3.47614
3.13911
1.09595
0.16766
3.93205
2.99681
3.42611
3.66586
3.72283
0.12745
3.52490
2.84278
3.59254
2.63618
2.17283
1.44341
3.17883
3.45006
3.90022
3.77123
2.72336
2.23097
2.42258
3.65605
1.96856
3.47394
1.58057
3.63890
3.66074
2.88615
2.40867
3.52377
3.28532
3.79454
2.29505
2.48134
2.51931
4.06577
1.88411
1.63524
1.77349
2.15345
3.12920
3.53610
3.58201
3.14835
2.55280
4.11682
3.56751
3.29043
2.76738
3.91081
2.64095
1.61488
3.82467
3.00974
1.53157
3.54536
1.28857
3.72482
3.56669
3.71838
3.85075
3.57047
2.66893
2.77845
3.45867
2.68191
2.22458
2.76593
3.17344
2.75338
3.60730
2.80076
3.77247
2.16046
2.78257
3.66166
4.04912
3.76613
3.53275
3.69100
3.61488
3.71651
3.91985
2.72000
3.55876
3.78695
3.56981
3.48514
2.66894
2.88506
1.69120
2.63750
4.07111
2.24430
3.79505
2.23865
3.50662
3.57229
3.36925
3.05722
3.67631
1.25958
3.61815
3.61600
1.37081
2.54982
3.07509
2.25712
3.67559
3.44489
0.99065
1.46736
0.45496
1.48168
3.74513
3.47558
3.65572
4.02625
3.46988
2.87974
2.10257
3.62907
3.14694
0.70415
2.26464
3.24898
3.37256
3.07101
3.45487
3.53214
2.06425
3.83879
3.78200
3.50786
2.52339
3.76969
2.47057
3.51835
2.62405
3.65188
3.96195
3.05379
3.92750
3.71915
2.79895
2.99849
0.61017
3.81560
1.37377
3.86533
2.66068
3.04676
3.40170
2.52753
3.26448
2.02050
0.62512
3.76962
1.98522
3.07326
1.02361
3.67372
2.51109
2.93526
3.75223
3.68249
3.58932
3.79686
3.61689
3.56150
3.00882
0.80149
2.30937
3.56647
3.77720
3.53175
2.21931
0.95253
2.70584
1.89363
3.84304
3.05113
3.62111
3.27531
3.41273
3.79802
1.87029
3.30553
3.02124
2.45795
3.62070
2.48678
2.50647
1.62367
3.61837
3.55139
2.86131
2.72842
3.14581
2.40750
3.40819
3.35576
3.49415
2.47422
3.38267
3.76656
3.24548
3.91317
3.61396
3.87502
2.68703
3.22143
2.04675
2.95481
0.89001
2.44956
3.61478
3.68019
3.53567
2.91944
3.84283
3.86939
3.32875
3.57272
2.75080
3.78111
3.89584
3.15632
3.00701
3.95674
3.95615
3.69017
1.32169
1.51966
3.05660
3.78261
3.60283
3.84103
3.79070
2.97017
3.40080
1.67312
3.29880
3.76231
1.57329
3.92660
2.99901
0.34216
3.85774
2.05602
2.66360
2.27620
2.64684
3.62956
1.94475
3.45446
1.95015
3.62824
3.20595
2.74246
4.13322
3.66319
2.58525
0.67042
2.45804
3.24724
3.88032
2.21926
2.69775
3.61540
3.55707
3.47282
0.73940
3.93145
0.87444
1.33268
2.35978
3.62547
2.11909
1.40624
2.76715
3.32704
3.18548
2.98542
1.54813
3.82898
3.05256
3.63491
3.73004
4.05585
3.79323
3.45536
3.99720
1.18243
3.65544
4.04394
2.85134
3.65263
1.56716
3.64560
2.78969
1.26106
3.54475
3.63299
3.42495
3.53646
3.48106
2.72865
3.79105
3.32472
3.94912
3.71376
1.44166
1.17831
3.19508
3.83958
0.35631
3.46277
0.29206
3.34630
4.04645
2.78567
3.78726
3.40873
3.15779
3.37135
3.07346
3.39918
3.38315
3.37032
3.35939
3.64751
3.52339
2.67973
3.28458
2.84536
3.86489
1.61951
3.21349
1.76615
2.66679
3.89521
1.23929
2.85876
2.45266
4.01256
3.50509
2.87025
3.41667
3.29076
3.72904
1.18467
0.90688
3.88573
3.09548
3.64507
3.04832
3.73160
3.72161
3.34333
3.70913
2.64428
2.17705
3.46764
3.85356
0.26910
3.70218
3.61822
3.04919
2.18747
1.61097
3.29759
3.11347
3.87944
3.96864
0.95657
3.69887
0.96064
1.25356
3.93836
1.91665
3.51127
3.60442
0.44392
2.21655
3.19945
3.81963
4.01004
2.98021
4.00332
2.36281
2.34332
3.62490
1.78019
1.35725
3.64149
3.81188
2.81862
0.99330
3.75789
3.43153
3.66359
2.04157
3.67110
3.87367
2.77574
3.40496
3.68352
3.75633
2.58675
2.67871
3.67166
2.17617
1.53861
3.76869
3.01907
1.70723
3.58509
3.41652
3.40353
1.65731
3.83734
1.14070
3.95763
3.39450
3.62904
2.01137
0.28361
3.92748
3.52211
2.62297
2.37155
3.65064
3.36956
2.60089
2.81787
3.61672
2.53523
3.08880
2.28782
3.64568
3.79080
3.78447
1.13833
3.19088
3.61935
4.06166
2.80414
3.70395
2.17757
1.12275
2.87887
3.61091
1.54974
2.66588
3.24127
2.97640
1.60562
3.60792
3.26725
3.83660
3.04304
3.90544
3.19940
1.67241
3.19078
4.03670
0.28702
3.86208
2.97312
3.72601
3.68517
3.97956
3.62530
3.73871
2.45025
1.81287
2.43711
3.96717
3.69113
3.79434
3.72630
3.96486
1.08899
3.07311
3.69599
3.61118
3.04998
2.03178
2.77288
2.86356
3.76122
1.54208
3.78487
0.85701
3.58905
1.05864
1.83347
3.40290
3.24719
3.71735
3.38598
2.39402
3.48145
1.41962
3.15629
3.94676
3.88116
2.78239
3.65003
4.20086
3.46321
3.50137
3.63733
3.21987
1.54633
3.25538
2.11331
0.55619
3.64425
3.45413
3.12427
2.83394
3.31759
3.82004
1.19854
3.37377
1.92574
0.82527
3.80630
2.73444
3.83367
3.59215
2.31609
3.90982
1.80874
2.90249
2.87077
2.91539
3.59363
3.84930
2.95668
3.09142
3.13680
3.46229
1.39778
3.11633
3.73071
3.48593
3.92548
3.65159
1.37832
3.23299
3.48622
3.71607
2.62689
3.94610
3.85967
1.95306
3.73910
3.65330
3.62205
3.06884
3.00693
4.09443
3.43287
2.84135
1.79426
4.14346
2.16819
2.18490
1.75271
2.60135
2.41514
2.68540
3.44967
3.57546
0.27473
3.61298
2.98924
3.85910
2.39125
3.14624
3.35659
0.82034
1.77313
3.76445
3.33951
3.05255
3.82221
2.46437
3.18640
3.61088
0.79414
3.86180
3.27742
3.74969
3.39453
3.85895
1.96160
3.67831
1.36276
2.34235
3.53129
3.71453
3.54406
3.33461
2.09882
3.46307
1.93598
3.63656
0.33007
2.87564
3.28336
0.96730
3.34145
1.69385
3.62528
3.17539
2.81622
2.77901
2.48722
3.14079
3.35416
2.06697
0.18906
1.96303
2.68611
3.44449
2.18877
4.00545
3.86377
3.64993
2.97625
3.51219
2.88911
3.35578
3.36799
3.72706
3.73003
3.39195
2.84806
3.62759
2.18793
2.97992
3.49444
3.95563
3.85774
2.62033
3.27214
1.91556
2.42721
3.74123
3.61833
3.32790
4.08877
4.08115
2.18617
1.91859
3.34109
3.51287
4.01950
3.54635
3.68534
3.29168
1.56667
0.98564
1.78485
2.27602
2.61024
3.93548
3.77629
0.96346
2.96702
3.93882
1.96674
3.53255
3.66963
1.74763
2.95572
2.05013
3.32011
3.48717
2.78228
3.59236
4.07091
3.80988
3.65559
3.53735
2.83588
1.46031
3.29892
3.40929
3.50988
2.78680
3.39157
3.48731
3.59945
1.33122
4.03350
3.52198
3.55898
1.70079
3.58379
2.68305
3.60883
1.91342
3.83959
2.75324
2.17011
2.84334
3.75630
3.89749
3.67808
2.95792
3.42057
3.37704
3.62420
1.92627
3.34893
3.48022
3.63194
2.90164
3.98260
3.73635
3.83143
3.95927
3.62355
3.12958
3.33656
2.66186
2.31255
3.78935
0.73871
2.74704
3.98164
3.78347
3.01263
2.59752
1.77071
3.42469
3.39204
1.88216
3.59403
1.27525
3.54384
2.92977
2.91955
2.95118
3.81736
3.19543
2.48444
1.41381
3.35679
2.33018
2.89128
3.15878
2.36306
2.75347
2.98118
0.59266
3.19097
2.31328
3.37826
1.80540
0.53574
1.38184
3.37003
3.89705
3.17887
3.37697
2.95287
2.45478
1.33519
2.13378
2.98223
2.03021
3.67619
2.73981
1.63851
2.64742
2.83699
1.13952
2.88009
3.82872
0.37391
0.84785
3.69001
3.07580
2.26903
3.82621
3.44271
3.02988
3.17976
3.72868
2.64559
1.62929
2.24669
3.59191
3.00234
3.61147
3.38332
3.65613
3.70076
3.63416
3.93021
3.45634
3.60132
3.96113
0.42197
3.10263
1.63995
3.15718
3.93370
3.20503
3.42454
4.14998
0.52367
3.72334
2.62102
0.69418
2.61329
3.51351
3.09558
3.49266
2.61875
2.12017
3.70703
3.80887
3.16512
3.55667
3.68500
4.09056
4.03939
3.99627
2.39453
2.78931
2.80814
3.20168
2.81714
2.07136
3.42193
3.49613
3.85861
3.78975
2.46272
3.63016
3.56696
2.63411
3.37289
1.85957
3.11666
3.66564
3.50207
1.98285
3.13327
2.94552
2.43016
3.61957
3.62243
3.68691
2.15043
3.33270
3.86384
0.15392
3.25334
3.55286
3.99620
1.91289
1.15999
2.66644
3.46339
3.57102
3.61562
3.11035
1.29012
1.99341
0.21890
2.53183
3.45379
2.36936
4.06219
3.65215
2.65380
3.94979
3.93795
2.67224
4.04848
2.21611
3.79801
3.82382
1.71517
3.75088
1.93422
3.05202
3.06777
2.81003
2.91145
0.19326
4.13918
3.81621
0.70464
3.23526
2.94856
3.27703
3.57315
2.74763
3.96215
2.75970
3.73326
3.47890
3.78864
2.14443
1.62526
1.89658
2.04960
3.98714
2.83126
3.92202
2.93959
0.84102
1.36352
1.19306
3.28525
3.78406
1.96098
3.65355
2.01777
2.68960
2.08940
3.74776
3.67333
1.00964
0.94847
2.56257
3.60499
2.91354
3.83028
3.05006
2.44163
2.36844
1.53404
3.68018
2.80623
2.44967
3.77714
3.16771
2.82172
3.22147
3.50456
1.98182
2.32763
3.92711
3.62112
3.08377
3.70041
1.86067
2.82324
3.68349
1.47967
3.77333
2.49324
1.84194
3.65806
3.17304
3.83760
3.75564
3.41943
3.61566
4.07266
3.76831
3.84200
1.09289
3.28592
1.51252
2.03219
3.73602
3.05842
1.86434
3.83039
2.40194
3.44361
3.31985
2.68948
2.73645
3.47005
3.33720
1.43451
3.97742
3.56104
2.47029
3.13598
2.26967
1.26722
2.01124
3.27799
3.71733
4.17999
3.76852
1.75658
3.76282
3.86521
2.77682
1.41992
2.44623
3.37232
2.36585
2.99933
3.55938
3.18359
2.97624
3.67287
3.82412
3.41936
3.67725
2.13263
3.98320
0.51926
3.21491
3.01278
3.03255
2.55452
3.07326
3.10538
3.13014
2.71287
3.27809
3.85596
3.61647
3.33944
2.49725
4.03649
2.93361
2.94677
0.79023
3.41927
3.45906
2.27622
1.73990
3.76824
3.58724
0.28010
3.64353
3.17061
1.66133
2.70459
3.68998
3.55452
0.05183
2.30972
2.93717
3.36076
3.78408
0.60737
0.99226
0.70089
3.80131
0.19322
3.48736
4.06609
3.44205
3.42339
2.18727
1.42996
3.63923
3.22780
1.70083
3.61125
2.74698
1.72810
3.66190
2.22078
3.59537
3.25193
0.48958
3.78352
2.93389
3.67518
3.68564
2.28554
3.16935
4.03952
2.44821
3.26234
2.15623
0.41604
1.96444
1.90869
3.61627
1.09443
3.42881
3.20709
3.54160
3.11604
2.80081
1.46556
3.14230
1.86674
3.83152
3.75808
3.30487
3.91589
2.55904
2.63767
3.57095
3.13528
3.49526
3.20672
2.77959
3.71940
2.17133
2.75698
2.24173
2.38343
1.36087
3.48707
2.78411
2.81498
3.43959
3.94348
3.20253
3.55778
3.65929
2.26310
2.91028
3.52103
3.85144
3.36811
3.03932
3.69522
3.54011
3.99743
2.19467
0.93153
1.31700
3.21649
3.73087
2.17169
2.55538
3.61005
0.63399
3.36917
3.80889
3.46626
3.63260
0.62746
3.77551
4.00876
3.38153
3.87767
3.67198
3.44749
3.81049
1.98781
3.66090
0.00390
3.72193
3.62035
2.75168
3.68128
2.84217
3.47043
2.69318
2.71256
1.38139
2.67632
0.92632
1.36136
3.09747
3.20427
3.16512
3.62533
2.73168
4.13927
0.37055
3.52236
3.28994
2.35984
1.32111
3.36324
3.75240
1.29197
3.62380
2.44416
3.16281
2.71089
3.37341
1.41053
2.19243
3.29491
1.56607
3.40276
2.55965
2.13926
2.84050
3.46444
3.18263
2.06969
3.62918
3.64368
2.38811
4.24484
2.68006
2.02202
3.89517
1.80905
2.85230
3.69998
3.87984
3.84824
4.09655
3.52636
3.47153
1.43860
2.65490
3.28754
3.11634
1.21164
3.85481
3.97163
2.89108
3.42732
3.86419
3.89203
2.00058
2.84785
2.47683
3.95370
3.41075
3.04980
2.82348
3.06282
1.46248
3.96328
3.91007
2.58317
1.63118
2.97880
2.98832
2.42078
3.40026
3.79241
1.67069
3.30731
2.69738
2.28302
3.36380
3.18477
3.61234
0.27746
3.59679
2.27787
3.33209
1.78307
2.92891
3.25872
2.75200
3.21739
1.99318
2.82393
3.66462
4.12047
3.61024
2.20189
4.10227
3.78822
1.33506
3.42401
0.22612
3.57613
2.05357
3.12034
2.97815
1.84851
3.94345
2.27756
3.03666
3.37504
3.43770
3.81899
2.77432
3.48136
3.47137
3.22170
2.78725
3.75983
3.90289
2.31217
3.60041
3.67964
2.91981
3.11518
3.72903
2.78832
1.40183
2.72857
3.39645
2.75164
1.45500
2.05236
1.95915
1.69091
4.03741
3.77921
2.50657
2.42851
3.39842
3.40605
4.13980
3.38010
2.63100
4.05081
2.56357
1.47413
3.59483
2.36486
3.78928
2.55531
1.62774
1.40145
4.06504
3.39771
2.54995
3.12279
3.53079
3.69344
2.77239
2.57691
2.60450
1.66769
3.27229
3.13592
1.57807
3.66532
0.65149
0.50663
3.65879
3.75235
4.06759
3.45642
2.43372
3.34875
3.54701
2.80547
3.52063
3.33996
3.68367
1.65915
3.91775
3.28323
3.13568
3.66209
4.08182
2.57867
4.10798
3.06735
2.66077
2.37560
3.30359
2.65126
3.02441
3.26539
3.89524
2.71643
2.84871
3.23889
3.00063
0.58190
1.86784
2.87956
3.67119
2.06064
3.66910
1.97106
0.49219
3.68739
3.63877
3.37557
3.46363
1.59335
3.63218
3.54350
3.27684
3.84748
3.91201
3.70197
0.97149
2.31267
3.72895
3.77375
0.97454
2.53466
3.91302
2.15573
2.37473
2.48629
3.02205
0.73155
3.62241
2.01961
0.18485
3.60049
3.84208
0.72186
2.89392
3.79077
3.32713
3.54688
2.85451
3.01524
4.04930
0.92517
0.60379
3.57575
3.26857
2.29858
1.64582
1.36337
2.11507
3.57729
3.33529
3.62655
3.84360
3.82423
3.71768
3.39614
1.17320
1.65424
3.68931
3.59227
3.26016
2.33819
3.12520
1.13578
3.83745
2.67703
3.02741
0.78986
3.44968
2.74199
1.75734
3.42309
3.73972
2.57808
3.51513
3.72882
3.73465
3.38651
3.74582
2.86069
3.13610
3.83706
2.53947
3.13834
1.39976
3.35639
3.26959
2.78294
3.11905
2.90042
2.79502
2.09122
1.83786
3.18381
3.59090
3.60521
3.76350
3.55517
3.36337
2.82942
3.72605
3.44004
2.23518
3.63688
2.49086
3.30138
1.52609
3.58825
3.36461
2.19824
3.58375
2.73380
3.41639
3.33784
3.15752
1.16624
2.97466
1.73524
3.01245
2.98275
2.50042
3.44871
3.41701
1.54065
3.08629
3.70078
1.65578
2.04487
3.84512
2.75668
3.88032
3.40926
3.50700
0.49514
3.48277
3.36051
3.91537
2.52121
3.72587
2.06332
1.03795
3.59609
3.73993
3.58877
1.98016
1.94820
1.89016
2.95615
3.23766
3.17407
3.84502
3.67806
2.28526
1.26700
2.15576
2.39307
3.94923
3.41860
3.63112
4.01775
3.50964
2.96482
2.82804
3.08746
2.01716
1.66670
3.60157
3.46285
3.11150
1.45394
3.63419
1.77791
2.71585
3.99873
2.99502
3.93604
3.20044
3.48132
1.74198
2.97193
1.41694
3.44120
3.55226
3.61968
1.45039
0.19963
2.59238
2.46926
2.97273
2.52884
3.80682
2.53381
0.96249
3.92615
4.14793
0.07004
3.11451
2.63194
1.35226
4.01279
3.73714
3.13631
3.87185
1.61901
3.53169
2.42778
2.85890
3.37846
2.97480
3.74745
3.62293
3.85529
2.87070
3.64159
2.26888
4.03123
2.32432
2.12152
3.73577
3.44506
3.13561
3.33785
1.01729
3.24383
2.17104
2.57217
2.88647
3.89514
3.06106
1.41468
3.01247
3.62673
1.31469
2.95289
2.95985
2.56984
0.83760
3.35196
3.92388
1.93827
3.92229
3.04575
2.66641
3.74992
3.55100
3.99871
3.51704
3.73915
2.34273
3.83010
3.57552
2.02696
2.18422
3.03095
0.97870
3.58339
2.58912
2.82328
3.59984
1.85074
3.82224
1.73739
3.20795
1.10296
1.24279
2.14257
2.12348
2.60920
3.75261
3.62093
2.90886
3.59615
3.15430
3.23488
3.97882
3.10968
3.81022
2.69061
2.94857
2.16552
3.38258
1.89257
3.61000
3.56337
2.33700
2.77091
1.96960
3.45221
2.43372
3.66521
4.06270
3.40884
2.71899
3.26822
1.27818
3.62033
3.63035
2.80707
2.17613
1.44432
0.17589
3.41940
2.58662
2.90955
1.50200
2.79897
2.50289
3.20256
0.74590
1.39658
3.77698
3.88089
3.74629
2.15329
3.33607
3.92739
0.87711
3.86604
2.58219
3.48930
2.52340
3.32379
1.45890
1.61624
2.65151
1.79617
3.17428
1.34202
3.52201
2.39024
3.79897
1.46155
4.00642
3.70755
3.81527
3.55036
2.52791
0.47437
3.74817
3.52442
3.71581
3.65246
3.27797
1.20031
1.56516
2.72644
3.85249
2.96606
2.31373
3.15362
0.98204
0.61321
3.82851
3.24939
2.12637
3.77620
3.70385
3.93700
3.64612
3.73857
2.96622
3.62233
0.56437
3.72757
2.72382
3.56146
3.27002
2.55775
1.96803
3.75315
2.91983
3.86828
2.68483
2.78565
2.38332
3.83025
3.89328
2.50322
3.75594
3.75954
3.61924
0.88974
3.92670
2.64290
3.14344
3.74330
3.10258
3.51237
2.75707
0.78355
3.86334
3.12811
3.97128
4.10449
3.49422
3.32932
3.70455
3.26053
1.97129
1.34841
3.71188
2.75811
1.70840
3.51610
2.31988
3.68884
3.42872
2.30066
1.89640
3.99514
3.69607
3.71797
3.15583
3.74704
2.09528
3.64065
3.55031
3.22161
3.62063
2.31072
3.88173
1.25535
2.84211
1.40454
3.56061
2.76825
3.69894
2.65364
2.71112
3.92150
3.80726
2.92277
0.46900
2.94687
3.52661
1.62659
3.60715
3.72253
2.91903
3.92429
3.41160
3.90535
4.14351
2.17223
3.60253
4.13697
3.28022
2.74928
3.50674
3.28392
3.14352
4.02039
1.57489
1.65354
0.71845
3.73122
3.58072
3.70318
3.97785
2.35718
2.89917
2.53919
1.29923
2.80209
3.81936
3.98506
2.65031
3.20047
0.73182
3.98323
3.38325
2.68987
3.07741
2.03226
1.36665
3.77728
2.88166
3.83784
4.00891
3.34471
2.63642
3.40424
3.38017
3.96448
2.40165
2.70681
3.90445
3.71810
2.71322
3.76987
3.14206
2.69567
2.70593
3.26464
2.68746
2.68170
2.47335
3.62630
3.33238
3.22155
1.64740
1.98810
3.99879
3.17890
3.45818
4.11093
3.78131
3.56648
2.98785
4.03828
2.56188
3.42321
3.36996
1.23579
3.31544
3.62131
3.99597
1.25257
3.91873
4.12741
3.60027
3.52510
3.66318
2.89003
1.34265
1.59571
3.36664
3.88721
3.45645
2.20464
2.65268
2.00986
2.18525
3.94969
3.83337
0.74831
0.38773
3.80561
4.00564
3.29229
2.73414
2.95163
3.62870
3.50372
3.82696
2.29171
2.73039
4.03109
1.80315
3.72725
3.55911
3.79498
2.55666
3.46136
2.01983
2.65068
2.77834
2.57140
0.83218
3.70877
2.91258
3.70194
3.65403
3.13072
2.95408
3.84708
3.37365
1.69523
3.98564
3.90280
3.72937
2.97151
3.52822
3.80923
3.44530
3.83690
3.17563
3.66915
3.59199
2.18268
3.26380
2.57305
3.52999
3.93480
1.90989
3.59075
3.58877
3.85442
1.54628
3.83921
2.92879
2.83239
4.03903
3.66558
3.25820
2.85166
3.62513
3.70875
1.18775
3.19453
3.02136
3.86572
3.94002
2.59590
3.57433
2.50488
3.90978
2.41174
3.71012
4.08338
3.02277
3.25930
1.33814
2.76941
2.08646
3.85575
1.52514
4.20578
3.03456
3.31064
2.81865
3.83990
3.02535
3.82036
3.73635
3.56685
1.08828
1.58581
2.09503
4.09421
3.69719
3.95189
3.28768
3.04488
1.77635
3.04024
3.00066
3.91777
4.10882
3.78380
3.40124
3.50198
3.22944
3.17082
3.52316
2.30788
3.24926
1.00840
1.35619
2.42628
2.17385
3.86457
2.82845
2.68601
1.66180
3.96602
3.00312
3.38208
2.14895
3.30805
3.20302
3.36233
3.55177
2.60503
0.35681
3.14473
3.39404
2.39738
3.05062
3.40087
1.33063
3.91557
1.22910
2.58908
2.53554
3.45019
4.19459
2.63271
3.59686
1.85786
1.62943
3.53822
2.79910
1.92496
3.17506
1.46029
3.64791
1.35352
2.63712
2.16666
1.72763
3.74546
2.61225
4.03399
1.83530
3.55178
3.08799
2.31111
2.96813
2.46505
2.25884
2.41342
2.99253
1.49440
3.59126
2.86976
3.03755
0.95482
3.48886
2.28648
3.26798
1.83932
3.83794
3.59391
3.77490
4.08279
2.74364
2.25704
3.73811
3.61530
3.91639
1.41590
3.13001
0.79480
3.31186
2.85432
3.35149
3.46469
3.30930
1.80026
2.96800
3.74964
1.09027
3.38322
2.71087
2.16738
3.23065
3.31927
3.31176
3.14580
3.84394
4.08113
3.10002
1.03694
3.49712
3.68441
3.56907
2.57085
2.89365
1.47414
2.69866
3.79274
3.92635
1.07951
3.49809
2.44141
1.11221
3.31708
3.81047
3.24408
1.16648
3.33681
2.41678
2.78139
3.44734
3.15923
3.79589
3.60354
3.40949
3.79264
3.27143
3.49849
2.53371
2.59905
2.43553
1.94240
2.79358
3.03902
3.22203
3.55521
3.64514
2.70358
2.83410
2.63094
3.92795
3.37134
3.46970
2.56091
3.88042
2.87099
3.39889
2.83964
3.52773
2.86825
3.61844
3.40165
3.79582
3.16761
3.90815
3.40685
3.49115
3.80097
3.88392
2.89715
3.09934
2.89256
3.64101
3.58491
3.83899
0.36063
3.52817
3.91998
3.95017
3.28046
1.53303
2.95517
3.51322
2.51879
3.91710
3.43622
3.93460
1.72798
2.02261
2.89090
2.08699
3.45868
0.11865
2.66009
3.78319
3.58810
4.09400
2.66361
2.47293
1.29441
3.74359
1.71165
1.17204
3.98555
2.69854
2.90721
3.87153
3.80321
3.03524
3.76225
3.55546
3.25996
3.45128
3.15306
2.89626
3.59780
4.03922
1.31810
2.90078
3.86503
3.66840
1.59996
2.02052
1.09039
3.88500
3.31863
2.38997
3.82710
2.56485
3.60804
3.74136
3.65608
3.79071
3.55048
2.79721
1.02018
3.27566
3.87351
3.39257
1.71105
0.66671
3.65825
3.42497
0.33398
3.69603
3.87581
2.05058
3.47379
3.17327
3.70515
2.34784
1.29479
0.42394
1.72766
1.33428
1.74490
3.70111
1.08249
0.20544
3.76559
2.11051
1.36625
3.47085
2.42442
2.85107
2.80662
3.45328
2.88600
3.54954
3.92408
3.60570
3.46562
1.51789
1.02391
0.84082
4.10348
3.29021
3.10517
3.58534
3.24035
0.78474
3.70723
3.91117
1.70291
3.08176
3.66298
2.38826
3.77672
2.46661
2.94157
3.25006
3.97039
2.91874
2.09681
3.46367
3.31561
2.94841
3.02232
3.58967
1.44242
3.87833
3.87997
2.17065
1.47493
3.58071
3.51854
1.17270
1.68530
3.72625
0.60916
3.72924
3.60649
3.95353
3.24135
4.06284
3.44096
1.01287
1.59782
2.98232
3.68501
3.49212
4.03163
3.13333
3.71827
1.06631
3.61139
3.58793
3.03721
3.76936
3.87262
1.76989
3.41164
3.19199
2.99231
2.76570
3.40207
4.12858
2.96796
2.69972
3.57946
3.97747
3.66142
3.96078
4.04782
3.96733
2.39740
3.34901
3.38991
2.25435
3.36939
3.94126
2.47548
3.83183
3.72841
3.02374
3.46042
3.96425
4.03638
3.06900
3.91333
3.40179
3.91440
2.83454
3.25672
1.17410
3.67831
2.76910
3.04914
1.38442
3.77830
2.30114
1.65566
3.43678
3.70568
1.22241
3.00377
0.85635
3.64062
1.25205
3.48153
2.25484
2.10399
2.30357
1.39837
3.94726
1.77512
3.84921
3.64157
2.67356
2.49657
3.72851
1.38507
2.63541
3.93172
3.33312
2.75002
3.40348
2.74014
2.16169
3.14653
3.85393
3.81670
3.87349
3.67064
3.75892
0.24994
3.42987
2.65617
2.33202
3.73118
2.75995
3.99262
3.10486
3.39450
3.30205
2.18279
4.05324
3.06865
3.65835
2.60105
3.80308
3.30188
3.32767
0.91269
3.54514
1.63916
3.02656
3.78156
3.78798
2.98931
3.64666
3.60829
3.85560
2.78931
3.79337
2.43830
2.41957
3.79980
2.42169
3.04465
4.02602
3.33931
3.89525
1.72621
1.43099
1.87935
2.19734
2.33896
1.45199
3.23899
1.81825
2.38682
4.01513
3.75908
3.95756
3.39846
3.53375
0.00010
1.57747
2.10376
0.85223
3.71133
1.89300
0.02090
2.25726
3.76216
2.84531
3.41744
2.11231
3.16478
3.90831
3.52795
0.84781
2.78863
3.38636
3.97903
0.79518
1.12078
3.05498
3.72036
0.74945
0.11189
3.88173
2.81087
2.58550
2.89965
3.67186
3.12330
0.46373
3.51688
3.57854
3.42025
3.40038
3.01164
3.69360
3.37646
3.39359
1.30649
2.50889
2.28323
0.96003
3.34383
3.24663
1.17907
3.42990
3.40831
1.35601
3.31979
3.62174
4.03786
2.86712
3.19165
3.69464
3.49037
1.87301
3.71650
3.18133
1.80725
3.79402
2.86622
0.31498
3.16430
2.98789
2.19716
2.48490
3.76389
3.30904
3.76226
3.70268
3.56039
3.55163
1.17045
1.46719
2.65607
3.30665
3.87992
3.58284
3.79040
3.56258
2.99651
1.35461
1.63639
3.62633
3.64388
3.65907
2.45659
3.57485
3.82370
3.21981
3.58417
2.97618
2.54073
2.60921
3.32395
1.46684
3.34624
1.07357
3.80763
0.89318
3.25002
3.71783
3.47707
2.26385
3.53186
3.45985
3.93994
3.68060
4.01460
2.45940
2.97966
3.28258
3.78831
3.79708
2.08252
2.17039
4.01145
2.66200
3.18320
3.01194
3.12625
3.55954
2.46064
2.66083
3.73403
3.79486
3.50475
3.74378
2.32975
2.99928
3.88516
2.96561
4.04379
3.29554
3.56441
3.33897
4.00517
2.34280
4.02742
2.91958
2.66786
4.10732
3.89329
4.01757
1.01455
3.00560
3.81437
3.98195
2.83252
3.93224
0.99760
3.89234
3.79872
3.70630
1.69025
3.96319
1.38659
1.11877
3.70675
3.73738
3.67894
1.99347
2.32100
3.53915
3.81940
3.95852
3.07924
3.59476
3.60568
3.72358
1.06649
1.83321
3.26993
3.33578
2.40119
3.22671
2.96803
3.72395
1.55947
3.62743
3.58537
3.91782
3.93759
2.11137
3.45411
1.33311
2.46673
2.73610
2.39664
3.81106
3.40770
1.45078
2.07346
0.94327
3.29579
1.09909
3.60151
3.68597
2.60555
3.70906
3.01048
2.06871
3.34872
3.10358
3.23491
3.23237
3.53315
3.99453
1.79827
3.95876
3.32802
1.66425
2.63048
3.57855
1.88644
1.77638
3.87256
3.68312
3.52000
3.69812
2.31103
3.63313
2.09097
2.52007
2.55846
2.72402
0.78177
0.93970
1.47432
1.47365
0.81624
1.76890
3.43601
2.54791
3.61869
1.96145
2.15523
3.33736
1.50296
0.72371
2.18589
3.66876
3.58832
3.55644
1.48666
1.37922
3.13292
1.15732
3.60557
0.87550
1.53762
3.89416
3.65685
3.53548
3.90056
2.86851
3.79339
3.30213
3.71343
0.22672
3.52407
2.80690
2.99847
1.31286
2.12690
2.65887
3.48846
3.28376
2.68628
0.79088
3.71377
2.53091
3.80546
3.26250
1.59755
3.73896
3.41038
1.80016
3.61954
3.24504
3.06865
0.52584
1.63965
3.58764
3.84139
3.26002
3.03148
3.79795
2.89827
3.56954
3.75121
3.42441
3.80416
2.91108
3.70426
3.89158
3.03457
3.59747
4.07375
3.56809
1.74857
2.70909
3.32858
3.53442
2.12461
1.50023
3.53121
3.28347
1.48430
3.69285
0.66907
3.66705
2.09565
3.43352
2.33342
2.98239
2.53244
2.45841
2.44182
3.81191
2.97817
4.00986
2.09987
3.44973
3.29005
2.78056
3.83933
3.33997
3.56677
3.64841
3.63144
3.04850
1.34061
3.69435
3.01066
3.77851
3.97625
3.52652
3.80486
3.90092
3.94944
3.17441
3.52031
2.73361
3.71519
1.03704
3.82322
3.59320
2.74860
0.85513
3.33492
3.49326
3.31943
3.73544
0.27406
3.72509
0.74109
3.37919
3.82058
3.11701
3.78186
3.31803
3.64738
3.88908
2.20458
3.44015
3.37289
2.71724
1.86246
1.18516
3.38211
3.57518
1.74802
3.83026
3.95212
3.61346
3.59403
0.13774
2.68285
2.42328
3.71106
3.41547
3.64226
1.44067
3.61276
4.00439
2.55752
3.54634
2.13130
2.06737
4.11117
1.15559
2.53985
1.05601
3.09280
3.76825
3.93075
3.97462
3.45475
2.17908
2.74910
2.43018
3.46196
3.16397
0.95223
3.46049
3.49857
4.00778
3.24113
2.48556
2.48800
3.80654
1.89866
3.59253
2.92333
3.42390
3.25108
3.35715
3.32579
2.50744
3.54564
3.29454
1.46913
3.70332
3.49873
3.00798
2.57890
1.04205
1.96364
1.74451
2.26128
2.90665
3.85707
3.42210
3.84224
3.04687
2.89872
2.95771
1.48771
0.97095
3.35925
3.17198
1.77969
2.79359
3.04479
3.38811
2.72890
0.99144
3.54295
2.10067
3.54690
3.92266
3.37024
1.67764
3.18044
2.63695
2.51170
3.87661
2.52006
1.41054
3.24511
2.97665
1.44554
3.80978
3.80111
2.95281
2.86734
1.83121
3.98205
2.06208
3.63987
3.51113
1.31434
3.67597
3.31071
1.46061
1.88726
3.70975
3.41870
3.63514
3.34261
1.53003
3.48747
3.62130
2.84678
3.90447
2.17231
1.74308
3.19123
4.12647
2.96140
3.57836
2.41841
3.36666
2.32122
0.86506
2.66936
3.93584
3.39952
3.80505
2.95213
3.71021
3.02990
3.59871
2.13308
3.25394
3.45464
4.05234
2.57761
3.61540
3.27544
3.79263
3.58559
2.94649
3.70944
3.53381
1.68159
2.25305
2.88643
1.71914
3.15247
2.02944
2.02544
2.55256
2.65424
3.88616
0.88869
3.86842
1.26789
3.13296
2.30451
3.55826
3.28057
4.17403
3.03261
3.16036
2.87690
1.67487
0.77419
3.87665
3.64503
3.18879
3.41983
2.76109
3.24236
3.80280
2.93462
4.00897
3.51294
3.30920
1.26704
3.75685
2.49574
3.13327
3.08004
2.92236
3.16316
1.05445
1.34768
3.55226
1.20168
3.24123
1.66711
3.79328
1.14288
3.86420
0.60015
2.10131
2.74996
3.97893
3.49874
2.66985
2.07764
3.00652
3.41973
3.28992
3.74795
2.87699
4.02747
3.19095
2.33676
3.57846
0.80711
1.91572
1.76064
3.76224
3.59112
3.98512
3.46788
3.67312
3.95784
3.50546
1.89667
2.55683
3.02001
3.58130
3.54380
4.05400
3.85270
3.96068
3.72563
3.65769
0.63141
2.49350
3.86683
2.93305
1.32908
2.83717
2.90243
1.06590
1.37953
2.18457
2.98805
3.68534
2.35816
1.82746
3.32448
3.17386
3.62227
3.65189
3.65879
1.22220
3.29788
3.82656
2.12197
3.28589
3.85578
3.44899
2.61215
0.81392
2.97581
2.02834
0.02768
2.99446
2.60803
2.92977
2.38178
2.89868
3.62817
3.78568
0.66043
3.93273
1.69261
3.07726
1.14875
4.01401
2.87597
2.90516
2.81045
1.77695
3.08668
0.61661
3.44715
2.42036
3.24720
0.78591
0.57834
2.18592
2.77830
1.49391
2.36828
3.27888
3.91100
3.58120
3.38749
0.39883
2.63827
1.57802
1.73694
3.70419
2.81052
3.24649
3.43481
3.66256
1.05333
1.22437
1.30891
3.35674
0.73070
2.79055
3.75160
3.82316
0.98338
2.79419
2.99466
2.44365
3.76929
3.73378
2.37867
3.18054
2.39291
3.60203
3.49465
2.44685
2.77200
3.21705
3.40061
2.73816
3.16204
3.70457
3.63803
3.85535
0.99451
2.89268
3.30093
2.72418
3.58960
2.60918
3.97338
3.54670
3.42762
3.48879
3.06193
3.37926
1.42007
1.80520
3.51414
3.70720
3.78227
3.59943
2.39777
1.40805
2.88819
1.52846
3.50954
3.96490
1.16600
2.23318
2.34660
3.43493
0.59610
3.02176
3.86266
3.69489
3.75335
2.62771
3.69469
3.79766
3.72516
1.89676
2.79259
3.50489
1.68106
3.38363
3.67898
3.93521
3.43969
2.86441
1.90928
2.63826
3.47466
4.07732
2.77967
2.52229
3.91854
2.19387
2.38537
1.92606
3.31587
3.23570
3.55495
3.20374
2.78116
1.02856
3.09367
3.47736
3.56617
3.40719
3.31777
2.61840
3.52278
1.67236
1.73081
3.50737
3.79216
3.67242
2.45631
3.73422
3.54173
3.48063
2.88723
3.07918
3.71252
2.01426
3.26157
4.03926
3.80456
3.54363
1.20230
2.97405
1.19636
1.14296
3.52131
3.52679
2.53165
1.19271
4.04657
3.78342
2.85645
1.93109
3.67686
3.22961
1.99771
2.45419
3.59341
1.12074
1.39711
3.67952
2.52843
3.15634
2.71587
3.65782
2.45781
1.75437
3.92666
2.28108
2.88826
3.28268
3.89297
3.55021
3.15202
3.57413
3.50207
3.61051
1.60291
3.92796
0.66568
3.05628
3.33622
3.35419
3.43867
3.97449
3.79742
3.64603
3.12495
2.83335
2.51119
3.37148
0.98868
0.89551
2.43409
4.05417
3.65102
3.88317
1.96139
3.72282
2.28291
3.74899
3.75604
3.54396
3.72736
3.88358
1.57273
1.52703
1.81784
3.63099
1.31482
2.94120
3.18447
2.96792
2.78540
3.64510
2.94075
0.86331
1.34984
3.43711
3.72753
2.16502
3.83171
3.57034
3.87089
3.50012
3.29193
3.56474
0.64841
3.11380
2.58097
3.49695
1.86658
1.54022
3.07696
2.97183
3.85432
3.03688
1.09526
3.01151
2.52538
1.98521
3.71384
3.71730
2.27578
3.41981
3.02688
2.85600
3.26615
3.45049
3.56703
1.77261
2.86055
1.85332
3.90195
2.97385
3.63666
3.36546
0.93685
2.79455
2.46947
4.03811
2.15682
3.77669
3.82452
4.00040
0.54714
1.74756
3.89267
3.44738
1.67043
3.29514
1.72830
3.00301
2.97404
3.61018
3.61691
3.43429
3.47688
2.07808
2.24360
3.79006
1.25771
1.16510
2.73868
2.29230
3.88197
3.94589
3.06258
3.73472
2.63981
3.66793
2.04289
1.06910
1.62176
3.79004
3.84497
3.63813
3.64492
3.04731
4.02621
3.61654
1.55056
3.56912
1.97704
1.73639
3.02681
3.82676
3.82909
3.72212
3.51553
3.86572
1.27923
4.14466
3.20098
3.99182
3.63893
3.12403
0.50216
3.94060
2.90484
3.44225
3.14104
4.13624
3.50066
3.83682
3.59388
3.31137
1.98259
2.40851
3.81179
0.63384
3.37546
3.15278
3.36937
3.71654
1.28079
3.34891
3.13487
1.74811
3.23320
3.73723
2.81841
1.94454
1.31212
3.46553
1.09212
2.91014
1.70641
3.30786
2.61409
3.25289
3.63228
3.28858
2.08270
4.02221
0.21278
1.10386
3.26582
2.45186
3.37535
3.43485
2.98673
3.98103
2.09819
1.66306
2.71009
3.38071
0.14633
2.68613
2.11284
1.73775
3.18673
3.04227
2.76893
2.76422
3.48793
3.96033
3.93738
2.87500
3.58854
1.04469
3.74618
1.96108
2.85625
3.98096
3.11927
3.35790
3.09387
2.13894
3.29824
1.03594
3.01554
3.30357
3.97116
2.80134
1.29403
3.46349
3.49189
0.40090
1.64954
1.99896
1.93707
2.63055
2.30922
3.51657
2.97474
3.93441
2.66127
2.48609
1.88782
3.06464
1.79136
3.06009
3.18525
3.37085
3.86140
2.62279
3.50685
2.40758
3.22158
3.66023
3.54123
2.63485
2.66327
3.57986
2.66164
3.35187
2.39368
3.22745
4.10873
2.21589
1.60573
3.90220
3.86446
2.79895
0.75001
2.36227
3.68595
3.05365
3.40313
4.00529
0.91069
3.85690
3.68116
3.83359
4.07346
2.18216
2.69726
3.48133
2.19613
3.50671
3.53086
3.22317
3.01455
2.97475
2.76343
3.35253
3.66787
0.27607
0.63379
2.85872
3.28559
2.08879
3.91666
1.38508
3.86438
2.63130
3.65797
3.37677
0.06967
3.81609
2.96925
1.70859
3.41602
2.94648
3.08605
3.26684
3.31276
3.50279
3.53965
4.00372
3.56699
1.99358
1.66266
3.14901
3.27495
2.11193
3.71632
3.18887
2.39866
2.92889
2.69448
3.57393
1.62770
3.67172
3.37904
1.46545
3.59628
3.45818
3.70591
3.47236
3.22854
2.54589
3.50109
3.45381
3.62356
3.57475
1.80973
3.86709
3.69192
3.46463
3.69977
3.72983
1.53318
3.85208
3.59531
3.02901
1.98541
2.93522
3.02776
2.49194
2.54354
3.59367
3.94439
2.93648
2.70292
1.30639
3.37438
2.83555
3.80927
3.89425
0.88371
1.47739
2.88261
3.37262
4.12751
2.80724
4.06187
3.55348
3.64239
0.06615
3.12469
3.93164
1.26113
3.82923
3.07846
3.81119
3.28584
3.70991
2.53961
2.13879
1.31894
3.07465
3.33026
3.23245
3.78542
2.98774
1.15657
4.03108
3.85699
3.22290
3.72053
2.93205
3.84637
3.51314
2.57154
2.87166
3.84006
2.65723
0.45256
1.63477
3.83661
2.40727
3.48163
1.73224
3.96853
1.58663
2.72969
1.51964
3.45878
3.73709
3.57206
3.54393
3.63636
2.38438
1.34482
1.67711
0.76724
2.57669
4.03584
0.83291
1.21702
2.32234
3.15236
3.91182
3.60410
3.76502
0.49156
2.79498
3.12085
1.83839
1.86190
1.86156
3.78109
2.33837
0.24142
3.65438
2.98662
3.82306
2.47141
1.30159
1.08132
2.97291
1.39835
2.82781
0.94882
2.44630
3.57690
3.69583
1.36219
3.46389
1.81191
3.93062
3.69986
3.02091
3.84795
3.15443
1.27766
3.63080
2.89456
3.71032
2.50076
3.82125
4.04686
2.21139
2.20305
3.34679
3.03315
3.57012
2.92422
3.18458
0.96163
3.32881
3.03895
3.89145
3.71042
3.63462
2.35298
3.46159
0.03457
3.99372
2.03890
3.76531
2.65199
3.58558
3.98869
3.71198
3.92990
3.64468
3.28009
2.35522
3.86643
3.46083
3.69223
3.53155
3.58182
3.64742
1.97732
3.80229
3.70289
3.14636
3.25891
3.77420
3.64291
2.78466
3.35483
3.91563
3.21125
3.86676
3.72141
3.58852
2.52176
3.64888
3.66961
2.65727
2.99484
2.09790
3.44571
2.51391
0.62521
1.73531
2.03637
2.38652
2.45836
0.73810
3.89305
3.09531
1.79396
3.63173
3.57271
2.72111
0.98530
2.90675
3.08624
2.16927
3.53388
3.45174
3.57786
3.67901
3.85814
1.85082
3.13469
3.14214
1.47382
1.86541
4.07460
2.84916
3.86820
2.82729
3.12865
2.58633
2.67918
1.82721
3.83426
3.45994
3.45433
2.89177
2.28781
2.56666
3.05865
3.98874
3.62138
3.33457
2.04035
2.83700
3.74558
3.50099
2.19666
3.51867
3.27820
0.33055
3.75756
0.73453
3.56223
2.87892
3.58456
2.39351
3.66609
3.88908
2.56598
3.26852
3.47206
3.58111
2.77731
1.84921
1.89422
1.91090
2.58021
2.68855
3.07417
2.21854
3.78926
3.33256
2.00403
3.63277
1.21836
2.35714
1.00803
2.48404
3.71432
3.29437
0.38126
3.11519
3.02785
2.81289
3.63721
2.66096
1.14402
1.88970
4.04445
3.64228
3.49603
3.29187
3.17663
3.41390
3.54292
3.08450
3.62597
3.66206
3.61963
2.53965
3.85141
0.97608
3.59000
3.80453
2.71967
0.85509
2.22927
3.50425
3.73782
2.98027
3.39037
3.53771
2.82660
3.64724
3.43947
3.10438
2.37681
3.19735
1.17126
3.88783
3.92937
3.20176
1.29679
1.97027
1.57195
2.42043
3.28875
1.46613
3.65948
3.57311
3.13053
3.80283
2.11736
1.87264
3.71938
3.61734
3.18460
2.72745
2.76332
2.67149
1.99614
2.83433
2.64015
0.74248
3.95177
2.78636
3.72727
4.06050
2.95316
3.12517
2.51515
0.60609
2.29799
3.32973
3.42450
3.64451
1.55425
3.31508
2.44082
3.39317
3.69197
1.43630
2.95001
3.42095
3.56189
2.53240
3.05735
3.40105
1.98276
3.47540
3.91259
2.43934
3.53514
1.16288
3.85654
4.05504
3.54378
0.42776
1.75323
3.68676
3.35043
3.45704
3.31235
2.77570
3.76034
4.03326
3.13879
3.81101
3.25311
3.89989
3.19861
3.22876
3.56392
3.67928
3.44311
4.02820
3.06146
1.37928
3.44123
3.56250
3.70171
3.71080
3.86936
3.74271
1.95403
3.83305
3.98826
4.01057
2.29780
0.93742
2.84802
3.15351
1.23373
3.86336
2.76925
2.71978
2.88048
2.85118
3.07174
3.72138
1.62896
3.71421
3.62197
1.47660
1.55743
3.76197
3.80137
3.01618
2.47228
2.89682
1.60183
2.35995
2.48740
1.56939
3.73486
2.69383
4.00762
3.92867
3.76997
3.55036
2.75973
3.73041
3.99464
2.51766
3.91389
2.96638
3.58463
2.81619
2.60949
3.24257
2.16592
2.09934
1.80353
3.57776
2.52179
1.91857
3.73517
3.45632
2.02837
0.45535
3.27271
3.94743
2.53906
2.97209
3.88558
3.22187
3.51870
2.92878
1.65204
3.67148
3.98133
3.77637
3.00687
2.09680
3.25246
2.03027
2.34012
3.80060
3.43548
2.22679
1.88568
1.60479
2.59044
4.03147
3.71565
2.70167
2.63090
3.85382
2.38863
2.79726
3.03976
2.47291
3.52597
3.59431
1.22116
3.41304
0.86335
1.37758
3.61272
3.04367
3.03463
3.47211
2.90766
3.98494
2.60607
3.62086
3.80015
3.38246
0.94968
3.68160
3.49552
1.93161
3.96882
3.31382
3.70147
3.04132
2.74176
2.85086
1.62999
3.87447
2.86862
0.15321
1.84431
2.99686
1.65407
3.37443
3.66958
3.67490
3.21607
3.61803
3.51052
1.01447
1.22196
3.45676
1.78252
0.95233
2.99182
3.34985
3.44854
3.95426
3.72953
3.44013
3.40853
3.81165
1.88673
2.19699
3.62279
3.76182
0.18643
3.89261
0.87285
3.47954
3.80751
3.20118
4.02792
3.56850
1.93613
2.89004
3.29627
2.92916
4.05783
3.53908
3.46989
3.67406
3.51292
3.68620
3.73992
4.09724
3.10053
2.52219
3.56907
1.33350
3.53328
2.24060
3.27796
3.61274
3.64914
2.92072
0.96247
3.57609
2.40162
4.05551
3.54665
3.72985
3.58490
2.91271
2.44448
3.61078
1.24921
3.06450
2.89742
1.63345
3.60394
3.93386
3.59762
2.02817
3.63840
3.75445
2.42829
2.95970
1.17662
2.09621
0.96135
2.12175
2.00595
0.80842
2.96732
3.71014
3.76687
2.21114
3.11054
2.14015
3.56232
3.24447
3.98166
1.78033
1.56429
2.88065
3.88064
2.94536
2.51648
0.10463
3.94097
2.92940
3.94943
2.43282
3.72411
3.63960
3.67605
1.46637
3.15650
3.68908
3.54887
2.59953
2.69272
3.90717
3.76864
3.36888
0.88520
3.78728
3.52319
3.05089
0.04633
0.92580
2.25298
3.69636
2.40407
3.10398
3.12489
2.03398
3.70091
2.58734
2.53541
3.68192
3.24178
3.89023
1.43826
3.83657
2.33794
3.25532
1.40383
2.49440
3.62967
3.62360
2.95253
3.13524
3.61973
0.99501
3.73144
1.43033
0.73765
2.83855
3.36440
2.80754
3.72740
3.42790
3.63682
3.51649
4.00064
3.73998
3.13075
1.50679
2.40110
3.78637
0.72376
3.46519
2.39230
2.66503
1.19705
3.52872
2.47438
3.83536
1.36163
3.96839
0.73735
3.71006
2.34308
3.72131
3.18249
3.62225
2.32331
2.67573
3.50616
4.05032
3.97299
3.62350
1.05042
2.50899
1.11918
1.12961
2.72858
2.54649
3.65542
3.56746
2.80431
3.27325
3.87938
3.92639
3.01368
2.75689
3.07665
2.84090
3.92918
3.65737
1.72165
2.86101
3.03000
2.95429
2.40834
3.70159
2.43957
0.74857
3.49838
2.76224
2.65222
3.18925
2.11634
2.62247
3.27599
3.60919
3.73887
3.66871
2.05747
3.28325
2.95608
0.98575
3.25385
0.85620
2.00906
3.71667
3.09599
0.71300
3.99184
1.37524
2.81303
3.49532
3.95269
2.92147
3.19619
3.53441
1.98568
3.35728
2.52510
3.78538
3.11701
2.15906
4.09604
3.26553
2.55860
0.24507
3.96373
1.92603
3.59980
4.01187
3.60607
2.28056
3.86697
3.10192
3.15614
3.89284
3.94907
2.66810
3.87586
1.31267
3.40089
3.59737
3.59384
2.07736
2.19523
1.85296
3.40134
3.52139
0.97124
3.52362
2.25187
2.79607
2.80998
3.35404
3.73222
2.71818
1.48659
4.02691
3.41729
2.08531
0.77072
2.30946
1.78444
2.70069
3.56029
4.02715
3.41313
1.55210
3.46354
1.70720
0.84977
3.23996
4.10954
2.85302
1.23730
2.80223
2.70261
1.69931
3.16950
1.06311
1.57950
4.00233
3.68737
0.93675
3.23591
3.98935
3.70189
3.55940
2.14790
3.74217
1.54890
2.82419
1.52519
3.84220
3.23002
2.51155
3.07361
3.51683
3.17089
3.71100
1.78135
3.97207
4.02473
3.26439
2.89864
3.60759
3.72193
3.80336
3.93152
2.87279
2.69091
3.56218
2.50328
3.76681
3.79200
3.47605
3.78730
3.95339
3.12955
3.77159
3.59360
3.24305
3.36630
3.99421
1.24850
3.43660
3.68599
3.77956
3.44884
1.34342
2.27605
3.85031
3.59030
2.74641
2.05271
3.19831
1.83139
3.39576
3.67672
4.00274
3.84035
3.62152
2.64726
1.81929
3.43920
3.86685
3.17012
2.01486
3.02669
3.78842
3.48105
2.65167
3.54448
3.63230
3.75814
3.30529
2.22910
3.00942
0.08194
2.01051
3.53357
3.46702
3.03892
2.77913
3.94517
2.52608
3.01738
3.31901
3.03416
2.57520
3.43211
3.15583
3.55654
3.32761
4.08869
2.79388
3.09531
3.56912
3.79333
3.15396
1.60297
3.48724
2.73999
1.94367
2.96394
4.01903
2.08745
3.74584
3.80351
1.17386
3.72985
3.11998
3.84983
3.25650
3.63059
2.96110
2.28303
2.68318
2.84829
2.26311
3.94048
4.01409
3.76412
3.60721
3.80843
3.87727
3.17637
2.35513
4.14709
3.75947
3.81231
4.07709
3.97056
0.83764
2.74056
1.86065
3.92412
0.47095
3.12926
3.39851
0.51852
3.98939
2.34251
3.80248
1.65679
2.36921
1.24404
3.55623
3.47397
3.72700
3.53714
3.72976
2.99788
2.61009
3.03915
3.28342
2.34376
2.00485
2.49277
2.28984
0.15067
2.73157
3.73601
2.73560
3.70738
3.26138
2.61367
3.10048
2.70363
2.84716
2.87625
3.48212
3.22161
2.74874
2.89756
3.77244
1.86374
3.87843
3.75699
3.61424
2.67617
3.74141
0.50851
3.82569
2.99195
3.07147
4.02307
3.96070
2.90734
3.58037
2.50712
0.64004
3.90136
4.01470
2.51398
2.03319
3.78250
2.45031
3.80008
3.59623
3.72797
3.55666
3.03273
3.26810
1.53312
3.60442
3.88935
3.80048
2.04927
2.97755
4.10124
1.91657
2.19267
0.75416
3.91369
3.78821
3.78259
1.93625
3.16037
4.09814
3.89244
1.98908
3.94416
1.78243
3.68331
3.58740
3.54872
2.61878
0.90113
2.24809
2.84273
2.09782
3.37362
3.87906
3.16661
3.61455
2.54654
3.70780
1.93969
4.02399
2.54242
2.11202
3.48091
3.21320
2.10686
3.99834
1.52464
2.42708
3.40892
0.93768
1.47410
3.36680
3.30688
3.82611
2.33110
2.77289
3.11248
2.66936
2.48655
4.12712
2.95670
1.72723
3.58041
3.30535
2.70874
3.46446
3.59646
3.75702
2.80577
3.61113
3.61242
0.83039
3.74864
2.77340
3.65809
3.10919
3.58002
3.81847
3.38929
1.35756
3.03550
3.84870
2.25499
2.83437
3.91000
3.68293
2.90073
3.17955
3.81169
1.69156
1.61082
1.81509
3.57065
3.74935
3.67105
2.05439
2.40305
2.91445
1.99510
0.76914
3.55843
3.48772
3.85145
3.90038
3.28102
1.48813
3.75858
3.69039
3.64614
3.18760
3.06054
1.94435
3.81264
4.01252
1.19115
3.38946
3.96138
3.34433
0.74339
2.32480
3.30465
3.44050
2.93970
2.98085
3.01813
3.21991
3.58149
2.63672
3.73135
4.14448
3.35010
3.98771
1.86611
3.65017
3.74969
2.95078
3.60623
3.54336
4.08119
4.16378
2.38473
3.38393
3.75058
3.88120
2.22228
3.70264
3.51405
4.05469
3.51914
2.99883
3.28373
3.78557
3.61474
3.10411
3.18889
2.10056
2.72348
3.55558
3.78365
2.12636
2.91928
3.97587
3.14823
3.72471
2.68840
1.88780
1.70778
2.15696
1.35693
1.99084
3.84346
3.79914
2.21293
3.65782
2.54108
3.34339
2.85340
3.23997
2.99283
3.77806
4.00328
1.10198
3.11315
3.81523
3.04937
2.39417
1.52567
2.96390
3.94692
3.32836
3.13717
3.46191
4.14251
3.63831
3.38007
3.46527
3.67557
0.28934
2.85782
1.19604
2.76921
3.96427
1.38698
2.13731
1.93477
3.77165
3.10238
3.19700
1.88168
3.86778
3.72003
3.94866
3.38310
3.20003
3.55809
0.95423
3.78976
3.30732
2.73942
3.21727
2.92690
2.02921
3.31563
3.72440
3.81617
3.33925
3.50848
3.46487
3.69893
3.20617
2.48880
3.85233
3.64693
3.18077
3.61581
3.93950
3.81280
3.95396
2.26810
0.14521
3.87257
3.70908
2.82456
2.82956
2.33356
3.68994
2.79409
3.46268
2.67392
3.97058
3.29910
2.83896
2.51919
4.05522
3.38913
3.00262
1.84497
2.16629
3.09187
1.76149
2.17178
3.30230
3.63368
3.62673
3.25690
1.74582
4.06858
4.15748
2.55970
3.74112
3.40824
3.89384
3.29974
3.79461
0.26042
2.68636
2.74748
3.44915
2.17808
1.72966
3.34984
3.54602
3.76956
2.16997
3.80233
3.24456
3.77158
1.53651
3.08608
1.43017
3.45427
3.10952
3.40017
0.46701
2.41119
2.39949
2.38916
2.97488
3.37579
3.11072
3.64644
3.22096
3.60034
2.05503
3.80911
3.21804
1.42591
3.20865
3.27838
3.96589
3.62743
1.94534
3.78003
2.63943
3.32334
2.98382
0.50037
3.66144
3.73941
3.75903
3.75334
3.73058
3.82165
2.29394
3.57646
2.07701
3.51193
3.96769
3.73951
2.01203
1.43816
4.08467
3.54358
2.12537
2.95467
2.39264
2.77248
1.66546
3.30832
3.82603
3.53267
2.76341
2.50976
3.35083
3.16953
1.50903
3.42618
1.42322
3.28833
3.17556
3.33202
1.63267
3.19387
2.33331
4.10476
1.36718
3.24952
3.67818
3.51151
3.63248
2.82657
3.52729
3.68444
0.34976
3.70588
2.44358
3.49676
2.96265
2.43105
1.84671
3.57061
3.71653
0.34536
2.97182
1.42529
1.65486
2.75022
1.47236
3.72142
0.75097
4.11650
3.54342
3.96939
3.50582
2.89148
3.50403
3.55507
3.67865
2.44776
2.36377
2.82304
3.29086
3.95268
2.21565
4.07650
3.94965
3.86759
2.72173
3.93935
3.43527
3.88791
3.74084
1.31934
3.35877
2.59255
3.70372
1.18083
2.70450
1.11339
4.08886
3.64458
1.72750
3.86789
3.81920
3.79638
2.98221
3.38866
3.05309
2.06948
3.89406
3.74113
3.77913
3.39882
1.76364
3.79672
2.65509
2.18246
3.59441
2.03667
1.59865
2.73596
3.57599
3.19854
2.53931
1.74449
0.97860
3.53065
2.42150
3.59852
1.68434
1.69434
0.83267
2.81441
1.03271
0.73259
3.08963
4.08347
3.30894
2.96268
3.44252
3.76407
3.54979
3.46289
0.33465
3.75069
3.43534
3.84559
3.89712
3.50646
3.30311
3.77025
1.77840
2.74954
1.23128
3.66270
3.35111
2.64814
3.76496
1.68325
3.31404
3.63542
2.64656
3.87987
4.11824
2.59829
3.00539
3.62821
2.13071
3.45892
1.87042
3.85827
3.49050
3.54659
2.46440
2.45877
1.39666
2.52966
3.48561
3.57524
2.27389
3.07369
3.18568
0.96509
2.65208
3.39954
2.31548
4.16944
3.45099
2.71595
4.02198
2.01300
3.44007
3.64585
2.49010
3.83928
0.09536
3.87585
3.73735
2.83870
2.92239
3.81482
3.75815
3.26744
2.54281
3.87123
3.85421
0.64745
3.63139
3.01818
3.43640
2.53984
2.61650
3.50821
1.10866
3.35346
3.35031
4.19592
2.69959
2.77587
3.69213
3.09958
1.01061
3.15300
3.30560
2.94471
2.60221
1.28507
3.84985
3.35548
3.27471
1.94856
3.35049
4.02171
3.58814
3.52146
3.16228
2.68964
3.86813
3.82226
3.79769
3.76761
3.97815
3.81621
1.26444
2.90222
0.81374
3.24555
0.56144
3.02531
3.75954
3.46175
3.74840
3.62736
3.77929
3.67303
3.33045
3.31721
2.24921
2.70618
3.94444
2.73423
3.59501
3.49054
3.09627
1.18028
3.51330
1.43989
2.40483
2.81467
3.36097
3.78912
1.63790
1.79333
0.91164
1.51444
1.27453
3.23833
3.37904
3.94991
3.48706
3.57505
2.56064
1.63630
3.79734
3.64381
3.58739
3.60423
3.71120
2.16211
1.61038
3.65793
3.79699
3.64980
4.07497
3.41076
3.16432
1.76860
3.64433
1.60578
3.43314
3.40879
3.47023
3.70076
1.57800
1.65864
3.98884
2.79349
3.31021
1.13040
3.50145
3.80007
1.82335
3.69332
3.63044
3.70842
3.16198
3.54226
1.68018
2.05031
2.80523
3.78695
1.94459
3.31934
2.00399
3.73755
3.71547
3.26237
3.60752
3.80285
3.68405
3.49493
3.29139
3.95435
1.89363
2.81884
3.76118
4.01769
3.34191
3.81959
2.02705
2.08099
2.28754
3.78507
1.97775
3.56257
1.90041
3.33327
2.04682
1.41481
3.28554
2.52548
1.03176
2.09062
3.56323
1.32689
0.75753
3.83617
4.05510
3.29522
4.03971
3.91344
1.84477
4.05106
1.08246
3.99952
1.84750
3.60581
3.65031
3.49859
1.29637
2.63322
0.83935
3.15329
3.99454
3.67710
3.76085
4.01287
1.90408
2.77717
3.64895
3.67070
3.69236
3.60101
3.01330
2.04394
3.59254
3.90615
1.14246
1.98699
3.74589
3.33291
3.35878
3.58424
3.69331
2.18172
0.63495
0.95606
3.76846
3.76615
1.99706
3.83074
3.28667
3.77852
3.80132
3.83169
3.56355
4.02499
2.03055
3.41117
3.44636
1.93228
2.99133
3.25666
2.19427
3.34189
3.55143
3.54534
1.84868
3.61405
3.79983
2.03729
3.95454
2.88935
1.41809
3.95663
3.80737
2.88271
3.36282
1.06355
2.74448
3.94271
3.61886
3.72002
3.81047
3.55317
3.48785
2.46670
0.06976
3.71330
3.50321
1.83037
3.58356
3.81574
3.86405
1.75817
2.37697
0.28977
2.96818
3.65705
3.43167
2.43771
3.57677
3.87151
3.92780
3.65917
1.33576
3.57272
2.83702
1.38726
3.39313
2.18190
3.38527
3.52253
3.94117
3.05364
1.51210
3.15858
2.08995
1.59448
3.42689
3.54135
2.72202
2.76277
3.70025
1.67451
2.91031
0.54558
3.24608
2.05950
3.62125
2.66468
2.03692
3.15402
1.63510
2.79787
3.43493
2.00170
3.62387
3.73736
3.50835
2.24425
3.53465
2.00468
3.74872
2.97055
3.28606
3.03588
1.07889
2.63850
3.97578
3.76708
3.80131
2.09661
3.18518
3.35406
2.24487
3.85705
3.88351
3.91151
3.59939
3.66178
3.80490
3.53448
1.89477
3.98514
3.46021
1.31422
3.96148
0.32596
2.41808
3.77896
3.20616
2.06717
3.45824
3.44406
3.39005
3.42552
3.60802
3.49120
3.48300
3.57891
2.84074
4.01082
4.07832
3.67383
3.97874
3.94461
3.49685
3.88120
3.59115
3.13489
2.75308
3.64424
2.65737
3.97983
3.14948
2.78481
2.65003
0.96767
3.43917
3.70637
2.45383
0.23417
2.01148
0.45609
2.73304
2.54622
1.69861
3.44926
3.60432
3.62907
3.33845
2.74455
2.55693
4.15743
3.90553
3.43752
2.87425
3.64613
3.20083
2.47442
2.70340
0.67552
3.67027
3.83364
2.24300
3.66747
2.02423
3.55975
1.74889
2.02143
2.94693
2.60674
0.58139
3.58670
2.99255
3.86240
3.32190
1.56566
3.14353
3.37871
3.79667
2.02214
3.69918
1.41852
3.39628
3.88309
3.93692
2.24807
2.53643
3.99255
1.83318
1.79113
3.80900
3.99528
3.52788
3.61841
3.89180
4.04588
2.22746
3.39546
3.33802
1.84113
3.84253
1.71450
2.54801
3.00886
3.28127
3.91416
3.13374
3.13480
3.23584
3.88931
2.59090
2.90352
2.20360
1.33597
3.57294
3.49341
2.32993
1.04676
3.97989
3.66723
2.83625
4.02767
3.92151
3.26234
1.09986
2.29159
3.34795
3.74073
1.78943
3.27912
1.83108
3.91390
3.29708
3.87546
2.80520
1.50969
3.50202
2.94323
3.91201
2.66925
3.44323
3.43459
0.15827
1.27497
4.11332
1.53591
3.70811
3.20970
3.39414
1.67321
3.03371
3.32837
3.77109
2.64324
3.29330
2.83241
3.05494
3.84175
3.74882
3.71695
3.75653
3.11796
3.03545
3.41949
3.73865
3.75272
3.02333
3.96722
3.64208
3.71129
3.95504
3.31443
3.61941
3.37311
1.86760
3.36744
3.72937
1.13280
3.95215
2.76730
0.05604
3.55885
3.25065
3.80999
1.25974
3.54120
2.24317
2.48067
0.56060
0.44422
2.05154
4.22340
3.42341
3.66383
1.69612
3.32080
3.49795
2.23658
3.64790
3.73318
2.79277
3.11132
3.54260
3.70967
2.14030
2.04896
3.62311
3.74141
2.52033
1.36630
0.50023
2.18417
3.72099
3.80847
3.92022
3.23673
2.77867
2.16343
1.28744
3.90185
3.55365
3.28557
2.83708
1.68601
3.89976
2.16337
2.97042
3.86865
2.81940
0.24743
3.51831
2.52328
1.88563
3.77877
1.63247
2.95277
3.45623
2.23724
4.04305
3.62816
3.96545
2.91117
3.12788
3.74641
3.93648
3.10153
3.56126
3.48116
1.25172
3.86667
3.20549
2.86081
4.07586
2.23703
2.46960
3.99670
3.62126
1.57559
4.17287
0.43609
4.00086
3.65297
2.80161
3.58844
1.99025
1.85709
3.60623
3.13861
3.59805
3.56103
2.15480
3.00910
3.88453
1.88109
3.46568
3.95721
3.58510
2.65270
3.01002
3.56676
1.71595
3.05180
3.03119
2.81852
2.77312
3.94721
3.05052
3.84571
3.22835
3.19343
4.14387
3.71665
2.24460
3.24990
2.53954
2.26380
4.08097
3.71180
2.23947
3.77404
1.87372
3.77426
1.80510
3.18193
3.10967
2.42208
2.59725
3.52126
3.63865
3.80794
3.46087
1.75284
3.78264
3.88648
1.27737
2.79389
0.81006
3.41339
3.81679
3.49899
2.29695
3.51868
1.80752
1.10802
3.91980
1.97823
2.91135
3.39751
1.20853
3.24024
3.57636
1.72839
3.69227
2.63438
3.46316
3.09809
3.31471
3.16989
3.12276
3.80614
3.77192
1.02311
3.51440
2.87529
3.40440
3.73209
1.22563
3.76603
1.37008
3.17419
2.27917
2.50208
3.68122
3.50986
2.16522
1.97086
3.41421
3.09411
2.92017
3.60547
2.37092
3.05804
2.43147
4.01842
0.91504
3.85363
3.82689
2.70948
3.02036
3.58266
2.35589
3.24082
2.96255
3.51780
3.20494
1.68655
3.16722
3.41762
3.79127
2.39063
3.75386
2.23340
2.23623
2.02249
2.99533
1.29179
3.08723
0.59394
3.11723
2.83296
3.76184
3.36015
0.55444
3.51357
2.45658
3.75159
3.17542
2.99629
3.33853
3.90604
3.54356
3.68404
2.44241
3.23636
3.72241
2.73865
2.08282
3.47779
3.75774
3.44279
3.69449
3.36174
1.67405
1.12368
2.22104
3.74772
1.67369
3.77015
3.16763
3.42306
2.55654
3.79053
3.31194
3.69879
2.43121
2.39482
3.32348
2.77817
1.68103
0.07938
0.93513
1.26922
2.96556
2.79448
3.52294
2.44577
3.38761
2.05189
3.87770
3.53820
3.68639
1.36716
1.92786
3.77386
2.75973
2.95805
3.21656
1.61247
1.56296
2.12726
2.94193
2.06003
3.45469
3.19757
1.89660
3.83724
3.93229
2.56552
2.81313
3.86747
1.67398
2.94649
3.81799
3.52095
1.88003
3.10003
2.60144
0.00527
2.66210
3.62249
3.27663
3.42234
3.56973
1.19807
3.53518
3.50248
3.75246
3.88002
3.93829
3.56992
1.38287
3.86238
3.87462
3.91161
1.12246
3.90884
1.48488
3.20044
3.25525
3.29309
2.49043
2.50509
2.64058
2.60003
2.24356
3.04191
2.79744
1.12020
1.87636
3.41002
1.45100
2.43775
3.38669
3.25652
0.56610
3.04216
2.04638
2.75323
1.44697
1.28352
3.19099
3.96575
3.55866
4.06252
3.61523
3.07751
1.65240
2.35520
3.68915
3.99541
3.62427
4.09845
1.56650
2.92701
2.21703
3.28982
3.16577
3.40712
2.98701
3.43468
2.62685
2.41309
2.84185
3.11364
1.62909
2.60075
0.65009
2.25868
3.28157
3.59197
3.90404
1.22852
3.68871
3.89116
2.95422
0.53706
3.77435
0.33519
3.05779
3.21139
3.64632
1.46095
3.89207
3.32491
3.58264
2.99002
3.30823
2.04091
3.60050
2.00010
3.96227
2.85013
2.15305
3.70800
3.23199
3.43550
0.11936
3.42385
3.07165
2.06207
1.39557
3.02507
3.45724
3.06039
1.63110
1.40188
2.89112
3.55996
1.30389
1.20501
3.26200
2.46376
3.23860
3.51226
3.00751
2.43587
0.71418
1.87184
4.06227
3.05522
0.95763
3.67541
0.87703
1.22798
3.00262
1.97768
2.34017
2.09582
2.86300
3.87440
3.64114
2.78184
3.95334
3.40226
3.80204
3.57287
0.53417
3.74268
3.73583
2.40830
1.92615
2.31444
2.96257
3.59852
0.50258
3.01974
4.05998
3.82199
3.65280
1.57330
1.28198
3.55576
2.23505
2.80833
3.35726
2.70780
1.53389
0.50268
1.46901
2.57936
2.41616
2.62217
3.46977
2.92167
4.08073
2.31014
3.82113
3.17942
3.65681
3.67839
2.65777
4.07399
2.73117
3.56994
2.68894
2.58681
3.59255
1.68176
3.73032
3.85518
1.56071
3.38588
2.02853
2.67847
3.53593
3.19619
3.92403
3.25954
3.46964
3.44182
3.55626
3.43575
3.39285
1.32776
3.73775
3.64190
3.36502
4.12574
3.90923
2.84524
1.20782
0.92347
3.74962
2.07098
0.61566
0.65383
3.79931
3.83846
3.22974
3.78385
3.93049
3.89797
3.03790
3.66226
3.52848
1.26204
3.36836
2.71187
2.25081
3.57488
3.95551
2.97789
3.22212
3.90873
3.51238
4.00955
0.96754
2.12730
2.62191
1.60525
3.67214
3.78377
2.42341
3.33707
3.79745
3.85466
3.66735
1.98494
3.09833
3.19176
1.19778
3.80459
2.84714
1.49180
3.70850
3.17665
3.38873
0.49531
3.68985
1.14987
3.15822
3.70789
2.07244
2.68248
3.12042
2.95689
3.72109
2.48898
1.61655
3.19387
3.58537
3.09434
3.75697
3.75386
0.94129
2.17634
2.93326
1.93348
1.39701
0.92235
2.53940
1.98611
2.67192
3.27465
0.10327
3.66889
3.62428
2.54115
0.91125
3.70397
2.02411
3.63744
2.13320
1.51837
3.99052
2.52700
1.33922
2.89384
2.87415
2.05582
1.10419
3.95775
3.47302
3.74907
3.35297
3.24993
2.73851
0.76991
1.73891
3.57603
2.83633
2.59055
3.28456
3.61585
1.98521
2.31735
3.91032
0.85048
0.70080
0.80509
2.75293
1.01532
2.66185
3.92453
2.44450
2.86044
3.67284
3.60930
3.36971
2.21096
3.15800
3.29415
3.74031
2.87528
3.87896
2.77241
3.64962
3.65748
3.50979
0.67622
3.27166
3.51903
4.12987
2.41024
1.79552
1.20725
3.45330
3.93584
2.94293
2.01299
3.30339
2.45765
0.62049
3.44351
3.88120
1.87535
3.70869
3.39292
2.21153
3.83130
3.69062
1.94896
1.65986
3.79495
2.09292
1.45951
1.62868
3.08810
1.64533
3.61274
3.88886
3.26071
3.76333
3.54525
3.94315
3.82954
3.55334
2.03697
4.05081
3.30704
3.55922
2.03914
3.15265
3.67902
3.53045
4.09243
0.69021
2.12133
3.60701
3.28246
3.72690
2.66621
3.75258
3.85401
2.24462
1.26390
3.34098
2.59219
3.51847
3.49298
1.85088
3.68048
3.56431
1.36614
3.70928
2.03984
3.89044
3.44473
3.74383
2.31530
3.27894
1.65855
3.82983
3.88735
3.90468
2.18789
1.41467
3.64849
3.80009
3.88832
0.73309
3.16826
2.00373
1.97240
3.66385
2.78109
3.66178
3.64668
2.81807
3.27410
2.70860
3.58595
3.69333
3.46189
1.01685
1.37070
3.70379
3.10163
3.21260
1.98560
3.57595
4.07014
3.50350
0.03867
3.37844
3.89419
3.67426
3.59874
3.77127
3.40587
2.43692
3.93254
3.80568
3.90712
1.24197
4.12647
2.34896
2.07931
3.64151
3.67019
3.23030
0.57189
3.12462
2.94785
3.68579
0.70975
3.79539
3.03311
2.56022
4.07899
2.50636
1.25070
3.59413
2.51331
3.19503
3.46147
3.96066
3.97541
1.52982
0.24399
3.72226
3.67358
3.12814
1.15552
0.77555
2.17870
3.55738
2.54368
3.98440
4.14304
2.30414
1.70476
2.85576
3.12150
3.83720
3.59063
3.36018
1.40152
3.37554
3.34582
3.53746
3.17073
3.31357
3.80599
3.29635
1.16966
3.70126
1.21753
3.27594
1.74796
3.04688
3.69296
3.49947
3.30660
3.74165
3.37957
3.79781
3.80351
3.60820
4.04429
2.90075
3.73170
3.95458
3.35705
1.72756
0.26857
2.05156
3.55675
1.68637
3.70387
3.81875
3.18524
2.17287
1.26478
3.44005
1.07610
2.94880
3.58466
3.65120
0.31512
3.64981
2.39175
2.43521
2.51870
3.47669
0.53845
3.16158
3.50979
0.10294
3.90701
3.35663
3.91681
2.64536
2.73665
2.57282
3.58497
2.38554
1.24307
4.01702
3.08631
1.60581
2.80613
2.53641
3.51868
3.88809
2.17380
3.69733
4.16594
3.30229
2.13413
3.81565
1.10932
3.22908
2.85601
1.63787
3.94246
3.78031
3.48926
3.88835
2.77345
3.31996
2.41606
2.68391
1.46361
3.28486
2.16544
3.17637
3.34388
2.76735
3.54224
4.02295
3.78595
3.01441
3.43193
3.68429
2.67927
3.83418
2.60258
2.99715
3.57585
2.12621
3.27583
2.84001
0.59318
3.33344
3.60939
1.23796
0.21696
3.73468
0.27528
2.62774
1.99427
3.28747
1.39525
3.47773
3.56152
2.86291
2.43685
2.46937
2.93993
3.85635
4.11376
3.90482
1.65164
2.98252
1.64135
3.89635
3.49819
3.58879
3.03804
3.69373
1.77534
2.56854
3.59123
3.95289
3.63274
3.87121
3.44421
0.75539
3.09858
3.23022
0.87037
2.83145
0.68819
2.08644
2.82224
3.35138
3.29916
3.38187
3.75204
2.14461
1.23186
0.20352
2.42378
3.30375
2.24917
3.86659
3.78672
4.15756
3.83058
3.35266
1.40547
3.51491
3.44917
3.68465
4.09442
3.25366
2.90112
2.89429
3.50980
2.52912
3.56850
3.95170
1.85728
3.35888
2.87192
0.36352
3.71264
3.99089
3.62779
2.63841
1.97134
2.66666
3.90198
3.94758
3.39774
3.29347
3.98958
3.24965
1.26479
2.53490
4.05223
3.83349
3.52014
3.68677
3.95599
3.10218
2.08172
2.60787
4.01175
1.74681
1.23970
3.27774
2.10056
2.60829
3.16927
3.64697
3.21662
1.91513
3.38680
1.80645
3.55168
3.86495
2.10674
0.55945
3.77543
3.12292
2.91541
1.54240
1.72320
3.26541
2.95744
2.90641
3.78185
3.82527
1.25297
1.38232
2.42219
0.31187
3.51958
3.40990
3.93464
2.97248
3.88139
2.84212
1.80501
3.71908
0.81200
3.47776
2.55543
0.16023
4.04985
3.16481
3.91901
3.18113
2.13708
3.06805
4.01631
3.50077
3.88836
3.09631
3.70803
3.80975
1.76470
0.86398
3.77591
3.97590
3.55217
3.86332
3.47714
2.84382
0.69450
2.03826
3.58578
2.94752
2.39092
3.61399
3.80319
3.60268
1.99568
2.53386
2.75639
3.72745
0.68580
3.40566
0.69803
4.11660
3.75771
3.13055
4.16571
2.63260
3.40428
2.32347
3.86074
2.83596
3.83639
2.62338
3.19652
3.28711
3.92065
3.44544
3.20757
2.61173
2.55330
4.04302
4.19069
1.28500
3.76786
2.71396
3.26806
2.39008
3.83361
3.27314
3.29961
3.59508
0.10052
3.19485
0.95158
3.24785
3.66475
1.31100
3.55696
3.90389
3.09194
3.43218
1.96084
0.00721
3.64339
3.96353
3.74388
3.53306
3.31080
3.51969
3.76072
1.36408
2.65336
3.86215
3.21295
1.39159
2.95098
2.15012
3.49297
3.41291
3.59720
3.54906
3.68895
3.78878
3.61332
3.65821
3.70648
3.77461
3.11532
2.65344
3.03438
3.04629
3.85672
3.67574
2.84335
1.56489
3.35965
3.40364
3.17711
2.08573
3.22951
2.61525
3.39125
3.08731
1.25233
3.79210
2.57806
1.22957
0.27613
3.43918
3.91078
1.56691
2.45772
4.01400
3.19818
2.12656
1.37230
3.39817
3.42435
3.43529
3.02496
1.57150
2.87293
2.60770
3.74090
1.48003
3.63092
3.42842
2.45658
3.16232
3.62199
3.62782
3.34948
2.89680
3.76420
2.33498
3.50233
2.84545
2.21912
2.76830
4.00329
0.58379
3.72513
1.59635
0.20571
3.43140
2.44140
3.77786
1.32229
3.78790
3.25353
2.80117
3.69710
3.31005
3.24037
3.05758
3.15049
1.76602
2.78970
3.36331
3.29819
2.80692
3.12148
1.77753
2.27540
3.44642
2.42600
1.34612
3.73959
3.44552
3.55946
3.80119
1.76157
3.88833
3.22742
3.65479
3.71943
3.56100
1.99570
3.22404
3.32780
3.29479
3.54683
3.66724
3.40482
4.01819
2.16329
3.45780
3.91225
2.68213
3.63169
3.24565
2.50103
2.26710
3.05599
0.52919
3.89595
0.04564
2.44633
3.64367
1.53892
3.84441
3.63017
3.45731
2.49621
0.78590
3.93347
1.23107
3.91793
3.38588
2.49707
3.17729
2.28353
3.63647
2.79613
4.20022
2.65702
3.04298
3.47959
3.13986
3.64907
3.55041
0.21690
2.49361
2.76065
4.01889
3.87319
3.45980
2.25272
2.37465
1.17185
2.68912
0.28946
3.63710
3.15929
2.84327
3.03431
2.35614
3.16497
3.64647
3.68289
3.18450
3.81053
3.84255
1.92652
1.50024
3.92915
2.89958
2.63454
1.72316
1.17155
3.23057
2.52916
1.66757
3.75782
3.37875
3.86723
3.19635
2.89770
3.74480
3.16107
3.89994
2.77930
3.68198
3.51837
3.86250
1.87257
3.66126
1.19544
3.76029
0.69706
2.62103
3.98297
3.81016
3.69629
2.64071
3.64253
3.16968
3.65941
3.81944
3.61348
4.07951
2.12474
3.31196
3.56632
3.55033
3.39735
1.30200
3.78635
4.02098
1.46667
3.13830
4.00590
1.01524
2.74752
4.09021
2.80064
3.95134
3.59294
3.63399
2.77784
3.08990
1.29124
3.84809
2.97927
3.65796
3.69734
1.47222
3.73610
3.06853
4.14001
1.74663
3.01141
3.82221
2.32986
3.26066
1.41899
3.70729
1.91990
2.42186
3.51097
0.47500
2.15857
3.83206
2.74998
2.92974
3.89644
3.86810
3.69441
3.36817
3.94571
3.00603
3.82318
0.82914
3.73120
1.22315
3.25496
3.67078
3.35738
3.69029
3.99042
2.11983
2.87026
3.61169
3.54800
0.15149
0.91422
1.79086
0.92305
2.35447
1.11002
3.01228
3.74380
3.30644
3.29724
3.84790
1.27870
0.35481
3.02976
0.90438
3.35475
2.74693
3.62466
3.28952
0.60688
1.71153
2.49011
1.20930
3.04674
3.67755
3.00043
3.54419
0.46533
2.40598
3.95103
3.04312
2.16865
3.70116
1.57072
3.96089
3.51553
3.47860
3.35217
3.49070
3.64130
3.24873
3.18728
1.66114
3.76949
0.57411
3.93308
3.42830
3.73391
1.27975
0.34286
3.91874
3.19700
2.82984
1.75938
3.82454
1.65255
2.70709
2.77439
2.72081
2.38422
2.67774
3.06658
4.01736
3.90069
3.63767
3.61574
3.84085
3.74938
3.40087
2.27079
3.20160
2.59934
3.92319
2.48233
3.63870
4.09028
3.29307
1.03035
2.87581
2.47448
3.23620
3.10621
2.97181
3.57126
1.10946
0.30088
3.79650
4.10667
3.57631
1.61322
1.72159
3.96855
3.24057
2.74226
3.28269
1.56617
3.57391
0.09348
2.40597
3.83506
2.40209
3.71733
0.88766
2.41578
3.96677
3.40847
3.48471
1.19037
2.70543
3.10556
1.70220
1.58938
1.47763
0.37147
3.48226
3.17236
2.82757
3.15408
3.31034
3.89938
0.22827
3.68516
3.04144
3.02162
1.08312
3.45008
2.38847
0.71357
0.61989
3.59599
3.52720
3.34464
2.36284
3.75226
2.86535
3.74542
3.43881
0.59109
3.53434
4.05476
3.92434
3.47760
3.84260
1.98225
1.99051
3.63109
0.15927
3.76220
3.63579
1.62936
3.43373
3.20872
3.02458
3.41904
1.15546
3.35953
3.13876
3.76991
2.69845
3.27403
1.83264
3.75720
2.24957
3.11641
3.34343
3.24389
1.78537
0.25845
3.89013
2.40067
3.72366
2.80028
1.03238
1.78407
0.53551
2.25384
3.77445
4.14189
3.45483
2.43114
1.38072
1.95417
3.26087
3.42086
3.61878
3.17626
4.00558
1.41238
4.10627
3.62786
0.13287
1.42279
3.29819
2.74130
0.88878
3.13989
3.86504
3.64363
3.02013
3.74688
3.58172
3.49907
3.45210
3.02932
3.49343
2.47208
3.46587
3.69584
3.21204
2.28144
3.78649
0.72798
3.89576
1.36594
3.47838
3.71234
3.10141
3.35578
3.63559
3.04288
3.90897
1.45916
0.01598
3.35347
3.95819
4.19069
3.32302
2.49035
3.86668
2.05223
3.44172
0.30538
3.85526
3.60766
3.84859
4.01064
3.97283
2.52432
1.65716
3.55126
3.62624
1.59197
1.49026
3.84005
2.89375
4.00374
3.23275
1.16547
3.76222
2.14264
1.13698
2.85303
3.39714
3.54910
3.69505
2.85701
3.21117
1.89633
1.39383
3.58221
3.86835
3.65831
2.15383
3.70592
3.76429
3.17068
3.27111
3.86024
3.47972
3.43747
3.65351
2.70415
3.93949
3.14606
3.74922
0.05990
4.01644
1.63437
2.50609
3.78558
2.45485
3.43175
3.88050
3.63536
2.03410
3.55021
4.12270
0.12040
3.78258
2.58322
3.19685
3.30883
2.59086
3.74212
3.32774
2.86441
3.54558
3.17011
3.50525
3.44983
3.01100
3.34151
3.17121
3.58751
2.43814
1.92944
3.57260
3.85539
3.17884
3.51406
0.22518
3.75355
2.54497
2.97527
3.79772
3.86602
1.44942
3.63255
2.19312
1.94107
3.04310
3.62917
3.02840
1.61759
3.77901
3.70337
3.87033
2.39706
2.43093
3.77438
2.21999
4.06694
0.20086
3.72906
3.17314
2.63696
2.63959
3.80113
3.28410
3.51174
2.79561
3.57783
3.59583
2.45166
3.12289
3.93893
2.23251
1.81837
3.90693
3.71447
2.66715
3.23929
1.32436
3.34632
2.64529
3.63028
2.19332
2.73793
3.45576
3.41517
0.80349
1.08138
3.96699
3.60978
1.98927
3.26642
0.41777
3.77394
3.74362
3.04087
3.15443
3.78777
2.91360
3.93237
3.39161
1.64586
2.19808
2.74494
4.07047
1.19460
1.36854
0.50227
3.21096
2.27493
1.55344
3.54534
3.48111
2.05281
1.12176
2.79044
3.15457
3.13400
3.89336
2.41597
3.48405
3.74245
0.06832
3.39089
3.99577
2.74066
3.66060
3.34069
2.82124
3.72203
3.43020
3.84003
2.52555
3.59966
3.11502
3.66107
1.58820
3.71223
2.57104
3.16814
3.60556
1.48964
3.67946
2.81322
3.54860
1.69602
1.96997
3.18139
3.46039
3.74547
3.47589
3.02687
2.64545
2.79729
3.48507
1.52508
3.52839
3.32494
3.61774
3.17296
3.74814
2.99496
1.00262
1.47757
3.52989
3.38872
3.20662
2.44131
3.29566
3.50441
3.86225
3.57717
3.70590
3.34399
3.09812
1.20749
3.80924
1.34635
3.50361
3.69056
2.79699
2.76076
