2.75382
3.10697
3.66763
3.79199
0.53710
3.67365
3.70289
3.69094
1.50637
2.84943
4.03705
3.82287
2.35082
1.45917
3.36561
3.49295
2.48204
3.80661
0.80856
2.11538
3.45312
3.18579
3.37499
3.78895
3.46012
2.57760
2.11550
1.58125
3.61048
3.72910
1.42146
2.99417
3.54771
3.66760
3.34270
3.54186
3.45751
3.89814
3.95407
2.53197
3.45360
2.51064
2.27747
1.84321
1.84576
2.37977
3.67009
2.84043
3.86932
4.01157
4.08658
3.67861
0.33842
3.87441
2.50901
3.96459
2.38674
1.36360
3.58945
2.68217
3.66733
3.35110
3.44749
3.04648
3.33028
3.10093
3.52670
3.35421
3.49991
2.37025
3.86116
4.08582
3.81423
3.47574
3.22157
3.41019
0.72147
3.88952
3.40953
3.00764
1.60241
3.66676
1.69146
3.28354
3.69901
2.99015
3.26370
3.06134
3.65840
2.67765
3.35572
2.58258
3.92358
3.51172
2.87229
3.72537
3.81848
3.87713
3.55900
3.84700
3.68156
2.16861
3.74058
3.15144
3.71268
0.39077
0.46123
1.20081
3.89659
3.64789
2.42177
3.47307
3.92432
2.15736
2.97967
1.63584
2.76969
3.39188
3.21762
0.75767
3.31412
3.87131
3.36589
3.33506
1.66995
2.60030
3.82852
3.58938
2.93832
3.77055
2.95732
2.22159
2.76497
3.37420
3.71887
2.97191
2.49888
3.80619
1.86039
0.90018
3.33528
3.27855
2.43236
3.68579
3.67673
1.72851
3.56665
0.67302
3.49823
3.57208
3.32997
3.82648
3.23985
3.09338
3.74380
3.87981
2.67300
0.33418
3.58030
2.62438
3.89400
2.48947
3.33580
3.29247
3.96288
2.74613
2.90616
3.93940
3.57125
2.98732
3.36214
3.86526
3.83417
4.11635
2.30714
3.04551
3.66260
2.09209
3.16968
3.40889
2.56810
3.64744
3.18811
3.45280
3.94433
3.92302
4.02505
2.62427
3.55229
1.94502
2.84114
3.21883
3.67947
2.14720
0.82981
1.95625
3.07065
3.24569
3.08792
2.51492
2.46299
3.51161
1.70168
0.73888
3.79844
3.24550
3.60602
2.49262
3.72337
4.15834
2.49198
3.76822
3.70747
3.47230
3.61724
3.37136
3.19885
2.18117
3.58577
3.16757
1.11216
3.48899
3.42393
3.94825
3.98336
3.46249
1.02090
1.01972
3.85711
2.41845
3.87006
2.23468
3.10904
2.00366
4.02931
3.30763
4.10744
3.58742
0.42558
3.07489
0.67435
1.22385
3.80597
4.03919
3.64626
2.65818
3.38480
4.17937
3.75588
3.04040
3.52171
3.19817
3.77883
3.61923
3.28068
3.74801
3.37305
3.90347
3.50425
2.63579
2.97994
2.05901
3.40811
3.63140
3.78715
4.12019
2.99890
3.65865
3.32187
2.99289
3.51534
3.87797
2.90471
3.35735
3.50216
3.58480
2.31674
3.64506
2.04579
1.86586
3.04141
1.87639
3.90447
3.52005
2.21235
3.72328
3.08519
3.88696
3.19842
3.66702
3.31187
3.54932
2.54428
3.31027
3.11470
3.17679
3.52853
3.65966
3.03558
3.98554
3.52181
3.55653
2.88286
3.71646
2.55076
3.62733
0.71974
3.73217
3.90712
2.99276
3.70844
2.92463
1.92951
3.15451
3.24158
3.98729
4.00234
3.76192
2.53333
2.37336
2.17117
3.82118
3.96941
1.63381
3.34824
3.65877
3.70749
3.16315
2.52158
4.01242
1.79533
3.71516
2.35667
3.24034
4.06212
0.84753
2.17631
3.77157
2.66750
3.18843
3.44349
3.51327
3.02346
2.13213
2.79208
3.45390
3.36623
3.56949
3.66243
3.71908
3.52764
3.89271
3.73437
3.15924
3.01100
3.85634
3.24173
3.68441
3.82063
3.62986
3.45310
2.03337
2.97463
1.02052
3.17315
2.96714
3.57495
3.66938
3.86930
3.74346
3.32471
0.59323
3.96761
3.42778
2.54357
3.80843
2.40800
0.92150
0.44562
3.63105
3.81980
3.14090
1.97907
3.67456
1.81344
3.63558
3.54131
2.40425
3.03208
3.19188
3.58007
3.57859
3.88374
2.06081
3.90034
3.51583
3.92821
3.45468
2.33077
2.71399
3.97055
3.85255
3.83543
3.93320
3.85603
3.63855
1.31843
2.47313
4.05409
3.38887
3.82339
3.90177
2.04179
4.17497
4.09546
3.79958
3.88862
3.15607
2.83467
3.15666
3.91091
3.81177
3.68215
3.14803
2.24134
1.58045
3.72275
3.46021
3.31058
3.77685
3.21628
3.03045
1.83342
3.48281
3.95170
3.60128
3.38431
2.66783
3.50528
3.99718
3.20285
3.63988
3.82902
3.22247
3.62743
2.19099
3.46397
3.67389
3.16542
2.95170
3.17649
3.42590
3.12005
2.92065
3.93537
3.20909
3.57011
3.68494
3.17290
3.60128
3.01422
0.95150
2.45430
3.72324
2.16141
3.49862
2.80238
2.14544
2.23631
3.33968
3.36480
3.65926
3.38869
3.46374
3.48270
2.96063
3.47260
3.10644
3.84069
2.89889
2.62795
3.59913
3.69483
3.70581
3.02636
2.92020
3.57639
2.77170
3.67305
3.46623
3.44973
1.34529
3.43798
3.81498
3.48617
3.43357
3.77884
3.64088
3.58818
1.80531
3.56218
3.21470
3.98985
3.47001
3.68566
2.22819
3.23740
3.88362
1.24968
2.61850
3.51426
3.87516
3.40753
3.37827
1.48604
1.22820
2.03093
3.49465
1.98374
2.33274
3.39291
4.15886
4.06513
3.79180
1.13023
3.63242
1.40685
3.15504
3.22071
3.15810
4.23007
2.98043
0.69368
1.01613
3.64815
3.18319
3.45391
3.68442
3.40225
3.82351
3.78470
3.55394
2.94165
3.15080
3.57729
2.98664
2.47869
3.74400
2.19022
1.70722
2.23448
3.89411
1.29027
3.88765
2.69175
3.03002
2.05013
2.91144
3.42173
0.64403
3.87136
3.77340
3.25283
3.13782
3.77704
3.31827
2.92228
2.65596
3.35193
3.85761
3.64034
3.59117
3.93549
3.23475
3.39248
3.19300
3.74031
3.13163
4.02479
2.48634
3.65650
3.27533
1.97457
3.11780
2.76699
3.02726
3.14072
3.39481
3.69294
3.91680
3.64777
2.40217
3.32542
1.28930
3.34388
2.87535
3.90270
2.16168
3.22993
3.69945
4.00454
1.28047
2.53693
3.83344
3.71134
2.86755
3.64541
3.61862
3.51744
2.11432
2.88629
2.91272
2.65362
3.52477
2.91456
3.16371
3.82713
3.52985
1.23981
3.18718
3.34633
2.60925
2.25560
3.70119
3.54714
3.78753
2.89549
4.09621
3.03755
0.64274
3.95004
3.50901
3.39594
3.79224
1.75503
2.69974
2.90613
3.70806
3.46612
3.40338
3.97067
3.56060
3.70483
3.17645
2.78948
2.75041
4.14589
0.20622
2.94852
2.61233
3.59855
3.99085
2.73023
3.47077
3.88836
2.06308
3.52215
3.91408
3.84447
3.95573
3.46413
3.81520
2.48909
3.95253
2.03069
0.00963
3.09982
3.62337
3.54767
3.63529
3.34447
2.24272
2.13910
3.56570
4.11831
3.24621
3.70829
3.29152
4.03771
3.25214
3.77327
3.59684
3.53651
1.80512
3.00529
3.77885
3.21301
3.67987
3.52823
3.61576
3.37027
3.67495
2.85125
1.90871
3.72225
3.81819
3.64131
2.68337
2.36711
3.54526
2.83375
3.44564
3.64454
3.76920
3.00343
3.06268
3.04286
3.38704
3.75456
3.02461
3.73014
2.60592
3.71068
3.51933
1.19992
2.73544
3.52228
3.83521
3.04351
2.78413
3.96693
2.17728
1.06275
3.76082
3.89950
2.41345
2.87294
3.81652
1.44558
3.52006
3.12373
3.60356
3.88037
3.29006
0.28747
3.16697
2.87679
3.60093
2.64475
3.68165
3.09472
3.60727
3.57973
3.81297
3.38232
2.99060
3.99730
2.86426
3.63004
0.70569
3.45702
3.59051
3.19610
3.20203
3.64130
1.71717
3.69859
3.92029
3.68810
3.53369
3.74944
2.79804
3.10332
1.44243
3.76283
3.26988
2.55497
4.10174
1.23897
3.69287
2.35137
2.51927
1.82320
3.67028
3.25615
3.87719
1.77045
3.01407
3.73413
3.47235
1.85202
3.84200
4.00807
3.55705
2.11992
1.36639
2.09171
3.62601
1.56381
3.90461
2.29559
3.78349
3.39417
3.17352
3.84356
3.65325
3.22101
3.45749
2.53417
3.86118
3.04494
0.83356
3.25190
3.97667
3.18074
1.93982
3.46000
1.70293
4.04894
3.21964
3.02741
3.99942
3.78306
1.97346
3.24406
2.68634
2.68354
2.45573
3.96731
1.82564
1.20314
3.60219
3.33567
3.68677
3.33081
3.53867
1.55961
4.01750
3.65123
3.91465
3.35808
1.60293
3.73259
3.28493
3.74235
1.73275
2.55574
0.73570
3.85503
1.84697
3.70651
1.29567
3.51761
3.82697
3.70283
3.53457
3.92071
3.91075
2.39034
3.95536
3.51036
2.69205
3.82266
1.91759
3.68865
3.55565
3.64061
3.82208
3.93342
3.70074
3.83078
2.16135
2.01379
3.57877
2.71240
2.86719
3.76182
3.56897
1.41648
2.82429
3.88852
3.14444
3.50939
0.55768
2.86236
3.10875
3.82878
3.90315
2.60743
3.85093
4.14354
3.44099
1.82442
3.32145
2.96988
3.17109
3.65181
3.02894
3.53073
1.89227
2.54625
2.88691
3.58499
3.74492
1.56216
2.86978
1.69382
3.96890
3.18186
3.03777
3.13695
3.88769
3.92500
3.02608
3.08447
2.25268
3.40886
3.82131
2.05802
3.34957
3.39295
2.96784
2.80524
1.49125
2.08173
3.89935
4.02881
3.99781
3.71681
3.51066
4.03372
3.66553
3.62975
3.29628
2.59383
3.58035
3.50684
3.48764
3.76938
3.61042
3.18018
1.04086
3.92008
2.64673
3.66589
0.15607
3.92108
3.56514
2.44917
3.29149
1.57455
0.79027
1.94929
2.11401
2.34087
0.63457
3.20790
3.77213
3.52917
3.32629
2.70207
3.64244
1.79104
3.65454
3.46336
3.34352
2.25040
3.06191
1.40510
3.31413
3.67867
2.29596
3.08479
3.48016
3.05259
3.32966
2.14039
2.99582
3.01961
3.63371
0.56734
3.37975
3.86889
2.84367
3.20386
2.62123
4.02907
3.42735
2.01980
4.11555
3.59008
2.66241
3.48616
3.27062
3.46123
3.37210
3.15606
3.96400
4.12436
3.79437
2.46731
2.98106
3.58054
3.22441
3.58983
3.96857
3.72039
3.34748
2.01364
3.91366
3.86078
1.33050
3.30973
2.67337
3.70347
4.08966
3.14491
3.74206
1.06980
3.68607
3.68319
4.12083
3.85723
3.83629
3.44630
2.59592
3.51491
4.01197
3.20329
3.70537
3.74483
2.06980
3.80654
3.44162
1.73213
3.01343
2.84684
0.70152
4.00388
2.71666
3.49495
3.79789
2.57015
3.46836
3.62703
3.32116
2.59643
2.76125
3.21539
2.02762
3.78054
3.86394
1.94419
3.40386
3.03438
3.07927
3.63357
3.60765
3.56095
2.17514
3.82553
3.55537
2.96127
2.37874
3.20809
3.69505
1.98307
3.45779
3.65444
3.74444
3.90906
3.66558
3.37166
3.08870
2.32374
3.61627
1.98594
3.63507
3.22881
3.17249
2.84880
3.55416
3.67165
3.10029
3.77174
1.77514
2.25764
3.32865
2.05946
3.92298
3.00328
3.79907
3.34228
3.49646
3.52636
3.59996
0.71993
3.25931
3.35366
2.73719
3.65392
3.79363
3.92443
2.36625
3.73354
2.30822
3.31987
1.46399
3.85835
3.48746
3.04371
3.63825
4.12212
3.43510
0.10328
3.70310
2.74759
1.19016
3.47719
2.24909
3.36107
3.14183
3.73145
2.26270
3.60569
1.88912
3.05747
2.83003
3.99408
3.93568
3.51526
3.31607
3.24577
3.86806
3.37604
3.81037
3.72819
3.65043
2.97400
3.36187
2.72771
3.38105
3.57172
3.64429
3.26196
3.30970
1.78317
2.50375
3.84752
3.57835
3.59234
2.79866
2.41760
3.84413
1.81886
3.28787
3.10405
3.31802
3.53358
3.38575
3.79153
3.55349
3.53428
2.51824
3.63563
2.00834
3.95652
1.48020
2.10217
3.07326
4.00422
2.65304
3.76288
2.68593
3.32075
3.57213
3.43117
3.08838
3.94450
3.31544
3.88527
3.25289
3.71354
2.81013
3.34410
3.98282
3.75302
3.34218
0.40173
3.54436
2.67758
2.57890
3.65609
3.54876
3.89132
3.04011
3.43179
4.01763
3.07599
3.20311
3.74102
3.20531
3.49802
1.71614
3.15450
3.15300
3.10286
3.47078
1.94898
3.08594
3.50125
3.86683
3.82808
3.45803
2.88050
2.18407
2.75978
3.79233
3.95512
3.07628
3.44019
3.67888
3.55846
1.71170
2.93569
3.55386
4.06494
3.53746
3.63307
3.60852
3.83038
2.05492
2.58715
1.05118
2.60800
1.27663
3.54842
3.29348
1.97167
2.02747
3.62183
3.75885
2.43308
3.16983
3.01770
2.36806
1.90052
2.28311
3.35599
3.80210
3.44444
3.89729
3.31771
3.82185
2.45723
2.79745
2.78234
3.64340
2.95025
3.11197
3.71888
3.08360
3.64112
3.88537
3.25262
2.51807
3.45077
3.39726
2.42563
3.99569
3.52083
3.08451
3.40347
3.97931
1.33792
1.82792
3.55023
3.96970
2.77676
1.91553
3.28215
2.83058
3.17011
3.93121
3.52401
3.66316
3.77683
3.60198
3.69308
2.20083
3.79540
3.98728
3.65538
3.88030
3.29498
1.98036
2.53903
3.96507
2.99552
3.25846
3.56078
3.04244
3.75145
2.62030
3.58115
3.20535
3.19247
3.89231
3.25715
3.44308
3.97249
3.61792
3.72323
3.12176
3.77260
3.92384
2.69596
3.19115
2.79972
2.41029
3.28911
2.98107
3.50817
3.40103
3.15442
3.75329
3.69577
1.23225
1.70101
3.80919
3.30756
2.37038
2.79394
2.24070
1.08671
2.98525
2.80981
2.86262
3.95785
3.41559
3.13308
3.13003
3.56834
2.74565
4.05610
2.05045
3.96592
2.68505
3.26264
4.06282
3.91043
1.13810
2.41755
3.75006
1.32516
3.47547
3.85078
3.06193
3.37977
3.23943
2.74364
3.73282
3.84591
3.94274
1.14175
2.10851
3.34979
2.55902
3.67007
3.63076
1.70828
2.46564
0.21162
2.35417
1.24240
3.19374
4.02116
3.79296
2.59388
2.15599
3.51555
3.87932
3.36446
0.93812
3.29940
3.98373
3.47450
3.84261
3.70491
3.71651
2.34374
3.32708
3.53011
3.80621
3.33061
3.36989
3.82376
3.07309
3.67818
2.44490
3.65301
3.88381
2.80875
1.04768
3.90550
3.16449
3.14904
2.98572
2.99626
3.85977
3.63914
2.32979
3.82425
3.00512
3.17447
3.37077
3.73300
3.36787
3.99416
3.28989
3.69795
3.23423
3.94234
3.80875
0.90440
1.15459
2.21918
1.78464
3.75448
3.05607
3.39856
3.54569
3.60338
3.95825
3.54948
3.43491
3.51983
3.40266
2.64619
3.51078
3.77379
3.54711
3.33351
2.85750
1.60160
1.59421
3.24722
3.07323
1.41571
3.47970
3.94824
3.16692
3.33415
3.64341
3.59014
2.90848
3.11715
2.86330
3.78416
3.76227
3.56991
3.08686
3.93692
3.99221
3.63288
3.29515
1.55929
1.38857
3.29432
3.16178
3.66572
3.14626
3.83410
3.36475
2.63393
2.52977
3.03536
3.44684
3.64289
1.16611
0.98639
3.26681
2.43934
2.82494
3.85835
2.89298
3.82838
2.62244
2.55738
3.78511
2.90711
3.60388
4.02635
3.39572
4.00756
1.74169
2.88283
2.58159
2.96494
3.31677
3.92747
3.62400
3.74398
3.53965
2.80243
1.82887
3.50097
2.56957
3.79205
3.85265
3.41849
2.70507
3.50230
3.97264
3.62831
3.48683
3.13234
2.76738
1.82852
3.62114
3.54873
3.68902
3.59543
3.33757
1.68181
3.57738
3.07874
3.61414
3.09015
3.37037
3.57594
3.92763
3.71954
4.03519
3.93420
1.11882
3.68188
3.99542
1.99100
3.63549
3.92639
3.69630
4.16541
1.75788
3.42424
2.34314
3.02971
3.07870
3.84442
2.11263
2.88146
3.26554
3.65426
2.76309
3.22254
3.42494
2.49837
3.69154
3.29160
3.73691
3.50215
3.28822
2.52747
3.68730
1.72451
3.42235
3.50091
3.92267
3.12805
3.47917
2.59928
3.68584
2.51145
2.64657
3.30811
3.47975
2.16193
3.69464
2.25046
3.29286
3.81774
3.51136
3.87484
3.99624
2.43105
3.52728
3.03925
2.35387
1.47321
2.68387
2.59574
3.57353
1.49529
3.61447
3.69739
3.47604
3.52541
3.69798
3.66868
1.66208
3.72899
3.79389
1.94623
1.58479
3.33438
1.75646
3.00646
3.59523
2.91637
1.87616
2.26586
3.31120
3.84605
3.74293
3.28333
3.27192
0.13712
3.20269
2.54350
3.48178
3.95382
3.76212
2.78136
3.95276
3.20698
4.08772
3.41001
2.73765
3.49227
3.87774
1.52991
3.56540
3.70776
3.64746
3.85608
2.69605
3.19656
2.60096
2.14749
4.10071
2.64699
2.74745
3.78257
3.13078
3.61820
3.93497
3.25177
1.58137
3.24411
3.41674
2.55070
1.64261
3.32288
3.52137
3.05164
3.61556
3.37357
3.03155
3.40850
3.58911
2.74738
3.66192
0.86284
3.15172
3.78493
3.68236
3.29687
3.27759
1.52198
1.40811
2.67779
3.73737
2.22123
3.51742
3.66002
3.26542
3.40983
1.64177
3.50762
3.74583
3.77385
3.21360
3.84183
4.05879
2.31441
1.39989
4.03180
2.01615
3.41551
3.44720
3.54370
2.18682
3.57312
3.04306
2.72091
4.09052
3.75417
3.80057
3.40212
4.00639
2.92428
2.48579
3.70614
2.95305
4.12955
1.61692
3.90816
3.45934
3.57769
2.67366
3.59020
2.52580
3.52205
3.78775
3.53777
3.92681
1.82704
3.39782
3.10138
3.66012
4.00862
3.48965
2.94379
1.47672
2.27187
3.66048
1.69606
3.80540
2.62177
1.87624
3.47281
3.71542
1.67964
3.59534
2.84391
3.70436
3.48139
3.66669
3.11023
3.79560
3.08843
3.74160
3.64784
3.12854
3.22837
3.51194
2.65924
3.63278
0.88114
3.15653
3.43555
2.73574
1.08318
1.57402
2.44140
2.82844
3.70833
3.83793
2.41778
1.62547
1.91873
2.80749
3.66654
3.89502
3.48392
3.94176
3.43936
4.05486
3.54403
3.43959
3.43788
3.83240
3.84885
1.84220
3.44248
3.10208
2.99641
4.01326
2.67125
2.56090
2.65629
2.77770
3.28960
3.08201
3.36207
3.27279
1.82262
3.60452
3.90289
3.62426
3.87985
0.79119
1.87486
3.76508
3.55416
3.34704
1.39227
3.61446
3.47570
2.87223
3.91853
2.59137
3.01941
3.88327
3.74948
3.85295
3.09928
3.69272
2.64027
3.93159
3.75378
4.01118
2.31594
2.42218
3.96652
3.84918
3.75597
2.94072
2.84377
3.94730
3.57172
3.76839
3.47422
2.22861
3.99449
3.92292
2.98119
3.43096
3.16353
2.57682
3.44143
3.79282
2.46065
2.24508
3.83996
2.24188
3.89876
2.86821
2.53198
3.77395
2.33230
2.78844
2.44338
2.89399
3.69171
2.75964
3.26306
0.94189
3.77779
3.33533
2.72584
3.27042
2.78845
3.62570
1.91851
3.86744
2.67813
3.83074
3.86374
3.13890
3.76270
3.07049
2.39694
3.13157
2.63200
3.23097
2.15438
3.86314
3.09825
2.49614
1.70788
3.84473
2.45546
1.86877
3.61007
3.84757
3.35418
2.97688
3.45979
1.81256
1.60086
1.66904
3.36847
2.83854
2.84864
3.59528
2.48406
2.19834
3.15516
1.73494
3.70815
3.60752
3.78339
3.69622
2.59342
2.41368
2.98894
3.79083
3.61359
3.03193
0.14964
2.52914
2.49952
2.99499
3.61364
2.42152
3.28678
3.41233
3.73080
3.77377
3.48973
3.57100
4.13559
3.03768
2.66661
2.03953
3.77130
3.86498
3.02547
1.00198
3.17679
2.45379
3.91132
3.85674
3.29120
2.38156
3.16848
3.55247
1.95068
4.04242
3.79201
3.20668
3.69168
3.58326
3.11957
0.71283
3.35600
3.11981
3.45105
2.19667
2.74746
3.03224
2.56235
3.43852
3.58682
1.94280
3.96076
3.68791
3.62651
3.28803
3.42762
3.64240
3.50650
1.28383
1.18780
3.55732
3.70495
2.38088
3.19247
3.43380
2.91571
3.86871
3.78295
2.79852
3.66898
2.56812
3.04700
3.67023
3.55871
1.07211
3.78378
3.78957
2.57570
2.39290
3.77345
3.83838
0.84623
2.30926
2.59689
3.34321
2.80734
3.02642
3.36148
3.66129
1.27023
2.28842
3.51483
4.02904
3.62609
3.84303
3.77453
3.75312
0.88617
2.95880
3.54562
2.98258
2.59003
3.61811
2.05253
3.97386
3.48267
3.78405
2.98285
3.39621
3.06262
3.58487
3.95782
3.37440
2.84418
2.85996
1.77376
2.58158
2.79899
3.71267
1.44389
3.66253
2.20614
2.82429
2.17813
3.65882
3.25441
2.33897
3.55807
1.54957
3.43057
3.21562
3.18880
0.50193
1.95247
3.55195
3.52816
3.51948
3.79185
2.33550
3.54476
3.62254
3.82947
3.96361
3.74823
3.79199
2.47904
3.03236
2.30157
3.52452
3.51425
3.71945
3.74293
1.65905
3.81897
3.02066
2.88606
3.85551
3.39566
3.44631
3.38196
3.86045
3.00873
3.24380
3.54332
4.07202
3.98271
3.59909
3.17327
1.31573
3.03375
2.35119
2.78769
3.38496
0.84195
3.54510
1.54720
3.53343
2.77684
3.92636
3.85672
3.13734
3.63164
3.54244
3.74191
3.46112
3.84135
3.73691
3.31109
3.15364
3.08283
3.64684
2.09061
2.24463
3.35448
3.89104
4.00356
2.56998
3.75622
1.55393
3.78011
2.38123
1.12624
1.56844
3.46984
3.12260
3.63568
1.76402
3.82487
3.28994
3.76125
3.42199
2.77638
3.26444
3.24071
2.87929
3.90106
3.84197
3.54386
3.61423
3.53351
3.26233
3.70212
3.73473
2.15298
4.12528
3.32144
2.67976
3.75088
3.65293
3.40540
1.30764
3.17393
3.36005
3.76533
3.67005
3.22052
2.47674
4.01456
3.68204
2.87606
3.47269
3.38680
3.78790
3.86266
3.39424
3.55189
3.84819
2.41742
2.48675
2.38374
1.27563
3.41091
1.19156
2.14427
3.07364
2.93773
3.58106
3.69379
3.42980
3.47400
3.84899
3.09180
3.68584
3.80451
1.71566
2.26262
3.89035
3.88484
3.30100
2.22012
3.65337
3.88012
3.61341
3.17447
2.59438
3.01554
0.80354
3.82490
2.09811
2.88154
3.20961
3.33394
3.93943
3.79450
2.99348
3.99335
3.35667
3.50187
3.51975
2.59959
3.02237
3.04395
3.50206
2.93438
3.62445
3.99980
2.65392
3.45353
2.32078
3.49642
3.62505
3.73979
3.84282
3.37336
3.46577
3.72752
3.28157
3.69649
1.87843
3.61550
2.67081
3.38588
3.46168
3.65259
3.92897
3.42842
3.54185
1.72766
3.22454
3.08781
3.25628
4.22572
3.43390
3.71812
3.79839
3.60711
3.25468
3.43427
2.98612
3.41133
3.36894
3.39151
3.97518
3.58270
2.81920
3.63875
3.63144
3.24691
2.48357
3.55493
3.30679
2.86071
3.67535
3.81108
1.32004
3.90564
3.17488
3.79169
3.66971
2.29828
0.53900
2.39523
3.53763
2.86451
1.91845
2.42078
3.73737
3.74901
3.36704
2.33199
3.20762
3.88232
0.62669
2.96564
3.47868
3.48291
2.03211
2.62533
2.81525
3.21580
2.38917
3.25941
3.01486
3.81016
3.85584
3.04851
3.50649
2.17403
3.38826
3.23434
3.46583
3.30380
3.60171
3.84106
3.23624
2.00368
2.25966
2.78969
3.97978
1.51094
4.05000
3.41752
2.23207
3.64950
3.31300
3.50599
4.07641
3.39336
2.32374
2.96666
3.73999
1.49201
3.17991
3.41049
3.65188
3.94062
3.63955
2.73561
1.85539
1.65345
3.13381
3.80514
2.69391
4.05724
3.68450
3.64581
2.98321
3.69345
3.62545
1.96367
4.16917
3.50577
0.54837
3.94202
3.84366
3.84151
3.37183
3.76282
1.80022
1.78281
3.55462
3.56746
3.52979
4.03226
4.02804
2.72970
3.53075
2.06939
1.57042
3.67489
2.07494
1.41756
3.23392
1.75275
3.18042
3.94598
3.79701
3.27359
3.69226
3.61621
0.91896
3.93550
3.82391
2.99508
4.07316
3.43373
3.40539
3.73564
2.14546
3.62956
4.07528
2.80382
3.82555
2.03493
3.20427
1.54698
3.68084
3.83048
2.05256
1.29142
1.82083
3.47037
3.40896
3.90419
3.44567
3.80978
2.50776
1.75921
4.07796
2.36132
3.57404
3.47323
2.88466
3.42415
3.85871
3.55259
2.41214
2.99138
1.63921
3.30635
1.21627
3.18979
3.22346
1.50138
3.54431
2.20789
3.86733
2.22021
2.00837
3.59483
3.06647
3.39153
3.77626
3.23087
3.27845
3.88697
3.34510
4.10538
3.05865
1.75209
3.71631
3.09198
2.66344
2.78175
1.47444
2.40614
3.40140
3.39070
3.79384
3.04917
3.81078
2.38612
1.61329
1.96426
3.32061
1.36035
2.87748
2.43625
3.64366
2.03605
3.87110
3.47713
3.64597
3.07398
2.34677
3.44002
3.92662
2.53208
2.82285
3.59093
3.20813
1.71134
4.06083
3.66558
3.55675
0.68431
3.54607
1.36306
4.10385
3.37556
2.39898
3.58125
2.63767
3.15013
1.98063
3.81237
3.10730
1.61578
1.89210
3.08438
2.68704
0.55305
2.18081
3.38976
3.67686
2.73810
3.93207
2.74935
1.33302
3.40326
3.86143
4.07630
3.65857
1.38178
1.37185
2.00153
3.29914
3.98703
2.15290
3.53406
3.54209
3.52516
2.56512
3.49110
3.11288
2.46457
3.66158
3.28015
4.17709
3.60405
3.40558
4.06705
3.37761
1.72393
3.93952
3.77463
4.05353
3.65370
3.29040
3.73165
2.90315
3.44029
2.54072
0.63224
3.49615
3.54182
1.69034
3.78072
3.70025
2.67850
2.42688
3.61216
3.75573
3.96372
3.82334
1.93965
2.84947
3.65403
3.76351
1.75679
1.91545
3.26610
4.01353
3.05781
3.17069
1.43885
2.77638
3.00729
3.96272
3.38988
3.76161
2.18676
3.64337
3.95472
3.97429
3.75681
3.95080
2.79333
2.05248
3.13598
3.27214
2.93072
3.62976
3.86428
3.42826
1.50338
3.17834
2.36232
1.69848
3.48891
2.37784
3.47327
3.10278
1.60962
0.54620
3.82190
2.88800
3.23476
3.71927
3.60004
0.61423
3.48196
2.75538
3.43859
2.78613
2.52257
1.69408
3.19157
3.59525
3.57719
3.69124
2.82461
2.31471
3.21223
3.64876
2.15730
3.67463
2.32149
3.14879
3.53889
2.44458
3.07108
3.42438
3.97194
3.80648
2.26829
2.64015
2.74493
4.00258
1.82485
1.74235
2.35761
2.45406
3.43466
3.68106
3.78962
3.38191
2.97463
3.99706
3.62681
3.37756
3.55808
3.86497
3.08748
3.46147
3.72299
3.27292
1.59996
3.39977
1.72034
3.68666
2.92021
3.92794
3.79682
3.50350
3.21901
2.98270
3.55288
3.51209
2.53262
2.64839
3.55765
3.96069
3.97397
3.06280
3.92806
2.03921
2.91200
3.42461
3.84986
3.67777
3.33914
3.87315
3.64833
3.56288
3.62855
3.28677
3.73710
3.71783
3.55139
3.30640
2.59499
2.79471
2.25763
2.87847
4.03859
2.58091
3.96793
1.93843
3.64694
3.79155
3.43872
3.43699
3.90601
2.18056
3.57267
3.48378
3.24830
2.73214
3.05461
2.48081
3.61707
3.32338
1.60660
2.15095
1.62432
1.20180
3.59015
3.38542
3.92052
3.93409
3.51806
3.65566
2.46037
3.83121
3.57973
2.36848
3.03716
3.02697
3.48347
3.29468
3.60387
3.62826
2.51579
3.71582
3.60618
3.42792
3.10321
3.71708
2.91237
3.79516
3.36927
3.41861
3.82976
2.55251
4.04875
3.77366
2.72632
3.67240
1.42223
3.80576
1.79990
3.85371
3.21468
3.35912
3.35395
3.58413
3.39710
1.74458
1.27178
3.77056
2.10149
3.10914
2.39541
3.72399
2.49534
3.36516
3.94849
3.60346
3.31342
4.06668
3.47640
3.62005
3.54659
1.65782
2.75026
3.66964
3.94203
3.62074
3.32330
1.23860
2.88242
2.92254
3.91819
3.39836
3.67384
3.58608
3.74109
3.79796
2.42395
3.28144
3.30769
2.47914
3.43080
3.00035
2.55536
1.76695
3.51294
3.32794
2.92962
3.38707
3.39397
2.92733
3.65204
3.40897
3.25339
2.74386
3.33728
3.71730
3.47058
3.88436
3.50202
3.50351
3.28235
3.77853
2.31074
2.43993
2.07991
2.72858
3.48376
3.58850
3.48910
3.09898
3.75473
3.91423
3.66658
3.45965
3.12553
3.98048
3.92717
3.29113
3.15772
3.89072
3.99593
3.51272
3.03290
3.47390
2.97469
3.83398
3.44033
3.38710
3.81729
3.10915
3.47313
1.99313
4.00062
3.77057
1.26474
3.92926
3.22939
0.75142
4.07769
2.22657
3.48855
2.64402
3.69853
3.68460
1.74458
3.51509
2.08703
4.06843
3.33704
3.16018
4.13674
3.55864
2.51066
1.46050
3.63134
3.25465
3.97284
1.93734
2.89057
3.99911
3.46585
3.51798
1.86486
3.96275
1.69342
2.29490
2.67861
3.61043
2.53420
1.77174
3.00745
3.58876
3.28060
2.89529
2.54343
3.75519
2.98612
3.53035
3.62862
3.94869
3.62999
3.11801
3.85856
1.50802
3.67583
4.00251
3.67351
3.46841
2.49230
3.41436
3.56224
2.81115
3.74416
3.57759
3.30017
3.53129
3.58405
2.92657
3.92289
3.02228
3.98399
3.61322
1.73591
1.55111
3.54441
3.76046
0.71261
3.61576
1.25572
3.45878
4.05454
2.73604
3.60972
3.43017
3.09356
3.73979
3.50688
3.65083
3.60049
3.26967
3.88552
3.83191
3.48354
3.36966
3.39430
3.40403
4.01480
3.09947
3.23122
1.88867
2.83271
3.95488
1.34990
3.09668
2.65914
3.92752
3.51059
3.76586
3.37587
3.70926
3.86873
1.48115
1.77339
3.93173
3.08912
3.64372
3.10411
3.41814
3.46771
3.52465
3.85163
2.78821
2.18950
3.37247
3.93433
1.03404
3.74164
3.68140
3.43780
3.30088
1.57028
3.52956
3.45354
4.02828
4.00328
0.88866
3.79926
1.76314
3.22774
4.06633
2.02720
3.42036
3.52987
1.50024
3.10326
3.82310
3.83810
4.07900
3.30149
3.91283
2.51963
3.03859
3.44521
2.03841
1.22944
3.90156
3.80757
3.32315
3.14457
3.88570
3.27027
3.88949
3.51550
3.66649
3.66414
2.85443
3.99946
3.81618
3.95573
2.59274
3.46145
3.68486
2.59076
2.26784
3.98436
3.04160
2.11883
3.65459
3.94253
3.35992
1.71842
3.89523
1.32091
3.80738
3.23471
3.30970
2.50248
1.54596
3.90602
3.50530
2.85382
2.37522
3.73461
3.43186
2.34633
3.27789
3.34455
3.20690
3.20281
2.37129
3.64111
3.73852
3.69730
3.31291
3.28560
3.95618
4.07529
3.14235
3.61596
3.19642
2.26922
2.74926
3.53246
1.86334
3.02156
3.43835
2.70802
2.37816
3.84789
3.01057
3.65043
3.04521
3.78606
3.61418
3.49340
3.55879
3.91978
0.51267
3.87960
2.99742
3.62767
3.59055
4.01360
3.80788
3.97870
2.63228
1.49940
2.31457
3.97302
3.36905
3.81230
3.73880
3.96974
1.46910
3.27975
3.66765
3.48364
3.43590
2.12633
3.36703
2.43580
3.49886
2.77972
3.61399
0.82513
3.95108
1.45959
2.29786
3.92086
3.44159
3.74963
3.12322
2.53060
3.54193
2.52887
3.04622
3.86088
3.86262
2.94022
3.59343
4.04084
3.47868
3.35682
3.70280
3.44397
1.70930
3.60718
3.19660
1.31789
3.81695
2.94307
2.90746
3.05009
2.83079
3.30467
1.32192
3.44561
2.08269
1.14216
3.60154
3.44566
3.91287
3.54152
2.34074
4.07139
1.97562
2.99106
2.94378
3.03663
3.49034
3.70706
3.24504
2.70758
3.30561
3.57629
1.23900
3.22412
3.62921
3.35827
3.76857
3.43750
2.77409
3.33337
3.73725
3.71915
3.25363
3.97087
3.82500
2.21713
3.53581
3.96290
3.49861
3.24859
2.82508
4.03139
3.55311
2.76677
1.45353
4.01410
1.74414
2.94956
3.12346
2.98488
3.43841
2.74764
3.41254
3.45125
1.13533
3.84162
3.46569
3.80804
2.40131
2.85143
3.62684
1.84227
2.43174
3.88802
3.52099
3.35144
3.75254
2.27168
3.30276
3.59065
2.65580
3.75755
3.49384
3.77923
3.52771
3.84239
2.10585
3.67797
1.98693
2.90982
3.58825
3.56274
3.53988
3.54678
2.52177
3.40871
1.97694
3.84686
1.18245
2.93445
3.62018
0.88853
3.62332
1.83259
3.49988
3.27889
2.77311
2.39735
2.50647
3.37141
3.29197
2.31344
0.63881
2.76058
3.07832
3.71025
2.97953
3.85764
3.96194
3.71332
3.52249
3.40749
3.46395
3.45667
3.54485
3.71833
3.64020
3.86830
3.10275
3.64440
3.12625
3.07162
3.56270
3.95882
3.67043
3.00921
3.50712
2.95301
2.49308
3.75386
3.31046
3.50124
4.03562
3.89841
2.92753
2.56126
3.67023
3.48743
3.87855
3.36503
3.73895
3.07744
2.40767
1.83677
1.35673
2.05019
2.81289
3.91558
3.63749
2.26673
3.26530
3.71913
1.98585
3.71647
3.76727
1.90589
3.21454
2.10538
3.50877
3.27762
2.54498
3.54614
4.03255
4.02526
3.92435
3.85865
3.21467
2.33674
3.21912
3.24610
3.54597
3.47293
3.43066
3.32452
3.58577
2.18144
4.05400
3.47275
3.43319
2.28991
3.78836
3.06688
3.76035
2.85606
3.87745
3.41855
1.65061
2.73161
3.93594
4.06151
3.71613
2.83928
3.39218
3.16002
3.94669
3.25176
3.50747
3.61132
3.80339
3.19566
3.81602
3.78731
3.16402
3.75272
3.50370
2.99116
3.73369
2.95603
2.97870
4.02723
2.11948
2.64307
3.70924
3.90168
3.18296
2.56491
1.90971
3.38321
3.28885
2.05429
3.53746
1.93215
3.50433
3.09228
2.78280
2.75153
3.64139
3.30535
2.46173
1.98072
3.14382
2.96433
3.17946
3.42664
2.12586
3.10369
3.64837
2.97856
2.15868
2.21456
3.20821
2.30699
1.34218
3.03721
3.61684
3.87564
3.22407
3.28839
3.24808
2.59953
1.36461
3.24062
3.32905
2.16524
3.79467
3.44255
2.93306
3.02626
3.39380
1.85159
3.27252
4.00579
0.55126
1.06595
3.65701
2.90985
1.44676
3.79275
3.57292
3.04724
3.23359
3.61558
3.23896
2.31264
2.98837
3.47064
3.08016
3.37507
3.65077
3.58748
3.40909
3.49882
3.91438
3.47472
3.77460
3.91001
2.01561
4.04295
2.01707
3.18185
3.94159
3.16306
3.31822
4.14219
0.78936
3.69079
2.87265
1.84215
3.51965
3.40492
3.24650
3.87824
2.74252
2.14603
3.90719
3.74025
3.14590
3.76618
3.74624
4.12678
3.95625
4.07810
3.25004
2.98870
2.78245
3.54909
2.90924
2.72845
3.38376
3.49182
3.83949
3.59611
3.78098
3.51636
3.61427
2.56683
3.69851
1.78364
3.66352
3.59749
3.38429
2.01749
3.25706
3.00346
2.57008
3.54352
3.54283
3.91999
2.33916
3.63808
3.66273
0.91434
3.40151
3.70893
3.99122
1.91416
1.65370
2.45386
3.70455
3.56154
3.61297
3.21866
1.86990
2.31646
1.53254
2.80052
3.65255
2.72816
4.02163
3.29176
2.63781
3.95990
3.93540
2.31491
4.02902
2.05516
3.86503
3.59287
3.22750
3.86522
3.74789
2.75972
3.34840
2.02612
3.40794
0.42538
4.15556
3.76047
0.85453
3.29719
3.12222
3.82048
3.68276
3.04206
3.97303
2.89111
3.66700
3.54493
3.82460
2.78952
2.20459
1.96996
2.14926
3.88833
2.53931
4.01325
3.30318
2.30564
2.96495
1.45302
3.20341
3.65236
2.23371
3.81380
2.35755
2.54536
3.55985
3.92466
3.74523
1.86301
0.82305
3.47283
3.69535
2.92461
3.83180
3.05420
3.35493
2.23021
2.95889
3.72358
3.36760
2.43881
4.01340
3.61752
3.38823
3.26862
3.64566
2.26692
2.19492
3.82750
3.88937
3.57988
3.56873
1.81726
2.64222
3.84891
2.08441
3.66728
2.64846
2.18968
3.51332
3.20706
3.79615
3.64477
3.26851
3.74678
4.10861
3.77163
3.62192
1.09047
3.40666
1.38953
2.50884
3.99221
3.00012
1.68741
3.72305
3.56514
3.49386
3.55568
2.55694
3.11650
3.65314
3.24352
2.55195
3.84596
3.79846
2.92155
2.78796
2.14500
2.89248
2.78611
3.28603
3.65808
4.10150
3.89922
3.35027
3.62146
3.75001
3.60048
1.22029
2.88329
3.12694
3.66796
3.26783
3.82778
3.47286
3.37457
3.54486
3.70838
2.93586
3.59418
2.12682
3.96414
0.81729
3.54503
3.20275
3.88671
2.19415
2.98386
3.38115
3.32227
3.21238
3.32166
3.73040
3.46847
3.41331
2.91674
4.07385
3.61163
3.45077
1.20958
3.42109
3.61145
2.38743
2.64463
3.68716
3.51219
2.12908
3.67001
3.42452
2.10901
2.99519
3.68132
3.23895
0.68878
2.13052
2.60894
3.52734
3.79826
1.01753
1.51987
0.83236
3.85995
0.22790
3.25706
4.11706
3.31738
3.85535
2.76818
0.92749
3.65646
3.63858
1.94014
3.75948
3.43637
1.95694
3.72700
2.43971
3.59550
3.15334
0.47925
3.69806
2.70193
3.65999
3.51172
2.33051
3.53895
3.73015
2.78042
3.20702
2.20391
1.57620
1.97985
2.09294
3.57320
2.71383
3.76506
3.62078
3.93597
3.05717
3.74605
1.58008
3.14062
2.64014
3.93712
3.67970
3.14745
3.82765
3.30257
3.00397
3.53501
3.41050
3.30910
3.60149
3.38006
3.54878
2.66868
2.76893
2.75197
2.42671
3.68649
3.74932
3.77124
3.50604
3.41189
3.96331
3.67096
3.33882
3.79923
2.13442
2.97654
3.52921
3.89025
3.60322
3.48442
3.80142
3.39867
4.09731
3.38344
1.99689
1.34812
3.12856
3.68313
3.32984
3.02522
3.56250
0.56341
3.54347
3.87923
3.39107
3.87903
1.31848
3.63288
4.00134
3.50557
3.96612
3.01709
3.94875
3.82636
1.89964
3.67326
0.81473
3.67174
3.84752
2.97987
3.69321
3.64526
3.47215
2.82295
3.00368
2.76823
3.27859
2.30118
1.62851
3.46340
3.48777
3.33682
3.53286
2.64392
4.08918
0.69978
3.64519
3.02882
3.01153
3.21038
3.40528
3.62545
2.47080
3.80068
3.05275
2.72916
2.86053
3.55854
1.51059
2.24661
4.03416
2.88605
3.38183
3.97418
2.54377
2.94759
3.37623
3.06389
2.44688
3.66930
3.54661
2.11035
4.16670
3.76897
2.04292
4.01764
2.44209
3.24807
3.54008
3.79612
3.81779
4.08034
3.39008
3.36509
2.09478
2.82602
3.79096
2.81997
1.23220
4.04689
3.93104
2.83304
3.42547
3.73259
3.99569
2.34835
3.64493
2.31116
3.99637
3.58889
3.15653
2.61206
3.29695
2.87860
3.89086
3.81781
3.01889
2.57153
2.79781
2.77883
2.71711
3.45254
3.53453
2.78682
3.24068
2.88401
2.84570
3.26089
3.17141
3.79205
0.50449
3.55128
2.33727
3.49032
2.14277
2.87034
3.80133
3.62473
3.36800
1.63498
3.44714
3.88686
3.87730
3.99778
1.63208
3.92296
3.68341
2.43131
3.42424
0.38315
3.62849
3.55553
3.79879
3.16238
2.03499
3.98951
2.23185
2.87154
3.68957
3.49227
3.71537
2.69467
3.54154
3.93366
3.51607
3.21658
3.72568
3.92569
2.64726
3.85974
3.68308
3.05737
3.75559
3.62507
3.63983
1.34692
3.12514
3.81560
2.88024
2.71034
2.41913
1.52435
3.11301
3.84894
3.82666
3.15148
2.31840
3.70290
3.70609
4.03671
3.27057
3.20469
4.04675
2.51080
2.07013
3.65804
2.52766
3.82523
3.27864
2.20028
3.07014
3.99494
3.29513
2.07641
3.16698
3.65106
3.83239
3.22618
2.22020
3.54091
1.69740
3.26725
3.28784
2.54397
3.51123
1.85291
1.86293
3.66641
3.82794
4.14973
3.46027
2.51341
3.56697
3.41752
2.93179
3.44641
3.39497
3.71037
2.76448
3.95116
3.67946
3.25444
3.51572
4.10283
2.86181
4.03321
3.60111
3.24342
2.57092
3.17140
3.33115
2.85872
3.21801
3.98601
2.57317
2.79095
3.70594
2.81005
0.86512
2.62598
3.39763
3.76495
3.12177
3.67114
2.10841
1.54187
4.01878
3.75820
3.32958
3.36289
2.92428
3.82925
3.58390
3.31074
3.85361
3.90049
3.54234
1.33228
3.15305
3.43696
3.78442
1.10759
2.29077
3.76134
2.37744
2.70269
2.76864
3.46876
2.10978
3.59126
3.74717
0.33461
3.66872
3.82711
0.88039
2.47226
3.61411
3.30201
3.37280
3.17088
3.37049
4.11997
1.23620
2.18958
3.20534
3.50979
2.15784
2.06437
3.56106
2.73294
3.33920
3.33519
3.50592
3.82147
3.73718
3.69936
3.33545
1.28237
1.90796
3.86966
4.03236
3.12241
2.57082
3.08179
2.10700
3.79807
2.64508
3.12236
0.77601
3.47320
2.05235
1.63409
3.56145
3.88050
2.73164
3.17597
3.92167
3.50613
3.66692
3.95863
3.12033
3.18610
3.94691
3.49454
3.35293
2.01697
3.44104
3.38074
2.49396
3.01090
3.54620
3.53248
2.63491
1.67360
3.22157
3.46953
3.59721
3.68847
3.40169
3.55146
3.20515
3.44211
3.52609
2.75272
3.72926
3.61680
3.03879
1.57821
4.08151
3.57530
2.06765
4.00631
2.95232
3.10858
3.29443
3.66829
1.41584
3.71212
1.80261
3.51628
3.25269
2.86113
3.05475
3.18779
2.55130
3.26767
3.87309
1.67638
3.04115
3.66702
3.89234
4.05730
3.29535
3.78291
1.85972
3.76181
3.45254
3.80287
2.25214
4.09934
2.82448
2.49269
3.51763
3.54397
3.48763
2.04286
1.95368
1.97504
3.24171
3.63219
3.52788
3.89470
3.68395
2.86267
2.55048
2.04897
3.02321
3.68287
3.63593
3.73315
3.90808
3.72559
3.00252
3.08093
3.27926
2.56202
1.77677
3.44639
3.39203
3.51067
1.68391
3.59202
2.49970
2.77033
3.93479
3.61058
3.95237
2.90167
2.99609
1.97804
3.00147
2.35484
3.39752
3.66934
3.66882
1.56813
0.91282
3.40872
2.82568
3.39853
3.14799
3.81462
2.41594
1.53782
3.89504
4.12152
0.58044
3.06434
3.29533
1.41672
3.92421
3.64743
3.39375
4.01876
2.82894
3.58758
2.98032
3.42806
3.38816
3.21404
3.77515
3.56633
4.00733
3.44725
3.58494
2.50646
3.91257
1.93668
2.66470
3.65885
3.41815
3.04652
3.40671
1.12467
2.90450
1.77423
3.37167
2.73615
3.87589
3.73159
1.96458
2.82050
3.54391
1.47670
3.17074
3.19307
2.88552
1.04521
3.37643
3.91017
2.95487
3.72139
2.90239
2.66578
3.81154
3.82121
4.00001
3.42417
3.61760
2.97241
3.73305
3.97672
2.08857
2.23125
3.56128
1.74111
3.58074
3.17699
3.03776
3.78170
2.39930
3.82675
1.56382
3.77847
1.49002
2.64845
1.93591
3.18602
2.54745
3.95519
3.45724
3.13627
3.74982
3.69467
3.63291
3.96316
3.49553
3.64798
2.83779
3.08009
2.80789
3.31026
3.06489
3.71077
3.74595
2.29577
2.88165
2.17359
3.31465
2.61427
3.90219
3.93656
3.56326
2.52516
3.28496
1.24925
3.68170
4.00390
3.06301
2.76766
1.62825
0.42035
3.32257
3.32573
3.00049
2.03410
3.38549
2.93495
3.04067
0.86564
1.82148
3.73067
3.74286
3.76021
2.34065
3.26558
3.93726
0.51111
3.82610
3.58728
3.44590
2.39703
3.37298
2.54053
1.73931
3.07147
1.90763
3.66892
2.12037
3.26449
2.75150
3.67466
2.11338
3.97987
3.71454
3.67780
3.52103
2.29082
1.61491
3.65657
3.79241
3.62043
3.77948
3.75166
2.55398
2.85892
3.18596
3.87041
3.25394
2.49084
2.98442
1.97010
1.15973
3.88705
3.58553
2.05238
3.97917
3.58983
3.82330
3.57692
3.71247
3.05706
3.51023
0.98444
3.70411
3.02401
3.29729
3.08816
2.38513
2.87217
3.77914
2.87171
3.73824
3.16917
3.53541
2.34727
3.97874
3.69815
2.72635
3.80101
3.80140
3.43760
1.36969
3.73614
2.74756
3.19403
3.57564
3.30727
3.22685
3.29735
2.23531
3.81509
3.15706
3.94312
3.96847
3.38788
3.43260
3.55229
3.23745
3.05805
1.83981
3.26668
3.52378
2.26461
3.43827
2.81952
3.87608
3.49471
2.77178
2.74719
4.11704
3.62934
3.59667
2.76033
3.78431
2.14059
3.72859
3.56507
3.51439
3.69529
2.87785
3.86187
2.12984
2.74839
2.45736
3.85177
3.27560
3.66673
2.64808
2.77484
4.01801
3.75212
3.29362
1.03378
3.37122
3.56078
3.45507
3.71222
3.64848
3.40841
3.89849
3.63286
3.89330
4.06880
2.07347
3.51917
4.02033
3.38116
3.06920
3.68445
3.43898
3.21734
4.14701
2.15064
3.15683
1.57370
3.71738
3.41238
3.66522
3.91168
3.64149
3.09948
3.65060
1.70797
2.96993
3.72543
3.87459
3.45673
3.29803
0.81466
4.07217
3.42247
2.98395
2.71264
1.96384
1.52099
3.84618
3.59976
3.99682
3.89872
3.57627
3.49047
3.33623
3.45268
3.97995
3.19722
3.44879
3.78208
3.61820
2.83291
3.68715
3.42845
3.35194
3.09880
3.16949
3.12116
3.00204
3.20254
3.55386
3.60215
3.25604
2.37686
2.53213
3.78122
3.39225
3.38048
3.92574
3.79928
3.72498
3.32763
3.88258
2.53516
3.77198
3.50124
2.30146
3.22538
3.42666
4.01410
2.51656
3.89625
4.05629
3.92000
3.47467
3.54692
2.71741
2.00918
1.03249
3.51305
3.89463
3.30828
2.27754
2.49608
2.18510
3.12558
3.90579
3.45414
1.82904
0.47223
3.71074
3.98493
3.49215
3.11884
3.16796
3.68820
3.46399
3.67562
2.73019
2.81377
4.00547
2.70996
3.66712
3.80346
3.81040
2.57035
3.77900
1.87498
2.63000
2.95474
2.88643
1.15618
3.74898
3.25491
3.79733
3.69096
4.08436
3.11089
3.71238
3.31543
3.01831
3.92196
3.88969
3.61118
3.01346
3.65644
3.89534
3.03230
3.78559
3.52218
3.53368
3.53798
3.29431
3.39350
3.09502
3.31932
3.90766
2.28756
3.49760
3.77019
3.92477
2.08612
3.73124
2.69222
3.02854
3.98816
3.65211
3.49847
2.61725
3.52062
3.71073
1.89431
3.10723
3.02132
3.92195
3.88023
2.86063
3.66999
3.67329
3.77587
2.75511
3.55345
3.98102
3.12610
3.14452
3.23030
3.03626
2.02962
3.71742
1.49001
4.21923
3.40203
3.48978
3.67230
3.77510
3.31579
3.72599
3.67512
3.68326
1.69769
2.96410
2.10179
4.10867
3.81469
3.80276
3.25163
3.11629
1.78516
2.81371
3.62687
3.77780
4.19068
4.00976
3.42375
3.32178
3.41063
3.33524
3.90521
2.00279
3.07241
2.81914
1.81807
3.32666
3.46714
3.80120
3.40794
3.30943
2.30171
4.04528
3.36346
3.41277
2.34471
3.47110
3.08218
3.22430
3.68002
2.47122
2.30015
2.98468
3.45902
2.92730
2.84345
3.19550
2.57970
3.98088
1.11486
3.12850
2.31868
3.42857
4.14169
3.37220
3.95018
1.85783
3.37778
3.57125
3.35502
1.84415
3.29233
2.40632
3.53873
2.88690
3.08872
3.36387
2.83811
3.84123
2.67872
3.64549
2.17537
3.39576
3.08976
3.34370
3.28521
3.10695
2.88518
1.86247
3.40627
1.11000
3.63014
3.01573
3.21325
0.84267
3.36898
2.92062
3.10730
2.87275
3.74418
3.55979
3.82425
3.96859
2.63249
3.11047
3.81254
3.73018
3.96470
2.59205
3.57804
1.82125
3.67013
3.29983
3.55379
3.76416
3.26121
2.27064
3.24544
3.61251
1.74026
3.48080
3.46331
2.31345
3.16176
3.34735
3.13985
3.45532
3.82521
4.07968
2.70176
2.60719
3.54077
3.53095
3.81794
2.83684
2.20109
1.96305
3.65293
3.69655
3.90950
1.40592
3.59434
2.99081
3.28870
3.32041
3.81335
3.17839
1.78552
3.51737
2.65283
3.26107
3.45858
3.17557
3.97938
3.56900
3.42966
3.59900
3.24458
3.35588
2.81676
2.94909
2.80205
2.28298
2.31807
2.97607
2.90768
3.55201
3.62639
3.25710
3.71276
3.17009
3.94695
3.45210
3.82321
3.24673
3.86627
3.06070
3.15956
3.32293
3.48254
2.97813
3.67035
3.46993
3.82537
3.12798
3.87059
3.42164
3.59754
3.94645
3.76070
3.47808
3.36791
2.88481
3.64920
3.57895
3.69669
1.29477
3.56973
3.92032
3.85560
3.38896
2.54192
2.80279
3.54444
2.64881
3.77825
3.61218
3.98576
1.92039
2.07857
2.95213
2.09179
3.65856
0.14487
2.80829
3.79696
3.52265
4.00252
3.43213
2.77870
2.40332
3.68797
1.65598
3.01030
3.92259
3.29187
2.96115
3.83406
3.67796
3.75538
3.78317
3.52043
3.30717
3.51311
3.00290
2.95517
3.83163
4.03361
1.86213
2.68310
3.71213
3.92119
1.54806
1.61984
2.22920
3.75798
3.72324
2.57313
3.77271
2.34923
4.00859
3.40634
3.63753
3.78680
3.71460
2.62968
2.10958
3.09086
3.91830
3.71510
1.91358
1.16946
3.77253
3.33706
1.79805
3.68780
3.77411
2.77783
3.67594
3.33407
3.74221
2.77440
2.17109
0.57569
1.64148
1.40163
2.20280
3.74484
2.80967
0.77682
3.53731
2.27021
1.26332
3.45157
2.47983
2.95643
2.63176
3.59766
3.33842
3.64270
3.92533
3.71671
3.32310
2.35477
0.89579
1.60623
4.14193
3.62748
3.68414
3.55256
3.24163
2.03540
3.74938
3.85340
2.01807
2.83385
3.60223
2.54814
3.60108
3.43297
2.60711
3.56243
4.00541
3.81095
2.29278
4.06025
3.65579
2.81363
2.01466
3.57275
1.60813
3.82308
3.37776
2.45667
2.26539
3.59739
3.86376
1.80031
2.15537
3.62477
1.10456
3.82762
3.25151
3.95285
3.48241
3.96856
3.75776
1.66319
3.29516
2.30740
3.59977
3.36266
3.93477
3.47654
3.75655
2.88762
3.62814
3.68157
3.15676
3.80145
3.77298
2.71837
3.71191
2.99910
2.95584
3.27221
3.29868
4.04850
3.37024
3.05043
3.84137
4.13903
3.94778
3.85867
4.12573
3.82215
2.45233
3.52811
3.86404
2.46142
3.51617
4.07358
2.55560
3.96431
3.87861
2.94785
3.40394
3.94423
4.00693
2.92092
3.74781
3.09236
3.78848
2.79347
3.42373
1.66907
3.63327
3.41625
3.30922
2.12415
3.86187
2.14732
1.90184
3.48717
3.53522
2.64320
3.40674
1.79671
3.44688
1.68780
3.65403
3.28848
2.71279
3.08923
2.46223
3.90176
3.42810
3.95672
3.50259
2.67928
2.75259
3.85188
2.06765
3.17416
3.70605
3.36382
3.18224
3.23638
3.90815
1.98513
3.42046
4.04414
3.65515
3.91818
3.60101
3.63837
0.75804
3.42165
2.91544
2.44951
3.70336
3.35724
3.82275
3.26300
3.82120
3.54679
2.41826
3.99045
3.21259
3.95959
3.05127
4.01100
3.47395
3.33134
1.63714
3.43472
1.36039
3.11987
3.72887
3.49761
2.70953
3.73784
3.86119
3.70667
2.34684
3.91843
1.99882
2.47029
3.62165
2.58643
3.25393
3.96643
3.55924
3.81818
2.84714
2.53392
1.79664
3.71053
2.36168
1.56995
3.49422
1.13283
2.44275
4.06111
3.71725
3.71840
3.44002
3.66893
0.14213
2.75300
3.50065
1.15270
3.87880
3.08222
0.25179
2.13920
3.72980
3.20649
3.93417
3.36860
4.03403
3.87717
3.46309
2.98620
2.61481
3.28940
4.01775
2.01723
0.88396
2.93312
3.89794
2.29397
0.16404
3.84478
3.12506
2.94314
3.31477
3.75079
3.54983
0.73335
3.43264
3.46756
3.53292
3.47272
3.01892
3.71331
3.42629
3.22914
1.38892
2.74958
3.00903
1.66126
3.73977
3.35677
1.81585
3.53239
3.67773
2.22705
3.47328
3.64705
3.86240
3.15460
3.42907
3.82379
3.52016
3.46693
3.73447
3.37403
2.10680
3.81538
3.25485
0.45592
3.30096
3.28600
1.80544
2.92250
3.74529
3.44281
3.56741
3.74139
3.55859
3.50964
3.15074
2.45341
2.75021
3.59699
4.06455
3.65480
3.78284
3.48396
2.64075
1.70392
3.24809
3.61698
3.74557
3.67942
3.89788
3.95479
3.79345
3.48073
3.62088
3.35893
3.35196
2.93929
3.35241
2.24667
3.17837
3.03070
3.83341
1.06960
3.76758
3.91381
3.77976
2.31482
3.46874
3.34862
3.96515
3.64901
4.08849
3.71423
3.21256
3.61246
3.79695
3.96009
2.31181
3.00586
4.15338
3.06922
3.34051
3.72638
3.05336
3.34075
2.39585
3.43333
3.49139
3.68462
3.74453
3.90562
3.27767
3.64627
3.81386
3.64778
3.94528
3.59139
3.88190
3.74495
4.03336
1.85428
3.98040
2.60940
3.07919
4.13969
3.83793
4.11317
1.04703
3.18262
3.88513
3.88432
3.05475
3.80706
2.21835
4.07273
3.91555
3.48382
3.54693
4.05055
1.52631
1.88981
3.74167
3.33826
3.87573
3.08970
2.90370
3.62743
3.78850
4.12444
3.92602
3.41048
3.51818
3.89590
2.54751
3.28862
3.34919
3.47171
2.45939
3.59211
2.51350
3.59422
2.83010
3.87508
3.59844
3.74759
3.93035
2.04370
3.46850
1.71017
2.61944
3.65440
2.94762
3.76806
3.19613
1.50187
2.69749
1.04408
3.22612
1.31654
3.74644
3.56880
2.80266
3.76794
3.00019
2.42287
3.66769
2.74503
3.67036
3.33808
3.36474
3.97568
1.79432
3.93741
3.34390
2.25269
2.53925
3.47545
2.06042
2.42379
3.83654
3.89945
3.46741
3.86400
2.37163
3.77322
2.80536
2.85514
2.58592
2.74024
1.36475
2.27075
2.24586
2.00011
0.60127
2.35234
3.82605
3.38082
3.61008
3.06219
2.60633
3.17982
1.76159
0.97610
2.01188
3.64895
3.38676
3.58250
3.50793
1.74038
3.06757
2.12070
3.63927
2.66837
2.17499
3.91939
3.67814
3.51618
3.81898
2.81264
3.78398
2.94911
3.71706
1.65310
3.40542
2.59682
3.28768
1.72449
2.47897
3.02405
3.53828
3.16510
2.95544
2.56499
3.90632
3.48157
3.78236
2.83120
1.67480
3.73353
3.32311
1.99714
3.62384
3.13030
3.07438
1.64933
1.63634
3.56520
3.92342
3.44958
3.07523
3.90348
2.82192
3.55680
3.80966
3.50484
3.87997
3.30926
3.75479
3.93097
3.32801
3.20722
4.01451
3.81901
1.59024
3.03115
3.26668
3.63170
2.06541
1.80724
3.33448
3.05405
1.91695
3.86477
1.80928
3.38190
3.04784
3.73956
2.93501
2.72894
2.75156
3.25049
3.59596
3.67189
3.01872
3.93034
2.31503
3.00439
3.38166
2.43048
3.74923
3.09589
3.26039
3.59910
3.81356
3.27219
1.93870
3.70362
3.01321
3.78546
4.10874
3.64156
3.70125
3.75011
3.98529
3.74541
3.43432
3.05840
3.97218
2.30665
3.72953
3.53038
2.64873
2.22109
3.26990
3.51347
3.47050
3.74525
0.58733
3.66754
1.54291
3.50945
3.75493
2.69520
3.88900
3.17840
3.85242
3.92674
2.92959
3.44081
3.46885
2.91538
2.76460
2.41318
3.31622
3.63348
1.96927
4.02662
3.85053
3.45612
3.82034
0.22815
3.24383
1.96805
3.79135
3.57034
3.57003
1.85604
3.55744
4.02924
3.28182
3.67618
2.67631
2.05830
4.00979
3.03223
3.34549
2.53474
3.66211
3.73079
4.02444
4.01057
3.37365
2.05958
2.32484
2.95007
3.38759
2.97625
3.45382
3.45421
3.48122
4.01253
3.35374
2.95553
3.47634
3.62826
3.15338
3.64617
2.87242
2.61722
3.20092
3.57721
3.18773
2.45872
3.48633
3.43060
2.03482
3.49426
3.66628
3.24770
2.59136
2.31878
3.03026
3.02528
2.66749
3.11996
3.65816
3.32948
3.92272
2.89089
3.29949
2.73618
1.95438
1.90168
3.23501
3.06517
1.81556
2.69327
3.23807
3.44527
2.44859
2.43082
3.34463
2.12102
3.33802
3.81951
3.62048
3.04851
3.13398
2.91713
3.06697
3.74069
2.84077
2.74675
3.50361
3.03912
2.16311
3.96479
3.98751
3.27693
2.54778
2.29279
3.89023
2.11468
3.50159
3.43971
2.93335
3.65120
3.61896
1.38106
2.39394
3.60646
3.46482
3.62492
3.30595
3.67970
3.53174
3.68422
2.28331
3.79013
3.57604
2.13612
3.19228
4.02483
2.93114
3.92187
2.45319
3.78744
3.28822
1.19929
2.54755
3.93619
3.53528
3.87254
3.09144
3.74822
3.13031
3.75371
2.70021
3.12137
3.74220
4.09950
3.40192
3.61106
3.40405
3.21687
3.47004
3.16411
3.70564
3.65486
3.27926
2.42158
3.46874
1.88602
3.26537
2.87393
2.28995
2.22737
3.71132
3.67948
2.31884
3.78211
1.19329
3.31194
2.33539
3.87483
3.42196
4.12754
3.22415
3.41298
3.69499
1.82055
2.42585
3.74692
3.56486
3.12482
3.24141
3.22893
2.92275
3.74170
3.35923
3.99088
3.77923
3.71852
2.16948
3.73875
2.18984
3.07353
3.59567
2.99071
2.87598
1.33464
1.04041
3.55237
1.60375
3.18977
2.40556
3.72045
1.76626
3.87575
1.29757
2.75667
2.41254
4.03376
3.93872
2.86130
1.98837
2.99452
3.55382
3.64861
3.83468
2.95222
3.97684
3.96326
2.54771
3.53011
2.99172
1.93161
1.77861
3.64836
3.69325
3.88474
3.42055
3.57396
3.79332
3.56934
2.73387
2.60739
3.81553
3.66956
3.37600
4.07548
3.75170
3.93392
3.55950
3.74133
1.45633
2.86833
3.84041
3.25847
3.50380
2.68078
3.10466
1.16844
2.65245
3.34948
3.06866
3.82976
3.54328
2.75383
3.69148
3.29345
3.68704
3.51204
3.67275
1.79004
3.23242
3.90799
2.99161
3.65992
3.83301
3.24558
2.45319
1.53394
2.99316
1.94443
0.42182
3.28804
2.71787
3.57675
2.96740
2.71377
3.92590
3.63252
1.09255
3.93833
2.72723
3.84851
2.05762
3.87609
3.56729
3.19701
2.50983
2.27636
3.07587
1.07826
3.39929
3.20933
3.09855
0.86395
0.90060
2.13643
2.93729
3.18588
2.51485
3.58440
4.11836
3.42661
3.33538
0.62509
2.81215
2.02526
2.12119
3.69959
3.25316
3.33706
3.37569
3.76556
1.58679
1.55673
1.05422
4.06044
1.18009
2.79239
3.68521
3.90741
1.86874
3.63309
3.25687
2.99095
3.57911
3.78252
3.14876
2.93296
3.30280
3.44327
3.44341
3.64392
2.97968
3.77200
3.56048
2.12067
3.76741
3.79357
3.63710
3.71337
0.92957
3.25114
3.16721
3.19893
3.72247
3.76728
4.06952
3.48672
3.52953
3.35287
3.44416
3.68781
3.27128
2.94570
3.81659
3.66595
3.63441
3.65072
2.33933
2.31805
3.34530
2.30443
3.74109
4.10540
2.42610
2.29782
2.08724
3.27121
1.42694
3.11042
3.84775
3.78402
3.76025
3.66245
3.56560
3.73250
3.47226
1.94688
2.71024
3.42455
3.80570
3.36471
3.82670
3.68033
3.56505
3.23659
1.91241
2.64112
3.57978
4.12074
2.70061
2.85757
3.93131
3.50832
3.08043
3.91531
3.19375
3.36024
3.75685
2.71991
2.97899
3.49235
3.88149
3.96800
3.50222
3.69423
3.55574
2.39632
2.82054
1.53819
1.90196
3.83296
3.91153
4.01460
1.91873
3.89659
3.47886
3.43599
3.28196
3.02601
3.64390
1.97647
3.26510
4.17024
3.78754
3.46966
1.08296
3.01640
1.03775
1.20659
3.31247
3.83907
2.34591
2.78320
3.92790
3.94487
2.72405
1.80433
3.67704
3.22526
1.76171
2.24985
3.32112
2.24690
1.88024
3.73940
2.63558
3.68907
2.51242
3.38421
3.08976
2.22543
3.99697
2.78644
3.11261
3.47394
3.84992
3.57648
3.24125
3.17022
3.57733
3.38902
1.57690
3.78424
2.63549
3.48229
3.22180
3.33957
3.24570
4.03354
3.92138
3.87284
3.17429
3.37422
2.39668
3.20209
2.06676
0.52009
2.71078
3.89361
3.51370
3.91901
2.64641
3.62295
2.25773
3.74602
4.00868
3.48383
3.81766
3.75729
1.84587
1.78406
2.15865
3.52155
1.57426
3.08036
3.52296
2.93876
2.44448
3.74930
2.70415
0.93830
1.81970
3.87933
3.59387
1.96445
3.57222
3.57309
3.89565
3.40812
3.18906
3.42356
0.89570
3.71310
2.77682
3.82336
3.39769
2.22539
2.56645
3.58349
3.96116
3.90920
1.26689
3.38972
3.12929
1.38479
3.98397
3.76027
3.02672
3.49260
3.02928
3.64989
3.20679
3.31851
3.41666
1.91812
3.60977
1.95760
4.08155
3.11357
3.88724
3.34622
0.80505
2.64365
2.40211
4.11602
2.26048
3.47987
3.74488
3.90406
0.70485
2.44604
3.86415
3.75124
2.08817
3.38714
2.40956
3.18154
3.52002
3.76938
3.71546
3.42100
3.43894
2.43502
2.32129
3.74374
2.39154
1.45908
2.73106
2.74677
3.65896
3.70350
3.01474
3.83265
2.82785
3.65770
2.59808
2.26953
2.18541
3.54514
4.01881
3.56933
4.01976
3.01684
3.98332
3.58623
3.24321
3.90630
2.19403
1.76447
3.54568
3.59572
3.82588
3.59764
3.65032
3.81559
2.94275
4.17041
3.15547
4.08236
3.63621
3.18430
0.59886
3.92114
2.60566
3.80121
3.41755
4.02700
3.60117
3.75548
3.65963
3.13472
2.12861
2.82345
3.62831
2.10802
3.22816
3.54441
3.28639
3.55004
1.63022
3.46401
3.12966
1.88696
3.49798
3.55496
2.62020
2.04371
3.04000
3.50092
1.56341
3.27766
2.83031
3.65458
2.69941
3.40270
3.54243
3.54729
2.50185
3.98792
0.32569
2.08635
3.42772
2.41375
3.53650
2.84311
3.02422
3.94350
2.14248
1.99259
3.03706
3.53859
0.62611
2.63887
1.79000
2.62140
3.10890
3.40740
3.13335
3.53282
3.63530
3.96418
3.97502
3.14153
3.90636
1.80601
3.62788
2.86615
2.58035
3.79799
3.37414
3.58039
2.92955
2.36476
3.60581
1.89874
2.88553
3.47813
4.05766
3.05964
1.59328
3.77785
3.56650
0.61454
1.74955
2.37550
2.19404
2.87281
2.90659
3.50837
3.47205
3.74123
2.66360
2.86795
1.96172
3.67061
1.96945
3.40883
3.73363
3.64350
4.02573
2.97315
3.69935
2.99035
2.79773
3.70160
3.82881
2.80159
3.48992
3.77716
3.04567
3.55959
3.77804
3.56520
4.10093
2.30733
3.26179
3.78625
4.03716
3.31998
0.89240
3.16784
3.50570
2.81022
3.79022
3.97199
1.67880
3.79056
3.53960
3.78720
4.19751
1.87326
3.37403
3.62861
2.27387
3.64163
3.75559
3.70138
2.74886
2.74839
3.26178
3.42674
3.46151
0.68640
1.00433
2.91219
2.99473
1.96382
3.76492
1.86399
3.88776
2.79304
3.68688
3.78827
1.40785
3.68628
3.79593
2.40253
3.63192
3.29963
3.37354
3.59132
3.37215
3.80808
3.68261
3.73903
3.10671
2.84346
1.81946
3.25772
3.41743
2.17938
3.75854
3.08260
2.55188
2.89770
3.67038
3.60714
2.47960
3.73124
3.43543
2.89636
3.59108
3.50495
3.67248
3.62796
2.90427
2.14101
3.40721
3.31916
3.63985
3.49714
1.82421
3.89445
3.58066
3.74091
3.87132
3.78492
2.24491
3.57654
3.51879
2.74762
2.85438
3.20188
3.32986
2.54104
2.55309
3.52121
3.96153
2.85778
2.62745
1.63852
3.29621
2.87149
3.80268
3.97882
1.22451
3.08417
3.94410
3.13539
3.83412
3.18945
3.91797
3.62203
3.48231
0.08335
3.17379
3.92102
1.58602
3.86113
3.89460
3.81143
3.43941
3.80241
3.29408
3.07699
1.72872
3.67937
3.20167
3.04744
3.79628
3.40582
0.96197
3.90532
3.71903
3.39769
3.68651
2.39203
3.83697
3.69656
2.82011
3.20450
3.79726
2.55661
0.61885
1.74498
3.99261
2.73008
2.95629
1.53694
4.03030
2.99367
2.90710
3.35665
3.29819
3.65751
3.64459
3.82592
3.43776
3.42767
1.48122
1.81733
2.37269
2.74420
4.03532
1.97631
1.71564
2.25160
3.55401
3.81514
3.50880
3.71280
2.05236
3.16421
3.15905
2.03713
2.08178
2.59364
3.97033
3.28042
0.59226
3.73000
3.07355
3.78927
3.21432
1.86221
1.10090
3.04934
1.49783
2.98321
1.62895
2.40259
3.44664
3.59476
2.56861
3.27477
3.70315
3.94274
3.82539
2.83757
3.88290
3.49857
1.17687
3.53721
2.83007
3.67136
3.06583
3.75835
4.21356
3.16655
1.97711
3.35041
3.02976
3.41302
2.64115
3.40682
2.54007
3.79721
3.45319
3.87096
3.68990
3.51783
2.36001
3.48550
0.55489
3.84062
1.94667
3.54016
2.98719
3.56725
3.80665
3.61666
3.99538
3.45229
3.81801
2.85125
3.77918
3.45665
3.83851
3.94834
3.80909
3.76468
1.52170
3.76478
3.82771
2.99962
3.15846
3.68251
3.79434
3.63202
3.32471
3.88190
3.49311
3.84377
3.72150
3.40970
2.01909
3.44928
3.78086
2.47970
3.32710
2.07863
3.56642
3.08734
0.94904
2.60308
2.73289
3.01573
3.67252
1.89563
3.80816
2.71257
2.08961
3.77029
3.54014
1.87751
1.02334
3.25052
3.56349
2.61135
3.85058
3.09461
3.44203
3.62257
3.89883
2.03213
3.63137
4.02550
1.35667
2.33750
4.00502
3.60160
3.79914
2.76012
3.03723
2.70989
3.36700
3.03998
3.69139
3.55450
3.42236
3.56628
2.93039
2.87354
3.26330
3.81390
3.81300
3.47445
2.32915
3.79169
3.84724
3.55374
2.05749
3.46787
3.75468
1.22001
3.83319
1.04190
3.54300
2.77070
3.24738
3.35494
3.76287
3.92264
2.51386
3.50599
3.48597
3.28302
2.82530
2.14782
1.98772
1.84248
2.87817
2.93590
3.38229
3.18304
3.73981
3.70009
2.81837
3.80751
1.76007
1.94489
1.89297
2.35936
3.87583
3.46003
0.77296
3.66669
3.51724
3.47572
3.48400
2.66920
2.31774
2.15770
4.07041
3.49384
3.56871
3.35230
3.50125
3.58089
3.68316
3.55372
3.72895
3.88903
3.53520
3.03050
3.81860
2.73355
3.67393
3.70173
2.61943
1.25400
3.42449
3.54849
3.74484
3.14546
3.49727
3.79193
2.81279
3.63097
3.19827
3.11267
2.29888
3.20311
2.51780
3.96363
3.81712
3.42956
1.35567
3.20793
2.10585
3.55872
3.73136
2.14906
3.61237
3.49947
3.10400
3.74380
2.33336
2.11708
3.75343
3.70684
3.36048
2.32052
3.28096
2.50710
2.64780
3.04168
2.90835
1.67077
3.90251
3.07697
3.85379
4.10272
3.43525
3.26372
2.34221
1.63879
3.11396
3.43402
3.82514
3.74696
3.23770
3.50710
3.01734
3.08825
3.74294
2.96713
3.17476
3.24750
3.62119
2.66127
2.75241
3.57039
1.21148
3.78890
3.95591
2.86821
3.89062
1.81806
3.79113
3.97548
3.52774
1.67493
2.53469
3.35326
3.44805
3.67114
3.21444
3.68698
3.28202
3.98243
3.21918
3.94865
3.76671
3.99762
3.66581
3.41960
3.74510
3.76008
3.50659
4.06181
3.33108
2.04106
3.51258
3.42001
3.57478
3.75458
3.84168
3.39791
2.52033
3.77592
4.00606
3.90928
3.13857
1.26478
3.33030
3.18559
1.26789
3.78325
2.90231
3.19626
2.87696
2.90715
2.99727
3.64277
2.86454
3.65151
3.57289
1.93311
1.61999
3.79604
3.72744
2.62586
3.23670
3.00846
2.32077
2.58074
2.74482
3.15936
3.84244
3.49509
4.05127
3.82195
3.86776
3.35237
3.93137
3.64976
4.08461
3.65637
3.92296
3.05656
3.56725
2.77246
3.09011
3.14604
2.10175
2.91497
2.73190
3.36284
2.52466
2.70245
3.60879
3.15675
3.19596
0.89588
3.58835
3.74185
2.84002
2.75705
3.85221
3.54192
3.73537
3.65871
1.93421
3.91620
3.95888
3.73639
3.27531
2.00172
3.26769
2.61028
2.35733
3.70379
3.97179
3.13035
2.92396
2.34926
2.88653
3.99318
3.74351
3.30443
2.63721
3.81672
2.82584
3.00523
3.79881
2.65965
3.47669
3.60935
1.95366
3.45972
0.76695
2.37278
3.47659
3.29012
3.19408
3.61824
2.75173
3.92991
2.79539
3.63154
3.56820
3.77733
1.83900
3.84986
3.49476
2.34180
3.97033
3.46117
4.04041
3.52873
3.59451
3.44658
2.93619
4.07510
3.40447
0.70045
2.47923
2.76681
2.19789
3.27852
3.76057
3.69006
3.70343
3.76365
3.73737
1.32248
2.37394
3.73265
3.07947
1.71316
3.32557
3.16548
3.45929
4.00148
3.78087
3.51903
3.13093
3.67715
2.64130
2.18462
3.64044
3.76055
1.17258
3.74114
1.07022
3.49685
4.22450
3.27080
3.84717
3.58633
3.13520
2.99538
3.45560
3.22558
4.16976
3.28109
3.40746
3.75559
3.91528
3.69967
3.64505
4.01937
3.14323
2.21514
3.81794
2.47995
3.45834
2.20348
3.47599
3.98373
3.84819
3.56109
1.09376
3.87180
3.64753
4.00035
3.36231
3.78557
3.51340
4.00849
2.79708
3.56048
1.21135
3.12023
3.31241
2.84337
3.28883
3.91576
3.39017
3.28997
3.35162
3.94955
2.79711
3.12575
1.42446
3.16794
1.81481
2.58701
3.01523
2.24933
2.35205
3.62000
3.62788
1.27910
3.05797
2.99343
3.58876
2.72991
3.98087
1.79276
1.60452
2.97524
3.92023
3.35571
2.72564
2.66678
3.89612
3.34384
3.81947
3.21514
3.62241
3.63388
3.47616
1.67196
2.91058
3.70546
3.54594
4.04077
3.51477
4.07091
3.51081
3.57426
1.74055
3.86931
3.70704
2.91916
0.07270
2.20039
2.59029
3.47190
2.47042
3.15947
3.10154
2.91338
3.57675
2.65474
2.85529
3.35596
3.67164
3.89470
2.88147
3.75902
2.40767
2.90834
2.29643
2.76418
3.48687
3.69013
3.33227
3.98671
3.66688
1.53476
3.79362
1.95877
1.40231
3.36634
3.41567
3.42784
3.72299
3.23499
3.58214
3.37276
4.00267
3.62952
3.06572
1.99870
2.42337
3.92636
1.82136
3.58419
2.57300
3.22314
1.50435
3.61231
3.07785
3.74460
2.93251
4.03369
0.79704
3.82349
3.01600
3.48345
3.40191
3.58061
2.34222
2.62121
3.46344
4.07173
3.85870
3.81625
2.41503
2.83261
1.48571
1.80146
3.36436
2.14661
3.61235
3.83613
3.53405
3.53100
3.83542
3.72453
3.27693
2.69411
3.32489
2.91155
3.77522
3.34528
2.11285
2.95317
3.47419
3.33417
2.79898
3.43192
2.89609
1.47343
3.54530
2.88459
3.13653
3.60091
2.09749
3.21755
3.21606
3.87283
3.68274
3.69311
3.89764
2.97182
3.31590
1.12231
3.31170
1.39323
2.69585
3.70267
3.07405
2.07953
3.84471
2.22348
3.48986
3.47027
3.82503
3.30433
3.44155
3.58623
2.17243
3.58061
3.21079
3.56466
3.35061
2.24314
4.01717
3.62251
2.61474
1.34596
3.79685
2.01276
3.69891
4.13356
3.80067
2.92797
3.39012
2.59804
3.18342
3.77406
3.83561
2.71170
4.04062
2.15004
3.21348
3.45057
3.18053
2.72829
2.68141
2.03677
3.39524
3.56430
1.14668
3.34990
3.01224
2.92358
2.53842
3.39940
3.88826
3.35479
1.50567
4.01758
3.27824
3.35767
1.29177
2.13521
1.90148
2.67501
3.42741
4.01024
3.39345
3.47583
3.71049
2.49850
0.87820
2.96217
4.25482
3.02365
1.21190
3.51930
3.52926
1.63082
3.38057
2.28107
2.77629
3.99205
3.58252
1.22031
3.35786
4.06574
3.64932
3.52645
2.22287
3.83870
1.80560
2.45211
2.32719
3.74567
3.19320
3.07051
3.33564
3.85170
2.39129
3.58648
1.88842
4.02239
3.90804
3.26338
3.46380
3.23138
3.59063
3.65065
4.02766
2.71156
2.79189
3.87425
3.48335
3.68349
3.68585
3.28904
3.76829
4.01011
3.29051
3.66779
3.36047
3.00242
3.60494
4.11272
1.50903
3.43889
3.70087
3.80645
3.84876
1.51532
3.74148
3.81542
3.74655
3.14409
2.51821
3.22947
2.19524
3.20346
3.64336
3.99256
3.87023
3.96376
2.97894
2.12805
3.78022
3.77587
3.65170
2.94389
2.77353
3.90552
3.36785
3.56490
3.08986
3.53738
3.98249
3.51652
1.93594
2.98046
0.35073
2.07252
3.95028
3.96930
3.27682
3.39166
4.00124
2.44655
3.28769
3.24293
3.25309
3.26537
3.40201
3.91293
3.61028
3.28317
4.07211
3.58195
3.76215
3.46664
3.96533
3.57834
2.48889
3.74229
3.19670
2.73677
3.32763
3.85890
2.33320
3.98437
3.79053
1.62309
3.73772
3.19177
3.57685
3.58956
3.80228
2.48796
2.69447
2.91017
3.08045
3.27905
3.80117
4.13917
3.77850
3.88853
3.66462
3.80478
3.16008
2.54228
4.15539
3.59574
3.57893
4.03238
4.01139
3.15005
3.15625
2.70857
4.03933
1.14673
3.00737
3.86219
0.57825
3.88494
2.54806
3.53642
2.18359
3.06858
3.02506
3.71746
3.12820
3.69518
3.42854
3.43571
3.27675
3.02803
3.23139
3.15370
2.95217
2.15473
2.84089
2.91960
0.48481
3.58064
3.84077
3.58549
3.58746
3.40490
2.01074
3.19602
2.82535
3.55072
2.67803
3.01195
3.49448
2.91514
3.04221
3.76462
1.86429
3.76950
3.69952
3.57410
2.52927
3.25814
1.85936
3.95331
3.29850
2.93057
3.89248
4.00344
2.78201
3.59083
2.98333
1.10505
4.04867
4.00427
3.51784
1.95532
4.01593
3.23204
3.70805
3.45051
3.59775
3.65555
3.20155
3.51919
2.30516
3.67035
3.96319
3.84655
2.22379
2.68433
4.05698
2.15225
2.59761
3.08246
3.88350
3.75040
3.61109
1.85664
3.27964
4.19816
3.90053
3.97872
3.94764
2.21339
3.72059
3.42986
3.46639
3.20976
1.72211
3.25332
2.98123
3.10808
3.70247
3.84660
3.12364
3.83646
2.17631
3.71943
2.06664
3.95707
2.00877
2.12661
3.64497
3.49470
2.41090
3.92471
2.89865
3.02681
3.51687
0.81906
2.39348
3.24371
2.97687
3.70076
2.16119
2.75007
2.94768
3.33652
2.08801
4.16619
3.37054
2.37687
3.47033
3.07307
3.51150
3.49908
3.57442
3.78148
3.50766
3.66549
3.46862
1.77239
3.58498
2.46541
3.60586
3.07342
3.76789
3.60825
3.38128
2.78179
2.99925
3.91557
2.66484
3.06700
3.99061
3.78789
3.71708
3.01166
3.58393
1.67601
2.00522
1.85274
3.67620
3.74943
3.92427
1.99770
2.35281
3.30016
2.02800
1.82732
3.31779
3.51749
3.79721
3.78113
3.27923
1.79217
3.67927
3.71263
3.75739
3.08918
2.67521
1.73632
3.35300
4.10094
1.40780
3.51621
3.84275
2.83071
1.72989
2.87943
3.26128
3.57996
2.95169
3.28411
3.00058
3.69792
3.98552
3.14803
3.60043
4.14142
3.39896
3.99647
2.65928
3.74720
3.81160
3.49871
3.56163
3.46118
3.98745
3.94715
3.15811
3.44301
3.56229
3.86048
2.34798
3.71042
3.52350
3.96982
3.72495
3.03461
3.14061
3.78272
3.48177
3.22455
2.99791
2.26831
3.13204
3.80768
3.62285
2.52381
2.83959
3.98576
3.70452
3.96633
3.21135
2.21714
2.08828
2.15770
3.69281
1.96615
3.93995
3.87454
3.01952
3.65330
3.36089
3.61019
2.76553
3.09886
3.82967
3.81781
4.10754
1.42058
3.73003
3.86175
3.69168
1.92099
2.07656
3.39353
3.94922
3.58849
3.34426
3.69491
4.10250
3.29839
3.62371
3.83258
3.78783
2.06875
3.08915
2.76859
3.29564
4.02125
1.63258
3.71264
1.93142
3.85694
3.00616
3.05470
2.26081
3.81220
3.59419
3.95576
3.51599
3.35055
3.79585
1.52695
3.74669
3.39286
3.19788
3.34898
3.36457
2.55268
3.16576
3.70826
3.75690
3.63282
3.96782
3.47150
3.96310
3.82455
2.65383
3.71646
3.70931
3.33994
3.69250
3.82918
3.67122
4.16999
3.43166
0.38220
3.85484
3.56433
3.06494
2.84068
1.84732
3.57852
2.69630
3.54256
2.94776
3.92399
3.29772
3.16314
2.89592
3.90621
3.06440
3.44083
2.49548
2.71134
2.95956
1.83509
2.50525
3.01214
3.58257
3.53678
3.22634
3.61175
4.11596
4.25705
2.93027
3.60597
3.31148
3.91071
3.37118
3.79803
0.18364
3.28187
3.49100
3.67322
2.63540
1.77401
3.38448
3.75974
3.77678
2.73516
3.78232
3.31544
4.08434
3.04229
3.34676
2.79384
3.59085
3.39571
3.59914
1.15883
2.43018
2.78950
2.61674
3.23010
3.25559
3.00836
3.67706
3.43376
3.98261
2.04172
3.82310
2.96129
2.06786
3.78269
3.86218
3.96700
3.65182
2.79193
3.71240
2.94692
3.39795
3.11535
0.76477
3.36247
3.61470
3.80538
3.82743
3.85964
3.83152
3.18659
3.73096
2.19182
3.82865
3.92454
3.73386
2.21050
3.04939
3.99489
3.41706
2.01974
2.87170
2.46246
2.76770
2.76587
3.35019
3.97511
3.59239
3.21781
2.49744
3.47968
3.64924
2.13370
3.49157
1.79096
3.45285
3.54802
3.77405
2.82899
3.08396
3.50756
3.93129
1.89260
3.47148
3.63334
3.83688
3.78124
3.02243
3.53508
3.60797
1.40778
3.61798
3.20681
3.72412
3.71260
3.12283
1.50743
3.73965
3.71582
0.49890
3.22811
2.64432
1.87648
3.40631
1.26689
3.87476
1.86730
3.96740
3.48899
3.91741
3.64370
2.78227
3.61340
3.67586
3.87126
2.35166
2.11627
2.43217
3.32629
4.01887
2.12690
3.89250
3.99264
3.89123
2.93022
3.81701
3.75091
3.93022
3.55254
1.13817
3.07061
3.09932
3.79733
2.21814
3.53517
2.78800
3.90875
3.61012
1.45901
3.87128
3.74310
3.79296
3.17491
3.50830
3.18135
2.23858
3.81884
3.56177
3.69591
3.26117
2.32176
3.81966
2.55680
3.55321
3.84738
1.84369
3.30778
2.65250
3.32252
3.81716
3.28994
2.13532
1.45206
3.55208
2.46745
3.54928
2.75227
1.94403
1.51220
3.14190
1.10775
1.39795
3.20525
4.06790
3.26632
3.60770
3.75610
3.54346
3.67751
3.60254
1.30909
3.53967
3.36848
3.63228
3.98964
3.31100
3.66400
3.97497
1.48110
3.07484
2.38889
3.78096
3.56794
2.56975
3.69994
2.12071
3.17543
3.76459
2.72545
3.83278
3.98146
3.19153
2.76004
3.37152
3.15547
3.32983
1.66275
3.78147
3.54286
3.47742
2.50128
3.17973
1.83397
3.37394
3.48592
3.80707
2.66014
3.05922
3.22697
1.31414
2.86677
3.63091
2.19313
4.10403
3.66151
2.64118
3.93509
3.56176
3.91583
3.60629
2.94744
3.87787
0.97367
3.88193
3.72038
3.55558
3.78690
3.60462
4.00987
3.08322
2.75357
3.89391
3.87511
1.33694
3.60181
4.00798
3.61459
3.06764
3.04466
3.76288
2.76403
3.40942
3.42801
4.16893
3.13539
2.95966
3.68438
2.90973
2.06581
2.85070
3.20753
1.93915
2.54586
1.40806
3.71744
3.47345
3.37648
2.45393
3.41778
3.93401
4.06732
3.97292
3.39678
2.46730
3.81395
3.52590
3.71245
3.63838
3.99218
3.76047
1.79369
2.77935
1.83320
3.40265
1.05419
2.96272
3.75583
3.49843
3.69387
3.46946
3.60109
3.69868
3.62426
3.31721
2.78299
2.63219
3.98977
3.61281
3.39030
3.33176
3.20880
1.89497
3.58593
1.70492
2.21308
3.67490
3.21607
3.61005
1.90315
1.84672
1.02770
1.46032
1.41377
3.22899
3.49581
3.82787
3.40980
3.64954
2.02134
1.52338
3.78529
3.57083
3.50318
3.44246
3.56024
2.85692
1.78376
3.53407
3.86962
3.60754
4.01607
3.80179
3.17681
1.93795
3.33809
2.05551
3.23415
3.25092
3.62276
3.88804
2.57883
2.24615
3.98117
3.83869
3.45104
2.47949
3.38206
3.72392
3.16131
3.55848
3.62660
3.74475
3.53549
3.56742
1.53335
1.65142
2.87748
3.59680
3.02505
3.67614
2.59464
3.76736
3.69660
3.01493
3.81771
3.73600
3.77661
3.74394
3.22950
3.90853
3.25873
2.91723
3.54963
3.83583
3.44225
3.89412
2.46310
1.99127
2.21881
3.57779
2.40708
3.52364
2.95890
3.34619
2.50870
2.93813
3.10470
2.71959
1.11337
2.49299
3.94297
1.52509
1.03036
3.82573
4.02924
3.61746
3.92978
3.93205
2.67134
4.10668
0.96670
4.04182
3.17524
3.65958
3.49863
3.41140
2.25895
2.56023
1.07428
3.07648
4.02090
3.83191
3.76530
4.01338
2.51756
3.67625
3.63211
3.80409
3.63382
3.23419
3.34930
2.64904
3.62440
3.95346
2.01843
2.47790
3.41083
3.87411
3.08166
3.60010
3.59882
2.43993
2.96635
1.50297
3.75337
3.94780
2.77488
3.42595
3.30377
3.74665
3.99248
3.81172
3.51578
4.06154
3.59518
3.45142
3.61657
2.83854
3.40241
3.83234
2.17468
3.41048
3.51342
3.32791
2.20986
3.64639
3.68195
2.38558
3.79603
3.28483
1.71777
4.03394
3.70521
3.42844
3.39274
1.85990
3.69805
3.97316
3.57415
3.85669
3.59226
3.61977
3.17594
2.34709
0.14378
3.93928
3.60920
3.21676
3.55893
3.66182
4.05992
2.64077
2.49297
0.70537
3.34582
3.79704
3.91296
2.96124
3.47761
3.82262
3.96238
3.50843
1.75208
3.65652
2.89743
1.68474
3.52414
2.86519
4.06417
3.46568
4.04990
3.21038
2.44000
3.23783
2.14873
2.46924
3.38095
3.55094
3.47867
3.17958
3.68968
2.88483
3.20329
1.05800
3.26773
1.83155
3.57610
2.59645
2.11313
3.55829
1.67934
3.16249
3.43986
3.78161
3.42887
3.63018
3.30460
2.30344
3.65455
2.84647
3.46449
3.44544
3.36412
3.41997
1.32899
3.17727
3.84665
3.62474
3.67265
2.72389
3.55702
3.24184
2.59767
3.77985
4.07849
3.95159
3.52785
3.72023
3.69839
3.38207
1.80425
3.92942
3.59449
1.45310
3.83697
1.59467
3.03766
3.59354
3.23449
2.74440
3.59706
3.76324
4.03406
3.54254
3.55698
3.41232
3.34478
3.56592
2.68375
4.02493
4.08598
3.57502
3.85176
3.91814
3.33288
3.96597
3.65063
2.95000
2.97372
3.75581
3.66388
4.01427
3.73076
3.21881
3.09439
2.63477
3.42399
3.57650
2.83838
1.15677
2.78901
1.86187
2.67586
2.60742
2.29797
3.66680
3.45545
3.62655
3.37458
2.69346
2.59317
4.15886
3.89335
3.23099
3.53803
3.76893
2.77823
2.79855
2.92489
0.98150
3.61836
3.74871
2.09555
3.50914
3.42732
3.55392
2.10788
2.31495
3.13424
2.92231
1.24644
3.43704
3.45928
3.91406
3.55730
2.36455
3.69655
3.43575
3.65108
3.49804
3.75174
1.38116
3.48916
4.02913
3.66568
2.05087
2.25574
3.93771
3.19148
2.91021
3.80474
3.80035
3.35623
3.58994
3.80796
4.09003
3.25127
3.41343
3.39052
1.81826
4.10972
2.72052
2.89286
3.49402
3.40486
3.99510
2.80408
3.07193
3.31245
3.93468
2.87284
3.47359
2.14562
1.41437
3.62992
3.36375
3.61163
1.33922
3.93607
3.56765
3.14373
4.10995
3.89945
3.55122
2.41443
2.68554
3.42050
3.39620
1.64835
3.38015
3.38493
3.87300
3.24277
3.98510
3.39556
2.41780
3.78404
3.58532
3.81296
3.12440
3.57329
3.55676
1.56483
1.37343
4.07105
1.62172
3.65657
3.04496
3.57514
1.80056
2.96232
2.80768
3.85914
2.99041
3.29658
3.03643
3.11267
3.76952
3.61227
3.83317
3.66663
3.30667
3.36695
3.48700
3.61976
3.84290
3.50437
3.71455
3.69511
3.82142
4.06307
3.24677
3.76849
3.41900
2.12507
3.42696
3.68796
1.42134
3.82441
2.90473
0.56057
3.53078
2.81306
3.83791
2.90309
3.42462
2.61938
2.76550
1.05769
1.39307
3.06062
4.13092
3.23625
3.52509
1.47757
3.32688
3.73083
2.88689
3.39187
3.69035
2.61597
3.44086
3.53581
3.67243
3.41589
2.76833
3.48758
3.38051
2.38116
3.20163
0.90038
2.22415
3.60753
3.92782
3.93826
3.07957
3.16588
2.53422
1.41654
3.93354
3.52696
3.70577
3.03013
2.89318
3.79086
3.05367
3.29977
3.68905
3.06106
0.22501
3.50411
3.04780
2.31077
3.80593
1.63375
3.05340
3.50760
2.22466
4.09062
3.67565
4.18074
2.94058
2.90617
3.88658
3.88803
3.34114
3.90558
3.94987
1.81455
3.77640
3.31868
3.09642
4.15985
2.98688
2.26189
3.98463
4.03595
1.90716
4.13418
1.70200
4.06543
3.56447
3.13764
3.70850
2.98741
1.85144
3.90135
3.69564
3.74188
3.60932
2.37844
3.20464
3.80357
2.57892
3.46962
3.87552
3.54222
3.23523
2.68990
3.44956
1.56494
3.89645
3.34830
3.46292
2.88937
3.94296
3.77166
3.82662
3.82662
3.31533
3.97803
3.35613
3.37888
3.35270
2.60128
3.20058
3.94449
3.74606
2.52095
3.71084
2.72701
3.77939
1.75317
3.38176
3.48074
2.31160
2.62865
3.43152
3.45936
3.75347
3.26525
2.09385
3.87681
3.94560
2.31290
2.94314
1.20158
3.46710
3.94979
3.45959
2.09010
3.39348
2.59449
1.99030
3.53440
2.80334
3.31983
3.43282
1.75100
3.21581
3.96135
2.23312
3.73612
2.48405
3.52879
3.20986
3.06071
2.97690
2.99767
3.65155
3.79629
1.21382
3.55905
2.85216
3.17466
3.65027
1.48298
3.82362
1.08909
3.76962
2.52385
3.21894
3.63434
3.59326
3.12589
1.62400
3.29793
3.10846
3.35637
3.53728
2.86949
3.50818
2.33877
4.06221
1.38228
3.85930
3.84458
3.41856
3.33020
3.62960
2.73946
3.17671
3.28151
3.62165
3.47326
2.93291
3.50160
3.27661
3.58424
2.31375
3.63522
1.85106
3.72188
3.07191
3.19723
2.40046
2.85916
0.98208
2.96738
3.51453
3.67772
3.65864
1.28575
3.56634
2.48331
3.67566
3.62002
3.09346
3.72009
3.76968
3.56782
3.70604
2.43847
3.35531
3.86409
3.63974
2.14127
3.63557
3.79461
3.30849
3.78376
2.92581
2.12723
1.24943
2.14254
3.66804
2.51345
3.68559
3.85069
3.42351
3.16786
3.71021
3.43558
3.55979
3.27100
2.28956
3.15223
3.60387
2.11095
0.05691
2.32736
2.21742
2.90848
2.97564
3.35051
2.55178
3.17039
2.24008
3.82488
3.54412
3.66225
1.49082
1.89398
3.73243
3.14634
2.71707
3.52412
2.06636
2.03769
2.81005
3.65529
2.44010
3.41894
3.27519
2.15846
3.77925
3.65669
2.88952
2.91152
3.69012
3.56469
3.34799
3.85739
3.49560
2.40132
3.15143
2.68159
0.26663
2.47565
3.73568
3.56614
3.13813
3.48082
1.21036
3.47333
3.43102
3.62463
3.61921
3.69982
3.92308
1.37848
3.90248
3.87274
3.98597
1.22792
3.77031
2.16081
3.45045
3.27017
3.27278
2.48506
3.21026
2.56022
3.20285
2.23960
3.18392
3.33287
1.68909
2.27765
3.51896
1.87096
1.79800
3.18556
3.48114
2.38394
3.03910
2.73717
3.75976
2.06035
1.62618
3.14776
3.86501
3.88393
4.10166
3.45459
3.89658
1.50938
3.61653
3.52929
3.96310
3.65694
4.09109
1.74451
3.64676
3.13088
3.67273
2.76191
3.50095
4.02439
3.61939
2.77364
1.46546
2.57972
3.48992
2.90550
2.95356
2.36453
1.96764
3.29472
3.54391
3.90051
1.81196
3.62744
3.84741
3.76282
0.83231
3.75451
1.05352
3.50830
3.22858
3.86464
2.01291
3.78090
3.48180
3.42232
3.34597
3.53421
2.11287
3.59114
3.01910
3.82636
2.78517
2.59446
3.58063
3.19820
3.60880
0.65696
3.75631
3.45280
2.77130
1.84571
3.35980
3.53379
2.98714
1.94687
2.45846
2.99082
3.55038
2.23886
1.71436
3.75160
2.40980
2.91071
3.47873
3.33720
2.35435
2.26898
2.85049
4.01509
3.16891
1.08290
3.60240
2.03158
1.75148
3.14319
2.11938
2.85595
2.41107
3.19541
3.94275
3.53910
2.33904
3.99039
3.65880
3.83786
3.61846
2.81917
3.62519
3.72077
2.50504
2.55694
2.15748
3.57054
3.54862
0.97603
3.22303
3.99649
3.63501
3.54213
1.70630
1.32885
3.57712
2.44037
2.66563
3.58447
2.99591
1.52679
1.00012
1.61967
2.92387
2.70895
2.94141
3.86998
3.17588
3.99081
2.33749
3.89269
3.54084
3.73469
3.70885
2.65331
3.96268
3.09093
3.35717
3.52725
2.72749
3.71089
2.36518
3.66112
3.97317
2.29332
3.88533
3.38657
2.93042
3.32341
3.52575
3.60770
3.35923
3.70684
3.54747
3.44354
3.37172
3.43775
0.95329
3.57763
3.48747
3.30492
4.14930
3.83298
3.07987
2.91704
1.14797
3.67075
3.32966
0.63275
1.88524
3.68052
4.04596
3.29370
3.65905
3.95125
3.75593
3.49567
3.59578
3.83417
1.80992
3.56756
2.54410
2.04683
3.63725
3.89960
2.59982
3.07780
3.82652
3.84005
4.08679
1.62608
2.55660
2.44468
1.55797
3.46416
3.71496
2.36543
3.55673
3.87057
3.75414
3.64014
2.72769
3.53266
3.18671
0.87911
3.91317
3.17857
1.63289
3.69989
3.59163
3.27722
0.67339
3.96941
1.62484
3.20611
3.69112
2.87890
3.30989
3.23677
3.47094
3.72518
2.73522
3.25278
3.62427
3.75013
3.53374
3.42542
3.73257
3.28591
3.17418
3.06014
2.54080
1.64948
0.76552
2.76105
1.91162
2.55770
3.32558
0.75947
3.64838
3.77201
3.59867
2.50951
3.63204
3.16931
3.62137
2.51883
1.95756
3.79794
2.77922
1.15058
3.39362
3.43179
2.14660
2.58579
4.09809
3.40313
3.95552
3.33333
3.60354
2.77749
1.89547
2.86880
3.41608
2.82935
3.10798
3.32622
3.44324
2.15733
3.37050
3.80621
2.46923
0.52777
2.51712
2.93184
2.11350
2.77686
3.94039
2.32096
2.69265
3.49445
3.43325
3.25424
2.66340
3.44672
2.86484
3.83697
3.31978
3.90373
3.12780
3.68281
3.59218
3.49255
1.41061
3.59208
3.59113
4.13046
3.26266
2.68906
1.38938
3.85445
3.85075
3.30221
2.79308
3.44909
2.32469
1.44097
3.57304
3.67931
2.21523
3.45653
3.21309
2.52815
3.74274
3.84856
1.82181
1.31217
3.80273
2.12105
1.70624
2.86447
2.80550
2.27961
3.57726
3.76004
3.31076
3.95262
3.42887
3.84914
3.67051
3.60822
2.24294
3.87605
3.44010
3.86195
1.83999
3.41760
3.80391
3.85852
4.02518
2.33022
1.95519
3.54396
3.18882
3.69219
2.80837
3.70562
3.83115
2.67701
1.97752
3.54896
3.70766
3.38095
3.63913
2.09372
3.62464
3.39493
1.76582
3.64555
3.70401
3.95444
3.44015
3.85180
2.20544
3.15023
1.88686
3.56570
3.74888
3.89011
2.92558
2.34899
3.81899
3.65721
3.58703
1.28695
3.11609
2.29007
2.16889
3.63105
2.91280
3.76654
3.31646
2.99988
3.69939
2.37859
3.58463
3.59309
3.81031
1.15803
3.09128
3.55050
2.79548
3.70650
1.93895
3.43504
3.90240
3.75419
0.08124
3.28892
3.95051
3.62242
3.59654
3.89413
3.42083
2.37878
3.91770
3.83409
4.01896
2.23772
4.01555
2.65527
2.43294
3.43351
3.70565
3.40150
0.74975
3.03183
3.55863
3.74368
0.85355
3.75698
3.42492
2.54236
3.97025
2.57784
2.31555
3.82741
2.31653
3.48486
3.30375
4.03690
3.82472
1.59643
1.11904
3.90571
3.54321
2.98531
2.86891
1.09990
3.28400
3.39834
2.67494
3.86259
4.13571
3.46614
1.81181
2.92819
3.04256
3.82325
3.60790
3.43870
1.47272
3.44146
3.42405
3.83484
3.12007
3.72962
3.76639
3.16416
1.74136
3.96467
2.91441
3.43514
1.48881
3.40290
3.10781
3.89462
3.65058
3.63322
3.46615
3.86772
3.66417
3.41636
3.87712
3.67793
3.63896
3.77638
3.32475
1.82480
0.46290
3.16750
3.42029
1.42552
3.83520
3.73409
3.26708
2.09614
1.98353
3.47447
2.55613
2.85918
3.61465
3.60958
1.51289
3.53453
2.66315
3.02893
3.30265
3.61508
0.74060
3.26477
3.70995
0.47194
3.45026
3.34554
3.92549
2.76019
3.26389
3.78097
3.56011
2.84496
2.07829
3.92379
3.17013
1.60846
3.05391
2.43631
3.78542
3.96999
2.81723
3.54957
4.17817
3.56739
3.39153
3.71223
2.62093
3.29956
3.20432
1.75594
3.81974
3.79975
3.61930
3.70188
3.04157
3.42865
2.58479
2.82638
1.48327
3.90543
1.98209
3.09517
3.33478
2.94411
3.76667
3.98963
3.61261
3.38727
3.35421
3.76897
3.24857
3.69918
2.94003
2.77533
3.59763
2.07604
2.98782
3.62892
0.47589
3.13270
3.50456
1.96246
0.37056
3.67997
0.68920
3.52873
1.90454
3.15942
1.93321
3.33460
3.62888
2.84876
2.60111
3.35272
3.24430
3.73258
3.96032
3.98007
1.54728
2.84629
1.38456
3.90246
3.15468
3.54462
3.22692
3.81463
2.07637
3.36799
3.54640
3.92406
3.91072
3.97382
3.07201
0.56768
2.91881
3.27638
2.04764
2.64995
2.00854
1.94707
2.63605
3.54435
3.07969
3.37127
3.81201
3.01561
1.69480
1.66762
2.93894
3.43451
2.44287
3.85095
3.97358
4.18078
3.79167
3.32424
1.97796
3.43158
3.16872
3.56812
4.12061
3.36284
3.31863
2.88894
3.45854
2.99527
3.51895
4.03488
3.70325
3.20911
2.81009
1.48939
3.36838
3.82177
3.58906
2.88341
2.25732
3.51790
3.80313
3.95109
3.27717
3.66172
3.98367
3.44456
1.27258
2.98536
4.04976
3.77672
3.80198
3.37663
3.99407
3.25907
1.98274
3.72150
4.04058
1.89055
0.86870
3.52324
2.32531
2.36407
2.96576
3.58313
2.43474
1.93813
3.67872
2.07032
3.46594
3.83531
1.77137
0.76342
3.85279
3.07246
2.80105
3.06077
3.17726
3.12957
3.45226
3.28822
4.04961
3.83626
1.61387
2.50517
2.94966
0.78441
3.33654
3.64353
3.94733
3.25185
3.87337
2.91963
2.88395
3.66616
2.59186
3.96716
3.22703
0.52551
4.04989
2.74983
3.97803
3.98123
2.26279
3.07607
3.99168
3.51251
3.91506
3.41349
3.77391
3.74071
0.99721
1.81824
3.70217
4.03384
3.81960
3.87766
3.15325
2.44032
1.45850
2.15148
3.60785
3.40193
2.43706
3.78396
3.67731
3.48449
1.92171
2.37429
3.15758
3.71175
0.80256
2.88292
0.92716
4.11690
3.66048
3.67391
4.12723
3.25090
3.62276
2.25014
4.09812
3.27942
3.85570
3.03523
3.23299
3.48005
3.96100
3.37362
3.37397
2.33652
3.26210
4.00734
4.22064
1.44021
3.61884
3.26428
3.44797
3.23487
3.64471
3.43693
2.45359
3.63641
0.24837
2.94774
2.33580
3.19900
3.64765
3.24822
3.54380
3.94942
3.35411
3.44112
1.81829
0.23053
3.65831
4.07330
3.64468
3.47446
3.04363
4.05484
3.66512
2.10409
3.10450
3.74181
2.99503
1.26700
3.37509
3.03853
3.51470
3.54193
3.59170
3.59782
3.58563
3.93444
3.58355
3.59743
3.59007
3.78073
3.32747
2.94820
3.13752
3.60868
3.65269
3.86749
3.08526
1.84359
3.44378
3.86140
3.29094
2.79149
2.70323
2.62014
3.72587
2.91525
2.84654
3.83687
3.15365
1.34000
0.40141
3.36417
3.93602
2.21729
2.41730
4.18831
3.45739
2.82453
2.03356
2.92143
3.54663
3.39409
2.97552
1.90285
3.21164
2.45756
3.85658
3.84876
3.54711
3.49070
3.24783
3.30996
3.71953
3.90799
3.44570
2.51813
3.72825
1.99676
3.45500
2.59677
2.37795
3.33212
4.16056
2.29770
3.45812
1.58214
0.94661
3.91336
2.31851
3.78544
1.62507
3.50579
3.46237
3.12327
3.55403
3.38360
3.59350
2.99895
3.16277
1.96805
2.64671
3.45098
3.31527
2.57631
3.07395
3.09940
2.94700
3.66050
2.65274
1.69171
3.81499
3.73980
3.37248
3.68244
2.09388
3.89994
3.30329
4.03701
3.85818
3.40904
3.12528
3.32418
3.53854
3.21578
3.63113
3.55126
3.19986
3.83640
1.96545
3.39402
3.64950
3.15747
3.43218
3.39003
1.96019
2.65521
3.24399
0.93149
3.73752
0.35000
2.50071
3.42591
2.29457
3.94455
3.61042
3.62352
2.60363
1.47707
3.79659
1.18733
3.84138
3.79628
3.08585
3.20497
2.79968
3.71516
3.17273
4.01399
3.16554
3.42640
3.46524
3.60983
3.59834
3.74525
0.60059
2.72248
2.70872
3.97735
3.81378
3.40144
2.59018
2.28264
1.98391
3.72467
0.97108
3.72581
3.22518
2.75026
2.87711
3.10027
3.27881
3.80553
3.70424
3.37122
3.63533
3.89989
1.90761
3.12967
3.83138
3.65469
3.14208
3.13559
2.30051
2.81750
3.07523
2.11862
3.73220
3.34739
3.80662
3.25160
3.09338
3.97732
2.90461
3.72602
2.52430
3.98461
3.06819
3.72693
2.80021
3.55111
1.48696
3.85729
1.82281
3.18795
3.87650
3.96276
3.88369
3.27618
3.83053
3.26092
3.58863
3.63423
3.66468
3.66079
1.95992
3.18713
3.87120
3.45347
3.54410
1.93853
3.72193
4.07082
2.55448
2.91530
4.10768
3.35482
3.17038
3.98650
2.83624
3.84900
3.64216
3.53245
2.79294
3.30315
3.03289
3.78053
2.50223
3.76249
3.55645
1.90833
3.57293
3.32313
4.09189
2.07354
3.31890
3.91317
2.74291
3.34289
1.28886
3.65832
1.81441
2.98091
3.62003
0.82305
2.20328
3.90770
2.97374
3.00582
3.92364
3.83309
3.61015
3.33302
3.91303
3.03705
3.84434
2.22524
3.76500
2.42001
2.87323
3.97285
3.37396
3.82822
4.00964
2.24398
2.78763
3.81627
3.67203
0.93201
1.04919
1.76575
1.89123
1.72830
1.15296
3.54372
3.79613
3.67979
3.28405
3.84361
1.93507
1.17093
3.14002
1.96351
3.48407
2.76731
3.60612
3.16083
0.50626
1.97684
3.06394
1.95526
3.01466
3.55309
2.89490
3.69200
0.88386
2.93837
3.80325
2.96466
1.51508
3.85892
1.79090
3.84158
3.93605
3.45588
3.40185
3.35233
3.49794
3.77827
3.70952
3.08539
3.90664
1.42135
3.69597
3.47159
3.78396
2.85496
1.38975
4.09412
3.21243
3.28265
2.08790
3.73375
2.79724
3.51545
3.18286
2.73264
2.35743
3.01565
3.60575
3.95838
3.89104
3.87040
3.64315
3.69897
3.38332
3.42260
3.15425
3.04678
3.07892
3.59284
3.71992
3.75383
3.92542
3.14915
2.51937
3.28379
2.50097
2.88108
3.16854
3.76625
3.44204
1.03787
2.02331
3.68958
4.16581
3.48840
1.79879
2.57914
3.76314
3.07856
3.08940
2.77579
1.67025
3.85880
0.34356
3.58452
3.64816
2.18039
3.60651
1.70389
2.95912
4.03459
3.32642
3.31774
1.57651
2.84598
3.56321
3.68388
1.89272
1.80699
0.93545
3.52131
3.25659
3.15191
3.05615
3.74527
3.77852
0.26110
3.56124
4.06731
3.38495
0.93432
3.47977
2.74034
2.99633
1.86997
3.95641
3.70008
3.59482
3.33190
3.76106
3.44252
3.88784
3.62987
1.80626
3.52479
3.83396
3.95322
3.64130
3.65820
2.27451
2.62059
3.58191
1.14609
3.64898
3.17670
1.40366
3.45500
3.19264
2.86232
3.26587
2.11982
3.50413
3.12159
3.65867
2.58749
3.49047
2.75209
3.80705
2.44166
3.33421
3.51784
3.49757
3.43313
1.12369
3.77096
3.23269
3.89462
3.20809
1.34152
1.91292
1.13484
2.66379
3.53486
4.18547
3.72230
2.72518
1.89958
1.75678
3.36844
3.75795
3.77373
3.28211
3.85882
1.89467
4.00475
3.75984
0.38883
1.65253
3.44872
2.91579
0.91707
2.55212
3.89843
3.53405
3.15106
3.73950
3.53101
3.57435
3.74088
3.08814
3.58541
2.99820
3.33145
3.71092
3.51474
2.46089
3.75983
1.08325
3.88949
2.41865
3.25493
3.57577
3.15212
3.16300
3.58360
3.86460
3.84526
1.39569
0.65300
3.41155
3.84383
4.20069
3.18137
2.63834
3.81103
2.84284
3.75855
1.13057
3.77694
3.63402
3.93899
3.96657
3.93701
3.12436
1.58407
3.65117
3.17667
2.34986
2.19301
4.04396
3.62242
4.00947
3.19743
2.76524
3.64283
2.43820
1.07377
3.25085
3.63004
3.54769
3.55043
2.81587
3.56410
1.87091
2.31755
3.61760
3.79713
3.64043
2.42798
3.99644
3.77512
3.49460
3.28058
3.77747
3.42763
3.49953
3.74390
3.26936
3.98107
3.37487
3.82829
0.36280
3.94700
1.87099
2.37827
3.78144
2.54028
3.32831
3.87363
3.83358
2.25873
3.43062
4.04867
0.51721
3.79052
3.65403
3.30171
3.99078
2.67870
3.65058
3.39208
3.36564
3.94010
3.26243
3.50102
3.96034
2.87809
3.51241
3.15296
3.54681
3.30616
1.77545
3.53693
3.77972
3.18213
3.39484
0.30962
3.72633
2.92249
3.27597
3.93048
3.65209
2.45827
3.71632
2.84042
1.45009
3.37940
3.79271
3.32129
1.45116
4.03534
3.52425
3.70449
2.94217
3.06919
3.66736
2.11323
4.08708
2.13976
3.54933
3.37304
2.28511
3.25340
3.61340
3.62437
3.57729
2.70732
3.59312
3.75973
3.22426
3.23205
3.92689
2.39343
2.95248
3.78011
3.59823
3.25634
3.02491
1.34351
3.07524
3.41757
3.14836
2.31132
3.66519
3.60448
3.56444
1.29998
0.95942
4.00973
3.49229
2.21021
3.47703
0.58353
3.82821
3.70609
3.41935
2.85636
3.93748
3.28617
4.10944
3.57367
2.62302
3.38412
3.26670
4.05364
1.48658
3.19979
0.95797
3.70268
2.86020
3.07515
3.91417
3.42087
1.85657
3.22199
2.78977
2.85545
3.02779
3.94320
2.74332
3.51570
3.77107
1.32342
3.39984
3.92392
2.93550
3.57443
2.48153
3.00769
3.72376
3.48903
3.83485
3.26409
3.56447
2.69419
3.63412
1.45632
4.03221
2.71830
2.76874
3.80664
1.49342
3.62809
3.13858
3.71417
3.12837
2.85684
3.29152
3.44716
4.09474
3.53399
3.21079
2.75503
3.05694
3.84809
1.39470
3.31925
3.38382
3.55169
3.17848
3.75797
3.47316
0.89113
1.65222
3.37628
3.49143
2.98907
2.37966
3.64963
3.52258
3.92892
3.44274
3.57558
3.27664
3.22282
1.18313
3.55986
1.27668
3.48925
3.72361
2.70387
2.75446
