1.12293
0.34047
0.78323
0.00001
0.00085
1.78301
0.24818
0.68536
0.56023
0.01138
0.05305
0.00344
0.00063
0.00000
0.00000
0.00000
0.00007
0.00553
0.00000
0.00000
0.00000
0.00475
0.57669
0.04593
0.00488
0.00000
0.00002
0.00000
0.00003
0.95326
0.00005
0.90579
0.48485
0.12514
0.02141
0.65991
0.00000
0.84661
0.00007
0.17357
0.05321
0.47309
0.05616
0.00255
0.00000
0.00001
0.00003
0.00000
1.35288
1.36526
0.00023
0.00000
0.00000
0.00000
0.00003
0.00002
0.00041
0.00749
0.00113
0.00722
0.00000
0.06143
0.71608
1.11067
0.09587
1.07014
0.00000
0.00014
0.00020
0.00004
0.00000
0.08760
0.00040
0.00005
0.01398
0.00000
0.00000
0.00000
0.00000
0.62894
0.00023
0.00000
0.00000
0.01960
0.64607
0.00000
0.00382
0.10949
0.34510
1.74572
0.00000
0.00000
0.94180
0.00006
0.07299
0.00168
0.03459
0.00115
0.00030
0.22933
0.25049
0.27369
0.02409
0.01246
0.00341
0.00000
0.00001
0.00000
0.00000
0.00559
0.00015
0.00001
0.09229
0.01599
0.00000
0.01104
0.68003
0.00000
0.00006
0.00108
0.38342
0.07526
0.00000
0.06968
0.00427
0.00585
0.51425
0.01565
0.00000
0.21808
0.60376
0.00000
0.00000
0.00125
1.76639
0.00321
0.00000
0.00044
0.01770
0.00047
0.00068
0.01145
0.00354
1.73133
0.00008
0.00000
0.00134
0.00003
0.00000
0.00000
0.00094
0.00002
1.45642
0.30699
0.00001
0.00023
0.00023
0.62331
0.09803
0.02688
0.00001
0.00000
0.04028
0.90121
0.08495
0.28115
0.00003
0.07350
0.00051
0.00012
0.00004
0.35145
0.14472
0.00166
0.00001
0.01063
0.12114
0.09318
0.00228
0.00000
0.00000
1.15843
0.00001
0.00003
0.00319
0.00007
1.26140
0.00000
0.01805
0.00500
0.00070
1.46171
0.14079
0.00000
0.00000
0.00001
0.02674
0.80905
0.00027
0.00000
0.00000
0.00000
0.00083
0.00000
0.00000
0.00066
0.00021
0.00000
0.00000
0.82056
0.57600
0.24471
0.08753
0.00006
0.00000
0.32557
0.00226
0.00010
0.36730
0.00047
0.05126
0.00368
1.03081
0.00029
0.82135
0.00036
0.00067
0.00310
0.00002
0.21609
0.00000
0.00673
0.44617
0.00001
0.00000
0.07563
0.00608
0.00016
0.00000
0.00000
0.00000
0.00000
0.00001
0.26950
0.00016
0.02145
0.00000
0.00202
2.57021
0.00014
0.00000
0.00003
0.00530
0.00001
0.04254
0.00024
0.00000
0.00047
0.00003
0.00000
0.10606
0.00000
1.31707
0.09524
1.42306
0.00020
0.01155
0.17137
0.00160
0.00013
0.00000
0.00000
0.00000
0.00176
0.04981
0.00025
0.00107
1.02926
0.00000
0.00000
0.00377
0.00000
0.00052
0.00003
0.00106
0.00000
0.55038
1.10171
0.00000
0.00350
0.04135
0.48729
0.00019
0.64147
0.41808
0.00000
0.00006
0.00011
0.03342
0.02574
0.21177
0.09835
0.00052
0.00149
0.10891
0.09953
0.00001
0.00000
0.01474
0.00001
0.37456
0.00000
0.00138
0.00000
1.16628
0.29687
0.00043
0.00005
0.00000
0.00000
0.38597
0.54289
1.07348
0.00000
0.00010
0.00023
0.03484
0.00001
0.00005
0.01098
0.00011
0.00126
0.00000
0.03008
0.00000
0.53306
0.00056
0.05984
0.00003
0.13191
0.00005
0.71664
0.00091
0.00000
0.00179
0.00000
0.02181
0.03631
0.00036
0.73163
0.00021
0.52766
0.53298
0.25311
0.00000
0.00008
0.00001
0.25187
0.71615
0.00660
0.00001
0.00000
1.51880
0.00000
0.00000
0.03343
0.42288
0.00582
0.01376
0.89380
0.60685
0.00231
0.00000
0.00199
1.34740
0.00007
0.00171
0.00001
0.00001
0.44667
0.00505
0.00000
0.00000
1.00623
0.00000
0.08486
0.00049
0.85417
0.00000
0.00016
0.03416
0.45896
0.00076
0.00000
0.86756
0.00377
0.39596
0.06106
0.58190
0.00893
0.00369
0.16895
1.68808
1.57386
0.00000
0.00001
0.06293
0.00000
1.00282
0.10130
0.00002
0.09679
0.00005
0.00104
0.68170
0.00001
1.14690
0.00001
0.00000
0.33539
0.93038
0.02390
0.00263
0.00202
0.15523
0.00000
0.00000
0.00005
0.14740
0.00000
0.57201
0.00014
0.72849
0.00000
0.30238
0.00000
0.48888
0.01028
0.00001
0.00014
0.00000
0.00000
0.00405
0.00000
0.80805
0.00000
0.00000
0.00003
0.43082
0.39137
0.00206
0.12945
0.00000
0.00000
1.19302
0.00007
0.00000
0.00007
0.00120
0.00003
0.00046
0.00000
0.00024
0.00713
0.13219
0.04581
0.63094
0.15458
0.20464
0.00002
0.00000
0.00000
0.00110
0.00000
0.00398
0.18790
0.00004
0.81177
0.24992
0.00002
0.07131
0.00000
1.01337
0.78513
0.00000
0.00021
0.00000
0.00000
0.06005
0.02044
0.00010
0.00243
0.00087
0.68852
0.00557
1.57945
0.09035
1.36490
0.00004
0.00000
0.37763
0.00003
0.00020
0.00413
0.71763
0.00000
0.00000
0.00000
0.00002
0.00224
0.00328
0.00799
1.34529
0.00003
0.00230
0.00000
0.68089
0.00024
0.10611
0.00000
0.00001
0.00087
0.02574
0.00225
0.00039
0.00000
0.00000
0.06296
0.07453
0.51338
0.03409
0.00000
0.00000
0.00139
0.02145
0.21640
0.00006
0.00000
0.00015
0.22756
0.41318
0.00012
0.00026
0.00000
1.89990
0.00012
0.00000
0.16515
0.90972
0.75281
0.10420
0.60115
0.31697
0.02641
0.06952
0.00000
0.00011
0.00236
0.16231
0.51946
0.08778
0.00051
0.00000
0.99559
0.20138
0.00309
0.05715
0.32851
0.00046
1.21808
0.00013
0.00020
0.69770
0.01035
0.31033
0.50381
1.81784
0.00000
0.04577
0.00075
0.12685
0.00004
0.00000
0.01645
0.00005
0.00054
0.97389
1.11123
0.00000
0.12386
0.15137
1.11272
0.00000
0.00000
0.00000
0.12505
0.81426
0.00042
0.21787
0.00052
0.02846
0.00078
0.00000
2.40585
0.00000
0.00000
1.75149
0.17724
0.08491
0.00070
0.00435
0.00000
0.04358
0.00007
0.00003
0.00000
1.00583
0.00164
0.00000
0.17964
0.43447
0.00074
0.00051
0.02025
0.00000
0.00000
0.00000
0.00870
0.00000
0.00000
0.43174
1.29941
0.00111
0.00466
1.58495
0.01235
0.00012
0.00000
0.00001
0.02758
0.14633
0.00167
0.00377
0.00229
0.00000
0.46311
1.88797
0.00001
1.23567
0.00002
0.00000
0.00000
0.00000
0.00001
0.00009
0.86851
0.00664
0.00001
0.54959
0.00000
0.01005
0.00001
0.00004
0.17934
0.00445
0.00000
0.00001
0.10168
0.07882
0.00089
0.00039
0.36869
0.00000
0.10726
0.04785
0.00003
0.00000
0.00000
1.40323
0.00196
0.00000
0.00000
0.00001
0.00004
0.00000
0.60380
0.99665
0.00001
0.00001
0.00860
0.11186
0.00018
0.00000
0.03812
0.00000
0.01457
0.55565
0.00000
0.00008
0.00000
0.10776
0.00003
0.63215
0.07753
0.00005
0.00010
0.00000
0.03313
0.02764
0.23254
1.18460
0.00428
0.00013
0.00000
0.00000
0.02711
0.02046
1.12262
0.00178
0.01061
0.00028
0.00000
0.00032
0.38100
0.00748
0.00084
0.00137
0.15947
0.00000
0.00005
0.10870
0.00001
0.00059
0.00938
0.00000
0.00001
0.48699
0.01482
0.00000
0.00511
0.41399
0.44273
0.00058
0.23584
0.53394
0.00000
0.00005
0.00000
0.00149
0.00000
0.00382
0.00348
0.00002
0.20823
0.03292
0.00003
0.42863
1.42617
0.70273
0.00003
2.03133
0.10874
0.00006
0.27321
1.23780
0.00000
0.00277
0.00065
0.00000
0.00003
0.00208
0.00000
0.00000
0.00000
0.00058
0.00001
0.00000
0.62249
0.00000
0.17785
0.00000
0.00000
1.56869
0.00000
0.00003
0.00001
0.00000
1.07749
0.00000
0.00000
0.00000
1.98464
0.00006
0.01016
0.61511
0.00000
0.64469
0.00660
0.10794
0.17625
0.31028
0.00005
0.87580
0.00000
0.00790
0.00826
0.28625
0.00000
0.13182
0.00341
0.00000
0.00038
0.67850
0.01379
0.00008
0.00042
0.77349
0.00000
0.00011
0.00255
0.27395
0.94940
0.44488
0.00073
0.17376
0.00000
0.16543
0.00021
0.00000
0.10458
0.00000
0.38794
0.06928
0.03069
0.00000
0.11336
0.17034
0.07940
0.84227
0.00000
1.01591
0.00013
0.69325
0.00159
1.08171
0.19225
0.00008
0.32421
0.00012
0.00006
0.00108
0.00000
0.01987
0.13801
0.44088
1.61003
0.00507
1.16147
0.23819
0.00000
0.00039
0.01973
0.00001
0.15930
0.00000
0.00238
0.65042
0.00049
0.00000
0.77416
0.97295
0.00000
0.16187
0.00000
0.00408
0.00011
0.00000
0.00000
0.00010
1.31532
0.00510
0.00144
0.96307
0.05542
0.74524
0.00001
1.39395
0.54524
0.51148
0.00000
0.00000
0.00000
0.15455
0.00000
0.01088
0.00183
0.00000
0.09843
0.00795
0.00033
0.33372
0.00024
2.36815
0.00050
0.13596
0.00000
0.10780
0.00018
0.03140
0.00000
0.49107
0.00748
0.00001
0.11183
0.20758
2.62954
0.00067
0.00000
0.00003
0.00101
1.87785
0.00000
0.00002
0.00001
0.35052
0.03134
0.29913
0.55707
0.06471
1.02942
0.00000
0.72203
0.00000
0.00012
0.04400
0.00132
0.27514
1.46399
0.00015
0.00003
0.05133
0.00001
0.00020
0.00001
0.00300
0.00000
0.00006
0.05836
0.87131
0.03510
0.01939
2.00312
0.00000
0.00009
0.00138
0.73292
0.00089
0.73299
0.20784
0.00890
0.09116
0.16448
0.33605
0.00407
0.00003
0.00016
0.00001
0.54694
0.00301
0.00000
0.00000
0.56386
0.00120
0.00088
0.00861
0.00000
1.71527
0.00004
0.00001
0.11784
0.00002
0.00000
0.00000
0.14394
0.00089
0.00002
0.00117
0.00010
0.01132
0.60212
0.00353
0.93772
0.00020
0.95939
0.01179
1.28578
0.00000
0.00000
0.00000
0.00000
1.37527
0.00020
0.00000
0.03342
0.57908
1.01683
0.00000
2.23631
0.65254
0.41447
0.00000
0.52140
0.14074
0.02357
0.06398
0.00000
0.51102
0.22511
0.00006
0.00000
0.00601
0.00483
0.95432
0.21082
0.00345
0.01309
0.00004
0.00000
0.00078
0.00456
0.00000
0.00006
0.04038
0.00271
0.02561
0.16050
0.19940
0.10306
0.00576
0.00063
1.68579
0.16034
0.87472
0.00207
0.00000
0.00000
0.00000
0.06242
0.00000
1.66360
0.00015
0.02929
0.02402
0.40987
0.00081
0.00004
0.00000
0.00000
0.71881
0.00022
0.01226
0.61746
0.00000
0.00020
0.00216
0.00013
1.20124
0.98696
0.68566
0.59381
0.07703
0.00001
0.24128
0.79655
0.03043
0.00157
0.08347
0.03889
0.00000
0.16292
0.00000
0.00001
0.00000
0.00000
0.02799
0.78579
0.00088
0.00434
0.00256
0.70281
0.01686
2.71098
0.01414
0.00000
0.00177
0.00000
0.00000
0.00004
0.01345
0.61168
0.00033
0.00000
0.06040
0.00000
0.00000
0.00061
0.00001
0.20430
0.00004
0.02039
0.00000
0.00000
0.87376
0.41154
0.02122
0.09537
0.00009
0.00068
0.88726
0.00000
0.00003
0.21575
0.00016
0.00005
0.06229
0.00000
0.31849
0.72679
0.00000
0.00000
0.00010
0.00014
0.00299
0.00000
0.27309
0.00003
0.00027
0.00006
0.00006
0.95018
0.00392
1.53857
0.00011
0.20719
0.00462
0.00001
0.00000
0.00000
0.00252
0.04837
0.54083
0.00598
0.42434
0.07798
0.00000
0.63533
2.26486
0.00954
0.62500
0.00000
0.02756
1.20696
0.30907
0.00003
0.00194
0.35373
0.00000
0.01759
0.00015
0.35894
0.00223
0.00000
1.71423
0.00001
1.01697
0.15568
0.37690
0.70493
0.00001
1.01659
0.30546
0.00007
0.41286
0.44333
0.00002
0.03987
0.47332
1.92223
0.03290
0.00000
0.00001
0.35074
0.99538
0.00000
0.00003
0.00001
0.20199
0.00055
0.14675
0.00000
0.00000
0.00001
0.00000
0.07012
0.03538
0.53909
0.00002
0.00013
0.00000
0.00000
0.00000
0.00000
0.00000
0.02424
0.00000
0.00848
0.00001
0.32542
0.00002
0.00000
0.00005
0.00002
0.00000
0.01967
0.09246
0.00000
0.00123
0.00000
0.00000
0.00017
0.02663
0.00000
0.00000
0.00000
0.00000
0.00009
0.00039
0.84798
0.20671
0.46270
1.51689
0.00384
0.69671
0.09952
1.21869
0.00003
0.00000
0.00000
0.27978
0.00374
0.00974
0.01594
0.17170
0.21817
0.00490
0.00001
0.01653
0.04560
0.17797
0.00000
0.00606
0.00009
0.00004
1.47304
0.00005
0.00000
0.00000
0.38582
0.00081
0.00000
0.01348
0.00001
0.00048
0.22698
0.00003
0.00003
0.00479
0.15874
0.05988
0.00000
0.08414
1.21580
0.08280
0.02298
0.00642
0.00001
0.00000
0.00106
0.03155
0.00000
0.05440
0.01223
0.00008
0.00060
0.11194
0.00054
0.59244
0.00000
2.43306
0.17529
0.63574
0.00004
0.19238
0.00710
0.00030
0.07258
0.00021
0.18116
0.00128
0.09656
0.06931
0.48101
0.53860
0.96251
0.36153
0.73115
0.67482
0.00719
0.00000
3.15191
0.00031
0.00015
0.03407
0.00098
0.00000
0.72931
0.00000
0.00000
0.08565
0.00049
0.00000
0.00066
0.00000
0.00003
0.13593
0.00413
0.00665
0.00000
0.40188
0.85791
0.01020
0.00036
0.00365
0.01270
0.00000
0.07737
0.12508
0.00000
0.00035
1.07854
0.00035
0.01987
0.70711
0.00977
0.00001
0.00045
0.00012
0.00957
0.00007
0.00536
0.00000
0.00000
0.00000
0.00187
0.00000
0.00000
0.00130
0.29654
0.00000
0.02818
0.00479
0.00245
0.03183
0.00000
0.00000
0.00000
0.00000
0.83503
0.03627
0.00001
0.00000
0.76878
0.00000
0.00000
0.43403
1.19269
0.65091
1.31671
0.00000
0.71810
0.00000
0.00000
0.00268
0.21350
0.00637
0.06552
0.02036
0.00000
0.46363
0.00770
0.67924
0.00001
0.36448
0.00000
0.00000
0.00000
1.04576
0.08957
0.01881
0.00004
0.11614
0.07173
0.05435
0.01046
0.00633
0.00000
1.20447
0.00480
0.00129
0.00001
2.35522
0.00117
0.00259
0.00013
0.15883
0.70577
0.00072
0.00000
0.00003
0.00008
0.00164
0.02220
0.00002
0.53632
0.00002
0.01695
0.00000
0.23723
0.00002
0.57502
0.00000
0.00000
0.03097
0.92853
0.00000
0.43103
0.00064
0.00023
0.00244
0.09218
0.08020
0.00003
0.00033
0.00593
0.00002
0.00000
0.00000
0.00000
0.09485
0.00001
0.69464
0.01377
1.05640
0.00032
1.64204
1.24482
0.28059
0.00000
0.00026
0.00001
0.00004
0.08809
0.00000
0.00073
0.01071
0.00000
0.60309
0.00100
0.01479
0.38278
0.65036
0.00001
0.00023
0.00003
0.00000
0.00002
0.08820
0.00004
0.00000
0.36253
0.00786
0.00562
0.52314
0.01544
0.00001
0.00006
0.13305
0.60550
0.00001
0.00008
0.54786
0.09502
0.00000
0.00000
0.08972
0.00000
0.00752
0.00039
0.02036
0.55314
0.00001
0.31837
0.00641
0.00001
0.00000
0.00000
0.01422
0.06534
0.00000
0.48034
0.02010
0.31305
0.00920
0.00000
1.23071
0.00006
0.00001
0.68533
0.00000
0.00050
0.00213
1.05674
0.00000
0.21239
0.02950
0.01578
0.00147
0.00591
0.01225
0.98767
0.00000
0.00000
0.08321
0.00017
0.00059
0.28165
0.00015
0.00789
0.00957
0.07999
1.27485
1.64703
0.00000
0.00209
0.06703
0.00000
0.00000
0.06537
1.76841
0.29294
0.36699
0.00002
0.00000
0.00000
0.03276
0.07574
0.98099
0.00000
0.00000
0.00220
0.38231
0.50273
0.00134
0.00060
0.83835
0.72337
0.02069
0.00002
0.00000
0.00000
0.43337
0.00035
0.00936
0.00870
0.00001
1.02912
0.00067
0.00039
0.00016
0.00000
0.00000
0.00071
0.53203
0.00181
0.57532
0.45601
0.00018
0.00000
0.08516
0.00000
0.00127
0.80022
0.13343
1.21089
0.00108
0.53455
0.00017
0.00000
0.00036
0.00749
0.03327
0.00015
0.00054
0.00007
0.00012
0.22586
0.20221
0.00002
0.00001
0.10701
0.00000
0.00008
0.93083
0.03123
0.00117
0.00000
0.11630
0.00000
0.00224
0.00011
0.00089
0.00041
0.00009
0.00001
0.34085
0.02032
0.14182
0.00002
0.00000
0.00009
0.07031
0.00000
0.65929
0.00096
0.00011
0.00500
0.00002
0.36599
0.99238
1.15326
0.00003
0.03677
0.00002
0.22058
1.73774
0.34150
0.40832
0.00000
0.69245
0.00002
0.00000
0.00000
0.00274
0.06918
0.51842
0.04231
0.00021
0.00000
0.62216
0.00075
0.08488
0.00000
0.00086
1.43957
0.00165
0.00000
0.00218
0.00001
0.00000
0.00004
0.30289
0.97726
0.18902
0.00032
0.64444
0.00009
0.00000
0.00033
0.01169
0.72740
0.31389
0.23723
1.87676
0.00005
0.00000
0.01115
0.00003
0.40707
0.00000
0.00001
0.00001
0.00047
0.01286
0.00009
0.00625
1.51200
0.00083
0.00000
0.74108
0.16949
0.05378
0.44567
0.12496
0.00000
0.47939
0.00065
0.00646
0.32369
0.70673
0.00000
0.00001
0.00005
0.32268
0.00001
0.29667
0.36366
0.00000
0.01789
0.22286
0.00001
0.08396
0.00002
0.00000
2.07086
0.00271
0.00008
0.00149
0.00728
0.00035
0.02538
0.33811
0.00002
0.00037
0.00009
0.00722
0.00000
0.00001
0.11209
0.28825
0.08698
0.00027
0.00009
0.42503
0.84938
0.00182
0.21593
0.15303
0.09631
0.04232
0.00000
0.13479
0.00098
0.00102
0.81053
0.29035
0.26753
0.00000
0.00000
0.01134
0.46019
0.00000
0.00000
0.29468
0.00093
0.16851
0.00051
0.00000
0.01439
0.09496
0.33126
0.00000
0.00055
0.60412
0.00796
0.00000
0.02721
0.00000
0.00309
0.14040
0.02070
0.68377
0.07710
0.00146
0.00000
0.28104
0.00001
0.00000
0.00000
0.02141
0.00000
0.04983
0.70423
0.00035
0.00391
0.00012
0.73404
0.12732
0.00753
0.00137
0.87864
0.02360
0.00000
0.00045
0.00000
0.20815
0.65378
0.00000
0.81098
0.00000
0.00001
1.25738
0.75297
0.00011
0.00156
0.00000
0.00000
0.33807
0.00000
0.00000
0.00001
1.05568
0.02320
0.00006
0.44249
0.00050
0.00050
1.47631
0.00084
0.01193
0.04094
0.00007
1.22044
0.00000
0.00070
0.02249
0.00000
0.00000
0.33064
0.01772
0.00100
1.14844
0.00019
0.01064
0.00001
0.72686
0.01943
0.00000
0.35521
0.39935
0.00046
0.00145
0.26114
0.16558
0.00000
0.00004
0.06349
0.00006
0.00000
0.36151
0.00868
0.00100
0.07679
0.00001
0.02367
0.00000
0.26150
0.00043
0.00000
0.00000
0.00015
0.02842
0.00000
0.00004
0.87971
0.00002
0.00095
0.00016
0.00429
0.00462
0.03281
0.00008
0.14368
0.00000
0.01790
0.66216
0.00000
0.69381
0.00014
0.00322
0.02938
0.04600
0.66942
0.00007
0.00000
0.00001
0.00000
0.43453
0.61725
0.00003
0.00002
0.00000
0.00009
0.01143
0.00003
1.28935
0.00000
0.00004
0.00355
0.00000
1.22377
0.00003
0.00000
2.06974
0.00009
0.00000
0.00000
0.00001
0.00000
0.00048
0.40017
0.74568
0.00000
0.00089
0.00000
0.13191
0.00000
0.11141
0.00002
0.05754
0.19697
0.00010
0.00004
0.02439
0.00012
0.04150
0.00043
0.12344
0.00004
0.00071
0.00424
0.00058
0.00000
1.01409
0.00001
0.06603
1.59044
0.00942
0.07816
0.00070
0.00000
2.19851
0.00002
0.00005
0.00001
0.00000
0.00000
0.00000
0.00005
0.00001
0.00000
0.01066
0.00000
0.00173
0.00332
0.52670
0.00000
0.00228
0.02062
0.00002
0.42650
0.00002
0.00000
0.00018
0.15964
0.00940
0.12122
0.00809
0.00000
0.00575
0.00043
0.00001
0.44304
0.00054
2.84847
0.01862
1.19498
0.00000
0.00006
0.06114
0.00000
0.00001
0.00003
2.12295
0.73679
0.00001
0.04102
0.00004
0.68963
0.49062
0.00000
0.01556
0.74671
0.00000
0.00000
0.00000
0.00000
0.00041
0.00000
0.00000
0.06461
0.48579
0.00042
0.53937
0.00000
0.00547
0.09549
1.82562
0.00379
1.54638
0.00000
0.00226
0.00000
0.00012
0.00000
0.03396
0.52028
0.95205
0.00029
0.00670
0.00000
0.00000
0.00005
0.25087
0.00788
0.00001
0.01334
0.00000
0.03512
0.71534
0.00009
2.02441
1.11437
0.02646
0.00014
0.22781
0.00052
0.48516
0.12413
0.00000
0.13415
0.00000
0.00000
0.00000
0.00000
0.00000
0.00041
0.00008
0.00000
0.00000
0.51350
0.00022
0.66354
0.00096
0.00001
0.00101
0.47679
0.41031
0.15243
0.00000
0.00000
0.03539
0.00008
0.00002
0.00001
0.00430
0.71810
0.00124
0.01972
0.13605
0.83845
1.91251
0.00026
0.16452
1.32718
0.00000
0.00006
0.00013
0.00945
0.02047
0.24548
0.00000
0.00000
0.00000
0.00080
0.00529
0.00371
0.86019
0.04477
0.00009
0.00904
0.90595
0.01624
1.02645
0.00000
0.00000
0.00000
0.00002
0.43869
0.00001
0.89304
0.00000
0.00068
0.00448
0.00000
0.00229
0.17716
0.11526
1.37717
0.00001
0.00000
0.03550
0.00746
0.00000
0.03761
0.00291
0.00001
0.00579
0.00000
0.00000
0.01097
0.00000
0.59093
0.00005
0.00003
0.00000
0.00000
0.00038
0.00024
0.00000
0.02436
0.60396
0.00294
0.00026
0.00001
0.00000
0.00062
1.97062
0.77032
0.00449
0.38864
0.00202
0.00001
0.00108
0.00009
0.82600
0.00284
0.00110
1.34947
0.00234
0.53749
0.71029
0.00000
0.00000
1.15177
0.00014
0.00000
0.00003
0.46543
0.00000
0.01060
0.00000
0.00000
0.00112
0.00000
0.17458
0.00031
0.16929
0.27612
0.57802
0.00014
0.00000
0.00000
0.00079
0.00000
0.02348
0.02125
0.00358
0.00000
0.81329
0.00004
0.00070
0.00000
0.00057
0.00055
0.00027
0.04425
0.00028
0.66198
0.09384
0.18156
0.00000
0.00016
0.00000
0.01408
0.01913
0.04571
0.46675
0.46138
0.00004
0.00000
0.01676
0.10011
0.00000
0.00001
1.43759
0.00500
1.04102
1.33289
0.00050
0.01022
0.03321
0.00000
0.00000
0.00092
0.00002
0.00001
0.00271
0.55605
0.00000
0.01739
0.00000
0.17363
0.00000
0.00003
0.00001
0.00359
0.09519
0.00205
0.02184
0.00000
0.30583
0.00000
0.00000
0.09644
0.00000
0.52680
0.03397
0.14636
0.00018
0.00004
0.00000
1.69743
0.00001
0.00010
0.00000
0.01461
0.05535
0.00005
0.00010
0.00584
0.00974
0.00010
0.00000
0.00002
0.00007
0.34157
0.00000
0.00893
1.59783
0.30526
0.00000
0.00000
0.71390
0.08482
1.34595
0.87373
0.00151
0.00016
1.29402
0.01874
0.00000
0.00000
0.00005
0.00061
0.00018
0.00026
0.00007
0.00001
0.00002
0.84485
0.11761
0.44350
0.69246
0.03143
0.18766
0.00062
0.10952
0.00004
1.17985
1.34549
0.69415
0.10415
0.20199
0.00009
0.00000
0.00000
0.00000
1.05998
0.00104
0.67712
0.00087
0.00001
0.27385
0.32307
0.00000
0.00000
0.00008
0.00009
0.02655
0.00107
0.00605
0.00099
0.00000
0.00268
0.00000
0.00000
0.00000
0.00000
0.00000
0.79234
0.00008
1.07480
0.33014
0.10260
1.29002
0.65531
0.00697
0.17006
0.00003
0.00034
0.00000
1.18351
1.08152
0.00002
0.00000
0.00202
0.00000
0.55137
0.12505
0.00000
0.00000
1.45640
0.00915
0.03813
0.00000
1.68011
0.00068
0.00881
0.00000
0.09468
0.51426
0.07151
0.04843
0.00000
0.05029
0.00000
0.56977
0.35224
0.00000
0.01649
0.00012
0.01200
0.00025
0.00787
0.51491
0.00000
0.00188
0.33864
0.00080
0.00287
0.12085
0.20323
0.00021
0.39312
0.00000
0.00006
0.00000
0.00008
0.06034
0.00000
0.13358
0.00292
0.58043
0.00149
0.00001
0.69498
0.00000
0.01734
0.01767
0.00000
0.01865
0.00170
0.62234
0.55128
0.00047
0.00000
0.00011
0.00001
0.35729
0.00000
0.00145
0.00000
0.00000
0.15110
0.04659
0.00917
0.00233
0.83459
0.51579
0.14318
0.00000
0.11877
0.00000
0.58789
1.02322
0.00000
0.00000
0.01247
0.22761
0.01163
0.00000
0.00072
0.00000
0.00001
0.00136
0.00575
0.00000
0.03578
0.88671
0.00000
0.00500
0.00006
0.80309
0.00003
0.00149
0.70475
0.70563
0.00000
0.00000
0.00001
0.00000
0.00000
0.00000
0.00003
0.00004
0.34346
0.00743
0.00124
1.01862
0.08981
0.00008
0.00002
0.02180
0.00000
1.78237
0.02239
0.68837
0.08313
0.65617
0.48626
0.00137
0.00784
0.47307
0.00590
0.05619
0.00306
0.00005
0.00399
0.00000
0.11158
1.35759
0.00296
0.06968
0.00001
0.00001
0.00003
0.32331
0.33808
1.94521
0.00001
0.62604
0.00005
0.00086
0.00022
0.00002
0.00000
0.08574
0.42314
0.00280
0.80366
0.00000
0.00000
0.00094
0.03638
0.33312
0.00080
0.00771
1.98328
0.00000
0.56325
0.01884
0.23651
0.00511
0.00000
0.65983
0.00000
0.00844
0.00000
0.00000
0.00007
0.00156
0.00053
0.00000
0.00001
0.17888
1.83781
0.01192
0.00000
0.00023
0.00000
0.02216
0.13663
0.78836
0.02819
0.00410
0.00000
0.00000
0.00000
0.43898
0.03287
0.00360
0.00001
0.00312
0.00000
0.00000
0.15026
0.00000
0.03631
0.00000
0.00000
0.00084
0.00059
0.00000
0.00000
0.00128
0.00002
0.00005
0.01723
0.00005
0.61874
0.00000
0.00003
0.00000
0.34008
0.25584
0.08442
0.32551
0.17432
0.00192
0.00000
0.04416
0.01130
0.00000
0.12854
0.46623
0.00000
0.00000
1.11233
0.00245
0.00525
0.00119
0.00023
0.00009
0.02552
0.01324
0.74674
1.48936
0.00011
1.20053
0.00009
0.00044
0.00110
0.24856
0.00008
0.00000
0.00000
0.07321
0.00006
0.07309
0.00020
0.14478
0.00387
0.05668
0.49770
1.50786
0.28531
0.00000
0.00247
0.00043
0.58808
1.08122
0.27103
0.00339
1.17383
0.00073
0.79819
0.00897
0.00002
0.64602
0.00000
0.09897
0.07012
0.30467
0.00000
0.00000
0.00000
0.88993
0.00002
0.06651
0.00000
0.00004
1.26642
0.00028
0.00010
0.15074
0.08776
0.13372
0.00000
0.00011
0.00000
0.00001
0.00000
0.52392
0.00015
0.05630
0.00005
0.00870
0.00208
0.00000
0.98380
0.22560
0.00019
0.00030
0.00014
1.06078
0.00248
0.08258
0.57212
0.01135
0.00000
0.20114
0.22471
0.03851
0.32017
0.00000
0.00000
0.00006
0.38634
0.22003
2.39320
0.07394
0.09609
1.31968
0.00794
0.00000
1.26177
0.00000
0.04661
0.00000
0.00109
0.00000
0.00000
0.00000
0.00024
0.00000
0.22786
0.46330
0.26122
0.00078
0.56262
0.00001
0.00010
0.67151
0.00719
0.96868
0.00004
0.00041
0.00101
0.00000
0.00002
0.04595
0.00017
0.87961
0.76286
0.00439
0.00000
0.00001
0.00000
0.47166
0.93897
0.08098
0.16375
0.37755
0.00026
0.00000
0.00084
0.08562
0.00006
0.00831
0.00093
0.00000
0.00000
0.00001
0.03625
0.14812
0.12710
0.00017
0.00000
0.00000
0.00106
0.00000
0.00306
0.00104
0.00159
0.00015
0.00079
0.00002
0.91797
0.53720
0.00000
0.63614
0.36513
0.00014
0.00003
0.01683
0.09176
0.00000
0.00001
0.52720
1.09611
0.00000
0.25814
0.00023
0.00336
0.72356
0.63571
0.00000
0.93053
0.00000
0.47800
0.00006
0.00000
0.74681
0.00000
0.00008
0.00740
0.82303
0.00254
0.00213
0.00027
0.00126
0.02976
0.00000
0.00000
0.00000
0.00000
0.00417
0.08836
0.01247
0.17993
0.10523
0.00000
0.97373
0.00067
0.97735
0.03392
0.00106
0.83247
0.00001
0.63979
0.00022
0.00000
0.00000
0.74602
0.41291
0.00001
0.00087
0.76952
0.58782
1.37111
0.00005
0.02010
0.00025
0.00002
0.00000
1.36798
0.55466
0.00000
0.03788
0.00001
0.00043
0.00018
0.00000
0.00001
1.77302
0.03337
1.06314
0.00727
0.00000
0.00660
0.16391
0.00000
0.58727
0.99090
0.00000
1.44540
0.00029
0.09976
0.00020
0.00052
0.00011
0.03191
0.00382
0.40818
0.00575
0.84896
0.54097
1.00231
0.45586
0.03906
0.00001
0.00084
0.01826
1.60078
0.00000
0.00001
0.00000
0.15553
2.50222
1.13663
0.24981
0.29313
0.00000
0.00462
0.00002
0.00015
0.66547
0.00000
0.00346
1.06167
0.33140
0.00000
0.81606
0.00000
0.02997
0.00003
0.00176
0.03871
0.15318
0.00000
0.00000
0.60676
0.00000
0.78031
0.37737
0.00120
1.17632
0.37381
0.64133
0.00013
0.00001
0.00177
0.00040
0.11789
0.23326
0.00656
0.05498
0.00133
0.00095
0.00873
0.00000
0.85402
0.55505
0.00057
0.00062
0.00000
0.00000
0.00000
0.00100
0.00260
0.02661
0.00001
0.00001
0.10247
0.00045
0.00000
0.84423
0.70235
0.00000
0.43910
1.76592
0.00000
0.01913
0.00089
0.19787
0.45809
0.04230
0.00045
0.08379
0.01131
1.46284
0.69393
0.00003
0.00000
1.46037
1.11826
0.00000
0.00002
0.00051
0.14982
0.00000
0.01152
0.03610
0.00287
0.01137
0.00000
0.00283
0.04960
0.00420
0.66001
0.18424
0.00003
0.00023
0.19338
0.00009
0.20153
0.00000
0.56466
0.00737
0.70196
0.00010
0.00000
0.03678
0.00008
0.00000
0.00007
0.04792
0.00016
0.00001
0.00250
0.01924
0.51356
0.00915
0.00272
0.00002
0.00000
0.25169
0.43127
0.12562
0.00000
0.00002
0.00000
0.27499
0.52830
0.00000
0.00004
0.00003
0.00000
0.00032
0.00006
0.00192
1.41023
0.00067
0.00000
0.08101
0.00139
0.43352
1.62097
0.01504
0.37290
0.00000
2.61107
0.00000
0.11429
0.90090
0.00000
0.00053
0.58667
0.00015
0.47722
1.37060
0.01176
0.68560
0.86174
0.00006
1.40390
0.18992
0.00241
1.06782
0.69670
1.70801
0.00525
0.00003
0.01073
0.21484
0.00000
0.16269
0.32494
0.00009
0.08290
0.00000
0.13471
0.04760
0.00990
0.00000
0.00004
0.00000
0.00372
0.00026
1.46920
0.17218
0.00003
0.00000
0.31613
0.26941
0.14568
0.18067
0.00007
0.00121
0.00007
0.66623
0.00003
0.33443
0.58143
0.00000
0.00123
0.00000
0.00000
0.00336
1.59152
0.07881
1.15763
0.00493
0.00000
0.00001
0.52917
0.00000
0.00008
0.00661
0.13908
1.13238
0.00079
0.00001
0.04119
0.20515
0.46297
0.00313
0.00966
0.01750
0.30438
0.09968
1.15148
0.00022
0.25261
1.47090
0.00000
0.04930
0.00588
0.84402
0.00000
0.00000
0.35414
0.00000
0.36803
0.67557
0.10530
0.00000
0.19301
0.00241
1.38094
0.75211
0.00106
0.06537
1.00406
0.00001
0.00000
1.91805
0.00011
0.00003
0.00000
0.49736
0.00000
0.10596
2.20723
0.00008
0.00000
0.00052
0.73533
0.00764
0.00000
1.21192
0.80821
0.00000
0.00000
1.69656
0.00000
0.00125
0.00000
0.00006
0.00022
0.00000
0.00000
1.00380
0.00000
0.00130
0.00000
0.00019
0.02196
0.01388
0.00028
0.00000
0.00111
0.00568
0.53961
0.38537
0.00245
0.02064
1.29490
0.00020
0.00000
0.82699
0.57309
0.00006
0.00000
0.23173
0.00006
0.00348
1.03681
0.00931
0.27429
0.26929
0.00526
0.00001
0.00015
0.10498
0.22844
0.00912
0.00000
0.00050
0.23222
0.00000
0.02942
0.00000
0.00002
0.00270
0.91781
0.01189
0.00001
0.09970
0.00007
0.11249
0.00022
0.00000
0.00000
0.05607
0.27850
0.00008
0.00019
0.00005
0.00000
0.00007
1.66847
0.22466
0.03198
0.00003
0.37106
0.00004
0.00045
0.43136
0.00018
0.00096
0.00023
0.78072
0.00000
0.00135
0.00002
0.20699
0.00001
0.00207
0.95594
0.00000
0.00000
0.00110
0.00699
0.00407
0.16962
0.00000
1.17600
0.43600
0.00000
1.71798
0.00154
0.00051
0.61251
0.00001
0.00002
0.00000
0.00006
0.00000
0.11430
0.06781
1.00479
0.00002
1.04334
0.50154
0.25334
0.00019
0.00003
0.53094
0.26784
0.00000
0.02306
0.00000
0.18597
0.03315
0.00002
0.00039
0.00000
0.00231
0.00483
0.00000
0.00000
1.04180
0.06078
0.26666
0.00276
0.00000
0.00000
0.00007
0.00000
0.02544
0.08059
1.16687
0.28137
0.82364
0.61280
1.38234
0.18588
0.63603
0.00000
0.00196
0.00000
0.00456
0.00930
1.00223
0.00010
0.14927
0.00000
0.00000
0.16665
0.00013
0.01635
0.03679
0.00000
1.04447
0.46567
0.08538
0.00031
0.22327
0.00053
0.00066
0.00000
0.08640
0.00000
0.00367
0.00487
0.10684
0.00023
0.00048
0.00005
0.00631
0.62176
0.00000
0.00176
0.00214
1.58135
0.17687
0.58727
0.98047
0.00000
0.17625
0.00008
0.00628
0.69348
0.00000
0.44955
1.62954
0.00003
0.00000
0.02086
0.00021
0.00014
0.00399
0.00006
0.00199
0.00332
0.32886
0.01227
0.00591
0.00001
0.00006
0.00001
0.23105
0.00000
0.00000
0.00000
1.17449
0.00000
0.00179
0.00030
0.00841
0.00002
0.00274
0.00076
0.02912
1.39335
0.00000
0.01216
0.02086
0.71874
0.69204
0.54816
0.00000
0.00000
0.00001
0.00000
1.52628
0.00503
0.00000
0.53596
0.00021
0.00002
0.46481
0.00007
0.00003
0.83777
0.00000
0.00001
0.01034
1.75952
0.00035
0.00509
1.16064
0.36879
0.52756
0.00002
0.00006
0.00002
0.00000
0.79613
1.61690
0.46113
0.01303
0.68920
0.01991
0.04813
0.08701
0.00006
0.16058
0.01160
0.59842
0.00233
0.12346
0.00031
0.00003
0.02697
0.00166
0.94606
0.41265
0.00012
0.00026
0.41136
0.00000
0.00055
0.00149
0.10277
0.00000
0.00004
0.00000
0.00895
0.52905
1.51541
0.00002
0.00216
0.07340
0.00000
0.88175
0.10520
0.03387
0.06130
0.04200
0.00533
0.03192
0.00565
0.00171
0.29930
0.03403
0.00006
0.00073
0.00013
0.01131
0.52106
0.00000
0.08035
0.28426
0.00000
0.00003
1.69494
1.51720
0.00517
0.03135
0.69571
0.00004
0.00458
0.00000
0.00001
0.00289
0.00000
0.00000
0.00699
0.00000
0.00000
0.00058
0.00000
0.02264
1.47178
0.00002
1.24168
0.00001
0.00000
0.00005
0.00000
0.00000
0.14598
0.34301
0.48209
0.00674
0.00000
0.92060
0.56724
0.00002
0.00006
0.00026
0.00002
1.35699
0.71041
1.25977
0.00000
0.07949
0.62385
0.45870
0.03439
0.00391
0.03740
0.03502
0.00009
1.68967
0.12654
0.10599
0.01796
0.00000
0.00764
0.00002
0.67755
0.69754
0.00039
0.00070
0.00000
0.57007
0.00000
0.00001
0.00000
0.00001
0.22605
0.82613
0.00010
0.87951
0.02797
1.06004
2.06758
0.00000
0.06204
0.33257
0.00000
0.81603
0.75701
0.05979
0.64725
0.00001
0.52762
0.03297
0.00000
0.05520
0.02106
0.11187
0.00000
0.00009
0.00743
0.00183
1.65338
0.00017
0.00000
0.00000
0.10084
0.70281
0.00170
0.00010
0.00001
0.50346
0.00107
0.00000
0.01084
0.00000
0.75072
0.00002
0.28336
0.00000
0.00001
0.04430
0.07939
0.33826
0.06910
0.00156
0.00000
0.15018
0.00115
1.38853
0.42407
0.00000
0.00000
0.01137
0.00030
0.00000
0.70810
0.89782
0.00009
0.23949
0.26889
0.00000
1.30598
0.00000
0.57244
0.00001
0.00034
0.00000
0.00383
0.00015
0.09201
0.16193
0.00000
0.01853
0.00002
0.03056
0.00076
0.00000
0.00000
0.00125
0.00002
0.00000
0.00039
1.44295
0.00145
0.00028
0.00000
0.28816
0.00149
0.00221
0.10926
0.01117
0.00196
0.00009
0.06248
2.75845
0.76348
0.03441
0.00000
0.00000
0.00000
0.00000
0.00001
0.00018
0.00363
0.00982
0.29686
0.21433
0.00530
0.00441
0.54282
0.13012
0.00001
0.00020
0.00216
0.76466
0.00000
0.16578
0.11922
1.68746
0.00000
0.00002
0.00000
0.00000
0.00524
1.20866
0.01621
0.00140
0.02292
0.46138
0.00000
1.19537
0.00054
0.00238
0.76074
0.69450
0.04731
0.00018
0.27131
0.00004
2.14220
0.00000
0.53557
0.00000
0.22048
0.00000
0.00025
0.08615
0.00064
0.36581
0.94702
0.10497
0.12079
0.00000
0.00000
0.00002
0.00004
0.74069
0.00071
0.27565
0.00146
0.00001
0.00000
0.00002
0.00001
0.06410
0.01030
1.19433
0.02645
0.15710
0.00058
0.00012
0.05116
1.49519
0.00189
0.00006
0.00000
0.00000
0.00000
0.00010
0.26574
1.46631
0.00001
0.00151
0.00771
0.20604
0.00000
0.53810
0.00000
0.00000
0.86842
0.00000
0.00000
0.01188
0.51021
0.00016
0.54346
0.00000
0.03621
0.02025
0.19402
0.00378
0.66489
0.61297
0.02210
0.00000
0.00000
0.30104
0.00000
0.00005
0.28026
0.03159
0.00000
0.08641
0.26557
0.78570
0.00020
0.09182
0.00000
0.00000
0.00000
0.00919
0.00648
0.00000
0.00000
0.52048
0.00096
0.00000
0.75900
0.17231
0.14565
0.00009
1.45033
0.11185
0.08654
0.00000
0.00000
0.00068
0.07902
1.48910
0.00001
0.52910
0.00003
0.00001
0.00000
0.00000
0.00000
0.00228
0.19876
0.00053
1.00138
0.17030
0.00000
0.00000
0.10445
0.00002
0.00000
0.00001
0.00053
1.67395
0.00004
0.00000
0.00744
0.00000
0.00044
0.00086
0.01079
0.00000
0.00137
0.00052
0.00002
0.01225
0.00553
0.00000
0.00013
0.21348
0.70020
0.61084
0.00104
0.00048
0.00001
0.00031
0.00000
0.00000
0.44362
0.00032
0.00339
0.00006
0.62109
0.70762
0.45821
0.14126
0.53470
0.00057
0.00000
0.00087
0.00044
0.00000
0.00000
0.00001
0.26586
0.00127
0.00015
0.46242
0.00000
0.06165
0.28475
0.19393
0.00000
0.73269
0.00346
0.00676
0.00360
0.68609
0.00040
0.00017
0.09024
0.30355
0.00000
0.00629
0.00000
0.00000
0.00527
0.05917
0.00073
0.00001
0.00001
0.00243
0.02200
0.69501
0.00010
0.00063
0.00000
0.24094
0.00011
0.08827
0.51738
0.04005
0.00043
0.00325
0.74391
0.00025
0.00000
0.07281
0.00000
0.00334
0.02284
1.03630
0.00209
0.00000
0.00000
0.33185
0.37321
0.28747
0.70180
0.00000
2.14886
0.00000
0.00831
0.66686
0.00010
0.00119
0.74897
0.00000
0.29612
0.00002
0.00005
0.00718
0.03199
1.12029
0.00011
0.00310
0.03510
0.78950
0.70441
0.00032
0.65665
0.00180
0.00038
1.37211
0.00228
0.00711
0.02839
0.00002
0.00000
1.97676
0.00001
0.00000
0.03909
0.00003
0.00023
0.00064
0.00236
0.00003
0.02419
0.00138
0.01082
0.04633
0.00001
0.00000
0.03752
0.00026
0.00001
0.00000
0.00012
0.13256
0.00020
0.93502
0.73036
0.45083
0.05048
0.00708
0.09476
0.00109
0.00218
0.66832
0.55729
0.00004
0.00000
1.34712
0.01692
0.00015
0.00000
0.00125
0.00001
0.00001
0.52927
0.01522
0.00002
0.00009
0.00000
0.02725
0.00251
0.00302
0.00000
0.00000
0.58407
0.00408
0.06773
0.55967
0.02359
0.00000
0.00000
0.00000
0.00064
0.01125
0.00080
0.00000
0.00000
0.00014
0.00000
0.03554
0.00002
0.02053
0.11022
0.13534
0.00496
0.00004
0.00002
0.00152
0.00015
0.00430
0.00381
0.00002
0.00000
1.30135
0.00000
0.23152
0.03228
0.00001
0.12844
0.47376
0.00000
0.13276
0.00749
0.00000
0.00000
0.50971
0.02278
0.75190
0.00000
0.00002
0.15463
0.00171
0.06110
0.00039
0.41642
0.04053
0.53484
0.22505
0.00839
0.00033
0.01051
0.00147
0.00000
1.66497
0.00000
0.00147
0.00000
0.00178
1.16598
0.00001
1.16666
0.00227
0.00000
0.07067
0.00860
0.00054
0.00002
0.02138
0.85363
1.13169
0.34625
0.00952
0.13280
0.00000
0.00002
0.00000
0.00004
0.63481
0.46799
0.00141
0.47146
0.00650
0.00001
0.00000
0.20200
0.00054
0.66219
0.00242
0.00001
0.00004
0.00018
0.00002
0.00003
0.00080
0.77563
0.04548
0.00000
0.02418
0.00005
0.00000
0.00000
0.14527
0.13845
0.02556
0.54719
0.00020
0.00100
0.02637
0.00031
0.85552
1.30113
0.00073
0.00001
0.70851
0.00001
0.00000
0.70972
0.00000
1.08353
1.35080
0.66136
0.17411
0.06749
0.00000
0.00046
0.00112
0.14295
0.25872
0.00003
0.00047
0.03897
0.02607
0.00052
0.11274
0.00002
0.13499
0.19498
0.04767
0.14398
0.00019
0.08687
1.06868
0.00080
0.00061
0.00000
0.00024
0.00003
0.00139
0.00001
0.00013
0.43204
0.03500
0.00033
0.02986
0.00000
0.00743
0.00000
0.00000
0.10024
0.00300
0.00000
0.73088
0.45864
0.00001
0.50457
0.00000
0.04167
0.00001
0.00000
0.03628
0.00001
0.00000
0.00054
0.00376
0.00232
0.00004
0.00004
0.00000
0.00000
0.00080
0.00005
0.00000
0.00102
0.00000
0.00000
0.32347
0.00270
0.00001
0.00000
0.00031
0.05115
0.00000
0.88451
0.00041
0.00057
0.00004
1.60788
3.08000
0.00000
0.00000
0.24276
0.02208
0.57028
0.20311
0.00000
1.51103
0.00141
0.00021
0.11053
0.33991
1.25165
0.00007
0.00128
0.00000
0.70665
0.00003
0.00111
0.00414
0.00629
0.00232
0.17075
0.00002
0.00000
0.00006
0.00027
0.00428
0.00000
1.55746
1.91124
0.00003
0.02284
0.00227
0.00000
0.24173
0.00063
0.02475
0.15677
1.10210
0.00002
0.41821
0.00000
0.00000
0.06670
0.00029
0.51942
0.00000
2.23318
0.06069
0.66355
0.15113
0.56659
0.91122
0.09034
0.00000
1.00245
0.67838
0.00004
0.00002
0.00001
0.00000
0.43886
0.00232
0.00006
0.09062
0.08360
0.00001
0.09067
0.00542
0.00000
0.00006
0.02506
1.12109
0.24638
0.00002
1.75349
0.00000
0.00286
0.00000
0.00014
0.00046
0.00737
0.00001
0.00000
0.00010
0.00678
0.00001
0.00000
0.00509
0.00012
0.68206
0.00000
1.10958
0.00000
0.36149
0.00007
0.00278
0.00002
0.00218
0.08057
0.00000
0.14070
0.00000
0.00000
0.00750
0.00001
0.00306
0.00088
1.00155
0.00013
0.00000
0.00003
0.00003
0.21383
0.00031
0.02982
0.00000
0.30246
1.01296
0.00366
0.00000
0.00000
0.00000
0.00001
1.53455
0.21427
0.00000
0.40911
0.00000
0.29096
0.90014
0.00000
0.00000
0.07976
0.07674
0.00000
0.23006
0.00000
0.00242
0.04133
0.00067
0.00000
0.00005
0.62685
0.00000
0.00000
0.43953
0.35737
0.37023
0.03753
0.42863
0.00000
1.33858
0.00170
1.74469
0.00000
0.99076
0.00083
0.00000
0.00000
0.00010
0.17467
0.00791
0.22644
0.00191
0.00004
0.00051
0.00000
0.00001
0.17788
1.58127
0.00001
0.02129
0.00018
0.00177
0.00004
1.22681
0.00754
0.00000
0.00000
0.00009
0.00010
0.15148
0.00132
0.05952
0.00588
0.00019
1.10628
0.00534
0.00000
0.00000
0.00035
0.00000
1.38968
0.00002
0.00003
0.00197
0.00083
0.79371
0.28597
0.00229
0.70921
0.02408
0.67762
0.64959
0.00563
0.00111
0.00351
0.00493
0.08769
0.00013
0.70805
0.00000
0.00000
0.00000
0.00215
0.00000
0.01305
0.30849
0.15865
0.00000
0.00000
0.00034
0.00000
0.00001
0.06533
0.00000
0.29271
0.00000
0.00097
0.01643
1.08524
1.51078
0.00730
0.00691
0.01766
0.00001
0.00004
0.22278
0.00001
0.00792
0.00108
0.02312
0.00699
0.00725
0.00000
0.00005
0.30338
0.22948
1.52580
0.00389
0.00125
0.00073
0.20279
0.00000
0.00000
0.00000
0.64040
0.00474
0.00026
0.00004
0.00000
0.08282
0.00000
0.78482
0.00000
1.32507
1.70599
0.00000
0.00024
0.00013
1.33401
0.01153
0.00025
0.00000
0.14057
0.00000
0.00000
0.28357
0.02720
0.00016
0.00140
1.03163
0.00066
0.00000
0.00096
0.81626
0.00010
0.22094
0.00005
0.00013
0.00031
0.00000
0.00000
0.00042
0.00000
0.00109
0.00000
0.64780
0.00000
0.21914
0.00030
0.00001
0.67376
0.06129
0.00000
0.01208
0.76306
0.00000
0.05345
0.00000
0.00000
0.18192
0.00001
0.00339
0.00002
0.13229
0.00001
0.00000
0.00031
0.00000
0.00000
0.00001
0.00293
0.00001
0.00000
0.00135
0.00000
1.18301
0.00148
0.00001
2.20284
0.00157
0.00000
0.00209
0.00000
0.00089
0.00470
0.00001
0.00000
0.00674
0.00002
0.92847
0.00061
0.00024
0.36272
1.27634
0.01381
0.00000
0.76730
0.00014
0.00011
0.00992
0.00001
0.00207
0.27604
0.18360
0.00424
0.00000
0.00707
0.45780
0.00002
0.05017
0.00000
0.00000
0.08906
0.67225
0.00000
0.45565
0.00080
0.94141
0.00000
0.00001
0.00001
0.73303
1.85693
0.05023
0.35373
0.48939
0.25124
0.00000
0.00010
0.96480
1.54783
0.06195
0.87038
0.00005
0.00000
0.00000
2.55918
0.00103
0.22401
0.00029
0.23927
0.06944
0.00405
0.00028
0.00837
2.09855
0.00663
0.05831
0.28501
0.00409
0.05020
0.00001
0.00036
0.00000
0.00005
0.00015
0.00000
0.04564
0.17618
0.00002
0.00000
0.00088
0.04009
0.00016
0.06362
0.31729
0.00000
0.00540
0.22846
0.00664
0.27393
0.00033
0.00709
0.70881
0.00009
0.06019
0.83777
0.00000
0.00001
0.01130
0.00027
0.94099
0.14900
0.03836
0.00016
0.87946
0.09998
0.00000
0.67578
0.00005
0.00000
0.38692
0.00007
0.00051
0.00000
0.58018
0.00007
0.00030
0.00406
0.00003
1.30755
0.00000
0.02508
0.65339
0.06022
0.00000
0.00001
0.57615
0.00000
0.00148
0.00000
0.95740
0.08203
0.01509
0.66763
0.00279
0.01646
0.00000
0.02352
1.83759
0.02151
0.70004
0.00625
0.00001
0.00119
1.06405
1.52745
0.00001
0.69917
0.03833
0.00000
0.00001
0.02215
1.58307
0.00000
0.08968
0.00000
0.68938
0.00008
0.00000
0.00000
0.00010
0.05877
0.00533
0.00001
0.00000
0.05755
0.04026
1.06704
0.01071
0.00001
0.43936
0.00000
0.63136
0.00030
0.94327
0.00486
0.20675
0.00017
0.82831
0.06736
0.01942
0.00023
0.00000
0.00869
0.60490
0.00048
0.02947
0.00000
0.41088
0.00000
0.98894
0.01423
0.01884
0.00000
0.85886
0.00000
0.69264
0.01347
0.00303
0.00001
1.31699
0.00000
1.60699
0.27780
0.00003
0.00012
0.12230
0.00237
0.00000
0.00000
1.80128
0.14120
0.00154
0.00004
0.31522
0.00000
0.00424
0.55090
0.12008
0.02017
0.20744
0.00000
0.43692
0.00001
0.80593
0.03431
1.13930
0.01341
0.07673
0.00000
0.00908
0.16496
0.01163
0.97929
0.00003
0.00001
0.37793
1.83526
0.00022
0.00000
0.00030
0.01961
0.01527
0.00000
0.11652
0.00000
0.93244
0.00208
0.00987
0.00001
0.00000
0.00513
0.00001
0.00001
0.00066
0.24221
0.18147
0.00029
0.20417
0.00004
0.00007
0.00031
0.00000
0.12951
0.00000
0.04193
1.19705
0.37194
0.00135
0.04663
0.06052
0.00000
0.00006
0.00010
0.09335
0.00125
0.00010
0.00000
0.49725
0.87473
0.00000
1.14976
0.04012
0.00014
0.92697
0.00022
0.17869
1.22615
0.00041
0.00031
0.00001
0.00456
0.00333
0.10789
0.00130
0.00218
0.00492
0.00040
0.00009
0.00000
0.09939
0.00000
0.37590
0.00000
0.00024
0.23728
0.00218
0.00058
0.00000
0.04869
0.00000
0.00000
0.00007
0.96798
0.00011
0.11903
0.00346
0.00000
0.00001
0.00186
0.00004
0.03402
0.00003
0.47739
0.06923
0.00813
1.02326
0.01265
0.00212
0.52910
0.00653
0.00660
0.13614
0.00022
0.00000
0.00000
0.00000
0.09147
0.55993
0.72005
0.00085
0.50354
0.00031
0.01552
0.31447
0.13098
0.00009
0.01577
0.00101
0.22228
0.70117
0.17280
0.00411
0.76679
0.03121
0.00040
0.00703
0.38445
1.07491
0.00003
0.00054
0.88597
0.00234
0.03185
0.45679
0.06839
0.00000
0.00000
0.04415
0.00000
1.28521
1.45672
0.00000
0.00354
0.28175
0.00165
0.02813
0.00000
0.00000
0.03014
0.13164
0.12655
0.00000
0.63034
0.00157
0.03899
0.00000
0.05375
0.69982
0.00024
0.00000
0.00028
0.00164
0.00000
0.03815
0.83494
0.00246
0.00070
0.06184
0.00000
0.01966
0.52268
0.00003
1.38704
0.12607
0.00008
0.32309
0.29955
0.00001
1.07155
0.00000
0.01072
0.00000
0.70459
0.00000
0.00082
0.00000
0.00323
1.26646
0.99801
0.75982
0.01419
0.00004
0.91099
0.00000
0.00445
0.00038
0.03003
0.00000
0.55122
0.00240
0.00143
0.00000
0.04480
0.00162
0.32698
0.00002
0.01110
0.00007
0.41954
0.00000
0.00002
0.00016
0.00000
0.00000
0.00000
0.00000
1.17418
0.05507
0.73683
0.00861
0.00000
0.16500
0.20323
0.00306
0.06473
0.00000
0.00002
0.69356
0.00001
0.10249
0.00501
0.00000
0.02723
0.10134
0.00000
0.03305
0.00000
0.54365
0.07086
0.05963
0.01119
0.00001
0.03304
0.80617
0.31609
0.01336
0.00009
0.02571
0.00000
0.00030
0.00003
0.00015
0.00002
0.00003
1.07234
0.00000
0.00285
0.38849
0.00003
0.02498
2.00675
0.68330
0.02549
0.00002
0.00000
0.70828
0.74590
0.00000
0.30182
0.00001
0.00000
0.00262
0.00000
0.00007
0.00001
0.00015
0.03872
0.00685
0.00000
0.00001
0.28979
2.37332
0.83790
0.55637
0.00193
0.79730
0.00364
0.47678
0.00000
0.00020
0.00006
0.00006
0.00000
0.00306
1.03041
0.00000
0.00000
0.00734
0.00216
0.61010
0.80862
0.00001
0.08540
0.19074
0.82189
0.00111
0.00002
1.09501
0.00246
0.00000
0.00002
0.20745
0.00000
0.61574
0.00000
0.00000
0.00000
0.00000
0.00013
0.85058
0.09649
0.00000
0.31288
1.42966
0.00057
0.09780
0.90898
0.16734
0.00000
0.00000
0.00110
0.00027
0.00022
0.00524
0.99082
0.00000
0.00580
1.02074
0.11779
0.01353
0.00031
0.01558
0.00018
0.00000
0.90705
0.00022
0.00002
0.00000
0.07201
0.00000
0.04080
0.00070
0.00001
0.00000
0.14048
2.13416
0.00008
0.00000
0.00137
0.82995
0.00193
0.27060
0.00055
0.00005
1.15869
0.00166
0.00000
0.63293
1.95467
0.00124
0.03247
0.00001
0.14298
0.58391
1.00136
0.00000
0.00002
0.00003
0.00141
0.76371
0.00000
0.26165
1.73267
0.00215
0.00000
0.04795
0.00353
0.00000
0.00000
0.00001
0.00011
0.00237
0.89182
1.80162
0.00000
0.00011
0.02587
0.00000
0.00034
0.00006
0.00000
0.00022
0.00158
0.00774
0.00001
0.78884
0.00034
0.00421
0.67801
0.00191
0.00000
0.00015
0.00000
0.02298
0.00660
1.55829
0.00000
0.00149
0.00017
0.01035
0.01392
1.34485
0.00000
0.00086
0.01318
0.00354
1.92776
0.00019
0.45164
0.71598
0.98322
0.00000
0.00000
0.47383
1.04112
0.00000
0.00947
0.00000
0.00000
0.00000
0.03175
0.02233
0.00000
0.00004
0.01059
0.00003
0.10569
1.22146
0.00043
0.00000
0.20671
0.00257
0.08594
1.22840
0.00010
0.41324
0.45155
0.04883
0.00000
0.00004
1.61535
0.00050
0.00194
0.00514
0.00000
0.01003
0.00000
0.03411
0.44691
0.00189
1.79782
0.31561
0.00000
0.07731
0.00000
0.34788
0.00001
1.10312
0.00026
0.00001
0.00001
0.00124
1.23824
0.00009
0.00113
0.00001
0.00022
0.00290
0.68038
0.00002
0.00062
0.50299
0.01686
0.95620
0.00032
0.21078
0.70640
0.00016
0.00002
0.14612
0.19434
1.08236
0.04255
0.00000
0.00000
0.00078
0.00000
0.00006
0.00010
0.76654
0.11500
0.13395
0.00015
0.00572
0.00000
0.00002
0.00000
0.00005
0.00000
0.35587
0.01056
0.00008
0.03814
0.00001
1.00638
0.51692
0.00000
0.00000
0.00022
1.14114
0.00003
0.00004
0.00000
0.00002
0.68963
0.00000
0.00000
0.00014
0.00003
1.66085
0.07627
0.00000
1.65337
0.00022
0.00027
0.00044
1.13310
0.00000
1.49868
1.61113
0.49163
0.00059
0.08453
0.00050
1.72562
0.00085
0.00001
0.00000
0.00073
0.02109
0.00002
0.04259
0.67250
0.84539
0.00047
0.10884
0.00009
0.00508
0.66268
0.00233
0.09501
1.20296
0.00248
0.00000
0.09218
0.00001
0.85972
0.00113
0.01356
0.00224
1.60809
0.00000
0.00011
0.00005
0.01151
0.00004
0.12855
0.23815
0.00002
0.34229
0.00000
0.00002
0.00001
0.00000
0.00277
0.68725
0.00146
0.00000
0.00000
0.05241
0.00433
0.00000
0.00000
0.00000
0.24322
0.64886
0.00000
0.00192
0.00001
0.02756
0.53507
0.05013
0.26028
0.00000
0.69313
0.07619
0.00145
0.05510
0.69214
0.00002
0.00033
0.03557
0.07013
0.00001
0.22612
0.00235
0.61974
0.38899
0.03155
0.00000
0.01307
0.79804
0.95151
0.47361
0.05025
0.02555
0.82412
0.06051
0.12340
0.00012
0.00014
0.55160
0.00000
0.00001
0.00002
0.00034
0.90612
0.01145
0.40251
0.01650
0.54480
0.00028
0.00702
0.00001
0.00000
0.00902
0.00039
0.00000
0.00001
0.00171
0.00005
0.56662
0.00000
0.00020
0.77822
0.00000
0.00002
0.00000
2.06446
0.40098
0.17743
0.00020
0.00057
0.00000
0.00004
0.01350
0.00000
0.00012
0.00150
0.00112
0.10770
0.00000
0.90868
0.00119
0.00002
0.00015
0.00001
0.13944
0.10309
1.44834
0.00000
0.00471
0.00000
1.24953
0.13437
0.00020
0.04628
0.74407
0.00017
0.03771
0.74009
0.00001
0.00000
0.25701
0.00859
0.01009
0.00294
0.05521
0.00008
0.22264
0.00000
0.02447
0.00005
0.20524
0.03997
0.00000
0.00000
0.00448
0.00000
0.00453
0.68459
0.00463
0.00000
0.00126
0.00000
0.27014
0.00040
0.00000
0.00002
0.09374
1.55253
0.47003
0.12383
0.39953
0.64369
0.00002
0.01515
0.24255
2.70930
0.44198
0.00000
0.00000
0.00774
0.00013
0.00016
0.00002
0.00000
0.00000
0.00000
0.24258
0.00011
0.17173
0.08821
0.00046
0.00000
0.22923
0.23171
0.18148
0.00005
0.00000
0.00003
0.01033
0.00570
0.00000
0.00002
0.67494
0.07408
0.70665
0.00395
0.00000
0.58948
0.00000
0.00000
0.00152
0.00000
0.00000
1.42719
0.21224
0.02604
0.00043
0.00000
0.00234
0.00008
0.00000
0.02118
1.31612
0.00000
0.32004
0.00004
0.01651
1.35884
0.00195
0.00000
0.00027
0.00266
0.89909
0.00000
0.00000
0.00003
0.04927
0.22265
0.00000
0.00020
0.00000
0.00000
0.00030
0.00001
0.00027
1.43495
0.00001
0.43593
0.00000
0.00001
0.00000
0.00000
0.00246
0.00000
0.00129
0.00018
0.00059
0.42111
0.00027
0.16686
0.00004
0.00317
0.02736
0.00000
0.03217
0.03732
0.00019
0.00142
0.00006
0.87145
0.00005
0.24813
0.40673
0.00004
0.00000
0.00000
1.22369
0.02095
0.00010
0.68853
0.00002
0.68061
0.00012
0.00003
0.00000
0.00000
0.19630
0.98951
0.03797
0.00000
0.20789
0.00085
0.00000
1.86166
0.00000
0.00000
0.00001
0.00000
0.00002
0.00207
0.00000
0.00130
0.00319
0.00001
0.00094
0.00248
0.00356
0.00000
0.17218
0.13410
2.61849
1.27878
1.78385
1.29343
1.08139
0.47945
0.00508
0.00217
0.00000
0.76524
0.00029
0.00000
0.01306
0.00025
0.01081
0.37995
0.54597
0.00003
0.05380
1.37381
0.00000
0.00000
1.43818
0.78419
0.00064
0.00000
0.00000
0.00000
0.03360
0.00004
0.00001
0.69823
0.83821
0.12868
0.13674
1.15803
0.00037
0.00235
0.83153
0.00041
0.29666
0.00010
0.03834
0.75917
0.00000
0.03629
0.00497
0.00217
0.75006
0.00043
0.08963
0.00002
0.01006
0.00013
0.00842
0.01995
0.00377
0.00029
1.43665
0.00000
0.00417
0.00040
0.11621
0.00124
0.00000
0.84167
0.00036
0.32705
0.51029
0.04665
0.72504
0.00001
0.00046
0.72984
0.00001
0.00842
0.28141
0.00595
0.00001
0.00000
0.00000
0.12221
0.00002
0.00000
0.01369
0.37636
0.97926
1.01270
1.40121
0.00034
0.12299
0.00000
0.01891
0.12201
0.05276
0.52972
0.00017
0.00203
0.00008
0.00000
0.00000
0.94931
0.00000
0.00001
0.00677
0.00599
0.00000
1.95557
0.00015
0.00009
0.00000
0.00036
0.00087
0.00064
0.00080
0.00185
1.47536
0.00049
0.00009
0.10175
0.00000
0.37367
0.00000
0.50749
0.16046
0.00022
0.00067
0.27456
0.00003
0.00000
0.83515
0.00479
0.93766
0.44341
0.14239
0.05681
0.00779
0.80060
0.00001
0.49849
0.00001
0.00000
0.00107
0.00001
0.00000
0.00004
0.00000
0.00033
0.00028
0.00005
0.00000
0.00000
0.00006
0.04570
0.00000
0.00371
0.10745
0.00383
0.00335
1.85413
0.00001
0.01594
0.00010
0.00964
0.46894
0.36239
0.06680
0.00000
1.25514
0.42777
0.00002
0.00445
0.00000
0.00550
0.00000
0.00003
0.00003
0.00073
0.00325
0.00081
0.01736
0.31420
0.00000
0.00002
0.02711
0.00001
0.00629
0.04092
0.00106
0.00051
0.29321
0.05311
0.00000
0.02298
0.00001
0.00001
1.52910
0.00015
0.00000
0.00087
1.31478
0.00002
0.05758
0.00007
0.00380
0.02680
0.00249
0.00272
0.00000
0.20261
0.00016
3.20923
0.69538
0.46566
0.00000
0.00012
0.00065
0.08253
0.00286
0.96905
0.00000
0.00012
0.27530
0.02881
0.00030
0.00001
0.00006
0.00075
0.00001
0.51434
0.84506
0.00990
0.00011
0.01086
0.00000
0.00165
0.06863
0.01433
0.00004
0.00006
0.00036
0.00001
0.00067
0.95150
0.04995
0.98419
0.00197
0.00008
0.81969
0.04008
0.00273
0.00327
1.99876
0.00000
0.00000
0.01754
0.07104
0.01831
0.29485
0.00001
0.01971
0.01306
0.00002
0.12465
0.00211
1.56113
0.00305
0.00000
0.00071
0.00000
0.00454
0.00000
0.17886
0.00000
0.00793
0.17302
0.41764
0.00000
0.69135
0.00002
0.00199
0.00631
0.60479
0.11289
0.15675
0.11816
0.02948
0.00006
0.03963
0.11517
0.00000
0.00000
0.00001
0.20561
0.00001
0.69375
0.00000
0.00044
0.13276
0.00000
0.02499
0.00001
0.00025
0.00000
0.00364
1.12388
0.03858
0.02113
0.33653
0.01292
0.21415
0.90557
0.00271
0.00644
0.00005
0.00491
0.06791
2.28789
0.00000
0.00000
0.03068
0.00274
0.00994
0.66431
0.82961
0.00001
0.00000
0.00002
0.00000
0.00055
0.25200
0.00004
0.00003
0.24619
0.70373
0.00000
0.00000
0.00288
0.00028
0.84993
0.14942
0.00127
0.00000
0.00000
0.00106
0.00000
0.00112
0.00007
1.96577
0.00000
0.15734
0.00079
0.00000
0.22578
0.00000
0.22230
0.14696
0.00029
0.00000
0.18885
0.87838
0.10279
0.03082
0.00000
0.69332
0.18984
0.03575
0.19983
0.04152
0.10684
0.46593
0.00000
0.01740
0.23891
1.42216
0.93756
1.51776
0.00000
0.00002
0.00001
0.25594
0.00000
0.00000
0.02872
2.26542
0.42911
0.14765
0.00010
1.04089
0.00003
1.05331
0.01339
0.00000
0.00003
0.88428
1.52808
0.69370
0.00021
1.58625
0.01378
0.00001
0.12577
0.10465
0.00018
0.00052
0.00000
0.00000
0.00000
0.00000
0.00000
0.46980
0.23667
0.00037
0.44801
0.00000
0.00017
0.00318
0.00007
0.03300
0.44342
0.00075
0.01064
0.00083
0.00000
0.00582
0.00000
0.00000
0.11637
0.08618
0.00000
0.20701
0.03805
0.00003
0.00110
0.62411
0.77845
0.00000
0.63165
0.03317
0.60087
0.00012
0.00198
0.00000
0.74172
0.00000
0.00056
0.00043
0.68124
0.14498
1.08870
0.00000
0.00000
0.00000
0.00927
0.72341
0.47000
0.00136
0.00000
0.00000
0.00000
0.00000
0.00008
0.00043
0.01416
0.00002
0.01155
0.02252
0.51147
0.30221
0.00277
0.00016
0.00003
0.00002
0.00000
0.00003
0.11928
1.33777
0.00000
0.00000
0.51374
0.00007
0.86139
0.51004
0.00013
0.59445
0.06831
0.00827
0.00000
0.03307
0.00023
0.00023
1.00625
0.01143
0.00002
0.33435
0.72510
0.01485
0.00000
0.00000
0.14566
0.00038
0.00457
0.04940
0.00000
0.02374
0.00000
1.89699
0.00002
0.00005
0.25077
0.23382
0.00000
0.01693
0.05499
0.00000
0.29937
0.09392
0.03346
0.00000
0.00153
0.00001
0.02240
1.21430
0.16447
0.51440
0.00011
0.00476
2.68932
0.06419
0.23149
0.00509
0.00007
0.69116
0.00031
0.00030
0.01976
0.63739
0.00002
0.00000
1.26938
0.46102
0.40044
1.34427
0.00003
0.00403
0.77671
0.00000
0.00000
0.00337
0.00128
1.92231
0.68833
0.00023
0.25752
0.00857
0.00000
0.05876
0.00000
0.00000
0.00173
0.00001
0.04455
0.00562
0.00001
0.70891
0.00067
0.00002
0.00003
0.24847
0.00001
1.07395
0.55155
0.00001
0.04977
0.00000
0.00155
0.00000
0.00000
0.00011
0.00689
0.12498
0.00094
0.01005
0.13111
0.00000
1.75452
0.00028
0.00757
0.00260
0.21699
0.56180
0.37533
2.15005
0.00013
1.10370
0.02649
0.10759
0.90233
0.00000
0.88443
0.22748
2.31684
0.00064
0.01138
1.31115
0.00000
0.26322
0.00125
0.00002
1.67294
1.26285
0.00000
0.00191
0.00010
0.00143
1.06072
0.14961
0.01449
0.07237
0.44861
0.20660
0.12968
0.00008
0.00076
0.17899
0.97314
0.04528
0.03573
0.00049
0.49780
0.02386
0.00000
0.00000
0.00003
0.00002
0.15571
0.00004
0.00000
0.00335
0.00015
0.00000
0.66294
0.00000
0.00012
0.00357
3.66065
0.00034
0.00001
0.00000
0.00012
0.54692
0.00013
0.00000
0.00000
0.03844
0.00000
0.04924
0.46996
0.09226
0.00009
0.71373
0.00076
0.00068
0.30194
0.00021
0.00165
0.03187
0.00000
0.01413
0.53585
0.26799
0.00000
0.00001
1.13231
0.03849
0.00000
0.28374
0.00000
0.00114
0.08501
0.71099
0.00001
0.00000
0.33668
2.27852
0.00807
0.31064
0.98886
0.00004
0.07050
0.39598
0.00005
0.00000
0.00603
0.85997
0.63882
0.00006
0.00128
0.00180
0.12734
0.00943
0.02734
0.76983
0.00000
0.77812
0.09581
0.00397
0.00023
0.00000
0.04891
0.00000
0.00306
1.01689
0.00002
0.00113
0.00852
0.00000
0.06172
0.85341
0.00020
0.00079
0.00000
0.76999
0.19258
0.00289
0.00000
0.00307
1.58433
0.00063
0.21338
0.08773
0.00083
0.00008
0.00772
0.00039
0.22273
0.00000
0.00019
0.00000
1.03523
0.64099
0.73105
0.00000
0.00000
0.00332
0.00000
1.54578
0.01219
0.00004
0.00000
0.00139
0.00000
0.00001
0.00000
0.00000
0.54150
0.00001
0.00000
0.37619
0.68244
0.00000
0.40981
0.63567
0.00001
0.03454
0.00011
0.00000
0.03250
1.78121
0.07040
0.66600
1.05774
0.00328
0.03474
0.00048
0.00021
0.06717
0.00000
0.00000
0.01608
0.00000
0.13257
0.88072
0.00001
0.00004
1.80137
0.00005
0.54886
0.00801
0.00000
0.00237
0.03356
0.87778
0.00003
0.00000
0.01721
0.00000
0.61103
0.00017
0.79306
0.00209
0.00015
0.00000
0.00017
0.00014
0.75576
0.78886
0.00000
0.00001
0.19282
0.01468
0.00084
0.00001
0.53030
0.00000
0.00000
0.00000
0.00000
0.02105
0.42231
0.00000
0.00002
0.00461
0.28429
0.16408
0.00001
0.00004
0.00000
0.05912
0.00254
0.00000
0.00019
0.00002
0.00000
0.00000
0.00565
0.00007
0.02073
0.00273
0.00003
0.25492
0.46727
0.00023
0.01434
0.00093
0.00093
0.00009
0.00002
0.60355
0.34942
0.00158
0.87539
0.00610
0.26363
0.00000
0.00020
0.00020
0.57494
0.00001
0.00000
0.22889
0.03948
0.00000
0.00002
0.24717
0.00000
0.00336
0.66048
0.00636
0.53240
0.00000
0.00000
0.00280
0.00005
0.45515
0.00001
0.00357
0.00000
0.76994
0.05677
0.00000
0.00011
0.00012
0.00169
0.00000
0.00164
0.00007
0.04885
0.00000
0.00000
0.00001
0.00028
0.00026
0.97644
0.89772
0.00094
0.00000
0.06538
0.00082
0.35830
0.75824
0.00003
0.02501
0.01182
0.00000
0.00000
0.77693
0.00000
1.09391
0.00002
0.04214
0.00000
0.00000
0.11508
0.00000
0.00919
0.00001
0.00004
0.00375
0.00043
0.00085
0.00000
0.00002
2.25227
0.11596
0.00957
0.00000
0.18295
3.03318
1.47206
0.00000
0.00000
0.00002
0.05900
0.01192
0.00178
0.11997
1.31199
0.00049
0.01569
0.00460
0.29739
1.20165
0.00054
0.40468
0.00062
0.79569
0.48287
0.00092
0.00001
0.00000
0.00000
0.62881
2.18015
0.00929
0.38823
0.00649
0.00003
0.96369
0.00013
1.46435
0.00000
0.00030
0.00008
0.00000
0.00000
2.78136
0.00000
0.02049
0.08846
0.06447
1.47259
0.21689
0.01511
0.00002
0.02189
0.01057
0.00039
0.00405
0.69570
0.00007
0.00085
1.53716
0.00005
0.00191
0.33517
0.00014
0.00009
0.00000
0.00000
0.14074
0.00011
0.44655
0.00000
0.00004
0.01492
0.00000
0.00001
0.00001
0.00131
0.47414
0.45819
1.24544
0.12363
0.00016
0.00001
0.00000
0.00001
0.00004
0.64287
0.01645
0.00001
0.00000
0.00000
1.12383
0.33889
0.00812
0.00000
0.00002
0.00000
0.00112
0.70667
0.00069
1.03145
0.09070
0.02987
0.29481
0.00017
0.00163
0.00627
0.00013
0.29937
0.00000
0.00000
0.06334
0.00094
0.13199
1.03685
0.00009
0.00050
0.00001
0.00519
0.00000
0.00004
0.00005
0.00000
0.00021
0.00009
0.00000
0.71398
0.00000
0.42180
0.00000
0.00028
0.02017
0.16597
0.07343
0.03314
0.13605
0.65083
0.50316
0.00000
0.36698
0.50090
0.02559
0.18871
0.00000
0.00001
0.00001
0.00001
0.00000
0.00006
0.00010
0.00000
0.00000
0.00001
0.00005
0.00000
0.00034
0.00000
0.00000
0.00010
0.00001
0.18739
0.00000
0.00004
0.00062
0.00002
0.00004
0.00000
0.00003
0.00022
1.17283
0.88305
0.27157
0.00025
1.11186
0.00000
0.00000
0.79883
0.00113
0.00000
0.00000
0.00003
0.00006
0.00000
0.00029
0.00003
0.00033
0.75203
0.00000
0.00000
0.00783
0.00001
1.46997
0.06763
0.01533
0.00674
0.00182
0.25570
0.12075
0.02555
0.00000
0.63136
0.93742
0.47920
0.89666
0.00209
0.02031
0.00025
0.07859
0.00001
0.00025
0.00010
0.00106
1.27931
0.07506
0.00000
0.00000
0.00005
1.50810
0.00001
0.00069
0.00003
0.00000
0.00000
0.69722
0.00222
0.15095
0.10812
1.44460
0.00000
0.00008
0.04816
0.00157
0.00000
0.69502
0.00010
0.00024
0.70608
0.00040
1.15524
0.00000
0.00452
0.00000
1.09066
0.00098
0.18118
0.00009
0.00000
0.00535
0.00021
0.00002
0.00002
0.00027
0.50325
0.00000
1.54928
0.00000
0.00012
1.14124
0.00000
0.04119
0.00871
0.69294
0.00000
0.00002
0.00542
0.00020
1.34674
0.00009
0.00013
0.00000
0.00000
0.00002
0.18045
0.00001
0.00031
0.00124
0.00002
0.33501
0.00002
0.00000
1.78469
0.12975
0.63527
0.00012
0.00000
0.00000
0.00000
0.00000
0.26964
0.04358
0.00003
0.00000
0.89505
0.00000
0.00082
0.00003
0.00039
0.00001
0.00108
0.32186
0.00010
0.01905
0.00001
0.00013
0.74914
0.00001
0.00003
0.06440
0.00000
0.01030
0.00044
0.00015
0.05594
0.00001
0.00000
0.00000
0.00006
0.00008
0.00046
0.82873
0.00000
0.00000
0.00000
0.01215
0.00000
0.00000
0.01745
0.00014
0.00001
2.14676
0.04744
0.00000
1.12277
0.68934
1.85547
0.00000
0.00000
0.51494
0.00000
0.00000
0.00000
0.00026
0.00143
0.00036
0.22406
0.55657
0.14747
0.07939
0.00223
0.18416
0.00142
0.05812
0.24039
0.05008
0.00294
0.00216
0.15348
0.00000
0.00000
0.01604
0.00000
0.00002
0.23142
0.28349
0.00000
0.00085
0.00588
0.00001
0.00000
0.32543
0.00597
0.00385
0.00944
0.00000
0.27306
0.00000
0.00036
0.00000
0.02804
0.00000
0.17380
0.00008
0.38172
0.00085
0.03971
0.00054
0.06396
0.62855
0.02111
0.13412
0.53510
0.00000
0.00000
0.00168
0.00001
0.00388
0.00755
0.00001
0.01904
0.00006
1.52311
0.78581
0.00000
0.01199
0.15399
0.00000
0.00616
0.01656
0.00000
0.00093
0.01281
0.00076
0.14783
0.00002
0.14204
0.00000
0.00006
0.09226
0.00000
0.72028
0.17098
0.00000
0.00000
0.00306
0.00014
0.00014
0.00000
0.00214
0.00050
0.00000
0.00000
0.00236
0.00000
0.00001
0.01210
0.00017
0.00027
0.33624
0.27576
1.59978
0.00010
0.00000
0.03093
0.00089
0.00039
0.00001
0.00036
0.00172
0.19048
0.00009
0.00918
0.00049
0.35124
0.00000
0.00002
1.15628
0.00000
0.00000
0.00001
0.06306
0.00000
0.00022
0.00180
0.00049
0.00008
0.02503
0.00100
0.00000
0.00000
0.00000
2.25385
0.00270
0.23504
0.00000
0.05664
0.04530
0.00802
0.07262
0.00001
1.66372
0.00169
0.88013
0.90604
1.12084
0.00006
0.72027
0.00000
1.95851
0.00626
0.00002
0.00006
0.00000
0.00000
0.61100
0.00006
0.45219
1.32644
0.00782
0.00000
0.26998
0.34335
0.43340
0.00379
0.00052
0.00000
0.00022
0.00122
0.00000
0.00000
1.62668
0.00000
0.00006
0.00002
0.00000
0.00000
0.00627
0.00000
0.32305
0.14310
0.00000
0.39187
0.00025
0.15296
0.00072
0.00020
0.00166
0.84510
0.00036
0.40807
0.42823
0.00294
0.14625
0.00001
0.68799
0.00000
0.00242
0.01538
0.00011
0.47380
0.54542
0.00000
0.00121
0.00033
0.00000
0.00356
0.00706
0.00000
0.00008
0.12993
0.00022
0.52137
0.00165
0.03606
0.00000
0.00001
0.00000
0.00000
0.81643
0.06497
0.00027
0.74719
0.47251
0.89526
0.00053
0.00051
0.08369
0.01967
0.00000
0.60172
0.00271
0.00031
0.00000
0.68237
0.00000
0.09100
1.30446
0.00019
0.00000
0.00000
0.04392
0.00613
0.61098
0.00000
0.03712
0.00005
0.63764
0.19147
0.00003
0.00004
0.00004
0.00000
0.05679
0.00000
0.00483
0.00050
0.02217
0.00089
1.05030
0.00000
0.00006
0.00000
0.00005
0.00084
0.31687
0.00000
0.66950
0.00015
0.00000
0.00000
0.00012
0.00103
0.00000
0.00000
0.00000
0.00000
0.00000
0.00000
0.00000
1.10171
0.00000
0.09693
0.00660
0.00011
0.00981
0.80745
0.38759
0.64854
0.00629
0.12561
0.76092
0.15816
2.51009
0.61811
0.58704
0.31489
0.01327
0.00010
1.04558
0.00000
0.08334
0.01321
0.04600
0.00000
0.00958
0.00113
0.00003
0.00008
0.00002
0.00000
0.92542
0.00001
0.00007
1.62019
0.00213
0.21603
0.21541
0.00000
0.00000
0.00015
0.00000
0.04583
0.12919
0.00375
0.00687
1.01227
0.00087
0.00000
0.00000
0.00001
0.18888
0.00456
0.02164
0.00000
2.06447
0.00000
0.01220
0.02432
0.00000
0.00003
0.00004
0.00107
0.00000
0.00000
0.00079
0.00000
0.00000
0.20508
0.34733
0.00001
0.01159
0.00000
0.00000
0.04511
0.81649
0.00001
0.00001
0.37240
0.00590
0.00001
1.99201
0.00000
0.18830
0.01799
0.00031
0.00428
1.00574
0.00033
0.00000
0.10860
1.19098
0.00000
0.00119
0.04938
0.52842
0.55360
0.00001
0.05885
0.00001
0.29766
0.00915
0.00000
0.79495
0.00046
0.00000
0.00020
0.00000
0.00000
0.44997
3.03613
0.00003
0.00026
0.62724
0.00092
0.00000
0.00000
1.08503
0.00780
0.02449
0.00000
0.00000
0.00005
0.22111
0.15153
0.24333
0.00000
0.00010
0.05277
0.63301
0.22566
0.00000
0.00119
0.00464
0.00042
0.00011
0.00000
0.00000
0.41306
0.00006
0.00000
0.00027
0.00000
0.00008
0.00442
0.00000
0.18944
0.00000
0.84385
0.00119
0.00003
0.00000
0.02923
0.00001
0.00000
0.00001
0.00000
0.00000
0.00903
0.12612
0.00000
0.00002
0.00000
0.00130
1.20223
2.11358
0.27442
0.00029
0.00010
0.00000
1.31031
0.00000
0.00024
0.40639
0.12773
0.02502
0.00001
0.01867
0.64564
0.00000
0.00000
0.62548
1.78091
0.40644
0.77873
0.00001
0.00000
1.18135
0.00001
0.03864
0.00000
0.00269
0.72369
0.02805
0.54996
0.00005
0.00000
0.06967
0.00000
0.00024
0.00024
0.00000
0.00146
0.11017
0.02988
0.15890
0.73006
0.00000
0.00000
0.00010
0.00000
0.99969
0.08876
0.00008
0.00002
0.00425
0.93417
0.00000
0.00002
0.21332
0.02289
0.00004
0.67734
0.01022
0.06675
1.86268
0.00000
0.00004
0.02993
0.00000
0.00111
0.01963
0.16786
0.00044
0.05944
0.00002
0.00000
0.00657
0.03243
0.00008
0.00000
0.70252
0.43103
0.04776
0.00000
0.00012
0.00011
1.46218
0.53450
0.81050
0.00010
0.00000
2.06012
0.02811
0.00000
0.06918
0.09972
0.03363
0.00008
0.00391
0.00001
1.15845
0.42836
0.63356
0.00203
0.00134
1.37452
0.00001
0.00000
0.41255
0.76329
1.26194
0.52227
0.39488
0.00001
0.00003
1.46537
0.27366
0.02166
0.05681
0.00002
0.10537
0.17358
0.00268
0.00035
0.01623
0.00000
0.05308
0.00000
0.03945
0.27120
0.00003
0.00014
0.01535
0.51854
0.00001
0.00000
0.90644
0.00100
0.42411
0.00232
0.00004
0.01201
0.00244
0.00002
0.78507
0.00095
0.07608
0.00001
1.65291
0.00141
0.01663
0.00004
0.10071
0.00001
0.00686
0.00001
1.57547
0.46877
0.02809
0.00000
0.16219
0.04117
0.00000
0.65349
0.00000
0.23061
0.02802
0.67570
0.00001
0.00000
0.00056
0.00000
0.00000
0.49596
1.79263
0.79793
0.01192
0.26585
0.05534
0.09057
0.00000
0.12459
0.00002
0.05047
0.14821
0.23879
0.00000
1.02004
0.00000
0.00052
1.29326
0.00001
1.75018
0.23151
0.00000
0.00002
0.00200
0.12275
0.00427
0.00001
0.00000
0.00007
0.00264
0.00043
0.00000
0.00001
0.07354
0.00042
0.23007
0.00000
0.00303
0.23072
0.00000
0.00099
0.00057
0.81519
0.00000
0.00000
0.02376
0.00070
0.00009
0.01703
0.01815
0.00228
0.00001
0.00169
0.00036
0.05354
0.00000
0.00000
0.00001
0.19514
0.00000
0.00000
0.00220
0.00004
0.00868
0.00010
0.00081
0.16664
0.00000
0.00013
0.03948
0.00000
0.16906
0.83849
0.01474
0.00088
0.14516
0.02324
0.00003
0.00001
0.00000
0.96922
0.00000
0.87130
0.00031
0.00000
0.00291
0.00175
0.00058
0.00000
0.02681
0.00003
0.67012
0.52485
0.01465
0.00002
0.04657
1.41747
0.41712
0.00000
0.00015
1.77009
0.00092
0.13102
0.00025
0.18035
0.00000
0.01913
0.00002
0.00000
0.00002
0.00000
2.22657
0.03615
0.29815
0.00019
0.65157
0.00075
0.00009
0.00000
0.14443
0.00003
0.72773
0.01672
0.36771
0.00009
0.00000
0.00005
0.00001
1.05820
0.00000
0.09349
0.00033
0.00000
0.23550
0.00000
0.34074
0.00000
0.00471
0.76853
0.00000
0.19386
0.00000
0.00004
0.00000
0.00000
0.00000
0.00001
0.13690
0.03742
0.00000
0.21200
0.00038
0.00027
0.66686
0.00000
0.00000
0.01334
0.00000
1.14572
0.06248
0.00165
0.25281
0.00018
0.00656
0.05728
0.03319
0.01352
0.00000
0.00081
0.04670
0.00325
1.56145
0.00005
0.00000
0.08072
0.01967
0.01809
0.00159
1.78944
0.00000
0.35965
0.00197
0.00010
0.57577
0.16397
0.82645
0.00183
0.00620
0.00014
0.23699
0.00097
0.01881
0.00067
0.84893
0.00008
0.68249
0.00001
0.00000
0.61509
0.00010
0.01168
0.00381
0.00000
0.00005
0.00270
0.12702
0.00000
0.00014
0.00002
0.29081
1.07183
0.00001
1.03547
0.38670
0.00000
0.00015
0.08207
0.00000
0.00000
0.00012
0.00000
0.02800
0.00000
0.00000
0.00998
0.00000
0.02282
0.00000
0.00085
0.00000
0.01398
0.13729
0.00001
0.00000
0.01493
1.31362
0.03438
0.00025
0.01085
0.00317
0.00247
0.00000
0.03527
0.00008
1.24233
0.38593
0.43769
0.00000
0.58639
0.93530
0.07168
0.07780
1.86649
0.30849
1.51720
0.00000
0.00349
0.00005
0.53668
0.00000
1.78068
0.00174
0.00267
0.00649
0.00070
0.63542
1.12209
0.00002
0.00110
0.00001
0.00000
0.00000
1.65301
0.50481
0.57765
0.00012
0.05582
0.00002
0.00000
1.21426
0.00001
0.00179
1.34619
0.00060
1.00272
0.00603
0.00431
0.00000
0.00098
0.00038
1.94709
0.00000
0.00001
0.00094
0.00567
1.41269
2.10354
1.91579
0.83057
0.00418
0.00000
0.00002
0.00150
0.00000
0.00082
0.10383
0.00004
0.48886
0.51566
1.11495
0.00000
0.14898
0.63117
0.06626
0.00524
0.00000
0.00000
0.67725
0.00000
0.65452
0.00124
0.00001
1.72034
0.00004
0.00014
0.85518
0.65669
0.00000
0.17734
1.00333
0.13419
0.00000
0.62609
0.00001
0.00027
0.00001
0.30237
0.07302
0.45758
0.00000
0.00002
1.10689
0.00030
0.87317
0.01590
0.00008
0.31404
0.83547
1.41777
0.00000
0.00173
0.00000
0.00000
0.00000
0.00265
0.00000
0.85645
0.00000
1.03156
0.00000
0.00034
0.00000
0.74239
0.01073
0.00092
1.00073
0.00007
0.00001
1.49608
3.12612
0.74466
0.00001
0.00000
0.00026
0.74699
0.00037
0.07931
0.00000
0.56648
0.00011
0.00000
0.00000
0.21607
0.00023
0.13782
1.25007
0.00019
0.05639
1.36531
0.00000
0.45386
2.05612
0.00000
0.00000
0.00343
0.51327
0.00000
0.97087
0.00994
0.00000
0.00000
0.00005
0.23479
0.00000
0.00002
0.46591
0.00866
0.00000
0.00000
0.71602
0.00002
0.00211
1.23368
0.28146
0.62150
0.12870
0.54070
0.35294
1.44515
0.00000
0.00016
1.08990
0.00078
0.00364
0.34124
0.06809
0.00000
0.00074
0.51945
0.00364
1.61718
0.00000
0.26036
1.09862
0.04390
0.02064
0.04788
1.78017
0.00000
0.00101
0.01689
0.58777
0.00000
0.01811
0.04219
0.00000
0.21230
0.37475
0.62758
0.00000
0.00000
0.07700
0.00000
0.00000
0.00001
0.00002
0.00070
0.68606
0.00006
0.00421
0.39020
0.01070
0.00010
0.00007
0.87813
0.39912
0.00179
0.00031
0.00748
0.00000
0.00032
0.00013
0.00000
0.00000
0.00000
0.00002
0.05182
0.52752
0.00113
0.48047
0.00000
0.01405
0.00067
0.04744
0.00000
0.09301
0.00000
0.39048
0.00000
0.60518
0.16517
0.04453
0.00009
0.00403
0.00000
0.00108
0.00000
0.00011
0.00057
0.00005
0.00607
0.00000
0.00221
0.00000
0.00000
0.00439
0.00007
0.07333
0.00000
0.00002
0.00000
0.24044
0.00587
0.16650
0.00000
0.00179
0.40278
0.01805
0.48849
0.71537
0.00002
0.65677
0.12954
0.46683
0.00000
0.01167
0.00000
0.00223
0.00000
0.00001
0.00000
0.01014
1.81343
0.00001
0.00000
0.00000
0.01485
0.00000
0.16623
0.77494
0.00007
3.29511
0.40744
1.15542
0.04550
2.17518
1.03766
0.00000
0.00126
0.00000
0.00070
0.00796
1.00100
0.00000
0.00000
0.00023
0.00532
0.00000
0.37145
0.00006
0.00005
0.04441
0.17051
0.00001
0.00000
0.00000
0.00001
0.00004
0.00000
0.92792
0.00003
0.25375
0.27700
0.27805
0.00000
0.00000
1.24609
1.36092
0.05887
0.00002
0.51332
0.55675
0.00000
0.00003
0.00006
0.96068
0.00009
0.69119
0.53312
0.00030
0.77828
0.00001
0.00000
0.02933
0.00000
0.00000
0.00012
0.00000
0.03773
0.00000
0.00008
0.04110
0.03126
0.00139
0.00003
0.02938
0.01088
0.00063
0.01637
0.00253
0.00112
1.87106
0.00332
0.00001
0.00000
1.78528
0.00005
0.00007
0.00032
0.13743
1.77845
0.00000
0.00004
0.00002
0.00734
0.00000
0.00000
0.00000
0.03542
0.25988
0.00001
0.05276
0.00000
0.25794
1.72308
0.00144
0.15099
0.00008
0.00019
0.00000
0.00000
0.46990
0.00005
0.34150
0.00713
0.00003
0.14804
0.00000
0.00123
0.00000
0.00001
0.00071
0.65020
0.01059
0.12542
0.00054
2.13091
0.14611
0.45813
0.00000
0.00000
0.00328
0.00000
0.23399
0.00001
0.00467
0.00001
0.00000
0.01358
0.00340
0.00143
0.00001
0.00002
0.00002
0.00532
0.01995
0.00795
0.50577
0.00009
0.00009
0.00000
0.53231
0.09099
0.00133
0.08755
0.44464
0.00000
0.00002
0.00000
0.13166
0.01477
0.00000
0.00176
0.00017
0.00878
0.00056
0.08316
0.18831
0.02491
1.00256
0.00006
0.00000
0.00001
0.58207
0.00025
0.00000
0.00013
0.16871
0.00030
0.00147
0.00000
0.00027
0.00000
0.00000
0.00038
0.00000
0.00136
0.00001
1.20930
0.00000
0.01908
0.52431
0.00000
0.01324
0.00000
0.83095
0.00029
0.00022
0.62744
0.00012
0.00000
0.00652
0.00000
0.04286
0.02913
0.00000
0.82017
1.34134
0.04555
1.30118
1.05335
0.00431
0.00000
0.00051
0.11233
0.12166
0.07940
0.00004
0.00001
2.03545
0.00016
0.02164
0.00018
0.96891
0.00650
1.56769
0.00119
0.00000
0.00040
0.00001
0.41993
0.15297
0.02301
0.04782
0.95882
0.40033
0.00960
0.04307
0.00000
0.08982
0.00000
0.66715
0.03027
0.00006
1.81974
0.00501
0.00190
0.00849
0.00000
0.81454
0.00016
0.00001
0.65836
0.31957
0.00000
0.39087
0.00000
0.06486
0.00002
0.00048
0.00002
0.00000
0.07346
0.00000
0.00106
0.00000
0.00000
1.51224
0.00000
0.00000
2.08503
0.02105
0.00014
0.00000
0.43486
0.00009
1.22516
0.00415
0.03554
0.50598
1.86003
0.00245
0.00003
0.00000
0.00044
0.01400
0.00107
0.95520
0.39023
0.28658
0.00000
1.88477
0.02552
0.00000
0.57795
0.00000
0.01610
0.04502
0.00000
0.24881
0.65145
0.79354
0.00253
0.00003
0.00849
2.37667
0.05367
0.00003
0.00134
0.00000
0.33196
0.00000
0.00000
0.00000
1.02778
0.00000
0.00509
0.00702
0.00000
1.53800
0.00000
0.00000
0.00260
0.00006
0.00041
0.11967
0.00007
0.01370
0.00000
0.84206
0.00000
0.00095
0.00189
0.00000
1.98711
0.00000
0.00001
0.00000
0.00005
0.16507
0.18257
0.00000
1.76355
0.01027
0.02729
0.00002
0.00130
0.08308
0.00047
0.00425
0.04817
0.00003
0.08049
0.00000
0.93602
0.07050
0.00000
0.00003
1.12376
0.00117
0.00000
0.00000
0.00032
0.05299
0.87114
0.01055
0.00000
0.12149
0.65750
0.04736
0.00002
0.99550
0.74242
0.00001
0.00007
0.00001
0.00010
0.01559
0.00000
0.00002
0.00000
1.19176
0.00013
0.20920
0.00000
0.20131
0.00003
0.00000
0.33472
0.00093
0.00309
0.00009
0.57508
0.00000
0.13109
1.12123
0.48439
0.76942
0.97726
0.14061
0.00002
0.00006
0.00000
1.17892
0.00463
0.00163
0.04081
0.16286
0.00005
0.00197
0.98661
0.00122
0.48702
0.00001
0.00000
0.00000
0.00000
0.94930
0.00032
0.13360
0.03775
0.00604
0.71759
0.00000
0.01575
0.00000
0.00000
0.00000
0.00001
0.00075
0.00063
0.00008
0.00281
0.38354
0.00186
0.05473
0.69692
0.54476
0.76801
0.00010
0.00001
0.01625
0.00048
0.00000
0.00000
0.00000
0.03103
0.48441
0.01114
0.00202
0.00202
0.02360
0.01161
0.00362
0.16108
0.00002
0.00012
1.42433
0.24346
0.00722
0.12438
0.00000
0.00023
0.00000
0.00007
0.01008
0.00036
0.00000
0.00001
0.00065
0.00000
1.87887
0.08428
1.33640
0.70239
0.00049
0.00000
0.13616
0.00013
0.00000
0.00000
0.00000
0.00017
0.03606
0.00000
0.20430
0.76147
0.00412
0.06766
0.00000
0.05203
0.10622
0.00032
0.20567
0.00000
0.00000
0.72893
0.05735
0.80161
0.00020
0.00000
0.00109
0.00278
0.00000
1.00756
0.00234
0.94516
0.68710
0.15815
0.00000
0.00134
0.27221
0.00002
0.32407
0.00000
0.00003
0.04511
0.00000
0.00000
0.00007
0.00004
0.28399
0.00024
0.05332
0.00000
1.54346
0.00379
0.00000
0.00001
0.00777
0.00017
0.00001
0.00006
0.11167
0.00001
0.20207
0.00006
0.01091
0.07694
0.01968
0.00000
0.01641
0.00000
0.00847
0.04013
0.00033
0.00064
0.00007
0.00009
0.63497
0.00594
0.00039
0.09416
0.06742
0.00000
0.00000
0.00000
0.00131
0.01830
0.00000
0.00667
0.00001
0.00000
0.17653
0.00106
0.02392
0.00680
0.01198
0.00134
0.00003
0.00000
0.03787
0.00016
0.00000
0.00000
0.00281
0.00510
0.12826
0.00000
0.16612
0.00109
0.00000
0.00000
0.00000
0.00000
0.00008
0.88983
0.00186
0.00000
0.04189
0.00000
0.00000
0.00223
0.00011
0.00185
0.00192
0.00000
0.67057
0.26457
0.03699
0.15614
0.00000
0.00000
0.09840
0.00000
0.00049
0.72997
0.00000
0.00277
0.00000
0.00000
0.57006
0.49651
0.00000
0.52785
0.00114
0.00008
0.05325
0.01574
0.00006
0.00000
0.00000
0.00005
0.00000
0.80041
0.00571
0.00535
0.00000
0.36204
0.00252
0.00018
0.65044
1.42511
0.00117
0.02102
1.06378
0.00000
0.05975
0.00004
1.18248
0.00096
0.00007
0.00162
1.48005
0.11347
0.00001
0.02819
0.52242
0.93438
0.00030
0.00000
0.12760
0.02181
0.00000
0.00001
0.00187
0.13852
0.00000
0.00000
1.26442
1.99579
0.00004
0.05016
0.80759
0.46603
0.00021
0.04570
0.79187
0.09007
0.04643
0.00003
0.02114
1.08496
0.89819
0.27044
1.67437
0.80371
0.02188
0.92403
0.00001
0.00012
0.00003
0.00000
0.00162
0.23625
0.71958
0.00002
1.39898
0.87090
1.02414
0.21113
0.00003
0.05861
0.01781
0.16713
0.13095
0.00000
0.00007
0.00000
0.63275
0.00003
0.00356
0.00606
0.00004
0.00000
0.04739
0.00001
0.13805
0.00000
0.27784
0.00000
0.00000
0.00032
0.00003
0.00030
0.00061
0.00587
0.03488
0.00000
0.00042
0.00000
0.45296
0.00000
0.00002
0.00010
0.40808
0.18846
0.06607
0.01597
0.00636
0.00000
0.00001
0.07293
0.00000
0.00000
0.05254
0.00003
0.00001
0.00584
0.00000
0.00000
0.00000
0.00137
0.00050
0.00000
0.00000
0.00000
0.01861
0.00003
2.75830
0.00018
0.00000
0.00008
0.00063
0.80175
0.00005
1.72159
0.00112
0.02295
0.00064
0.00000
0.00869
0.00000
0.00000
0.00001
0.00000
0.00011
0.00000
1.40422
0.71843
0.00000
0.00079
0.00000
0.09010
0.00000
0.00363
0.00001
0.00697
0.44021
0.00098
0.03134
1.45322
0.01572
0.39743
0.01374
0.00004
0.76635
0.00025
0.00526
0.08101
0.00007
0.00000
0.00000
0.00479
0.00000
0.14462
0.00000
0.00002
0.42500
0.00003
0.01650
0.64016
0.00113
0.00003
0.00000
0.67722
0.23709
0.00003
0.00771
0.00282
0.68514
0.00000
0.00001
0.06296
0.33643
0.14409
0.51278
0.06833
0.82160
0.15306
0.02362
0.00000
0.00007
0.01993
0.40394
0.00001
0.00125
0.00000
0.05991
2.48522
0.06713
0.02315
0.06246
0.08815
0.17588
0.00634
0.00022
0.00052
0.00002
0.00001
2.59217
0.00003
0.00044
0.00001
0.00012
0.12339
0.69465
0.00012
0.00000
0.00003
0.00008
0.00000
0.00000
1.85499
0.00009
0.00000
0.46597
0.29072
0.00126
0.17469
0.00007
0.01292
0.21433
1.13075
0.00000
0.03582
0.00003
0.49370
0.00582
0.00001
0.00001
0.00350
0.15833
0.48935
0.76828
0.00006
0.00000
0.00037
0.00000
0.99519
0.01438
0.00920
0.38478
1.04942
0.00000
0.64187
0.73130
0.60147
0.00004
0.00000
0.00000
0.00003
0.08537
0.00003
0.09993
0.00471
0.52027
0.00637
0.00000
0.02092
0.06761
0.00699
0.34299
0.00013
0.98710
0.16867
1.44310
0.08875
0.00075
0.00001
0.00318
0.00000
0.00000
0.71100
0.00108
0.00004
0.00000
0.00013
0.00000
0.56832
0.00006
0.00282
0.00009
0.29637
0.00000
0.02064
0.00001
0.00000
0.72186
0.78614
1.08786
0.06069
1.04433
0.00000
0.00000
0.69732
0.01475
0.72189
0.00000
0.00000
0.73826
0.00514
0.00051
0.00228
0.22026
0.00001
0.77739
0.00905
0.01866
0.01195
0.00205
0.00000
0.01138
0.04721
0.92325
0.65713
0.57366
1.32447
0.06173
0.00000
0.00305
0.00932
0.00000
0.00000
0.00000
0.00000
1.10404
0.00032
0.15095
0.00000
0.00000
0.00000
0.00005
0.00453
2.71253
0.00000
0.00089
0.83748
0.92688
0.00001
0.00000
0.00039
0.00650
0.08871
0.00456
0.00007
0.00000
0.00334
0.03874
0.00011
0.00000
0.71352
0.09341
0.00000
0.00000
0.00000
0.00063
0.00000
0.00002
0.00000
0.00000
0.00003
0.02896
0.00105
0.95937
0.00018
1.44541
0.00000
0.07216
0.00579
0.70097
0.00001
0.00001
1.95931
0.08594
0.25328
0.00000
0.00243
1.00327
0.84463
0.00003
0.00928
1.25907
0.25227
0.00000
0.07949
0.00001
0.09046
0.00214
0.67514
0.65720
0.00004
0.98469
0.00054
0.00006
0.00001
0.00554
0.06337
0.01463
0.00113
0.00605
0.62739
0.00005
0.86105
0.01162
0.00014
1.57492
0.06185
0.02649
0.00298
0.01041
0.00059
0.00007
0.02051
0.00000
0.00065
0.00372
0.00162
0.00223
0.00031
1.26672
0.00000
0.00006
0.90257
0.00000
0.50922
0.60023
0.00000
0.00044
0.41744
0.00007
0.23979
0.00032
0.13156
0.00001
0.00264
0.00003
1.08507
0.00004
0.93992
0.00040
1.31896
0.00031
0.02427
0.73358
1.67532
0.24524
1.07386
0.43197
0.00002
0.00000
0.20996
0.00013
0.01612
0.66608
0.00608
0.00001
1.06573
0.00003
0.04589
0.94956
0.00000
0.06177
0.22430
1.98926
0.00567
0.00254
0.00000
0.73122
0.58347
0.83900
0.13000
0.22780
2.03593
0.57566
1.29199
0.00000
0.09279
0.00466
0.00002
0.03048
0.00000
0.00000
0.02629
0.00000
0.26067
0.67536
0.00005
0.00000
0.78845
0.00413
0.00008
2.05243
1.20277
1.29347
0.00000
0.00185
0.00001
0.00238
0.14157
0.00224
0.79454
2.11096
0.00002
0.59836
0.00000
0.45070
0.13743
0.59944
0.34663
3.22333
0.00000
0.00000
0.00000
0.55525
0.00000
0.01452
0.00810
0.37770
0.77523
0.00113
0.53889
1.16948
0.00442
0.00001
0.00000
1.76221
0.00005
0.00000
0.00324
0.00520
0.58226
0.00000
0.00006
0.04814
0.33636
0.00055
0.03780
0.26414
0.00014
0.00037
0.00000
0.00051
0.00000
0.45854
0.00000
0.01994
0.00015
0.00489
0.00000
0.00019
0.01299
0.00003
0.00000
0.00003
0.00000
1.07705
0.00565
0.00716
0.00598
0.00000
0.00087
0.00000
0.00134
0.00014
1.11552
0.91299
0.00017
0.38167
0.00119
0.12877
0.00000
0.68914
0.00015
0.00001
0.09172
0.00001
0.00001
1.59523
0.00025
0.00031
1.34033
0.00056
0.32279
0.25386
0.00036
0.67807
0.00169
0.00223
0.02114
0.00001
1.05987
0.00013
0.45285
0.00004
0.02868
0.00000
0.31393
1.27186
0.35717
0.00000
0.00000
0.00001
0.00057
0.00006
0.00004
0.00000
0.00000
0.00000
1.13065
0.83774
0.00000
0.00026
0.31035
0.00000
0.54296
0.00781
0.00265
0.68064
0.01365
0.00000
0.66713
0.00000
0.00123
0.00001
0.00000
0.84805
0.02200
0.00000
1.30681
0.00000
0.00263
1.38236
0.00670
1.69417
0.00001
0.57197
0.01230
0.13898
0.00071
0.79172
0.00002
0.00021
0.00000
0.09316
0.00000
0.00086
0.00021
0.00144
0.21584
0.54583
0.00000
0.00001
0.40225
1.63182
0.03492
0.00000
0.00480
0.00193
0.00002
0.02683
1.64700
0.42162
0.00000
0.00000
0.00125
0.00846
0.05540
1.18939
0.00000
0.00052
0.09350
0.54414
0.00000
0.00000
0.00446
0.00000
0.00001
0.80496
0.00004
0.60840
0.02069
0.00003
0.00000
0.00000
0.03094
0.00141
0.00101
0.20972
0.06715
0.00001
0.00000
0.00101
0.00000
0.47139
0.00000
0.00000
0.85046
0.20451
0.00000
0.20399
0.00028
0.12054
0.01474
0.91318
0.50449
0.00204
0.71638
1.82624
0.00000
0.00000
0.02128
0.00001
0.03143
0.00121
0.04667
0.00000
0.08028
0.00011
0.00921
0.00000
0.30063
0.00021
0.00000
0.00051
0.00000
0.00000
0.00168
0.00001
0.07615
0.00000
0.00000
0.00049
0.56318
0.09662
0.69535
0.00018
0.09822
0.00079
0.00000
0.00000
0.32621
0.00000
0.00000
0.36119
0.78923
0.00001
0.00003
0.00088
0.00002
0.65993
0.71108
1.53229
0.11789
0.00001
0.44170
0.05499
0.00000
0.00718
0.00000
0.00562
0.00059
0.00000
0.00000
0.00237
0.00000
0.00059
0.00249
0.00040
0.00000
0.00000
0.00018
0.00016
0.00001
0.08910
0.00000
0.43876
0.00502
0.00000
0.00952
0.65085
0.00007
0.09716
0.16872
0.00000
1.63843
0.00005
0.05177
0.00139
0.00000
0.00004
0.00084
0.00009
0.02901
0.20698
0.07113
0.24322
0.19564
0.00000
0.00000
0.00000
0.00216
0.00002
0.00029
0.00002
0.00007
0.00000
0.00000
0.00349
0.00000
0.35279
0.00022
0.99587
0.68388
0.00000
0.00059
0.00026
0.49888
0.00000
0.01254
0.01722
0.00000
0.00156
0.03116
1.08658
0.00000
0.78471
0.00000
0.56036
1.15912
0.71046
0.17299
0.64871
0.53987
0.00000
0.00050
0.00004
0.00000
0.00000
0.00000
1.59516
0.00000
0.00000
0.00008
0.00000
0.00000
0.04220
0.00091
0.00022
0.27873
0.03365
0.69076
0.00001
0.05035
0.00266
0.00000
0.01584
0.07509
0.00000
0.00027
1.30891
0.00191
0.00000
0.41996
0.00328
0.00392
0.00010
0.89760
0.41948
0.78612
0.00003
0.35524
1.32605
0.23456
0.00003
0.00003
0.00000
0.00259
0.02075
0.00333
0.14348
0.00000
0.84708
0.53930
0.00001
0.00231
0.00827
0.00019
1.11973
0.00001
0.00199
0.00000
0.00010
0.00003
0.00096
0.00198
0.00165
0.00071
0.00000
0.00000
0.00259
0.00000
0.00000
0.00182
0.00073
0.26688
0.00000
0.00251
0.94946
0.29070
0.00081
0.00182
0.00093
0.00003
0.00056
0.00134
0.00000
0.00096
0.65736
0.00067
0.00000
0.37202
1.21885
0.00000
0.00000
0.00034
0.11611
0.00000
0.01285
0.00111
0.04120
0.00036
0.00009
0.00001
0.00000
0.62472
0.88397
0.72895
0.00086
0.00005
0.00463
0.00007
0.00319
0.00008
0.00000
2.40546
0.11736
0.02224
0.00395
1.15567
0.00135
0.00002
0.60681
0.00035
0.00002
0.00000
0.00000
0.00000
0.11621
0.25904
0.20396
0.01630
0.00011
0.00006
0.15371
0.00000
0.16000
2.06623
0.00048
0.12055
0.01222
0.00396
0.68877
0.00000
0.36346
0.00100
1.19868
0.75617
1.28822
0.65292
1.05039
0.00051
0.00000
1.51759
0.23791
0.00004
0.08562
0.68812
0.00031
0.21960
0.00014
0.09648
0.00505
0.04169
0.00003
0.04675
0.16147
0.00001
0.00009
0.00000
0.01673
0.41563
0.00000
0.04666
0.05373
0.00176
0.00000
0.05738
0.00000
0.00089
0.00000
0.00000
0.00247
0.00000
1.29971
0.00000
0.00000
0.00038
0.00000
0.84092
0.00001
0.00051
0.00667
0.00000
0.00000
0.00002
0.00000
0.00012
0.93638
0.00000
0.00542
0.00000
0.00272
0.00000
0.73283
0.00054
1.02193
0.00000
0.04479
0.00015
0.00000
0.00056
0.00092
0.72931
0.00053
0.00005
0.26020
0.00000
1.07686
0.51356
0.00000
0.00354
0.95661
0.00000
0.99154
0.00000
0.00117
0.70861
0.00710
0.00000
0.05888
0.29353
0.00004
0.00001
0.13903
1.22100
0.00001
0.00000
0.00125
0.99704
0.00028
0.04567
0.15386
0.00000
0.01315
1.60406
0.00142
0.00001
0.00435
0.00013
0.00000
0.00008
0.00122
0.00002
0.00186
0.00000
0.00005
0.00000
0.00001
1.34095
0.16421
0.00000
0.00000
0.00014
0.74508
0.00017
0.01953
0.55314
0.00141
1.35327
0.17399
2.44724
0.00000
0.00000
0.00166
0.23006
0.00000
0.01970
0.95698
0.06078
1.19580
0.00298
0.02123
0.65177
0.35459
0.00039
0.02450
0.00001
0.00000
0.00008
0.35642
0.00000
0.09165
0.62165
0.00001
0.37529
1.09764
0.28083
0.07828
0.00058
0.54998
0.00000
0.05691
0.02062
0.38581
0.00002
0.00225
0.00000
0.00041
1.43115
0.07663
0.03973
0.00047
0.00008
0.00000
0.53397
0.00000
0.00000
2.65810
0.01223
0.00000
0.01536
0.00000
0.00001
0.00000
0.00019
0.00011
0.00004
0.00000
0.00000
0.02142
1.20315
0.00299
0.00701
0.06935
0.66878
0.00107
0.14030
0.00011
0.00088
0.49007
0.00003
0.00000
0.00001
0.41826
0.00330
0.96293
0.00002
0.24897
0.00000
1.77317
0.78024
1.66498
0.03350
0.05623
0.00029
0.38217
0.00004
0.00001
0.01018
0.00976
0.02953
0.00004
0.75362
0.74598
0.21400
0.03399
0.00078
1.52345
0.58669
0.00001
0.38435
0.00003
0.00021
0.00000
0.00367
1.15791
0.00017
0.10093
0.03185
0.00011
0.00153
0.41956
0.02237
0.00000
0.11967
0.00000
0.00000
0.00266
0.96056
0.00065
0.00000
0.82238
0.00001
0.20517
0.00001
0.00014
0.09113
0.00101
0.00000
0.00000
0.00000
0.49979
0.00000
0.00000
0.00483
0.00000
0.35411
0.39483
1.15466
0.00216
0.00009
0.00040
0.00099
1.49612
0.00000
0.74198
0.00000
0.00175
0.00105
0.53291
0.00001
1.42335
0.73776
0.72648
0.00000
0.50484
0.01145
0.00000
0.02349
0.00071
0.00140
0.29667
0.00002
0.00203
0.00640
0.00179
0.00000
0.00197
0.01916
0.00079
0.07006
0.00000
0.00004
0.12212
0.00028
0.00223
1.07901
0.00101
0.00000
0.69834
0.00026
0.00360
0.12641
0.02900
0.00000
0.00005
0.00000
0.00000
0.00000
0.00295
0.00001
0.18414
0.03720
0.00000
0.06930
0.00001
0.00000
1.13842
0.00006
1.03867
0.00000
1.72821
0.19261
0.00148
1.84530
0.00276
0.00003
0.00014
0.00000
0.00006
0.01269
0.02379
0.16929
0.00001
0.00257
0.03861
0.00748
1.39046
0.00004
0.00000
1.09016
0.00087
0.00000
0.00002
0.38541
0.10449
1.02657
0.00754
0.00442
0.19236
0.35981
0.00000
0.00000
0.00000
0.00000
0.00048
0.01110
0.00033
0.00176
0.46944
0.00000
0.00001
0.00011
0.00016
0.55873
0.00521
0.08542
0.00000
0.00062
0.26078
0.13615
0.02209
1.09911
0.00000
0.00000
0.00139
0.06111
0.00205
0.00520
0.00002
0.00263
0.00001
0.04673
0.97703
0.00568
0.00000
0.00000
0.08490
