4.20492
4.40693
4.37838
4.38495
3.29078
4.24703
4.41178
4.29095
3.83270
4.29345
4.28706
4.45445
4.34476
3.28833
3.69712
4.18722
4.18535
4.41998
2.35073
3.76099
4.05959
3.96012
3.95723
4.37503
4.35745
4.36469
4.21304
4.37292
4.43989
3.79999
3.93057
4.39967
3.98402
4.09330
4.28031
4.35429
4.06328
4.26963
4.21048
4.43323
4.27889
4.26770
4.11706
3.51032
4.38212
3.99764
4.36198
3.72182
4.24245
4.48450
4.43303
4.47460
4.08292
4.49342
4.21441
4.47470
3.11749
4.16952
4.35976
4.23429
4.30563
4.14472
4.24348
4.14095
3.72309
4.08974
4.33104
4.40740
4.15713
3.78361
4.42504
4.45682
4.36724
4.01542
4.33141
4.22925
3.20526
4.37466
4.10388
3.83647
3.48532
4.38638
3.95296
4.09033
3.90023
4.42408
4.12974
4.19434
4.25640
3.18795
4.19429
4.25723
4.43042
4.29701
4.45311
4.43490
4.31430
4.35653
4.46436
4.33518
4.13530
3.02988
4.43627
4.01303
4.23833
2.76594
4.23009
4.47245
4.36647
4.20304
3.89683
3.75639
4.32946
3.72111
3.56459
3.67189
3.95413
4.31939
4.38653
4.24740
4.47853
4.41309
4.32145
4.31345
3.98393
4.22901
4.34226
4.32643
4.40457
4.18885
4.16190
4.23984
4.45235
4.36409
4.15581
4.41132
4.35803
4.40275
4.27747
4.31494
4.15297
4.46175
4.33366
4.40118
4.44227
3.07571
4.46690
4.32228
4.26609
4.35877
4.41317
4.44912
4.31157
4.35787
4.40663
4.46295
4.25483
3.57802
4.02561
4.10919
4.46738
4.44386
4.25771
4.19102
4.43567
4.35004
3.97422
4.24018
4.23250
4.30997
3.83011
4.05809
4.25642
4.33189
3.96775
3.28674
4.30028
2.43336
3.79674
4.19886
4.41644
4.27387
4.22900
4.40149
4.29739
4.44730
3.74620
4.02998
4.01383
3.53301
4.14212
4.30356
4.33414
4.27927
3.89865
4.21384
4.29972
4.11528
4.00499
4.37369
3.15139
4.45741
4.34818
4.19717
4.47132
4.28843
3.99806
4.46387
4.48671
4.45650
3.05290
4.37442
4.26618
4.25799
4.46483
4.11783
3.91381
2.42591
4.40146
4.38741
4.20162
4.09542
3.90372
4.44778
4.46727
4.28252
4.16207
4.39396
4.26708
4.04735
4.05478
3.82686
4.46700
3.51283
4.47381
4.34933
4.38433
4.27138
3.52686
4.44387
3.82311
3.93501
4.42229
4.25868
4.28167
2.74850
4.28534
4.45946
4.23398
3.85656
4.30794
4.40538
4.24685
4.43677
4.17676
4.35252
4.41331
4.39951
4.19172
4.07290
4.27895
2.97778
4.48409
4.37815
4.25253
4.35346
4.28570
4.02463
4.05749
4.29642
4.11883
4.37036
4.38488
4.20844
4.09267
4.17769
1.91022
4.35329
2.73114
3.59788
4.08558
4.34282
4.21774
4.24018
2.89248
4.40358
3.95916
4.33283
4.16243
4.23911
4.31476
4.41909
4.35985
4.38008
3.95712
4.13921
4.20079
4.42928
4.42068
4.26508
4.07478
4.44087
4.32241
3.92483
3.96155
4.30784
3.70691
4.23488
4.37952
3.69064
4.27687
3.77325
3.49015
3.97218
4.46084
4.40808
4.38755
4.43116
4.42757
4.40060
4.32861
4.46774
4.42230
1.82054
4.36162
4.02764
4.31718
4.33990
4.33794
4.31725
4.11588
4.12192
3.76118
3.88956
4.43095
3.86404
2.51105
4.34632
4.42879
3.19988
4.19253
3.81598
3.84823
2.77160
3.47540
4.30622
4.35554
4.31853
4.32233
4.40788
4.36077
4.18869
4.00006
4.40747
4.14648
4.43808
4.30836
3.87694
4.38379
4.39614
4.36041
4.20039
4.43831
4.19345
4.23639
4.28354
4.15869
4.41890
4.34310
4.33115
4.42234
3.88872
4.29540
4.36139
4.44884
3.87843
4.17152
2.91889
3.37055
4.08536
4.32198
4.20631
3.62417
4.47278
4.25628
4.24373
3.80369
3.20378
4.37931
4.39176
4.29421
4.02894
4.51488
3.73332
4.30730
4.25802
4.41364
4.49029
4.29892
3.70889
3.96205
4.47058
4.40059
4.42328
4.30916
4.13692
3.78633
4.08721
4.39588
4.21833
4.17003
4.41354
2.97283
4.42892
4.41684
4.36243
4.36125
4.40503
3.41752
4.10116
4.36367
4.43283
4.29570
4.32034
3.37349
3.77292
4.22837
4.25783
4.32708
4.35674
3.96929
3.57461
2.26260
4.24091
4.33360
4.33514
4.48226
3.88891
4.08904
4.45881
4.15722
4.33363
4.18385
4.47291
3.98992
4.32242
3.95642
4.32463
4.10431
4.27453
4.14452
3.86293
4.20591
4.24671
4.37371
3.61173
4.08546
4.28761
4.34509
4.06611
4.43903
4.26479
2.73777
4.34114
3.90424
4.32470
4.01352
4.05862
2.30381
4.09504
4.24288
4.33155
4.22308
4.42437
4.37449
4.44558
4.35907
4.10139
4.42420
4.31918
4.36061
4.25270
4.36320
4.38357
4.23504
3.27898
4.19964
4.33817
4.34212
4.30826
4.22299
2.95630
4.43527
4.44084
4.35744
4.26177
4.39136
4.28911
4.37136
3.83342
4.29384
3.79034
4.44145
4.07285
4.43369
4.01693
4.22484
4.36458
4.36166
2.41137
4.41291
4.24543
3.94283
3.31721
4.19554
2.94600
2.13276
4.39749
2.07440
1.38884
4.26874
4.49450
4.36749
4.43100
1.81382
4.46408
2.58582
3.98776
4.33861
4.00132
4.44500
4.18655
4.30691
4.01520
4.33205
4.09322
4.48254
4.30532
4.22374
4.37714
4.22986
4.09269
4.13823
4.17427
4.41183
3.94540
4.37204
4.41689
4.02426
4.16417
4.23952
4.17699
3.05981
4.41639
3.85290
4.06218
2.18209
4.47028
4.37758
4.36603
4.12327
4.41242
4.09662
3.98176
4.24790
4.51050
4.28700
3.38266
4.29573
4.43720
4.39622
4.39953
4.44031
4.36401
4.13662
4.12223
4.23984
4.21757
4.51609
3.70309
4.27673
4.23554
3.22733
4.39005
3.53129
3.87833
4.37661
4.12761
4.22242
4.19327
4.27710
4.32770
4.14451
4.39897
4.32720
3.50298
4.48141
2.00334
4.06570
4.31415
4.15308
4.15213
3.50013
4.32852
4.50665
4.26604
4.32329
4.40605
4.42263
3.90480
3.28069
4.29967
4.24587
4.20702
3.92686
4.30138
4.11611
4.10084
4.45888
4.25176
4.12851
3.59776
4.42599
4.25026
4.42694
4.11601
3.93719
4.34597
3.94151
1.93906
3.90759
4.16715
4.36543
4.39159
1.94785
4.32544
4.33708
4.48463
4.16564
4.38532
4.50726
4.45447
4.37950
4.31297
4.33603
4.34709
4.44467
2.79491
3.88517
4.01964
4.25446
4.39519
4.37461
4.38549
4.32053
4.32127
4.44924
4.39063
4.16016
4.45158
4.03214
4.29544
4.01533
4.46610
4.27938
3.21577
4.21992
4.44183
4.35067
4.40857
3.79485
2.08913
3.98278
4.31554
4.32148
3.33687
4.04140
3.93178
4.36761
4.04716
4.23953
4.22719
4.38342
3.89994
4.31424
4.19283
3.95660
4.42565
3.63407
4.33059
4.14516
4.32774
4.10327
2.47752
4.35492
4.21911
4.29802
3.86494
2.53295
4.25971
4.19401
4.22680
4.38402
4.18172
3.81177
3.97721
4.39393
4.40314
4.26082
4.40723
4.43646
4.19808
4.41130
3.80332
4.31410
3.31866
4.09469
4.35267
4.15721
4.26507
4.45008
4.31467
2.84723
4.14660
4.33203
3.39136
4.32731
4.35529
2.92646
4.30580
4.31040
3.69748
4.42534
4.37703
3.71266
4.21508
3.75298
4.31343
3.22589
4.39315
4.03657
4.13097
4.19098
4.45657
4.11874
3.77097
4.28470
4.30327
4.36577
1.69835
4.16087
3.81654
4.27857
2.98193
4.20682
3.89520
4.37741
4.28271
4.21829
3.99195
4.24593
4.31662
4.27236
2.96339
4.35316
4.44887
3.60289
4.45987
4.18351
4.34344
3.96883
4.27272
3.96026
4.23412
4.28780
4.13655
3.09072
4.15297
4.48799
4.42076
3.65698
4.39143
4.40796
4.23562
4.26164
3.53684
3.95900
4.47029
4.17876
4.32865
3.94811
4.14917
4.49000
2.97468
4.46543
4.35993
4.37055
4.40896
2.93146
4.43942
3.99595
4.35654
4.30072
4.46580
4.18921
3.97107
4.44118
3.77156
4.37618
4.32057
3.94863
4.43818
4.10805
4.37122
4.30565
3.14709
3.33954
4.36562
4.45459
2.67706
4.33954
4.26740
4.47132
4.32774
3.96899
4.43887
2.63822
4.15747
4.35892
3.78281
4.03187
1.33047
4.21872
4.26686
4.34870
4.01648
4.18801
3.00973
4.41804
4.42298
4.46792
2.85271
4.35847
4.31907
4.35300
4.35864
4.45983
4.39461
2.91665
4.39437
4.33281
3.82954
4.40949
3.82335
4.28131
4.27722
4.37338
4.24514
4.10615
4.22489
4.10296
4.20101
4.12886
3.88173
4.31535
4.20949
3.99823
4.40458
4.27361
3.90365
4.47797
4.18643
4.28498
1.70539
4.12736
3.91607
4.30363
3.96908
4.18439
4.28743
4.24640
4.12056
3.97674
4.21290
3.84844
4.16742
4.37954
4.39615
4.24249
3.84785
4.18332
4.08535
4.47876
4.37834
4.34458
4.40470
4.24041
4.34950
4.18807
4.26058
4.36584
4.31459
4.34980
3.64730
3.67077
4.07583
4.40897
4.31307
3.15541
4.21635
4.45473
4.25893
4.05482
4.00672
3.99097
4.04440
4.38675
4.35070
4.37725
4.31654
4.34964
4.44219
4.43732
4.33219
4.37798
4.13138
4.03722
4.35328
4.35473
4.40978
4.26590
3.20156
4.06948
3.22386
4.36085
4.17140
3.95794
4.47761
4.12927
4.44976
3.51864
4.32713
2.97239
4.38387
3.51650
3.69511
4.44398
3.98683
4.04686
4.48124
4.38241
4.24699
4.00777
4.27495
4.37579
4.48836
3.20583
4.35502
3.58795
4.04588
4.37534
4.23674
4.10823
4.27443
4.33084
4.20139
3.49083
4.15620
3.59068
4.32138
4.05736
4.09144
4.39473
3.75722
4.47588
4.06379
4.32228
4.45863
4.26713
4.22230
4.32341
4.12828
4.33714
4.25490
4.43274
4.45677
4.29382
4.38788
4.49603
4.35011
3.86088
4.16218
4.43416
4.43159
3.87151
4.27603
4.29606
4.21334
3.25885
4.45712
4.50176
4.15913
4.12424
2.91323
4.43693
4.43249
4.03258
4.20324
3.01439
4.05808
3.92836
4.42556
4.42336
4.26876
4.40861
4.35157
4.42894
4.39523
4.17552
4.21598
4.41677
4.00522
4.37264
4.42603
4.08954
4.41652
4.36679
3.68645
4.24489
3.59196
4.44606
4.23400
3.75649
4.12153
4.45689
4.17917
4.41575
4.12957
4.27715
2.42940
4.12688
4.38143
2.03121
4.34500
4.01167
4.34671
4.34215
4.28327
4.39234
3.32296
4.33940
4.44950
4.27785
2.75032
4.13708
4.27915
4.23067
4.23573
4.36641
4.41245
4.20711
4.18586
4.13186
3.93507
4.17181
4.34258
3.78673
4.37588
4.38960
4.32087
3.66024
4.16191
4.35175
3.67232
4.34864
2.77751
3.79738
4.31505
3.72118
4.38208
3.85601
4.35425
4.13952
4.42217
4.15063
4.36798
4.03620
3.23765
4.29446
4.35191
4.21190
3.84940
4.36199
2.52292
4.15011
3.88730
4.10674
2.63919
4.38303
4.42309
3.96300
4.37504
4.40958
4.24942
4.10110
4.13366
4.22368
3.35720
4.04025
3.98437
3.78212
4.41937
3.66581
2.86876
3.74714
2.42361
4.31614
3.46022
4.35757
4.44695
4.19329
4.12552
3.76224
4.37010
4.30220
4.44386
4.19654
4.29906
4.35838
3.65910
4.26558
2.88849
4.49164
4.19727
3.65789
3.39056
3.24621
1.87440
4.30477
4.39467
4.35227
4.17742
3.90363
4.40573
4.28231
4.40176
4.37118
4.49683
4.42952
4.02696
4.34400
4.39770
4.21804
4.02032
4.30383
4.41452
4.25152
2.87565
4.22321
4.33350
4.31767
3.46022
4.38717
4.24358
4.33660
4.25923
4.24260
3.51536
4.34667
4.22336
4.44619
4.03682
4.36377
4.31468
4.37902
4.42148
4.36264
4.30914
3.66466
4.29900
4.07755
4.17207
4.08678
4.32889
4.38635
3.88674
4.27408
4.46930
4.39085
4.43838
4.41282
4.05035
4.29699
2.88898
4.45365
4.16207
3.62385
4.32225
4.30444
4.46949
4.18918
4.44912
4.49120
3.97932
4.03901
4.03044
4.31550
4.41678
4.50691
4.22350
4.41411
4.23148
4.42819
4.19691
4.01291
4.29625
4.45346
4.31471
4.06461
4.35023
4.44216
3.20914
4.31128
3.12079
3.97958
3.54322
4.43187
4.39397
4.17899
3.40603
4.40854
4.48058
4.09507
4.02038
4.20476
4.44311
4.30808
3.81895
4.48734
4.46898
4.03753
4.37253
4.46591
3.78101
3.55809
2.82736
3.58696
4.45475
3.97672
3.32132
4.14246
3.91486
4.21827
4.28260
4.09381
4.38513
4.16291
4.05257
4.29235
4.37423
4.41632
4.46549
4.35295
4.33931
4.25443
3.87750
4.20365
4.31827
4.35769
3.21922
4.28777
4.35738
4.38372
4.40284
4.35173
4.43827
4.32840
4.17414
4.41037
2.68344
4.10966
4.33948
4.46378
4.31173
4.41565
2.42938
3.72694
4.35491
4.12058
4.40801
4.34788
4.06845
4.36299
4.33164
4.39299
4.29064
4.45759
4.49864
4.10238
4.00474
4.41671
4.18032
4.45720
4.15030
4.02251
4.47203
4.27631
3.76317
4.11880
3.77337
3.92303
3.45240
4.04498
4.24673
4.09186
4.21561
4.05997
1.70060
4.27100
3.67309
4.36081
4.12940
3.61585
4.39701
3.78593
4.10073
3.45600
4.38116
4.46066
4.45356
4.11966
4.38941
3.87531
4.29297
4.44387
4.40319
4.43417
4.14804
4.30305
4.46450
4.29618
3.86071
4.00511
4.27302
2.81489
4.33830
4.44060
4.12284
4.16926
4.05112
2.76199
4.25117
4.41364
3.89830
4.14558
4.07018
4.37076
3.99179
4.11747
4.30458
4.30907
4.08553
2.99196
3.86363
3.75747
3.93055
4.46969
4.45969
3.17098
4.26262
3.93352
4.37731
4.13011
3.34413
4.34793
4.41492
4.25293
4.46224
4.36562
4.28802
4.05004
4.36450
4.40965
4.27882
4.19946
4.23245
4.44707
4.05013
4.16628
4.21058
4.44883
4.31494
3.62153
2.99598
4.43710
4.34107
4.17175
4.35523
4.03606
4.34573
4.31632
4.21725
4.25433
4.24845
3.75618
4.32522
4.35228
4.23456
4.49349
4.14246
4.35111
4.05099
4.27290
4.42027
2.90918
3.80518
3.67457
4.38650
4.30607
4.38521
3.78510
4.40224
4.26299
4.39340
4.27941
4.18057
4.15900
4.16964
4.18804
4.32796
4.02592
4.36102
3.44877
4.12562
3.91267
4.36335
3.84131
4.36250
3.53022
4.23780
4.34380
3.58109
4.25481
4.28522
4.46478
4.40009
4.32267
3.91668
4.44629
4.46866
4.42127
4.45990
4.31353
4.40415
4.39532
4.36312
2.78506
3.82320
4.33978
3.93889
3.85899
3.90333
4.37532
4.02121
4.40608
3.92365
4.23915
3.98445
4.49659
4.31712
4.10924
4.44985
4.11593
4.35335
4.26519
3.92883
4.40403
3.66140
4.39331
4.09712
4.41242
4.29238
4.47382
4.24328
4.40217
3.60954
4.29269
4.28412
4.38308
4.41628
4.46487
4.39173
4.16108
4.38072
3.96156
4.39829
4.29376
4.02237
4.39801
4.34303
3.97914
3.49039
4.35653
4.46864
4.18531
3.97792
4.03883
4.30642
3.75455
3.77289
4.45274
4.40506
2.93379
4.14500
4.04925
4.23978
4.42238
4.37696
4.02784
4.23314
4.36917
4.46412
4.42182
4.45033
4.43234
3.87784
4.47541
4.31882
4.02118
4.18575
4.42466
4.32154
4.41971
3.93758
4.20005
4.10153
4.38903
4.21550
4.37226
2.34596
4.13474
4.28752
3.76752
3.77932
4.27092
4.18390
4.45040
4.30890
4.36729
4.30027
4.02508
4.37151
4.39768
3.98107
3.96614
4.35760
4.09143
4.48518
4.30865
4.39907
4.33890
3.93670
4.32254
4.43870
4.46923
4.32719
4.03734
4.39757
4.29364
4.47055
4.33804
4.30362
4.33686
4.44857
3.33425
4.40574
3.73324
3.83944
3.23887
4.19187
4.19674
4.40764
3.91412
4.20980
4.19810
4.31360
4.22568
4.14628
3.94729
3.24464
4.00272
4.43112
4.06899
4.21257
4.36354
4.13849
4.44491
4.47056
3.97141
4.33468
4.34630
3.80571
4.45970
4.21496
4.37861
3.82799
4.05400
4.15084
2.78558
4.51849
4.40422
4.31216
4.00150
4.50714
4.47125
4.14620
4.30767
4.36415
4.21150
4.36872
4.01924
4.40880
4.29846
4.44396
4.34263
4.22444
4.33679
3.68900
3.86514
4.43686
3.64346
3.96070
4.46655
3.36823
4.39472
4.30679
4.43310
3.80426
4.23144
4.46734
4.32107
4.18240
3.41838
4.39368
3.85658
4.18380
4.25313
4.27977
4.18646
4.28598
3.59265
4.37872
3.94083
4.05223
4.19618
4.33184
4.09673
4.24600
4.39297
4.36040
4.23725
4.13451
4.34436
4.02164
4.40523
4.39807
4.43474
3.16063
4.40744
3.96663
4.38601
4.15035
4.26714
4.17344
3.79291
4.36438
4.32128
3.80898
4.38274
4.26215
4.28540
4.21483
3.98057
3.98375
4.42835
4.34869
4.35828
4.12135
4.21887
4.37879
4.01146
4.26042
4.40999
4.19207
4.44766
4.12241
4.40616
4.38796
4.28836
3.98929
4.44018
4.25101
3.31403
3.76899
3.70458
4.09110
3.77335
4.37319
4.19300
4.43536
4.18950
3.86610
4.01688
3.07030
4.34064
4.33530
2.36543
4.34092
4.21029
3.90836
4.23994
4.24083
3.72076
4.39305
4.09000
4.11487
3.92300
4.18422
4.07947
4.33109
4.32698
4.16706
4.41572
4.20550
4.40279
3.85514
4.44654
4.37448
3.68036
4.22946
4.30028
4.46409
4.15755
2.63303
2.83682
3.84941
4.46311
4.43903
3.93396
4.05297
2.45392
4.31073
4.23834
4.46996
4.41758
4.31040
4.42241
4.45675
4.06389
4.42720
4.04111
4.39464
4.29058
4.17540
3.88263
3.97139
3.86717
4.35294
4.09955
3.33927
3.61277
4.13163
4.37019
3.66072
4.39151
4.46751
4.46322
4.21771
4.47501
4.25502
4.29416
3.26007
3.80834
4.37201
4.17040
4.48055
4.22743
4.40104
4.22537
3.46232
4.40466
3.95225
3.86001
4.31239
3.97614
4.48592
4.29405
4.44840
4.20890
4.32329
4.24534
4.14576
4.24174
4.28431
4.26520
4.18417
4.04918
4.30631
4.01681
4.43755
4.12520
3.88660
4.10731
4.38176
4.47516
4.03840
3.75604
4.33520
3.85207
4.19788
4.09161
4.40031
4.01535
3.69961
4.36994
3.92918
4.05057
4.01263
3.39096
4.35224
4.08924
3.63996
4.15246
4.48814
4.29779
4.46214
4.27565
3.84754
4.40488
4.38681
3.94793
4.35629
3.44737
4.18938
1.94974
4.37755
4.19749
4.28991
4.31306
4.03797
4.24296
4.49172
3.43743
4.45494
2.09830
4.44917
4.24001
3.82337
4.45853
3.67624
4.01398
4.41111
4.19340
3.57384
4.41255
4.42132
3.56406
3.66043
3.90507
3.94959
3.47250
4.16161
4.28976
4.36934
4.36042
4.32498
4.49129
3.41805
3.88941
4.13704
4.31505
4.19977
4.32609
4.01023
3.51521
3.51663
4.43386
4.33362
4.18125
3.35529
3.96234
4.26467
3.95181
3.53014
4.36602
4.27207
4.12000
4.42868
4.05781
4.30544
4.19452
4.25713
4.34385
4.12131
4.43482
3.38561
4.46807
4.49202
4.39537
3.57290
4.15620
4.10807
4.35113
4.34947
4.06822
4.13133
4.40229
4.36416
4.09161
4.50495
4.21110
4.30637
4.38065
4.28463
4.32283
3.52672
4.17025
4.21528
3.98207
3.68854
4.18812
4.32268
3.58793
4.41462
4.27570
3.40922
4.45629
4.44759
4.04794
4.02948
4.47286
4.23400
3.65859
4.13162
4.42408
4.19509
4.34184
3.69291
4.05878
4.16786
3.97911
4.23809
4.39919
4.03575
4.44666
3.78108
2.76442
4.18117
4.18775
2.12132
3.80408
4.42113
4.19927
4.20766
4.34970
4.33115
2.21828
4.44521
3.92893
4.31809
3.91340
3.92907
4.12181
4.28483
3.43574
3.90701
4.28478
4.35138
4.49419
4.31634
4.44191
4.43770
4.01875
3.92015
4.35446
3.99199
3.10330
4.31225
4.01628
4.37246
3.92128
4.41311
3.95476
3.98830
4.01330
4.40055
4.42321
3.83061
4.28754
4.35963
4.07437
3.73222
3.96089
4.33064
4.37278
4.18243
2.56952
4.02984
2.95080
4.24947
4.24362
3.16180
4.01270
4.01827
4.42309
3.98274
4.50482
1.88037
2.81721
3.89738
4.35244
4.30199
3.87789
4.19576
4.25905
4.45146
4.28713
4.46510
4.07346
4.36055
4.08064
4.37095
4.44898
4.38007
3.66812
4.42709
4.44031
4.10667
3.80392
3.95761
3.34934
4.38164
4.19524
3.73851
4.24139
4.29232
4.23806
4.33209
4.19818
4.13368
4.42517
4.29450
4.11235
4.36938
2.85957
2.77819
3.88181
4.02322
2.05092
4.17361
3.28440
4.20550
4.29950
4.50529
4.33734
3.82498
4.11843
4.25523
4.41058
4.34292
4.49764
4.28465
4.12466
4.08695
4.38552
4.37435
3.33353
3.95771
4.30519
4.45217
4.43682
3.45471
4.38896
4.30964
4.38104
3.82155
3.72926
4.31361
4.28411
4.09323
4.34546
3.12581
4.39173
4.03343
4.12839
4.17832
4.35613
4.25075
4.06494
4.19629
4.46481
4.38187
4.38545
4.15228
4.31335
4.24510
4.44193
4.49996
3.96759
4.16897
4.22719
4.40804
4.07970
4.31785
4.41175
4.01544
4.23083
4.26111
4.17834
4.44501
4.30195
4.32529
4.41760
4.25234
3.98513
3.86152
4.34084
4.43055
4.44052
4.32325
4.31107
4.44980
4.38147
4.07448
4.23830
3.58084
4.17157
3.10197
3.38882
4.29472
4.06379
4.01931
4.24228
4.41295
4.45423
4.44719
4.42238
4.36412
4.42201
3.03621
4.35852
4.42316
4.33808
4.50573
4.37918
4.41030
4.32494
4.38341
4.18147
4.22954
4.21058
3.55053
4.17030
3.32911
3.72456
4.32016
3.88529
4.35215
4.42301
4.19643
4.47238
4.46603
4.42358
4.13640
4.15580
3.12347
4.32885
4.27612
4.40511
4.39747
4.36157
3.93725
4.45667
4.48288
4.28887
4.28164
4.28074
4.37090
4.20073
4.28640
4.27516
4.04862
4.45514
4.28220
4.16297
4.41888
4.41373
4.11329
4.33462
4.36400
4.28996
4.30971
3.88704
4.26161
4.37525
4.37213
4.36626
2.79919
4.21904
4.18157
4.36090
4.18745
3.79933
4.35367
4.40320
4.25620
3.30544
4.48662
4.11841
4.37362
4.05378
4.39668
4.01303
3.52593
4.11760
3.62427
3.53257
4.17705
4.37712
1.52853
4.17807
4.29200
4.33352
4.03128
3.64220
4.13045
3.76085
4.33879
3.44082
3.68518
4.12713
4.24717
4.43045
3.93842
2.84505
4.16665
3.96027
2.32840
4.36340
4.18334
4.48284
4.31805
4.45110
4.31060
4.28145
3.20540
4.04093
4.20574
4.45487
4.39446
4.44794
4.34859
4.28608
4.36780
4.36833
4.46425
3.84612
4.43975
4.39798
4.31683
4.14057
4.20559
3.99028
4.39580
1.78828
4.37447
4.42646
3.73344
4.40045
4.15534
4.17533
4.42486
4.36195
4.22846
3.76509
4.46804
3.82753
4.37687
4.18320
4.38797
4.47990
4.49087
3.33321
3.78392
4.41463
4.12008
4.45437
4.39053
4.48273
4.27505
4.01479
4.40906
4.37944
4.18771
2.95248
4.35040
4.24486
4.25167
4.19412
4.37180
4.29165
4.13542
4.38857
4.48454
3.16194
4.38701
4.33452
4.11258
4.32641
4.33994
4.08984
4.03219
3.08309
3.99492
3.81159
2.79174
3.00379
3.97141
3.59448
4.15089
4.34745
4.13954
3.76616
4.28322
4.04656
4.20260
4.42395
4.44070
4.34415
4.34302
4.45612
4.16352
4.32207
3.67918
4.38180
4.52808
4.11993
4.39762
3.94555
4.05380
3.77613
4.41898
4.44842
3.16415
4.18755
4.07447
4.12523
4.26720
4.28031
4.33637
4.40855
3.79790
4.22645
4.46361
4.20771
4.40480
4.33601
4.39144
4.29404
4.47754
4.33632
3.22755
4.46803
4.15701
4.10427
3.43636
4.46957
3.55157
4.16567
4.38573
3.53389
4.32987
3.35809
4.25848
4.25348
4.26074
4.18517
4.31647
4.38183
4.27463
4.45242
4.41445
4.37058
3.98054
4.47570
4.14178
4.45116
4.30605
3.59971
4.00844
3.75135
4.18731
4.11764
4.28222
3.23908
4.20825
3.19143
3.76900
4.40326
4.12267
2.76216
4.08610
4.44517
4.42352
2.77739
4.18595
3.93815
4.44856
4.25905
4.29100
4.16538
4.44637
4.37443
3.22443
4.36984
3.17302
4.48092
4.33454
4.15552
4.29094
1.59289
4.16924
4.06384
4.40089
3.68322
4.30634
4.17316
3.86818
3.79101
3.78980
4.43289
4.25088
3.44152
3.79620
4.09308
4.20498
3.65727
4.29945
4.31286
4.14711
2.95705
4.48204
4.45716
3.72212
4.21494
4.48914
4.40771
4.40201
3.02380
4.45413
3.67706
3.97505
4.33969
4.47423
4.32109
4.43856
4.23937
2.94690
4.14297
3.73836
3.83272
4.28979
4.33287
4.39935
4.37430
4.21411
4.43423
4.31738
3.94500
4.23278
4.35034
4.47686
4.40679
4.24102
4.38714
3.86675
4.09333
4.39781
2.61868
4.33674
4.31053
3.80221
4.38086
4.41716
3.46735
4.36477
4.39155
4.44426
4.46608
4.10134
4.12933
4.26954
4.11102
4.46004
4.04683
3.99786
4.45562
4.12890
4.06992
3.96354
3.98104
3.35172
4.18404
4.39044
4.43124
4.24775
2.82332
4.38481
4.41511
4.27355
4.39686
4.37563
4.19994
2.90922
4.33480
4.11109
4.37088
4.17017
4.41294
4.34813
3.41359
4.36196
2.05520
4.09909
4.15419
4.40620
4.28813
3.99069
3.49099
4.06869
4.22709
4.16918
4.38195
4.31776
4.27533
1.77423
4.25790
4.05123
4.42441
4.20628
4.46041
3.17109
4.33371
4.03796
4.28981
4.34799
4.43497
4.10082
4.45350
4.17730
2.65231
4.17779
4.40151
4.40114
4.22786
3.94309
4.40844
4.13056
4.39124
4.25451
4.15896
4.31763
4.01331
4.41347
2.69341
4.34355
4.02880
4.34794
4.30448
4.25757
4.33132
4.41138
3.84546
4.38780
4.43013
4.09275
3.76568
4.29583
4.30224
4.11942
4.22130
4.45854
2.26162
4.13955
4.34243
4.39709
4.16957
4.45067
4.49934
3.68522
4.45675
3.83162
4.42005
3.91157
3.19258
3.82486
4.41022
4.30014
4.25853
4.41965
4.41531
2.32648
4.45323
4.31141
4.25203
4.32665
4.25334
4.38421
4.37868
4.12891
4.45495
3.90598
4.32818
4.27487
4.48685
4.04492
3.74309
3.03885
3.90137
4.30415
3.96880
4.06373
4.47682
4.26451
4.30460
4.40772
4.32497
4.44902
4.28064
4.33361
4.41523
4.46022
4.00086
4.06693
3.91407
3.89793
4.25012
4.23805
3.88165
4.39351
4.16448
3.88187
4.50125
4.39898
4.47330
4.30891
4.48885
4.41814
4.20860
4.45690
4.29567
3.56844
4.45283
3.45043
4.27184
4.43423
4.13091
4.26486
3.74302
4.44106
4.17610
4.19510
4.42356
4.32547
4.16109
4.39506
4.28380
3.95412
4.34346
3.87376
4.01131
4.27020
3.72730
4.33389
3.75632
4.10347
4.11801
4.24537
4.14314
4.17023
4.33438
3.96755
4.41126
2.48632
4.18985
4.24838
3.48403
4.37416
4.37667
4.45424
4.11107
4.44237
4.46043
4.48665
4.07891
4.23432
4.35338
4.41160
4.30972
4.40961
4.30655
3.86689
4.34193
4.38536
4.01560
3.98302
4.45487
4.07691
4.36276
4.51477
4.26678
4.27241
4.34578
4.38261
3.86412
3.92295
4.23574
4.14237
4.44386
4.30362
2.92566
3.16327
4.33040
4.28759
4.26904
4.45528
3.74998
3.58410
4.39771
4.21415
4.36357
4.04674
4.27766
4.15377
4.40324
4.47667
4.24062
4.08900
4.40036
4.39439
4.16409
2.57603
3.50813
4.15226
4.36549
4.26435
4.45218
4.23371
4.35020
4.44145
4.13364
4.16762
3.98777
4.15408
4.36710
3.88278
2.83778
4.40026
4.36695
4.21800
4.17993
4.07299
3.01591
4.44622
3.97575
4.21287
4.38425
3.84077
4.05944
3.68817
4.18796
4.37906
2.69817
4.23740
4.03457
4.32778
4.43914
4.12432
3.77848
4.31874
4.33307
4.44796
3.70889
4.29463
2.41328
4.48251
4.38695
3.80239
4.47878
4.26285
4.25666
4.37576
4.39018
3.39778
4.36745
4.17386
4.01199
4.47364
4.24829
4.28699
4.41503
4.29163
4.09234
3.35243
3.18338
4.04452
4.32321
4.39774
4.02801
4.30086
4.33734
4.42742
4.24052
4.45504
3.34805
4.20386
4.28158
4.43084
4.41205
3.84909
4.13888
3.30351
4.48616
4.43294
4.37710
4.31085
4.42313
4.39822
3.97637
3.54871
4.46757
4.33175
4.30820
4.34239
4.17918
3.75731
4.39871
4.26786
3.85880
4.22485
4.43173
4.39662
4.32156
4.45245
1.36420
4.44211
3.51636
4.22061
4.02529
4.11182
4.26837
3.98456
4.29641
4.47531
4.39870
4.19902
4.35083
4.37494
4.28452
4.41524
3.79419
4.32623
4.22401
4.41573
4.20712
4.44972
4.13989
3.69044
3.86496
4.33627
1.89195
4.21204
4.16742
4.13342
4.34236
4.38997
4.12735
4.40689
4.34805
4.35230
1.96134
4.36481
4.32768
4.30728
4.06709
4.22346
4.01215
4.38753
4.34236
4.12289
4.47071
4.10931
4.44726
2.93206
4.23525
4.09976
4.14144
4.31413
3.54915
4.10012
4.46583
4.38622
4.46936
4.02236
4.33992
4.27748
4.40839
4.46101
3.59602
4.16493
4.02571
3.89282
4.43156
4.43820
4.49645
4.27665
3.79378
4.41636
3.82990
4.40548
4.29630
4.29817
3.20852
4.48459
4.41787
4.41815
4.41296
4.23224
3.64507
4.26516
4.35699
4.26356
4.27932
3.56111
4.46576
4.49671
4.41017
2.71709
4.34184
4.26250
3.97148
3.69532
4.45192
4.15261
4.33656
4.38388
4.43669
4.41696
2.02671
4.35761
2.85647
4.43883
3.60646
3.93870
4.28615
3.74146
4.30918
4.32141
3.94004
2.74129
4.36958
3.25668
2.57411
3.71038
4.28745
3.74417
4.07437
4.22490
3.93922
4.38640
4.29791
4.09564
4.22526
4.29148
4.29145
3.82226
4.25720
4.17584
4.16601
4.12626
4.33474
3.74517
4.40174
4.37833
4.10619
3.89967
4.46539
3.79192
4.31836
4.16634
4.22700
3.99829
4.05306
4.22223
4.33894
4.16343
4.34538
4.06274
4.40362
4.04365
4.44393
4.47531
4.37582
3.60806
3.50656
4.20918
4.45248
4.35795
4.37112
4.03737
4.36433
3.55231
4.50862
4.23817
3.95558
4.43759
4.34896
4.46973
3.72552
3.98732
4.22789
4.11227
4.07268
4.38523
3.76996
4.07033
4.38118
4.23859
4.30446
3.88778
4.24415
4.41271
4.17722
3.88877
4.37570
4.22057
4.47866
4.39265
4.33536
4.14357
4.20051
4.21103
4.17444
4.09175
3.92264
4.04142
2.03142
4.13183
4.25844
3.72515
4.42890
4.06391
4.31067
3.46480
4.49174
2.67767
3.91171
3.82069
4.49166
4.44342
4.15216
3.32630
4.50093
3.89282
4.25219
4.27612
4.31269
3.87576
4.36562
4.12023
4.25941
4.10821
4.47003
4.05465
4.16769
4.41243
4.35190
4.47576
4.30853
4.04687
4.40953
4.22386
4.43345
4.27796
4.29965
4.41599
4.48155
4.39307
4.40160
4.14656
4.38735
3.28930
4.33787
3.96717
4.38204
4.33743
4.43523
3.02535
4.46622
4.38416
4.33461
4.47128
3.79350
4.35254
4.34912
1.93628
4.37399
4.42884
4.40622
4.13857
4.26718
4.39154
3.64062
3.97258
3.84064
4.26969
4.37339
4.31006
4.11812
4.04631
4.37124
3.89249
4.22055
4.49663
4.41261
4.32881
4.34573
4.29141
4.21196
3.69663
4.00062
3.77317
3.24568
4.30621
4.02961
4.02838
4.39452
2.65717
4.34849
3.91407
4.37505
4.33695
2.83717
4.30968
4.21820
4.27787
4.08190
4.37619
3.56068
4.02398
4.40466
3.64750
4.35358
4.17685
4.34010
4.38233
4.41215
4.18718
4.35668
4.41608
4.31995
4.28225
4.36056
4.44686
4.09330
4.38671
4.45290
4.29868
4.37298
4.15217
4.44897
4.02347
3.89195
4.12562
4.30198
4.27948
4.28153
4.25155
4.08262
4.04921
4.01198
4.02642
4.30145
4.45580
4.46708
4.43273
3.77024
4.39151
4.34535
4.44224
4.22523
4.34108
3.99129
4.31539
3.71654
3.64707
4.24653
4.14157
4.42544
4.16700
4.27205
3.89697
4.03730
3.15953
4.12414
4.39216
3.77697
4.46277
4.35082
4.33659
4.26692
1.93647
4.40148
4.28376
4.48459
4.20986
4.22557
2.69928
3.59219
3.94596
4.19980
4.30220
4.36210
3.89936
4.23561
4.12307
4.26925
4.44329
4.20010
4.33272
3.82381
4.28322
4.42932
4.35254
4.04500
3.92796
4.36483
4.30909
4.15041
4.12151
4.31526
4.52003
3.82795
4.32728
4.22878
4.34894
4.15822
4.41131
4.23818
4.36241
3.68456
4.23264
4.33711
3.90055
4.35280
4.33136
3.74874
4.29554
4.38686
3.95168
4.34535
4.10709
2.66431
4.12386
4.34351
4.21458
4.41986
2.35426
4.38311
3.43271
4.28987
3.61547
4.44509
4.15178
4.32604
3.09735
3.49200
4.18389
4.47653
3.19440
4.25387
4.32574
3.97834
3.87444
4.30965
2.33182
2.71775
4.11165
4.29014
1.58503
2.93469
4.32187
4.16217
4.31474
4.12032
4.09071
4.25293
4.28395
3.74302
4.07432
4.09906
2.43600
4.34832
4.35233
3.72893
4.41501
3.93833
3.88575
4.23335
4.44670
4.29231
4.47946
4.46218
4.14495
4.27722
4.36185
4.32318
3.46549
4.27962
4.37047
4.43196
4.25736
4.12369
4.46606
4.45847
3.73505
3.85878
3.55269
4.21259
4.42837
4.08899
4.44995
4.18573
4.47377
4.25243
4.43461
4.40676
4.31079
4.44283
3.46235
4.28318
4.43181
3.86829
3.86865
4.38422
1.65968
4.40836
4.24606
3.56352
4.46646
3.67837
4.31578
4.15110
4.15901
3.56633
4.42659
4.44647
3.89547
4.42415
4.26892
4.16621
4.35594
4.30164
4.10144
4.46300
3.14764
4.40110
4.33070
3.82019
4.25295
4.25694
4.21006
4.26821
4.45275
4.15092
4.10017
2.65958
4.33683
2.40990
4.43894
4.13769
4.26200
4.23844
4.40807
4.31011
3.82841
4.21805
4.28048
4.49652
3.19810
4.22796
4.28016
3.66507
3.94890
4.30940
4.45654
2.63014
4.43888
3.29890
4.37909
4.26993
4.47795
4.47568
2.70676
3.87534
3.93907
4.40042
4.38270
3.64599
4.23938
3.60369
2.59733
4.35328
4.46176
4.16272
4.41211
4.24459
4.43488
4.26308
3.80487
4.47322
4.39589
3.69718
4.35060
4.43388
4.09897
3.89924
4.42677
4.33091
4.29568
4.25333
4.31359
4.29424
4.44453
3.85713
4.35580
3.95044
4.11047
4.47199
4.08106
4.33772
3.92549
3.44625
4.02876
4.46120
3.82172
4.47371
4.31213
3.80271
4.13671
3.36890
4.14931
4.33019
4.33762
4.48915
4.38377
4.25704
4.39285
4.17528
4.43885
4.26374
3.44699
3.96509
4.50220
3.39594
4.11055
4.39610
4.41999
4.33365
4.25854
4.36998
4.36302
4.41286
4.27029
4.46369
4.37143
3.83003
4.25512
2.67679
3.92171
4.36602
4.26725
4.16850
4.21625
3.67439
3.14599
4.44287
1.99143
4.27126
4.19898
4.39329
4.37360
3.87020
4.31834
4.12767
4.24386
4.39620
4.47746
4.41497
4.27681
4.26630
4.31859
1.65830
4.27968
4.43157
4.31859
2.53293
4.35208
4.11591
4.38823
4.32745
4.31135
4.33828
4.50455
3.60866
4.16573
4.31807
4.41206
4.36428
2.85492
3.92894
4.19302
4.41144
4.49556
4.31661
4.37748
4.40376
4.45290
4.42665
4.34520
4.21349
4.16644
4.09538
4.42076
3.85958
4.38339
4.43874
4.31609
4.11699
4.32793
4.38338
4.23545
4.31982
4.40350
4.40776
4.21596
4.42489
3.55569
4.33338
3.72978
3.40666
3.51333
3.99084
4.10907
4.34668
4.18036
4.06992
4.44319
3.21648
4.42781
4.38582
4.44363
2.64740
3.86106
4.31857
3.80118
3.71851
4.39948
4.23609
4.33168
4.37318
4.18168
4.25764
4.18745
4.44209
4.20889
4.15467
1.98011
3.48512
4.49315
4.33665
4.12622
3.03704
3.37306
4.42828
4.03240
3.94423
4.44256
4.22674
4.10450
4.20748
1.65815
3.92540
4.20522
2.36008
4.33075
4.31757
4.16204
4.35543
3.73023
4.34922
4.17696
2.70371
4.23849
4.25577
4.44850
4.32457
3.18249
3.90202
4.07149
4.31802
4.31008
3.85943
4.41263
4.20819
3.97982
4.21519
4.34011
4.35634
4.12757
4.49933
3.68185
4.30262
2.15859
4.31365
4.12057
4.37972
4.20167
4.25242
4.29686
4.47240
4.21413
4.41331
4.41003
4.25761
4.40645
3.65171
4.43462
4.18092
3.47694
4.15802
3.97671
4.36892
4.44779
4.36683
4.37901
4.19814
4.39133
4.41697
4.08791
4.28055
2.94702
4.25261
4.32453
4.33050
4.32319
3.96651
4.31733
4.19692
4.34286
4.46655
3.98019
3.39292
3.93407
4.19775
4.36548
3.77978
4.37305
2.57455
4.11719
4.26253
3.49079
4.38069
4.22860
4.35409
4.50484
3.98169
4.43263
4.09639
4.43655
4.30932
3.30004
4.42019
3.82762
4.41011
4.46924
4.30168
4.33936
4.26305
4.25277
4.33479
4.34307
4.33439
4.22287
4.36871
3.84834
4.15327
4.14635
4.17118
4.04598
3.90935
4.38111
3.35293
4.44260
4.19653
4.50374
4.26570
4.34542
4.33754
3.51608
4.40146
4.36328
4.07473
4.16451
4.39565
3.85031
3.87843
4.48109
4.40390
4.39542
4.27934
4.37983
4.36517
4.04162
3.94816
4.42656
4.28265
4.24498
2.08427
4.30443
4.44768
2.34596
4.34321
4.13040
3.73116
4.33731
4.02075
4.34748
4.39269
4.03128
4.37947
2.46451
3.99255
4.32894
4.35637
4.28732
4.49965
4.25638
4.43294
4.33693
4.44246
4.42312
3.27778
4.45980
4.39633
4.40970
4.28932
4.17089
3.79507
4.32029
3.77166
4.25849
4.31958
4.48301
4.04480
4.12043
4.25309
4.19414
4.38383
4.16572
4.30202
4.11695
3.29327
4.11559
4.36706
3.83485
4.24150
2.96934
4.29944
3.75602
3.93171
3.72569
4.37175
4.42673
4.42580
4.13197
3.03330
4.29915
4.35887
4.35557
4.28341
3.09800
4.40268
4.37873
3.97933
4.38171
3.54919
4.46625
4.31966
4.34986
4.30017
4.18839
4.49625
4.05123
4.21903
4.31702
4.14885
4.21027
4.35445
4.38133
4.32503
4.41958
4.23640
4.06967
4.49333
4.19792
4.41857
4.39160
4.28206
4.30992
4.25433
4.44448
4.21839
4.34903
4.29880
4.21805
4.04742
3.23965
4.32625
4.35194
4.28209
4.25915
4.40353
2.78048
4.47106
4.20886
4.46435
4.07309
4.18635
4.46471
4.04414
3.91481
4.42343
3.70051
4.20893
3.87407
3.94799
4.29156
4.45333
4.02645
2.37353
4.37656
4.38091
3.86319
4.01546
4.47446
4.31777
4.34386
4.36635
3.80412
3.62747
4.29778
2.35527
3.98508
4.41399
4.25985
4.30289
4.45454
4.00460
4.35018
4.36053
4.08643
4.32754
4.28007
4.20687
4.05938
4.39371
4.47581
4.40693
4.13702
4.33922
4.39949
4.14175
4.32801
4.46218
4.18306
4.07709
4.43814
3.04084
4.29809
4.39747
4.09551
4.38907
4.09646
4.06624
4.24443
4.03780
4.29027
4.33196
4.40356
4.30636
3.88121
4.17457
4.49432
4.45096
4.33896
4.23381
4.10285
4.17456
4.17382
4.46190
4.37861
4.36088
4.24257
3.57380
4.12460
3.69865
4.29869
3.77359
3.95901
4.44974
4.32495
4.33201
4.25149
4.45376
4.19430
4.45250
4.26518
2.90787
4.42489
4.29920
4.30553
4.42247
4.34780
4.00325
4.20814
3.86540
4.39544
4.46049
4.02369
4.22484
4.44160
4.40202
3.91557
4.46194
4.38480
3.12192
4.43717
4.06376
4.37642
4.46748
4.26241
4.28419
4.29537
3.73053
4.18570
4.38935
4.30045
3.97663
4.50301
4.44583
3.69036
4.32591
4.17462
4.39870
3.10381
4.28527
3.99602
3.70855
3.78728
4.26828
4.02937
4.15189
4.41658
3.94218
4.24383
4.21285
3.27259
4.43217
4.36133
4.37839
4.50498
4.33029
4.24998
4.14344
3.42640
3.02343
4.28219
4.37469
4.34870
3.51425
4.33148
4.22470
4.32491
4.17229
4.22606
4.40795
4.44241
4.27231
4.33843
3.90087
4.39824
4.47845
4.06358
4.19037
4.47124
4.42175
2.39386
4.48321
4.35568
3.87189
4.01662
4.38069
4.04848
4.23205
4.18600
4.40280
4.22072
3.79296
4.34485
4.15190
3.41961
4.45220
4.00828
4.24576
4.02826
4.39240
4.30732
4.41588
4.19184
4.25940
4.18640
4.27052
4.29307
4.43725
4.10515
4.39556
3.65976
4.12558
4.28622
4.44015
3.94510
2.50280
4.36028
3.59317
4.09039
4.31342
4.32895
4.31101
4.25455
4.38447
4.02221
2.98823
4.35842
4.44679
4.36121
4.35409
4.24815
4.38961
2.95770
4.14922
4.43999
4.17743
3.80621
3.78311
4.40408
4.35196
3.71113
4.28583
4.02151
4.18476
4.10215
4.33214
4.35237
4.11700
3.48194
4.15773
4.43141
3.21253
3.91452
4.41728
4.03115
4.10691
3.70287
4.32370
4.25644
4.17364
4.17511
4.20969
2.88163
3.98200
4.36829
4.38332
4.20920
4.40455
3.33730
4.45713
4.23538
4.24753
4.31665
4.27924
4.46532
3.81648
4.03032
4.33602
4.44231
3.71271
4.45959
4.16001
4.28073
4.04957
4.33350
4.44075
4.21465
4.19293
3.91228
4.32319
4.38731
3.99719
4.32249
3.28822
4.17861
3.70727
4.40312
4.33472
4.21480
4.46868
4.48302
4.25581
3.76727
3.92123
4.37677
4.31006
3.46279
3.26505
4.19459
4.11916
3.98170
4.20760
4.46630
4.12737
4.15178
4.39203
4.46276
4.22971
4.28435
4.28225
4.43710
4.48029
3.37438
3.70144
4.24693
4.22067
4.15886
4.43788
4.13033
3.94489
4.03548
4.22620
2.73637
4.43535
3.86705
4.04117
4.28999
3.68036
3.48501
4.41459
4.01020
4.10978
4.31335
4.36752
4.37639
4.27321
4.32254
4.35485
4.35643
3.65127
4.42883
3.53561
4.30892
4.25722
4.48249
4.14042
4.39771
4.44448
4.04362
4.43541
4.45289
4.36045
4.03078
4.23042
4.19150
2.85535
4.09654
4.32592
4.20581
4.22255
2.41631
3.67992
4.34831
4.32826
4.48868
4.32437
4.11715
4.11862
4.24693
3.80751
3.42329
4.37649
4.35229
4.42410
3.82953
4.33524
4.39312
4.15268
4.43483
4.10739
4.22347
4.21191
4.19214
3.78892
4.45323
4.26514
3.73509
4.31572
3.44914
4.47685
4.30866
4.45597
4.40243
4.16535
4.31566
4.16560
4.48999
2.83439
2.80828
4.38481
4.50913
4.38377
4.31830
4.26030
4.47653
4.27160
4.31378
4.38444
4.23461
4.36835
4.34328
4.12348
3.92015
3.99524
4.50073
3.67155
4.34509
4.27552
4.22878
4.28493
4.09582
4.15194
4.17197
4.29915
4.35632
3.75234
4.34870
4.11173
3.47584
4.45942
4.29286
2.64628
4.43007
4.06312
4.32874
1.95644
4.09935
4.34855
4.36804
4.35327
4.40786
4.01323
3.76910
4.28785
4.41113
4.24442
4.33283
4.12615
4.25985
4.44186
3.91185
4.33089
4.39839
4.11336
4.41159
4.20763
4.32706
4.10896
4.17028
4.47065
4.23543
3.76947
4.39337
4.34896
4.15174
3.86366
4.29395
4.27891
4.34795
4.47673
4.35878
4.41767
4.37383
4.21632
4.28543
4.22744
4.40220
4.17413
3.69624
4.28866
4.46230
4.31667
4.38184
4.41582
4.18943
4.32063
4.17748
3.85785
4.39227
4.21988
4.26847
4.32441
4.47155
2.66019
3.91528
4.34922
4.46454
4.42183
4.44136
3.83284
4.27635
3.88814
4.44377
4.37191
2.19269
4.35396
4.46709
4.23436
4.12834
4.06002
4.12517
4.36042
4.39774
3.47489
4.48466
4.32232
4.47034
4.43578
4.28777
4.39520
4.29495
4.15816
4.27979
4.23103
3.65449
4.35083
4.26818
4.19175
4.41302
2.97978
4.50139
4.36921
4.42320
4.27330
4.39365
3.87918
4.35555
4.40493
4.15517
4.36813
3.80021
4.31660
4.41635
4.31856
4.24270
4.30453
4.41378
4.32529
4.30984
3.90365
3.94114
4.42252
4.44351
3.66612
3.60838
4.13449
3.84201
4.48677
4.10730
4.48353
4.17129
4.40990
4.34886
4.47290
4.15170
4.31114
4.37850
4.23824
4.48638
4.32725
4.24162
4.25811
4.37392
4.44041
4.04103
4.02417
4.26840
4.44468
4.00359
4.38736
4.19964
4.41245
4.34609
4.13233
3.03165
4.18890
3.89441
4.39728
4.46783
4.04217
4.32446
3.90058
4.19816
4.22618
4.40952
3.67152
4.30608
3.92910
4.09800
4.40510
4.16100
4.02852
4.24546
4.17960
4.24122
4.09458
3.66645
4.06953
4.10724
4.46846
4.12210
4.37269
4.41007
4.27137
4.34670
3.98409
4.42626
4.15412
4.14024
4.06849
3.88027
4.37015
4.32789
4.25902
4.46218
4.22200
4.06522
4.01290
4.39803
4.37272
4.47571
4.26913
2.72999
3.63261
4.28252
4.34770
4.41728
4.49191
4.37404
4.19494
4.45761
4.06776
3.99623
4.30214
4.44167
3.92085
4.01976
4.48510
4.37172
4.01182
4.46309
4.41260
4.05366
4.52247
4.10849
4.12880
2.27220
4.32719
4.32776
4.36652
4.44454
4.42427
4.44727
4.32628
4.11489
4.42371
4.19704
4.37857
4.43659
4.21377
4.33188
4.40839
3.44507
4.02225
4.32858
1.95690
4.14000
3.11207
4.33737
4.39681
4.22884
4.16995
4.06038
4.29770
4.09688
4.32799
4.14374
2.52864
4.19848
4.23800
4.13140
4.22782
4.48066
3.80501
4.30464
4.18515
3.67769
4.10022
4.25270
4.47226
4.29002
4.40870
3.95656
4.31524
4.13281
4.21505
4.25881
4.00809
4.17009
4.26122
4.19948
4.44657
4.48831
4.50475
4.29998
4.29367
4.49035
4.16407
4.18813
2.68799
4.36335
4.36655
4.11984
4.40811
2.14343
4.04400
4.19754
4.41890
4.45441
3.80352
4.40122
3.91030
4.24253
2.95632
3.91979
4.24274
4.00453
4.38483
4.41061
4.48396
3.01880
4.37546
3.63070
4.29867
3.76741
3.91861
4.14883
4.34127
4.05885
4.13983
3.96502
3.63092
4.25485
3.37460
4.35689
4.35889
4.32782
3.57162
4.14365
4.22806
4.07362
4.09518
3.82480
4.39880
4.12607
4.29770
3.80424
3.52912
4.41234
4.14471
4.42459
4.36357
3.99031
4.40623
4.03760
4.22811
4.35836
3.73746
3.82172
4.20744
4.09477
4.45898
4.13059
4.45953
4.18046
4.31940
4.40327
4.34576
4.48782
4.37299
3.59174
4.48446
4.49403
3.68276
4.28835
4.38910
3.12127
4.42222
4.43749
4.32975
4.37482
4.35610
4.40013
3.14784
4.32160
4.21453
4.01564
4.42481
4.38396
4.00667
4.02523
4.43663
4.25474
4.46913
4.28587
3.82938
4.41064
4.42759
4.18874
4.30947
4.48315
4.04861
4.28626
4.27415
4.15218
3.93396
4.23599
4.46053
4.16995
4.01860
4.31959
4.33750
4.18910
4.46465
4.43093
4.27471
3.83755
2.65887
4.02807
4.19177
4.28423
4.27945
4.38219
3.69375
4.46593
4.36585
4.18578
4.25958
3.91812
4.28478
4.08312
4.13816
4.04306
3.97825
3.35044
4.41877
4.19008
4.37473
3.76037
4.05128
4.34748
4.36196
4.44212
4.26089
4.28976
4.11006
4.39553
4.29293
4.36063
4.39145
4.24046
4.32473
4.22595
4.27375
4.30889
3.50705
4.00505
4.24907
4.12760
4.18339
4.47894
4.46030
4.18822
4.25688
4.24615
3.20592
4.20170
3.56228
2.42792
4.35380
4.22415
4.21085
3.90928
4.31866
3.61019
4.12225
3.68546
4.38453
4.42113
4.34920
4.21217
4.33719
4.24377
4.45136
4.15131
3.72034
3.89541
4.09004
3.70783
4.30518
4.35161
4.46047
3.26079
3.97640
4.44024
4.41459
3.66846
3.07682
3.98842
4.36485
3.87599
4.41480
4.32344
4.01387
4.45827
4.44549
4.36811
4.50932
4.14025
2.89462
4.31166
4.29606
4.35148
4.41817
4.36557
3.42903
4.47653
4.43700
3.73344
4.39229
3.93993
4.35464
4.30800
3.96446
4.35784
3.60151
4.35944
2.75654
4.26568
3.42623
4.07264
4.31555
3.90401
4.36730
4.38915
4.40867
3.32565
4.30012
2.60244
4.36074
4.39147
4.23262
2.86933
4.44645
4.49408
4.31337
4.42633
4.10760
3.62590
2.93195
4.34834
4.44962
4.42480
4.43131
4.04331
4.29866
4.29781
4.19976
3.96452
2.65892
4.08541
4.18707
4.02752
4.46641
2.88819
3.90937
4.37492
4.19657
2.15159
4.47385
4.00575
4.13513
3.24764
4.25281
2.83959
4.22373
4.25295
4.41004
3.97027
4.49611
4.35680
4.00683
4.38682
4.30961
3.78557
4.40511
4.06141
4.09750
4.26302
4.40190
4.12828
3.56061
4.27602
4.02333
4.19970
4.32793
4.47489
4.44118
4.29615
4.38639
4.45675
4.25238
3.70041
4.33470
4.41398
4.19294
4.36090
4.42053
4.32296
4.12011
4.35362
4.42414
4.41867
4.06400
4.48197
4.47276
4.48035
4.35548
4.11662
4.39946
4.33101
4.40141
4.36739
4.10851
4.25902
4.42752
4.19511
4.21179
4.40196
4.19284
3.77196
4.15683
4.44059
3.72680
4.35417
4.31842
4.32544
4.44758
4.38783
3.93336
4.42682
4.36602
2.91900
4.35995
4.37164
2.63836
4.42604
3.97683
4.33224
3.71339
4.08819
3.54028
3.91103
4.16042
4.43283
4.44547
3.30828
4.09454
4.28822
4.31948
4.35851
4.44334
4.24419
4.36736
4.38447
4.44286
4.40850
4.10651
4.20165
4.25084
4.17804
4.04899
4.16436
1.93030
4.16924
4.45775
3.97466
4.02204
4.36585
4.18183
3.72994
3.80894
4.26143
4.43876
3.93981
4.19018
4.20339
4.36811
4.48189
4.05433
4.35998
4.31144
2.73719
4.48537
3.90095
4.37643
3.73246
4.29175
3.56725
3.61476
4.13540
4.12248
4.42604
4.26037
4.24459
4.34273
4.49648
4.15416
4.42106
4.37657
3.93992
3.21685
4.25329
4.31455
4.33657
4.32041
4.29202
4.34018
4.38023
4.29416
3.86936
4.24418
1.92357
3.97269
4.32921
3.69881
4.28942
4.33163
3.40837
4.43208
4.42936
4.21666
4.08508
4.39586
4.17512
3.65178
4.25785
4.37313
2.60370
3.38846
4.07347
4.44815
4.36013
4.25775
4.47069
4.33157
4.29757
4.19804
3.70895
4.09802
4.42512
4.32850
4.26757
4.12089
3.97164
4.05852
3.73558
4.44171
4.38270
4.41788
4.31240
4.42232
4.37675
4.21219
4.44468
3.90216
4.08558
4.34059
4.23842
4.48103
3.97010
4.28462
3.07020
4.32933
4.41979
4.26589
4.33908
4.29052
4.42263
4.37328
4.23669
4.13124
4.28475
4.23817
4.42685
4.20281
4.26652
4.41273
4.30256
3.99838
4.26586
4.16457
4.40522
4.41104
4.10186
3.95436
4.38527
4.34762
3.42480
4.34081
4.39531
4.28800
4.34647
4.31002
4.29996
4.40471
4.41069
3.88056
4.24820
4.42742
4.37914
4.38914
4.40837
4.39653
4.24921
3.96294
4.35154
3.88933
4.27912
4.46326
4.39307
4.28797
4.42705
4.17430
4.41665
4.41319
4.22600
4.37657
4.37654
3.79801
4.14195
4.44122
4.15142
3.93707
4.27021
4.33514
4.33133
3.59864
4.20527
3.96228
4.24288
4.28100
4.37505
4.47899
4.12742
4.29884
4.41608
4.42991
4.48809
3.73655
4.42434
4.23852
4.08805
3.98393
4.42008
4.38044
3.60681
4.33522
4.27611
3.39453
4.14804
4.34724
4.45538
4.44815
4.35367
4.45677
4.49063
3.90021
4.32496
4.32410
4.42580
3.89045
3.82086
4.41447
4.39280
4.44121
3.98738
4.40539
4.45659
4.15364
4.22459
4.46169
4.36264
4.33661
4.04661
4.46307
4.36418
4.17012
4.14952
4.45551
2.57212
4.21168
4.41382
4.22627
4.41271
4.47536
4.47700
4.29169
4.36906
4.47721
4.36569
2.84754
4.43240
4.45190
3.99185
4.18676
4.12249
4.29177
3.99762
4.46300
4.43464
4.34646
4.23672
4.41213
4.21694
4.38876
4.08564
4.45650
4.17698
3.17884
3.36196
4.44794
4.35062
4.01659
3.87558
4.41575
3.85923
3.06440
4.33711
2.87063
3.82789
4.32341
4.10391
4.11773
4.32026
4.09783
4.01761
4.36630
4.45727
4.09686
4.23784
4.29837
3.25828
4.38876
4.16667
4.42184
4.09989
3.49057
4.28993
3.83811
4.40431
4.29193
4.07253
4.32317
3.96190
4.32364
4.29649
4.27198
2.94902
4.03108
3.94167
2.33357
4.39872
3.60560
3.71262
4.10424
4.36647
4.05275
4.37771
4.22044
4.38681
4.14953
4.06971
3.35932
3.20408
4.31867
4.23351
4.36657
4.39467
3.90358
4.24264
4.33168
4.32871
3.23494
4.15902
4.27624
4.32295
4.28639
4.30438
4.15280
4.36156
4.37491
3.95690
3.67870
4.09376
3.52921
4.16146
4.06198
4.28996
4.30171
4.45617
2.69610
4.35809
4.34967
4.23188
4.46049
4.37369
3.29854
2.72670
4.32453
3.87421
4.16525
4.13682
4.26592
4.43458
1.44786
2.10078
4.11730
4.44849
4.36613
4.45487
4.40734
3.58449
4.33424
4.35697
4.12872
4.41104
4.34629
4.42840
4.27424
4.27616
4.24324
4.33786
4.18794
3.13925
4.40446
4.29589
4.09495
2.96476
3.95141
4.14746
2.89741
3.68738
4.29059
4.05055
4.31574
4.46267
4.41051
4.47506
4.11854
4.40235
4.39737
3.98450
4.31004
4.30940
4.41811
4.06184
3.41028
4.42333
3.04795
4.32120
4.02567
4.34914
4.38827
4.25856
4.37412
4.25679
4.29253
4.02610
4.25425
4.29283
3.53201
4.31879
4.23377
4.40145
4.39572
4.21613
4.39858
4.32706
4.41274
4.17389
4.17569
3.93808
4.11271
3.97916
4.37095
4.25522
4.35503
4.31951
4.21812
4.16043
4.27571
4.14917
4.13865
4.31286
4.30706
4.38179
4.30440
4.24655
4.01702
4.38350
3.65136
3.68189
3.41974
4.15781
4.28705
4.32277
4.48257
4.32795
4.42538
4.29822
4.40067
4.09861
3.21127
4.36611
4.09927
4.25404
4.30277
4.25582
4.39798
4.18267
4.42132
2.72204
3.07331
4.44578
3.86321
4.04635
4.19148
4.13825
4.41122
4.37202
4.47352
4.30388
4.43460
3.99663
3.89124
4.31444
3.08504
4.22262
4.24465
4.38418
4.43772
4.22826
4.40587
4.45405
4.35617
4.17934
3.88362
3.86189
4.39680
4.30943
4.17409
4.38859
3.86621
4.32390
4.26701
4.07095
4.28244
4.42769
4.10438
3.54678
4.25729
4.46500
4.39830
4.07581
4.42998
4.26343
4.47829
4.32512
3.31801
4.42793
3.44556
3.96233
4.21233
4.17384
4.01791
2.55299
4.18077
4.46867
4.29496
2.94706
4.48565
4.18971
3.70769
4.33563
4.33636
4.38144
4.30250
4.21957
3.77681
4.16421
4.28690
4.40852
4.48467
4.34561
3.64213
4.40268
4.14547
4.45868
4.45318
4.14963
2.89419
4.32319
4.32278
4.30044
4.26040
3.95465
3.92598
4.14450
2.54395
4.45118
4.02772
4.20749
4.38547
4.30595
4.30808
4.27163
4.02948
2.66156
4.04717
4.17958
2.63424
3.66225
4.33866
4.17843
4.40763
4.14372
4.33662
4.33297
4.07689
3.75481
4.43138
4.37907
4.30208
4.36071
4.45050
4.36354
4.46741
4.38185
3.13454
4.32231
3.96645
4.09271
4.27098
4.30702
4.32916
4.29914
4.27955
4.09120
4.40530
4.24604
4.26476
4.35663
4.20419
4.27472
3.57270
4.36937
4.30807
4.38637
4.38176
4.27269
4.42530
2.07836
4.48189
4.39507
4.09170
4.38336
4.44352
4.41516
4.40994
4.46132
3.96207
4.14224
4.34508
4.29031
4.13807
3.71045
4.42735
4.07535
4.23343
4.49405
4.33283
3.96342
4.45539
4.12448
4.24914
3.57388
3.49515
4.30499
4.26450
4.31610
1.32608
4.24938
4.26250
3.61894
4.31815
4.23871
3.81350
3.95266
4.44493
3.11229
4.13446
4.10892
4.42878
4.44545
4.03921
3.59339
4.40892
4.43854
4.17955
4.31738
4.07499
4.41171
4.47991
4.45242
4.46946
4.32987
4.30596
1.89308
4.07908
4.37943
4.09369
4.24966
3.93103
4.35714
4.21427
3.78829
3.16712
4.41548
4.42516
4.26350
4.28244
4.17843
4.31211
4.31410
4.19846
3.98296
3.83648
4.48624
4.20898
4.46930
3.38294
4.38909
3.85730
3.94965
4.51328
4.05280
4.46395
4.44395
4.22972
4.07885
4.12234
4.42074
4.40706
4.26177
2.21401
4.06905
4.40175
4.36784
4.20758
4.35200
3.96222
4.26428
4.37786
4.38616
4.40097
2.38965
4.37133
4.28885
4.19314
4.41933
4.25127
4.31550
4.31091
4.11289
4.49390
3.57340
4.31512
4.16714
4.51680
4.00969
4.46440
3.84043
4.20510
4.18161
2.71040
4.36503
4.21758
3.56091
2.79873
3.33925
2.77545
4.10155
4.49626
4.34238
4.32245
4.46021
4.11453
4.09101
3.64624
3.99772
2.62708
4.28928
4.34555
4.23135
4.35297
4.31445
4.18277
4.33169
4.38912
4.28532
4.44904
4.10026
3.49154
4.32977
4.46519
3.95965
4.39496
4.17575
4.27022
4.48978
4.42868
4.31586
4.09020
3.88377
3.44275
4.20139
4.43743
4.26206
4.37235
4.45478
4.11643
4.30734
4.43911
4.32621
4.36182
3.55177
4.11057
3.72077
4.39474
4.23094
4.45186
4.45647
4.35568
4.01619
3.70236
4.08381
4.45202
3.71682
4.08962
4.38967
4.41687
4.47102
4.38078
3.42146
4.32926
4.09194
3.81752
4.08880
4.45481
3.82120
4.38423
2.52369
4.34312
2.88907
4.40613
4.41040
4.19727
4.22920
4.41062
4.21223
4.42991
4.25287
4.23547
4.25614
4.12296
4.33191
4.18352
4.29371
4.26434
4.38401
4.44574
4.43470
2.47554
4.41731
4.33434
3.77480
3.39221
4.27060
4.37491
4.22427
4.41049
4.41175
4.00502
4.50484
2.99738
4.43860
4.38860
4.47329
3.86771
4.32676
4.18133
4.27878
4.09084
3.76314
4.25916
2.62410
4.16312
4.40197
4.45301
2.89272
4.51295
4.37306
3.74320
4.21221
4.40105
4.31859
2.68407
4.29832
4.36861
4.33966
4.49081
1.61082
4.24980
2.13010
3.75132
4.19104
4.28494
4.08469
4.39890
3.88065
4.37285
3.30202
2.97001
4.36619
4.32952
3.91733
2.01705
3.77474
3.93434
3.51943
4.38852
3.70633
4.39645
4.43529
3.64316
4.42702
4.19922
4.50529
4.07522
4.44649
4.46348
4.29635
4.07503
4.40403
4.35481
4.47922
3.90953
4.13352
4.39789
4.33690
4.40723
3.97788
4.25604
4.40925
4.28740
4.31421
4.32958
4.37409
4.07805
3.53964
4.05091
3.96210
2.76604
4.29038
4.22358
4.37637
4.29457
4.16244
4.35497
4.07432
4.32203
4.08383
4.20021
4.34182
4.19374
4.32391
4.26089
4.37362
4.25413
4.43310
4.14083
3.21250
3.92815
4.04071
4.24876
3.60014
3.21359
4.10043
4.44049
4.37674
4.20634
4.13963
4.42410
4.04205
4.01333
3.99822
4.19521
2.94071
4.46111
4.40147
4.33081
4.27581
4.45973
2.85306
4.34119
4.45714
4.37727
4.08149
4.41210
4.08602
3.04506
4.39840
4.15023
3.71294
4.22554
4.42810
3.83003
4.38380
4.07147
4.08949
4.15023
4.14619
3.71783
4.17945
4.26213
4.45662
4.07752
3.88333
3.72064
3.85113
4.47829
3.51584
4.43300
4.36478
4.43465
3.61421
4.16225
4.21203
4.41961
3.61718
4.20154
4.42847
4.43057
4.01594
4.33766
4.15813
4.19748
4.13882
3.86211
3.39047
4.39953
3.61401
4.04505
3.41504
4.39578
4.28715
4.43947
4.27063
4.40867
4.42809
4.34995
3.85415
4.39492
4.10967
4.38677
4.48467
4.07945
4.46068
4.17419
4.33423
4.33495
4.04768
4.45286
3.51202
4.27201
3.49644
4.13944
4.29789
4.06054
4.49939
4.40455
4.20668
4.42531
4.10661
4.49014
4.40661
4.17555
3.18431
4.50013
4.24919
4.22651
4.40116
4.38311
3.65448
4.13033
4.33975
4.44503
3.24133
4.22629
4.36988
3.89839
4.23070
4.39847
4.23815
4.34365
3.67847
4.32435
4.15787
3.71972
4.26415
4.12779
4.19728
3.42588
4.21642
3.94035
2.10247
3.87467
3.53525
4.38231
4.38420
4.11194
4.39897
4.29931
3.82270
4.40108
3.12601
3.35262
4.33413
3.88481
4.20244
4.20177
2.64514
4.39928
4.43038
4.21614
3.37499
4.11430
4.31199
3.02040
3.86495
3.20732
3.86182
4.29828
4.35408
3.42069
4.26017
4.34036
3.90335
4.24307
4.40688
4.35118
4.35340
4.26766
4.27591
4.35820
4.23232
4.43874
3.93075
2.37265
4.45287
3.23081
4.26874
4.38189
4.16612
3.21462
2.14867
4.46124
4.32496
3.71527
1.80762
4.18534
2.96717
4.45232
4.25366
4.36695
4.03989
4.31057
4.27967
3.23570
4.25253
4.20503
3.75434
4.29954
4.35683
4.42301
4.50223
3.96202
3.93197
4.26515
4.10906
4.21130
4.33733
4.35075
4.09072
4.18583
3.44540
4.45221
4.28855
4.47706
4.37951
4.13422
4.22613
4.39871
4.36846
3.62436
4.24416
3.59434
4.45052
4.22040
4.17015
4.43573
4.02026
4.40962
4.41191
4.34188
4.39503
3.98357
3.76806
4.37801
4.35031
4.32716
4.47211
4.43006
4.28755
4.21614
4.14047
4.27465
4.39871
4.08511
4.45447
4.00525
4.09532
4.11729
4.36026
4.38476
4.22390
4.17034
4.35702
4.44026
3.69754
4.40280
4.35657
4.33118
4.40199
4.41483
4.11894
4.38309
3.97308
4.45219
4.21922
4.14458
3.00509
4.42903
4.35558
4.36015
3.65618
4.41352
4.40719
3.88294
4.32479
4.15613
4.22693
4.27394
3.96032
4.17304
4.13048
4.38367
4.42603
4.26239
4.38617
4.24164
4.41011
2.88271
4.25404
4.12275
4.29590
4.29146
2.37224
4.23549
4.43421
4.44223
4.36889
4.33417
4.41617
4.38967
4.21750
4.35351
3.74008
3.65248
3.62793
2.97337
3.39004
4.09064
4.40312
4.43655
2.96877
4.40476
4.43887
4.29587
4.34925
4.29618
3.46187
4.21784
4.45447
3.99832
4.12199
3.42652
4.47067
4.30038
4.26095
4.17363
4.06631
4.37834
4.31358
4.27123
4.44060
4.46517
4.14836
4.43239
4.39712
3.86830
3.11900
4.40712
3.91610
3.15393
4.46703
4.43006
2.49499
3.92056
4.40127
4.33529
4.31898
3.98653
4.11256
3.88814
4.36135
4.23598
4.32768
3.31312
4.07570
4.18874
4.18520
4.43663
3.59105
3.52999
4.48856
4.38904
4.34617
4.28183
4.19933
4.22121
4.35892
4.40831
3.52097
4.11683
3.73363
2.39944
4.39110
4.35976
4.38800
4.21124
4.00231
2.69163
4.42749
4.35658
4.25250
4.10902
3.70832
4.14402
3.04368
2.32932
4.22441
3.57695
3.94017
4.27363
3.32460
4.23011
4.38603
4.45779
4.30706
3.89478
3.69204
4.45146
4.13764
4.43274
4.16508
4.14538
3.78637
4.27565
4.36126
3.90602
4.03090
3.69499
4.37475
4.00879
3.83510
4.00075
4.08746
4.20197
4.22093
4.36025
4.32125
4.46618
4.44192
3.97408
3.21778
3.80739
4.36156
4.29546
2.99629
4.36064
4.34665
4.43021
3.94543
4.45006
4.20385
4.45646
4.29882
4.37673
4.03677
4.31779
4.35081
4.42560
4.29758
4.49196
4.36315
4.24523
4.31810
4.18199
4.08765
4.09226
4.43917
4.41698
4.36027
4.46695
4.36790
4.14287
3.40057
4.43722
3.92886
3.24158
4.14424
4.05718
4.32877
4.49822
4.38998
4.40223
4.38132
4.19024
4.20837
4.33806
4.15282
4.13060
4.22667
4.40473
4.47590
4.38391
4.34244
3.93132
3.35811
3.95580
4.26269
4.44136
4.12764
4.10256
4.37172
4.20361
3.40002
4.45511
4.21596
4.20509
2.56365
4.38657
3.79358
4.25554
4.29470
3.15884
4.12304
4.19797
3.93805
1.93808
4.28732
4.45728
3.89866
4.38252
4.33378
4.09229
4.45626
3.61023
4.39529
4.41974
4.21078
3.53553
4.39907
4.15220
4.31708
4.18060
4.16592
4.24538
4.25662
4.24314
4.36981
4.05503
3.76381
4.38134
4.45348
4.13334
2.63445
4.37536
4.37269
1.87646
4.44995
3.75392
4.13370
2.81381
3.67082
4.25407
4.25161
4.39230
3.44600
4.40926
4.30589
4.30620
4.24290
3.71009
4.30251
3.07576
4.42310
4.47325
4.17858
4.09468
4.31619
4.33205
4.09791
4.37045
3.88779
3.72536
3.64424
3.74889
4.46852
4.36779
4.29230
4.45451
3.57417
4.39705
4.34931
3.84836
4.23965
4.42164
4.44929
3.83604
4.07102
4.33081
4.32831
4.39823
4.42814
4.41623
4.03100
4.46937
4.43559
3.72148
4.40639
4.29364
4.40501
4.23720
4.25572
4.30402
4.14809
4.03115
4.38727
4.00131
4.27935
4.32565
3.59800
4.07476
4.28609
2.83848
3.79035
4.29850
3.69214
4.39817
4.26004
4.45667
2.88809
4.18651
3.75941
4.18837
4.32022
3.37080
3.93095
4.26233
4.14289
4.31801
3.37976
2.42190
4.24925
4.46288
4.16294
3.98408
4.34456
3.92058
3.90735
4.30828
4.08560
4.04570
4.24357
4.34190
4.37888
4.47746
4.48689
3.39871
2.42924
4.15398
3.98408
4.37482
4.34994
4.34199
3.99843
4.28045
4.10188
3.65442
4.29706
4.16677
3.94172
4.30725
4.49533
4.43446
2.87320
4.35349
4.18537
4.37040
3.95007
3.26061
4.32189
4.12517
4.26713
4.30901
4.15584
3.22415
4.37257
4.12381
4.38564
4.07783
4.18503
4.47490
4.23756
4.40252
3.92154
4.29919
4.31551
4.40263
4.32734
4.20248
4.32248
3.99122
4.21091
4.29080
4.08519
4.19395
4.45195
4.45341
4.14358
4.29409
4.32199
4.10711
4.42556
4.24281
4.22730
4.44360
3.98281
4.06975
4.40855
3.93767
2.81340
4.20670
4.38573
3.87330
4.39395
4.43190
3.67748
4.21461
3.99767
4.34908
4.25858
3.82126
3.69998
3.96783
4.23698
3.52633
4.40138
4.30073
4.48691
3.76327
3.72918
4.21913
4.44701
4.21740
4.44217
4.49084
4.37994
3.98469
4.31866
4.12956
4.30747
4.31833
4.48865
4.33650
4.02807
4.42098
3.94417
4.19337
3.30565
4.39937
3.86914
4.20512
4.30218
3.54912
4.23153
4.12880
4.14892
4.06667
4.39027
4.43925
2.95486
3.94838
4.47977
4.21667
4.41858
4.46051
4.31736
4.41576
4.31435
4.33384
4.41517
4.14891
3.87845
3.94591
4.30131
4.28486
4.29956
4.30076
3.93878
4.25095
3.94103
4.44681
4.08866
4.39686
3.26614
4.39308
3.89248
4.25394
4.32852
4.34790
4.41781
4.28269
3.79306
3.80675
3.43899
3.94544
3.90953
3.24710
4.40859
4.43014
3.39286
4.44789
4.45910
4.41209
3.94197
4.39348
4.07941
4.24148
4.23768
3.66129
4.37978
4.39582
4.41836
4.10767
4.27138
3.85997
4.49593
4.43808
4.17725
2.71535
4.24972
3.91001
3.20868
3.92384
4.40120
4.26290
4.26370
4.09925
3.92604
3.29890
3.88303
4.35569
4.36115
3.83886
4.40677
3.96797
3.91392
4.40019
4.22836
4.25743
4.26606
4.34590
4.39315
3.63764
4.39927
4.36696
2.11833
4.43492
4.39926
4.33155
4.45581
4.03062
4.39834
4.36598
4.15372
4.43641
3.93002
4.47506
4.47800
4.14884
4.21315
4.23881
4.29991
4.27688
4.14367
4.21708
4.00748
4.47232
4.42481
4.42353
4.14831
3.80327
4.36548
4.44358
4.48925
4.52772
3.81673
4.48096
4.37175
4.39896
4.43841
4.03983
4.46641
4.38210
4.44816
4.31118
2.58074
4.31529
4.16151
3.80487
3.63934
4.19695
4.08451
4.42167
4.42880
4.34415
3.93493
4.21705
3.95404
4.46722
3.79630
4.38728
4.46025
4.39968
3.72232
4.41129
3.94297
3.92376
4.15535
3.60507
4.24193
4.24479
4.30324
3.57355
2.59614
3.52252
4.11675
4.39512
3.25981
4.32248
4.26485
4.49608
4.28427
4.35473
4.29056
4.33080
4.35866
4.15069
3.61164
4.30799
4.42774
4.44578
4.42913
4.45127
4.03975
4.39107
3.89493
4.45883
4.38952
4.37580
3.63113
4.01468
3.64971
4.09574
4.43467
3.92807
4.21518
4.29284
4.29773
4.47412
4.15832
4.14681
4.39831
4.43386
4.37113
4.19695
3.76625
4.13975
4.44503
3.93073
3.71325
4.29347
4.36464
4.38000
4.20491
3.47208
4.23118
4.34338
3.80077
4.29043
4.35358
3.75083
4.52437
4.23763
4.37443
4.43979
4.37126
4.39635
4.35819
4.35495
3.99666
4.40601
4.23028
4.46093
4.21889
3.49875
3.51963
4.03725
4.27498
4.43434
4.41364
4.38933
3.73403
4.45277
4.48014
4.18982
4.17676
3.84855
2.58502
3.99132
4.47796
4.44485
4.33381
4.10839
4.30790
4.17578
3.08612
4.40220
4.25017
1.97376
4.26691
4.32653
4.45732
4.43523
4.14999
4.31554
3.91516
4.40329
3.96926
4.12827
4.34375
4.31027
4.21370
3.93917
4.38217
4.48823
2.97143
4.05699
4.11986
4.30224
4.40230
4.30426
3.85587
4.42863
3.87626
4.12512
3.93919
4.45136
4.42120
4.20067
4.43812
4.36332
3.95507
4.41089
4.34842
3.41100
3.78601
4.41196
4.32628
4.13496
4.40693
4.39950
4.35899
4.13267
4.37820
4.22318
4.20076
4.22730
3.82811
3.99002
3.95300
4.18907
4.47708
3.94313
3.91109
4.44699
4.34905
3.84560
3.73390
2.09453
4.35811
4.42167
4.40257
4.34650
4.22390
3.88181
4.39700
4.41553
4.33100
4.05302
4.41207
3.82895
4.40090
4.08076
3.81194
4.23357
4.42039
2.72002
4.29068
4.25677
2.32575
4.33647
3.90805
4.45588
4.34878
2.47279
4.45566
4.35369
2.65303
4.43419
3.64643
4.06554
3.83855
3.90961
3.97101
4.45767
4.38670
4.30896
4.21331
4.28680
4.32317
2.70524
2.92096
4.35989
4.46445
3.80146
3.75334
4.26448
3.86078
3.31078
4.26805
4.01887
3.33237
4.43791
4.27658
4.18464
4.37422
4.39499
3.87538
4.29569
4.22139
4.34586
4.43705
4.26139
2.64400
4.32775
4.31848
4.45267
4.38771
4.43579
4.44373
4.45944
3.99050
4.40733
4.43072
4.18556
4.33378
4.31648
4.23552
4.22740
4.15533
4.45487
3.55080
4.42806
4.39401
4.27815
4.12200
4.30378
4.02340
4.40178
4.29683
4.22564
4.32339
4.17277
4.46480
4.46805
1.88850
4.30187
3.76901
4.34901
4.49471
4.17328
4.43589
4.47341
4.39547
4.35086
2.87853
4.30284
3.79448
4.15367
4.27802
4.41354
4.51618
4.35457
3.91126
4.43458
4.44850
4.43165
3.92267
4.36277
3.53786
4.40244
4.12111
4.40283
2.18624
4.34161
4.50049
3.84179
3.30926
3.72127
1.46929
2.22844
4.41599
4.32627
4.45092
4.37275
4.39853
2.90387
3.91033
4.17208
4.33531
4.27534
3.79964
4.16262
4.14315
3.96754
4.43868
4.50132
4.35967
4.12477
3.95957
4.39157
4.17429
4.37491
4.28231
3.68288
4.47577
4.38547
4.31246
4.42525
4.19930
4.20602
4.19131
3.35566
3.84341
4.41669
3.97254
4.17579
4.41335
4.24176
3.83282
4.08034
4.22572
4.51303
4.35722
4.44850
4.13614
4.43087
4.21016
4.15658
4.33782
4.44205
4.47833
4.46374
4.20830
4.00119
3.70900
4.23341
4.20162
3.63941
4.09720
4.44711
2.50299
4.51907
3.97594
4.46672
4.44166
4.35725
3.89451
4.46588
4.37834
4.21104
4.40936
4.44487
4.36247
4.05680
4.05600
3.86849
4.44213
3.95057
4.43564
4.25450
3.04384
4.41146
4.34631
4.03622
4.14177
4.41329
4.11554
4.10384
4.24993
4.45204
4.25844
4.14150
4.39657
3.90273
4.37593
4.37963
2.83045
3.81507
4.41089
4.43635
3.90423
4.15048
4.44669
4.38228
4.24807
2.77570
4.36715
4.41101
3.89639
4.41251
4.27230
3.83824
4.47957
4.48073
4.39701
3.93445
4.30824
4.36727
4.35304
4.25431
3.96504
4.37654
4.05285
4.14404
4.15182
4.17274
4.29852
4.33924
4.41743
4.26008
4.46865
4.45680
4.35541
4.40580
4.12168
4.02262
4.26507
3.59006
3.95675
4.42238
4.17833
4.09931
4.42165
3.88527
3.98277
4.49527
4.07568
2.96179
4.16319
4.34340
4.31529
4.23648
4.28602
4.35736
3.73669
4.18164
3.45177
4.38792
4.20625
4.32339
2.52987
4.04920
4.46434
4.45698
4.28388
4.04307
3.82419
4.29525
4.39821
3.16211
3.85410
4.43395
4.08767
4.24383
4.05519
3.59382
4.25514
4.27810
4.34607
4.29856
4.23441
4.43735
4.36875
4.25349
4.43603
4.44342
4.16927
4.39866
4.22665
4.13724
4.31043
4.46034
3.99554
3.96165
4.11078
3.84328
4.46295
4.34038
4.21737
4.17490
4.28396
3.82461
4.20025
4.21898
4.44882
4.42832
4.27362
3.77980
4.13426
2.21445
4.02072
2.25410
4.30952
4.34309
4.38765
3.31910
4.24865
4.09679
1.71197
4.34799
4.40167
4.07896
4.33534
4.34693
4.37626
3.39580
4.31678
4.47626
4.32266
3.90203
4.08600
4.39963
4.32943
4.45610
3.87730
4.29844
4.29871
4.28711
4.40846
4.28080
4.10077
4.37851
4.42970
4.45110
3.48255
3.96235
4.41080
4.33922
4.22454
4.36330
4.30987
4.46326
3.83785
4.45618
4.31276
4.34971
4.41026
3.69017
4.38245
4.46751
4.14568
4.30053
4.31101
3.97480
4.29691
4.23859
3.91625
4.23602
4.51081
4.36246
4.19804
4.44476
4.13693
4.19665
4.19626
1.70286
4.41729
4.33288
4.22313
2.93120
3.06891
4.18264
4.44699
4.26521
4.37455
3.57943
1.68865
4.11866
4.28186
2.98290
4.04045
4.35428
3.99455
4.26791
4.23359
4.24416
3.83009
3.42117
4.08958
4.37844
4.11727
4.01259
4.06821
4.38826
4.38963
3.67294
4.36837
3.67032
4.48517
4.39026
4.37403
4.06018
4.41431
4.17632
4.24756
4.33202
4.40954
4.02351
4.35451
4.14436
4.31652
4.24462
3.28638
4.39690
4.20537
4.40318
4.16952
4.25361
3.81169
4.40050
4.42865
4.37040
4.36738
4.44136
3.88398
4.30181
4.11150
4.09543
4.21863
4.39167
4.32854
3.73775
4.02395
4.42884
4.41901
4.45251
4.37964
4.44651
4.48750
4.29837
4.18997
4.40555
4.43295
4.44365
4.47530
4.45413
4.43269
4.04778
4.07265
2.62564
4.44022
4.14862
4.04773
3.00174
4.02141
4.10191
3.94014
3.48608
4.31694
4.35931
3.90670
4.24020
3.97588
4.41795
3.87636
4.31693
4.02061
3.79242
3.46176
4.31235
3.32635
4.33736
4.13787
4.13467
4.23449
4.45739
4.50720
4.44494
3.93103
4.40923
4.10643
4.43156
3.97392
4.22153
4.02768
4.31763
4.35135
4.33001
4.34371
3.59192
4.20140
4.21563
4.34248
3.86775
4.31649
4.28699
4.35035
4.36024
4.24454
3.84097
4.25026
4.32481
4.44634
4.03622
3.31393
3.22681
4.16066
4.07222
4.14402
4.31172
4.26430
4.23534
4.34822
2.02194
4.37917
3.84242
4.18239
4.23929
4.33077
4.23438
4.19164
4.44553
4.25961
4.19406
4.38852
3.98811
2.36267
3.29920
4.16019
4.49339
4.29163
4.38843
4.25463
4.29514
4.47572
3.85581
4.15461
4.43014
4.18572
3.99321
3.89259
4.42072
4.16216
4.00181
3.01622
4.52265
4.41586
4.16550
4.00661
4.46500
4.12990
4.22325
4.07521
4.34778
4.40324
4.10250
4.40176
4.12845
4.39999
4.41593
4.34619
3.77697
4.33061
4.44463
4.32977
3.56974
4.37580
4.31986
4.46554
4.34490
3.80907
4.35615
4.14864
4.24485
4.22425
4.32098
4.48220
4.36812
3.91574
2.65749
4.20649
4.33672
3.82626
4.40131
4.40945
3.66959
4.19665
2.23149
4.21595
3.37987
4.24799
3.97261
4.33377
4.41765
3.53338
4.15024
4.01241
4.45434
4.30273
3.76597
4.37389
3.93554
4.41070
3.66981
4.21136
4.05849
4.43567
4.27568
4.29596
4.30128
4.35172
4.15646
3.76687
3.97543
4.21506
3.98415
4.14397
4.42868
4.29086
4.05129
4.25065
2.93566
4.48094
4.45101
4.33161
4.46134
4.49614
4.15502
4.38087
4.24696
4.37759
4.38966
4.04069
4.00038
4.42876
2.40642
4.45339
4.41072
3.05057
4.42823
3.51087
4.19554
4.37580
3.44946
4.33923
4.13704
4.20310
3.68308
4.32421
3.91800
3.83104
3.98076
3.82774
3.81571
4.12424
4.12268
4.44055
3.89022
4.46316
4.35106
4.27749
4.27060
4.29026
2.87184
4.33775
4.17811
4.14546
4.39361
4.34265
4.46134
4.41353
2.81477
3.72458
3.78780
4.12848
4.35883
3.71267
4.25463
4.34891
3.67013
3.79647
2.78636
3.90060
3.92318
4.35833
3.95963
4.23525
4.39144
4.11859
2.30861
4.41539
4.03479
3.80055
4.38647
4.17198
4.45698
4.45755
4.16153
4.48982
3.55501
4.33123
3.49311
3.07728
4.01299
4.27645
3.76791
4.36086
4.34833
4.39637
4.38099
4.35302
4.08875
4.24657
4.34861
4.44306
4.39510
4.33795
4.40522
4.30391
4.37144
4.36162
4.12052
4.18364
3.98787
4.45043
4.39067
1.53113
4.48550
4.35683
4.22573
4.43918
4.31114
4.44272
4.08587
4.30220
4.24599
4.22038
4.27832
4.38906
4.23449
4.33382
3.69359
3.94674
4.20157
3.84679
4.29705
2.61565
4.25575
4.31601
4.30728
3.72251
4.35945
4.43070
4.37690
4.43538
4.16408
4.38159
4.46780
4.38015
3.87292
4.36347
4.48693
4.33091
4.04178
3.92358
3.80505
4.19206
3.26545
4.37593
4.28735
4.27101
4.45764
4.16576
3.80691
4.29099
4.40004
4.30721
3.51509
3.66059
4.32089
4.36688
4.37616
4.18035
4.38443
4.34405
4.33466
4.42965
3.28778
4.39997
3.85071
3.90196
3.81959
3.41627
3.03861
1.54034
4.42950
4.43062
4.30585
4.20024
4.25866
4.35613
3.33297
2.94856
4.22947
4.45851
4.23169
4.19322
4.38979
4.42832
3.14553
4.18128
4.37193
4.29370
4.46227
4.37212
4.01495
1.79650
3.97168
2.89952
4.38566
3.76407
4.47658
4.10993
3.59655
3.60598
4.42122
4.07968
4.46304
4.35167
4.40474
4.37059
3.64451
4.44758
4.04544
4.40583
4.08713
4.35030
2.26428
2.81037
4.36781
3.32094
4.24084
4.41324
3.68673
4.44296
4.20648
4.43341
4.46122
4.37512
4.27505
4.29873
4.03602
4.00270
4.02990
2.70845
4.42423
4.39638
4.36488
4.36871
4.46786
2.47037
3.71176
4.22871
4.35684
4.32044
4.04553
4.48995
3.48227
3.95167
3.95370
4.31503
2.81594
3.77825
4.42532
4.36157
3.84923
4.14714
3.99545
4.41824
4.35293
4.31296
4.14932
4.41422
3.40736
4.46358
4.29323
4.40048
4.14979
4.09122
4.42203
3.74526
4.07411
4.30890
4.42622
4.17046
4.41187
4.23219
3.48588
4.46087
4.45069
4.44732
4.19457
3.02830
4.19400
4.39685
4.34938
4.41714
2.61312
3.09909
4.36242
4.33293
3.99442
4.26136
4.41509
4.50719
3.94025
2.17226
4.45620
4.19717
4.19021
4.36490
4.39760
4.22200
4.49289
4.42953
4.37314
4.37866
4.41856
4.10024
4.33033
4.02783
4.38013
4.31863
4.09530
4.20640
4.07971
4.40807
3.63142
4.41016
4.40562
4.07939
4.34916
4.18411
4.23730
4.47849
4.42572
3.55711
4.36609
3.22102
4.25770
4.36698
4.41988
4.38233
4.11206
3.87726
3.58811
2.66972
4.26684
4.35902
4.45242
4.16781
4.40743
3.98560
4.51378
3.57309
3.99558
3.03442
4.49397
4.48398
4.21317
3.40329
4.28209
4.14328
4.43305
4.25391
2.63481
4.14745
3.94831
2.92977
4.44534
4.12792
4.43705
4.33637
4.49352
4.26612
4.12678
3.45043
2.87305
3.79810
4.32176
4.42935
3.88309
3.88917
4.20649
4.45097
4.47926
4.46954
4.26287
3.46382
3.95844
3.73664
2.42295
4.47678
4.16077
4.40182
4.34317
4.41822
4.16321
3.92215
3.99503
2.49131
4.04943
3.79438
4.33280
3.62044
4.15566
3.83642
2.80825
3.60741
4.35534
4.40244
4.22974
4.12689
4.01890
4.14119
3.59713
4.00129
4.24513
4.42661
4.34784
4.26296
4.43435
3.67892
3.95404
4.43901
4.43144
2.09427
4.38823
3.06905
4.45014
4.25746
3.67875
4.09346
4.16363
4.07531
4.43752
4.35434
4.10729
4.33140
4.02018
4.35223
3.52210
4.50394
4.35692
4.08317
4.05000
4.44149
4.42778
4.11195
4.43412
3.86375
4.46997
4.32504
4.33761
4.30997
4.23778
4.34266
4.18922
4.35759
3.98244
4.24582
4.41910
2.58286
4.48525
3.64220
4.35855
3.02795
3.90976
4.32407
4.28039
4.41564
4.29931
3.87857
4.36637
4.29623
4.40199
4.41422
3.97514
4.26614
3.82565
4.33145
4.11234
2.82041
4.05741
4.43099
3.16628
4.16776
4.40358
4.22167
3.17391
4.11221
4.37140
4.28750
4.03348
4.25776
4.24432
4.28081
4.13702
2.81311
4.39023
4.44629
4.34604
4.47700
4.47245
4.29800
4.31143
4.43361
4.38373
4.34505
4.39599
4.42962
3.93010
4.21075
4.18988
3.93108
3.91993
4.30630
4.48073
4.49864
4.35921
4.27446
4.38885
4.35937
4.49895
4.34521
3.73956
4.35582
4.05017
4.41809
4.27383
4.25549
4.30235
4.48500
4.14210
4.39197
3.19691
2.16227
4.22646
4.17605
4.36191
4.15643
4.22423
4.33357
4.29088
4.45345
4.39375
4.03429
4.25273
3.57971
4.41218
4.30224
3.70382
4.20312
4.26954
4.40970
4.15367
4.27520
4.41773
4.36974
4.14299
3.89319
4.31729
3.89740
4.41848
4.46767
4.41381
3.47837
4.38866
3.46926
4.26049
3.70191
4.24274
3.46057
3.28121
4.35747
4.27902
3.71972
3.79722
4.44964
4.30766
3.91676
3.97508
4.01407
4.49177
4.46152
4.41569
4.33050
4.17140
4.22450
4.43193
3.92895
4.32618
4.33230
4.31531
4.19406
3.84953
4.35992
2.69743
4.38040
4.32136
3.97852
4.31305
3.80493
2.18938
4.15253
3.02157
4.40376
3.86175
4.16357
4.01297
4.15963
4.20821
4.02449
4.02358
4.46204
4.39923
4.30065
2.83948
4.20257
4.30987
3.92376
4.35265
4.34585
3.94371
4.45685
3.94937
4.27134
4.14856
4.16219
4.16226
3.88274
4.42211
4.41635
4.03900
3.13973
4.39221
4.31066
4.43112
4.26805
4.15021
3.79930
2.67230
4.44201
3.50886
4.20578
4.27450
4.44615
4.36456
4.37862
4.40020
4.30613
4.11558
4.27688
4.10425
4.30935
4.34856
4.40162
2.33531
4.15303
4.33084
2.71029
4.49115
4.31581
4.34649
4.06512
4.25533
4.43785
4.36523
4.34775
4.18146
4.05501
4.19229
4.20326
4.41246
3.81589
4.25316
4.26289
4.41970
4.50581
4.48585
2.51240
4.17830
3.94215
4.48210
4.41624
3.96500
4.12777
4.10605
3.65183
4.41008
4.46805
3.99558
4.28407
4.32382
4.35303
4.40574
3.98854
4.45960
4.40611
4.26944
4.40953
3.72573
4.38729
3.78118
4.34022
4.30027
4.37912
4.06285
4.39176
3.94887
4.21784
4.39517
4.07730
4.46509
4.28590
3.69829
3.87742
4.26841
4.42043
4.31221
3.96474
4.37740
4.01739
4.04411
4.14683
3.76173
4.24868
4.35134
3.78350
4.37685
4.29436
4.17693
4.32477
3.90080
2.81333
4.50782
4.37293
4.00432
3.60656
3.73323
4.53344
4.31859
4.22333
4.23805
4.42377
4.46459
3.83883
4.07991
3.85868
4.25294
4.24729
3.16068
4.35500
4.41228
4.31952
4.31748
3.53977
4.13607
4.36613
4.21840
4.16114
4.19587
4.16356
4.44824
3.94911
4.30799
4.23707
4.09576
3.97230
3.21208
4.36888
3.91034
4.36969
3.37852
4.42234
4.14168
3.99190
4.06116
4.11346
4.34648
4.45047
4.40779
4.43352
4.41656
4.24425
3.06631
4.44578
4.05079
4.46997
4.24043
3.93471
4.45074
4.43427
4.00210
3.72628
4.31573
4.43734
4.34733
4.22876
4.46175
4.17696
4.37676
4.08482
4.31567
2.73911
4.22743
4.26501
3.68560
4.17848
4.18892
3.51243
4.05774
4.28772
4.28279
4.31414
2.88063
4.36309
4.40149
4.25274
4.35733
3.83065
4.40029
4.40241
4.30353
4.45438
3.85127
4.30538
4.25470
4.43291
2.07876
4.46311
4.04790
3.06517
4.16687
3.61768
4.13248
1.24926
3.66905
4.12180
4.35500
4.15334
4.42381
4.22416
3.90651
4.19861
4.44983
4.20942
4.15857
4.38708
4.26030
4.17746
4.17319
3.60448
4.14339
3.85081
4.45403
4.34774
4.10410
4.37938
3.88685
2.43605
4.33475
4.21371
3.60290
4.08127
2.08286
4.44373
4.42681
3.92546
4.35751
3.76463
4.13688
3.83992
4.45194
4.30527
4.18665
4.19363
2.68235
4.19997
4.17074
3.65900
4.02683
4.37424
3.85735
4.39334
4.08671
4.33638
4.43370
3.95022
3.58551
4.04925
3.94481
4.24029
4.48001
4.15376
4.11508
3.77621
4.32308
4.28714
3.86011
4.32068
4.30307
4.43329
3.78405
4.24374
4.27059
4.23044
3.95070
4.41611
3.20430
4.40090
3.02891
4.40692
3.52197
4.31116
4.28165
4.07670
2.49597
4.12726
4.46065
4.19550
3.36867
4.22039
3.99827
2.22961
4.49062
4.29331
3.36270
4.12607
3.72171
4.45691
4.28097
4.35564
3.70767
4.32504
4.39622
4.23565
4.20789
4.34646
3.04947
4.28057
4.05426
4.28680
4.34327
4.36884
3.94515
4.43748
3.81784
4.35366
3.96211
4.22419
4.42743
4.16232
3.38492
3.52285
3.90714
4.40965
4.33546
3.25453
2.89393
4.40785
4.26031
3.87492
4.46180
4.33078
4.40348
4.31231
4.31481
4.02589
4.29302
4.32647
4.09180
4.32827
4.38271
2.63409
4.14847
4.24652
4.33924
3.73758
4.18225
4.36425
4.19769
4.14859
4.37375
4.32841
3.60217
4.12767
4.30896
4.30308
1.63399
4.27153
4.36930
4.26708
4.01480
4.21599
4.38795
3.95732
4.26892
4.31639
3.72548
4.38309
4.28330
4.36492
4.36955
3.43226
4.03403
4.38026
4.35829
4.14754
3.99704
4.17126
4.44710
3.78319
4.17698
4.20862
3.55396
4.25218
4.06992
3.64426
3.73581
4.35314
4.17565
4.26545
4.45003
3.47068
4.44409
4.06464
4.32107
3.91098
4.05109
4.35641
4.29801
4.28499
4.38838
3.68122
4.39452
4.40199
3.55458
4.32461
4.41713
4.32864
4.30482
3.75789
4.28782
4.42674
3.67884
4.34762
4.23475
4.37932
2.30646
4.00528
1.92242
4.45555
2.90003
4.39315
4.31802
4.14106
4.38602
3.38859
4.22246
4.44379
4.15260
4.23659
4.48527
4.36701
3.96936
4.35769
4.19658
4.37799
4.44003
4.34289
4.18185
4.20803
4.06014
4.37864
4.15174
4.19531
4.28550
4.20750
4.45467
4.01922
4.43139
4.37217
4.29114
4.16734
4.41983
4.02467
4.06160
4.18838
3.98901
4.44462
4.15026
4.46004
3.70091
4.18961
4.34711
4.44860
3.05292
4.33277
4.32854
4.40682
3.90430
4.20606
4.28648
4.29099
4.06966
4.41152
4.40554
2.32198
4.13435
4.03829
2.41501
4.03657
4.45855
2.61912
4.45353
4.34882
4.36838
4.41569
4.09616
4.29115
4.21224
4.01764
4.40895
4.13786
4.24723
4.41105
4.49956
4.40693
4.43611
4.28811
4.46745
4.10584
4.18378
4.37038
4.14170
1.47606
4.39596
4.11923
4.23159
3.30386
4.32322
4.37493
4.22638
4.26742
3.63423
3.96788
4.28710
4.42145
4.27270
4.34667
4.33166
4.43289
4.22471
4.46671
3.72242
4.35290
4.27022
4.01706
3.80242
3.59848
3.86265
2.71785
3.56385
2.20468
4.30962
4.45803
2.85990
4.11714
4.36477
4.42006
4.36858
4.30956
4.41444
4.37338
4.44091
4.21848
4.02746
4.20297
4.34824
4.35104
4.24874
4.30553
4.05899
4.42893
4.34331
4.42361
4.41186
4.39436
4.29295
3.49331
3.77845
4.38309
4.13928
4.44454
3.92960
4.12707
3.55329
4.02803
4.00774
4.36475
2.69699
3.80086
3.82142
4.03068
4.32348
4.25319
3.47931
3.69989
4.40078
3.58354
4.17948
4.41419
4.15620
3.41717
4.35590
3.90429
4.42455
3.96685
4.38482
4.37637
4.15540
3.83775
4.11835
4.35783
4.44079
4.30679
4.46363
2.29987
4.38476
4.29289
3.95325
4.17698
4.37536
3.00807
4.23402
4.18480
4.26002
2.89604
3.85223
4.08046
4.34462
4.38390
4.17838
2.74020
3.91485
4.47323
4.33322
1.93327
4.47591
4.02271
4.35685
4.44297
4.28682
4.16224
4.45882
4.20002
4.31785
4.44956
4.39952
4.25121
4.36892
4.47128
4.47582
3.64591
3.99896
4.34746
4.34184
4.33166
3.84369
4.11421
4.31154
4.00116
4.42324
4.27381
3.79666
4.44513
3.82048
3.84145
4.18688
4.40380
4.47264
4.14714
3.23501
4.41405
4.38713
3.72615
4.12961
4.45273
4.29346
4.24536
4.39412
4.13900
3.94771
4.36831
3.96918
4.46920
4.48156
3.66822
4.00489
4.45628
4.39653
4.21700
3.72614
4.31468
4.15528
3.14372
4.35052
4.40937
4.28660
4.35413
4.07532
4.42097
3.99031
4.22560
4.25275
4.18857
2.09462
4.15685
4.44761
4.01588
4.41423
3.68534
4.06563
4.34237
3.84669
2.28412
4.15313
4.36312
3.94000
4.32229
4.21908
4.09433
4.33394
4.15654
4.38771
4.35552
2.02103
4.07733
3.46882
3.59484
4.27637
4.40454
4.46624
3.87516
4.08251
4.33696
2.81897
3.15994
4.44818
4.20321
3.11030
4.41831
4.37369
3.96627
4.34755
3.14625
4.40501
4.11684
4.28451
4.30535
3.40124
2.09477
4.46558
4.37057
3.81766
3.96935
4.06811
4.09553
3.32650
3.60422
4.42081
4.33479
4.44106
4.14543
3.94657
3.92719
4.47851
3.79057
4.51514
2.70012
3.65046
4.37868
4.21516
3.99028
4.35620
4.31752
3.90997
4.37914
4.42471
4.25237
4.06522
4.24481
4.16377
3.70177
4.39114
4.13550
4.25580
4.25548
4.41674
4.07472
4.02643
3.97245
4.36173
4.30951
4.39189
4.16352
4.31501
2.64202
4.41663
4.22046
3.79678
4.20329
3.55351
4.21456
2.83922
4.21576
4.06784
3.93234
4.26192
4.49172
4.18871
3.23463
4.30429
3.84496
4.34347
4.41497
4.27338
3.08498
4.43515
4.47490
4.16256
3.98227
4.27861
4.45589
3.39989
3.75411
4.36225
4.13982
4.10741
3.97417
4.14845
4.09414
3.55444
4.13788
4.25343
4.08669
4.42211
4.20164
4.19104
4.43995
4.33993
4.39608
4.17840
4.02864
4.38990
4.42287
1.98617
4.34752
4.30982
4.41414
4.23273
4.44217
3.95493
4.28807
4.18823
2.33296
4.39777
4.01100
3.80235
4.45985
3.88803
4.38161
4.35247
4.16009
4.32787
4.28816
4.36246
4.17424
4.23456
4.36538
3.65354
4.15420
2.54971
4.06197
4.42993
3.77499
3.97926
4.31781
3.80711
3.91271
4.04874
3.72801
4.41000
3.89651
4.33130
3.04070
4.46045
4.37308
4.19571
4.20832
3.76513
4.22245
4.10961
4.45827
4.33822
4.01494
4.22580
3.30515
4.26375
4.10011
4.35072
4.16339
4.38244
3.77327
4.19722
4.41606
4.29062
4.40383
4.37930
4.04933
3.95979
4.33335
4.09081
3.79347
3.98536
4.01364
3.67779
4.06166
4.35058
4.19928
3.50372
4.42281
4.21788
3.00805
3.96879
4.41042
3.84338
4.07656
3.98180
4.40401
4.46458
4.27652
4.15080
4.07460
4.18390
3.99211
4.17229
4.45365
4.18722
4.26494
3.56856
4.00061
4.18092
4.33357
4.44444
4.41961
3.99678
2.72762
3.95877
3.83440
4.36891
4.14837
4.16858
4.45898
4.38943
4.22521
4.41806
4.49397
4.47126
4.24280
4.32224
4.03542
4.31733
4.44777
4.34819
4.05367
4.38481
4.08995
4.21607
4.28231
4.34203
4.41427
4.05689
1.77575
4.43203
4.21476
3.37949
3.10902
4.34600
4.12349
3.58668
4.44049
4.07535
4.39744
4.33809
4.21082
2.35220
4.37257
4.20197
4.17781
4.11845
4.46793
4.24609
4.42559
3.66524
4.45811
4.21487
4.16604
4.44504
4.12942
2.86686
4.36695
4.39453
4.31225
3.82547
4.33576
4.33224
3.81500
4.16447
4.35531
4.48652
3.69584
3.08103
4.34797
4.02030
4.48529
4.43720
4.43814
3.51686
4.34540
4.40062
4.31433
4.31009
4.38415
3.99080
4.08508
3.30096
4.40122
4.40920
4.02327
4.42939
4.35595
4.17233
4.03846
3.43060
4.40151
4.44761
4.42022
4.34306
4.46618
4.35676
2.47955
3.97705
3.52787
4.33429
3.61058
4.01508
3.74646
4.42105
4.37531
4.26025
4.19819
4.29667
4.44628
4.10320
4.44337
4.26694
4.33536
4.47388
4.38484
4.19744
4.25685
4.40761
4.48618
3.91517
3.95902
4.45610
4.24507
3.82636
4.06798
4.32069
4.40315
4.43945
4.43492
4.14115
3.93163
4.37668
3.70839
4.28363
4.20138
4.37292
4.32855
4.06889
4.34349
3.80827
4.50393
4.44003
3.95513
3.05025
3.91024
4.39648
4.35971
4.36379
3.61260
4.43933
4.32279
4.39484
3.63691
4.37172
4.39268
2.21067
4.41906
4.05070
4.43557
4.32847
3.67357
4.10680
4.08388
4.40369
4.08161
4.38654
4.17626
4.35497
4.42711
4.47053
4.00228
4.28572
4.42316
4.26447
4.12314
2.14860
4.14796
4.47785
3.54435
4.46023
3.98284
2.93040
4.25294
3.94954
4.08494
4.43027
3.85396
3.61675
3.13972
3.99425
4.37041
3.71589
4.34856
4.41488
4.37847
4.21587
2.40432
3.07376
3.50438
4.22844
4.11462
4.08899
4.32635
3.28617
4.16289
4.38309
4.29543
4.11233
4.48228
4.18400
4.35852
4.51123
4.38199
4.23734
4.31401
4.17864
4.25207
3.86431
4.03809
3.91002
4.45959
3.41473
4.40739
4.34983
4.27593
4.18737
4.43102
4.23560
4.10927
4.37153
4.32779
4.36391
4.32923
4.18005
4.21496
4.40878
3.77239
2.23316
3.87747
4.25735
4.18286
3.31767
4.34338
4.36208
3.86156
4.32658
3.37844
3.48574
4.28977
4.36536
4.23724
4.38484
3.38221
4.25064
4.12614
4.44494
4.39103
4.22269
4.23056
3.77029
4.37022
4.41650
4.35461
4.21033
4.04434
4.44395
3.80060
4.37799
4.06112
4.48393
4.34401
4.30798
2.35521
2.97233
4.47206
4.19936
4.32181
2.44065
4.35579
4.35287
4.30475
4.43465
4.48625
4.35207
3.98061
2.82866
4.45113
3.95243
4.33448
4.44985
4.05064
4.37833
4.41960
4.37647
4.08780
4.31992
4.16214
4.22476
4.22069
4.13042
4.22591
4.36418
3.49600
4.01719
3.25694
4.19772
4.36221
4.45712
4.41357
4.03184
4.10186
4.47401
2.83544
4.26253
4.08924
3.96654
3.40035
4.35566
4.46498
4.47882
4.27386
4.36020
4.41024
4.30889
4.01275
4.13551
4.42002
4.23565
4.29620
4.45692
3.64954
3.92108
4.21909
4.11779
4.24456
4.42118
4.38160
4.45135
3.97724
4.32751
4.34739
4.26801
2.55473
4.36451
4.01352
4.32421
4.44335
4.27832
4.07741
4.08909
3.89784
3.89443
4.13684
4.36211
4.43336
4.43317
4.44494
4.47779
3.97574
4.32041
4.41239
4.07565
3.99624
3.39128
4.45200
4.20642
3.94252
4.47167
3.76412
4.38251
4.09410
4.25307
4.30862
4.10135
3.94024
4.43183
4.39583
4.52091
4.26346
4.25822
4.42631
4.47197
4.24474
4.23301
3.34091
4.34688
4.37040
4.40334
4.21374
4.41567
4.51682
4.30386
4.40662
4.37769
4.39986
4.40388
3.00590
4.38732
2.06221
4.34591
3.53810
3.73760
2.87345
4.17451
4.41057
4.11306
4.37415
4.43989
4.28543
4.23708
4.41637
4.41621
4.40444
2.32057
4.37876
4.28299
4.36502
4.43553
4.47041
4.25695
4.33322
2.81926
4.14861
4.35112
4.48634
2.60153
3.27647
4.42971
4.15171
4.03691
2.77428
3.46848
4.12825
4.10207
4.10274
4.35513
4.09796
4.45427
3.64262
4.03021
4.36837
4.33453
4.41171
3.55551
1.98964
4.16312
4.14386
3.20680
4.25425
4.05177
3.45558
4.19967
3.96940
4.39007
4.40683
4.32104
4.00986
4.46355
3.07428
4.40937
4.47925
4.02980
4.34818
4.45882
4.43585
4.28932
4.35908
4.43604
4.38250
3.57689
4.37495
4.36432
4.37622
4.28678
3.51529
4.42735
4.23976
4.10403
3.14596
4.31954
3.73926
4.00154
4.41576
4.39730
4.44506
3.77123
4.19739
4.40759
4.47412
4.43049
4.29572
4.16725
3.84804
4.27641
3.94535
4.23910
4.41076
4.40084
4.26857
4.33366
4.38112
4.42379
4.23932
4.12435
3.89747
4.26847
3.43888
4.37720
4.31974
2.39665
3.98458
3.98943
4.40767
4.14027
2.43106
3.61003
4.29207
3.73251
4.19645
3.52866
2.82674
3.96987
4.23300
4.27884
4.39333
2.55261
4.18571
4.35003
4.38333
3.98536
4.39951
4.27042
4.27812
4.02903
3.99230
4.11782
4.13161
3.66560
3.33411
4.38325
3.49543
3.72325
3.21710
4.49275
4.33935
2.68977
4.36316
4.44579
3.99390
3.58064
3.61471
4.08238
4.11618
3.66570
4.28135
4.12664
4.49518
4.42642
4.28967
4.42959
4.41050
4.42693
1.64024
4.29918
4.44650
4.12526
4.45525
4.02006
4.39611
4.42824
4.18736
3.02231
4.14323
4.07738
3.92253
4.39960
4.44671
4.32507
3.55734
3.90715
4.42598
3.62736
4.22719
4.43212
3.88519
4.25733
4.40858
3.78038
4.35228
4.33329
4.46587
4.35330
3.15176
4.38287
4.46232
4.23508
4.35354
4.12286
2.19052
3.12596
4.33576
4.39927
4.24528
4.37692
4.48731
4.33787
3.30719
3.95576
4.35967
4.38616
4.48318
4.34207
4.38913
4.20549
4.46017
3.18190
3.53697
4.31480
3.28378
4.17470
4.28603
4.45295
4.31855
3.72496
4.32844
4.42274
4.36942
4.31192
4.33773
4.25735
4.28361
4.08198
4.40057
4.41749
4.33635
4.25432
4.29080
4.45263
4.30811
4.40518
3.99074
3.86003
4.38539
4.40911
4.44172
4.42733
3.14257
4.32104
4.40300
4.48211
4.38699
4.48623
4.33992
4.41378
4.22252
4.40077
2.42819
4.44905
4.45100
4.11245
3.96983
4.38296
3.78864
1.92086
4.34831
4.40775
3.87161
3.70174
4.42497
3.64166
4.01195
4.34575
4.03672
4.17014
4.42407
2.36699
3.43145
4.22232
4.26145
4.49174
4.25920
3.69843
4.18015
4.23529
4.31336
4.26738
4.41461
3.59737
4.41649
4.47454
4.44972
4.29196
4.42310
3.83991
4.38621
4.20465
4.30732
4.41197
4.39843
4.36204
4.28666
4.37856
4.22839
3.45498
4.38616
4.45484
4.34210
4.11744
4.31661
4.31454
4.41117
4.40684
1.71919
4.26048
4.39103
3.91987
4.18243
4.47639
4.35172
4.37360
4.46462
4.34915
4.36510
4.25056
4.32913
4.16019
3.55462
4.40579
4.20948
3.84744
3.75939
4.41502
4.40436
3.79997
4.19628
3.73524
4.48232
3.85871
4.38352
4.37923
4.04500
3.54595
4.32524
3.61198
2.54772
4.26231
4.35268
4.28618
4.05050
4.40347
4.34593
3.96039
4.43246
3.76412
4.41623
1.71160
4.42475
3.72175
4.43056
4.05317
3.86966
4.36600
4.22052
4.39938
4.20632
3.84517
4.33354
4.43219
4.44410
3.65244
4.32350
2.54208
4.01984
4.14629
4.11961
3.81749
4.00665
3.09925
4.12680
4.18577
3.35461
4.21519
4.37048
4.41105
4.45286
3.30188
2.66387
4.30003
4.09998
2.50672
4.35367
4.27181
4.02794
4.36992
4.30946
4.26299
4.34868
4.42353
4.42485
4.51428
4.08613
3.98245
4.36704
4.48610
4.31605
4.35528
3.82016
4.30244
4.26452
4.35348
4.29543
4.46029
2.09957
4.24885
4.19441
4.19327
3.64945
4.46894
3.78687
4.47364
4.33754
4.12424
4.21356
4.44619
3.09811
4.10287
3.89888
3.89845
4.32602
4.34933
4.42125
4.08679
4.30624
4.10010
4.42160
3.07587
4.23471
4.07495
4.09017
4.40241
1.76287
4.19724
4.20211
4.28422
4.15226
4.35152
4.33433
4.07736
4.47184
3.85299
4.38227
3.37434
4.45496
4.00877
4.03418
4.25999
3.89018
3.81817
3.99953
4.38004
4.27061
2.98870
4.17447
4.36024
4.09064
4.30717
4.50142
4.15223
4.13197
4.44140
4.29250
4.38322
3.88896
3.85065
3.64772
4.38515
4.00977
4.13518
3.98448
4.17262
3.94466
