2.64441
2.80740
3.65170
3.87619
0.56851
3.62462
3.66825
3.73213
1.70241
2.99354
4.01618
3.86208
2.27251
1.06229
3.07810
3.39022
2.29798
3.77870
0.98652
1.92982
3.51292
3.21024
3.50196
3.79560
3.23174
2.31501
1.23674
2.02290
3.77682
3.71800
0.91947
2.30987
3.45308
3.59161
3.45751
3.58521
3.53377
3.96331
3.98426
2.40722
3.44361
2.36949
2.08980
1.96326
1.77103
1.86339
3.59529
2.83063
3.85977
4.00598
4.13539
3.81983
0.32844
3.94642
2.59005
3.83742
2.40049
1.23082
3.68467
2.64974
3.71154
3.30273
3.49913
2.97092
3.45126
2.95838
3.51060
3.37402
3.55948
2.29747
3.92231
4.03893
3.92487
3.47798
3.02424
3.45020
0.52524
3.81482
3.49050
3.04222
1.51241
3.59680
1.76855
3.29797
3.70181
2.91057
3.15097
3.22604
3.73578
2.50746
3.12438
2.44650
3.92149
3.37858
2.76550
3.73964
3.83516
4.00152
3.33913
3.89696
3.71108
2.25763
3.68872
3.03086
3.65651
0.27823
0.26294
1.29387
3.86676
3.63930
2.19225
2.49512
3.84692
2.69519
3.03338
1.74217
2.53302
3.44547
3.16280
0.52364
3.34755
3.93136
3.26940
3.35429
1.84845
2.40763
3.79663
3.68285
3.02001
3.71944
2.86500
1.98748
2.94113
3.38433
3.74763
2.78927
2.73622
3.82594
1.79225
0.76577
3.40821
3.12674
2.35737
3.63913
3.68341
1.76227
3.56133
0.10092
3.40583
3.58025
3.32366
3.88008
3.36993
3.17115
3.80436
3.83336
2.61079
0.23892
3.57801
2.79810
3.91709
3.00010
3.17634
3.24187
3.97387
2.69009
2.95698
3.95643
3.61429
3.11178
3.13875
3.89942
3.79928
4.02792
2.05667
3.21130
3.64993
2.11474
2.98992
3.24748
1.99138
3.75334
3.05048
3.43764
3.97841
3.84203
4.07830
2.40443
3.46684
2.03205
2.86121
3.23982
3.68075
1.96760
0.64377
2.01225
3.01723
3.38217
3.11319
2.58298
2.59010
3.45645
1.27328
0.69033
3.86612
2.89649
3.73610
2.15753
3.68560
4.10772
2.69153
3.63170
3.79157
3.38216
3.55160
3.34588
3.22971
2.25550
3.67954
3.14136
0.83981
3.46228
3.12600
4.00548
3.98383
3.43579
1.13195
0.71978
3.91042
2.55493
3.91112
1.98584
2.78313
2.06101
4.03294
3.22804
4.05848
3.61800
0.23067
3.07974
0.73813
1.45027
3.79602
3.88889
3.55097
2.79774
3.44530
4.18387
3.70666
2.91447
3.70973
3.18649
3.74955
2.46478
3.47173
3.69662
3.55521
3.99407
3.58393
2.62244
3.10315
1.91641
3.34371
3.56076
3.82840
4.01261
3.27437
3.64590
3.41976
3.11505
3.45948
3.88356
2.96571
3.50567
3.55633
3.31719
2.40113
3.77320
1.98489
2.07164
3.19171
1.82605
3.97869
3.50735
2.12572
3.76235
3.06964
3.88021
3.29878
3.54045
3.25610
3.43296
2.74081
3.16634
3.19056
3.13599
3.39396
3.55091
3.14333
4.00938
3.34273
3.59209
2.87910
3.73244
2.94337
3.56064
0.62352
3.72277
3.79564
2.75075
3.69912
3.12706
1.74363
3.31583
3.31120
4.03398
3.97790
3.74905
2.10715
2.57662
2.22572
3.71067
3.91158
1.41478
3.11776
3.69293
3.68344
3.29585
2.39335
4.01259
1.73384
3.79027
2.42856
3.39172
3.90944
0.82780
1.96216
3.78845
2.59468
3.23511
3.29341
3.85377
3.01285
2.47057
2.90792
3.55010
3.11302
3.66542
3.77309
3.83016
3.43971
3.83195
3.71032
3.15015
2.73892
3.86869
3.27822
3.77788
3.79446
3.70032
3.37860
0.91605
2.82515
0.86565
3.10492
2.37933
3.69592
3.54589
3.85627
3.77023
3.21289
0.46086
4.02449
3.16647
2.50854
3.75080
2.45869
0.85436
0.33578
3.63173
3.84014
3.19255
1.49326
3.73651
1.67701
3.67269
3.58351
2.53529
3.04394
3.31892
3.65321
3.49849
3.83695
2.06986
3.94868
3.41944
3.96216
3.40774
2.20746
2.81454
4.00576
3.76967
3.88389
3.91671
3.91878
3.63079
1.65161
2.69742
3.99208
3.61023
3.77608
3.83419
2.02175
4.16212
4.00402
3.81773
3.97932
3.16678
2.93760
3.26726
3.91977
3.74029
3.66450
3.45502
2.27815
1.83932
3.70264
3.47199
3.30279
3.66715
3.34188
3.21472
1.56813
3.50700
3.94522
3.59881
3.35315
2.76397
3.48495
3.89111
3.00172
3.11630
3.66924
3.09972
3.61027
2.30612
3.48675
3.83167
3.25251
2.93967
2.79241
3.42776
2.43597
2.80827
3.93693
3.05910
3.62255
3.60417
3.27595
3.54507
3.00686
1.18345
2.35108
3.85510
2.22411
3.46093
2.76576
2.17923
2.32927
3.31322
3.33630
3.67331
3.53063
3.41012
3.57781
2.76817
3.37937
3.32184
3.92685
2.80236
2.53669
3.71572
3.71465
3.72478
3.33754
3.02092
3.61509
2.85798
3.93941
3.35337
3.53523
1.35080
3.54070
3.74322
3.43348
3.41820
3.79874
3.54819
3.44141
1.42999
3.64074
3.40551
3.86153
3.31151
3.57119
1.85442
3.23013
3.76665
1.11023
2.92698
3.20676
3.68826
3.50839
3.46174
1.63619
0.90803
2.19445
3.59212
2.03990
2.56391
3.32976
4.17444
4.13174
3.78390
1.33791
3.74176
1.58162
3.16138
3.08943
3.23835
4.24420
2.94846
1.12571
0.90153
3.60465
3.08631
2.94180
3.70733
3.43589
3.78089
3.76924
3.55622
2.99231
3.09880
3.41136
3.05702
2.59663
3.58947
2.19953
2.21203
2.40547
3.84925
1.39839
3.82683
2.94723
3.24634
2.53264
2.80910
3.40302
0.84864
3.85869
3.66227
2.73753
3.38192
3.86802
3.31848
2.31241
2.74186
3.34541
3.89911
3.63217
2.82566
3.99786
3.29828
3.41097
3.36806
3.73678
3.01586
4.11472
2.44521
3.71228
3.11113
1.91829
2.88555
2.78215
2.66971
3.20892
3.34860
3.66534
3.86847
3.62574
2.53014
3.18506
1.66789
3.45430
2.97442
3.96974
2.13165
3.37353
3.76263
4.08065
1.61968
2.53327
3.83537
3.86517
3.35732
3.70540
3.84915
3.52221
2.50120
3.08049
2.81360
2.78975
3.29321
3.01881
2.53316
3.77244
3.47530
1.19095
3.05250
3.36160
2.19547
2.15238
3.79426
3.45449
3.83093
2.60697
4.11020
3.15129
0.58804
4.01246
3.57093
3.36139
3.78945
1.96819
2.66678
2.75679
3.80085
3.52975
3.45674
3.95288
3.56992
3.73847
2.50740
3.22266
2.98735
4.12180
0.17089
2.97514
2.68803
3.66488
3.98829
2.57083
3.55730
3.79965
2.45575
3.62994
3.87927
3.83745
3.99374
3.30717
4.01122
2.14577
3.98681
2.18034
0.00431
2.83135
3.68590
3.39328
3.60552
3.41270
2.36634
2.21795
3.61818
4.11199
3.10262
3.74460
3.17046
4.01389
2.51613
3.68007
3.68703
3.52650
2.10271
2.91133
3.82445
3.30995
3.61914
3.55600
3.61290
3.48241
3.63724
2.78288
2.05422
3.73928
3.82206
3.63929
2.53489
2.43923
3.43704
3.10114
3.42764
3.68633
3.60455
3.12536
3.01517
3.05837
3.49427
3.79471
3.22009
3.75018
2.68670
3.65482
3.73649
0.80628
2.65569
3.53675
3.88133
2.95981
2.82386
4.00943
1.95628
0.82166
3.84653
3.88220
2.35353
2.53116
3.86703
1.65645
3.37764
2.63643
3.66018
3.79731
3.35309
0.22275
3.20121
2.78322
3.62437
2.73611
3.77617
3.26933
3.69524
3.60522
3.90113
3.10103
2.89107
3.97962
2.95818
3.77478
0.37710
3.34836
3.64521
3.14098
3.38757
3.67083
1.89093
3.67923
3.81145
3.61538
3.33767
3.83997
2.77954
3.28028
1.45453
3.77526
3.40782
2.82111
3.96026
1.28156
3.64575
2.11863
2.87754
1.79303
3.63009
3.36937
3.89087
1.81566
3.09526
3.62544
3.60736
1.83963
3.90153
4.03092
3.66156
2.37018
1.35645
1.72426
3.55421
1.03380
4.00714
1.85171
3.73196
3.40164
3.25837
3.79930
3.68752
3.05895
3.28246
2.72651
3.96449
3.22514
0.83513
3.23757
3.80992
3.30898
2.23730
3.25189
1.20595
3.94567
3.31429
3.21018
4.05201
3.75958
1.79516
3.32036
2.84714
2.80470
2.53988
3.99216
2.19498
1.57208
3.71210
3.30305
3.64825
3.19871
3.37628
1.61350
4.07774
3.68650
3.93439
3.22196
1.66007
3.72387
3.26928
3.73481
2.01361
3.14807
0.82449
3.84946
1.03427
3.60839
1.70675
3.44626
3.82702
3.75723
3.53040
3.98397
3.85352
2.47292
3.91079
3.31320
2.71086
3.80033
1.97056
3.76065
3.47476
3.58254
3.80542
3.90873
3.77874
3.85287
2.62568
1.90792
3.46759
2.54504
2.86704
3.67262
3.60849
1.50068
3.23701
3.95749
3.39832
3.51647
0.32843
2.83335
3.21539
3.88800
3.95952
2.57585
3.32474
4.15201
3.47536
1.59809
3.29488
3.15021
3.11298
3.73019
3.20052
3.48733
1.57962
2.81251
1.47842
3.60149
3.68952
1.49878
2.99920
1.67787
4.02525
3.14321
3.12742
2.95089
3.83849
3.83153
2.98010
3.11257
2.27120
3.55628
3.59527
2.28383
3.48402
3.32976
2.79632
3.15307
1.84281
2.06072
3.97562
3.80681
4.04601
3.72505
3.48731
4.00592
3.56886
3.51053
3.20753
2.83230
3.63632
3.57117
3.45618
3.76166
3.57261
3.25753
1.09336
3.69219
2.64861
3.64491
0.16536
3.99201
3.46910
2.29621
3.27568
1.42900
0.87298
2.10216
2.11052
2.06753
0.87433
2.82694
3.73086
3.58605
3.26397
2.93714
3.67347
2.06335
3.59360
3.30869
3.30000
2.24244
3.29451
1.54594
3.23240
3.70887
2.29615
3.13222
3.58778
3.14608
3.22903
1.79034
3.10223
3.17436
3.57080
0.45566
3.38555
3.60244
2.85039
3.29179
2.44069
4.12934
2.37212
2.13093
4.13836
3.54365
2.54308
3.29095
3.39908
3.41136
3.39042
3.33477
3.86719
4.17666
3.69540
2.48403
2.96319
3.46897
3.17315
3.69461
3.96253
3.66577
3.31894
1.77888
3.94230
3.92873
1.10558
2.69860
2.94685
3.71314
4.14900
2.83063
3.83622
1.21833
3.66417
3.60418
3.84623
3.71941
3.83448
3.61714
2.56675
3.51057
4.02578
3.16496
2.67483
3.76550
1.76311
3.80682
3.42212
1.51096
3.20479
2.73410
0.77119
3.91960
2.49969
3.26326
3.33408
2.78511
3.43765
3.63267
3.27161
2.62084
2.84048
3.18324
2.11851
3.75700
3.79079
2.07602
3.27933
3.01385
2.78612
3.68910
3.52963
3.55526
2.50447
3.73480
3.54589
3.07940
2.51922
2.62541
3.69157
2.06341
3.27251
3.65417
3.89740
3.91075
3.77311
3.36328
2.87541
2.05905
3.58916
2.08735
3.68106
3.07637
2.99151
2.77961
3.53624
3.70121
2.61662
3.69363
1.94852
1.63997
3.17845
2.32690
3.98746
3.12133
3.71419
3.50514
2.56258
3.59164
3.66825
0.67083
3.34444
3.30231
2.52477
3.60586
3.82519
3.97766
2.74523
3.65214
2.44015
2.71533
1.39518
3.74917
2.97694
2.94229
3.67572
4.12846
3.50592
0.05677
3.76177
2.48491
1.21615
3.65976
1.89909
3.51893
3.06421
3.54690
2.28429
3.59561
2.03020
2.98093
3.01946
3.97460
3.43627
3.51320
3.27703
3.48770
3.93677
3.23133
3.83572
3.79612
3.71781
2.90997
3.13413
2.73091
3.43407
3.75810
3.67119
3.14448
3.27979
1.62873
2.95763
3.85838
3.57138
3.71386
2.79013
2.10475
3.74263
1.71624
3.26449
3.41186
3.41015
3.56003
3.35822
3.59714
3.37521
3.43942
2.27357
3.63154
1.97768
3.99275
1.55261
1.93196
2.82552
3.99327
2.79986
3.80187
2.74679
3.15721
3.61196
3.23321
3.10369
3.85072
3.50388
3.82160
3.35221
3.50761
2.93976
3.17286
3.96080
3.80955
3.38637
0.40937
3.52322
2.74748
2.41249
3.64571
3.44621
3.88679
3.06983
3.45204
3.99243
3.00638
3.22346
3.73449
3.45972
3.49923
1.82992
3.14851
3.42310
3.20792
3.32614
1.88864
2.99396
3.36218
3.83930
3.86132
3.52136
2.67142
2.18075
2.41841
3.81150
4.07572
2.92479
3.42178
3.67130
3.54077
1.66968
3.10384
3.52476
4.10404
3.61256
3.61711
3.74686
3.52341
1.90192
2.51214
1.16898
2.96729
1.11781
3.42017
3.31779
2.24048
2.23929
3.67072
3.66168
2.30356
3.30625
2.56806
2.20947
1.86034
2.48370
3.19396
3.91156
3.44174
3.93041
3.06625
3.81143
2.57826
2.82881
2.53009
3.15926
2.75543
2.99002
3.65982
3.28769
3.60364
3.87897
3.32007
2.69229
3.38642
3.64447
2.58810
3.88832
3.25142
3.07080
3.32370
3.82315
0.16150
1.35627
3.55015
3.94916
2.78756
1.53260
3.25159
2.87108
3.30628
4.03432
3.43712
3.61004
3.63784
3.67951
3.69150
2.52570
3.86832
3.90812
3.72816
3.86698
3.21368
1.82847
2.27045
4.00158
3.22780
3.22129
3.58746
2.69359
3.47304
2.60501
3.46958
2.91499
3.21278
3.88584
3.42999
3.57650
3.99955
3.57526
3.64746
3.01508
3.80413
4.01815
2.08410
3.24079
3.08625
2.33182
3.40988
2.98519
3.53259
3.41199
3.22863
3.79494
3.68728
1.28157
1.56475
3.88784
3.27942
2.82669
2.89842
2.40597
1.32441
3.10182
2.98802
2.70654
3.98729
3.33619
3.15075
3.09266
3.62438
2.75104
4.05423
2.06108
3.99768
2.51332
3.17778
4.01208
3.63446
0.53695
2.33462
3.80098
1.25790
3.38465
3.81109
3.14647
3.46467
3.19536
2.86539
3.71872
3.84638
3.93885
1.25701
1.27508
3.23234
2.37947
3.64304
3.63028
1.72237
2.47965
0.12920
2.40239
0.98168
3.09678
3.88709
3.82266
2.72636
2.30109
3.58498
3.81662
3.44312
1.01615
3.21406
4.05800
3.32542
3.74292
3.73981
3.68781
2.05922
3.34349
3.73796
3.79366
3.24241
3.45004
3.91470
3.08720
3.57112
2.46943
3.59524
3.69661
2.79273
1.09029
3.94222
3.22243
3.31124
2.80423
2.89895
3.83907
3.58208
2.00258
3.89716
3.18574
2.80013
3.41541
3.57726
3.28251
3.97691
3.27120
3.70135
3.35936
3.94491
3.52880
0.93316
0.77148
2.09418
1.52990
3.79595
3.10213
3.43673
3.58936
3.44368
3.84583
3.44986
3.39258
3.50564
3.34444
1.99857
3.52862
3.79978
3.50848
3.43043
2.75728
0.98383
1.85626
3.15216
3.06941
1.40987
3.54623
3.92834
3.09155
3.40956
3.70255
3.47675
2.76213
3.08212
2.98832
3.67107
3.73428
3.55892
3.18159
3.91100
3.99196
3.55535
3.23371
1.73903
1.15671
3.11976
3.06071
3.84046
2.97616
3.65109
3.54941
2.58340
2.91417
2.86404
3.54993
3.47494
1.08626
0.72479
3.22580
2.40444
2.88513
3.97338
2.72596
3.81468
2.46209
2.52767
3.66902
3.17409
3.51438
4.06650
3.52261
4.01352
1.59666
2.75085
2.76715
3.01557
3.14272
3.90740
3.53033
3.66119
3.59305
2.84388
1.52970
3.51036
2.62752
3.86559
3.97366
3.40264
2.88250
3.55706
3.94948
3.69056
3.56161
3.18399
2.77527
1.51397
3.59193
3.45433
3.81575
3.47366
3.23188
1.61030
3.52456
3.01423
3.65089
3.25166
3.40176
3.50621
3.83710
3.55426
4.04255
3.89986
0.62301
3.59989
3.97091
1.03871
3.66149
3.94635
3.65069
4.15560
1.71424
3.14924
2.56125
3.14910
3.04798
3.86637
2.15447
2.78712
3.40109
3.58119
2.93135
3.26267
3.44758
2.09659
3.70060
3.08518
3.63850
3.61524
3.21511
2.44279
3.75647
1.78240
3.44055
3.55226
3.86438
3.44703
3.62823
2.51466
3.60466
2.67852
2.51773
3.36535
3.50867
2.08716
3.78124
2.17930
3.36236
3.75494
3.59129
3.91627
3.94734
2.16924
3.55429
3.06757
2.57154
1.61480
2.59626
2.55704
3.62494
1.50451
3.56373
3.77924
3.57661
3.24839
3.67108
3.79108
1.84904
3.58122
3.87666
1.59224
1.31782
3.12150
1.50316
3.14370
3.59044
3.05026
1.94385
2.14174
3.22641
3.87174
3.70738
3.10633
3.33305
0.12326
3.41551
2.68876
3.32656
3.92663
3.80997
2.92550
3.91289
3.54159
4.10390
3.35975
2.61806
3.36055
3.79932
1.83371
3.39615
3.65113
3.76855
3.94028
2.14868
3.24649
2.32975
1.86080
4.08172
2.67673
2.89857
3.69547
2.87537
3.57379
3.94797
3.31028
1.40802
2.86814
3.32724
2.69714
1.17626
3.32396
3.57062
3.09217
3.71274
3.27942
2.99914
3.48127
3.62290
2.57225
3.69445
0.40861
3.14611
3.91829
3.72604
3.47837
2.80104
1.21479
1.25107
2.69210
3.78898
2.19311
3.51092
3.57839
3.11428
3.12991
1.24088
3.55246
3.76409
3.71424
2.93856
3.85565
4.11511
2.19042
1.33311
4.03652
2.06756
3.41274
3.50992
3.56335
2.34253
3.51588
3.13812
2.33824
4.07033
3.70851
3.80639
3.38951
4.05377
2.46606
2.63454
3.53267
2.22033
4.12274
1.24269
3.91453
3.34727
3.57660
2.84801
3.35319
2.48485
3.45932
3.81471
3.72034
3.95934
1.45500
3.40276
3.02342
3.61798
4.00986
3.47099
3.02834
1.19834
1.78777
3.66737
1.84709
3.80154
2.46235
2.09979
3.43520
3.81082
1.64494
3.67314
3.01959
3.77617
3.48920
3.68625
3.11290
3.84845
3.35276
3.78469
3.61599
3.12546
2.67730
3.35730
2.43791
3.56194
0.98316
3.15323
3.34757
2.81242
1.12466
1.61365
2.60553
2.74341
3.62088
3.72752
2.31284
1.48627
2.11744
2.90580
3.61858
3.72706
3.47360
3.90635
3.20204
4.04130
3.52444
3.56427
3.52227
3.69249
3.93716
2.05524
3.51375
3.16073
2.35013
4.02425
2.29703
2.57210
2.58356
2.91410
3.18716
3.03080
3.36202
3.35162
1.93684
3.59727
3.88001
3.68877
3.95342
0.78175
1.72905
3.87651
3.40278
3.39776
0.78063
3.63253
3.61036
2.60225
3.85629
2.58044
3.05326
3.87281
3.69577
3.89052
3.28168
3.22949
3.17941
3.94583
3.70747
4.05728
1.24716
2.21154
3.94059
3.93336
3.73988
2.92480
2.65013
3.98076
3.63670
3.82874
3.43961
2.24110
3.92681
3.93690
3.04756
3.45169
3.20893
2.44219
3.46874
3.80083
2.35975
1.83141
3.87899
2.20738
3.87748
3.03632
2.48294
3.65736
2.13507
2.72370
2.36983
2.88503
3.70552
2.29929
3.25984
0.84882
3.84440
3.41360
2.32339
3.30480
2.53887
3.74539
1.95511
3.46712
1.70921
3.86479
3.84929
2.85266
3.83202
3.08814
2.39644
3.13410
2.96510
3.23010
1.27881
3.84681
3.16417
2.22087
1.43949
3.91375
2.55846
1.63666
3.49399
3.82251
3.29932
3.08919
3.44496
1.70697
1.60336
1.74616
3.37015
2.78668
2.46653
3.83518
2.42086
2.21926
3.29826
1.55251
3.52749
3.43953
3.80468
3.72896
2.84024
2.42874
2.89932
3.78984
3.56374
3.10319
0.16840
2.25731
2.50051
3.35343
3.72008
2.52489
3.20010
3.29547
3.64410
3.66739
3.47495
3.63383
4.07442
2.33182
2.83785
2.54667
3.73693
3.83869
2.75242
0.82782
2.90253
2.66537
3.76674
3.87741
3.23099
2.51515
3.30830
3.67618
1.90679
4.05519
3.73924
3.28467
3.69830
3.64741
3.26300
0.70474
3.24935
3.20784
3.43501
2.43332
2.93032
2.57667
2.42566
3.16882
3.60321
1.98444
3.83170
3.61665
3.61279
3.04367
3.27416
3.58403
3.54203
1.28040
1.43021
3.62504
3.70778
1.50533
3.32169
3.34651
2.69599
3.84673
3.70088
2.79988
3.59347
2.75593
3.27930
3.68322
3.58523
1.43232
3.78810
3.75334
2.36684
0.59205
3.85340
3.83605
0.45932
2.25797
2.23097
3.39772
2.56685
2.89399
3.30209
3.78322
1.27245
2.10582
3.39418
3.96766
3.43734
3.87662
3.73214
3.67927
1.05782
2.87769
3.71876
2.97996
2.66578
3.60887
1.99520
3.93525
3.52145
3.77895
2.99859
3.43967
3.25204
3.66120
3.91630
2.95612
2.79775
3.21116
1.70221
2.69958
2.66542
3.82365
1.57730
3.69058
2.34817
3.02406
2.35677
3.76972
3.17014
2.20950
3.63506
1.93654
3.42117
3.29212
3.11309
0.32695
2.12763
3.50251
3.55155
3.52422
3.75368
1.84459
3.39060
3.56389
3.75082
3.86919
3.83057
3.70797
2.46134
2.95561
2.30197
3.53270
3.79295
3.74948
3.68186
1.23169
3.53635
2.86207
2.75381
3.79076
3.38508
3.32998
2.90500
3.72869
2.84949
3.13906
3.56399
4.06319
4.03031
3.70069
3.13965
1.26766
3.12744
0.68787
2.66285
3.16189
0.63485
3.57809
1.37104
3.54282
2.87707
4.00184
3.83437
3.16486
3.13100
3.56182
3.43037
3.35429
3.77415
3.76523
3.28597
3.18149
3.20942
3.56067
2.29910
2.35222
3.09513
3.90208
3.85852
2.26947
3.72119
1.69051
3.34572
2.40572
0.68981
1.94944
3.43981
3.12867
3.71660
1.57452
3.75781
3.40137
3.79403
3.58845
3.05793
3.38840
2.80319
2.70245
3.70941
3.65290
3.51954
3.71044
3.50414
3.22189
3.70847
3.79553
1.28487
4.19294
3.44095
2.24782
3.80245
3.68815
3.25181
1.15000
3.02054
3.40748
3.61000
3.88101
3.33707
2.46809
3.88951
3.53887
2.46323
3.54198
3.48273
3.79107
3.72675
3.42737
3.50498
3.81153
2.71057
2.39555
2.32661
1.16572
3.33024
1.41379
2.08960
3.49471
2.67229
3.62930
3.39187
3.46525
3.32256
3.82423
3.12753
3.67135
3.75542
1.70353
2.54210
3.77996
3.80048
2.17015
2.05308
3.68472
4.01300
3.59832
3.04698
2.25464
2.87978
0.44766
3.84992
2.10832
2.74596
2.95103
3.42791
3.92211
3.78036
3.13341
3.87738
3.23258
3.64553
3.46559
2.64544
3.13960
2.42064
3.45637
2.92043
3.51019
4.06785
2.65739
3.28878
2.27706
3.51151
3.59344
3.65024
3.70425
3.46079
2.84643
3.74821
3.06665
3.70755
1.80133
3.62288
2.39624
3.26736
3.56873
3.57823
3.96902
3.48591
3.65393
1.68050
2.97097
3.05295
3.29836
4.17876
3.27247
3.71569
3.71078
3.70466
3.47101
3.08113
2.74692
2.33027
3.47231
3.35388
4.07807
3.50015
2.79950
3.63884
3.71676
3.24908
2.59175
3.46593
3.19691
3.10556
3.64519
3.87393
1.14745
3.86783
3.23373
3.76446
3.65567
2.29979
0.37554
1.49623
3.52731
2.90317
1.99476
2.26552
3.82206
3.63121
3.34669
2.39975
2.94484
3.76927
0.52825
2.92845
3.34469
3.39793
2.30794
2.41665
2.95283
2.71416
2.37300
3.32708
3.06091
3.64009
3.82250
2.77083
3.50649
2.32937
3.03339
3.15499
3.43609
3.30046
3.44032
3.91419
2.95921
1.97061
2.16761
2.99060
3.98096
1.79129
4.05088
3.46889
1.88848
3.66747
3.55931
3.53887
4.08953
3.43834
2.04311
2.79457
3.79339
1.46586
2.97240
3.53310
3.43615
3.93740
3.47116
2.83663
1.91110
1.39434
2.56309
3.81935
2.67987
3.88087
3.60146
3.77617
2.97222
3.70857
3.80362
1.90679
4.12341
3.51928
0.50140
3.87783
3.92467
3.74058
3.31276
3.88381
1.79299
1.85061
3.50354
3.58469
3.60898
4.06863
4.07024
2.63413
3.60155
1.85879
1.35105
3.51020
1.90461
1.41613
3.39798
1.72694
3.17807
3.85396
3.84584
3.16689
3.67960
3.76125
0.70114
3.93715
3.69028
3.03560
4.06683
3.37454
3.24951
3.69101
2.06570
3.66453
4.13231
2.78871
3.83537
2.24059
3.28473
0.99409
3.80274
3.88687
1.98073
1.20845
1.77536
3.40568
3.56594
3.86842
3.58518
3.74252
2.67612
1.87629
3.68721
2.56686
3.62116
3.44661
2.94170
2.82308
3.68642
3.61376
2.57477
2.94559
1.14180
3.23853
1.10497
3.01976
3.25937
1.48439
3.35427
1.95051
3.83635
2.03707
1.97245
3.66047
2.97514
2.95308
3.71764
3.22479
3.03024
3.95242
3.33429
3.99594
3.01697
1.14102
3.52371
3.05606
2.69983
2.95662
1.40029
2.48649
3.64808
3.52634
3.86420
3.12511
3.75519
2.44375
1.38910
1.94110
3.29708
1.30665
2.45333
1.70228
3.73829
2.18459
3.84776
3.59057
3.62285
2.97225
1.17858
3.40681
3.84688
2.57628
2.83123
3.69236
3.42976
1.41361
4.07312
3.82286
3.29768
0.49409
3.51906
1.16937
4.12281
3.33933
2.68020
3.61688
2.48561
3.34130
1.95811
3.86634
3.34812
1.46376
1.99885
3.05999
2.89930
0.66072
2.23949
3.28404
3.76979
2.80867
3.92267
2.85162
1.08186
3.45387
3.85011
4.10049
3.68157
1.36460
1.41076
1.74944
3.47678
4.00142
1.89919
3.61032
3.64781
3.42444
2.48725
3.41107
3.03992
2.16151
3.71250
3.00866
4.18891
3.61721
2.79423
4.03680
3.23169
1.61311
4.01186
3.77098
4.01518
3.51631
3.49507
3.64933
2.89642
3.34961
2.97533
0.51246
3.47601
3.52634
1.84547
3.82436
3.58219
2.53112
2.43603
3.20292
3.62977
3.95660
3.98727
1.99288
2.68357
3.60940
3.70707
1.60968
1.64602
3.23661
3.94221
2.94894
3.31740
1.31030
2.85146
3.15983
3.98294
3.28514
3.79823
2.52786
3.76203
4.03632
4.03446
3.79449
4.07018
2.65615
1.62809
3.20213
3.42525
2.27846
3.60324
3.83348
3.29555
1.65103
3.28568
2.52617
1.79061
3.51205
2.41083
3.38206
3.22367
1.61164
0.29680
3.88547
3.01107
3.29162
3.74942
3.60278
0.41198
3.46926
2.82209
3.37047
2.83400
2.54349
1.73803
3.44557
3.54893
3.60597
3.68020
2.78917
2.47628
2.88722
3.72802
2.16441
3.65064
2.21360
3.09118
3.60651
2.61335
2.98647
3.32219
3.68609
3.79485
2.54945
2.56695
2.77370
4.07574
1.79210
1.52255
1.71739
2.15158
3.48020
3.69119
3.69384
3.19500
2.88732
4.07565
3.66714
3.37488
3.50297
3.85245
3.06218
3.43238
3.79845
3.18353
1.63877
3.48954
1.54134
3.67713
3.23837
3.94570
3.94640
3.59634
3.20119
3.02875
3.61357
3.53693
2.59194
2.81452
3.48908
3.59985
3.90445
3.06170
3.99164
2.13352
2.92631
3.46642
3.87996
3.71169
3.35099
3.80764
3.60309
3.69141
3.62014
3.04452
3.80484
3.74147
3.55980
3.39918
2.58964
2.87790
2.10530
2.70008
4.07039
2.64768
3.94735
2.28913
3.64466
3.75363
3.49868
3.16804
3.78799
1.97138
3.58549
3.63359
3.15827
2.84995
3.15448
2.67700
3.64138
3.42759
1.61764
1.93016
0.94722
1.38804
3.69859
3.38332
3.96895
3.93991
3.60757
3.52505
2.40900
3.78163
3.61711
1.39064
2.95628
3.29635
3.37454
3.27095
3.45936
3.59019
2.24898
3.75299
3.54668
3.46754
3.01324
3.62250
2.67445
3.68168
3.28543
3.42187
3.86520
2.71303
4.02026
3.83871
2.80258
3.52758
0.83476
3.85604
1.64423
3.92491
3.14216
3.26351
3.36056
3.52457
3.24931
2.09769
1.25566
3.74088
1.96724
3.06856
2.19376
3.65561
2.56317
3.39889
3.85925
3.57071
3.41282
3.93529
3.61813
3.53788
3.58240
1.47277
2.61976
3.79626
3.94981
3.65594
3.20179
1.04787
2.95099
2.24034
3.89170
3.03405
3.57386
3.52400
3.48572
3.80765
1.73910
3.25801
3.13614
2.63328
3.67108
2.22372
2.50196
1.57280
3.37472
3.39703
2.91106
3.37983
3.24827
2.95174
3.75160
3.49631
3.32315
2.66355
3.31417
3.76216
3.30250
3.88943
3.51228
3.69780
3.26266
3.69680
2.05766
2.73296
2.03653
2.72339
3.50614
3.58950
3.59571
3.20064
3.79990
3.89340
3.46304
3.50187
3.08218
3.96647
3.95755
3.22823
3.26099
3.91484
3.94539
3.52732
2.35257
2.57442
3.07135
3.75473
3.58877
3.34177
3.81855
3.15131
3.38503
1.80730
3.83080
3.75897
1.47104
3.96167
3.24620
0.41142
3.94558
1.87767
3.20789
2.49997
3.07940
3.67227
1.67077
3.45296
2.10595
3.98067
3.32269
3.17018
4.12929
3.57934
2.79745
1.29164
3.15065
3.28528
4.04195
2.19099
3.10358
3.96984
3.44268
3.51197
1.40447
4.00992
2.10392
1.77600
2.72722
3.66245
2.70653
1.83124
2.61049
3.53267
3.24354
3.01368
2.53745
3.81461
3.27294
3.60316
3.63458
4.02729
3.70780
3.01373
3.80906
1.53050
3.72325
4.02589
3.55081
3.53009
2.51478
3.55902
2.90684
2.51412
3.68004
3.61255
3.23638
3.58819
3.57642
2.59267
3.90832
3.05326
4.01762
3.59275
1.46000
1.55741
3.54319
3.68632
0.74369
3.54154
0.89370
3.36092
4.07014
2.91985
3.69959
3.49687
3.08152
3.58721
3.24258
3.65142
3.54364
3.39033
3.73744
3.76246
3.48755
2.95521
3.27538
3.25876
4.02344
3.04805
3.28074
1.70747
2.89393
3.89989
1.40815
2.93127
2.72079
3.91241
3.45675
3.67921
3.48984
3.47941
3.87565
1.16403
1.66938
3.94003
3.34133
3.75279
3.02277
3.68108
3.63718
3.38664
3.79377
2.82939
2.10778
3.36102
4.01236
0.84688
3.68912
3.69606
3.33208
3.07458
1.46634
3.52543
3.33564
3.95436
4.02245
0.92570
3.89749
1.45863
2.73099
3.99860
2.19698
3.42995
3.54190
1.67227
2.65241
3.77746
3.93998
4.09461
3.30129
3.87903
2.32458
2.85408
3.56415
1.93393
1.35953
3.89638
3.80383
3.36361
2.64842
3.86502
3.35562
3.71478
3.48413
3.73988
3.78119
2.79888
3.79570
3.80078
3.88350
2.68309
3.32732
3.78259
2.36047
2.03760
3.96308
3.11857
2.05001
3.66573
3.84205
3.26949
1.79710
3.92212
1.46866
3.87232
3.35382
3.39972
2.55229
0.64748
3.99362
3.54419
2.98663
2.46790
3.56967
3.55344
2.58042
3.20479
3.42004
3.04509
3.21998
2.42649
3.51825
3.77240
3.73920
3.28734
3.16982
3.87602
4.07373
3.18506
3.51983
3.08015
2.13227
2.80658
3.63867
1.54700
2.99202
3.47034
2.81132
2.21504
3.83731
3.10873
3.70525
3.00243
3.78485
3.66702
3.10869
3.44432
3.96496
0.64144
3.80847
2.91323
3.73139
3.62928
4.01238
3.85509
3.94545
2.58805
1.86300
2.31874
3.98266
3.53170
3.55030
3.75247
3.97042
1.31242
3.33012
3.71689
3.52651
3.11461
2.15882
3.32451
2.60687
3.54521
2.62644
3.69045
0.68213
3.79701
1.22180
2.60880
3.78858
3.46281
3.77374
3.22469
1.97270
3.54390
1.99467
2.93365
3.94670
3.87833
2.90217
3.64383
4.13598
3.39326
3.39918
3.69452
3.49167
1.68818
3.51293
2.91465
0.92196
3.80615
3.46490
3.10260
3.05285
3.21925
3.56515
1.28688
3.29964
1.98155
1.21852
3.65332
3.34964
3.77861
3.57773
2.40443
4.07763
1.91021
2.97445
2.94043
2.93442
3.49720
3.78070
3.21908
3.00515
3.22887
3.43966
1.24203
3.18154
3.63880
3.42486
3.92923
3.46700
2.85346
3.48539
3.77232
3.92121
3.16106
3.96707
3.88619
2.16425
3.59336
4.02447
3.56392
3.37671
2.60551
4.10806
3.53306
3.09941
1.69597
4.05177
2.09520
2.77330
2.90771
2.87652
3.17372
2.77339
3.41160
3.45051
0.83140
3.85925
3.33808
3.85866
1.64878
2.88948
3.58212
1.64904
2.35698
3.90241
3.37356
3.33289
3.80130
2.39587
3.33315
3.64872
2.55402
3.81938
3.47572
3.73692
3.46644
3.98957
2.12578
3.71100
1.25434
2.76997
3.56145
3.70231
3.63356
3.49596
2.43012
3.26476
1.99121
3.82941
0.64463
2.96061
3.66468
0.98699
3.48704
1.68971
3.50784
3.23244
2.89968
2.54981
2.21737
3.40680
3.38688
2.47458
0.40847
2.62225
2.94345
3.61540
2.66487
3.97850
3.78228
3.72524
3.55578
3.43768
3.16261
3.46199
3.45535
3.68481
3.67421
3.81251
3.05198
3.66232
3.02395
3.13692
3.59634
3.97461
3.72311
2.82257
3.42897
2.96592
2.49142
3.74784
3.45332
3.45761
4.09450
3.97036
2.67155
2.53797
3.56010
3.50601
3.96279
3.48854
3.71066
3.14621
1.71026
1.19786
1.62544
2.16303
2.97654
3.89312
3.70734
1.94152
3.32961
3.81053
2.05906
3.78057
3.82536
1.84688
3.20660
2.19014
3.30762
3.34227
2.55021
3.52398
4.02991
3.98262
3.82866
3.87457
3.23178
1.75538
3.39855
3.06947
3.49232
3.29447
3.42695
3.50065
3.38427
2.20882
4.03449
3.61028
3.43709
2.16504
3.84743
2.93544
3.60004
2.78256
3.89986
3.25242
2.32195
2.77482
3.83835
4.02652
3.68866
2.88270
3.41121
3.27085
3.85525
2.65040
3.59979
3.52670
3.76164
3.32550
3.98435
3.78515
3.36077
3.89597
3.53603
3.01943
3.52832
2.86916
2.78450
3.98471
1.21368
2.77528
3.68321
3.73218
3.15648
2.55565
1.97560
3.40315
3.31308
2.12705
3.65798
1.99150
3.56231
3.11024
2.76380
2.87640
3.73044
3.13790
2.38686
1.68903
3.50727
2.97071
2.95453
3.41269
2.30820
2.94917
3.47409
1.86913
2.60062
2.40134
3.27941
2.09597
1.10172
3.04334
3.62161
3.93730
3.22641
3.43898
2.95437
2.62072
1.27944
3.11712
3.27252
2.11316
3.70578
3.24979
2.17606
3.01209
3.24662
1.87081
3.27088
3.94693
0.54425
0.92318
3.66047
2.86334
1.77712
3.82650
3.55372
2.97818
3.24555
3.60151
3.21759
2.38416
2.75818
3.53867
3.05502
3.54196
3.48005
3.57826
3.70249
3.54787
3.87349
3.56475
3.81183
3.97327
1.76182
4.02292
1.75032
3.20487
3.93622
3.25760
3.40410
4.18103
0.70796
3.79547
2.92761
1.60912
3.22378
3.38811
3.30432
3.81413
2.66032
1.97177
3.88042
3.81261
3.24720
3.71820
3.74946
4.12720
3.94704
4.11368
3.06048
2.96220
2.81149
3.43536
3.13435
2.50228
3.35479
3.48195
3.86402
3.65990
3.44641
3.60590
3.56473
2.72055
3.63996
1.93619
3.62846
3.64682
3.39572
1.84860
3.13838
3.18505
2.63111
3.65488
3.67787
3.77883
2.25580
3.53609
3.73231
0.53596
3.51756
3.71572
3.96374
1.89332
2.04885
2.67220
3.40517
3.42289
3.54317
3.11665
1.78061
2.16393
0.86696
2.60748
3.71471
2.67247
4.03359
3.43940
2.77339
3.93980
3.98609
2.66286
4.03246
2.14294
3.86985
3.71139
2.91631
3.89325
3.34294
3.08565
3.50291
2.90872
3.38389
0.29816
4.20259
3.68319
0.77916
3.32599
2.98608
3.65497
3.75240
2.80882
4.00691
2.90779
3.65145
3.56697
3.83477
2.74503
2.13642
1.75291
2.11668
3.95880
2.58349
3.97677
3.15701
1.42638
2.77985
1.38542
3.23834
3.71136
2.28541
3.86770
2.44075
2.58294
3.57203
3.89383
3.69850
1.65931
0.98897
3.20082
3.58443
2.90043
3.78534
3.28977
3.32817
2.43509
2.67459
3.68524
3.40310
2.46843
3.87695
3.71544
3.34383
3.24317
3.62771
2.20329
2.35299
3.86107
3.82446
3.56255
3.59684
1.91952
2.90597
3.74962
2.20455
3.72888
2.48011
2.21750
3.59734
3.26759
3.84293
3.71880
3.35284
3.75758
4.09982
3.80084
3.83742
1.36197
3.50443
1.59314
2.39255
3.92167
3.13757
1.85869
3.76023
3.69520
3.44629
3.60391
2.79811
3.11576
3.59393
3.43819
2.24133
3.98504
3.82827
2.52927
3.08823
2.12673
2.62319
2.67101
3.25446
3.74549
4.12630
3.79771
3.17969
3.65971
3.93672
3.56962
1.29421
2.93759
3.22385
3.53804
3.41479
3.77811
3.36762
3.30401
3.74069
3.81283
3.18745
3.54573
2.14493
3.95201
0.81167
3.49757
3.22615
3.68202
2.47146
2.93390
3.17712
3.32209
3.19818
3.34847
3.84791
3.57590
3.43468
2.65255
4.13653
3.47985
3.02700
1.01627
3.34087
3.60493
2.43721
2.32548
3.84070
3.57224
0.71984
3.70960
3.35764
2.05417
2.99921
3.60849
3.31854
0.13066
2.36575
2.82122
3.30760
3.88162
1.00421
1.45043
0.74326
3.78168
0.24463
3.33747
4.09901
3.44137
3.79273
2.81670
1.19937
3.72515
3.56847
1.97549
3.77210
3.19823
1.70089
3.70120
2.30046
3.62891
3.07848
0.52414
3.71048
2.83936
3.69484
3.53617
2.39955
3.48821
3.84484
2.49615
3.20190
2.36774
1.52759
1.91114
2.12528
3.59396
2.35279
3.65551
3.60178
3.79453
3.11377
3.59040
1.60980
3.25778
2.23546
3.91268
3.72440
3.27252
3.88670
3.03549
2.40967
3.67006
3.51289
3.21825
3.55598
3.30232
3.55318
2.59775
2.75510
2.56740
2.39316
3.33306
3.75298
3.65083
3.42389
3.37087
3.91333
3.56089
3.48624
3.78839
2.20346
2.96730
3.53567
3.82642
3.53423
3.52957
3.82618
3.46624
4.14105
3.31168
1.70915
1.39989
3.12617
3.75275
2.83552
3.04280
3.60677
0.60064
3.61744
3.94375
3.51702
3.85391
1.19560
3.73009
4.02501
3.50936
3.95605
3.32048
3.89084
3.85948
2.00156
3.59456
0.03869
3.72071
3.63055
2.95470
3.77424
3.81816
3.35782
2.83692
3.09362
1.94955
3.10953
1.63820
1.48171
3.27894
3.36956
3.36414
3.60029
2.75826
4.02905
0.66941
3.59775
3.16573
2.88249
2.61500
3.40562
3.63341
2.26523
3.80924
2.84847
2.75445
3.00832
3.61124
1.64767
2.18101
3.87562
2.69146
3.35304
3.89505
2.40821
2.86017
3.52819
3.07770
2.43269
3.74594
3.69961
2.24865
4.19713
3.22785
2.11860
3.95191
1.98952
3.24299
3.54329
3.77531
3.84747
4.07125
3.48897
3.39930
2.04209
3.02422
3.81038
3.21322
1.39944
3.99759
3.83198
2.80004
3.29078
3.75158
3.87857
2.25728
3.66453
2.82877
4.04406
3.48003
3.06462
2.84041
3.22353
2.70146
3.93492
3.86199
3.02861
1.99342
3.15763
2.92650
2.57498
3.43122
3.62403
2.26189
3.47494
2.80045
2.50942
3.24968
3.23084
3.74832
0.38686
3.49734
2.39730
3.45292
2.41574
2.90581
3.74572
3.38931
3.32888
1.73967
3.10751
3.89619
3.96780
3.85562
1.72599
3.94654
3.73817
2.32922
3.43668
0.26940
3.80716
3.12660
3.55716
3.14564
2.47918
3.83079
2.21183
3.04797
3.62170
3.62107
3.70175
2.83047
3.44197
3.80818
3.49855
3.24376
3.70170
3.99898
2.52573
3.76984
3.62419
3.11707
3.69371
3.67984
3.46933
1.59114
3.11633
3.72260
3.06570
2.29030
2.37207
1.52251
1.64838
3.89382
3.81308
2.89700
2.38388
3.66807
3.55871
4.09062
3.43375
3.03393
4.01968
2.48105
1.86167
3.69351
2.27814
3.79099
2.60295
2.26418
2.36360
4.07134
3.45133
2.28698
3.11278
3.51799
3.71304
3.31469
2.81263
3.56777
1.68067
3.33223
3.31463
2.28096
3.64453
1.63667
1.86998
3.66400
3.84314
4.07923
3.36901
2.49768
3.52728
3.46243
2.98035
3.45573
3.34576
3.72306
2.72982
3.93840
3.54723
3.20754
3.52947
4.03166
3.07415
4.03460
3.54050
3.23727
2.55454
3.16948
2.93402
3.07081
3.18552
4.04213
2.84086
2.66550
3.56877
2.90710
0.74419
2.47788
3.27057
3.73045
2.49918
3.69203
2.11441
0.83988
3.89250
3.73161
3.38389
3.42992
2.33846
3.81723
3.57586
3.25096
3.86233
3.90418
3.59431
1.16423
2.98340
3.52768
3.71812
1.17986
2.61929
3.77020
2.54939
2.63160
2.87140
3.43847
2.02262
3.53074
3.68571
0.30663
3.81206
3.88013
1.02077
2.83055
3.71224
3.56623
3.45762
3.21197
3.19307
4.11897
1.16810
1.41657
3.39831
3.50442
2.40869
1.96453
3.29595
2.49999
3.53957
3.46414
3.62497
3.88392
3.78699
3.71300
3.37991
1.35012
2.11687
3.86834
3.92730
3.22121
2.74045
3.09811
1.65176
3.80029
2.31154
3.00774
0.83634
3.46264
2.20372
1.82455
3.52480
3.82193
2.65879
3.34678
3.92255
3.66401
3.65016
3.88587
3.10149
3.19355
3.95120
3.43586
3.37988
1.95138
3.52062
3.35429
2.88653
3.19144
3.43336
3.23729
2.63953
1.71299
3.37347
3.56989
3.54253
3.71914
3.48006
3.47562
3.07137
3.48281
3.48117
2.23149
3.72743
3.40966
3.13286
1.78463
4.05225
3.47480
2.18590
3.86907
2.96557
3.14915
3.45571
3.52471
1.51626
3.57745
1.64806
3.35879
3.27882
2.86602
3.15897
3.29300
2.19905
3.23580
3.62909
1.44444
2.86447
3.74766
3.75843
4.09946
3.28965
3.91379
0.94804
3.71339
3.54951
3.82691
2.43681
3.97758
2.35928
1.71954
3.61144
3.74887
3.51109
2.10147
1.98869
2.15571
3.19390
3.41978
3.32757
3.87611
3.70350
2.79930
1.83524
2.02426
2.92292
3.76490
3.46038
3.78995
3.91452
3.64501
3.06353
3.07210
3.29983
2.40511
2.02422
3.54147
3.45375
3.29717
1.84282
3.60344
2.80579
2.86997
3.96370
3.49342
3.99034
3.01030
3.38966
2.00427
3.14381
2.09696
3.48242
3.62796
3.72974
1.55759
0.50260
2.97293
2.92448
3.24081
3.20152
3.83022
2.59181
1.57598
3.84877
4.17806
0.36776
3.20895
3.10728
1.66743
4.00368
3.66221
3.42377
3.93303
2.89667
3.59768
2.94964
3.35918
3.34817
3.26360
3.72852
3.57905
3.97659
3.32922
3.55768
2.42455
3.92274
1.83572
2.51187
3.70297
3.57065
2.85682
3.50660
1.29134
3.06248
2.04848
3.18176
2.82307
3.89122
3.61892
1.86377
2.80161
3.53359
1.38431
3.25552
3.10596
2.83656
1.05216
3.46003
3.95398
2.62268
3.75574
2.94928
2.85327
3.86140
3.74477
3.99773
3.57079
3.55474
2.92555
3.69948
3.87449
2.17913
2.32727
3.49271
1.39492
3.76219
2.95461
2.88105
3.74039
2.28986
3.87885
1.63459
3.64955
1.27538
1.86441
2.18765
2.92136
2.73200
3.94560
3.54461
3.24602
3.79998
3.62125
3.46237
3.95683
3.23173
3.67155
2.84710
2.73549
2.58751
3.49403
2.18526
3.67533
3.60656
2.30102
2.90977
2.03508
3.33721
2.59966
3.87498
4.01203
3.29590
2.60810
3.16440
1.28656
3.67816
3.90892
2.93379
2.65143
1.51188
0.36273
3.38907
2.97175
3.19193
1.92678
3.21098
2.53699
3.28893
0.94771
2.24343
3.80294
3.82433
3.74781
2.38287
3.07007
3.89250
0.75305
3.85688
3.37922
3.60963
2.36292
3.42536
2.41344
1.84880
3.24623
2.13920
3.54612
1.74400
3.28864
2.72385
3.66926
2.42436
4.03575
3.74681
3.77101
3.49211
2.48908
1.00094
3.64964
3.68932
3.70402
3.69458
3.72494
2.51008
2.54994
3.11603
3.82178
3.06431
2.43074
3.19773
1.16354
0.68940
3.79403
3.61019
2.06959
4.03158
3.66474
3.89965
3.54941
3.60637
3.12277
3.54444
1.05971
3.63804
3.26787
3.30237
3.19277
2.52004
2.84332
3.78385
2.99185
3.75558
3.15091
3.19610
2.41922
3.98632
3.85374
2.63984
3.81619
3.85373
3.53256
1.28351
3.72807
2.86775
2.80441
3.69117
3.09202
3.38881
2.99948
2.00753
3.84349
3.27861
4.00712
4.03709
3.34330
3.41827
3.63611
3.09515
2.76000
1.72635
3.40689
3.35901
2.36853
3.47765
2.52198
3.86396
3.57610
2.82863
2.55803
4.04844
3.51531
3.52320
3.10675
3.79462
2.29856
3.64825
3.85064
3.51243
3.75385
2.50310
3.91952
2.30887
2.98398
2.25361
3.73567
3.01656
3.65640
2.69624
2.90176
4.03639
3.73580
3.26190
1.00506
3.20492
3.59675
3.09609
3.62643
3.71218
3.40906
3.91347
3.61828
3.92536
4.07964
2.18390
3.44104
4.06020
3.38931
2.86773
3.56873
3.27767
3.07774
4.10662
2.00196
2.87930
1.29750
3.80159
3.50786
3.61987
3.91615
3.32155
3.12144
3.48692
1.53087
3.03843
3.78886
3.85991
3.31424
3.15325
0.94239
4.10194
3.42736
2.78443
3.00960
1.80312
1.44378
3.69966
3.21752
3.90989
3.91778
3.45850
3.40528
3.44305
3.40760
3.98785
3.29914
3.24776
3.81204
3.53897
2.89474
3.70847
3.29403
3.29379
3.03058
3.17217
2.78608
3.11021
2.74062
3.61585
3.54581
3.19448
2.17035
2.14233
3.87054
3.45600
3.53225
3.97182
3.74245
3.69991
3.18696
3.85696
2.54484
3.77680
3.58207
1.72198
3.36332
3.60570
3.99689
2.05442
3.94725
4.10041
3.84948
3.55068
3.60084
2.85501
1.59782
1.25058
3.58916
3.87976
3.36510
2.30167
2.64975
2.03095
3.12133
3.96352
3.57374
0.70993
0.26180
3.71184
4.07453
3.43291
2.89557
3.13673
3.60518
3.45148
3.74926
2.51169
2.90247
4.02618
2.65946
3.70669
3.80628
3.80260
2.52160
3.78155
1.94404
2.74477
3.08092
2.94541
0.99043
3.75179
3.23243
3.76942
3.79161
3.87326
3.10315
3.77135
3.27139
2.39866
3.97299
3.89374
3.72130
3.09559
3.76619
3.81027
3.05861
3.75743
3.54297
3.51524
3.55831
2.88548
3.18364
2.88322
3.38933
3.99173
2.35133
3.48796
3.78840
3.91581
1.68840
3.75087
2.86944
3.17222
4.01030
3.67255
3.61602
2.89933
3.68779
3.71778
1.75420
2.98312
2.89108
3.91620
3.75119
2.93986
3.59989
3.55830
3.81984
2.68256
3.54206
4.06040
3.09336
3.30167
2.63200
3.00163
2.03993
3.77667
1.59994
4.24783
3.44764
3.51996
3.52567
3.82969
3.18091
3.77187
3.70592
3.54232
1.68473
2.77364
2.30282
4.06262
3.84920
3.89974
3.18564
3.18014
1.76468
2.99574
3.50894
3.81023
4.16841
4.02226
3.35534
3.35249
3.26521
3.36617
3.92230
2.22097
3.23069
2.74512
1.86461
3.40742
3.07225
3.89884
3.48916
3.57916
2.35956
4.02496
3.32204
3.30701
2.31620
3.51444
3.21552
3.36891
3.70309
2.55887
1.74566
3.10447
3.53954
2.91304
2.92272
3.33893
2.26374
3.96396
1.16149
3.31778
2.50287
3.41604
4.21319
3.05887
3.76188
2.00330
3.19144
3.55047
3.15109
2.14530
3.23020
2.53946
3.57601
1.84702
2.52198
3.01026
2.38056
3.82259
2.73176
3.81345
2.08605
3.48734
3.07906
3.19219
3.15075
2.93068
2.66420
2.17465
3.24511
1.37718
3.61915
3.00105
3.34099
0.70312
3.43859
2.70616
3.29055
2.74352
3.74130
3.52908
3.88660
4.06756
2.61178
3.11208
3.74877
3.68963
3.91859
2.48321
3.34633
1.39163
3.66770
3.07514
3.49507
3.61610
3.28694
2.34844
3.10790
3.77927
1.71267
3.43686
3.49833
2.09786
3.16935
3.09539
3.54308
3.43566
3.85521
4.10904
2.90017
1.79231
3.59482
3.59877
3.87116
2.72615
2.56123
1.72857
3.29914
3.75713
3.98742
1.27355
3.52862
2.62064
2.93951
3.35291
3.84911
3.00727
1.28812
3.47421
2.24067
3.23649
3.43106
3.26994
3.99215
3.64457
3.44885
3.76928
3.21349
3.34738
2.66193
3.01079
2.73396
2.21955
2.79065
3.25136
3.09194
3.55284
3.69419
2.97357
3.53449
2.89448
3.95199
3.41891
3.71542
3.07051
3.89904
3.10978
3.20225
2.93112
3.49445
3.14524
3.57869
3.39182
3.80625
3.29201
3.88347
3.31882
3.54471
3.90029
3.81376
3.22400
3.35387
3.03916
3.65126
3.62632
3.72519
1.26934
3.60776
3.94420
3.86253
3.63444
2.03146
2.84045
3.45982
2.88764
3.87375
3.48378
3.98561
1.91227
1.90398
2.83611
2.32135
3.41434
0.13562
2.99199
3.92544
3.63177
4.02980
2.98474
2.42731
2.12595
3.68130
1.78832
2.29443
3.85673
3.30130
2.97582
3.58872
3.75030
3.68605
3.81144
3.40081
3.28861
3.43986
3.09355
3.00284
3.83395
4.02268
1.55662
2.87106
3.86570
3.83480
1.56048
1.85445
2.33382
3.79330
3.74119
3.02919
3.85044
2.50733
4.04357
3.46167
3.63004
3.81649
3.75765
2.78726
1.73854
3.25907
3.91850
3.71661
1.94970
1.03500
3.67924
3.41486
1.23386
3.72807
3.72567
2.68028
3.65427
3.30775
3.71823
2.80249
2.00131
0.59874
1.70020
1.46754
2.19679
3.70641
1.85847
0.49596
3.60307
2.33710
1.34010
3.21205
2.39048
2.97005
2.79054
3.48800
3.24447
3.63367
4.03228
3.64064
3.42327
2.22359
1.05067
1.28547
4.12204
3.58223
3.54600
3.44284
3.27412
1.41358
3.81560
3.90272
1.84683
2.83944
3.60032
2.73734
3.68455
3.28361
2.86140
3.60475
4.02262
3.66313
2.27693
4.02092
3.57851
2.95374
2.32361
3.59673
1.43680
3.80584
3.63774
2.31686
2.15841
3.53500
3.71492
1.64382
2.02454
3.57334
1.02038
3.83970
3.36885
3.95442
3.40792
4.04510
3.74251
1.40755
2.98446
2.71434
3.60847
3.43999
3.96628
3.65797
3.78820
2.17775
3.68752
3.67065
3.20248
3.78428
3.82919
2.58443
3.62369
3.21432
2.95579
2.99969
3.28209
4.02241
3.29202
2.75629
3.83872
4.16740
3.72015
3.83326
4.12322
3.96395
2.69729
3.57553
3.74166
2.36003
3.53285
4.03491
2.59985
3.97966
3.83362
3.18941
3.31832
3.97689
4.00190
3.03815
3.81870
3.32552
3.83155
2.81598
3.37937
1.40370
3.70294
3.57523
3.18550
1.88945
3.88200
2.29919
2.09062
3.38596
3.69601
2.16402
3.23204
1.09223
3.61324
1.66022
3.56852
3.27578
2.60979
2.82494
2.46207
3.95005
3.08091
4.01846
3.60680
2.67459
2.72534
3.85656
1.74978
3.12558
3.83419
3.27996
3.16765
3.23588
3.79142
2.02985
3.51767
3.98372
3.75726
3.91413
3.65161
3.71870
0.54166
3.45299
2.92486
2.45133
3.73944
3.47002
3.86281
3.16897
3.70872
3.49255
2.67450
4.00757
3.28983
3.88215
3.04391
3.96999
3.53514
3.53857
1.56665
3.42972
1.35796
3.06853
3.70124
3.55415
3.05097
3.73150
3.86523
3.79503
3.26774
3.88183
2.13693
2.57849
3.68780
3.24443
3.20383
3.98469
3.44811
3.87121
2.86314
1.50502
1.85393
3.57241
2.40360
1.70494
3.48019
1.56115
2.34849
4.03143
3.70167
3.88535
3.29960
3.57817
0.01656
2.73652
3.28098
0.99336
3.88751
2.46806
0.11598
2.27240
3.78582
3.31826
3.90711
3.31125
3.96026
3.90768
3.48996
2.18049
2.62980
3.39382
3.91658
1.06419
1.37338
2.95769
3.85143
1.88468
0.19339
3.91031
2.90817
3.01543
3.18940
3.76441
3.51334
0.63768
3.42616
3.59387
3.43764
3.48699
3.09586
3.66355
3.39303
3.40871
1.43364
2.10894
2.77652
1.25759
3.85555
3.41807
1.42249
3.45389
3.65681
2.03388
3.25792
3.68349
3.94257
3.01348
3.30743
3.63321
3.50401
3.25132
3.71070
3.45442
2.19329
3.90831
3.15741
0.34991
3.59559
3.37665
2.09360
2.98415
3.73824
3.38805
3.56538
3.74436
3.58135
3.56005
3.15923
2.51857
2.51928
3.34258
3.98812
3.58277
3.84939
3.54599
2.77454
1.66308
2.90973
3.61666
3.77552
3.60933
3.54591
3.84069
3.78307
3.48259
3.66963
3.19098
2.95479
2.99624
3.28060
1.50741
3.26880
2.26086
3.82557
1.07926
3.76361
3.89166
3.75883
2.24802
3.46824
3.37477
3.97350
3.66260
4.08032
3.68970
3.03985
3.55076
3.83702
3.90304
2.11827
2.98873
4.21259
3.10934
3.31549
3.30875
3.14215
3.66387
2.62847
3.17353
3.45464
3.73301
3.75622
3.82814
3.03572
3.51473
3.79872
3.55159
3.96553
3.18526
3.88420
3.57460
4.07320
2.05759
4.05429
2.93199
2.81330
4.12261
3.85477
4.10503
1.35444
3.12499
3.80532
3.88563
3.01491
3.97110
1.87976
4.08670
3.86402
3.57049
3.36016
3.98393
1.41082
1.94109
3.74158
3.52697
3.86175
2.93571
2.64571
3.55716
3.83748
4.10719
3.53287
3.49726
3.43438
3.88318
2.60454
3.06062
3.31939
3.43558
2.36658
3.43177
2.73598
3.47643
1.91437
3.74866
3.60240
3.83307
3.96770
2.04207
3.56433
1.63807
2.48724
3.49855
2.70335
3.82284
3.25888
1.60254
2.50269
0.95790
3.37743
1.16128
3.68144
3.64909
2.94760
3.82056
3.12564
2.09587
3.74976
2.95399
3.55267
3.40146
3.40152
4.04460
1.90737
3.93762
3.38466
1.99836
2.53363
3.51456
2.06637
2.03209
3.84377
3.75783
3.50697
3.80283
2.47973
3.71572
2.39866
2.71869
2.50697
2.83256
1.61248
2.22602
1.92791
1.68063
0.87008
2.29871
3.77037
3.40748
3.47587
2.96593
2.45704
3.33010
1.53281
0.91250
1.99241
3.59133
3.44672
3.62965
3.24743
1.87316
3.02471
1.89669
3.58220
1.74041
2.07838
3.83169
3.58007
3.48625
3.89408
2.82085
3.77330
3.00110
3.71307
0.85012
3.37928
2.76089
3.29517
1.68192
2.46374
2.92711
3.50029
3.37040
3.05429
2.62676
3.89036
3.08040
3.73559
3.01770
1.65978
3.74053
3.35767
2.00112
3.62408
3.13102
3.11911
1.49090
1.70691
3.67076
3.93960
3.43281
3.00406
3.86686
2.96773
3.44655
3.82716
3.45210
3.92132
3.26154
3.82693
3.93426
3.22736
3.36862
4.10502
3.72888
1.58764
3.05721
3.53022
3.77394
2.14884
1.77502
3.43060
3.14016
1.79996
3.85295
1.29004
3.55207
2.62281
3.61635
3.04541
2.98592
2.73137
3.29061
3.45840
3.72936
3.07160
3.96630
2.34623
3.03692
3.42395
2.56939
3.76170
3.29203
3.46633
3.69958
3.75636
3.26977
1.76156
3.70599
3.01872
3.83255
4.16248
3.71730
3.77214
3.84497
4.05062
3.66405
3.40811
2.82576
3.90408
1.67148
3.76650
3.48939
2.80891
1.74089
3.35849
3.58378
3.61081
3.75770
0.53799
3.67236
1.36482
3.58328
3.73037
3.00796
3.89929
3.40800
3.68251
3.95656
2.93463
3.54150
3.53378
2.89873
2.89811
2.15832
3.41019
3.72018
1.64911
4.02897
3.88025
3.36144
3.74176
0.10906
2.68562
2.11906
3.75659
3.57608
3.58320
2.00758
3.59418
4.03940
3.05628
3.66259
2.68630
1.96125
4.02950
2.82822
3.30575
2.12531
3.57613
3.61486
3.94191
4.02027
3.49238
2.09716
2.75288
2.66781
3.53179
3.12854
3.26836
3.50400
3.41203
4.01005
3.22191
2.97974
3.30217
3.71630
3.05508
3.58066
2.58008
2.88586
3.23951
3.56779
3.18891
2.49753
3.55859
3.44878
1.98721
3.54571
3.58993
2.90171
2.67695
1.75547
2.94983
2.84115
2.59234
3.13001
3.73558
3.48497
3.90807
3.00498
3.16738
2.83921
1.88699
1.58108
3.35708
3.19653
1.75348
2.67471
3.02806
3.37658
2.59047
2.01323
3.45028
2.07642
3.56249
3.84457
3.53894
2.50310
3.13740
2.90672
2.62974
3.83929
2.68936
2.25023
3.47643
3.06679
2.05822
3.88496
3.93289
3.17907
2.86749
2.20614
3.84633
2.20686
3.53227
3.53799
2.28653
3.62553
3.52920
1.76843
2.01469
3.62444
3.40895
3.59850
3.43053
3.41166
3.55850
3.68034
2.52581
3.78919
3.40622
1.99455
2.98396
4.07158
2.72535
3.81559
2.38483
3.78102
2.98704
1.25883
2.41089
3.88602
3.48535
3.79068
3.13080
3.74712
3.14635
3.64489
2.49784
3.36884
3.70892
4.12000
3.24938
3.62202
3.44573
3.48475
3.48836
3.36255
3.72874
3.66893
3.09217
2.53397
3.42975
2.07312
3.38811
2.70397
1.67893
2.43710
3.56331
3.81497
1.77747
3.81995
1.32236
3.12854
2.41030
3.90318
3.53442
4.14712
3.08343
3.40575
3.09900
1.61085
1.18808
3.83607
3.55070
3.21285
3.28119
3.25293
3.15254
3.78966
3.04349
4.00582
3.74629
3.55137
1.93441
3.76672
2.26793
3.07962
3.53548
3.10650
3.29839
1.19497
1.18884
3.53671
1.53069
3.14899
2.14191
3.79983
1.65071
3.89305
0.90414
2.78805
2.45602
4.00567
3.91250
2.74570
1.98656
2.92703
3.49058
3.62386
3.85460
3.00626
4.01234
3.60157
2.39015
3.57838
2.35865
2.20298
1.80747
3.69945
3.74452
3.95563
3.37309
3.71889
3.84725
3.53379
2.50712
2.74992
3.74414
3.59463
3.35200
4.12766
3.85647
4.03582
3.57543
3.62938
0.80806
2.66183
3.88461
3.20512
3.13036
2.58474
3.17489
0.91433
2.38146
3.00683
3.14575
3.78974
3.54318
2.73501
3.65825
3.22841
3.67154
3.46586
3.66198
1.66067
3.27646
3.93641
3.17602
3.52029
3.79278
3.36305
2.59062
0.78666
3.02997
2.18081
0.32125
3.17914
2.79698
3.41858
2.84140
2.98664
3.82942
3.60891
1.04400
3.92105
2.03549
3.82154
1.75114
3.95626
3.40414
2.98120
2.32123
2.43745
3.07172
0.81369
3.47285
3.13105
3.16320
0.81545
0.80400
2.43138
2.48649
2.18201
2.50175
3.61286
4.02408
3.45035
3.41656
0.48569
2.84123
2.06306
1.98471
3.68927
3.30708
3.15826
3.25085
3.77661
1.51190
1.46018
1.21163
4.10463
1.12034
2.88533
3.74985
3.84692
1.32491
3.55392
3.08435
2.93532
3.72583
3.71749
3.16480
3.17850
3.01265
3.54373
3.48238
3.44727
2.95710
3.56441
3.61084
2.65502
3.56716
3.87385
3.54906
3.67653
0.90088
3.26011
3.19436
2.63151
3.76991
3.69215
4.09772
3.50588
3.43418
3.35292
3.40410
3.59809
3.20675
2.49515
3.75945
3.59893
3.74765
3.50913
2.28275
2.19022
3.26900
2.47348
3.72528
4.02867
2.20463
2.23556
2.30483
3.38212
1.35103
3.09418
3.77361
3.77116
3.83521
3.52283
3.76321
3.65982
3.52654
1.77459
2.83369
3.44967
3.18637
3.32924
3.65915
3.67444
3.55111
3.12630
1.88331
2.68611
3.56341
4.12966
2.89996
2.87285
3.94713
3.32313
2.67780
3.85433
3.27813
3.50827
3.71477
2.78893
2.76372
3.34871
3.92652
3.93278
3.54735
3.67626
3.66121
2.50395
3.06361
1.55843
1.94236
3.86922
3.96911
3.94360
2.08843
3.88943
3.45163
3.41449
3.13819
2.97936
3.65058
2.20058
3.28273
4.19858
3.82721
3.42168
1.19803
2.71368
1.10833
1.33444
3.44003
3.90670
2.44729
2.22211
4.02126
3.88647
2.71272
2.22426
3.71257
3.14172
2.05527
2.42536
3.39646
1.96750
1.97666
3.72458
2.59322
3.62517
2.77201
3.57720
2.99590
2.11036
3.94921
2.52406
3.11280
3.40245
3.91683
3.54719
3.24917
3.51073
3.59073
3.49189
1.67204
3.86773
2.20505
3.34418
3.31351
3.23961
3.21919
4.08286
3.94503
3.79853
3.18809
3.24143
2.36626
3.24119
1.87969
0.69933
2.70403
3.92890
3.60448
3.94005
2.74258
3.65335
2.19177
3.78030
4.00125
3.56969
3.78003
3.76873
1.78814
1.97506
2.15839
3.67726
1.41528
2.98091
3.48118
2.97191
2.86323
3.69236
2.83565
0.97442
1.70737
3.83122
3.66224
1.97407
3.65921
3.58962
3.81107
3.47403
3.21015
3.42827
0.69296
3.69936
3.01129
3.81069
3.14852
1.90730
2.91385
3.60597
3.78273
3.89564
1.45640
3.46045
3.20359
1.63942
3.84918
3.78437
2.85302
3.34999
2.99331
3.55224
3.30864
3.36316
3.44233
1.87825
3.56031
2.00050
4.07771
2.96353
3.89538
3.30294
1.00890
2.97841
2.57209
4.09315
2.26992
3.61349
3.71542
3.93452
0.80383
2.33234
3.84016
3.73024
2.01043
3.39541
2.23570
2.97591
3.54083
3.66570
3.63969
3.45413
3.40611
1.93205
2.28817
3.75013
2.18264
1.50514
2.85564
2.60802
3.76305
3.87977
2.91632
3.75462
2.75891
3.71574
2.04245
1.79355
2.04402
3.64583
4.03946
3.57223
3.98571
2.95562
4.00490
3.54414
3.13094
3.85716
2.07612
1.72490
3.39203
3.60037
3.82322
3.66615
3.57683
3.84395
2.35335
4.14731
3.21305
4.05087
3.75443
3.10428
0.60276
3.91319
2.81979
3.78675
3.40642
4.08721
3.66578
3.78810
3.57836
3.29304
2.32755
2.87736
3.60544
1.97262
3.29855
3.45207
3.39954
3.59265
1.35764
3.17759
3.10625
1.87551
3.49952
3.60219
2.68982
2.07801
3.04201
3.50122
1.48403
3.37809
2.24371
3.55915
2.53462
3.27027
3.59331
3.47506
2.23661
4.07400
0.27802
1.86538
3.31560
2.37907
3.51566
3.00231
3.16919
3.91672
2.07503
2.17039
2.78988
3.59128
0.15174
2.60340
2.07866
2.46866
2.96776
3.21071
3.23942
3.26269
3.63056
4.02581
3.98577
2.99605
3.77410
1.62433
3.61200
2.75243
2.46430
3.96816
3.36004
3.72780
2.89850
2.63403
3.55997
1.78077
2.95044
3.48234
4.01896
2.93255
1.66623
3.71112
3.62893
0.42817
1.94855
2.22493
2.24311
2.78426
2.78015
3.58593
3.26054
3.80279
2.78708
2.79044
1.99055
3.37460
1.92539
3.26622
3.79717
3.47742
4.01869
3.00615
3.65640
2.83803
3.14744
3.74088
3.81991
2.78541
3.40779
3.67622
2.99239
3.53205
3.65735
3.65701
4.16139
2.45361
2.58161
3.74218
3.98252
3.25697
0.80196
2.97604
3.55158
2.72348
3.75356
3.98254
1.55914
3.76504
3.56537
3.81639
4.19206
1.90404
3.24932
3.45688
2.35496
3.72333
3.80775
3.60610
2.71169
3.00613
3.30547
3.32866
3.60918
0.72379
0.93912
3.05702
3.27699
2.02853
3.85043
1.82390
3.88461
3.11753
3.68767
3.71159
0.38351
3.72261
3.73203
2.11806
3.59197
3.25203
3.06480
3.45349
3.40149
3.77709
3.67845
3.87619
3.23578
2.78542
1.29784
3.25789
3.47309
2.22054
3.71314
3.08876
2.51465
3.06705
3.60366
3.60548
1.49741
3.80987
3.48938
2.03519
3.36273
3.50805
3.64543
3.56141
3.00452
2.32209
3.35649
3.44107
3.57944
3.51985
2.00616
3.86966
3.61715
3.57705
3.82065
3.75974
2.06533
3.74544
3.54045
2.90356
2.87875
3.26132
3.23921
2.58439
2.52172
3.45578
3.98504
3.25179
3.16895
1.70450
3.33516
2.87459
3.75797
3.94234
1.05370
2.45576
3.73318
3.28869
4.00732
3.31104
3.86513
3.61555
3.57582
0.07733
3.11352
3.97401
1.77185
3.83543
3.62864
3.87313
3.35781
3.76276
3.25742
3.00277
1.70318
3.59242
3.25152
3.29386
3.76528
3.45063
1.06644
3.98854
3.86182
3.31189
3.66667
2.67631
3.91085
3.70431
2.83451
2.99093
3.81024
2.64372
0.55454
2.09199
3.96756
2.96285
3.31144
1.75687
4.01916
2.51093
3.10380
3.37078
3.45050
3.75884
3.53261
3.63940
3.43665
3.21703
1.15968
1.71917
2.13203
2.65140
4.01316
1.64096
1.66218
2.24264
3.39269
3.86945
3.55443
3.72215
1.21307
3.05884
3.26180
2.03477
2.10608
2.34419
4.00288
3.15419
0.57868
3.74983
3.03715
3.70697
3.06150
1.88599
1.24472
3.04944
1.46116
2.92757
1.67239
2.34964
3.54877
3.66064
2.75609
3.41699
3.44765
3.95434
3.80904
2.85633
3.90584
3.46206
1.36043
3.60423
2.85554
3.78027
2.64485
3.86483
4.15942
2.51719
2.11136
3.37902
2.93962
3.51815
2.78623
3.07421
1.88698
3.56016
3.50286
3.84089
3.58337
3.56078
2.28729
3.52809
0.27657
3.91551
2.02916
3.70080
2.98484
3.71721
3.91779
3.66500
3.97569
3.53706
3.69664
2.63739
3.85544
3.50324
3.79007
3.86160
3.75524
3.69781
1.54120
3.95704
3.79250
3.06980
3.22380
3.69325
3.76185
3.50509
3.35340
3.91231
3.34499
3.83979
3.78037
3.47194
2.26991
3.45718
3.81413
2.44254
3.25397
2.00127
3.64947
3.01390
0.83439
2.28505
2.40175
2.71447
3.37116
1.59537
3.82826
2.89777
2.06573
3.70521
3.58327
2.37761
1.07159
3.29355
3.49604
2.55154
3.67658
3.14310
3.47059
3.68617
3.90945
2.04765
3.53395
3.97411
1.60546
2.19960
4.01244
3.51924
3.77295
2.92777
3.45863
2.83160
3.23493
2.71367
3.74383
3.59786
3.39086
3.45805
2.92335
2.75373
2.99687
3.91366
3.76757
3.48737
2.17656
3.61541
3.74178
3.59659
2.19442
3.45493
3.51967
0.84646
3.77291
0.86418
3.54088
2.80685
3.29848
3.26307
3.80818
3.88172
2.63444
3.57476
3.49332
3.54617
2.78435
2.12324
2.19381
1.72783
2.75524
2.81164
3.34852
2.92905
3.77838
3.56120
2.64826
3.72905
1.49884
1.96809
1.91106
2.40145
3.77563
3.38259
0.57529
3.66000
3.45028
3.33570
3.49136
2.85542
1.90518
2.00469
4.05640
3.56978
3.67313
3.27603
3.47874
3.31629
3.68559
3.58074
3.68842
3.88778
3.69558
3.03277
3.90131
2.49241
3.58611
3.75359
2.78685
0.98715
3.25737
3.58558
3.63267
2.96823
3.47281
3.76677
2.81894
3.68744
3.10549
3.10856
2.54732
3.26259
2.16431
3.99904
3.90701
3.44074
1.32740
2.71895
2.13121
3.39149
3.64876
1.53614
3.68953
3.55316
3.07769
3.74793
2.23720
1.83685
3.63901
3.60729
3.28374
2.65125
3.08777
2.52623
2.43231
2.91870
2.75935
1.48787
3.85880
3.01711
3.83889
4.09095
3.53958
3.24427
2.54798
1.22915
2.74175
3.50581
3.82204
3.75939
3.12485
3.31565
2.94022
3.25371
3.71634
2.78937
3.02486
3.29625
3.71571
2.59565
2.94762
3.71014
1.39866
3.87522
3.98808
2.89490
3.80387
1.43819
3.81764
3.95300
3.47661
1.35074
2.14125
3.56143
3.34878
3.55636
3.31957
3.75238
3.60121
4.00577
3.27616
3.92099
3.66162
4.01115
3.44217
3.44731
3.70720
3.71097
3.57298
4.01378
3.30398
2.02565
3.57786
3.37130
3.64191
3.74364
3.92998
3.53269
2.58814
3.84853
3.99481
3.94419
2.83697
1.06623
3.12049
3.32610
1.49497
3.80802
3.03178
3.24299
2.80963
2.92478
3.03444
3.69580
2.60636
3.76950
3.50708
1.77156
1.63017
3.82319
3.74481
2.85119
3.12056
3.07053
1.92814
2.18878
2.81962
2.18255
3.83454
3.31991
4.03909
3.87620
3.87179
3.41131
3.88717
3.71418
4.03577
3.19119
3.95329
2.83479
3.62720
2.89115
3.01661
3.18080
2.09897
2.38675
2.06588
3.62314
2.47948
2.05127
3.62963
3.15287
2.96413
0.56645
3.50704
3.82517
2.90217
2.73849
3.78615
3.66808
3.63431
3.59383
1.77289
3.84671
3.93900
3.79694
3.36335
1.96775
3.20189
2.55665
2.37645
3.69937
3.90195
3.05372
2.11115
2.03001
2.94145
3.98916
3.75539
3.21733
2.59843
3.77847
2.80117
3.01479
3.57562
2.74002
3.59361
3.52835
1.68209
3.45689
0.73922
1.98643
3.33216
3.34681
3.11687
3.60388
2.92499
3.88808
3.13514
3.63166
3.60508
3.75695
1.69446
3.87085
3.51799
2.17997
4.00028
3.42803
3.96448
3.30538
3.48410
2.81840
2.80516
4.02132
3.31753
0.50048
2.44188
2.82955
2.39002
3.34927
3.73733
3.68652
3.79296
3.69341
3.62709
1.12836
2.12752
3.62688
2.44482
1.36972
3.13728
3.38844
3.52057
3.90842
3.78423
3.41720
3.18733
3.77042
2.48414
2.25984
3.64546
3.73101
0.80031
3.82241
1.03466
3.37755
4.11225
3.31242
4.00777
3.58557
2.25848
3.04000
3.55708
3.45922
4.03206
3.39450
3.50142
3.70243
3.50261
3.74806
3.70955
4.04956
3.16530
2.48659
3.87116
2.12212
3.44745
2.34792
3.60650
3.89485
3.73761
3.65564
1.17412
3.77856
3.57413
4.05704
3.46154
3.72206
3.66746
3.86960
2.81489
3.62516
1.19648
3.07915
3.24796
2.58146
3.46153
3.91122
3.53039
2.56552
3.59042
3.86966
2.79024
3.27959
1.28752
3.32475
1.80875
2.30613
2.76164
1.41807
2.72561
3.62695
3.67424
1.45308
3.03115
2.81172
3.57120
2.99326
4.01970
1.77812
1.50653
2.96393
3.92487
3.25849
2.73803
0.83048
3.82606
3.08371
3.86939
3.19702
3.63741
3.66112
3.56245
1.48514
2.94200
3.68566
3.48489
3.93677
3.27449
4.05369
3.49938
3.49166
1.67380
3.95571
3.74102
2.97047
0.07535
1.83899
2.31344
3.47496
2.46265
3.26725
3.28180
2.77577
3.64858
2.48644
2.83038
3.41137
3.51423
3.92236
2.67942
3.83506
2.52211
3.04755
2.36446
2.86459
3.62544
3.68907
3.29515
3.72626
3.74204
1.44638
3.73921
1.70974
0.90794
3.32731
3.43447
3.32462
3.63407
3.15661
3.57542
3.46848
4.02837
3.74785
3.12780
1.71120
2.51336
3.85120
1.52271
3.54689
2.62447
3.04537
1.49362
3.63990
3.22532
3.80704
2.65509
3.98800
0.87241
3.90895
2.71605
3.55215
3.41829
3.72229
2.42976
2.71173
3.37388
4.09670
3.96994
3.72755
1.95316
2.71656
1.55081
1.99024
3.28885
2.24984
3.60004
3.80231
3.39961
3.61930
3.80647
3.80019
3.28044
2.83758
3.28774
2.47245
3.80256
3.37654
1.95172
3.08274
3.50890
3.21149
2.58546
3.49254
2.53652
1.33612
3.56306
2.87995
3.06099
3.55969
2.27484
3.15720
3.30591
3.80172
3.69677
3.73727
3.13594
3.08269
3.26191
1.37773
3.43816
1.19312
2.65400
3.78559
3.25842
1.65209
3.86733
1.98983
3.57781
3.40884
3.89131
3.31149
3.49263
3.55801
2.00906
3.41975
3.15377
3.66147
3.45765
2.25249
4.08468
3.59345
2.63196
0.70874
3.93709
1.70891
3.70398
4.09124
3.76773
2.95713
3.65587
2.78325
3.06071
3.72740
3.92522
2.79957
3.96800
2.27695
3.21449
3.49865
3.47281
2.47489
2.85376
2.15191
3.40936
3.50916
1.30128
3.34452
2.79205
3.09825
2.52114
3.38876
3.87045
3.20550
1.56239
4.09535
3.35709
3.21684
0.78578
2.15574
2.03444
2.45235
3.28442
3.97786
3.41391
3.21408
3.68129
2.11921
0.88814
2.80834
4.20666
3.12376
1.26554
3.59055
3.46416
1.76144
3.33403
1.60435
2.38872
3.96069
3.64688
1.29723
3.39104
4.11622
3.71453
3.64392
2.52680
3.71411
1.80882
2.92302
2.41944
3.62398
3.23917
3.13760
3.13773
3.83924
2.69902
3.66273
1.77456
4.02614
3.96503
3.09336
3.53680
3.34227
3.70415
3.65233
4.01145
2.78921
2.70377
3.82768
3.50307
3.71092
3.62119
3.19302
3.80970
3.98113
3.28246
3.67736
3.45855
3.04435
3.43632
4.08900
1.62279
3.46101
3.64965
3.76403
3.80357
1.43112
2.63666
3.78579
3.71128
2.86878
2.31415
3.05133
2.14063
3.25549
3.60126
4.06000
3.84346
3.99456
3.14603
2.20518
3.85225
3.78050
3.49832
2.44161
2.90488
3.97624
3.32543
3.46788
3.44022
3.61810
4.00823
3.55278
2.16922
3.11157
0.19835
2.20973
3.90286
3.85726
3.12288
3.30014
3.93157
2.50657
3.37048
3.28226
3.15245
2.72379
3.26645
3.85515
3.63494
3.37580
4.05901
3.59178
3.64562
3.50155
3.94830
3.57572
1.75000
3.67810
2.96160
2.42392
3.06264
3.84482
2.24193
4.00931
3.81085
1.38646
3.77993
3.18215
3.66471
3.64254
3.83777
2.88780
2.34535
2.85326
2.92538
3.06255
3.88879
4.13325
3.82537
3.75516
3.68667
3.85799
3.26544
2.34998
4.19835
3.70728
3.68735
3.99382
4.02202
1.91829
3.00906
2.43160
4.03097
0.90140
3.23713
3.81227
0.60417
3.87997
2.43145
3.58073
2.43180
2.84268
2.50060
3.71872
3.41173
3.57720
3.57608
3.48659
3.31596
3.14264
3.19587
3.22949
2.76965
2.18014
2.82588
2.90949
0.35915
3.23900
3.78441
3.36901
3.64969
3.50047
2.18503
3.33486
2.82223
3.56552
2.73348
3.18229
3.26565
2.92416
3.01973
3.72489
1.96985
3.78364
3.71103
3.54101
2.69877
3.47255
1.45266
4.00149
3.22233
3.02900
3.94701
4.00725
2.86691
3.62572
3.09784
1.03376
4.03253
4.01971
3.27152
1.92833
4.02399
2.99699
3.74057
3.56507
3.76758
3.62869
3.05425
3.42054
1.79709
3.75292
3.90866
3.84264
2.31243
2.82524
4.05014
2.24073
2.43394
2.61760
3.93454
3.79321
3.53287
1.98977
3.23730
4.14426
3.91477
3.68697
3.91159
2.19817
3.70534
3.50650
3.42729
3.10319
1.64476
2.70419
2.88495
2.87274
3.58803
3.83149
3.17934
3.70324
2.46465
3.78764
2.08603
3.96900
2.36455
2.03249
3.43086
3.46571
2.52143
3.98928
2.47297
2.97455
3.52244
0.99479
2.33551
3.20468
3.08842
3.83389
2.07718
2.77746
3.11135
3.11945
2.15322
4.20734
3.30080
2.22313
3.52355
3.04490
3.24617
3.64640
3.58981
3.74410
3.26189
3.68586
3.60813
1.43655
3.66595
2.54118
3.67069
3.11786
3.77399
3.67959
3.29378
2.86834
2.97380
3.93126
2.52213
2.62369
4.04108
3.68002
3.71771
3.09295
3.71548
1.73263
1.77545
1.91018
3.60447
3.81376
3.83102
2.35791
2.39662
3.16765
2.11394
1.83391
3.34181
3.46349
3.85826
3.90474
3.33569
1.88798
3.74246
3.74594
3.75729
3.36976
2.87568
2.08217
3.65404
4.10254
1.41825
3.57389
3.86182
2.88500
1.85311
3.17204
3.35097
3.57434
3.06780
3.31428
3.11383
3.64275
3.97784
3.02770
3.76247
4.20083
3.33937
4.05202
2.68030
3.74351
3.75826
3.36142
3.39856
3.64372
3.99907
4.04056
3.07252
3.35637
3.46667
3.85666
2.42169
3.76397
3.48554
4.03019
3.62393
3.19787
3.26428
3.77510
3.64378
3.23468
2.99544
2.19259
3.13460
3.86498
3.66796
2.43702
2.95836
4.04701
3.46485
3.93729
3.11254
2.20490
2.01565
2.17499
3.49851
1.88886
3.96186
3.98420
2.99006
3.63761
3.17063
3.46418
2.90382
3.15043
3.63379
3.83447
4.04149
1.13318
3.63461
3.83198
3.62157
2.24576
2.18370
3.36671
3.96615
3.57653
3.41158
3.66410
4.08546
3.56709
3.46568
3.70610
3.85397
0.87122
3.04850
2.55484
3.23838
4.02661
1.76653
3.41109
2.15075
3.80246
3.18774
2.93983
1.93055
3.85142
3.66341
3.98805
3.55464
3.34958
3.85418
1.58421
3.81895
3.48092
3.21526
3.47451
3.40883
2.44152
3.25984
3.76874
3.87925
3.45422
3.83535
3.44374
3.80612
3.83560
2.90676
3.70660
3.64016
3.20915
3.65488
3.77080
3.63971
4.07076
3.19964
0.34058
3.97652
3.59514
2.97226
3.00758
2.36440
3.62383
2.78944
3.59360
2.74133
3.95896
3.34016
3.09471
2.81684
4.05457
3.17197
3.38206
2.61566
2.53316
3.21975
1.94444
2.44125
3.27631
3.60981
3.44466
3.13006
2.94955
4.16901
4.27751
2.83243
3.61803
3.33422
3.98366
3.45052
3.79502
0.18313
3.28680
3.28224
3.57741
2.51602
1.84359
3.39716
3.81474
3.82686
2.45165
3.77494
3.28859
3.98913
2.76584
3.12441
2.59838
3.61950
3.34974
3.58053
0.70646
2.58777
2.72249
2.57654
3.32913
3.26538
3.04073
3.71323
3.18885
3.89060
2.12037
3.85597
3.07179
1.87495
3.75547
3.87534
3.99245
3.69636
2.82693
3.70536
2.95936
3.43879
3.04763
0.71248
3.60570
3.63717
3.87009
3.81235
3.88032
3.85128
3.03783
3.63903
2.34053
3.79122
3.93602
3.75521
2.16541
2.74177
4.06123
3.48648
2.35491
2.85423
2.55227
2.56764
2.68068
3.45688
3.98918
3.51792
2.98746
2.47262
3.50258
3.68290
2.07550
3.52630
2.13471
3.21517
3.51619
3.68107
2.23243
3.23991
3.31172
4.05061
1.87089
3.46723
3.59767
3.81127
3.65008
3.06765
3.52432
3.68098
0.72419
3.61100
2.92542
3.74155
3.85510
3.05065
1.70890
3.68837
3.85217
0.25540
3.26751
1.64719
1.64831
3.33666
1.25970
3.77978
1.00558
3.99495
3.50530
3.88270
3.55380
2.84322
3.58075
3.62617
3.49746
2.46024
2.17152
2.80594
3.32330
3.94443
2.07147
3.97866
4.06219
3.92308
2.99992
3.84816
3.77545
3.96691
3.61817
1.23616
3.11504
2.95615
3.76859
2.08418
3.36318
2.24942
3.97814
3.64925
1.73486
3.91854
3.76969
3.73983
3.05886
3.54981
3.22645
2.47033
3.81291
3.62804
3.78688
3.15155
2.21970
3.73642
2.83792
3.16137
3.77263
2.05239
3.07936
2.90569
3.53736
3.78273
3.26674
2.02335
1.45977
3.58730
2.47157
3.59349
2.49092
1.92866
1.23776
3.11826
1.16298
1.09493
3.25709
4.08491
3.25071
3.48971
3.66571
3.69831
3.61826
3.59565
0.83329
3.66281
3.49988
3.82880
4.01067
3.42059
3.54717
3.93916
1.58130
3.06527
2.43480
3.81046
3.54592
2.62301
3.74679
2.01373
3.25617
3.69715
2.99237
3.81587
4.09305
3.16478
3.00172
3.40883
2.80939
3.36416
1.89051
3.94314
3.68023
3.54111
2.66227
3.01242
2.17974
2.78188
3.56157
3.86906
2.86325
3.22702
2.96561
1.35637
2.83142
3.64048
2.33970
4.13926
3.55667
2.58683
4.01572
3.31084
3.76866
3.62990
2.85282
3.90321
0.30668
3.88622
3.71361
3.39947
3.65474
3.71348
3.91092
3.22926
2.57693
3.97192
3.91499
1.16809
3.60332
3.88304
3.62907
2.99894
3.06557
3.76558
3.00774
3.43958
3.04456
4.18113
3.23935
2.75585
3.66732
2.89507
1.55929
3.07726
3.15822
2.61865
2.63296
1.25200
3.82771
3.39307
3.46836
2.39526
3.24560
3.98264
4.03716
3.90106
3.32193
2.33676
3.82541
3.61662
3.77677
3.72054
4.01355
3.68319
1.62233
2.80399
1.58286
3.53795
0.91262
3.00535
3.75103
3.55617
3.72932
3.45052
3.63741
3.64901
3.56102
3.38434
2.64096
2.75689
4.11367
3.49424
3.57892
3.40504
3.12996
1.82688
3.49364
1.44580
2.29207
3.44181
3.30066
3.67272
1.99814
1.84481
0.82764
1.54773
1.68042
3.26617
3.41517
3.79883
3.39623
3.64255
2.54529
1.63602
3.83469
3.58663
3.53506
3.48380
3.62103
2.77215
1.71203
3.56169
3.87268
3.68101
4.01474
3.61647
3.34747
1.98519
3.49823
2.07045
3.29100
3.43637
3.63863
3.90450
2.30956
2.09765
3.99280
3.78213
3.46995
1.81218
3.44343
3.73717
2.55371
3.68693
3.70215
3.77663
3.42645
3.48446
1.56861
1.98281
2.91316
3.69735
2.52134
3.63409
2.65845
3.75817
3.75700
2.99703
3.80127
3.78761
3.82232
3.71935
3.31169
3.97804
2.78102
2.89605
3.67607
3.98723
3.50973
3.83882
2.55702
2.08695
2.23094
3.75277
2.40100
3.55411
2.82504
3.32689
2.43013
2.68811
3.23999
2.71024
1.10626
2.40158
3.95756
1.57253
1.16526
3.75378
4.06459
3.61519
4.03618
3.91171
2.47497
4.05756
1.14263
4.08339
3.06816
3.74229
3.48511
3.47768
2.10347
2.60651
0.96475
3.04425
4.03872
3.75451
3.67895
4.06272
2.38778
3.07326
3.71077
3.77385
3.69425
3.35622
3.30375
2.78394
3.59525
4.00447
2.05231
2.54460
3.73920
3.75658
3.26376
3.55708
3.56949
2.43104
1.19033
1.44690
3.66253
3.85576
2.52887
3.52858
3.28701
3.71240
4.02922
3.96322
3.62990
4.03363
3.35188
3.25839
3.50762
2.71552
3.24642
3.76457
2.00927
3.55911
3.48187
3.45462
2.26193
3.54740
3.75122
1.97979
3.86461
3.31648
1.59910
4.01267
3.79313
3.30727
3.27155
1.43751
3.55641
3.97225
3.61083
3.77091
3.72352
3.55603
3.23993
2.67932
0.13884
3.95843
3.56455
2.58631
3.58939
3.70494
3.98231
2.66522
2.57947
0.46750
3.21051
3.68828
3.75256
3.03178
3.54552
3.85851
3.97230
3.55914
1.56316
3.71848
3.16909
1.68810
3.46159
2.98061
3.96003
3.49943
4.05943
2.92498
1.54385
3.20807
2.13646
2.36652
3.44104
3.60508
3.00785
2.80041
3.69876
3.16844
3.27746
1.16705
3.34090
2.10472
3.56853
2.72746
2.17901
3.64446
1.56564
2.96625
3.47074
3.62197
3.58611
3.77500
3.45666
2.32572
3.67387
2.44704
3.61528
3.28613
3.43238
3.20019
1.18860
3.08676
3.92308
3.71199
3.73827
2.85921
3.42174
3.37182
2.41148
3.85266
4.04822
3.94760
3.65745
3.68326
3.61532
3.46160
1.84461
4.00688
3.67203
1.34347
3.95882
0.92119
2.86815
3.57339
3.15769
2.69072
3.64860
3.75867
4.03094
3.61674
3.61134
3.49431
3.45901
3.57434
2.75853
4.00244
4.05973
3.69991
3.91832
4.01916
3.54075
3.91031
3.69529
3.13071
2.84621
3.70232
3.41303
4.06532
3.80077
3.26654
3.14079
1.81317
3.39517
3.56329
2.93401
0.73479
2.39640
0.96463
2.93880
2.60620
2.35381
3.60735
3.48286
3.64949
3.40557
2.99344
2.64755
4.19994
3.90414
3.41810
3.51049
3.60064
3.12284
2.70706
2.93318
0.89749
3.63809
3.79073
2.37533
3.55994
3.31959
3.58800
1.95046
2.28592
2.92190
3.00074
1.44112
3.48216
3.31499
4.00337
3.42282
2.19052
3.54063
3.35799
3.72518
3.32272
3.71170
1.33940
3.43048
3.99692
3.77055
2.22448
2.38157
3.99981
3.09686
2.75876
3.80540
3.89590
3.47468
3.50890
3.94350
4.03159
3.13651
3.39054
3.36113
2.00711
4.07038
2.79830
2.93503
3.36282
3.41936
3.98795
2.86870
3.24037
3.52013
3.85099
3.04128
3.44811
2.29714
1.54054
3.64870
3.35651
3.47636
1.12785
3.97032
3.61724
3.20198
4.09502
3.93892
3.45372
1.99076
2.52911
3.37830
3.50183
1.79814
3.31718
3.01182
3.93485
3.27844
3.94094
3.03332
2.58625
3.72254
3.15746
3.82428
2.95951
3.61885
3.55570
0.69520
1.37572
4.13367
1.85570
3.67119
3.27025
3.56106
1.71628
3.21873
3.01538
3.82916
2.90077
3.21056
2.92591
3.01685
3.88676
3.64297
3.73483
3.67787
3.32489
3.33565
3.51720
3.68972
3.86389
3.58919
3.78646
3.59288
3.76582
4.08537
3.32677
3.79678
3.40239
1.93720
3.49258
3.70289
1.36237
3.91345
2.86687
0.34184
3.49046
3.08399
3.80846
2.65725
3.56056
2.48501
2.59888
0.85258
0.79814
2.95390
4.19650
3.51305
3.58703
1.66361
3.27830
3.70126
2.44377
3.41969
3.71768
2.69800
3.40518
3.57294
3.68434
3.36913
2.76042
3.55373
3.40435
2.69245
3.05408
0.67901
2.26919
3.73069
3.93635
3.95666
3.01522
2.87126
2.44137
1.30171
3.98354
3.58217
3.60290
2.97722
2.27940
3.80505
3.02631
3.22213
3.78178
2.76796
0.24328
3.48905
2.67391
2.27153
3.74992
1.69701
3.13138
3.44639
2.28423
4.06209
3.66927
4.15860
3.09997
3.11524
3.84533
3.86120
3.18351
3.83187
3.97159
1.88279
3.84954
3.37838
3.11063
4.15081
2.90149
2.39009
3.97571
4.02216
1.88633
4.14501
1.01111
4.07654
3.53382
3.10254
3.64515
3.11515
1.89274
3.72720
3.51622
3.67142
3.64479
2.38818
2.98811
3.85076
2.60626
3.60724
3.94572
3.62490
3.16025
2.75313
3.37997
1.83598
3.78815
3.18159
3.41151
3.00658
3.85730
3.57251
3.80291
3.78647
3.11101
4.09060
3.62626
2.93090
3.41168
2.70970
2.91438
4.00814
3.85220
2.56167
3.84409
2.45396
3.72956
1.73833
3.51067
3.53356
2.40288
2.82683
3.44999
3.53932
3.82085
3.33432
2.15548
3.97872
3.86587
2.08174
3.14896
1.18006
3.65750
3.90505
3.46582
2.35811
3.43228
2.69980
1.72891
3.79729
2.77768
3.40794
3.42112
1.67690
3.37420
3.69754
2.15817
3.71620
2.34687
3.35340
3.32476
3.19225
3.02727
3.26504
3.70688
3.83099
1.41797
3.50066
2.80792
3.13634
3.63563
1.22275
3.76962
1.40432
3.58231
2.54440
2.99236
3.58504
3.58113
2.54523
2.10686
3.27505
3.23827
3.37858
3.57748
3.10102
3.41246
2.37475
4.07490
0.82963
3.84877
3.89351
2.79212
3.39342
3.57533
2.79409
3.20209
3.43552
3.58891
3.45181
2.57140
3.40452
3.34844
3.64771
2.36853
3.65950
1.91690
3.61547
2.63985
3.12491
1.99085
2.96297
0.73916
3.09530
3.36972
3.78179
3.51984
0.95527
3.49615
2.47581
3.76692
3.66878
3.18989
3.75833
3.82701
3.44323
3.69028
2.44963
3.23363
3.75172
3.51911
2.44788
3.65932
3.77772
3.34375
3.76006
3.10568
2.07591
1.17851
2.28423
3.70827
2.87119
3.69690
3.77108
3.39017
2.63984
3.71524
3.44466
3.61215
2.80790
2.44901
3.10378
3.35293
1.99190
0.03922
1.61156
2.17164
2.91956
2.98895
3.43156
2.67497
3.20986
2.42224
3.83848
3.45087
3.76781
1.30293
1.91951
3.75663
3.00396
2.89303
3.47495
2.20401
2.32380
2.51153
3.48168
2.33682
3.34226
3.32694
2.13847
3.76331
3.87764
2.79600
3.05139
3.72400
3.33334
3.09390
3.86940
3.59736
2.17855
3.18616
2.53367
0.06199
2.69078
3.72137
3.50152
3.30010
3.49281
1.09036
3.56417
3.50464
3.69581
3.67859
3.87454
3.82075
1.35844
3.94293
3.91599
3.95512
1.27347
3.89911
1.75875
3.26358
3.43411
3.36544
2.48081
3.06809
2.72712
3.17026
2.52207
3.20606
3.20075
1.38200
2.04157
3.53187
1.78231
2.20180
3.39001
3.46959
2.26401
3.04288
2.68537
3.40850
1.98492
1.42070
3.10793
3.90570
3.81039
4.06986
3.52059
3.80139
1.53002
3.47448
3.51606
3.97370
3.74817
4.06474
1.84183
3.54435
3.04777
3.55962
2.91703
3.39624
3.61325
3.32728
2.81092
1.76361
2.52674
3.59236
2.51835
2.72449
1.94313
2.02864
3.29344
3.58633
3.88676
1.76386
3.62361
3.92149
3.62936
0.81019
3.68994
0.60091
3.48988
3.24188
3.89150
1.94518
3.90244
3.41459
3.48736
3.30003
3.49528
2.09160
3.50906
2.83049
3.91780
2.82817
2.53579
3.60038
3.31274
3.56378
0.39769
3.56351
3.51707
2.65444
1.64508
3.35982
3.52073
2.94119
1.87661
2.22266
2.98966
3.59102
2.01345
1.82575
3.64332
2.43516
2.95434
3.53876
3.20361
2.50124
1.79078
2.01747
4.03872
3.20925
1.20634
3.58205
1.74684
1.74635
3.18818
2.19162
2.86656
2.49895
3.18293
3.93666
3.60132
2.64090
3.97267
3.59316
3.87515
3.59178
2.38879
3.71980
3.78839
2.53216
2.37027
2.40134
3.44830
3.56256
0.92580
3.11165
4.04954
3.70868
3.49318
1.58323
1.85573
3.73521
2.11077
2.81757
3.41477
3.06617
1.55645
0.96003
1.70432
2.95968
2.84564
2.69210
3.82785
3.18241
3.98709
2.43250
3.85259
3.56524
3.67824
3.76725
2.73031
4.02325
3.10183
3.38840
3.57543
2.89313
3.67386
2.10611
3.60578
3.98200
2.14130
3.83668
3.00114
2.73150
3.35060
3.33628
3.77185
3.38650
3.77541
3.52006
3.42441
3.33222
3.39894
1.03344
3.63204
3.52497
3.39655
4.16467
3.89536
2.90628
2.53904
1.21839
3.66776
2.74963
0.66769
1.61629
3.58366
3.97083
3.39768
3.77712
3.88895
3.69817
3.29141
3.60702
3.69789
1.83635
3.56169
2.50639
2.25332
3.63158
3.87502
2.97008
3.14766
3.89963
3.74561
4.10486
1.18030
2.36818
2.48979
1.65098
3.53980
3.73567
2.38886
3.62561
3.87153
3.84025
3.68803
2.29820
3.43491
2.98031
1.08381
3.93589
2.60484
1.61399
3.69065
3.49110
3.36966
0.63310
3.90521
1.46443
3.31015
3.74359
2.72257
3.24625
3.14916
3.45455
3.75185
2.72789
3.02355
3.55674
3.71825
3.44499
3.48761
3.69262
2.92517
3.00744
3.15459
2.56288
2.20674
1.21388
2.93171
1.97514
2.66446
3.42032
0.42265
3.69293
3.76201
2.95394
1.55278
3.69976
3.03436
3.58236
2.35163
2.28940
3.80000
2.67498
1.42034
2.99172
3.34128
2.33485
2.32841
4.07838
3.48075
3.91404
3.24712
3.54997
3.21574
1.12268
2.71714
3.49718
3.05321
2.92955
3.48528
3.58110
2.08761
3.15218
3.84731
1.70641
0.62750
2.15918
2.67611
1.99042
2.87542
3.91075
2.26271
2.78222
3.54753
3.69417
3.34833
2.48257
3.28403
3.13492
3.78279
3.34807
3.93782
3.10733
3.70602
3.68155
3.45244
1.28929
3.68373
3.61058
4.11364
3.16270
2.78786
1.46440
3.78479
3.84325
3.15074
2.72844
3.44729
2.45627
1.05124
3.63558
3.70031
2.26822
3.56671
3.18371
2.43635
3.73552
3.68456
2.11770
1.40536
3.75841
2.19836
1.75903
2.77949
2.86754
1.85810
3.55744
3.84716
3.24247
3.91927
3.52211
3.90921
3.76070
3.50166
2.33782
3.97411
3.42429
3.84138
2.09261
3.35668
3.73749
3.79808
3.97243
2.13050
2.16756
3.57132
3.33535
3.69329
2.76658
3.77876
3.86139
2.70909
1.89490
3.47065
3.74988
3.28433
3.72116
1.93758
3.61849
3.37534
1.73132
3.67891
2.38793
3.97423
3.46989
3.81389
2.30776
3.15109
1.82329
3.74060
3.71075
4.02706
2.78723
2.34808
3.90945
3.70142
3.74031
1.21477
3.15580
2.38037
2.11646
3.67030
2.97872
3.69198
3.55565
2.95279
3.45242
2.48706
3.70260
3.49418
3.69988
1.22382
2.81310
3.63828
3.17130
3.59193
2.10838
3.46278
3.94593
3.78252
0.06133
3.27451
3.91594
3.55083
3.56638
3.86856
3.34801
2.42135
3.94310
3.90629
4.06589
2.21530
4.12280
2.55878
2.24195
3.51292
3.68658
3.30914
0.71123
3.23903
3.51848
3.74736
0.72863
3.84947
3.41351
2.61545
4.04188
2.79131
2.22777
3.72481
2.44576
3.28225
3.38379
4.02839
3.89704
1.58511
0.85668
3.97704
3.59289
3.15298
2.19964
0.91778
3.10564
3.52206
2.59454
3.85995
4.16983
3.16346
1.80892
2.97682
3.20507
3.79561
3.75741
3.35544
1.58359
3.37836
3.46758
3.83060
3.14815
3.60397
3.87864
3.37078
1.52575
3.89565
2.72205
3.47477
1.91269
3.16832
3.48501
3.88922
3.58894
3.68113
3.50159
3.88778
3.74458
3.61310
3.99588
3.69929
3.74139
3.95408
3.30163
1.94636
0.55881
2.96017
3.49462
1.70115
3.82594
3.87080
3.15887
2.21048
1.91464
3.61435
1.99671
3.09282
3.67737
3.69199
1.04133
3.66848
2.51784
2.82338
3.07236
3.58800
0.60892
3.32378
3.65087
0.30380
3.73813
3.32161
3.97108
2.71746
3.30000
3.72822
3.63098
2.70398
1.51761
3.96715
2.99224
1.57005
2.93442
2.48558
3.72140
3.86119
2.71812
3.51861
4.14523
3.53115
3.02599
3.77344
1.89261
3.29667
3.19839
1.82486
3.87973
3.81269
3.55186
3.80411
3.12996
3.38665
2.40569
2.91715
1.50849
3.79045
2.16874
3.12552
3.21271
2.97663
3.61983
3.94969
3.68113
3.25984
3.43369
3.78853
3.11522
3.72638
3.17209
2.94624
3.52913
2.16321
2.95805
3.53998
0.54443
3.18818
3.51345
1.50619
0.38596
3.74980
0.45247
3.23206
1.94825
3.37562
1.54078
3.37564
3.61141
2.92150
2.55380
3.30115
3.25695
3.74041
4.01942
3.99328
1.64733
2.91196
1.60680
3.88356
3.28908
3.31371
3.10837
3.84052
1.97469
2.98885
3.52077
3.97271
3.88670
4.00561
3.27615
0.80999
2.91953
3.18845
1.25274
2.78134
1.05825
2.04991
3.01235
3.54348
3.10099
3.19839
3.71054
2.88351
1.64888
1.46931
2.93273
3.40148
2.41617
3.90003
4.01023
4.18113
3.82645
3.22310
1.89485
3.46930
3.12054
3.58880
4.11313
3.34158
3.18713
3.00762
3.48107
3.01518
3.54637
4.06952
3.54459
3.22740
3.00484
0.52262
3.66397
3.88516
3.55970
2.88554
2.00059
3.45846
3.90334
3.99368
3.29147
3.61079
3.98551
3.37742
1.30350
2.94238
4.10436
3.83099
3.81975
3.52815
3.96090
3.21234
1.66979
3.55328
4.08378
2.02015
1.27201
3.55561
2.27850
2.60897
3.15247
3.60884
2.85122
2.06893
3.58690
2.09377
3.49461
3.82839
1.97192
0.73349
3.79271
3.16451
2.92204
2.66703
2.73188
3.35948
3.37983
3.25716
3.99770
3.83584
1.64211
2.34946
2.78229
0.55189
3.35172
3.63982
3.96509
3.26889
3.85690
3.11132
2.65484
3.70669
1.86132
3.87573
3.18671
0.31517
4.11800
2.97171
4.05054
3.89134
2.39677
3.20316
3.99608
3.46880
3.95400
3.16692
3.77478
3.80525
1.26044
1.79695
3.68609
4.04271
3.68746
3.79886
3.57693
2.60636
1.32979
2.13202
3.69453
3.38358
2.55886
3.85546
3.70960
3.41642
1.96932
2.44617
2.63814
3.77332
0.71813
3.07666
0.92696
4.11715
3.71055
3.57529
4.12746
3.27769
3.66487
2.25362
3.90971
3.15021
3.82181
2.83748
3.13577
3.40811
3.95358
3.50134
3.48225
2.64147
3.23500
3.94416
4.24460
1.24851
3.65076
3.18541
3.65865
2.90004
3.71009
3.29524
2.81693
3.67771
0.18612
3.23468
2.51697
3.29661
3.56068
3.10545
3.61854
3.95153
3.14954
3.43341
2.20281
0.03597
3.67471
4.03475
3.61312
3.47470
3.12065
3.99587
3.70051
1.98933
2.79919
3.84162
3.18168
1.45106
3.19938
2.53003
3.56230
3.52475
3.80304
3.53953
3.60990
3.98645
3.60850
3.60241
3.62987
3.75588
3.17794
2.79563
3.21048
3.35251
3.67658
3.90009
2.89887
1.84676
3.40573
3.80929
3.27779
2.64467
3.02735
2.82981
3.64878
3.04793
2.63957
3.87896
3.02568
1.21852
0.32006
3.37386
3.91325
2.08147
2.54722
4.14082
3.42112
2.68792
1.86148
3.07979
3.41673
3.51481
2.95738
1.84665
3.44323
2.59850
3.87843
3.69926
3.61352
3.45769
3.09385
3.39604
3.52158
3.89708
3.54717
2.72938
3.70553
2.06383
3.66340
2.85791
2.39726
3.21531
4.11609
1.75853
3.58645
1.52682
0.60100
3.68746
2.39992
3.80438
1.70997
3.71629
3.35619
3.07183
3.61216
3.31787
3.47542
3.05962
3.17670
2.09519
2.34232
3.43607
3.22577
2.71872
3.15043
2.63763
2.90191
3.54867
2.44980
1.53801
3.81701
3.70220
3.41347
3.69735
2.33232
3.83809
3.23322
3.90461
3.74800
3.41376
3.05694
3.33424
3.46727
3.18748
3.67883
3.59545
3.16797
3.94562
2.19383
3.37619
3.84497
3.16109
3.54779
3.46496
2.16035
2.36231
3.03499
0.68286
3.75559
0.23111
2.61617
3.46642
2.16389
3.93633
3.59582
3.49667
2.71729
1.21077
3.88198
1.42757
3.96298
3.56203
2.70502
3.11434
2.50491
3.73886
3.18167
4.08606
3.13426
3.26457
3.43655
3.57835
3.65108
3.81412
0.25172
2.59734
2.89077
4.08790
3.91147
3.31007
2.62955
2.39636
1.68703
3.60309
0.68759
3.72765
3.08147
2.97154
3.09017
2.97451
3.35198
3.71675
3.75026
3.37439
3.70075
3.80864
1.79733
2.65049
3.93293
3.60226
3.02265
2.38285
2.16628
3.03953
2.85221
1.80934
3.81968
3.44645
3.84422
3.37216
3.00528
3.96053
3.03603
3.85553
2.74133
3.97630
3.34712
3.77912
2.81855
3.62502
1.55666
3.82957
1.45603
3.22333
3.84000
3.83655
3.84984
3.12557
3.73876
3.36146
3.66721
3.72952
3.67447
3.91446
2.00201
3.38340
3.56900
3.48085
3.45979
2.11324
3.77591
4.04689
2.16993
3.10557
4.08703
2.84511
3.27076
4.01548
2.86840
3.90198
3.74594
3.62337
2.74208
3.17642
2.53054
3.76815
2.80958
3.73001
3.74800
1.91740
3.67255
3.20667
4.04204
1.87683
3.14103
3.96247
2.60349
3.42399
1.31094
3.72654
1.88191
2.79212
3.58541
0.73979
2.23751
3.78364
2.82415
2.97751
3.90159
3.79957
3.59539
3.29596
3.94378
3.17065
3.90215
2.13234
3.90149
2.03506
3.13156
3.69005
3.49330
3.87633
4.02846
2.30312
2.77730
3.79093
3.68548
0.62709
1.11966
2.10682
1.06564
2.22485
1.07829
3.50228
3.80572
3.56162
3.34668
3.84831
1.67458
1.12800
3.25433
1.53008
3.46867
2.83650
3.59091
3.26136
0.58963
1.81712
3.03535
1.80805
3.05413
3.60813
2.95986
3.64174
0.65443
2.82062
3.85967
3.01749
2.07409
3.78981
1.77008
3.83437
3.97917
3.47491
3.32086
3.54170
3.53103
3.62084
3.50063
1.94851
3.80983
1.40220
3.87265
3.43071
3.75811
2.31220
0.64762
4.02329
3.39240
3.17127
2.05433
3.81404
2.28058
3.35510
3.03620
2.45084
2.47765
2.90061
3.37911
3.99658
3.84528
3.94848
3.58342
3.78184
3.48836
3.41785
3.15351
3.02389
3.12651
3.85054
3.53041
3.81843
4.04058
3.21910
1.96898
3.35227
2.48821
3.09921
3.21778
3.59073
3.50505
1.13988
1.46960
3.66370
4.16815
3.47702
1.72390
2.27772
3.81949
3.15862
3.20484
3.00011
1.82349
3.73172
0.29789
3.52866
3.79414
2.16454
3.62884
1.83509
2.71454
4.04184
3.41018
3.36423
1.48782
2.85089
3.52072
3.33181
1.82490
1.72967
1.04947
3.53335
3.35601
2.88773
3.29480
3.59184
3.87444
0.31773
3.58166
3.99820
3.28090
0.95552
3.42046
2.85997
1.16752
1.73155
3.82784
3.71815
3.65393
3.11831
3.76716
3.56340
3.90823
3.59582
1.44618
3.47730
3.83271
3.93318
3.53267
3.73749
2.38820
2.59030
3.66589
0.76177
3.66315
3.54825
1.52748
3.35322
3.30163
2.96528
3.41715
1.72698
3.32784
3.05771
3.65609
2.52872
3.44508
2.64424
3.86956
2.45981
3.17461
3.42779
3.44918
3.39415
0.77752
3.74811
3.14730
3.90674
3.17406
1.34535
2.01015
0.87573
2.80259
3.41151
4.20085
3.61252
2.73772
1.68531
1.91557
3.31398
3.71835
3.67886
3.31179
3.92564
2.32069
4.09070
3.69025
0.27736
1.65306
3.39259
2.94524
0.71412
2.63635
3.93631
3.69749
3.19358
3.68445
3.59322
3.53195
3.63701
2.79977
3.51997
2.47441
3.41442
3.72043
3.25793
2.60837
3.75669
1.12887
3.81953
1.89245
3.43053
3.68817
3.25523
3.23618
3.65829
3.58445
3.91297
1.49763
0.03229
3.45315
3.87867
4.21744
3.24145
2.52548
3.75775
2.64469
3.74433
0.85542
3.86017
3.63715
3.90479
4.00297
3.95148
2.84643
1.70147
3.72569
3.50297
2.61294
1.94892
3.98529
3.49354
4.03354
3.20596
2.47161
3.74637
2.16273
1.19548
3.15427
3.61519
3.54157
3.46983
3.02977
3.59288
2.07449
2.22761
3.59476
3.86994
3.67115
2.19828
4.03120
3.60196
3.35099
3.24731
3.76146
3.47654
3.39907
3.78701
3.22961
3.97224
3.20658
3.81869
0.17206
3.94750
1.76940
2.13873
3.77512
2.38602
3.36021
3.87923
3.77711
2.40264
3.45295
4.04059
0.28850
3.70060
3.61675
3.20741
3.88504
2.70051
3.49902
3.47751
3.33605
3.87213
3.46282
3.50838
3.94650
3.06965
3.60742
2.89966
3.59414
3.13361
1.95661
3.50816
3.84670
3.20625
3.42794
0.26017
3.75496
2.22986
3.39184
3.86009
3.76247
2.56148
3.84387
2.76998
1.65427
3.43603
3.84417
3.09054
1.38604
4.02057
3.67440
3.80487
2.68985
3.10057
3.46494
2.17451
4.13834
1.27289
3.69886
3.38333
2.52665
3.20270
3.71083
3.76148
3.53527
2.89255
3.60603
3.76016
3.12642
3.19350
3.89462
2.37959
2.89680
3.87748
3.61498
3.05836
3.12052
1.37798
3.23167
3.33750
3.32548
2.18103
3.58621
3.47365
3.56186
1.40804
1.03451
3.98668
3.48414
2.38585
3.50792
0.25153
3.86702
3.73197
3.33785
3.03296
3.81221
3.24278
4.09885
3.46671
2.05428
3.14165
3.10869
4.06476
0.96683
2.32551
0.73447
3.64569
2.79397
3.22814
3.77180
3.48610
1.99864
2.84222
2.92940
3.13986
3.11625
3.92710
2.60727
3.46509
3.85433
0.53067
3.36949
3.98691
2.94733
3.58432
2.69678
3.08852
3.75018
3.42432
3.80063
3.28098
3.56475
2.92290
3.46470
1.59269
3.93218
2.90143
3.09172
3.75535
1.62568
3.72351
2.95410
3.73531
2.54810
2.74971
3.27018
3.40448
3.96374
3.54795
3.12409
2.80853
3.21349
3.71938
1.32727
3.46061
3.47337
3.59195
3.30568
3.73028
3.24585
0.92627
1.58775
3.43815
3.28122
3.13519
2.30310
3.57029
3.59278
3.93651
3.57282
3.71033
3.22701
3.22820
1.28027
3.59501
1.88221
3.45759
3.78455
2.93535
2.70254
