2.45032
3.20935
3.81053
3.62410
0.51673
3.67120
3.73993
3.70093
1.56291
2.93612
4.03200
3.90668
2.40861
1.78607
3.43241
3.59695
2.56950
3.74501
0.79084
2.03689
3.52211
2.90820
3.04085
3.73869
3.49667
2.66513
2.55398
2.50822
3.71000
3.71753
1.34714
3.06939
3.54123
3.56887
3.62911
3.59558
3.44685
3.85307
3.89788
2.56886
3.61055
2.63149
2.05343
2.04929
2.89391
2.52878
3.69574
2.93224
3.87659
3.99989
4.03214
3.79368
0.53433
3.89329
2.65724
3.96616
2.34724
1.46528
3.81153
2.91832
3.74265
3.32515
3.29419
3.37076
3.43175
2.77632
3.60457
3.20737
3.56489
2.35820
3.97142
4.10481
3.79134
3.37388
3.26769
3.47125
0.78274
3.91789
3.50057
3.06981
1.64812
3.68833
1.49976
3.08226
3.70987
3.08272
3.06858
3.01449
3.54418
2.41038
3.38821
2.53427
4.05237
3.61126
2.97283
3.91366
3.87831
3.96178
3.67620
3.64673
3.64823
1.93453
3.90075
2.90205
3.59850
0.64002
0.53375
1.87228
3.89771
3.50526
2.52150
3.33269
3.97155
2.57640
3.10451
1.90554
2.40757
3.25245
3.49340
1.00590
3.39825
3.96276
3.59027
3.35105
1.61546
2.53226
3.89110
3.65428
2.90104
3.82242
2.90072
2.63264
2.94031
3.38666
3.60129
3.60719
2.72697
3.85223
2.10342
1.11428
3.33749
3.31259
2.83494
3.70267
3.63319
1.80087
3.61925
0.78387
3.51366
3.71023
3.23693
3.87056
3.11298
3.09284
3.84466
3.95718
2.37027
0.37901
3.50880
2.81642
4.02903
3.10958
3.36648
3.48490
3.83736
3.11677
2.90676
3.86991
3.53002
3.11334
3.38331
3.95368
3.82095
4.04832
2.33072
3.07643
3.53741
2.16189
3.05504
3.32982
2.79255
3.65442
3.20956
3.49109
3.85622
3.93770
4.00857
2.82869
3.43390
2.05007
2.74537
3.17826
3.77575
2.06854
0.90598
2.46519
3.10406
3.22143
3.04829
2.74716
2.36361
3.65136
2.56838
0.89940
3.87864
3.12292
3.62960
3.03798
3.74986
4.15141
2.59466
3.54002
3.76929
3.33847
3.64535
3.46966
3.08614
2.31354
3.80750
3.27345
1.29805
3.44083
3.42983
3.96230
3.84700
3.44667
1.13062
1.26289
3.82853
2.91045
3.59983
2.56557
3.29439
2.21784
4.08681
3.25541
4.02439
3.67632
0.42669
3.29420
1.00957
1.65005
3.68069
4.05960
3.59384
2.57554
3.56334
4.16989
3.73169
3.07032
3.58968
3.33081
3.83449
3.73834
3.11828
3.86134
3.51063
3.91255
3.36819
2.50754
3.04722
1.73014
3.49405
3.52270
3.93223
4.17124
3.28355
3.60984
3.22146
2.94412
3.56341
3.91474
3.33380
3.40563
3.41320
3.67309
2.11531
3.82637
1.93618
1.75941
3.15524
1.86294
3.92097
3.41736
2.23892
3.77699
3.00992
3.87103
3.17419
3.61489
3.42708
3.72964
2.50450
3.55917
3.26936
3.16556
3.61077
3.72935
3.20089
4.04097
3.62792
3.45843
2.65848
3.62883
2.57606
3.70711
0.74903
3.59304
3.98586
2.94593
3.73597
2.87894
2.14346
3.18799
3.42032
4.02369
4.06201
3.75817
2.76621
3.02654
2.19084
3.81102
3.98419
1.51623
3.32353
3.54565
3.59433
3.34257
2.72173
4.01984
2.19865
3.80433
2.07530
3.20251
4.01469
0.95240
2.06417
3.84251
2.75291
3.11459
3.44068
3.32253
2.71283
2.02203
2.95103
3.64439
3.66381
3.84502
3.54446
3.70886
3.63168
3.88064
3.75356
2.98114
2.71993
3.71200
3.37263
3.55210
3.71545
3.68762
3.61148
1.97161
2.96354
1.15667
3.46032
2.72751
3.55861
3.65064
3.98954
3.84245
3.45513
0.59353
3.93186
3.28882
2.52533
3.66116
2.51268
1.03564
0.55084
3.49319
3.84730
2.98156
2.33250
3.71058
2.29157
3.66569
3.54188
2.41488
2.96618
3.37271
3.63883
3.62635
3.79693
2.30460
3.95296
3.55810
3.91671
3.61837
2.65146
2.66788
3.86545
3.82845
3.89405
3.91570
3.81584
3.65685
1.65749
2.94868
3.99947
3.48278
3.68949
3.95941
2.08920
4.07654
4.07410
3.72162
3.95507
3.56278
2.82560
3.09562
3.94775
3.83931
3.73155
3.49466
2.19730
1.81173
3.83872
3.66918
3.51944
3.68373
3.14886
3.15022
1.83877
3.63341
3.90930
3.77255
3.49816
2.69346
3.55298
4.01244
3.56744
3.57465
3.88953
3.22950
3.41120
2.26211
3.59573
3.68426
3.07452
2.89996
3.36988
3.46027
3.12845
2.71571
4.02263
3.31810
3.62540
3.78904
3.27531
3.65396
2.91316
1.05722
2.31750
3.63403
2.20146
3.65817
3.04272
2.34907
1.95253
3.46895
3.47884
3.79042
3.37696
3.36927
3.48912
2.99034
3.53357
3.20670
4.03243
2.84626
2.43643
3.77294
3.66388
3.68994
3.38634
2.81878
3.65780
2.96572
3.84065
3.56558
3.50771
1.11323
3.77698
3.84332
3.66446
3.36847
3.80595
3.73816
3.74713
1.99569
3.42817
3.36149
4.03953
3.55523
3.62985
2.29451
3.45449
4.02117
1.89105
2.71174
3.88818
3.88332
3.43344
3.36150
1.35397
0.94040
1.96447
3.57452
1.89389
1.94186
3.54131
4.16174
4.05474
3.70628
1.22616
3.80166
1.39296
3.03933
3.24459
3.22359
4.26015
3.22272
1.28254
1.06412
3.61797
3.15192
3.51787
3.78434
3.32546
3.89852
3.81429
3.43015
2.88909
3.25380
3.65900
3.16978
2.35393
3.80170
1.97678
2.12574
2.48242
3.86906
1.37828
3.75886
2.49993
3.24575
1.80841
3.24503
3.47242
1.16593
3.92164
3.80319
3.19868
3.38284
3.73278
3.70717
2.91602
2.65657
3.38707
3.86539
3.94413
3.65831
3.80142
3.20646
3.49918
3.04428
3.87853
3.52367
4.17162
2.52549
3.56170
3.24018
2.04918
3.42848
2.79983
3.11449
3.10781
3.30081
3.66919
3.85726
3.67400
2.34377
3.60940
2.42836
3.38140
3.05917
3.92115
2.12258
3.30618
3.56279
3.89623
1.74694
2.58802
3.73959
3.77270
3.08146
3.72030
3.76330
3.80410
2.17554
2.88570
3.11921
2.78343
3.57125
3.09704
3.06277
3.87806
3.31927
1.57923
2.95840
3.33667
2.33081
2.30668
3.76479
3.74703
3.74927
2.74110
4.04072
3.23203
0.66497
3.97288
3.54076
3.61168
3.79432
1.61027
2.91196
3.04612
3.73835
3.44683
3.57815
4.05381
3.59352
3.62152
2.81794
3.30037
2.50158
4.10696
0.30408
2.83207
2.54389
3.66027
3.85802
2.99956
3.38180
3.86291
2.40660
3.49365
3.84319
3.81071
4.02935
3.39216
3.66157
2.85630
3.98347
2.05679
0.02248
3.42372
3.66243
3.72301
3.48812
3.32046
2.21968
2.40072
3.58473
4.18105
3.20590
3.66237
3.61575
4.02720
3.35773
3.55890
3.56805
3.79505
1.70662
2.91752
3.92168
3.08399
3.83154
3.29161
3.69833
3.45233
3.69441
2.57011
1.95545
3.85158
3.76309
3.57302
2.82649
2.27541
3.46911
2.72552
3.51588
3.80921
3.70022
2.81148
2.93572
3.31143
3.32487
3.75798
3.28843
3.75702
2.39566
3.62869
3.47448
1.52827
2.71089
3.53350
3.74637
3.39262
3.27721
4.12053
2.05704
1.11429
3.76938
3.83534
2.29788
2.75319
3.92890
1.81299
3.65913
3.06877
3.38913
3.94514
3.12200
0.31741
3.19839
2.82841
3.61124
2.46768
3.77025
3.30869
3.60524
3.42335
3.79548
3.30060
3.15447
4.04086
3.22424
3.59559
0.62739
3.53560
3.41536
3.19486
3.10317
3.64454
1.79067
3.81935
3.86512
3.75587
3.34915
3.80792
2.91678
3.32438
1.43219
3.84722
3.64041
2.36088
4.12740
1.11426
3.65092
2.10590
2.99559
1.85123
3.68452
3.23630
4.00267
1.63248
2.82131
3.88072
3.65859
1.97160
3.83544
4.06008
3.74223
2.01998
1.45023
2.35738
3.62667
1.52054
3.96532
2.15315
3.71304
3.44731
2.90498
3.76520
3.88654
3.08697
3.44918
2.54874
3.90920
2.98735
1.01688
3.29489
3.99120
3.02956
2.20414
3.25771
1.61259
4.04399
3.03830
3.00416
3.89902
3.66635
2.31344
3.38372
3.03050
2.60548
2.99555
3.95713
1.87416
1.25336
3.63151
3.23363
3.54625
3.23837
3.64453
1.56738
3.94377
3.73655
3.84289
3.33480
1.66524
3.72535
3.38678
3.77895
1.56546
2.84257
0.76476
3.90289
1.95298
3.78385
2.22763
3.43140
3.92282
3.86820
3.69309
3.93931
3.66222
2.23443
3.94431
3.52968
2.56039
3.98565
1.72623
3.75518
3.45532
3.57375
3.69511
3.85102
3.72275
3.91402
2.49550
2.32911
3.48839
2.77281
2.88741
3.68442
3.68545
1.80040
3.50551
3.86126
3.20956
3.56691
0.40930
3.29994
3.03705
3.91777
3.92818
2.45897
3.78993
4.08582
3.52759
2.25454
3.42095
3.04818
3.31440
3.65169
3.15675
3.42231
2.02158
2.81855
2.68660
3.62282
3.83872
1.68975
2.65981
2.20685
4.07869
3.13259
3.16326
3.33648
3.84881
3.90110
3.03895
2.95326
2.21484
3.34929
3.70421
2.57072
3.48203
3.46113
2.70601
3.40167
1.87998
2.39234
3.86842
3.94023
4.06100
3.74320
3.59014
4.06902
3.85536
3.60969
3.04669
2.89793
3.53618
3.52070
3.65541
3.77945
3.67305
3.36412
1.00960
3.99490
2.68820
3.57120
0.27818
3.86809
3.43672
2.42435
3.33972
1.79245
0.65906
1.99675
3.07855
2.39310
1.00197
3.43308
3.62714
3.40972
3.71376
2.98073
3.51799
2.31622
3.65486
3.51627
3.20216
2.37470
2.90782
1.76205
3.58570
3.75550
2.65618
3.02029
3.57988
3.13545
3.52952
2.24745
3.19220
3.17094
3.77403
0.87053
3.36223
3.91995
3.07614
3.15549
2.86590
4.08362
3.68782
2.10010
4.11480
3.67767
2.75346
3.54665
3.26812
3.54168
3.72156
3.44514
3.98098
4.15896
3.78935
2.48236
2.97796
3.58998
3.24372
3.55317
4.03907
3.77813
3.37598
1.79341
4.06044
3.89409
1.15305
3.38109
2.32448
3.85241
4.12613
2.82754
3.83441
1.11669
3.56331
3.68136
4.11930
3.75119
3.77040
3.63273
2.73065
3.52780
3.98108
3.12579
3.75520
3.93670
2.60034
3.92521
3.61325
1.81256
3.00393
2.85662
0.80801
4.01544
2.78114
3.64725
3.87791
2.63450
3.47477
3.55881
3.52486
2.69973
2.94904
3.11715
2.06869
3.71843
3.92676
1.62363
3.57981
2.80990
3.26157
3.71731
3.45148
3.59291
2.44578
3.83041
3.60206
2.73385
2.36585
3.11764
3.71125
2.07633
3.51611
3.79371
3.81079
3.84122
3.57227
3.36478
3.06313
2.36847
3.73352
1.49852
3.75865
3.36258
3.27669
3.15037
3.60589
3.76456
3.05519
3.81653
2.11642
2.18792
3.29629
2.08002
3.91924
2.81308
3.95390
3.34218
3.67590
3.54468
3.69437
0.58688
3.13342
3.39497
3.00942
3.51019
3.76667
3.93339
2.70916
3.65457
2.00496
2.88620
1.24936
3.83978
3.95686
3.19291
3.72716
4.14019
3.32544
0.10434
3.70283
2.78322
1.24866
3.15857
2.51188
3.51074
3.20420
3.71662
2.30892
3.58134
1.95273
3.08738
2.82391
3.97019
3.96517
3.49568
3.17755
3.28428
3.80446
3.38725
3.80114
3.88158
3.73491
3.14385
3.34999
2.80023
3.25095
3.76778
3.66720
3.20784
3.39507
1.98234
2.19113
3.80831
3.67130
3.73520
2.96741
2.56049
3.93136
2.11202
2.88381
2.99725
3.30490
3.77417
3.28576
3.73439
3.71999
3.55823
2.64392
3.62149
1.90572
4.03967
1.35448
2.54575
2.98755
3.97337
2.55438
3.68180
3.01416
3.50020
3.37010
3.22877
3.19489
3.80868
3.32608
4.06419
3.19599
3.59435
2.90360
3.47896
4.04883
3.70973
3.15011
0.32283
3.63409
2.34806
2.13162
3.47933
3.56518
3.97552
3.11320
3.54713
4.08902
3.32718
3.66157
3.76628
3.27695
3.59873
1.46741
3.17371
3.45386
3.00743
3.42036
2.22285
3.31630
3.52662
4.02154
3.93285
3.39383
2.67491
1.98978
2.53005
3.68465
4.03372
3.06805
3.85504
3.70982
3.46241
2.02394
3.02168
3.50275
4.03980
3.64929
3.52312
3.51864
3.96690
2.16127
2.47215
1.11063
2.53437
1.36815
3.53000
3.27844
2.11535
2.35509
3.68862
3.65180
2.15505
3.10112
3.51655
2.82520
1.71687
2.32266
3.30387
3.88176
3.37196
3.75380
3.27698
3.76597
2.41260
2.52119
2.76105
3.68280
2.77737
2.99002
3.57894
3.25210
3.67020
3.99264
3.02439
2.66803
3.54107
3.47245
2.58555
3.99104
3.46850
3.19635
3.59036
3.76790
1.72421
1.75387
3.57168
3.93600
3.25912
1.76706
3.19607
2.81581
3.02999
3.93968
3.42762
3.71263
3.90587
3.48548
3.80282
2.50467
3.63718
3.85543
3.65688
3.86669
3.53366
1.94112
2.53050
3.89750
3.09301
3.26359
3.52588
2.89838
3.78239
2.83724
3.67147
3.09631
3.56429
3.95102
3.03797
3.52526
4.05439
3.66935
3.90586
3.09570
3.67139
3.81118
3.26991
2.98304
3.08208
2.32719
3.24380
2.84215
3.33524
3.38464
3.18409
3.69599
3.60714
1.11545
2.22737
3.71003
3.40032
2.68859
2.74921
2.18486
1.44807
2.81532
3.02667
2.69403
3.99059
3.54286
3.19005
3.27135
3.38264
2.65114
4.08928
2.57858
3.98705
2.76864
3.16972
4.01899
3.88358
1.23548
2.44958
3.81650
1.08961
3.63186
3.81323
3.12000
3.39170
3.21215
2.66666
3.69995
3.92001
3.92077
1.17929
2.50738
3.55622
2.76657
3.71903
3.68540
2.68217
2.77708
0.28305
2.28063
1.42769
3.57070
4.12435
3.71492
2.43776
2.54001
3.38278
3.78931
3.34011
1.04587
3.45077
4.09482
3.41969
3.74877
3.83085
3.79480
2.27331
3.17919
3.68859
3.81830
3.44708
3.54508
3.85381
3.08593
3.82015
2.43969
3.80648
3.88318
2.87274
1.21261
3.90426
3.28216
3.12899
3.13721
2.98394
3.78145
3.69705
2.25610
3.71117
3.04480
3.08694
3.34816
3.82335
3.17093
4.11046
3.39024
3.56281
3.18611
3.86171
3.92497
0.97575
1.46506
2.21716
2.09017
3.70548
3.25518
3.45317
3.67821
3.64419
3.93854
3.62489
3.60193
3.47937
3.31618
2.86210
3.77469
3.67705
3.60639
3.23115
2.60987
1.66476
1.43954
3.48298
3.14579
1.56413
3.49317
4.01965
3.08206
3.43963
3.79654
3.65021
2.82434
3.03415
2.92106
3.72593
3.80819
3.67847
3.22569
3.88942
4.06052
3.44486
3.42698
1.54936
1.08715
3.49457
3.18323
3.62274
3.03054
3.95304
3.38040
2.38003
2.40857
3.30957
3.36122
3.59675
1.65253
1.25241
3.24458
2.36495
3.18222
3.87360
2.92218
3.80105
2.75564
2.66586
3.69100
2.99415
3.74656
4.08386
3.47663
3.96440
1.65963
2.85576
2.91836
2.99735
3.48923
3.97746
3.60252
3.72844
3.67225
2.32804
2.07804
3.47815
2.85279
3.75469
3.79502
2.86336
2.71402
3.62225
4.04326
3.67659
3.44813
3.33153
2.59524
1.98450
3.54263
3.65807
3.83579
3.54140
3.30458
2.20232
3.54665
3.01556
3.66963
3.03698
3.42984
3.56939
3.94697
3.63334
4.05845
3.87171
1.07838
3.56877
3.67886
1.98977
3.42922
3.98333
3.66165
4.10536
1.81394
3.43955
3.09300
3.06566
3.36507
3.72151
2.18170
2.89341
3.43749
3.56811
2.61153
3.38856
3.30898
2.40693
3.71496
3.37393
3.69498
3.44904
3.07381
2.90123
3.47179
1.72641
3.42743
3.46692
3.86198
3.39678
3.21331
2.63446
3.64274
3.10265
2.98080
3.30872
3.58552
2.44299
3.70899
2.00182
3.39319
3.91354
3.59771
3.93070
4.01750
2.39818
3.71289
2.86415
2.47444
1.79926
2.82263
2.31868
3.49280
1.72392
3.58861
3.68974
3.48393
3.51112
3.62806
3.74192
1.75628
3.83571
3.90369
2.03579
1.76141
3.37025
2.06020
3.34119
3.54902
2.91986
2.79411
2.30724
3.14277
3.82590
3.75718
3.51374
3.37807
0.23069
3.28477
2.36842
3.51133
3.87124
3.75820
3.02630
3.95817
3.44848
4.01873
3.22555
3.20939
3.47356
3.94187
1.91528
3.67953
3.69804
3.75411
3.87602
2.85601
3.28021
2.85281
2.19740
3.98910
2.27318
2.36059
3.78995
2.90470
3.45423
3.94808
3.59599
1.48203
3.47793
3.86137
2.87483
1.95743
3.36620
3.68055
3.11343
3.59585
3.68675
3.15083
3.26555
3.25942
2.61605
3.75309
0.73592
3.22837
3.70686
3.78333
3.08752
3.31130
1.25241
1.61695
3.31310
3.84181
2.12625
3.45952
3.56421
3.32851
3.19834
1.57002
3.48080
3.80332
3.84840
3.23863
3.76113
3.95050
2.41848
2.07767
3.99357
2.23262
3.45931
3.36454
3.37277
2.81330
3.52977
3.26054
2.73954
4.03200
3.82807
3.72547
3.38898
3.99742
2.87625
2.30170
3.81277
2.81022
3.97991
1.17069
3.83068
3.54171
3.71826
2.96837
3.58533
2.36864
3.60303
3.75303
3.52603
3.87370
1.84374
3.46785
3.34296
3.75949
3.90191
3.50207
3.11804
1.68445
2.30690
3.72663
1.86649
3.96455
2.93409
1.91292
3.56573
3.66603
1.92226
3.59080
3.18467
3.52643
3.30251
3.69669
3.24693
3.80509
3.22173
3.61342
3.65623
3.08468
3.27804
3.46293
2.56315
3.92009
1.08517
3.11441
3.49813
2.56417
1.22022
1.30438
2.50631
2.91399
3.76293
3.84255
2.06026
1.70689
1.91768
3.00495
3.54024
4.02330
3.55836
3.82689
3.67970
3.96131
3.59657
3.52433
3.36265
3.77673
3.77652
2.25286
3.40166
3.09265
3.06018
3.97734
2.80896
2.52941
2.70702
2.95037
3.39395
3.36998
3.64080
3.48819
2.34713
3.73061
3.97587
3.64536
3.92807
0.78322
2.28658
3.84239
3.35239
3.68418
1.25235
3.60964
3.43025
2.92076
3.81087
2.67677
2.95080
3.86786
3.62349
3.72760
3.19331
3.83858
3.10072
3.96925
3.67849
3.82188
2.88835
2.66496
3.96992
3.86656
3.61491
2.90269
2.98744
3.95865
3.52775
3.69878
3.38746
2.37187
4.09945
3.88320
2.86844
3.44518
3.19306
2.72367
3.44307
3.81518
2.79242
1.70823
3.85188
2.19168
3.78399
3.13316
2.61543
3.88509
2.59427
2.72088
2.78046
3.10773
3.51465
3.18385
3.21195
0.97134
3.65102
3.29964
2.56972
3.36028
2.91491
3.75316
1.87290
3.91176
2.80703
3.80777
3.77841
3.27336
3.70929
3.08987
2.40696
3.15903
2.50603
3.59135
2.63375
3.77995
3.26279
2.39492
1.58544
3.82964
2.63333
1.61863
3.49339
3.88287
3.32887
2.86648
3.33548
2.20353
1.44835
1.85187
3.40282
3.06445
3.22195
3.58379
3.27290
2.12500
3.32313
2.49308
3.74086
3.65704
3.68332
3.60971
2.33801
2.60211
2.81456
3.83830
3.69412
3.05325
0.20294
3.05969
2.96258
2.99999
3.82783
2.34427
3.48033
3.31606
3.89088
3.74777
3.11845
3.73702
4.11411
2.87853
3.22793
2.14757
3.88551
3.93695
2.91039
1.08714
3.24745
2.75117
4.04277
3.78482
3.24261
2.62922
3.37987
3.67553
2.45584
4.05209
3.66467
3.17497
3.93664
3.57736
3.16467
0.79512
3.39123
2.90004
3.19706
2.03643
2.61846
3.50785
2.69218
3.55651
3.65122
2.05265
4.15585
3.88559
3.59019
3.20717
3.27769
3.60099
3.49134
1.77895
1.14406
3.57488
3.61969
2.47598
3.41433
3.47317
2.53023
3.85986
3.85310
2.66287
3.71582
2.75382
3.20517
3.71491
3.68950
1.24723
3.63674
3.79789
2.69050
3.02222
3.82254
3.86220
0.74265
2.24279
2.78833
3.48738
3.14359
3.06261
3.36124
3.73037
1.39896
2.53643
3.51551
3.88183
3.67666
3.71798
3.87198
3.73912
1.19164
2.71134
3.85282
2.57130
2.36678
3.64143
1.89742
3.90822
3.47769
3.67576
3.04977
3.09542
3.12593
3.76057
3.97616
3.37125
2.82117
3.28750
1.59572
2.63488
2.88647
3.82886
1.94532
3.60201
2.18957
2.81721
2.13897
3.64058
3.26896
2.21736
3.64394
1.87355
3.44601
3.23586
3.28310
0.46368
2.01833
3.57269
3.26092
3.64763
3.76760
2.44923
3.34832
3.81372
3.84597
3.99841
3.65359
3.91818
2.22442
3.06792
2.46613
3.64862
3.38260
3.82821
3.85449
2.04999
3.67788
2.95395
2.95081
3.84349
3.44876
3.57977
3.38695
3.92211
3.25939
3.30752
3.41223
3.92713
3.97751
3.70803
3.10038
1.47341
3.01365
2.08853
2.57270
3.38328
0.62911
3.64145
2.02558
3.52703
2.62887
4.03570
4.01391
3.23164
3.61303
3.63447
3.78090
3.59697
3.89443
3.61620
3.28678
3.26849
3.21965
3.70078
1.99853
2.40504
3.59029
3.88388
4.04595
2.08836
3.92469
2.03791
3.72681
2.30841
1.19538
1.66125
3.57882
3.05582
3.70079
1.78221
3.81601
3.27106
3.90847
3.41334
2.81414
3.49468
3.09116
2.76157
3.84290
3.88048
3.68643
3.63032
3.61556
3.22236
3.69521
3.75267
2.21132
4.15373
3.37475
2.49226
3.62535
3.68841
3.55981
1.34502
3.49554
3.45256
3.81972
3.70006
3.19732
2.47217
4.02468
3.66848
2.61902
3.32709
3.33574
3.67552
4.01946
3.49463
3.57726
4.00147
2.88101
2.59414
2.41778
1.14826
3.46829
1.49195
2.16484
3.39131
3.39696
3.55090
3.88247
3.51425
3.59586
3.81106
2.96431
3.59116
3.82010
1.99618
2.67605
3.82935
3.80438
3.98750
2.37297
3.66399
3.95206
3.69253
3.50390
3.10155
2.86577
1.01392
3.71773
2.20073
2.69305
3.11216
3.49127
3.70836
3.94848
2.96459
4.02383
3.30037
3.82738
3.61641
2.90434
2.71660
3.13130
3.69285
2.91788
3.69882
3.96431
2.73778
3.79680
2.84910
3.63483
3.61448
3.68100
3.91613
3.56713
3.44752
3.78174
3.27701
3.70946
1.77088
3.51113
2.66666
3.53802
3.54609
3.64321
3.94214
3.59725
3.48923
2.02837
3.19100
3.13527
3.45132
4.22488
3.18565
3.68151
3.75500
3.58731
3.30875
3.39747
3.16880
3.50690
3.45666
3.27601
4.06763
3.53292
2.74133
3.60736
3.80238
3.44271
2.80323
3.61281
3.14322
3.12228
3.72354
3.63260
1.23023
3.85681
2.83423
3.79214
3.46423
2.31996
0.54084
2.79353
3.53672
2.97518
2.01107
2.58982
3.89340
3.80947
3.34256
2.09684
3.17182
3.80731
0.75374
3.07171
3.44620
3.59294
1.97282
3.00370
2.85561
3.09080
2.70522
3.35374
3.17144
3.93926
3.94588
3.41233
3.57396
2.30705
3.42021
3.18645
3.36856
3.33448
3.63299
3.99519
3.16659
2.25112
2.61619
2.97700
3.96283
1.38477
4.06858
3.60844
2.34831
3.82495
3.37106
3.53738
4.00351
3.56584
2.55308
2.88476
3.79160
1.34695
3.32954
3.51042
3.75288
3.99954
3.86556
2.66815
2.00062
1.60180
3.32709
3.71201
2.77360
4.21992
3.68220
3.42178
3.05443
3.67033
3.72340
1.76059
4.14487
3.48420
0.64468
3.88432
3.77730
3.80043
3.37015
3.80700
1.74144
1.99156
3.75038
3.45626
3.60197
4.06150
4.07257
2.89859
3.34901
2.02356
1.64795
3.64621
2.09044
1.46483
3.25310
1.71535
2.03345
3.93325
3.55546
3.15543
3.72627
3.60761
1.05141
3.94656
3.91713
3.48075
4.13121
3.19192
3.33608
3.87055
2.19077
3.79855
4.13593
2.85898
3.86128
1.97593
3.32172
1.86067
3.61919
3.75345
2.23532
1.41026
1.96406
3.55703
3.63329
3.84395
3.60772
3.96025
2.61920
1.80343
4.01928
2.69091
3.63482
3.62725
2.94687
3.52194
3.95387
3.35622
2.34673
2.92730
1.74376
3.22268
1.22411
3.22397
2.96478
1.48189
3.53080
2.49771
3.87379
2.09424
2.45556
3.60512
3.10617
3.25885
3.79045
3.23396
3.18608
3.96211
3.24658
4.09859
3.09402
1.52855
3.65826
3.09648
2.86800
2.63289
1.96170
2.39482
3.25409
3.50844
3.86164
2.85245
3.92592
2.66787
1.71789
2.36745
3.29945
1.39957
2.88950
1.99062
3.75791
1.93756
3.82181
3.53801
3.66849
3.30627
2.25742
3.15835
4.10045
2.45976
2.55618
3.62203
3.08566
1.59736
4.03918
3.65993
3.66265
0.68184
3.56932
1.58511
4.18219
3.32618
2.51446
3.55703
2.72677
3.02780
2.12782
3.94800
3.00283
1.74663
2.07226
3.21531
2.86137
1.08945
1.81123
3.48847
3.76786
2.52431
3.92421
2.95151
1.22699
3.42466
3.87613
4.09086
3.61465
1.63637
1.38979
2.29207
3.32090
3.95469
2.60366
3.59277
3.60775
3.52224
2.46505
3.54300
3.01922
2.21397
3.84062
3.22855
4.21432
3.63985
3.56569
3.98621
3.62532
2.13879
3.81807
3.57393
4.02019
3.77449
3.35950
3.59481
2.79091
3.50040
3.23563
0.85898
3.75036
3.58204
1.46833
3.69802
3.87301
2.85787
2.42655
3.77394
3.84320
3.91638
3.75496
1.99195
2.76978
3.68699
3.76378
2.03872
2.19478
3.37017
3.97283
3.39658
3.33960
2.02212
2.88705
3.20225
3.95579
3.56043
3.76128
2.40574
3.84106
4.01003
3.93644
3.76134
4.06525
2.56366
1.68391
3.29743
3.38312
2.80207
3.64201
4.00814
3.36691
1.51932
3.28904
2.24220
2.18721
3.53960
2.42752
3.49340
3.28750
1.70232
0.62200
3.87375
2.64082
2.99706
3.71278
3.58310
0.56601
3.49782
2.80489
3.61620
2.44560
2.81784
2.02262
3.26259
3.52565
3.68278
3.77741
2.61238
2.41023
3.21221
3.86903
2.60803
3.59331
2.17301
3.22939
3.44949
2.60558
2.96812
3.38122
3.90740
3.76665
2.55958
2.60012
2.77617
3.99928
1.82281
1.89542
2.43211
2.51108
3.32439
3.59185
3.73906
3.22671
3.11520
4.09018
3.52326
3.25942
3.50920
3.81131
3.19506
3.47362
3.75001
3.31364
1.48484
3.39323
2.03226
3.86154
3.33785
3.87038
3.84585
3.55398
3.22556
3.10268
3.44848
3.45072
2.45571
2.71316
3.49949
3.94718
3.97344
3.04452
3.90273
2.06866
3.32233
3.61969
3.91449
3.66317
3.13383
3.88266
3.66316
3.42722
3.65474
3.57136
3.80968
3.83333
3.58797
3.20573
2.82775
2.82489
2.69628
3.25475
4.02864
2.64548
3.91297
2.25826
3.72857
3.84702
3.58161
3.42044
3.84189
2.11776
3.66646
3.47857
3.32380
2.74011
3.10803
2.37450
3.62964
3.49987
1.63986
3.12363
1.67662
1.20109
3.61088
3.54051
4.00610
3.83897
3.51384
3.75739
2.73096
3.90007
3.53294
2.31894
2.85588
2.61134
3.51998
3.37673
3.55987
3.62526
2.48160
3.76783
2.88648
3.37553
3.58094
3.81044
2.87708
3.88046
3.55160
3.36799
3.91550
2.47797
4.05025
3.85583
2.70662
3.67731
1.52039
3.76919
2.16780
3.86049
3.60288
3.22004
3.35605
3.53477
3.55832
1.95486
1.17077
3.85566
2.13572
3.04154
2.29760
3.58075
2.60487
3.52454
4.14177
3.67542
3.28558
4.04088
3.58567
3.72087
3.53906
1.87007
2.59763
3.70143
4.02263
3.54482
3.31155
1.58328
2.94376
2.87980
3.94451
3.60449
3.73367
3.53745
3.59910
3.92524
2.93530
3.08661
3.37333
2.52307
3.42446
3.02988
2.54374
1.78753
3.49142
3.52170
3.20667
3.57965
3.05744
2.85491
3.53689
3.34963
3.35553
2.73547
3.34499
3.72766
3.47031
3.95400
3.44186
3.47886
3.34251
3.85134
2.08245
2.61380
2.01000
2.99111
3.42474
3.47477
3.36706
3.26925
3.84219
3.93099
3.74795
3.57895
3.13369
3.92270
4.02506
3.21270
3.06148
3.91586
4.06233
3.50482
3.30471
3.28737
2.75564
3.83604
3.41308
3.41320
3.92790
2.89977
3.32735
2.03229
3.98084
3.78869
1.33904
3.84922
3.08664
0.57411
4.14347
2.25361
3.57560
2.75378
3.72804
3.75445
1.87307
3.64003
2.06122
4.19967
3.46474
3.16839
4.15084
3.69096
2.88755
1.86704
3.60433
3.21455
4.06525
1.94766
3.07834
4.08416
3.50975
3.56811
2.69657
3.98200
2.06262
2.60137
2.67392
3.62485
2.75493
1.98164
2.95520
3.61952
3.33101
3.09267
2.96467
3.87574
2.93555
3.58998
3.66960
3.94616
3.64920
3.18803
3.66777
1.93537
3.84807
4.01112
3.69996
3.47488
2.45058
3.46360
3.55261
2.68247
3.75233
3.66461
3.29563
3.38448
3.44686
3.07787
3.80092
3.15324
3.95292
3.66373
2.13770
1.94608
3.65946
3.94068
0.38544
3.65742
1.30212
3.36728
4.01949
2.77268
3.67339
3.30849
3.69751
3.63538
3.37802
3.61835
3.50028
3.46333
3.91404
3.76999
3.36799
3.43364
3.39314
3.48063
3.92640
3.58413
3.45485
2.06967
2.77320
3.80994
1.23277
3.03737
2.34451
3.69041
3.64650
3.94662
3.50082
3.76098
3.98666
2.10854
1.76035
3.94319
3.25539
3.51648
3.24515
3.48910
3.51885
3.62285
3.82944
2.61336
2.58442
3.25991
3.93596
0.87005
3.57108
3.60438
3.40345
3.61880
1.62101
3.58813
3.32377
4.08149
4.03901
1.04214
3.87924
1.83388
3.22099
4.10487
2.19547
3.40616
3.41840
1.51223
3.13225
3.84788
3.80286
4.07121
3.31116
3.84377
2.65193
3.18955
3.45970
2.49740
1.22086
3.90083
3.92645
3.29816
3.24743
3.84739
3.26905
3.81129
3.56449
3.79128
3.61861
3.13559
3.97724
3.68982
3.94217
2.51890
3.58750
3.65025
2.50571
2.49409
3.87409
2.83794
2.49373
3.72897
3.98220
3.50437
1.65490
3.96709
1.51343
3.89793
3.24417
3.07826
3.21679
1.69784
3.90589
3.65294
3.05097
2.27375
3.63740
3.14815
2.20503
3.22675
3.52127
2.98524
2.95629
2.58928
3.48004
3.70430
3.85054
3.15363
3.36343
3.86985
4.07348
3.22604
3.53626
3.38180
2.71829
2.83577
3.72871
1.61481
2.97863
3.42642
2.71212
2.60300
3.57653
3.03660
3.72967
2.95900
3.92202
3.63070
3.55571
3.51215
3.90088
0.81623
3.82683
3.00012
3.69519
3.54873
4.01041
3.85445
3.90354
2.49674
1.86208
2.62923
3.93413
3.68230
3.88631
3.77563
3.92325
1.49457
3.49958
3.71290
3.38442
3.44431
2.32614
3.44836
2.56441
3.44434
3.09156
3.57959
0.68143
3.93924
1.55232
2.99336
3.96083
3.49264
3.74767
3.05902
2.55426
3.64023
2.51155
2.97143
3.93435
3.82532
2.81015
3.54589
4.04536
3.44905
3.37308
3.72394
3.55975
1.68302
3.47191
3.22978
1.00232
3.85212
3.29121
2.94922
3.20018
2.78550
3.27158
1.33763
3.62166
2.04419
1.19631
3.55764
3.63356
3.89266
3.49997
2.35715
4.06102
2.17315
3.30198
2.92528
3.10202
3.43452
3.56909
3.26468
2.76957
3.17041
3.58937
0.94268
3.10112
3.59505
3.45316
3.89406
3.55615
2.74472
3.27833
3.71545
3.83611
3.07142
3.95708
3.72114
2.68300
3.48174
3.97173
3.51780
3.24362
2.89798
4.06671
3.54539
3.06932
2.13348
4.03010
1.56316
3.00327
3.12530
3.11027
3.44621
2.59144
3.48718
3.76259
0.92500
3.53741
3.43735
3.89054
2.30059
3.13084
3.77820
1.70712
2.74871
3.83820
3.52332
3.37269
3.79205
2.78935
3.41312
3.55401
2.76419
3.75903
3.66343
3.88316
3.69074
3.89661
2.42384
3.58840
1.92298
2.92799
3.46998
3.28714
3.60833
3.39463
2.50089
3.35929
2.05172
3.83384
1.75946
2.81943
3.67478
1.30465
3.82782
2.25738
3.59550
3.01404
2.69889
2.51879
2.35738
3.23652
3.17569
3.01204
1.02132
3.19275
3.15549
3.95366
3.02009
3.87257
3.92322
3.80858
3.63717
3.44691
3.47710
3.52514
3.57713
3.72671
3.57477
3.91915
3.16560
3.73352
3.16944
3.18582
3.46543
3.85790
3.73905
2.97445
3.23167
3.28361
2.82442
3.62725
3.13286
3.58686
4.05864
3.89295
3.20251
2.69433
3.73446
3.40439
3.85279
3.40885
3.60251
3.01099
2.53002
2.53977
1.50898
2.10900
3.22665
4.02441
3.49774
2.70936
3.09480
3.77889
1.90640
3.91707
3.76966
2.17000
3.26337
2.51310
3.54141
3.45370
2.36580
3.56627
4.03386
4.01147
3.90136
3.92031
3.01118
2.69447
2.98634
3.30421
3.45113
3.39644
3.39344
3.26019
3.49298
1.81455
4.11574
3.51444
3.59090
2.48799
3.83237
3.12929
3.81098
3.37994
3.78468
3.31805
1.93945
2.84577
4.01066
4.02623
3.92855
3.00722
3.36731
3.26482
3.88016
3.05164
3.70849
3.77780
3.84865
3.15028
3.81889
3.79083
3.39295
3.84807
3.51728
2.83149
3.60218
2.85431
2.93850
3.95488
2.11744
2.56607
3.56196
3.94139
3.12481
2.60292
1.74052
3.54777
3.26267
2.24013
3.58517
1.84527
3.43274
3.18082
2.56292
2.47817
3.66051
3.38910
2.34036
1.82054
3.44036
3.10387
3.25291
3.61524
2.21450
3.01373
3.76268
2.89348
1.64994
2.03916
3.73183
2.47990
1.76852
2.87423
3.45146
3.84498
3.21227
3.22546
3.33790
2.84945
1.22896
3.11834
3.27948
2.34314
3.82835
3.31298
2.84482
3.16349
3.48052
1.80030
3.28732
3.94706
0.70302
1.37477
3.64743
2.91887
1.19597
3.90114
3.65652
3.12016
3.39532
3.51380
3.41142
2.53649
2.99972
3.44254
3.08717
3.43654
3.73585
3.52997
3.61708
3.51322
3.76010
3.45586
3.95237
3.88174
2.15704
4.08005
1.96281
3.15685
3.95119
2.90589
3.30097
4.14624
0.69961
3.76815
3.03001
1.27552
3.60727
3.13325
3.34113
3.77804
2.65071
2.28821
3.85978
3.73849
3.09954
3.95594
3.73022
3.99385
3.85359
4.07935
3.17493
2.84249
2.58644
3.54082
3.14974
2.96884
3.49379
3.52988
3.91494
3.61921
4.07738
3.33503
3.68495
2.45549
3.77176
2.06297
3.66570
3.45194
3.46570
2.09305
3.23275
3.36726
2.08011
3.51896
3.47742
4.05857
2.41172
3.63836
3.54537
0.75108
3.37629
3.76565
4.01691
1.84358
2.26717
2.61534
3.58879
3.59068
3.77086
3.19762
1.80211
2.12487
1.70307
3.09196
3.68480
2.98818
4.07516
3.02689
2.58660
3.93861
4.01612
2.32433
3.98685
1.80959
3.89556
3.64215
3.32706
3.79487
3.52172
2.81916
3.44813
2.84393
3.53748
0.51488
4.13948
3.80078
1.00143
3.37085
3.27211
3.74626
3.72530
2.86983
4.01801
2.97779
3.61159
3.54721
3.80269
3.20494
2.39156
1.57131
2.15216
3.88138
2.73446
4.05315
3.09607
2.53839
3.34384
1.57472
3.24757
3.65459
2.20486
4.00849
2.82584
2.76622
3.82302
3.80146
3.37747
2.74447
1.03670
3.32711
3.88599
3.03935
3.64344
3.27470
3.58031
2.34520
2.68693
3.85199
3.52147
2.79549
3.96549
3.84595
3.28024
3.10622
3.69063
2.26831
2.06571
3.84822
3.82736
3.62820
3.60734
1.77218
2.30255
3.81887
1.75510
3.81367
2.76045
2.26324
3.71499
3.02479
3.70196
3.65375
3.27948
3.73103
4.02113
3.88048
3.68533
1.45498
3.52285
1.38947
3.01052
4.12014
2.98314
1.59060
3.65944
3.79954
2.87491
3.38014
3.10109
3.23315
3.71044
3.37162
2.25052
3.92743
3.48347
2.84854
2.61012
2.25077
3.24987
2.68845
3.10266
3.59615
4.13311
3.71403
3.27570
3.53620
3.95398
3.56149
1.35063
2.99236
3.05345
3.60085
3.35303
3.94337
3.60993
3.50513
3.68501
3.62088
3.20959
3.73887
2.50034
4.03859
0.89283
3.85213
3.27260
3.76865
2.15506
2.90684
3.35869
3.33712
3.31345
3.34297
3.87976
3.42224
3.36138
2.92599
4.12760
3.51589
3.62250
1.21251
3.59402
3.77360
2.47077
2.72585
3.57931
3.40572
2.25234
3.78535
3.37415
2.41611
3.09613
3.66111
3.55698
0.85532
2.31027
2.45654
3.57414
3.79083
1.48477
1.24173
1.17302
3.82901
0.40015
3.19489
4.13730
3.26752
3.69997
3.01295
1.03083
3.66793
3.59019
2.04785
3.66040
3.26397
2.36810
3.81500
2.63909
3.70911
3.20541
0.61760
3.78981
2.91829
3.78877
3.34925
2.51335
3.58079
3.79866
2.93568
3.55632
2.29030
1.75663
2.33584
2.19827
3.56085
2.84802
3.83132
3.53035
3.91564
3.05260
3.74523
1.61118
3.05283
2.71877
3.94767
3.60091
3.34763
3.95708
3.72165
2.78617
3.41382
3.41162
3.08079
3.58604
3.31122
3.71176
2.89270
2.79196
2.86389
2.41773
3.71470
3.91101
3.59039
3.45546
3.48499
4.05406
3.70292
3.31137
3.82923
2.16212
3.22960
3.53918
3.79887
3.44353
3.49434
3.84224
3.39234
4.13042
3.38143
2.35698
1.34252
3.03149
3.72758
3.44943
3.07091
3.49332
0.80046
3.44688
3.80851
3.44431
3.97071
1.60668
3.73564
4.01903
3.54082
3.85467
2.69543
3.92528
3.94661
1.77162
3.81256
0.85962
3.77406
3.87059
2.91408
3.64627
3.96935
3.64064
2.79872
3.13801
2.38616
3.13131
2.14570
1.65703
3.64248
3.22780
3.41695
3.46127
2.52700
4.09436
0.77086
3.65728
3.12858
3.39691
3.37518
3.12339
3.76927
2.57565
3.81271
2.99960
2.70592
3.22016
3.62439
1.51104
2.38787
4.11862
3.02884
3.20606
3.96789
2.61648
2.82199
3.30822
2.99976
2.88865
3.74177
3.35139
2.29231
4.16104
3.97605
1.85816
3.95468
2.54583
3.36807
3.62798
3.79815
3.93055
4.06098
3.30822
3.54598
1.98696
2.52399
3.85073
3.25952
1.37729
4.19469
3.97921
2.83722
3.52771
3.88998
4.06407
2.68367
3.24263
3.06449
3.96927
3.59966
3.25813
2.55202
3.34329
2.80735
3.95832
3.83663
3.34675
2.34529
3.14741
2.45166
3.02124
3.49360
3.49318
2.51175
3.44832
2.96522
2.76512
3.17648
3.06539
3.81441
0.59177
3.62344
2.25303
3.34923
2.34306
2.73359
3.81800
3.68834
3.28946
1.51202
3.30045
3.97077
3.55837
3.92833
1.46993
3.97863
3.67888
3.06022
3.52825
0.41899
3.64134
3.63669
3.87467
3.43493
2.58323
4.02840
2.54251
2.92327
3.60117
3.44569
3.51769
2.91909
3.69050
3.81039
3.47064
3.05275
3.65428
3.99719
2.80233
3.80407
3.97173
3.17892
3.87606
3.61682
3.74099
2.10084
3.69721
3.70216
2.89449
2.63546
2.21168
1.55835
3.47463
4.09139
3.76073
3.75252
2.32677
3.75046
3.86161
4.07085
3.32428
3.40961
4.08239
2.38186
2.32018
3.75616
2.54984
3.85973
3.30704
2.15301
2.90893
3.99106
3.33228
1.76174
3.15303
3.79279
3.70838
3.33235
2.97932
3.69126
1.79553
3.11420
3.34117
2.80008
3.62353
2.01791
2.49270
3.67396
3.69465
4.14322
3.53967
2.43491
3.33811
3.52599
3.01579
3.54780
3.38795
3.54928
2.61093
3.78743
3.66884
3.26768
3.71975
4.12017
3.07257
3.92494
3.44779
3.18726
2.73449
2.94696
3.52703
2.70061
3.37093
4.13713
2.89718
2.88605
3.73550
3.08207
1.03555
3.03036
3.41875
3.81483
3.47336
3.83748
2.21204
1.60854
3.99474
3.78091
3.40845
3.47163
3.24882
3.74755
3.68924
3.55538
3.82141
3.91670
3.61069
1.30940
3.12871
3.33694
3.81181
1.34967
2.56641
3.87743
3.01809
2.87984
2.83862
3.73892
2.93027
3.68273
3.84675
0.44624
3.71123
3.87228
0.95394
2.58428
3.79441
3.30547
3.48427
3.21484
3.54714
4.11661
1.28409
2.39235
3.49980
3.53495
2.24769
2.51587
3.57643
2.79836
3.46036
3.33700
3.50910
3.77886
3.75292
3.54119
3.44775
1.33059
2.18145
3.91237
4.00952
3.08996
3.08649
2.93463
2.43174
3.78041
2.57616
2.81449
0.63355
3.32776
2.20282
1.46357
3.48959
3.77146
2.69358
3.36186
3.94849
3.53661
3.53141
4.03009
3.22361
3.55437
3.90279
3.56087
3.72795
2.24241
3.50809
3.50214
2.38690
2.91907
3.21652
3.63316
2.75035
1.93240
3.57862
3.50503
3.54636
3.69382
3.18546
3.52446
3.08504
3.37276
3.31565
2.80129
3.71885
3.46911
3.09048
1.89523
4.05096
3.58255
2.14289
3.95768
2.76294
2.87881
3.33511
3.78833
1.69546
3.71490
1.96603
3.59411
3.25074
2.92121
3.12827
3.12762
2.45235
3.33565
3.83300
1.75283
3.21148
3.56479
3.92929
4.00699
3.23915
3.89024
1.70207
3.64912
3.31395
3.81060
2.38364
4.09384
2.95935
2.62042
3.69771
3.70545
3.31064
1.92270
1.95853
2.02031
3.41075
3.59429
3.74884
3.94854
3.78998
2.85358
2.40021
2.05484
2.81910
3.66410
3.80325
3.66682
3.98954
3.84270
2.99825
3.18422
3.36361
2.49890
2.18534
3.50051
3.40951
3.46579
1.93035
3.68316
2.57832
2.58609
3.85126
3.55125
4.01047
2.82057
3.05827
2.32054
2.98789
2.13272
3.39946
3.68187
3.61328
1.53649
1.04578
3.69889
3.02321
3.46534
3.15162
3.81281
2.18818
1.81377
3.96269
4.14456
0.44428
2.86889
3.23159
2.30973
4.04321
3.63705
3.39321
3.91575
2.74557
3.53236
3.27180
3.34869
3.29305
3.41887
3.70091
3.63742
4.01178
3.38767
3.76572
3.01114
3.81303
2.22325
2.51363
3.75653
3.66742
2.86016
3.25428
1.41875
2.73399
2.02598
3.72117
2.72835
3.77435
3.65974
2.38656
3.17255
3.54748
1.52247
3.44387
2.84533
3.20818
1.03106
3.20845
3.88032
2.83888
3.66866
2.86499
2.76014
3.76090
3.76452
4.02504
3.28298
3.58902
3.00152
3.76326
4.03850
2.05392
2.25042
3.71428
2.05635
3.73026
3.20215
3.12743
3.69268
2.52459
3.75409
1.37710
3.81247
1.72371
3.01927
1.94623
3.30010
2.56781
3.90806
3.42178
3.22334
3.73322
3.77586
3.81521
4.01941
3.48659
3.49647
2.88412
3.14754
2.98288
3.29403
3.49125
3.73956
3.52404
2.16423
3.14665
2.41324
3.14237
2.45128
3.88874
3.92112
3.57541
2.05682
3.25265
1.36896
3.53224
4.07899
3.16150
2.92183
1.51791
0.43679
3.48614
3.38960
3.54751
2.18670
3.44572
2.88139
3.19525
0.86343
1.61152
3.79190
3.67246
3.88574
2.26716
3.47559
3.86206
0.93310
3.87445
3.59359
3.59207
2.43214
3.27888
2.24871
2.32962
3.35244
1.84068
3.80040
1.97590
3.33349
3.06197
3.86262
2.47498
3.86677
3.81356
3.67276
3.66202
2.26293
1.68790
3.79713
3.90460
3.74197
3.84711
3.87494
3.32574
2.86169
3.29401
3.80092
3.57317
2.54795
3.11105
1.88116
1.35412
3.83198
3.74674
2.20971
3.98528
3.74366
3.73852
3.45109
3.71646
2.92482
3.44970
1.10562
3.84149
2.95807
3.49992
3.01464
2.39177
3.33862
3.77332
2.92846
3.92111
3.22327
3.45761
2.22162
3.91676
3.60673
3.32061
3.87401
3.79304
3.28590
1.72194
3.40471
2.85979
3.38314
3.79332
3.27263
3.35927
3.42917
2.20752
3.86118
3.07322
3.92285
4.02801
3.32089
3.61753
3.51762
2.89183
3.15796
1.87638
3.22697
3.79254
2.50945
3.44842
3.01113
3.92516
3.59704
2.92416
2.60959
4.06373
3.74293
3.62100
2.83552
3.77839
2.20711
3.59608
3.36639
3.45666
3.72576
3.30101
3.87546
2.89678
3.31865
2.35825
3.89414
3.33064
3.73522
2.60457
2.86872
4.03921
3.76535
3.34281
1.04891
3.24773
3.65024
3.60839
3.79329
3.61181
3.27377
3.97829
3.62363
3.92545
3.86105
2.08334
3.54331
4.05939
3.65237
3.10486
3.59913
3.32983
3.38330
4.02416
2.36782
3.49486
1.67129
3.72136
3.35621
3.72213
3.96338
3.51046
3.11437
3.69584
2.01114
3.08796
3.73165
3.86016
3.39212
3.46506
0.86384
4.06679
3.39573
3.05771
3.03672
2.15215
1.83931
3.78234
3.65077
3.84962
3.87748
3.28614
3.61396
3.36354
3.52954
3.99879
3.61514
3.44079
3.79704
3.68551
2.67469
3.57147
3.41815
3.38726
3.17091
3.16139
3.30977
3.12982
3.56353
3.42573
3.77401
3.19704
2.84015
2.52808
3.91019
3.52614
3.40825
3.88935
3.76334
3.80868
3.26653
3.74257
2.86653
3.84298
3.48847
2.84892
3.27982
3.50915
3.98666
2.95076
3.92428
4.12691
3.86255
3.59329
3.41692
2.55320
1.95305
1.11695
3.45244
3.84123
3.23925
2.72036
2.58944
2.46080
3.43141
3.89089
3.15584
1.78675
0.51959
3.69953
4.03369
3.49248
3.09347
3.19083
3.36743
3.51008
3.63654
2.74809
2.87964
4.09477
2.77537
3.61781
3.86388
3.74783
2.95852
3.88964
2.05752
2.61839
2.79402
3.05043
1.37269
3.72579
3.11824
3.88487
3.53698
4.13863
3.10189
3.55564
3.34466
3.27060
3.92148
4.02582
3.78383
2.70628
3.57334
3.70389
3.00992
3.86066
3.59713
3.56678
3.61106
3.36314
3.22963
3.02159
3.28325
4.07268
2.34027
3.47501
3.79482
3.85526
1.96070
3.78119
2.98168
2.67099
4.12689
3.57100
3.69821
2.68026
3.68057
3.78333
1.69428
3.09158
3.13583
4.04205
3.76757
2.85949
3.80299
3.67311
3.76958
2.77036
3.64015
3.97243
3.06228
2.93331
3.29719
2.99637
2.10622
3.65983
1.59258
4.18600
3.43144
3.58649
3.65786
3.69925
3.53423
3.58867
3.72134
3.59523
1.61250
3.59680
2.03947
4.06722
3.81580
3.82320
2.93029
3.31632
1.86925
2.58677
3.61288
3.66404
4.12608
3.95493
3.55987
3.24530
3.74943
3.50726
3.93169
2.33334
3.08133
2.95421
2.19107
3.38326
3.46831
3.99500
3.52857
3.55657
1.91882
4.06548
3.35384
3.51745
2.45391
3.72634
3.26299
3.18567
3.56161
2.07761
2.12746
3.12745
3.46190
2.97125
2.74480
3.41146
2.81190
3.93681
1.17952
3.39039
2.68896
3.25825
4.17357
3.49717
3.96172
1.99599
3.22118
3.51028
3.36193
2.53285
3.25394
2.21400
3.60839
2.72713
2.98489
3.36772
2.88122
3.82504
2.74853
3.63966
2.10941
3.58934
2.85387
3.30923
3.20095
3.13188
2.96269
2.14740
3.46944
1.54281
3.73917
3.06723
3.18842
0.93725
3.35297
3.22763
3.15393
2.96778
3.72367
3.49515
3.71766
3.98217
2.65419
3.35702
3.68000
3.71335
4.06368
2.52919
3.64033
1.97161
3.61146
3.38563
3.64622
3.73892
3.44975
2.59416
3.26161
3.92966
2.25422
3.44749
3.44549
2.25409
3.38272
3.41809
3.26432
3.37899
3.87710
4.04377
2.80517
3.35336
3.63836
3.37726
3.62058
2.99698
1.88839
2.35181
3.87312
3.61966
4.00741
1.52911
3.60177
3.01089
3.13396
3.38379
3.86586
2.95522
1.79298
3.53938
3.08572
3.21361
3.41112
3.07427
3.96111
3.51506
3.41735
3.74488
3.15255
3.35847
2.95807
3.02381
3.00916
2.41274
2.32035
3.09081
2.97607
3.65631
3.65709
3.30310
3.64205
3.15717
3.91094
3.41732
3.70752
3.57809
3.90473
3.21020
3.32281
3.42374
3.45652
3.11440
3.71586
3.47303
3.69390
2.83100
3.77254
3.37313
3.59377
3.92542
3.75949
3.46143
3.50719
2.92100
3.71054
3.67942
3.66040
1.48631
3.61008
3.93555
3.84011
3.61300
2.43885
2.73159
3.25033
2.99091
3.76545
3.48049
4.03469
2.42975
2.33433
2.94030
2.28239
3.64763
0.17322
2.85692
3.92022
3.62409
4.07468
3.12570
2.97891
2.49835
3.61382
1.74678
3.06707
3.90301
3.13013
3.36650
3.59615
3.71272
3.82167
3.69553
3.33826
3.35995
3.62811
3.05358
3.01292
3.90740
4.00064
1.95119
2.72422
3.78617
4.05774
1.38419
1.60962
2.74148
3.70000
3.68857
3.15331
3.78705
2.49635
3.95143
3.49000
3.56460
3.87624
3.52175
2.48152
2.81198
3.09918
3.87513
3.84808
2.89392
1.12342
3.71758
3.07904
1.63171
3.77673
3.57803
2.69820
3.57879
3.25636
3.69562
2.79041
2.20143
0.65418
1.86592
1.47920
2.20846
3.52425
2.71558
1.19393
3.64585
2.22399
1.39983
3.44599
2.11361
2.96636
2.71167
3.43281
3.27714
3.27869
3.93031
3.92048
3.44588
2.27040
0.95894
2.05108
4.01474
3.64740
3.71604
3.74569
2.88494
2.00697
3.82039
3.77664
1.89319
2.60496
3.56942
2.70934
3.62956
3.45845
2.52181
3.46697
3.98311
3.61368
2.20328
4.17599
3.58244
2.68851
2.04112
3.43564
1.68126
3.80305
3.23848
2.75956
2.19110
3.62581
3.77089
2.26335
2.17178
3.64821
1.27704
4.08499
3.26704
3.85595
3.54875
3.99330
3.67694
1.89495
3.25757
2.49970
3.54783
3.31696
4.05384
3.47796
3.58948
3.57544
3.66267
3.68477
3.07254
3.78079
3.81980
3.26114
3.79799
3.49858
2.90453
3.17529
3.34848
4.08951
3.43255
3.13233
3.69172
4.18461
3.82899
3.91551
4.12453
3.83447
2.27023
3.42882
3.94278
2.66317
3.62049
4.07767
2.58087
3.95242
3.92658
3.05236
3.36840
3.88731
3.86381
2.93278
3.71604
2.86784
3.94049
2.91165
3.45250
1.00939
3.83932
3.49527
3.19852
2.34260
3.92084
2.19955
2.57476
3.56261
3.47641
2.61102
3.39102
1.68904
3.29840
1.67128
3.68998
3.34257
2.71328
3.10402
3.06246
3.83138
3.35761
3.88582
3.64853
2.53915
3.21832
3.79556
2.25636
3.18843
3.72555
3.41091
3.20299
3.28238
3.83196
1.91087
3.45592
4.01717
3.70296
3.81524
3.63474
3.64951
0.88279
3.42655
3.14609
2.50650
3.77914
3.43257
3.66383
3.32173
3.57707
3.62223
2.95635
3.92645
3.00998
3.96400
2.99242
4.00458
3.50141
3.59483
1.71257
3.56101
1.37760
2.97861
3.78734
3.47153
2.96721
3.92125
3.90217
3.60490
3.42776
3.91889
2.27788
2.39578
3.48850
3.28025
3.30491
4.12006
3.56009
3.89103
3.11505
2.23929
1.39081
3.63731
2.29234
1.56242
3.75021
1.47430
2.49720
4.01058
3.59966
3.65337
3.76079
3.46777
0.19088
3.27247
3.40559
1.34192
3.90446
3.00206
0.25356
2.03041
3.64251
3.17708
4.08148
3.55567
4.05369
3.91920
3.44115
3.21598
2.31035
3.23542
3.99589
2.43764
1.47266
2.94029
4.01984
2.39104
0.21582
3.96173
3.17255
2.97288
3.37705
3.83814
3.55269
1.15633
3.60246
3.55797
3.47994
3.43412
2.79280
4.00983
3.31576
3.15076
1.51458
2.92032
3.23387
2.19898
3.74112
3.45575
1.97483
3.47553
3.53983
2.23573
3.44376
3.66489
4.02901
3.21816
3.26086
3.79304
3.59772
3.45177
3.50011
3.38981
2.15961
3.89279
3.26575
0.51350
3.68395
3.29487
1.34179
2.87161
3.83750
3.42664
3.70930
3.75523
3.65985
3.59588
3.34281
2.47485
2.79073
3.75513
4.08019
3.81290
3.92265
3.46813
2.56276
1.77468
3.11240
3.68932
3.77903
3.77439
3.95165
4.00824
3.79940
3.43051
3.69437
3.44249
3.42743
3.22660
3.29646
2.35321
3.32051
3.62509
3.80602
1.12827
3.76690
3.88790
3.73610
2.29894
3.49154
3.30581
3.99713
3.75586
4.05859
3.84839
3.03001
3.61230
3.91497
3.92618
2.57910
2.95275
4.08351
2.80104
3.40659
3.88132
2.95829
3.56158
2.60868
3.58036
3.46667
3.55992
3.60415
3.87035
3.34386
3.74962
3.90880
3.81779
3.96092
3.77982
3.88720
3.74739
4.09387
2.10499
3.95077
2.75799
2.88623
4.15011
3.68163
4.11868
2.03523
3.21168
3.82628
3.87448
3.03154
3.98987
1.90791
4.18659
3.89864
3.41873
3.53213
4.01759
1.67166
2.43067
3.80580
3.30656
3.83223
3.35093
3.01708
3.69318
3.90992
4.10691
3.98921
3.39637
3.51572
3.88121
2.84134
3.19829
3.31514
3.49437
2.33424
3.46675
2.87918
3.56659
2.80277
3.79293
3.58684
3.82260
3.90140
2.05700
3.48838
1.84920
2.57849
3.98720
3.02875
3.67615
3.35433
1.94108
3.14616
1.19741
3.24563
1.55915
3.72138
3.50153
2.83082
3.80652
2.91147
2.43327
3.68699
2.62113
3.87878
3.24836
3.47863
3.85776
1.67012
3.95213
3.36451
2.42846
2.83411
3.50323
2.19245
2.10239
4.02859
3.86263
3.44224
3.87274
2.65343
3.64802
2.85737
3.05215
2.43994
2.91494
1.47252
2.53507
2.20372
1.91457
0.82539
2.24181
3.87233
3.42588
3.48998
3.31826
2.79712
3.45374
1.62473
1.10400
2.06445
3.68901
3.47434
3.61152
3.55097
2.39752
2.91906
1.82862
3.52239
2.67410
2.57181
3.91409
3.60119
3.78022
3.62872
3.06333
3.71345
3.00371
3.51290
1.50892
3.38665
2.68607
3.56011
1.80519
2.95874
3.25770
3.60947
3.25140
3.04265
2.78780
3.98357
3.63648
3.78766
2.74243
1.87920
3.79729
3.14079
1.76855
3.61992
3.18251
3.32514
1.37879
1.63748
3.54233
3.88518
3.39857
3.16546
3.86085
2.75371
3.58465
3.69657
3.31536
3.87517
3.28526
3.67348
3.97300
3.22608
3.11030
4.13866
3.62293
1.49760
2.80868
3.43623
3.65438
2.03446
2.12805
3.28273
2.97497
1.94283
3.96200
1.78271
3.50749
2.96533
3.80996
2.77303
2.81837
2.69378
3.10217
3.66208
3.83614
2.92763
3.85208
2.60361
2.68273
3.65101
2.28269
3.85109
3.18655
3.52380
3.68032
3.79986
3.32043
1.91772
3.72217
2.64654
3.92873
4.13230
3.47059
3.80948
3.79997
4.05194
3.68302
3.20446
3.34168
3.88371
2.26561
3.83791
3.54176
2.76964
2.17228
3.30810
3.66227
3.41707
3.83083
0.87232
3.66744
1.94577
3.52409
3.67191
2.57347
3.79238
3.24314
3.81110
3.88756
2.75531
3.33318
3.28483
2.95663
2.53263
2.59835
3.53619
3.72082
2.35690
4.10148
3.85677
2.89777
3.75883
0.25776
3.02534
1.88386
3.66948
3.52148
3.63407
2.15026
3.56236
4.06124
3.33292
3.76247
2.55525
1.91088
3.98129
2.94945
3.46704
2.65117
3.58981
3.85608
3.96691
3.98281
3.33873
2.11574
2.11559
2.88481
3.38304
2.97657
3.50643
3.51544
3.58019
3.97196
3.37316
3.37137
3.49703
3.52165
3.13224
3.52043
2.69398
2.93353
3.11970
3.49383
3.38017
2.38611
3.59580
3.51385
2.17262
3.57901
3.79590
3.09375
2.65548
2.78836
2.94559
3.21527
2.95692
3.02593
3.66516
3.82582
3.93586
2.87556
3.16880
2.56263
1.92466
2.60153
3.24691
2.87165
1.86840
2.50877
3.08811
3.29666
2.29415
3.10216
3.49376
2.35371
3.41453
3.88042
3.66426
3.09606
3.29023
3.11824
2.87431
3.87030
3.04466
2.98778
3.56459
2.71653
1.88814
3.91917
3.93968
3.41963
3.08581
2.04936
3.70469
2.42120
3.63276
3.45310
2.96595
3.58977
3.60562
1.52552
2.60023
3.46563
3.42768
3.72554
3.23069
3.73468
3.50935
3.51266
2.41528
3.76633
3.59874
2.04969
3.33918
4.02725
3.00768
3.85020
2.47627
3.70346
3.41648
1.25128
2.07062
3.99108
3.69716
3.75032
3.07725
3.78434
3.09709
3.62126
3.09615
2.73396
3.71333
4.04296
3.33253
3.81997
3.44856
2.74800
3.52829
3.26760
3.55751
3.53991
3.38705
2.29132
3.51415
1.83973
3.17345
2.81293
2.62136
2.54568
3.73387
3.66470
2.41390
3.94393
1.08555
3.29224
2.34589
3.77851
3.52421
4.09520
3.21896
3.46020
3.96451
2.05471
2.34152
3.94804
3.56994
3.25814
3.31605
3.22588
2.95928
3.77562
3.35495
3.81863
3.75786
3.84310
2.56046
3.58135
2.22973
3.06617
3.52581
3.02698
2.80733
1.20726
1.60909
3.43455
1.44710
3.29588
2.80854
3.59706
2.11015
3.98807
1.22702
2.56399
2.06429
4.02217
3.89675
2.52363
2.15689
3.31965
3.76403
3.85599
3.65852
2.94762
4.00350
4.01822
2.62739
3.47899
3.16219
1.91748
1.64075
3.58748
3.77935
3.82030
3.29238
3.42865
3.81514
3.62194
2.91994
2.60840
3.82213
3.72633
3.17797
4.10065
3.76190
3.95465
3.59402
3.53116
1.39774
2.78534
3.94478
3.55507
3.55889
2.46222
2.97650
1.28980
2.60286
3.29558
3.12841
3.80929
3.68819
2.47587
3.64530
3.29457
3.83652
3.44377
3.77400
1.69862
3.25045
3.81108
2.86839
3.47017
3.91876
3.19974
2.59524
2.22443
2.97502
1.89309
0.51261
3.25847
2.87938
3.47005
3.29485
2.91348
3.84188
3.58527
1.36185
4.00111
2.58852
3.85578
2.72309
3.91457
3.51511
3.13625
2.42612
2.40266
3.12549
1.13606
3.41664
3.10686
3.15132
1.03080
0.96238
2.20188
3.29345
3.81913
2.68658
3.41349
4.06120
3.47657
3.44254
0.75094
2.79596
1.92620
2.38086
3.90003
3.36685
3.34681
3.25131
3.79547
1.62251
1.33765
1.78319
4.19330
1.30772
2.79140
3.76063
3.92915
1.95388
3.57542
3.22131
3.03498
3.75830
3.82373
3.19165
2.49093
3.28793
3.31544
3.38144
3.69353
3.13338
3.70792
3.70682
2.32397
3.78632
3.58172
3.69451
3.61193
1.03109
3.43727
3.16714
3.60472
3.69473
3.66360
4.13475
3.56497
3.50923
3.31741
3.28764
3.72961
3.32805
3.02123
3.87763
3.71356
3.59688
3.90254
2.25672
2.82264
3.38997
2.26879
3.60982
4.10761
2.47203
2.01622
2.34901
3.49171
1.81503
2.81366
3.91319
3.67659
3.77002
3.52670
3.48295
3.59488
3.56720
1.87932
2.78229
3.29999
3.84998
3.33301
3.86373
3.71789
3.54080
3.32913
2.24745
2.52595
3.66046
4.12315
2.74704
2.89729
3.94830
3.41059
3.25179
3.96566
3.16653
3.27127
3.70462
2.44591
3.24088
3.47674
3.98986
3.89838
3.58533
3.80026
3.43137
2.42329
2.84369
1.60052
1.97283
3.71800
3.97378
3.95883
1.98206
3.81908
3.74372
3.40050
3.32823
3.01622
3.73447
2.22213
3.42741
4.13685
3.78921
3.66905
1.10378
3.08112
1.13600
1.25345
3.25873
3.79796
2.15556
3.13934
3.94534
3.97640
2.73844
2.01382
3.80196
3.36133
2.16891
2.33642
3.24602
2.55944
1.84535
3.54666
2.57184
3.65884
2.48303
3.19594
3.31496
2.24641
4.11805
2.67937
3.07745
3.63470
3.65864
3.47699
3.30032
3.39416
3.54006
3.17841
1.80399
3.83829
2.96501
3.51939
3.31736
3.45366
3.13484
4.18606
4.02901
3.87726
3.32137
3.42605
2.97615
3.10925
2.30860
0.74792
2.78528
3.72410
3.66113
3.89245
2.74710
3.63786
2.75042
3.76918
3.94980
3.50148
3.79470
3.63909
1.89835
2.57639
2.59142
3.85134
2.35357
3.07085
3.27477
3.06905
2.46567
3.70125
2.47391
0.99338
2.15653
3.80617
3.57436
2.48282
3.69375
3.71628
3.85973
3.44199
3.10450
3.46235
0.98245
3.66206
3.31512
3.96289
3.25480
2.53247
2.59028
3.41947
4.01291
3.98367
1.49332
3.50682
3.27738
1.53917
4.01282
3.72024
3.26191
3.48733
2.72465
3.42652
3.34222
3.25273
3.37488
2.07245
3.81867
2.10139
4.10149
3.13286
3.91930
3.25708
1.06288
2.28842
2.27403
4.20445
2.28133
3.50387
3.74530
4.00214
0.65114
2.99679
3.83441
3.80606
1.89277
3.33891
2.84377
3.15424
3.53448
3.72303
3.35624
3.61503
3.48657
2.52995
2.26019
3.74011
2.43745
1.06722
2.67899
2.71999
3.56333
3.78205
3.25143
3.73553
2.72174
3.77413
2.47141
2.75055
2.23416
3.21996
4.05120
3.39511
3.90450
3.20363
4.07960
3.67996
3.20038
3.87516
1.83426
1.83340
3.47200
3.64138
3.79311
3.50211
3.72956
3.84327
3.01675
4.16624
3.17467
4.15064
3.52229
3.26355
0.66151
3.93106
2.53360
4.00017
3.50903
4.08451
3.49750
3.73033
3.58712
3.03703
2.17212
2.77252
3.75444
2.37096
3.29500
3.45061
3.32760
3.56790
1.26058
3.37404
2.93815
1.95986
3.40871
3.43965
2.37953
2.13102
3.28686
3.57713
1.62165
3.35374
2.79799
3.61604
2.84138
3.47488
3.61937
3.61615
2.36694
3.98826
0.35575
2.16878
3.32773
2.56223
3.45142
2.99818
2.92403
3.97377
2.89893
1.89563
2.81150
3.58064
0.41691
2.41244
1.93108
2.59669
3.09773
3.25131
3.32737
3.43753
3.67109
4.04752
3.89248
3.16936
3.92878
2.41806
3.68388
2.84879
2.32741
4.00402
3.31286
3.57817
2.94883
2.66650
3.65806
1.56851
2.82139
3.48937
3.95726
3.04518
1.55047
3.72862
3.58629
0.78518
1.82937
2.63179
2.30235
2.83695
3.12089
3.62055
3.32471
3.88122
2.96743
2.96620
2.29883
3.75637
1.94958
3.26669
3.80551
3.67418
4.11018
3.01495
3.75755
3.09751
2.81318
3.66816
3.73628
2.62807
3.48894
3.65349
3.21267
3.59464
3.76541
3.80256
4.10811
2.41994
3.33940
3.58663
4.07494
3.32571
1.39970
3.40868
3.65195
2.84375
3.82091
3.98959
2.18695
3.91432
3.80535
3.70841
4.21489
1.61166
3.35833
3.62834
2.25375
3.67687
3.87882
3.81299
2.86492
2.94414
3.08075
3.45457
3.45653
1.34341
1.20199
2.89737
2.99224
2.09332
3.82966
1.77980
3.80941
2.99093
3.86868
3.76789
1.81342
3.82558
3.75650
2.68923
3.66528
3.20403
3.13015
3.63601
3.35793
3.84659
3.61055
3.72102
3.10016
3.21026
1.88476
3.23084
3.17564
2.32975
3.74439
3.00343
2.92694
2.97383
3.65667
3.72385
2.40922
3.80242
3.48785
2.75026
3.16019
3.44880
3.72093
3.60293
2.88494
1.93558
3.24005
3.28880
3.66785
3.47763
1.74209
3.83554
3.31744
3.73567
3.90567
3.79273
2.14738
3.70226
3.56158
3.06803
2.60061
3.10111
3.28687
2.48814
2.43416
3.47516
3.91890
3.38710
2.76597
2.47474
3.20731
2.75921
3.84936
3.95792
1.54018
3.12705
3.87845
2.82986
3.94562
3.39364
3.89488
3.72444
3.36065
0.13414
3.02911
3.93943
1.53188
3.75818
3.83430
3.86097
3.57717
3.65904
3.42516
3.14290
1.62864
3.83551
3.16821
3.00812
3.92690
3.44442
1.24265
3.85511
3.77352
3.55264
3.72775
2.38432
3.81977
3.71064
2.86967
3.45695
3.81878
2.30234
0.95100
2.57849
3.88670
3.13718
2.81955
1.80560
3.96799
2.85228
2.97746
3.67167
3.28934
3.62593
3.77646
3.83423
3.42222
3.49626
1.35443
1.83144
3.04510
3.43138
4.02326
2.29684
2.29392
2.18150
3.80116
3.88757
3.65443
3.53219
2.06907
3.22887
2.96724
2.04541
2.47266
2.94201
3.99340
3.41132
0.72136
3.81589
3.35993
3.78926
3.32375
2.23318
1.11876
3.09802
1.59179
2.89866
1.94131
2.45604
3.39652
3.44572
2.17853
3.21988
3.64589
3.83890
3.82050
2.84329
3.84884
3.62853
1.23597
3.53988
2.76534
3.71384
2.61645
3.70597
4.16341
2.95572
1.89457
3.17894
3.32747
3.54029
2.69960
3.61861
2.54408
3.75440
3.35652
3.99026
3.69433
3.51732
2.48859
3.69330
0.50492
3.83497
1.81544
3.68305
3.06434
3.79938
3.87449
3.45998
4.10852
3.56522
3.75604
2.89526
3.82956
3.53277
3.74593
3.93894
3.75575
3.81156
1.48547
3.92390
3.71708
3.00006
3.22692
3.59948
3.82116
3.58861
3.28728
3.90519
3.53891
3.80412
3.81473
3.62316
2.28494
3.44275
3.76150
2.89876
3.45010
2.01077
3.70882
3.08932
1.39657
2.82117
2.83269
2.43353
3.76182
1.82256
3.85463
2.75781
2.12009
3.92247
3.58040
2.00743
1.19390
3.36274
3.44193
2.49447
3.89749
3.00741
3.48277
3.46477
3.84882
1.94481
3.50743
4.05444
1.90664
2.87265
3.96636
3.77415
3.85905
2.81045
3.66039
2.70740
3.29503
2.93675
3.60489
3.62814
3.47395
3.48537
3.08633
2.85721
3.51448
3.77042
3.79414
3.37207
2.38618
3.65894
3.93980
3.50092
2.10382
3.52047
3.71905
1.20373
3.57892
0.95800
3.50248
2.57086
3.04975
3.38886
3.78283
3.89075
2.64845
3.42416
3.60772
3.25109
2.94381
2.23435
2.03009
1.88793
3.13015
3.14570
3.41135
3.14733
3.78510
3.72755
2.60668
3.85946
1.80463
1.96770
1.55867
2.69813
3.92651
3.71985
1.06455
3.84193
3.48261
3.47970
3.52755
2.73257
2.90877
2.67584
3.99913
3.66673
3.47653
3.43074
3.45405
3.71395
3.68548
3.59775
3.52648
3.93518
3.51371
3.12322
3.87254
2.82922
3.74543
3.73990
2.88201
1.66663
3.47221
3.51890
3.56068
3.01421
3.38628
3.65617
2.88561
3.60682
3.17990
2.84013
2.35626
3.38730
2.66457
3.89726
3.83775
3.52328
1.73756
3.11281
1.92498
3.50674
3.72095
2.45506
3.53479
3.52568
3.07674
3.82317
2.32591
1.97558
3.73582
3.58545
3.42730
2.45325
3.24671
2.60086
2.88728
3.22814
2.64333
1.97604
3.86074
3.03691
3.85304
4.09443
3.26232
3.17698
2.39512
2.13996
2.98980
3.47055
3.70342
3.83013
3.40231
3.34457
3.46305
2.74424
3.81784
2.86789
3.04876
3.30932
3.75924
3.19021
2.60506
3.42758
1.24852
3.84278
4.01081
2.74145
3.91692
2.22167
3.82093
4.06036
3.42074
1.37919
2.75592
3.49698
3.48601
3.53240
3.14207
3.67045
3.53638
3.97562
3.34396
4.02279
3.75310
3.98810
3.71981
3.37490
3.75837
3.53671
3.58414
4.01301
3.27928
2.37080
3.95047
3.53913
3.54102
3.79347
3.87411
3.32742
2.42983
3.73625
3.86794
3.87624
3.16034
1.70501
3.39665
3.29688
1.54874
3.81018
3.08114
3.19721
2.90531
2.84429
2.83031
3.67317
2.86055
3.71039
3.49905
2.03300
1.74213
3.79238
3.63786
2.71355
3.25217
2.99832
2.88978
2.70836
3.14428
3.63915
3.84459
3.59850
4.07073
3.79135
3.86112
3.31281
3.81659
3.64153
3.94060
3.68247
3.97559
2.75089
3.46712
2.95316
3.26580
3.30576
2.04587
2.90962
2.58904
3.45201
2.66656
2.91836
3.60409
2.89481
3.29190
1.03420
3.53111
3.49248
2.65964
2.72880
3.99772
3.19859
3.87534
3.69219
2.26047
3.88133
4.05441
3.81981
3.30482
2.31134
3.22496
2.79510
2.41918
3.64696
3.90944
3.53201
2.85696
2.62124
3.07298
4.01792
3.88123
3.20508
2.60304
3.89507
3.02699
2.97992
3.89333
2.99661
3.61125
3.46712
2.39868
3.46514
0.80305
2.33099
3.41692
3.29046
3.30322
3.57865
2.75120
3.80913
3.27232
3.69420
3.52714
3.93780
1.96207
3.85665
3.64790
2.34489
3.97071
3.54969
4.07729
3.52652
3.64303
3.40323
2.91306
4.08265
3.31355
0.50292
2.86506
2.81695
2.36778
3.33908
3.82923
3.79761
3.63123
3.59242
3.75249
1.32606
2.40910
3.58837
3.24011
1.89511
3.58923
3.32262
3.52929
4.03182
3.72455
3.49654
2.96851
3.57409
2.63345
2.16157
3.74336
3.63427
1.20553
3.88963
1.06036
3.64775
4.26252
3.23497
3.86157
3.52902
3.32193
2.97599
3.41381
3.46658
4.09538
3.34667
3.45674
3.74424
3.94800
3.88874
3.61289
4.02467
3.06734
2.94657
3.62058
2.70379
3.30825
2.08560
3.51664
3.88833
3.94447
3.49594
0.99160
3.96145
3.63460
3.91450
3.47932
3.79750
3.80940
3.97765
2.94176
3.60881
1.39052
3.33039
3.42867
2.80872
3.00782
3.78420
3.37404
3.32018
3.56930
3.92466
2.64391
3.30549
1.42495
3.25781
2.83710
2.85262
2.81381
2.68651
2.23141
3.61550
3.67735
1.44749
2.96833
3.13480
3.61680
2.76603
4.05543
1.76850
1.56083
2.78511
3.94854
3.40199
2.52640
3.09751
3.66507
3.56798
3.81390
3.41390
3.69897
3.80471
3.64771
1.73898
2.90779
3.70328
3.59740
4.07359
3.69837
4.07091
3.50694
3.52619
1.64801
3.78883
3.73304
3.13436
0.28566
2.36779
2.73063
3.12526
2.68223
3.25808
3.24908
3.03108
3.70506
2.66382
2.97660
3.29196
3.61075
3.82943
2.82616
3.82580
2.81085
2.63776
2.97358
3.01295
3.34979
3.72463
3.66638
4.06608
3.70043
1.60672
3.91971
2.54725
1.54502
3.58666
3.42583
3.45268
3.74611
2.99400
3.67972
3.58514
4.00629
3.73622
3.14046
2.38288
2.38490
3.95581
2.02564
3.43011
2.50366
3.26011
1.55944
3.49120
3.27139
3.77525
2.55572
4.02644
0.76725
3.88146
3.21104
3.65311
3.40537
3.62239
2.38169
2.59835
3.49160
3.95962
3.75991
3.91254
2.54520
3.05165
1.23715
2.73984
3.54238
2.06956
3.66861
3.89927
3.72537
3.47906
3.88471
3.68171
3.27578
2.82933
3.16589
2.87628
3.81555
3.15386
2.12094
2.86039
3.87086
3.62469
2.79644
3.47878
2.98446
1.72101
3.48670
3.10408
3.14194
3.67122
2.19313
3.11595
3.26766
3.96171
3.80259
3.72909
4.15413
3.30370
3.32123
1.22498
3.29022
1.59940
2.69837
3.87025
3.05283
2.44508
3.82476
2.67366
3.67240
3.48390
3.76276
3.44204
3.53297
3.54712
2.56272
3.46560
3.60889
3.43885
3.48055
2.32925
3.92458
3.68260
2.66243
1.30442
3.72728
1.92992
3.64964
4.18161
3.81906
3.16568
3.54022
2.61796
3.59809
3.89406
3.76061
2.86907
4.06198
2.27504
3.31865
3.41033
3.15471
3.10667
2.40936
1.83076
3.37842
3.44855
0.97127
3.21307
2.61919
2.94675
3.09140
3.11893
3.99416
3.43398
1.65036
4.08014
3.29438
3.38436
1.53805
2.22195
2.12102
3.02547
3.47238
4.00158
3.26557
3.43396
3.67094
2.42450
0.89652
2.95371
4.23163
3.10044
1.30386
3.64282
3.46537
1.86147
3.36987
2.37257
2.55537
3.98051
3.57644
1.39745
3.37949
3.98120
3.67469
3.52579
2.38663
3.84709
2.00200
2.94660
2.13963
3.81061
3.12904
3.12668
3.54004
3.81651
2.06790
3.82079
1.90837
3.89048
3.97810
3.19392
3.48116
3.25911
3.66666
3.53698
4.03789
2.83616
2.71514
3.81023
3.66648
3.56574
3.72083
3.08434
3.69426
4.10792
3.25990
3.69510
3.42845
3.09624
3.71407
4.13282
1.51492
3.41466
3.62770
3.78278
3.92118
1.71174
3.68200
3.86427
3.83661
3.56493
2.37952
3.49761
2.28146
3.18892
3.72509
4.08767
3.98805
3.94564
2.74569
2.22690
3.84457
3.72454
3.36424
3.07280
2.78421
3.91820
3.33883
3.68951
2.65445
3.68886
3.98805
3.42810
1.98631
3.07215
0.29754
2.08061
3.93470
4.02484
3.30630
3.24100
4.03488
2.33537
3.35407
3.16141
3.21488
3.20616
3.36727
3.79365
3.80445
3.46219
4.09556
3.98410
3.87578
3.42279
3.94442
3.64098
2.47177
3.75713
3.03008
2.76302
3.45045
3.83033
2.59768
4.05039
3.60729
1.79819
3.70991
3.25472
3.60441
3.45054
3.66414
2.53088
2.77226
2.96425
3.11752
3.49707
3.71665
4.10929
3.86728
3.90375
3.62588
3.89086
3.03461
2.67179
4.13799
3.67111
3.49538
4.05530
4.03120
3.33982
2.94533
3.30993
4.08508
1.48226
2.96327
3.88101
0.58455
3.82528
2.66438
3.57729
2.54478
3.38905
2.88867
3.86167
3.12680
3.68359
3.52564
3.53338
3.28309
3.03513
3.04292
2.98966
3.00106
2.07374
2.91007
2.73963
0.70373
3.68315
3.75829
3.57121
3.62549
3.53261
2.27008
3.24681
2.80914
3.70872
2.91781
3.15546
3.43637
2.99419
3.02341
3.51746
1.93981
3.69961
3.88934
3.71327
2.77049
2.97524
2.42876
3.95919
3.50015
2.79090
3.66171
4.06649
2.70276
3.73265
3.18692
1.27542
3.99828
4.05314
3.83362
2.07363
4.01779
3.33224
3.67165
3.52443
3.68695
3.64445
3.38367
3.37920
2.64682
3.78396
3.91512
3.91819
2.50560
2.40698
3.96363
2.34641
2.80970
3.66395
3.96460
3.87255
3.55622
1.98093
3.04973
4.13352
3.84876
3.97726
3.91040
2.39524
3.77291
3.50091
3.33551
3.15622
1.62071
3.10256
3.56841
3.22257
3.64714
3.82277
3.16539
3.80547
2.42851
3.66647
2.49969
3.87599
2.11016
2.67638
3.82471
3.48164
2.63780
3.91364
2.74987
3.35164
3.60406
1.06157
2.45847
3.45403
2.94109
3.64502
2.01648
2.72692
3.18398
3.54900
2.21967
4.16274
3.48288
2.74141
3.64478
3.08348
3.28121
3.38184
3.53530
3.53421
3.56049
3.61491
3.24599
2.39456
3.51442
2.76285
3.64610
2.99053
3.99583
3.46958
3.49440
3.19937
3.31650
3.85704
2.72513
3.38659
4.02933
3.85969
3.82272
2.92533
3.38095
1.70787
2.05506
1.82549
3.63789
3.81199
3.85242
1.87157
2.25545
3.38548
1.79702
2.11712
3.58991
3.59871
3.81086
3.76249
3.21080
1.85437
3.44003
3.48396
3.82759
3.27859
2.79450
1.84028
3.50580
4.09372
1.64789
3.69654
3.90541
3.07601
2.47366
3.23283
3.28300
3.64871
3.10832
3.23640
3.08564
3.53544
4.07201
2.97262
3.56367
4.13449
3.47532
4.09368
2.61272
3.82466
3.81661
3.52814
3.64894
3.64162
4.01516
4.08905
3.21829
3.41147
3.56314
3.81029
2.84519
3.75563
3.40675
3.97785
3.77033
3.11365
3.25286
3.77136
3.58306
3.25544
3.11838
2.17461
3.10841
3.83550
3.62824
2.24378
2.78816
4.04313
3.79251
3.96638
3.68064
2.39422
1.90208
2.40768
3.62361
1.92067
3.97490
3.89476
3.09702
3.69811
3.48579
3.78766
2.88164
3.20967
3.79514
3.91403
4.00724
1.14415
3.75169
3.80178
3.93885
1.92972
2.74984
3.38868
3.99158
3.73851
3.42638
3.66151
4.08969
3.39906
3.65650
3.91020
3.73439
2.04150
2.98803
2.95329
3.64029
4.00123
1.71608
3.75165
2.29690
3.70400
3.05352
3.38284
2.18106
3.76727
3.74214
3.81133
3.57482
3.26338
3.80206
1.99600
3.68255
3.42807
3.26640
3.28349
3.43285
2.70782
3.22445
3.86992
3.81012
3.59930
3.97009
3.49273
3.99280
3.78130
3.13744
3.70917
3.73459
3.21294
3.61821
3.61541
3.74541
4.11212
3.11123
0.41992
3.91599
3.61169
3.22681
2.80086
2.21476
3.57951
2.83490
3.42932
3.11446
3.85541
3.30029
3.06975
2.91552
3.94838
2.87149
3.47886
2.82520
2.78659
3.05342
1.98710
2.77347
3.05407
3.60407
3.49271
3.26540
3.68692
4.14775
4.30567
2.85769
3.64520
3.27466
4.00767
3.27278
3.81931
0.25480
3.50580
3.36624
3.57002
2.46295
1.86747
3.24528
3.75372
3.70274
2.69089
3.81979
3.43751
4.06810
3.14555
3.19270
3.01384
3.58345
3.48282
3.60545
1.03319
2.49829
2.79021
2.99203
3.53270
3.14079
3.15589
3.53783
3.51668
3.98120
1.89469
3.83953
2.97251
2.23454
3.87660
3.92750
4.09587
3.53669
2.88471
3.66597
3.23728
3.49764
3.29420
0.82086
3.17608
3.46978
3.86358
3.75886
3.71392
3.79640
3.09272
3.92604
2.00572
3.63903
3.79597
3.71775
2.04162
3.21894
3.93582
3.56889
2.45485
2.67821
3.12873
2.93135
2.90164
3.31530
4.06470
3.58777
3.29503
2.81506
3.52846
3.82361
1.95758
3.55860
2.43104
3.65606
3.41516
3.84551
3.38087
3.25177
3.68536
3.95127
1.86738
3.48666
3.61839
3.83917
3.74602
2.92275
3.59535
3.58382
2.28183
3.57947
3.27158
3.78041
3.86159
3.45776
1.76658
3.63612
3.86529
0.62963
3.14858
2.92107
2.04274
3.49246
1.03614
3.87191
1.86316
3.89678
3.61720
3.94290
3.69562
3.01284
3.48885
3.68757
3.73284
2.30889
2.10269
2.85869
3.23784
4.04091
2.27060
3.81514
3.97466
3.90106
2.91817
3.89931
3.89779
4.04403
3.39755
1.23066
2.85569
2.80928
3.75597
2.45150
3.54021
2.96544
3.94456
3.66559
1.51404
3.87627
3.77423
3.89754
3.03454
3.69251
3.19625
2.39016
3.84402
3.64562
3.72918
3.33330
2.62717
3.90455
2.32301
3.52796
3.90677
2.01406
3.28227
2.56251
3.45427
3.73081
3.08238
2.08348
1.50437
3.44887
2.47863
3.59269
2.94944
2.09271
1.94576
3.01875
1.28043
1.66226
2.91903
4.08020
3.31591
3.75172
3.61176
3.68426
3.66040
3.80621
1.25903
3.48358
3.55090
3.58705
4.04199
3.48164
3.67439
3.97539
1.74602
3.32979
2.65638
3.66645
3.58779
2.70482
3.71563
2.56322
2.88621
3.69969
2.85858
3.84124
4.00057
3.13970
2.89923
3.29113
3.02530
3.31948
1.80503
3.89012
3.61165
3.34214
2.51737
3.40140
2.53944
3.85496
3.33837
3.71510
2.85188
3.09537
3.09923
1.30900
2.75134
3.49657
2.04078
3.86578
3.70840
2.55804
3.95692
3.53806
3.91911
3.62484
3.20967
3.92951
1.81980
3.90465
3.75804
3.33788
3.78870
3.64213
3.98520
3.10171
2.61030
3.92395
3.88701
0.99357
3.47055
4.02624
3.44385
2.98434
3.07000
3.58332
2.77612
3.42114
3.55497
4.19542
3.24183
2.91629
3.62711
2.68471
2.09858
3.06840
3.27607
2.06627
2.38462
1.43544
3.79386
3.52935
3.27566
2.46003
3.46036
4.02471
4.11430
4.05181
3.11838
2.59320
3.83820
3.42381
3.68856
3.58537
3.84743
3.80078
2.36614
2.57026
2.02479
3.48318
0.94186
2.78688
3.60033
3.56779
3.67598
3.45059
3.72903
3.66573
3.64814
3.36657
2.71796
2.57393
4.05288
3.80329
3.51099
3.38086
3.08793
1.93148
3.34726
1.56783
2.13144
3.64122
3.11242
3.56688
2.02620
1.81210
1.12372
1.38414
1.50818
3.15728
3.84169
3.86716
3.37032
3.77013
2.36435
1.47070
3.80021
3.51978
3.35578
3.40316
3.60848
3.02541
1.96018
3.55383
3.92472
3.80094
3.99997
3.92620
3.28918
1.85452
3.26228
2.19277
3.21750
3.36223
3.65549
3.91171
2.53840
2.29446
3.84390
3.99157
3.62872
2.64241
3.38481
3.65946
3.19998
3.67346
3.60959
3.84287
3.58647
3.68543
1.29099
2.13843
2.93825
3.23345
2.96541
3.72122
2.46788
3.80042
3.70430
3.36762
3.83103
3.69247
3.86558
3.82735
3.18231
3.91738
3.14150
2.84639
3.72205
3.93351
3.60432
3.93098
2.44791
1.72111
2.04179
3.69751
2.19360
3.68948
3.26109
3.42478
2.95982
2.91474
3.20252
2.48845
1.28167
2.54201
3.91743
1.81347
1.15240
3.83280
4.07380
3.73206
3.85618
3.92695
2.68372
4.04925
1.20995
3.84324
3.32854
3.75211
3.66987
3.34989
2.46006
2.48661
1.23013
3.02335
3.97904
3.81265
3.76420
3.95197
2.72071
3.75786
3.65431
3.79813
3.64128
2.91211
3.59563
2.64722
3.68928
3.92214
2.13100
2.20317
3.79042
3.79921
3.00276
3.52833
3.73289
2.79394
2.73806
1.37046
3.66361
3.80383
2.58680
3.46441
3.42514
3.73841
4.03006
3.86737
3.47855
4.10372
3.61399
3.46956
3.57050
3.12931
3.36061
3.72207
2.21468
3.55038
3.47333
3.39183
2.24929
3.75923
3.61446
2.24503
3.91269
3.33890
2.01073
4.10711
3.60696
3.39668
3.29111
1.70230
3.50272
4.04798
3.70963
3.72937
3.62371
3.66192
3.23965
2.26534
0.32178
3.90183
3.68354
3.05472
3.67111
3.71550
4.15305
2.59864
2.70212
0.77844
3.67499
3.91174
3.80855
2.70855
3.59677
3.72517
4.04546
3.47094
1.85852
3.65953
3.04436
1.72025
3.53511
2.86800
4.01369
3.62683
3.99360
3.34857
2.31711
3.12563
2.31178
2.30141
2.87810
3.75501
3.19748
3.20896
3.49155
3.79076
3.60748
1.83491
3.44902
2.07591
3.48984
2.58520
1.85645
3.55137
1.58574
2.91482
3.55160
3.75999
3.38835
3.56670
3.24530
2.33816
3.50887
2.85682
3.70304
3.55555
3.30978
3.14964
1.52347
3.32926
3.81384
3.79601
3.67986
2.81002
3.50726
2.88384
2.65702
3.84030
3.98561
3.92643
3.29224
3.71437
3.88074
3.33626
1.73151
3.96931
3.58411
1.32621
3.99547
1.58818
3.42119
3.64439
3.13108
2.99980
3.73839
3.68406
4.03489
3.46279
3.53076
3.57645
3.52133
3.39236
2.50897
4.02201
4.14790
3.38125
3.80277
3.91265
3.27604
3.91815
3.71165
2.93185
3.11054
3.79580
3.77928
3.95874
3.81954
3.39590
3.09977
2.55253
3.22810
3.39584
3.17492
0.92476
3.13468
1.55944
2.79555
2.53605
2.47690
3.66493
3.33592
3.70903
3.45134
2.89167
2.83519
4.09070
3.88484
3.10877
3.80946
3.80999
2.98445
3.24911
2.93877
1.06434
3.55335
3.80482
1.94981
3.39556
3.69866
3.54692
1.78787
2.36968
3.49462
2.97315
2.08657
3.54707
3.30386
3.87921
3.44687
2.36163
3.80929
3.47868
3.72811
3.80360
3.66798
1.27985
3.22308
3.99504
3.73914
2.21721
2.26005
4.03305
3.09509
2.99553
3.75113
3.68784
3.48919
3.68465
3.92926
4.09397
3.36474
3.42693
3.47457
1.81522
4.17846
2.97245
3.06419
3.55986
3.21838
4.06309
2.87173
3.23517
3.64930
3.91456
2.89548
3.67626
2.05370
1.45251
3.51898
3.29817
3.84311
1.86991
3.89891
3.60486
3.24915
4.08533
3.79961
3.49682
2.41878
2.72434
3.32368
3.58146
1.74959
3.34013
3.34655
3.93549
3.06696
3.91782
3.63933
2.82264
3.77613
3.63206
3.92844
3.37529
3.64927
3.54032
2.99502
1.54421
4.11830
1.64886
3.65713
2.66306
3.74728
1.77462
2.87133
2.83339
3.73275
3.01745
3.16203
3.07356
3.14261
3.81386
3.45513
3.70994
3.66882
3.30601
3.37594
3.50429
3.53532
3.87181
3.50751
3.70813
3.69297
3.82251
4.08873
3.20732
3.77244
3.42337
2.11928
3.41483
3.82154
1.45870
3.78853
2.83050
0.50279
3.38622
2.58871
4.01427
2.74730
3.50313
2.65129
2.94311
1.02381
1.23456
3.47880
4.12552
3.18514
3.48991
1.96161
2.97877
3.83696
2.82569
3.57606
3.82582
2.64129
3.64755
3.46380
3.58794
3.41996
2.87094
3.37859
3.37276
3.21251
3.39627
1.03361
2.17045
3.71144
3.93748
3.92914
3.17281
2.93912
2.47830
1.32279
3.94848
3.54139
3.69184
2.98403
2.85445
3.87298
3.08757
3.16078
3.83075
2.87119
0.40359
3.43260
2.91802
2.62022
3.77115
1.62661
2.94040
3.45718
2.12986
4.08941
3.67088
4.11319
3.15183
3.06282
3.92658
3.95735
3.37910
3.89247
3.78889
2.29914
3.63038
3.31059
3.21485
4.17628
3.28577
2.35031
4.03030
3.98178
1.96664
4.09293
1.44354
4.10841
3.80899
3.15780
3.89306
3.13443
2.24728
3.81994
3.52339
3.72900
3.55751
2.23339
3.13834
3.78530
3.21799
3.28619
3.93912
3.50692
3.37644
2.57172
3.40662
1.76467
3.84749
3.00173
3.61411
2.91514
3.93638
3.79233
3.83508
3.79119
3.40004
4.04787
3.28730
3.29348
3.42443
2.50306
3.26749
3.93530
3.69225
2.60418
3.79277
2.76463
3.71518
1.95168
3.34529
3.64884
2.32276
2.66921
3.59184
3.36741
3.80825
2.96623
2.02883
3.82201
3.85145
2.32146
3.01325
1.40815
3.48543
3.96456
3.39593
2.56673
3.14103
2.72786
2.53296
3.66054
3.01356
3.21236
3.60422
1.93416
3.23631
3.97103
2.31395
3.81554
2.22444
3.55671
3.54557
3.01042
3.03693
3.31522
3.71139
3.75041
1.03828
3.53770
2.68235
2.80315
3.52556
1.62184
3.70984
1.39447
3.64855
2.50696
3.53407
3.69110
3.43441
2.92455
1.90970
3.39691
3.09595
3.75186
3.74739
3.17782
3.50592
2.50813
4.00743
2.03017
4.06178
3.95369
3.58180
3.48922
3.64814
3.36496
3.21726
3.20725
3.51975
3.54503
3.05847
3.40278
3.22633
3.55354
2.22134
3.76284
2.15439
3.70651
3.15964
3.12841
2.42011
2.73813
1.47038
2.87071
3.46765
3.58119
3.72712
1.46808
3.70669
2.77110
3.67424
3.85079
3.21849
3.78261
3.94965
3.56988
3.70537
2.53229
3.26978
3.77154
3.51032
2.34128
3.63797
3.77855
3.12604
3.76280
2.99074
2.59993
1.08853
2.51347
3.61862
3.11341
3.60655
4.01332
3.47373
3.17096
3.71425
3.70634
3.56962
3.80352
2.38288
3.16083
3.53217
2.49059
0.03163
2.47238
2.45744
2.95956
3.06452
3.35221
2.93531
3.26651
2.74527
3.86493
3.51285
3.50318
1.66203
1.87074
3.55792
3.13411
2.79889
3.62463
1.99502
2.30243
2.89526
3.60546
2.78276
3.59273
3.24125
2.10285
3.73239
3.53246
2.94217
2.83379
3.71209
3.50475
3.39952
3.73433
3.39615
2.76508
3.22076
2.40487
0.71635
2.64164
3.83031
3.80022
2.96462
3.47196
1.30702
3.46955
3.38050
3.71101
3.56671
3.56224
3.91231
1.27419
3.97736
3.88820
3.86414
1.02495
3.52188
2.29867
3.62937
3.35960
3.45088
2.48784
3.27419
2.77351
2.95890
1.89010
3.12384
3.64453
1.91851
2.24636
3.55961
2.18096
1.90010
3.27490
3.59868
2.68573
2.98011
2.73618
3.98283
2.23066
1.44502
3.13144
3.86949
3.96602
4.06985
3.39458
3.87609
1.49080
3.32053
3.73344
3.94329
3.80370
4.08518
1.57616
3.66076
3.15046
3.70325
2.68977
3.50992
4.12111
3.84835
2.74443
1.28848
2.67262
3.66834
2.90638
2.93273
2.69025
2.28633
3.42091
3.36892
4.00687
1.81587
3.66654
3.84635
3.68310
0.94918
3.70113
1.18147
3.38574
3.37898
3.90490
1.98549
3.82281
3.41098
3.41407
3.50226
3.58335
2.45262
3.39753
2.89787
3.82006
2.89947
2.61893
3.51615
3.28568
3.67837
0.52948
3.70099
3.60385
3.26045
1.76394
3.59376
3.61239
2.87339
1.84861
2.22246
2.79064
3.79448
2.18635
1.80040
3.81121
2.80682
3.06894
3.57508
3.28001
2.36565
2.50528
2.85243
4.02093
3.03540
1.04742
3.57887
1.86979
1.54033
3.02067
2.08769
3.24132
2.52935
3.47779
3.89315
3.82239
2.26109
4.09209
3.63199
3.89916
3.38150
2.80739
3.60331
3.71110
2.42824
2.49302
2.28094
3.83121
3.58200
1.32329
3.19198
4.00234
3.68700
3.62833
1.91992
2.58812
3.62371
2.44754
2.49384
3.36049
3.09138
1.59263
1.22438
1.49155
2.84512
2.75799
3.09359
3.81743
3.12849
4.01348
2.63056
4.01169
3.71197
3.59274
3.82768
2.92304
3.92606
3.21980
3.53377
3.62058
2.91599
4.03570
2.64334
3.69633
4.02210
2.69664
3.83332
3.40127
2.86076
3.46725
3.55646
3.56729
3.28946
3.85241
3.61617
3.39548
3.25653
3.37116
0.99397
3.49273
3.51068
3.34742
4.04976
3.77150
3.34962
2.91805
1.07415
3.68750
3.46955
0.88177
2.01143
3.71298
3.99043
3.40827
3.55715
3.89495
3.68460
3.60138
3.68798
3.78578
1.56430
3.56001
2.44708
2.07975
3.60705
3.85933
2.81584
3.17010
3.79931
3.67349
4.13546
1.90270
2.66724
2.56439
1.79837
3.49760
3.81148
2.76021
3.56976
3.94385
3.50266
3.79576
2.57752
3.84489
3.13745
0.83037
3.85848
2.77422
1.31917
3.76919
3.66291
3.34137
0.61734
4.00810
1.54638
3.31072
3.70705
3.04351
3.32023
3.45767
3.59966
3.74349
2.58981
3.39792
3.68174
3.76965
3.51941
3.69204
3.94413
3.31471
3.31928
2.91313
2.37195
1.78869
0.99961
2.80967
1.78533
2.55640
3.35144
0.71067
3.56200
3.72168
3.96374
3.11452
3.60881
3.15809
3.69092
2.61200
2.92365
3.79948
2.86191
1.78418
3.68162
3.32782
2.61815
2.58217
3.95278
3.60989
3.89870
3.34267
3.63994
2.92055
1.82606
3.24060
3.62412
2.44920
3.16701
3.44217
3.48049
2.04983
3.69902
3.78978
2.49832
0.58149
2.21419
2.86684
2.36825
2.79337
3.96101
2.25365
2.69999
3.47843
3.50816
3.32951
2.71880
3.41633
2.86167
3.91739
3.35010
3.80785
3.05366
3.64817
3.62955
3.51325
1.40120
3.67964
3.71775
4.21722
3.25819
2.95505
1.37033
3.87062
3.72929
3.39930
2.86138
3.46492
2.19962
1.36797
3.61042
3.53854
2.07069
3.28942
3.29477
2.43840
3.75294
3.80159
2.07361
1.31146
3.93842
2.34515
1.77403
2.95024
2.90879
2.22926
3.32315
3.69964
3.33724
3.89774
3.44224
3.77865
3.74782
3.53284
2.67129
3.85760
3.51628
3.80282
2.22158
3.25453
3.72711
3.84762
3.92955
2.83287
2.17981
3.59904
3.09156
3.85129
2.82013
3.62167
3.83407
3.02790
1.85432
3.48349
3.75271
3.69552
3.54043
2.27074
3.71681
3.59344
1.85224
3.62843
3.56576
3.97459
3.48198
3.84677
2.10511
3.19432
2.15758
3.38530
3.52871
3.92216
2.98045
2.39652
3.95094
3.72365
3.59204
1.20067
3.01633
2.20396
2.25896
3.58953
3.08704
3.85435
3.63990
2.97893
3.68329
2.50357
3.57006
3.43662
3.80287
1.32143
3.07966
3.72711
2.89891
3.89762
2.11525
3.42158
3.79910
3.70946
0.10097
3.33641
3.92893
3.57982
3.55982
3.89580
3.38132
2.30089
3.87298
3.78424
3.95693
2.06434
3.93521
2.78108
2.34694
3.57099
3.56966
3.50729
1.17974
2.82272
3.64288
3.65960
0.99931
3.81947
3.60954
2.41585
3.89403
2.73790
2.59645
3.84738
2.34027
3.48808
3.09113
3.99012
3.76983
1.56966
0.77470
3.98499
3.55451
2.99881
2.65508
1.21521
3.26167
3.23927
2.54575
3.81102
4.14120
3.73882
2.00898
3.13796
3.08261
3.80453
3.62109
3.57026
1.76070
3.32224
3.47722
3.83470
3.19744
3.66313
3.81704
3.28834
2.21045
3.98451
2.58712
3.49204
1.92524
3.25344
3.21613
3.69044
3.51752
3.68012
3.48450
3.89180
3.50348
3.41459
3.91574
3.65902
3.84586
3.85431
3.42396
1.93017
0.54027
3.32352
3.20148
1.47084
3.90446
3.78326
3.35282
2.05268
2.40353
3.57603
2.51334
2.92182
3.79615
3.64863
1.42918
3.42899
2.84169
3.04305
3.48218
3.52755
0.99080
3.21966
3.84127
0.79235
3.51458
3.32170
3.99372
2.67159
3.23979
3.80358
3.49599
2.91609
2.08952
4.08105
2.90958
1.75819
2.86220
2.56236
3.73171
3.90500
2.78352
3.10578
4.13561
3.71766
3.62360
3.62331
2.31655
3.20153
3.31534
1.56039
3.86617
3.82018
3.46603
3.60978
3.54288
3.51428
2.33308
3.01674
1.67958
3.81654
2.16187
2.81008
3.16281
2.72977
3.66886
4.09642
3.48243
3.62829
3.37393
3.66966
3.38349
3.67476
3.16461
2.70189
3.71394
2.12314
2.96837
3.60461
0.54701
3.31787
3.65725
2.14748
0.59352
3.70457
0.81194
3.43319
1.88242
3.19673
1.63665
3.17189
3.70666
2.84804
2.67374
3.25025
3.50343
3.66120
3.89390
3.91851
1.74307
2.72929
1.49902
3.97637
3.16335
3.61751
3.29261
3.87124
2.11075
3.42024
3.43235
3.81183
3.77994
4.07479
3.29122
0.86440
2.96337
3.25744
2.11762
2.76727
2.09513
2.14047
2.95453
3.70871
3.20321
3.28663
3.72453
3.08343
1.80225
2.06748
3.40710
3.10749
2.71329
3.72086
3.99912
4.12056
3.82058
3.20550
2.48275
3.45953
2.95335
3.73015
4.14213
3.32199
3.41980
2.77105
3.48381
3.31504
3.55041
4.04195
3.81196
3.08621
2.94903
1.22986
3.15437
3.84992
3.54370
2.91381
2.58462
3.59245
3.87024
3.88540
3.26329
3.70897
3.96731
3.55414
1.42911
3.07671
4.15916
3.80821
3.76840
3.63604
3.97634
3.26021
2.18983
3.81971
4.07266
1.85131
1.07218
3.68862
2.38097
2.71194
3.10412
3.58674
2.88904
2.06804
3.84969
2.21475
3.62160
3.75175
2.73403
1.03618
3.87969
2.99017
2.89350
3.06790
3.71080
3.35284
3.40690
3.03220
4.02354
3.82736
1.88613
2.76611
2.97197
0.84555
3.43052
3.73016
3.95235
3.45016
3.92778
3.14750
2.79904
3.68917
2.99720
4.09741
3.27634
0.62215
4.09086
2.66474
3.95714
3.93009
2.15562
2.80392
3.92538
3.71789
3.96309
3.38540
3.75101
3.61986
0.96758
1.88512
3.77762
4.02957
3.70230
3.95950
3.41630
2.44931
1.29743
2.17297
3.56245
3.74029
2.56432
3.65100
3.83239
3.30387
2.05219
2.66344
3.05096
3.81753
0.78923
3.13087
1.21273
4.09962
3.73647
3.42701
4.18684
3.22428
3.68085
2.01636
4.07548
3.35566
3.63207
3.37518
3.31464
3.50434
4.02862
3.76141
3.55151
2.54943
3.49460
4.03244
4.10475
1.49884
3.50356
3.41704
3.71297
3.13333
3.88418
3.47729
2.55596
3.61601
0.42301
2.88528
2.96430
3.38235
3.76711
3.10004
3.50825
3.82994
3.43189
3.47435
2.16341
0.18300
3.72614
4.07710
3.72458
3.62128
3.15299
3.96467
3.71587
2.46254
3.07009
3.91192
3.14703
1.50527
3.27281
2.84888
3.40623
3.89899
3.75813
3.61666
3.65223
4.05850
3.47013
3.67611
3.62025
3.82230
3.45477
2.98811
3.04268
3.61865
3.77970
3.90395
3.18849
1.80168
3.51025
3.93151
3.30880
2.87444
2.81117
2.54105
3.65832
3.12959
2.71753
3.92066
2.95603
1.39230
0.38733
3.32550
3.88655
2.45106
2.95910
4.33487
3.46231
2.81445
1.82114
2.72089
3.54920
3.44161
3.01076
2.34828
3.17267
2.41696
3.75249
3.74651
3.51593
3.61771
3.03307
3.12894
3.70570
3.93643
3.45409
2.48956
3.74035
2.23992
3.60455
2.85456
2.41620
3.19456
4.15739
2.73378
3.81870
1.79326
1.04808
3.80885
2.24379
3.71081
2.22323
3.65899
3.71058
3.05438
3.75131
3.18460
3.51523
2.93380
3.18209
1.50690
2.51007
3.37824
3.53085
2.47869
3.29667
3.08055
3.12292
3.62089
2.67346
1.68541
3.80616
3.73644
3.40306
3.67562
2.16626
3.70013
3.26782
3.93112
3.78408
3.44571
2.98308
3.40486
3.51814
3.05488
3.60335
3.61824
3.09211
3.72349
2.42937
3.42375
3.72408
3.05160
3.51827
3.19948
2.01145
2.89383
3.41829
0.96616
3.72996
0.29536
2.66653
3.33625
2.55323
3.93297
3.67611
3.61522
2.53120
1.65294
3.88023
1.55237
3.85888
3.76798
3.19412
3.52217
3.04399
3.61155
3.38851
4.19079
3.06903
3.60710
3.06316
3.37649
3.67365
3.85533
0.60113
3.09902
2.70634
3.93814
3.86098
3.55228
3.01081
2.20700
1.52596
3.72495
0.83706
3.72940
2.92061
2.95981
2.73679
3.32019
3.48894
3.78158
3.70466
3.39736
3.77457
3.92600
1.93831
3.16253
3.89701
3.60778
3.05963
3.34505
2.35433
2.75612
3.12653
2.19133
3.81024
3.37445
3.83639
3.45688
3.11000
3.86196
3.06078
3.70848
2.50974
3.84528
3.04615
3.74089
3.03639
3.71677
1.51885
3.79581
2.00901
3.10498
3.82242
4.00283
3.80756
3.36660
3.88630
3.13547
3.55447
3.60726
3.81349
3.71297
2.29320
3.03890
4.02638
3.49083
3.38382
2.94069
3.59699
3.91876
2.35593
2.95690
4.14558
3.48651
2.99504
4.08755
2.72863
3.91360
3.75929
3.50189
2.94821
3.25145
2.80011
3.63192
2.59658
3.76015
3.66411
1.90750
3.59730
3.28985
4.11261
2.33651
3.51327
3.88576
3.11666
3.40782
1.53540
3.62935
1.88224
2.93676
3.58625
0.87638
2.06530
3.92275
3.27012
3.00131
3.83851
3.79211
3.55869
3.34562
3.92437
3.12348
3.91799
2.12498
3.83731
2.55742
2.84973
4.03052
3.39360
3.89417
3.97902
2.03415
2.83834
3.87894
3.76374
0.63786
1.31800
1.68847
1.90824
2.04912
1.07183
3.48391
3.78457
3.65227
3.29817
3.88381
2.33384
1.90781
3.20842
2.21267
3.33407
2.78150
3.55080
3.09874
0.70180
2.16901
3.28828
1.93694
2.85351
3.53615
2.91476
3.73493
1.13615
3.04051
3.75714
3.06679
1.82390
3.69263
1.79604
3.82698
3.95326
3.33306
3.75322
3.44019
3.46317
3.80990
3.56269
2.91567
3.89812
1.04034
3.79794
3.54475
3.82074
2.80702
1.38712
4.04753
3.28866
3.26088
2.04764
3.80446
3.23191
3.47675
3.46522
2.78674
2.49099
3.00115
3.32328
4.00700
4.00776
4.03261
3.57528
3.66601
3.26077
3.49857
2.92821
2.79650
3.44462
3.57535
3.79875
3.84067
3.99264
2.98359
2.80399
3.09545
2.77114
2.87392
3.39374
3.79218
3.53847
1.26135
2.01059
3.75080
4.13891
3.60041
1.74215
2.70640
3.75998
3.17825
2.76903
2.80603
1.74094
3.78638
0.41223
3.56243
3.78116
2.02967
3.53982
2.48512
2.89810
3.96850
3.53989
3.43539
1.85417
2.60092
3.55671
3.59393
2.22684
2.29671
1.02091
3.59405
3.40588
2.94118
3.11171
3.82649
3.69017
0.36367
3.69908
4.08079
3.43316
0.97875
3.50960
2.66350
2.89489
1.59597
3.95875
3.64804
3.86342
3.40281
3.69326
3.43525
3.85736
3.85234
1.61227
3.66534
3.65502
3.78228
3.57246
3.77792
2.81836
3.21590
3.24534
1.08468
3.59005
3.42638
1.60059
3.60155
3.27341
3.01589
3.23433
2.05384
3.64938
3.20380
3.57905
2.63530
3.39539
2.66341
3.73944
2.61139
3.40320
3.68295
3.57577
3.28559
1.28651
3.94426
3.35165
3.92939
3.50625
1.81577
1.84463
1.40948
2.90008
3.43950
4.25300
3.60697
2.57826
2.07875
1.82895
3.32250
3.75040
3.81706
3.43869
3.82022
2.20644
3.91695
3.58653
0.52987
1.69460
3.57540
2.98286
1.03736
2.90598
3.89070
3.62657
3.03603
3.62227
3.42868
3.58754
3.61281
3.19765
3.66778
3.26866
3.53370
3.85689
3.69124
2.46096
3.75613
1.67358
3.99681
2.75769
3.25927
3.81255
3.16552
3.62288
3.57519
3.90315
3.71704
1.36949
1.07440
3.52001
3.75133
4.19296
3.22685
3.04883
3.75539
3.25306
3.74769
1.01658
3.85373
3.57704
3.86847
3.95328
3.93607
2.92304
1.45471
3.78598
2.90160
2.43860
1.84264
4.02258
3.64855
3.99855
3.18713
2.78186
3.69292
2.58578
1.25001
3.04082
3.72447
3.63030
3.27815
2.74120
3.74915
1.67329
2.37589
3.71057
3.83191
3.72826
2.44665
4.04882
3.83995
3.55329
3.37722
3.68889
3.53045
3.41537
3.54276
3.26814
3.93593
3.12153
3.85081
0.39725
3.85254
2.07351
2.71525
3.70209
2.69886
3.44328
3.72528
3.84057
2.20214
3.58876
3.94033
0.32743
3.52379
3.80399
3.28196
3.95249
2.89529
3.65400
3.27455
3.47609
3.85711
3.35257
3.44674
3.95785
3.03401
3.52813
3.31251
3.49612
3.58133
1.79525
3.59829
3.92310
3.08928
3.48545
0.27616
3.80562
2.92366
3.25255
3.96551
3.58741
2.43283
3.81093
3.02506
1.27600
3.38617
3.72454
3.30723
2.01017
4.10395
3.74607
3.73695
3.19373
2.98045
3.37156
2.04394
4.04455
2.04269
3.57508
3.30207
2.33451
3.04103
3.74142
3.31255
3.73161
2.52758
3.57811
3.73045
3.21502
3.03789
3.84391
2.43481
2.94538
3.77397
3.52555
3.33512
3.10981
1.48410
3.04343
3.33084
3.09236
2.60180
3.69303
3.70189
3.62020
1.38975
0.81407
3.88618
3.06828
2.20754
3.50622
0.62379
3.79127
3.62254
3.34199
2.97865
4.04214
3.10454
4.10580
3.77006
2.60326
3.34691
3.53955
4.11152
1.93403
3.77341
1.37995
3.63295
2.58447
3.57804
3.88469
3.33292
2.02942
3.16358
2.27040
3.37336
2.74019
3.93788
2.99405
3.50778
3.87398
1.09104
3.32610
4.01558
3.03994
3.53109
1.74996
2.94767
3.71808
3.55102
3.88263
3.34112
3.61337
2.45595
3.75928
1.46887
3.98301
2.68779
2.89777
3.78453
1.44041
3.63195
3.18699
3.71476
3.19967
3.19709
3.45944
3.42269
4.08844
3.41200
3.12399
2.42782
3.04683
3.88603
1.41499
3.30428
3.54454
3.60549
3.35567
3.86063
3.61453
1.36992
1.80957
3.48259
3.46177
3.04462
2.53754
3.61961
3.53128
3.96715
3.51249
3.74139
3.36678
3.23733
1.56830
3.60385
1.87398
3.48394
3.59577
2.97896
2.77146
