1.82063
0.67997
2.15898
1.21635
0.49292
2.12379
3.05284
2.80820
1.20137
0.90789
2.63678
2.39022
0.96309
0.00815
0.06097
0.00540
0.01990
0.74009
0.00032
0.00755
0.04829
0.23941
1.89287
3.30066
1.17119
0.01615
0.00002
0.00677
0.87057
3.36330
0.02358
0.95658
1.58827
2.75399
1.27900
3.03304
0.49259
2.22839
1.91414
1.20131
0.87726
2.31558
1.81353
1.34849
0.00029
0.33396
0.37966
0.04758
3.01132
3.01548
0.59470
1.57645
0.00056
0.97393
0.14740
0.57247
0.44431
0.18873
0.33638
0.44615
0.12715
0.92517
2.26777
2.26188
2.24250
0.83099
0.27977
1.40700
0.88277
0.20975
0.74256
1.58316
1.78717
2.60523
0.53614
0.30220
0.00040
0.03483
0.12283
0.85778
0.14887
0.04796
0.00690
1.00044
1.21433
0.22245
0.18659
2.28215
1.25127
1.83566
0.11204
0.30964
2.80200
0.52394
0.79728
2.12640
2.89678
1.85995
1.59014
3.40713
0.80866
0.97398
1.27907
2.55087
1.56131
0.00020
0.00217
0.07715
0.87095
0.82243
0.67675
0.04367
2.02801
1.14884
0.07291
0.18121
0.78968
0.37820
0.64903
0.03491
0.91045
2.74743
0.42798
0.66318
0.09135
1.02910
2.35322
2.43747
0.08113
2.72714
1.81272
0.16279
0.25866
1.66949
3.13801
0.32457
0.15462
2.61827
0.33238
0.02785
0.91402
0.90904
0.10246
3.31541
0.75670
0.26842
1.57043
0.00002
0.08158
0.36743
0.52953
0.32676
2.79280
2.61523
0.70646
1.11552
0.21577
0.34318
2.59973
0.95983
0.28364
0.02424
1.12830
1.75377
2.77950
1.32272
0.00111
2.18654
0.15149
0.85102
1.24861
2.86773
2.92523
1.32894
0.13922
0.60325
2.38621
1.42601
0.05866
0.05580
0.19738
2.02490
0.08189
0.09897
1.39301
0.24061
3.15248
0.32111
1.11797
0.37200
0.15958
1.27973
0.92113
0.04614
0.00658
0.08436
0.72672
1.86728
0.02368
0.27398
0.09619
0.10605
0.02149
0.02261
0.21426
0.51629
0.25356
0.00229
0.06388
2.71906
1.94216
1.96928
1.90264
2.82800
0.00598
2.30421
1.60230
1.17218
1.48759
1.13087
0.13086
2.64291
2.73814
0.06770
2.73382
2.68424
0.05040
0.12851
0.81346
0.93252
2.06651
0.08138
1.55770
0.02006
0.38704
2.51550
2.30131
1.20699
0.00002
0.11150
0.01799
0.00941
0.24721
2.73311
1.68228
0.77482
0.04576
1.31430
3.20774
0.15489
0.32396
0.92637
1.45721
0.00132
1.53085
1.92986
0.99845
1.40066
1.24075
0.36577
0.51394
0.06686
2.82752
1.02625
1.71344
2.77109
2.11346
2.28565
0.98148
0.88251
0.37090
0.08845
1.71239
1.95071
2.21204
0.77592
0.86479
2.49644
1.66359
0.00511
0.55907
0.16923
0.80953
0.25571
0.56984
0.08627
1.23782
3.10762
0.39100
0.30881
2.35979
2.85288
0.40478
0.93569
1.47639
0.06263
1.30398
0.23612
1.01147
1.35117
1.64708
0.62200
1.55559
1.62386
1.93837
2.18834
0.01565
0.05316
2.24636
0.50518
2.05101
0.32753
0.02789
1.27434
2.21997
3.56649
0.99741
1.29230
0.03831
0.07510
1.42839
2.06984
3.07578
0.06542
0.06127
0.75820
2.76082
0.04820
0.36479
2.58363
0.05885
0.24767
0.18824
0.95374
0.46097
0.70053
2.14037
2.36747
1.19107
1.42346
0.70969
3.53465
0.20158
0.05141
0.78500
0.47538
0.49771
1.09667
2.85796
2.81573
1.23560
2.73126
2.21778
0.98912
0.05772
0.70690
0.79082
1.20692
1.22289
2.63963
0.02957
0.00020
2.77886
0.07304
0.02492
1.14463
2.91994
1.31919
2.77411
2.36089
1.17356
0.00444
0.10362
1.49982
2.08671
2.80157
0.61394
0.00735
0.00047
2.98113
0.14831
0.10120
0.00499
2.98148
0.05478
2.61961
0.74478
2.13591
0.79579
1.07594
1.87758
0.80699
2.87237
0.16994
2.97263
0.47969
2.53810
0.32483
0.78932
0.62741
2.40502
2.65589
2.55966
3.09697
0.79326
0.96507
1.50606
0.08752
2.53330
2.95786
0.89280
2.31690
0.21518
2.89915
2.31700
1.73447
2.68164
0.19744
0.17497
2.19803
3.01077
2.59433
1.71520
0.94971
0.76287
0.03204
0.78287
0.45057
2.52206
0.61405
3.19346
0.49677
2.60860
0.24939
1.60475
0.40881
1.32993
1.83753
0.55206
1.64439
0.36457
0.00179
2.50252
0.14768
1.09434
0.14151
0.33251
0.44573
1.02857
2.18771
1.28180
2.53034
0.60987
0.03872
2.41494
2.05124
1.90466
0.61728
0.69489
0.48116
1.47218
0.00011
0.39260
2.79663
1.55483
2.61418
1.20130
1.73944
1.01202
0.36297
0.12586
0.14929
1.77340
0.13341
2.23689
1.36228
1.71818
2.72322
2.13583
1.18823
0.40125
0.00808
2.26069
3.38402
0.08946
0.60882
0.38140
0.66337
3.06392
2.57973
1.41379
1.11464
0.77019
1.29793
0.19502
2.99775
2.57655
3.07117
1.89623
0.10855
1.54772
1.03109
0.54422
0.85875
2.23398
0.05726
0.77762
0.26794
0.01505
1.46678
0.05617
0.85050
2.35515
2.47112
0.52522
0.00029
1.93681
0.31223
0.98927
0.02506
0.28366
1.68512
2.72461
2.29372
0.20441
0.29030
0.56455
2.12703
2.06739
2.17453
3.38348
0.03454
0.01538
0.75765
1.11404
1.97124
0.17408
0.96998
0.03702
1.48444
1.19280
2.46975
0.24299
0.09116
2.82051
1.58121
0.14925
2.52516
1.33500
1.43226
1.96228
1.95759
0.63075
2.09108
1.52911
0.36663
0.66817
0.38396
2.84753
0.31588
2.61447
0.50238
0.13659
0.86752
3.20429
1.30894
0.96351
0.76659
1.23191
3.46248
0.79866
0.06534
3.25217
1.04516
2.60567
3.08004
2.73470
0.19744
3.00726
0.36907
2.90508
1.26155
0.02302
0.62900
0.07997
0.14069
2.01027
2.71547
0.39572
1.97672
2.69287
2.29495
0.03851
0.02213
0.55238
2.19769
2.89629
0.30597
1.96689
1.59488
2.83900
0.91838
0.02339
3.30689
0.80423
0.47293
3.03863
1.10434
1.17873
1.19833
2.17979
0.00895
1.06402
1.78718
0.11890
0.02451
2.32480
0.98109
0.04220
0.65740
1.76841
0.00000
0.05070
0.59072
0.52104
2.79491
0.01945
3.63532
0.63799
0.00136
3.53444
2.14062
1.04013
2.25355
1.99050
0.50413
0.36192
0.01314
0.13799
1.14585
2.93212
1.96914
1.02704
0.61321
0.06275
0.29887
3.71919
0.00056
2.64259
1.43778
0.18033
0.07219
0.05416
2.13747
1.18451
1.00936
1.06647
0.23527
2.70657
0.49645
1.47112
2.29925
0.19078
3.08594
0.25359
0.00000
0.40525
1.95185
0.21543
1.61571
0.42934
2.17857
0.00859
2.37614
2.29870
0.05333
1.82184
0.01192
3.38932
0.03990
0.03431
0.01198
0.50187
1.09119
0.01793
0.79776
1.60955
0.00436
0.49228
1.84569
1.65929
0.03912
0.07460
0.41751
2.26521
3.21237
2.61350
0.00713
0.64881
0.10194
2.56534
1.29371
2.69475
2.00250
2.23603
1.39970
0.32472
0.85015
2.80019
2.68751
1.99058
1.20326
0.66279
0.56749
0.00001
0.77426
1.94453
1.95493
0.94896
0.13492
1.87750
0.06995
0.00516
3.33567
1.33189
0.78101
0.15483
0.76273
0.01981
0.38271
0.20763
1.37423
2.57834
0.71106
0.00030
0.06677
2.05307
2.17498
0.00523
1.47764
1.90643
2.89225
1.82027
2.41281
1.05238
0.06323
0.00662
0.05855
1.20732
0.00018
2.16246
1.88178
0.07511
1.34548
2.54757
0.04703
1.97459
1.29095
2.13206
0.62857
3.26887
2.45818
0.50135
0.41687
2.73947
0.13612
0.37638
0.67758
0.00510
0.98396
0.12842
0.00401
0.08915
0.03897
0.35847
0.66208
0.20242
0.80237
0.58890
0.35209
0.41635
0.40217
2.88568
0.46669
0.47443
0.06524
0.16160
2.36270
0.00098
1.19837
0.00444
2.73573
1.66372
0.79382
3.18344
0.30173
0.70182
1.33781
0.45698
2.57749
1.70536
0.06595
1.23147
0.00758
0.31491
0.54755
1.45963
0.00214
2.06024
0.81734
2.04174
2.32082
2.59214
0.31179
0.76312
0.11399
2.45214
0.05812
2.89579
0.11326
2.41841
2.46501
2.12379
2.47568
2.53071
0.05874
1.35980
1.94849
1.33692
2.43779
0.36233
1.14551
2.93991
1.59551
0.01029
0.31819
1.06239
0.24292
2.30874
0.06207
1.34185
0.01871
0.74524
0.93797
1.48370
2.54403
2.13988
2.39326
0.30139
1.37367
0.73400
0.04606
1.74245
1.39204
2.86465
2.83316
1.89762
3.39316
1.75044
0.50624
3.52196
0.73292
0.12297
1.05095
0.00050
1.83716
2.05312
0.47750
0.04099
1.10090
3.09104
2.51654
2.82382
0.00014
0.32964
1.50248
0.07211
0.67502
0.05099
2.61001
1.00483
0.50299
0.73038
1.63553
2.55847
0.08957
3.41440
0.49170
1.66263
0.05636
0.00908
0.00386
1.44341
0.48616
0.52707
0.63055
0.00020
1.83051
0.61683
0.70083
1.73181
2.23337
2.71784
2.03396
2.92941
0.00217
3.01948
0.71548
0.64910
0.01908
2.22488
0.17508
0.13669
0.09706
1.05469
3.35647
0.86250
0.55395
2.45832
0.71659
2.55871
0.08537
0.40446
0.34220
1.49321
0.05026
1.64745
1.70572
1.24473
1.76908
0.11748
1.30004
0.80255
0.02559
2.95500
0.00252
3.30059
2.73443
0.01553
0.47561
0.58669
0.02316
0.29255
0.02441
0.10906
0.04792
0.84429
3.24288
2.35668
0.31515
1.14671
3.11059
0.00612
0.81940
0.94363
2.63853
0.32762
1.57934
1.55035
1.07177
2.47257
0.89055
2.64796
3.11229
0.03439
0.91252
0.09454
0.90944
0.32559
0.04974
0.00406
2.17509
0.86496
0.34763
2.04259
0.38434
3.74819
0.00817
0.14777
3.87766
0.59749
0.02298
0.03894
2.33013
1.42916
2.50209
1.93038
1.80894
3.37038
1.84663
0.19336
1.56012
1.35316
0.60321
1.39857
3.36495
0.14189
2.09475
0.06044
0.34819
3.17815
0.78540
0.03429
1.05935
2.18596
2.96207
0.17943
3.52403
0.72566
1.28345
0.17923
1.91299
1.23932
2.90005
2.24741
0.01639
1.60373
3.18912
0.79164
0.17758
1.76683
0.15622
2.73843
0.90674
0.42590
0.31315
0.06497
0.00770
1.02162
0.39330
0.04783
1.74426
1.42292
2.48904
1.51081
2.80974
0.38100
1.25394
1.67942
0.19368
2.30700
0.73602
1.05905
0.31825
0.16361
0.07014
1.51436
2.04184
0.15032
2.17976
0.30335
2.15104
2.79770
0.86725
0.21743
0.77269
0.21915
0.40869
2.85961
1.26046
1.26491
3.14915
0.01566
0.63978
0.41367
0.70355
1.06245
2.28821
1.01843
1.04201
1.48518
2.30685
2.64622
0.53670
0.31991
0.69297
0.24173
1.19231
0.00060
2.31762
0.61267
0.33760
1.26531
0.02632
2.28652
2.66009
0.04229
1.86277
2.48980
0.95749
2.04857
2.73844
2.18564
0.19036
2.37944
0.01203
0.02477
0.10892
1.30973
1.67014
0.84304
0.44391
2.26118
0.36122
0.00001
3.01777
0.08994
0.51367
2.45126
0.03202
0.08658
0.45733
2.24938
1.41088
2.32325
1.52284
0.40228
1.35984
3.12890
1.77957
0.32614
1.96337
1.69797
3.04148
1.51151
0.47420
2.70810
2.55530
0.12512
1.75265
1.00823
0.15551
1.18415
2.38724
2.08365
2.06943
0.01477
1.47384
1.20385
2.65115
2.42275
2.71500
0.08754
1.70005
0.14879
0.29129
1.31315
0.05234
0.92537
1.26618
1.41588
0.94460
0.94409
0.55859
1.47353
0.69728
3.57040
0.22611
0.77728
0.00689
1.89460
2.00063
2.80730
0.37099
0.65240
2.65080
0.64596
1.28436
0.36106
2.01442
0.68611
1.56648
2.13716
0.20768
1.23358
2.38003
1.66890
2.33795
0.00391
2.45831
1.82262
1.49624
2.47362
1.55554
0.45203
1.67425
1.54065
2.25612
1.88657
0.81739
1.47422
1.62676
2.95473
0.82338
0.34390
0.05938
2.31264
0.84700
1.00554
0.19932
0.06991
2.91541
2.29566
2.27557
0.01188
1.02133
0.64480
0.87693
0.82148
0.05166
0.06589
0.30417
0.03071
0.03286
0.08263
1.86338
1.63507
1.67167
0.14871
0.13849
0.80002
0.86974
1.70775
0.34278
1.21911
0.02135
1.39328
0.00428
0.28557
0.45824
1.93277
0.00212
0.07669
0.54991
0.04773
0.00169
0.54156
1.77050
1.66223
3.07308
2.59580
1.97829
2.04339
1.29225
1.56695
0.51185
0.25429
0.03905
1.57805
1.50759
0.64971
1.79551
2.66650
1.02206
0.83992
0.17558
0.36754
1.16733
0.30813
0.16633
1.17227
1.56812
0.04052
2.66073
0.00000
0.00291
0.73755
2.31285
0.11955
0.19801
0.72656
0.04985
2.28048
2.11479
0.31487
0.20825
0.21837
2.89474
0.69963
0.08882
3.30351
2.77780
0.93884
2.76090
0.76086
0.63452
0.05361
2.99101
0.39365
0.06394
2.20884
1.27750
0.10348
0.78727
1.42219
1.08915
2.20489
0.07786
3.05555
0.53014
1.40246
1.21870
0.71592
0.58333
1.69042
0.16826
0.08223
1.66897
0.54400
1.76631
2.57370
1.95077
2.65233
2.60413
2.67822
2.17181
1.68287
0.50919
0.00009
3.05144
0.18913
0.13828
1.72652
0.49101
0.75751
2.85555
0.02033
0.18000
2.81687
0.97017
0.08733
1.09388
2.55555
0.96038
2.12667
0.35468
2.62098
0.08329
0.48024
2.45411
0.95824
0.00678
0.06070
1.74849
0.00019
0.24203
2.48547
0.06031
0.55802
2.72072
1.23283
1.25087
2.12777
2.09702
0.09378
0.00006
1.10714
0.15394
1.37945
0.85913
0.01335
0.16209
0.00050
1.00939
0.02735
0.14977
0.95102
1.47824
0.31020
1.08582
0.68658
3.23629
2.13807
0.02561
0.13319
0.54676
0.05387
2.15470
2.17001
0.92787
0.01312
1.84308
0.10360
1.04342
2.42693
1.64049
2.38464
1.97296
1.73239
1.11081
1.00220
0.30799
0.63902
0.67683
1.52854
2.62686
1.54053
0.00147
0.49616
2.14213
2.67613
0.09889
2.43477
0.36667
0.01721
0.65259
1.37862
1.28428
1.14153
0.08647
2.88420
1.22079
2.46995
2.46971
0.34277
0.00746
2.16824
0.09823
2.66363
0.90015
1.54521
1.08724
0.49447
0.73852
0.82731
1.66677
0.03605
0.09233
0.03740
2.10919
3.09651
2.38775
1.06864
1.68725
0.20088
0.18859
0.06643
2.11078
0.01470
2.53478
1.38947
0.09358
2.36571
2.35563
0.37813
1.04929
0.65002
0.16274
0.59567
1.71511
1.63444
0.13659
0.72320
3.28560
0.30429
0.01805
0.28879
0.00926
1.97904
0.08034
2.54364
1.13883
1.98589
2.68231
1.57126
2.74825
2.16214
0.03422
1.34775
0.23241
0.02976
1.25921
0.89453
0.86239
2.18375
0.04467
2.34964
1.38811
0.52035
1.43668
1.79006
0.00086
3.09719
0.88976
0.22561
0.27860
1.21611
0.90556
0.10348
2.12489
1.55453
0.31420
1.44106
2.59901
0.45203
0.00453
2.90309
1.85282
2.69110
0.12923
2.88669
1.14771
1.38745
0.79215
2.69343
0.56885
1.04869
0.17774
0.07238
1.29958
0.04334
3.29022
0.73859
2.03745
0.04042
0.44036
1.21570
1.99478
0.08137
2.71803
1.99212
2.66017
1.22642
1.52370
2.96044
0.02222
0.34771
3.53396
0.00321
3.30210
1.93463
2.52078
0.92923
0.41831
2.30995
0.57359
0.88419
1.02507
1.70659
1.33822
0.10388
0.12557
1.68634
2.85636
0.64289
1.46470
0.00333
0.29207
0.50536
2.33984
2.70287
1.70587
0.06859
1.05108
1.02235
0.98818
0.42310
0.88571
0.58787
0.90940
0.61932
1.18648
0.05099
0.07112
1.11842
1.13320
1.17335
0.41505
0.21638
2.19813
1.23713
2.31336
2.11955
0.59556
1.27658
0.37575
1.80860
1.45671
0.00530
0.06961
0.65492
2.79347
0.19767
2.18967
0.28171
2.78652
1.52886
1.96049
1.78458
0.02113
0.29508
2.02539
0.42137
0.08636
1.94426
0.50062
0.66691
0.33102
1.58001
0.00002
1.07238
2.84619
1.46556
3.57889
0.12860
2.57659
0.01394
0.07421
0.52164
1.48914
1.61125
0.43686
0.22086
1.80654
0.31296
3.21862
2.16178
0.84539
1.23215
1.30602
0.05190
0.01245
2.17460
2.61399
0.11463
0.01061
2.14479
0.08048
0.45522
0.42008
0.29949
0.36356
2.33174
1.04307
2.21240
0.54577
0.88586
0.04928
0.45403
0.32811
1.92003
0.00838
2.27086
2.27878
2.18586
2.87143
0.04521
0.16309
3.03604
1.24604
0.04058
2.32589
0.00557
1.49234
3.44445
2.19840
2.31124
0.02024
0.39762
0.02784
0.07465
0.84732
0.79035
1.07129
1.66680
0.51979
0.08495
0.04597
2.49622
0.33574
2.56637
0.01489
1.41795
3.59672
0.10452
0.00134
2.50324
0.08551
0.20490
0.35127
0.76672
1.10429
2.40649
0.94433
0.16038
0.83147
0.08926
1.51574
1.79077
3.09838
0.73660
2.11083
2.22291
0.24951
0.30230
0.17623
0.99753
1.50279
1.00564
0.09954
0.19021
1.30070
0.28471
0.56924
3.23150
2.40559
0.00092
0.05142
2.11730
1.78230
3.12790
3.48846
1.29538
0.00389
0.82566
2.34172
0.55382
3.11190
0.84211
0.33825
0.35680
2.88665
0.48591
0.41561
1.31857
2.19154
0.67591
1.57874
1.75366
0.61848
1.83462
2.84567
0.20894
1.41703
0.92211
2.33452
0.91355
1.87600
0.02849
0.78631
0.43742
0.19673
0.01933
0.38447
0.74786
0.35001
1.69844
1.90168
0.20595
0.18293
0.97938
0.27590
1.14630
1.66038
1.21208
1.68900
2.88473
2.98321
1.41977
0.03318
2.67445
0.20598
3.14866
0.49178
1.30788
1.36608
0.17239
1.49982
2.21065
1.70658
0.10783
0.52106
0.94745
0.40722
1.26106
0.32209
0.00811
0.46042
2.18984
1.86188
0.26552
0.17921
1.70674
2.58161
0.22011
1.00753
0.04510
1.05435
2.83915
0.33976
3.26900
1.63585
0.79883
0.91887
2.02776
0.30858
2.45903
0.15975
2.29919
0.51966
1.55438
2.60149
0.04875
1.06478
1.84816
1.88204
1.56374
1.60734
1.22959
1.25770
2.18636
0.46809
1.49488
0.21395
2.16937
2.91231
0.00424
1.86954
0.50758
0.09179
3.10911
2.26287
1.03156
0.21504
0.87678
0.03599
3.50934
0.49456
0.12033
0.39347
1.23961
1.50322
0.10215
1.19142
1.93989
0.22390
2.94268
0.12743
1.46369
0.28128
0.00572
2.59840
0.27473
2.72638
1.17692
0.60656
0.00094
1.88078
1.22145
0.03638
2.60729
0.17545
1.60766
0.04352
1.69998
0.79426
0.00003
1.79289
1.63410
0.01494
0.54685
2.45377
0.70663
0.00296
1.60197
2.52907
0.43320
0.50112
2.25014
2.86840
0.17307
0.65559
0.00901
1.60379
0.44828
1.37973
0.39885
0.18461
0.01570
0.00878
0.72145
0.06435
2.75549
2.96177
0.32071
0.68090
1.37358
1.78624
1.12845
2.45913
0.00461
0.36084
0.09593
2.31242
2.58159
0.00143
1.53268
0.13436
0.40142
2.42149
1.49725
1.94198
0.67739
0.01772
1.49053
0.25318
1.24108
0.96790
0.24334
0.01232
0.40863
0.11523
2.80967
1.06332
3.11421
0.02762
3.09538
1.33759
0.04673
2.79289
0.91923
0.37844
2.06452
0.82759
2.55123
0.00243
0.35093
0.08478
0.33463
1.90212
1.85059
0.03637
0.96164
0.00037
2.29586
0.45308
1.64506
0.67247
0.56251
2.04181
0.12237
0.89698
2.11996
0.14994
0.87032
2.54171
2.27278
0.23784
0.62727
1.87530
0.68313
2.39153
0.95357
0.66060
1.31835
1.55674
3.03954
2.83563
0.43447
0.00441
3.21572
0.23822
0.27607
0.00000
2.66940
1.01077
0.00001
0.57120
0.04345
0.56839
0.75754
0.06042
0.95969
3.25324
0.70981
0.08405
2.23178
2.92400
0.11932
2.36121
2.22789
0.19011
0.00009
2.25244
0.95198
0.52465
0.81701
0.61811
0.14038
2.71607
0.91461
2.33402
0.24990
2.73850
2.38930
2.49610
0.36934
0.59512
1.76911
0.02041
0.05042
0.10663
2.48397
1.68316
0.15290
2.81275
0.01405
1.26889
1.13711
1.74626
0.16075
1.77982
0.06770
0.31415
0.10720
0.02466
1.13657
0.00002
0.48241
0.68108
1.31408
0.46513
1.41297
0.00317
0.16864
1.01344
3.43095
1.71005
3.40087
0.11347
0.66475
0.01900
0.31489
0.05434
0.48612
3.02013
1.93841
0.00129
1.21292
0.17776
0.04821
0.12469
2.45805
1.32562
0.08614
2.55811
0.00448
0.32608
3.42676
0.29904
3.09235
2.18221
1.92596
0.02294
1.26738
0.00003
1.97123
3.07272
0.00004
2.52759
0.00016
0.16756
0.24600
0.15377
0.30330
1.75348
0.16654
0.79890
0.00248
1.12154
0.63594
1.39643
1.82570
0.20971
1.12079
2.91688
1.41435
0.16608
0.24870
0.69472
2.40968
0.25596
0.82592
0.01684
1.32037
1.26115
0.02551
0.85511
0.56862
1.52835
2.52290
0.29280
1.00547
2.26425
0.93871
0.59069
0.23848
2.78021
0.27799
1.07108
0.13826
0.42648
0.31551
2.32229
3.30189
2.04313
3.04476
1.58748
0.02823
2.69750
1.66688
0.04848
2.29943
0.55300
0.11462
0.00702
1.13654
2.30582
0.00652
3.08362
0.39259
0.43686
2.00964
0.18047
2.12013
0.70247
1.70531
1.20945
0.29483
0.13649
2.18021
2.59861
0.07245
0.71600
0.54591
0.26250
0.88657
0.04532
0.21212
1.38020
0.19137
1.76338
0.30405
0.65032
0.02683
0.44023
1.59509
2.84877
0.01234
0.27069
1.07661
2.83819
0.69299
0.01142
0.17739
1.64426
3.57899
2.85252
1.95142
0.13453
0.29623
0.01095
2.45771
0.12109
1.44878
2.56997
0.73989
3.82364
0.87805
2.03050
2.79590
0.14295
0.24353
1.94359
0.02346
0.39283
0.15241
2.50234
0.00502
2.24374
1.48350
0.37262
0.06852
0.00258
2.10960
0.18022
1.83673
1.53350
1.71800
0.37392
0.37150
0.10978
1.24673
0.02030
1.56202
0.17213
0.40026
0.06922
1.89933
1.21943
2.88205
0.06942
0.01091
0.64642
1.04598
1.03022
2.09545
2.38581
2.32703
3.35848
1.42802
1.22905
0.29586
0.12760
0.03311
2.49485
2.26401
2.57648
1.44074
0.02367
0.95680
1.50722
0.00027
0.08817
1.03290
1.84738
2.09658
3.17956
2.69312
0.98913
2.93057
0.00798
0.62413
0.53452
0.36186
0.00833
0.00072
1.86409
0.02437
0.72549
0.01824
1.40402
0.01491
1.32033
0.71534
0.65882
2.21854
0.03800
1.34908
0.08242
2.22305
0.95322
0.06782
0.48333
0.51517
0.37044
1.80231
0.22369
0.02531
0.00010
0.12206
3.01365
0.00992
0.45435
0.23502
0.57442
1.78975
0.86771
0.45269
0.70052
0.04890
0.19205
1.09936
2.05370
0.41921
2.30892
0.04995
1.00075
2.58207
2.90782
0.25595
0.41291
2.08941
0.80720
1.58395
2.35158
0.45665
0.20982
2.32849
0.85865
0.98111
0.15746
2.03100
0.64166
0.06854
0.88423
0.93365
0.29444
0.05565
3.37738
3.18945
1.63272
1.03661
0.76474
0.10905
0.85138
2.27906
0.03727
2.48020
3.03384
1.71092
0.65671
3.40383
0.12783
0.18121
0.11731
0.24329
1.09456
1.82456
2.52626
0.23033
0.11524
1.26932
0.39484
0.41145
0.08345
0.20631
0.24845
1.03227
2.73651
2.73246
0.85644
0.04919
2.58056
1.25366
0.00386
0.00490
0.24689
0.11093
3.17415
1.42221
0.88072
2.35312
0.95701
3.31940
3.37030
0.59918
2.52631
1.30106
1.89598
0.00512
2.89697
2.92595
0.05148
0.04994
0.81400
0.56668
2.89011
2.41614
0.03170
0.38898
1.81786
0.67237
1.13324
0.07974
3.23855
0.66409
1.36143
0.54522
2.30805
2.63434
2.41928
0.44416
0.01080
1.73392
0.00622
0.92691
2.92812
0.08753
0.48685
0.17932
2.99904
0.23077
1.24324
3.11026
0.02282
0.51057
1.24540
1.12047
0.26203
0.31538
0.69512
1.72393
1.93149
0.01740
0.01853
0.06327
0.06483
0.73636
0.04791
0.52249
3.43100
1.36864
1.03968
0.12279
1.14900
0.02433
0.23293
0.38678
1.39992
0.20610
0.19208
0.30639
3.02872
0.43627
0.72989
0.95905
0.54673
0.74967
0.04725
2.66138
0.11181
0.21352
0.73510
2.74845
1.44163
1.15998
3.27747
2.39982
2.06798
0.00134
0.80998
0.02281
1.56633
0.94145
0.45942
1.64496
1.27927
2.84740
1.17011
0.97315
0.09126
0.05956
0.95628
1.04210
0.63258
0.03687
0.52160
1.51085
1.25626
1.94244
0.74709
0.82695
0.04771
0.06606
2.47143
2.37645
0.43533
0.01968
0.05325
0.01354
2.17591
0.42123
0.24105
1.36016
2.99771
1.83249
0.03063
1.59395
1.02814
0.10669
0.81497
0.27803
2.55992
2.68479
2.66522
3.14843
2.15887
0.83312
2.35609
2.63877
2.30391
2.03513
0.49160
2.45376
2.37215
1.95464
0.98315
0.00029
0.62746
3.07773
0.91770
2.62423
0.81423
0.39451
0.55024
1.46041
1.23379
3.28360
0.04674
0.58601
0.20619
1.20668
3.01411
0.00494
0.01223
2.00315
1.05621
0.11470
1.86031
0.06550
1.01426
0.30979
2.24138
1.88917
2.76769
0.23110
3.37270
0.28114
3.31968
2.08659
2.10641
1.85668
0.00464
1.90452
0.26135
0.67976
0.02078
0.39007
0.18143
0.79038
0.92136
0.76399
0.00619
2.62949
2.67586
1.63990
0.08070
0.07488
0.00216
2.07201
1.63711
2.39916
2.21492
2.87481
0.00049
0.74353
0.07142
2.47021
1.27947
0.69987
0.06382
0.66432
0.22531
0.81496
2.60048
0.57314
0.78352
0.09867
1.18526
0.68201
0.00828
0.00078
0.07216
2.90962
2.29362
0.14462
2.61866
0.43081
3.22879
0.12471
0.52301
0.04865
3.19318
1.34387
1.15033
0.29774
0.96680
0.78594
0.40095
0.84345
1.63975
0.06381
3.30800
1.56583
0.15417
0.02892
2.06282
0.74800
0.21040
0.42093
0.17187
0.28147
1.88613
0.43039
2.24807
1.31122
1.71215
1.77018
0.84137
0.87396
0.69497
1.93450
0.17792
0.11938
0.23769
1.69601
0.17717
1.45363
0.99618
1.76941
1.26515
1.16107
2.65699
3.31221
2.41170
0.30464
0.46311
0.99394
2.85438
3.24557
0.88358
0.21505
2.35287
1.17586
2.28305
1.47178
0.08430
1.29130
0.10107
3.42387
0.52019
2.83368
0.66520
0.15563
0.21570
1.23164
0.08935
2.55055
0.04380
1.48016
2.98809
0.22269
0.77207
1.56204
1.24429
2.53040
0.06737
0.00736
0.01081
0.00259
0.32646
3.27877
1.97920
2.26641
1.44716
1.02147
0.64870
0.03717
1.99350
1.63622
0.02681
0.09731
1.22152
2.85470
0.17234
2.52943
2.19708
0.87348
0.58029
2.96857
1.40446
0.38189
2.25255
0.23351
0.45378
0.13903
3.05918
2.29542
2.40690
1.06880
2.62571
2.34953
0.31571
0.01083
2.89665
0.09910
0.87583
0.02149
0.48607
0.97625
0.15873
0.21397
0.16775
0.00839
1.11583
1.08368
1.54014
0.36884
2.15268
0.32602
0.36654
2.42360
2.54858
3.14399
0.64093
0.38366
1.52810
0.00098
0.08463
0.21748
0.09715
2.32622
2.58992
0.65230
0.01430
0.73354
0.05126
1.94378
1.55405
1.47476
2.68308
1.79822
1.22804
0.35400
1.62245
1.26776
0.04182
2.73796
0.38090
2.18023
0.14623
1.68942
2.10166
0.94019
1.40081
1.05588
0.00110
0.45196
0.72956
1.35520
0.11489
2.09863
1.47745
1.34776
2.17434
2.43956
3.08179
1.06014
0.03753
1.44043
2.54728
0.09145
0.63355
2.67641
2.75568
0.14009
0.43138
2.56431
2.71341
0.80979
3.32373
0.14103
0.24538
2.92156
2.21821
0.00746
2.76326
0.74908
3.16464
0.02806
0.10243
1.50165
0.05276
0.74678
1.88112
3.14772
1.18044
1.27912
0.02969
1.04381
3.37522
0.14706
0.58167
0.12573
0.00448
1.89147
1.16724
0.10850
1.75379
1.78395
0.44182
0.83589
0.23034
1.39538
0.65016
0.14212
1.17794
0.84189
2.01180
0.85250
0.00380
0.01526
1.47063
2.64494
0.00703
0.28292
1.52273
2.48653
2.06140
0.00252
1.96364
0.09461
0.00882
0.23587
2.85999
0.68824
0.23450
2.11645
0.00524
2.31320
0.66948
0.03533
0.30470
2.63229
0.73857
2.89817
2.42376
1.64339
1.83378
1.03697
0.01077
2.02652
3.07424
0.00479
3.17980
1.40536
2.92796
0.14194
0.06635
1.33644
2.49021
0.85299
2.73651
2.09349
2.38860
2.66855
1.65319
2.94286
1.83713
0.05341
0.02655
0.52686
3.52195
0.00087
0.20892
0.00035
0.11370
3.38591
1.26293
2.79068
1.50336
0.10990
1.53940
0.15849
0.46592
2.02598
0.82468
0.76625
1.92176
1.94474
0.16528
1.72529
0.16138
1.86703
0.00651
0.69057
0.71621
1.61948
0.77056
0.19675
0.95519
0.20091
2.07320
2.74006
0.22595
1.79635
0.64461
1.23861
0.00681
0.01031
2.12729
0.07881
1.17337
1.71853
1.94649
1.34301
0.03662
2.46566
0.83879
0.22158
2.35220
3.01491
0.00323
0.41076
0.07457
0.01234
0.00140
0.50920
0.18476
1.12720
2.01510
1.05569
0.72374
0.33572
0.07072
0.44506
2.63982
0.02216
1.99168
2.73692
0.00002
0.20094
1.49724
2.51135
2.31811
0.85587
1.68604
1.60526
0.19360
1.49756
1.22854
0.08153
0.04566
2.65136
1.48472
0.00535
0.97554
2.37008
1.77070
0.01118
2.88933
3.38665
0.74098
1.34917
1.59547
0.92247
0.45625
1.61430
1.88535
1.38656
0.16488
1.70149
1.64390
0.30633
1.94920
0.80493
2.55053
0.99395
1.39443
0.02165
0.32039
2.07802
3.36387
0.00413
0.00428
2.42554
1.94156
0.04685
0.80006
1.00899
1.45610
1.34825
1.01396
0.16486
0.07871
2.01045
0.89612
2.54153
0.69970
0.99632
0.12661
1.26522
1.85225
0.41971
0.16964
0.61164
0.29030
0.02099
0.72225
1.12666
0.60697
1.70467
0.73767
2.49300
0.06982
1.28041
1.54589
3.14682
1.35416
2.36222
1.70111
0.00188
0.79209
2.81439
0.00194
2.00134
2.12856
1.62883
2.16991
2.42136
1.37886
1.82989
1.67062
0.31083
1.67673
2.60406
0.97044
3.38181
2.65472
3.37334
0.64388
0.33061
1.41257
1.89429
0.69654
0.60621
1.26560
1.09232
1.60297
0.02905
2.88987
0.08330
1.31909
0.12240
0.06973
0.61548
0.44403
2.04066
2.73428
0.81306
0.79383
0.05563
2.02611
2.60576
1.31787
1.58613
0.10277
2.39392
2.64240
1.24216
0.42252
1.34007
0.85646
0.02137
0.39067
0.01955
0.00141
2.30026
2.43217
0.73689
1.35044
1.71817
0.09202
0.99759
1.45500
0.02191
1.79237
0.83201
2.84169
1.89023
0.93810
2.06389
0.32742
0.79583
1.66126
1.19091
0.65313
3.31289
1.55544
1.05937
2.00735
0.74507
0.58227
2.72794
1.23511
1.48445
2.58836
2.63459
0.00260
0.00382
3.28678
0.04560
0.99505
3.06245
1.97985
0.04198
2.15039
0.30334
3.15314
1.38174
2.56265
2.98509
2.29618
0.04715
0.06369
3.14828
0.24212
0.04748
0.08979
2.31554
0.01493
0.10170
2.36791
1.35946
0.00379
0.83169
1.09765
1.61415
0.07844
2.03031
1.19900
0.00243
0.02097
3.20698
0.31077
0.83980
2.71581
0.18192
0.10573
0.60953
0.00043
2.84205
1.11700
2.48095
0.09778
0.32659
0.78005
2.47262
0.22321
0.07315
0.67511
2.08856
0.61670
1.27972
0.61647
1.69007
1.17440
0.76998
0.00290
2.77862
1.50894
0.00446
1.03939
1.13292
1.53172
1.08703
1.45262
0.48251
0.94557
1.54889
2.32848
0.00790
0.00983
0.75344
0.62937
0.54035
0.21496
1.08634
3.33332
0.80378
0.94229
0.16905
0.03992
1.58186
2.45322
2.78883
0.20286
1.24042
0.01733
0.33420
0.14830
0.26875
2.33738
3.18597
3.06519
0.85994
0.57459
0.00012
0.45416
0.30743
2.49796
2.15162
1.92041
2.50071
1.05537
0.25600
1.27679
1.96517
3.02266
1.90964
2.45373
1.58357
0.08638
0.02542
0.08704
0.87768
0.09962
2.38364
3.05434
0.01359
0.06814
2.93139
0.90775
0.49201
1.98296
0.18375
1.38634
0.69184
0.06113
2.45332
0.65479
2.10611
2.45063
2.16343
0.55452
0.30461
0.19775
0.02743
1.68032
1.29271
1.79362
1.20641
1.88533
2.08393
2.99617
0.51136
1.72147
2.10761
2.62638
0.04184
1.25696
0.14284
0.42041
0.77506
2.59928
0.53155
0.07920
2.66280
0.81357
1.71914
0.04546
2.28644
0.96779
1.96848
2.44989
0.00570
0.55592
0.92762
0.26739
0.78942
2.63805
1.17500
3.21470
2.76359
2.44699
2.76869
0.62032
1.54899
0.14633
2.89516
0.00127
0.76371
2.00708
2.37307
0.07787
0.26338
0.00934
0.18733
3.17480
0.05244
2.58737
0.02280
0.39481
1.44785
1.86895
1.89665
2.42551
1.94754
1.11220
0.03208
0.46098
0.87794
0.39189
0.28120
1.86476
1.48051
0.29614
0.00004
0.92750
0.87950
1.60583
0.00775
0.01121
0.03761
2.46507
3.32807
1.57706
2.33264
0.13182
0.60503
0.91015
0.41312
1.42723
0.10367
2.65161
2.98518
0.04479
0.05899
0.18863
0.00300
0.88838
1.45309
0.01489
0.01338
2.17436
2.44848
0.83726
1.07705
2.43978
0.55436
0.85063
2.69701
0.38520
0.26639
0.06412
0.81050
0.17576
1.63719
0.57025
2.61774
0.68368
2.80656
2.99138
0.51663
1.58141
1.54532
0.09611
1.13433
0.46152
2.13184
2.94997
1.03285
0.86150
0.65509
0.02630
2.37257
1.04002
0.00946
0.93938
0.62304
0.37905
1.91556
0.29715
2.06550
2.54751
0.80513
0.77133
1.70866
2.24923
1.39235
2.62765
2.96180
1.09933
0.63003
0.37681
0.05762
1.03644
0.03447
1.76355
2.58166
3.32510
3.03956
0.07111
2.24522
1.63541
0.74825
0.17489
0.55898
0.43508
2.84670
1.77821
0.48201
0.19814
0.44448
1.49738
2.12703
2.94712
1.16906
0.04219
0.61734
1.93128
0.00249
0.92149
0.35644
2.59858
1.02499
0.01474
1.28395
1.43701
3.11210
2.18857
0.36287
0.27552
0.37130
0.00102
1.88279
0.70414
0.53308
2.89130
1.66213
0.41154
1.07035
2.50547
1.02357
2.40140
1.75714
0.31504
0.92530
0.05849
2.94039
1.04799
0.06781
0.39131
0.02952
0.08012
0.00310
3.18297
2.97382
0.05541
1.03482
1.50597
0.08797
1.15495
1.18158
0.46830
0.27745
0.54806
1.33559
1.62705
0.01701
0.03741
0.56825
0.08407
2.49642
2.38721
2.75401
1.73870
0.01171
0.00184
0.11481
0.25803
0.01144
1.32686
2.39386
0.78445
0.39564
0.08226
2.07942
1.29021
0.00001
0.08877
0.33335
0.63805
2.39085
2.67645
2.32043
0.20621
0.89911
0.60539
1.99723
1.09119
0.40555
1.60492
0.97544
0.35637
1.83359
0.88883
0.87018
0.63605
2.18453
2.88859
0.30605
3.33086
0.81656
0.61016
0.80740
0.13374
2.85531
0.05872
0.03945
0.29588
0.18920
2.63020
2.41987
1.37809
2.83956
2.11782
2.66437
3.34132
0.00749
0.82088
1.51004
0.15194
1.69477
2.03637
1.79168
2.97993
0.07659
1.86894
0.99423
0.06109
0.88484
1.97701
3.01281
0.02165
1.87702
0.93703
1.36968
2.03590
0.52168
0.00054
0.47769
2.19085
1.67099
1.85047
1.86080
0.11088
1.98637
2.04091
0.04822
0.71515
0.03012
1.51585
0.42077
1.81452
0.34868
0.02434
2.26158
1.36267
1.86470
2.43007
2.71436
0.17165
1.72747
0.19213
1.73029
2.94384
0.02505
0.95726
0.50026
1.82773
0.52975
0.60858
1.94435
0.53030
1.63389
2.86857
0.61513
2.53873
0.26673
1.46011
0.05320
1.80534
0.28105
0.34277
0.13121
2.72394
2.88844
0.00026
1.79749
0.06285
0.82413
0.21944
0.68605
1.02672
0.00735
0.10489
0.87210
0.47721
3.06481
0.04523
0.07680
0.02282
2.28772
0.10742
2.05469
2.48835
0.83051
0.84409
0.22836
0.74060
2.08118
0.83676
0.68008
0.03732
0.11789
0.30155
1.25509
0.09938
0.27032
1.00701
0.17489
2.88407
0.93149
2.05562
1.78293
1.40737
1.94331
1.36530
0.11549
1.19676
1.44512
0.00017
0.76736
1.08903
2.76905
0.02823
0.40785
0.52393
0.24609
1.50517
1.84713
1.01893
1.65242
0.80628
2.03414
1.04972
2.60503
0.74036
0.04291
1.42855
1.03742
2.22973
1.62747
1.35408
1.64722
3.19405
0.16228
1.88455
0.02518
0.80766
0.04257
1.19472
0.65731
0.64690
2.63886
3.21144
0.73027
2.26066
1.22644
0.23109
0.71626
0.42811
2.53387
1.35019
2.35713
1.89697
1.47497
0.08909
0.19363
0.02527
1.02688
1.20683
2.75325
0.85210
0.84454
1.60804
0.13311
2.48896
2.50976
1.27214
0.98417
0.00002
0.02696
0.10457
0.07317
2.93361
2.55959
0.24563
1.71438
1.00425
2.11929
0.00007
1.95411
0.45993
0.25017
2.70842
0.22981
0.54577
0.16707
0.60192
0.12512
2.02407
0.27990
0.21845
0.64767
1.53474
0.64997
2.64711
1.22783
3.51490
0.01408
0.04239
0.90639
0.10741
0.00018
2.57089
2.53456
0.01205
1.70275
1.82488
1.54340
0.61065
1.08836
0.02196
0.11771
0.06171
0.64297
2.03805
0.38328
0.00972
1.83864
1.06260
0.32860
1.20033
2.21257
3.47939
0.59674
3.63223
1.15064
0.83094
0.23423
0.02835
0.96821
1.69962
3.21730
1.73794
2.61471
2.06136
1.23313
0.00315
0.26487
0.05541
0.39124
0.62320
0.53537
3.12829
2.62573
1.01440
2.84359
2.94763
0.07400
0.08010
0.07809
1.90910
2.38663
1.31541
0.05651
1.41613
0.03299
2.11039
1.92561
1.03843
0.00143
0.19445
0.65917
0.04504
1.28026
3.44695
0.14408
0.42862
2.33561
0.69516
1.64813
2.37229
1.24614
0.00599
0.64988
0.05917
2.21891
1.12910
0.69011
0.22435
0.03586
1.49710
1.47351
0.69664
2.37872
3.04774
0.34482
0.07470
1.78386
2.81782
0.00096
0.10139
0.00124
2.58538
0.07108
0.01906
1.06301
0.04257
1.91609
1.09696
1.92701
0.46436
1.44439
1.09519
2.22993
1.08107
1.10450
0.28108
0.25916
1.78404
3.15096
0.09069
0.22422
0.14481
0.14617
0.99513
2.40429
0.49474
0.11836
0.07878
1.62555
0.46029
1.18313
0.01371
0.07292
0.00056
3.32085
0.72238
0.66400
1.65143
1.46474
0.69761
1.99818
2.58190
1.45693
1.10023
2.40264
0.01492
0.82325
1.57734
3.18578
0.11979
0.06150
0.02828
2.51746
2.92011
2.35542
2.45465
1.39959
2.53807
0.14288
0.75099
0.03342
0.62494
0.41888
1.31067
0.01635
1.18089
0.00036
0.02666
2.44796
1.27725
3.01833
1.81338
2.24231
1.83995
1.40367
1.02116
1.89137
2.33011
0.75358
0.14442
2.83183
1.26957
1.49701
2.18291
2.87892
0.29385
3.96494
0.66898
0.16601
0.92251
0.65713
0.60325
0.97785
2.39801
1.06338
0.88183
0.36495
0.46849
2.02117
0.09956
0.21720
0.98049
1.59524
0.07963
0.28288
0.12268
0.01848
1.58491
1.33643
1.98411
2.36709
0.52198
0.10692
1.48889
1.14390
1.89224
2.97387
0.94254
0.10828
0.04433
3.43890
1.42345
0.07797
0.15395
2.54338
0.02380
0.08186
1.08766
1.52755
0.05126
2.05248
0.03766
0.02689
0.58077
0.68183
0.00042
0.02400
2.74178
0.65316
1.51649
1.81144
0.90117
0.51857
0.02814
0.02767
1.63986
1.59164
1.45944
0.02203
0.01458
0.21569
0.00772
1.64568
0.94444
2.41612
3.18056
1.99358
1.40584
0.02191
0.16168
1.52394
0.74683
2.05761
0.32696
0.82662
0.00820
2.81795
0.47171
1.81191
0.21340
2.08139
1.81549
0.64310
0.45270
1.44915
1.44045
1.74348
0.05030
2.72933
2.10938
1.79278
2.20100
2.19890
1.22611
1.00876
0.67513
0.19069
2.26528
0.35341
0.61369
1.54373
0.61637
0.17232
0.76257
0.04781
0.34008
2.16917
0.98031
2.19074
0.64035
2.08501
1.62968
0.78221
1.98412
0.28780
0.06673
0.93128
1.98131
0.06661
0.67330
1.00311
1.80189
2.45120
2.08139
2.06147
2.72583
0.01145
0.04054
0.38589
0.07932
1.98754
1.56028
0.56357
1.74578
2.30043
0.01718
0.18623
1.83622
0.12720
1.02944
1.76598
0.26893
0.40278
1.96269
1.66142
0.02840
0.31764
2.22965
3.50342
0.21229
1.46936
0.17049
0.00126
0.86790
2.71207
2.54060
0.65233
0.86553
0.11288
1.17527
1.93244
0.11767
2.15404
2.10986
0.21458
0.04103
1.36876
0.19238
0.51029
1.63691
0.19830
2.48436
2.62302
2.07881
1.18932
1.88479
0.00865
0.11619
2.38205
1.02354
2.38845
0.45164
2.73905
0.13397
0.09560
1.69891
1.40421
0.92189
1.85914
2.94738
1.03968
1.14409
0.01556
1.86517
1.94316
1.56001
0.16081
0.00039
0.29822
0.33316
0.31414
0.04436
1.04470
1.40639
0.13366
3.13211
2.57816
0.00051
1.83516
0.19715
0.05100
1.27695
0.78331
0.24274
2.98713
1.35593
0.62431
0.81740
0.23305
0.98987
1.68080
0.93407
0.48839
1.46325
1.43413
1.09081
0.25233
0.62058
0.33803
0.30557
2.00811
0.20501
1.09974
0.17635
0.01659
2.79063
0.27703
0.65198
1.78127
3.39118
0.27318
0.01141
1.84966
1.19001
1.01251
1.70206
0.80797
0.27284
0.04408
2.59900
3.25951
0.02457
0.03984
0.90392
0.60806
2.38260
2.28749
0.79791
2.87867
1.81909
0.16246
2.87157
1.25169
0.57780
0.07481
0.28954
0.10820
1.63519
0.02610
1.60138
1.66467
0.05294
2.92461
1.08394
0.33014
0.02242
0.00366
0.67584
1.14332
0.13453
3.18432
2.90867
0.02274
2.13017
1.83933
0.01315
2.50273
0.03791
1.36026
0.78973
1.30964
0.08442
1.45422
0.01571
1.13291
2.27994
0.34423
0.62234
0.04135
2.63111
1.34411
1.91465
3.44585
3.07395
2.18699
1.11786
0.42142
1.89166
2.79052
0.04422
0.50415
0.04719
0.00032
2.16094
0.50557
0.24823
0.16215
0.49600
0.13765
1.34632
0.19075
0.03025
1.29900
2.26973
3.33967
2.24163
0.33627
2.37850
0.01837
2.77053
0.02775
1.14797
0.49983
1.89928
0.03318
0.00571
0.19033
0.27077
0.04337
0.07468
1.16395
0.27612
2.02263
0.02941
3.37515
0.49497
2.76129
0.62452
1.48224
0.00909
1.99589
1.55757
0.96848
2.21399
0.06480
0.05636
0.93547
1.00655
2.05236
0.71447
1.43326
0.04463
0.04244
0.08470
1.60235
1.86908
0.58842
1.66680
0.97044
2.67015
2.06867
2.73937
0.13801
1.27965
0.00017
2.64174
1.15974
2.59791
1.32985
1.60088
0.03369
2.74841
2.57300
1.15308
0.06442
0.84625
2.22260
0.33146
2.51571
0.68618
1.64777
2.70174
2.30868
0.03300
1.63776
0.70083
0.80237
0.06806
0.93664
2.00246
0.82521
0.11406
2.02100
0.15948
3.11873
2.43416
3.04193
0.27615
1.82653
0.27103
0.03856
0.01302
0.43181
0.63362
0.25024
1.02493
1.16705
0.87581
2.53575
0.00569
0.52138
1.74054
2.93496
0.26313
1.81101
2.73301
0.07562
1.27929
2.22697
2.55247
0.20246
0.32020
2.16671
0.08766
1.47107
0.14339
2.58387
0.70845
2.44282
0.95870
1.26412
2.11275
2.31635
1.36387
0.00933
2.59401
0.74887
0.11756
2.56727
1.98069
1.37564
3.27274
0.62062
2.20915
2.79797
0.76848
3.04732
3.40947
0.74650
0.90244
2.51156
2.45119
0.06985
3.08728
0.14823
0.04655
0.02817
2.61527
0.18480
2.39447
3.12370
1.29802
0.06874
0.00349
0.13988
0.07453
0.64023
3.04003
0.24220
1.95404
0.00053
2.34704
1.13334
2.25008
1.41750
0.08108
0.33551
1.62784
0.80547
0.91994
2.32116
1.16232
0.99499
0.62738
1.26273
2.19850
0.22105
0.07959
2.35376
3.53112
0.81691
3.30257
1.71407
0.90774
0.71848
1.87107
0.53039
0.00220
0.01865
2.31824
2.89710
0.36370
0.06630
0.09901
1.81507
0.06231
2.44892
1.32196
3.43506
2.81611
0.08422
2.07925
0.33589
2.06085
1.29048
0.02018
0.17184
2.34633
0.00372
0.00468
1.83089
2.81639
0.94636
2.32303
1.70534
1.99712
0.03287
0.58675
2.65222
0.73193
2.79218
0.13345
0.32697
0.13033
0.02525
0.53156
2.01170
0.02537
0.00952
0.40275
2.38701
0.46886
2.31761
0.01544
0.48533
2.59562
2.64589
0.03267
1.20765
0.67765
0.00947
3.36667
0.07988
0.19595
0.64353
0.26293
0.08199
0.07085
1.53083
0.04880
0.02776
1.91157
0.17261
0.68759
0.45962
0.85413
0.21154
2.21066
1.35631
0.10473
3.50539
2.77488
0.74225
1.34702
0.85081
0.07440
2.48411
1.28818
0.67824
1.59432
1.98121
0.10927
1.42224
0.11240
3.11353
1.75354
0.11646
1.97822
2.69233
1.78264
0.00323
2.90390
0.72961
0.61460
2.83335
0.84452
0.81766
2.35248
0.79282
0.76815
0.06819
0.92631
1.11006
1.99989
2.12833
0.94367
0.06953
0.31954
2.99858
0.38858
2.82078
1.32215
1.44111
1.75127
0.01967
0.47324
1.94811
3.49174
0.92802
3.40248
2.00481
1.85590
0.02147
2.27486
1.22520
3.30682
2.37234
2.51192
0.02851
0.00137
0.14949
3.71025
0.69169
2.45709
2.86606
2.12324
0.47792
1.08244
1.02335
2.99025
2.29053
1.75261
1.31662
2.35731
1.24494
0.55074
0.04193
0.05693
0.98707
0.49023
0.06953
0.00371
1.47940
1.41436
0.79723
0.05666
0.09703
1.36480
0.31763
2.71215
1.04858
0.27380
1.43237
1.32259
0.77132
1.35794
0.01653
0.49212
1.58871
0.48454
2.03856
1.31421
0.02131
0.73673
0.51230
0.13769
1.00602
2.67996
2.79648
0.07617
1.45002
0.86060
0.02122
2.64102
0.01505
0.02235
0.82737
0.15987
0.06573
0.08446
1.77487
0.15372
0.00607
0.70285
0.39323
3.52462
0.00980
1.84112
1.18719
0.25500
0.96175
0.42539
0.60892
0.32262
0.77070
0.06880
2.50499
0.46183
0.77305
0.55143
1.29481
1.00639
0.09288
0.19022
2.59693
2.62457
2.58006
2.10539
0.59013
0.24093
1.87001
3.66962
1.81702
0.73808
1.26643
0.00493
0.45666
1.44172
1.33675
0.27670
1.02747
0.03173
1.02810
1.36027
0.02813
0.49155
0.31703
1.29508
0.34301
0.46383
0.27464
0.94010
2.29770
2.45127
2.29104
0.00633
0.75002
1.26313
1.39035
0.26494
2.40914
0.13413
0.63380
1.92109
2.43161
0.81698
2.17264
0.28475
0.09527
1.83281
2.31985
1.61247
0.70379
0.02428
1.91630
0.08746
2.36211
1.49992
1.11280
0.09619
2.37657
1.40192
1.07487
2.49551
0.94460
0.11836
1.46449
0.79138
2.75091
2.09809
1.45529
0.63178
1.64134
1.54930
0.01887
0.03032
2.70957
1.85879
1.37864
0.06951
3.01376
0.24895
2.94541
1.06229
2.02832
0.79075
1.55029
0.64320
2.32849
0.10928
3.57373
1.42904
2.91926
1.85910
3.61456
0.04860
1.08522
3.15464
2.53465
2.73088
1.21497
0.00129
1.88339
2.46397
2.42258
0.03911
0.10653
2.09514
1.32128
0.66598
3.09849
0.53907
3.35445
0.48431
0.16788
0.97971
0.61795
1.78927
0.00432
0.00668
0.96555
2.61263
2.02761
1.01267
0.72909
0.02578
0.92287
0.30156
0.02961
2.23658
0.05181
0.22134
3.18100
3.02961
0.86979
1.07238
1.70185
0.99930
1.99632
1.48400
2.11050
1.20099
1.14052
0.04140
1.51283
2.57773
1.46040
1.73896
1.70596
0.22526
3.14836
1.06331
0.94127
2.89643
0.42056
1.85087
0.03369
2.58166
1.36109
1.41865
0.48534
0.20605
0.23284
1.55380
1.38120
0.00681
0.02228
2.30273
2.51721
0.01713
1.65380
2.90116
0.34080
0.76240
0.02106
1.31292
0.02780
0.00830
0.00582
1.19633
0.04136
0.69861
2.70094
0.01892
0.00351
1.83674
0.52333
0.19645
1.86498
1.92839
0.90458
1.46541
2.35401
0.73446
0.32812
2.14848
1.60272
2.17643
0.80305
0.07196
0.00436
2.17213
0.46099
1.73028
2.25743
2.06917
0.08768
2.91010
1.47267
1.33811
0.80830
3.24755
0.48527
2.48587
1.63651
1.83618
2.17751
3.26892
0.89142
1.06240
0.92208
2.37765
1.88226
2.28730
2.68751
0.11433
1.86898
1.60591
0.05469
0.75931
2.11430
0.64486
0.03790
0.10094
2.72434
0.01095
2.69898
3.29488
1.00702
0.75848
2.44593
0.72676
0.13578
0.12415
0.01297
2.77002
1.64256
3.43943
0.11621
2.20899
0.04996
2.65145
0.00476
1.34634
2.94001
2.55470
0.01938
0.43542
1.71318
0.55633
1.28652
2.44807
2.97490
1.40004
1.51170
0.09122
1.15832
2.34626
1.19326
3.12065
2.67723
0.30422
2.00574
1.76173
0.62450
2.53168
0.45064
1.23044
0.55037
2.62006
0.07809
0.89337
1.38786
0.90148
1.05222
3.44077
2.83965
3.06849
0.58991
1.37605
0.77262
2.68236
0.31129
1.72609
0.18074
1.82962
2.12995
0.13706
0.29909
3.12194
0.03623
1.05962
0.04863
0.80955
0.11910
1.84752
0.28773
0.64721
0.70478
0.02848
0.42557
0.01451
2.10187
2.86395
2.14675
1.14989
2.23089
0.02616
1.10788
3.14034
2.43181
1.19397
0.18777
0.06698
1.87127
0.27513
1.92720
2.35201
0.02245
2.59291
2.38324
0.00054
1.54108
0.09867
1.34410
3.13141
0.16347
1.84819
0.83758
1.38105
1.89868
1.29572
1.45258
0.84300
0.57446
0.04264
0.67520
0.82179
0.38818
0.01180
0.48818
1.11313
0.23890
2.07937
2.97874
0.79929
2.66192
2.03878
2.91496
0.69196
0.38967
0.09672
0.47405
2.71651
0.13913
2.60682
0.26135
0.00232
1.26835
0.07417
1.01099
0.35723
0.12330
0.61948
0.25593
0.08636
0.05713
0.57163
3.54859
1.54171
3.11361
1.10646
2.27362
0.00000
0.17437
0.01407
0.03365
1.05861
0.02219
0.00000
1.03388
3.18045
0.18881
0.34877
0.16179
0.14734
3.28805
2.59470
0.05365
1.20697
1.10673
3.15456
0.00242
0.01662
2.74980
1.16367
0.02452
0.00179
3.44513
0.19152
0.99741
0.00867
0.34708
0.00450
0.00012
1.24388
2.76593
0.76223
0.07235
0.93198
1.46382
1.73275
1.77683
0.78551
1.68019
0.22496
0.22082
0.46422
0.03441
0.00727
0.87468
2.61529
0.00549
2.44678
2.93060
2.66997
1.00445
1.05523
3.03040
0.57403
0.05506
2.67795
0.23519
0.01287
0.08928
0.73008
0.00676
0.22465
0.37272
0.01500
0.01144
1.20060
2.35071
1.97586
0.01058
3.35848
1.77885
0.65327
0.29324
1.54356
0.58400
2.39797
2.02509
0.13187
1.44952
1.74571
0.26927
0.96691
1.27291
2.31982
1.97477
1.83980
0.10959
1.28784
0.05472
1.49212
0.46631
0.19208
0.60291
2.74482
0.55122
0.90065
0.02770
0.84582
0.00874
0.02298
1.33744
2.05881
0.15095
2.23858
3.16980
0.08850
1.64960
0.72520
0.07083
1.88298
0.84991
1.96223
0.17700
0.21251
1.02385
1.58649
1.40838
0.44622
0.05212
1.40386
1.10422
0.14389
0.79793
0.83603
2.18522
1.40672
3.13574
0.05782
0.41682
2.25995
1.08050
3.11205
2.12308
0.06072
0.22345
2.75968
0.88813
3.07743
0.95184
2.07496
2.96117
2.97179
0.46040
0.09389
1.22511
3.14916
2.34984
0.90997
0.06587
0.01022
0.11707
2.29697
0.92004
0.00641
2.19594
0.55842
0.05596
2.79428
2.45114
0.95579
0.05280
0.61435
1.93887
2.05371
3.33271
0.28142
2.32981
1.72916
0.81071
0.03178
0.16286
2.22964
0.50927
0.48084
1.80978
0.14926
2.36029
0.03453
2.57891
2.49211
2.98394
3.21660
1.12906
0.28592
0.83521
0.21642
0.69192
0.49194
2.66803
0.71608
0.05593
0.09237
0.42197
2.53528
0.51119
1.48448
1.80646
0.03386
1.07017
2.24955
0.96861
0.67566
1.48063
1.76783
2.81960
1.01952
3.30298
1.41069
2.82205
0.71866
0.66590
1.30134
2.55953
1.15365
0.06436
0.92230
1.97238
0.05847
2.28525
0.42381
3.10922
1.22645
0.76004
0.76811
1.69858
0.00015
0.00162
0.00152
0.13151
0.00636
1.27250
0.32979
0.04798
2.66554
0.10147
1.16145
1.65054
0.06080
0.04461
0.96220
2.65215
1.00927
1.92219
0.01016
0.00200
0.96093
0.16779
0.33532
0.00183
0.07687
2.99268
2.31308
0.66894
3.07119
1.47250
2.07243
1.33723
3.04423
0.00140
3.13098
1.69956
1.13742
0.14614
0.76868
0.44037
1.06508
2.71575
0.65021
0.00295
1.07118
0.58915
1.57559
1.19742
0.99024
2.09751
0.46638
0.48143
1.13136
1.04105
1.47530
0.04005
1.24128
2.80687
1.30955
0.37876
0.65527
0.09218
1.56222
2.61269
1.79446
2.62575
2.88842
0.16268
0.78035
1.54427
1.10721
0.71103
2.42164
1.69597
0.24350
0.99959
0.15369
0.23002
0.89569
0.02776
1.45174
1.82663
0.19446
0.11456
0.00900
2.68527
0.13975
0.05909
0.07349
0.27049
2.10180
1.51898
0.08681
1.35207
0.74624
3.61036
0.81815
3.01403
2.01357
0.11845
2.68745
3.62679
1.92000
2.28516
1.55556
0.95101
0.02257
1.70122
0.85303
2.03010
0.89867
2.77109
1.85370
1.56158
0.47496
0.35148
1.22632
1.39699
3.01810
0.29739
2.19786
1.21107
1.26647
0.30448
0.71379
0.36230
1.37251
2.31522
0.00341
1.11714
0.03234
0.19694
2.28802
2.35720
1.70574
0.61933
2.33605
1.91308
1.06461
0.33901
0.79456
0.61890
0.14546
0.01305
0.26692
1.97495
0.12384
2.57129
0.57618
0.76121
2.93753
0.00281
0.19521
0.22095
3.14469
2.43884
2.87623
0.33800
1.46961
0.02771
0.24526
1.70900
0.36249
0.05223
2.88091
0.20833
0.00594
0.00494
0.89578
2.82239
0.43842
1.39995
0.69595
1.51294
0.12003
1.45059
0.51126
1.60229
0.02473
2.69727
1.52739
2.02809
1.65074
1.04330
1.01044
2.20060
0.42484
0.39362
0.38297
2.77632
2.01131
2.32931
0.97939
0.75986
1.58898
2.24854
0.01956
2.00156
0.14499
1.55465
0.91525
0.02466
0.00564
0.11908
0.16884
1.81530
2.72731
1.83284
0.59602
0.26765
0.22601
2.07798
0.22852
0.00824
0.21236
0.93303
1.87793
1.67905
1.92583
1.95458
2.05799
0.02284
2.23409
1.30076
3.02230
2.06140
0.11228
0.03080
1.41090
0.09978
0.86148
2.21140
0.07731
0.00715
0.64521
2.21143
0.95156
2.38441
2.66624
0.38159
0.37526
0.38061
2.28199
1.42439
0.88329
0.43102
0.01839
2.17547
0.78923
0.01435
0.09655
2.32967
2.63205
1.19213
0.56674
0.02478
1.02244
0.64739
0.22199
2.07373
0.00978
0.16342
2.18943
3.31491
1.60331
2.57449
0.01011
0.65632
1.04684
0.00358
2.24180
2.95230
0.75426
2.07383
0.05487
1.12965
2.38533
1.32762
0.01653
2.33389
1.10372
2.69263
0.24222
0.80215
0.17772
2.33440
2.10897
0.08700
1.86251
0.17630
0.03385
0.19862
0.65363
0.22970
2.26115
0.29904
1.03031
0.16482
0.09987
0.67314
0.04485
2.18317
0.03086
2.26523
0.13584
1.30659
1.99971
3.10916
1.19111
0.32986
0.26708
0.99197
0.01662
1.53295
2.46987
0.73196
0.58942
1.05981
1.97815
0.17264
0.46323
2.97667
0.27836
0.09801
0.01385
3.04854
0.96286
1.04262
1.30445
0.00233
0.88781
0.30445
0.59215
0.41531
0.11755
2.31919
1.34312
2.87073
0.09299
1.68903
0.02163
0.21411
2.61876
1.71139
0.21545
0.34747
0.02799
0.28261
1.99285
0.19329
0.37898
0.93378
3.05114
0.48683
0.65554
1.66794
0.00455
1.32046
1.21662
3.16403
2.22358
3.53921
2.24006
1.47376
2.46616
0.50842
0.24238
0.01883
1.92457
2.25153
1.78689
2.19193
1.66267
2.49599
1.66093
2.87116
0.00671
0.16291
1.76718
0.06569
0.20595
2.33137
2.02717
0.17097
0.06758
0.00532
0.06481
1.94848
0.01853
0.18065
1.27425
2.40589
1.71756
2.49831
2.00777
0.03507
0.39694
2.21036
0.41119
1.91556
1.51512
1.87537
1.91844
0.01166
2.51935
0.88245
0.00000
1.52514
1.11974
1.40372
0.66310
2.01554
1.22678
1.27148
0.08851
1.68779
0.01896
1.74000
0.00822
2.88709
0.47477
2.59148
1.66975
0.05418
1.55672
0.09752
2.77034
0.75834
1.15284
0.94060
0.02227
0.28733
1.55604
0.03399
0.53781
1.50577
3.00460
1.42335
0.53872
0.00206
1.36988
0.08964
0.53562
1.25446
0.25197
2.34969
2.54513
3.38104
0.05077
0.13846
0.01199
0.17376
0.27538
0.47901
2.24396
2.85272
0.17262
0.44587
0.36017
0.18222
3.32267
0.17754
0.29575
0.55514
0.22273
1.06601
1.86685
0.01193
0.67075
0.32961
0.36944
0.86563
0.90677
0.86912
2.11991
2.89112
0.05458
0.14295
1.66232
0.11972
1.66538
0.06495
2.23341
1.84654
0.85196
1.59827
1.29541
0.74118
0.02594
0.91833
1.54938
1.74897
2.42503
2.42313
1.95818
0.32983
1.73914
0.03781
2.27384
0.79008
0.01840
0.66857
0.44173
0.09087
0.00671
1.13547
1.45931
2.67001
1.96118
0.03893
0.30331
1.35032
2.79696
0.22207
1.32310
2.02668
0.04469
1.39633
3.20198
2.15199
2.59424
1.08982
0.06675
0.72516
1.20719
2.81278
0.06429
1.70375
2.82830
0.43363
0.19224
0.00097
1.30788
0.42730
0.06529
1.90729
0.36618
0.63623
0.22681
1.28413
2.00863
0.73935
1.74274
0.50791
0.97410
0.19729
0.86949
0.94896
1.25005
1.26739
0.66532
1.71748
0.56130
1.30934
0.67958
2.27016
2.40171
0.07382
1.06646
3.28019
1.57606
1.18101
0.09596
0.44497
0.29343
0.09661
1.78411
0.01437
2.10704
0.03910
3.62461
2.58749
1.62276
0.03768
2.28863
0.97485
0.69745
0.52457
2.41026
0.00699
0.29594
2.81936
0.92825
1.62320
0.32102
2.29499
0.76429
0.04111
2.08550
1.46618
0.80816
1.92009
3.34253
0.11165
0.12676
2.10496
2.77740
1.00317
0.40036
2.13648
0.00493
0.17983
1.62415
3.17778
3.24543
1.95447
1.34807
1.47020
1.33031
0.80212
0.51357
2.58846
0.01408
0.01801
0.87106
3.02012
2.17094
1.47000
0.00398
2.24129
1.32767
1.90375
1.28655
1.06795
2.20868
3.22600
0.03743
0.07106
0.07342
1.79080
0.00163
2.58447
0.72276
0.95535
0.33276
1.18963
0.29773
0.58372
0.34110
1.10306
1.33117
1.11066
2.20711
0.84391
3.24268
1.19955
0.60276
0.70822
0.82127
0.02041
0.12262
0.54615
0.83641
0.03870
1.26147
0.71524
0.37224
1.44063
0.07089
1.08697
0.00030
0.12174
0.37631
1.81599
0.29984
0.37972
1.92205
1.22991
1.56958
2.32417
2.16727
0.34772
0.08895
0.04702
2.18499
0.49555
2.64643
0.24621
0.00994
1.02998
0.91238
1.96888
1.40503
2.00998
0.15749
2.97523
0.00484
0.00575
2.70274
2.85801
0.63741
0.45464
1.05590
1.01225
1.17627
0.77349
2.57998
0.33950
1.69808
0.98933
0.50164
0.90227
0.46394
0.10613
1.42823
0.07160
1.54785
3.06733
0.56268
1.25958
1.02326
0.80914
0.51226
0.00228
0.78479
2.18437
2.23931
0.81157
2.64874
1.54828
3.70320
1.95603
0.00742
2.26357
0.62028
1.10075
0.65159
3.63782
2.78596
2.57397
0.28079
2.03996
1.43916
3.85513
2.54753
2.75219
0.47304
0.06901
0.01025
2.49332
0.30429
0.36958
1.12949
3.86450
2.01719
2.85583
0.69886
2.59407
0.10640
1.47329
2.03097
0.00020
2.02244
1.23658
2.99306
2.95682
1.04974
2.63582
2.30156
0.06362
2.24338
2.53829
0.28513
0.01906
0.00166
1.31318
0.00724
0.23952
0.18602
2.06779
1.22935
0.71037
3.18392
0.31973
0.31386
2.61708
0.10188
0.09607
2.68248
0.43730
1.12756
2.14967
2.19986
2.83807
0.07953
0.25362
0.61378
1.83376
0.00066
2.05442
1.32313
0.54546
0.74850
1.83683
1.45091
0.05384
1.70958
2.42445
2.48750
0.14171
0.35962
0.00507
2.72476
0.03593
0.07107
0.84139
1.84674
2.50329
2.19744
0.00526
0.23393
0.00433
1.50988
1.53778
2.48874
0.12470
0.01107
0.77629
0.88824
0.00093
0.26342
0.74624
0.61853
0.79213
1.93617
0.83717
2.06738
3.60587
0.50232
0.04495
0.36970
0.87746
0.39971
0.28755
1.55788
1.93639
0.15830
0.62363
1.75592
0.73238
1.74210
3.10520
1.66507
1.77684
1.52869
1.29031
0.33908
2.37536
0.07600
0.41657
3.09873
0.72466
0.11630
2.13087
1.90580
1.30713
0.00088
0.07199
1.12306
1.22590
2.77362
2.06154
0.01262
3.04005
1.95293
2.38140
0.69561
0.16924
1.41190
1.38690
0.12044
1.12781
0.20114
0.06065
0.35303
1.15089
1.78231
0.23316
0.68019
0.00140
0.03757
2.02484
1.87953
0.20287
2.24848
0.18699
3.49513
1.02037
0.75763
0.80628
0.00002
2.95595
0.07918
0.83743
1.08159
1.42855
0.33525
0.13394
1.17835
1.51499
3.16451
3.23661
1.66990
0.95200
0.60280
0.21176
0.36241
0.86204
1.86855
1.87888
1.14508
2.00782
1.38597
0.50504
0.14441
2.25789
0.46808
0.02294
0.95984
2.22751
0.89333
2.21285
0.19328
2.16612
0.74232
1.12287
0.14535
2.39282
0.15982
2.78601
3.02149
0.13336
1.41653
1.94523
0.22163
0.31722
0.16428
0.63977
0.05126
0.44972
0.85601
1.33376
1.28346
1.20357
2.54283
0.89686
0.69586
0.08309
0.93403
1.30134
1.80148
3.37912
0.00053
1.32530
0.04047
2.05459
2.57919
0.03479
3.38950
1.79868
2.92425
0.00261
0.86129
2.21055
0.00541
2.39461
2.09108
0.47277
2.08213
2.96347
0.00450
0.02269
0.04478
1.09309
1.54241
2.21069
2.82211
1.11683
0.58568
3.30616
3.61179
0.09952
2.71777
3.22329
3.24064
2.65840
0.40821
1.17014
2.74661
2.56725
0.00037
0.00015
0.72791
0.24182
2.99052
0.11726
0.50057
0.90010
0.53936
0.05233
2.24339
1.23679
0.63824
1.18611
3.38106
0.09228
0.08758
0.20765
0.00455
1.79138
1.43200
0.00009
0.00486
1.51357
0.16745
1.94256
2.01881
3.07351
0.02564
1.78953
1.00014
1.04868
0.80753
0.19937
0.97442
0.71724
0.00988
1.99183
1.26476
2.67010
0.14645
0.00609
0.83249
0.91114
0.15045
1.44181
0.63060
0.26937
1.67054
3.35242
0.01838
1.81789
1.35189
3.41864
0.74141
1.19817
2.10273
0.52744
0.36898
1.81714
0.74451
0.22807
0.39659
2.14267
3.53680
0.06806
1.72371
2.80282
1.60921
0.69637
1.31782
1.58308
0.00624
2.05171
0.94791
2.52033
1.55046
0.84288
0.62831
0.36261
0.00000
3.35153
0.06555
1.63838
0.38567
0.06911
2.42373
3.01393
1.86451
1.19987
0.63553
0.32004
2.17336
1.16878
1.13325
0.83054
2.44737
0.50013
0.75832
2.79930
1.37263
1.99060
1.69981
3.08380
0.75899
0.02103
2.50085
0.47565
1.59477
2.21168
3.18692
0.31279
0.40417
2.11026
0.19074
0.88482
1.40952
0.45950
0.01478
0.39457
0.00993
0.16063
0.08910
0.25733
0.73550
0.01271
0.36666
2.88194
1.22547
0.83714
3.14380
2.78898
0.04937
0.78005
0.07609
0.16905
1.39431
2.58326
1.15128
1.99537
3.26379
0.33275
1.16462
1.29177
0.02887
0.67380
0.33453
0.05587
2.95408
0.10833
1.05186
1.70893
0.27347
0.17900
2.56716
0.79606
2.03507
1.10193
0.11079
0.21482
0.61650
3.29283
0.19047
0.02279
0.78647
0.02382
3.29131
0.78679
0.88639
1.82776
0.20344
0.00412
2.36061
0.04374
2.32337
1.73140
0.68014
0.07981
1.40739
2.63024
1.90096
0.23592
1.01189
0.21439
1.02273
0.04572
0.33436
1.29211
1.16707
0.10909
0.29974
0.52131
1.67431
1.03303
0.02739
0.56314
0.04110
0.96015
0.91389
0.11803
2.28440
1.28674
0.00026
1.60936
1.40760
0.27316
2.54824
0.60940
0.00583
0.89512
2.14457
1.93320
1.27215
1.28714
1.67235
0.49700
0.63426
1.35659
2.31050
1.97193
2.54580
0.04305
2.03255
0.00071
0.49464
0.50684
1.46219
0.03368
0.02231
1.85588
1.44398
0.07754
0.48174
2.12936
0.70033
2.84909
1.81794
2.53990
0.72983
0.05527
0.07969
1.96039
0.71866
1.15771
0.02818
0.60569
0.06603
1.00447
0.92822
0.01398
2.41148
2.42027
1.52429
0.10422
0.75026
1.13032
2.88802
0.42188
0.85040
0.18950
1.01120
0.67929
1.33013
1.76653
0.46648
0.00004
3.43550
0.95001
2.65944
3.23745
0.07088
0.91351
0.86725
0.00147
0.15761
2.38950
1.43099
2.82163
0.00755
2.55279
0.08529
1.84045
2.84960
0.00073
0.22701
0.99118
0.70310
1.26481
1.92071
2.04329
0.73215
0.25550
2.69167
2.15632
0.88999
0.00980
3.11171
3.53355
2.82814
0.00166
0.05104
1.00217
2.67754
0.88693
1.99377
1.06748
2.28655
1.18297
0.70122
2.58169
1.79196
1.43659
2.00817
3.02406
0.44564
2.07508
1.28234
2.12623
1.48061
0.01214
1.40428
2.34560
2.70981
0.82264
2.38440
2.92130
0.07975
2.70248
0.28834
3.48633
0.04939
0.03526
0.46007
1.50049
0.58796
3.12354
0.08022
0.19092
0.93198
2.57817
1.83518
3.15784
0.60583
0.29601
2.60064
0.69389
0.35817
1.84223
3.34359
0.99017
0.42490
2.05488
0.02156
0.31082
0.77275
0.05315
2.00693
0.24768
0.43152
3.05349
1.46493
2.67914
0.41658
3.00595
3.36985
0.07956
2.26814
0.39996
1.63549
1.04916
0.53282
2.34130
1.13370
0.38538
0.81836
1.35159
0.08870
0.81156
3.01389
2.87306
0.02934
0.00054
0.43772
3.52047
0.97867
2.78274
1.45447
0.74244
0.29694
0.98102
0.52681
2.05648
3.31453
3.09715
1.29894
0.84324
0.64047
0.16532
1.03282
0.92175
0.80429
0.04488
0.11925
0.85880
1.24378
3.38306
0.81235
0.78512
1.93315
0.72255
0.60348
0.13407
0.49548
0.38859
0.38909
1.04940
0.06234
1.40041
0.70795
0.01894
2.79200
0.03810
0.03649
2.77226
1.12471
2.29752
0.95897
1.71474
3.51085
2.06339
0.01415
0.94631
2.87699
1.04032
2.90798
0.31832
1.20462
0.07102
0.21241
0.42796
0.21077
0.37273
0.30498
0.00033
0.08722
0.32810
0.00095
2.80576
0.11843
0.11468
0.03935
0.06473
1.49491
0.00819
0.50322
1.21180
0.14350
0.02635
0.07396
0.28361
0.93401
2.71188
2.88345
2.34539
2.27455
2.47515
0.02656
0.07615
2.71771
2.71844
0.00022
0.14298
0.07270
1.26913
0.03507
1.69072
1.95363
0.97887
1.39270
0.06205
0.60825
0.93662
0.28427
2.67552
1.55451
1.73089
0.43013
1.32101
2.70895
0.76905
1.49706
0.16157
1.39035
0.57018
2.88726
1.13415
0.85888
1.91095
0.49391
1.34006
0.11581
0.05144
0.07847
3.19855
2.33176
2.08215
0.18879
0.11296
0.12847
2.46894
0.17182
0.59973
0.04371
0.07654
1.82399
2.60742
0.77087
0.34328
2.90820
2.39637
0.03824
0.61163
0.44438
0.42071
0.01143
0.40679
1.02537
0.01830
2.46323
1.74557
3.32804
0.59741
0.44106
0.02509
2.95335
2.54552
1.11716
0.28138
0.02239
1.47237
1.40764
0.77889
1.35260
0.00001
1.33286
0.25989
2.95021
0.52312
0.86517
2.60859
1.20792
0.82672
2.37863
2.99193
1.04637
0.56817
0.21024
1.39659
2.62551
1.33658
0.00606
0.13679
0.30725
0.02005
0.00835
0.01683
0.51079
2.56371
0.03290
1.78218
0.22901
0.01176
2.95969
1.25378
1.90471
0.46974
0.32349
0.81394
0.09608
0.07833
1.05473
1.52983
0.20270
0.02284
2.97331
0.07843
0.79650
0.40847
1.41656
0.00530
0.53507
0.71139
0.02022
0.98680
0.58733
0.18607
2.22348
1.59919
1.00280
2.71861
1.74374
2.87856
0.69734
0.08664
1.65070
0.75378
0.05309
0.38302
0.62757
0.18058
0.38076
2.62175
0.20079
0.80786
0.13479
2.26736
0.72355
0.54437
0.84114
2.28960
0.29641
2.80444
1.06876
0.33856
1.98239
3.46625
3.47720
0.12865
0.00360
0.82513
0.19467
0.02618
0.22742
1.71050
2.63825
1.33873
0.75986
1.55411
2.51892
2.49195
0.63346
1.79801
1.30541
2.03447
2.94750
1.42346
0.34536
0.54801
0.47657
0.11511
0.18142
1.30759
0.04867
0.03223
2.12583
1.46587
0.26605
0.79957
0.77092
0.10016
0.09150
1.22777
2.78304
1.86128
0.03504
0.05984
2.22781
0.20846
2.45641
0.01374
0.08805
0.19946
2.28995
0.01345
2.68632
0.08721
1.91379
1.89418
3.20648
0.80450
2.06119
2.91739
0.90702
0.68831
0.00028
0.68610
0.64708
0.81995
3.17615
1.20380
1.11865
0.00740
3.14840
1.52965
0.02644
2.81461
1.08997
0.13481
2.62119
1.97542
0.22719
1.97273
3.44184
0.34561
2.16016
0.06454
2.23708
1.08557
2.18981
0.41347
0.25485
0.92885
0.70533
2.20427
0.01639
0.10303
0.14467
0.32724
0.06110
0.51311
2.47078
0.47949
0.20155
1.21616
0.27500
0.05844
0.27028
0.84000
0.63841
0.89976
3.00420
2.89397
1.84128
0.00086
1.31846
0.49467
0.24957
1.31692
1.20862
0.18064
0.44759
0.36715
1.37382
0.19198
0.74348
0.00062
0.03097
2.93432
1.63034
0.00857
0.07445
1.66984
0.07654
1.33525
0.64310
2.83738
0.31680
1.55437
0.08540
0.08957
1.48356
0.12616
2.29703
1.45815
2.40330
0.64046
0.82690
2.53918
3.03831
1.47540
1.21175
2.59801
1.42284
3.11635
2.26508
2.48094
0.27021
1.37437
0.31218
2.76777
1.96865
0.09260
1.79429
1.05755
0.04196
3.03526
0.20079
2.39420
1.17314
1.22658
0.00172
2.39637
2.28213
2.44892
0.81088
0.21640
0.03777
2.02276
1.32758
0.14038
0.31493
2.41097
0.01538
0.89047
2.70311
0.51287
1.47622
0.61121
0.48897
0.52792
2.64583
1.40930
1.07529
0.18926
1.95408
0.77961
1.82353
1.09518
2.77523
1.32265
2.91221
1.55036
1.29298
0.48891
0.00001
1.22234
0.27678
1.17136
2.18696
1.16897
3.06018
0.81779
0.09395
0.42614
1.42262
0.06248
2.83823
0.72179
0.22656
0.20435
2.99187
0.03700
0.79688
2.49202
1.60756
0.24848
0.11670
0.03844
0.20575
1.53412
1.65860
1.17546
1.21649
1.60478
3.14773
0.01888
1.26114
2.04366
2.77910
0.18957
2.75155
0.27166
0.02170
0.12488
2.00705
0.28633
2.60802
3.57457
2.38101
0.34524
1.31864
2.52912
1.10591
2.24306
0.51474
2.00019
1.61502
2.68129
1.27296
0.00130
0.04076
0.07159
0.31541
0.06504
0.68246
0.69761
0.02171
2.54461
0.94828
2.81434
0.09642
0.19311
0.01680
0.31833
0.56146
2.33358
0.02185
3.10880
0.31342
0.08008
0.01031
0.37290
0.60352
0.15477
0.02449
0.03222
0.00191
0.11657
0.06680
0.04863
2.41194
0.11912
0.55292
0.86089
1.36123
0.06716
1.30996
2.92957
0.84204
1.29810
2.22308
2.48885
0.43147
3.70372
2.27992
1.90850
1.45452
2.40116
0.00309
2.00794
0.64044
2.37873
0.99560
2.58433
0.42837
0.40517
0.07048
0.01293
2.21336
1.03361
0.25043
1.42377
3.02381
0.05384
3.03943
2.99134
0.86227
0.89217
0.31604
0.61031
0.46195
0.07181
3.29919
1.00614
0.66495
1.64084
3.44636
0.89311
0.09063
0.00099
2.41084
2.84338
3.17045
1.41947
1.18086
3.47170
1.15982
1.48768
2.73317
0.56427
0.37400
1.28079
0.90673
0.13969
0.01573
0.21878
0.07216
0.02190
1.93618
1.48543
0.44416
2.40765
0.62801
0.94485
0.66376
3.31476
0.80151
0.65789
0.87612
1.13359
0.74325
3.00609
0.01093
1.39653
1.40369
0.14844
0.59983
2.74694
2.21095
1.71439
0.14828
1.72907
0.01686
0.36966
2.44658
3.22241
1.08766
0.43301
2.66528
1.90667
1.48079
0.90071
0.03846
2.70413
0.22181
0.41058
2.29793
0.00121
0.25223
1.75734
2.35244
0.19031
1.10799
2.82653
0.83865
0.12148
0.28493
2.78405
0.51479
2.01387
0.34903
0.04449
0.44137
1.54836
2.68027
0.70049
0.00637
0.54817
2.47728
2.72657
2.09804
0.03046
0.82144
0.67517
0.04974
0.11320
1.61020
1.50918
2.97084
2.88114
1.45167
0.13128
1.57542
2.94436
0.52187
0.12207
3.03460
0.08336
2.46986
2.21205
0.03184
0.00178
2.49780
1.08202
0.00156
0.32739
0.12926
0.30653
2.29452
1.23481
1.05325
0.19925
0.00188
0.30358
2.17995
3.48269
2.32776
1.76729
0.00062
2.11439
2.34612
0.42379
2.08311
1.98773
2.63481
3.31693
0.01186
0.81478
2.49631
0.73720
0.08251
2.73820
2.14843
2.50027
3.00663
0.16661
1.32839
2.66093
0.23532
1.88792
0.48410
1.60532
1.03437
0.69275
1.97078
0.24336
0.43827
2.44386
0.04092
0.27386
0.22615
0.05246
0.60656
0.94173
0.72034
1.43478
2.97000
0.12902
0.04658
1.32826
0.06078
1.52988
1.65471
1.31169
2.70796
1.14850
3.06191
0.13778
0.50270
2.09706
0.93129
0.51233
0.46617
0.05860
2.82490
2.09499
0.09691
0.12080
3.19568
0.28947
1.13609
1.41881
1.55743
0.03385
0.84807
0.63487
0.06989
2.14835
0.54500
0.21558
0.15717
1.75755
0.83825
2.23622
0.54441
2.09898
1.31117
2.54804
1.16079
1.26944
0.40291
0.07794
2.31289
2.80571
0.27023
2.52265
1.26202
0.49498
0.15971
1.42862
0.14086
2.64186
0.96323
3.02588
2.97886
0.72831
1.73189
0.34809
0.98741
1.71439
2.34167
3.29115
2.34467
2.56065
0.05612
0.00260
2.72277
2.61141
1.99217
0.67875
0.34519
2.10850
1.54790
0.83941
0.54636
2.01889
1.35583
1.22260
0.18417
3.03087
2.63474
0.91306
0.50064
0.16627
2.38647
0.24854
0.23336
3.06576
1.98775
2.35079
2.27126
0.27302
1.26065
2.84570
0.09014
3.06918
2.50699
0.88156
0.16755
2.58183
0.09824
0.64305
0.28842
1.10753
0.02499
0.20379
1.33182
2.21248
2.33094
0.17517
0.02744
1.93174
0.30974
0.00306
2.16810
0.00169
0.80438
1.21532
1.92982
0.01909
0.21867
0.11872
0.34609
0.29729
2.49710
2.44230
2.60344
1.53809
1.53776
0.89394
2.13455
1.02296
0.55165
0.54125
0.33209
2.66031
2.56888
0.03358
3.30238
0.15344
1.74535
2.09794
0.02817
3.81134
2.96592
0.12737
0.09853
0.31720
2.73841
0.60542
0.34940
0.05973
0.83586
0.98433
2.64710
0.72440
0.01430
2.56726
2.01105
1.52807
0.87385
0.55036
1.73949
0.00742
1.46021
0.32567
1.69402
0.01074
0.47066
2.07430
0.60532
0.02246
1.74254
0.75548
1.58059
1.64706
0.09832
0.26236
1.49356
0.59013
2.98839
0.01240
1.74448
2.58857
0.48233
1.00410
0.34697
0.72188
0.48402
0.00343
2.11091
0.29587
0.13402
0.89868
0.01358
0.88367
2.46377
2.83333
0.01644
0.74483
0.06245
0.05082
0.00138
0.05637
2.83228
0.01496
3.39785
0.58238
3.12475
1.77165
0.24099
0.34372
0.12786
1.36692
0.32729
1.70585
0.39521
0.43818
0.81500
1.55687
3.49514
1.34239
0.77702
0.02642
3.08777
0.06801
3.03359
1.30507
0.55660
2.01627
1.96142
2.48830
0.05584
1.25382
0.03740
2.92839
1.89092
1.69501
0.94982
2.57213
0.77368
0.44566
1.60022
2.23631
0.10043
3.39820
2.91554
2.19247
0.56584
0.03627
0.74333
0.70807
2.24711
0.29842
1.07220
0.22807
0.04700
1.06983
0.24092
1.08634
0.02468
0.27524
2.03980
0.25434
1.87354
0.01107
0.00873
0.04116
0.11691
0.04813
0.05091
1.19353
2.88587
1.93018
0.56068
2.23273
2.32780
2.42377
1.05635
0.01510
2.39966
0.02540
3.19213
1.53661
2.88668
1.03398
2.32793
0.26888
0.70186
0.45000
2.42150
0.13509
0.84422
2.84608
0.28084
2.65630
1.76011
0.17557
2.99125
2.20021
1.47445
0.87812
2.47385
0.01183
2.55858
0.50515
1.59958
1.40561
2.94163
2.20141
0.25508
0.66896
0.36542
1.97054
0.20642
0.28705
0.66450
1.67650
0.09430
1.92407
0.49875
0.55752
3.62307
1.24127
2.31967
1.77204
0.05102
1.01805
2.51895
0.41880
0.11893
0.00016
1.48913
1.02675
1.61382
1.20410
3.21392
0.58573
0.69173
0.47157
2.41744
0.48544
0.00445
1.31414
0.13174
1.18559
0.60853
0.04740
1.61047
0.01765
0.70778
0.70982
2.86358
0.10573
0.91829
2.07383
0.30945
0.02263
0.65236
2.63844
1.91925
0.22073
0.51639
2.42972
1.03129
0.96006
0.64150
0.54842
3.18968
2.21879
2.01071
1.82858
1.72138
2.53509
2.71150
1.81618
3.03064
2.96661
2.97382
0.03598
1.13692
0.01783
0.99831
0.00912
2.58298
1.23412
1.15365
2.00020
2.20141
2.62603
2.23358
0.45492
0.87975
0.09707
0.12971
2.07815
2.37392
1.23463
2.86817
1.18082
1.36603
0.64773
0.00006
1.94654
0.63091
0.20457
3.18148
0.49449
1.19405
0.05232
0.49034
0.00956
2.17039
0.40511
2.75553
0.34903
0.09106
0.29676
0.55152
2.83229
2.87824
2.76511
2.38993
2.05781
0.35422
0.12395
2.65773
1.38993
0.09863
2.90586
0.28110
0.49662
1.22587
3.33111
0.02196
2.51865
2.53368
1.31594
1.00737
0.04295
0.03115
1.01991
0.23689
2.04007
0.04856
0.01958
3.22804
0.60025
0.48347
2.39320
2.11801
1.25303
2.48912
0.78626
0.19334
0.51340
1.26882
0.28249
2.30249
0.15134
2.95218
1.06336
2.19860
0.15247
2.02288
1.85741
0.35366
3.22252
2.02626
0.16592
2.17326
2.53026
2.78893
0.36732
1.36239
0.00931
1.10493
0.06566
2.84090
0.02217
1.82534
0.02866
2.89171
0.01967
0.61398
1.45355
1.28029
0.25114
0.76892
1.42243
0.13762
0.00465
3.70076
3.50842
1.67251
0.89992
0.62785
0.65172
3.26939
0.25871
1.99907
0.00242
2.33756
2.59694
0.26008
0.00496
0.56608
0.02732
1.63491
3.16353
0.89383
1.85404
2.15873
0.28271
0.66063
1.32106
0.52907
1.05069
0.31126
1.93891
0.02678
2.60103
2.26469
0.00865
0.44679
1.65238
1.21808
1.86215
0.40695
2.18646
1.10471
0.00008
0.00565
2.86945
0.16029
0.67002
1.86519
3.30898
2.85905
2.78649
1.61095
2.93404
2.43640
0.10947
0.79010
1.59074
0.74154
0.41485
1.35426
1.25965
0.09869
1.84032
2.81448
0.17343
2.48343
1.40018
0.86797
3.17449
2.49552
0.20660
2.58308
3.52037
0.10701
2.09453
0.72109
0.96464
0.02597
1.23402
1.85442
0.94117
2.33041
1.85753
0.86931
0.00127
0.01610
1.73153
0.03494
0.16193
2.01240
2.88968
0.77453
1.25420
0.01953
0.73134
3.19914
1.85703
1.36521
1.84585
2.43215
2.04251
1.41509
0.08521
1.88883
0.46571
0.19233
1.82378
0.28519
0.06400
0.70278
0.32719
0.13090
1.10281
2.95446
0.38173
0.06002
1.33900
2.48256
0.69091
1.91489
2.29113
0.04040
1.70486
0.00231
1.03680
0.99798
1.22319
0.42419
1.25579
0.12367
0.41207
0.24341
0.58161
0.74393
0.73184
3.39198
0.48689
1.25011
0.51899
1.23188
1.53470
0.27401
1.64873
0.12132
0.26291
1.02639
1.96327
2.44759
3.11353
0.02996
0.51415
2.49671
1.35201
2.38789
2.99978
0.83440
3.04034
2.84251
2.71877
2.04433
1.34908
0.97696
0.84903
0.06616
0.89598
0.00086
1.08942
2.85624
2.62299
0.26350
0.01026
2.69839
0.71612
0.74376
2.38945
1.24147
2.39754
2.05250
2.51101
1.15533
3.04920
3.11413
0.32719
1.58978
0.01414
1.54123
2.76480
1.76728
0.26895
0.05086
0.55438
0.61978
0.03315
0.87843
0.06698
0.07156
2.22288
2.14620
0.20878
0.00061
0.05532
0.00123
0.32860
0.11644
0.90262
0.83418
3.15166
0.41566
1.50978
0.74046
0.05362
3.36375
2.72671
1.02333
0.08538
1.73772
1.87988
0.06710
1.03655
0.07612
3.09505
0.56162
1.60835
2.13151
0.01743
2.99214
0.72193
0.13939
1.30597
0.02385
0.01287
1.56055
0.15371
1.15056
2.63761
0.12611
1.10408
1.34500
1.98797
0.54209
0.31364
0.20835
2.03240
1.87407
2.94974
0.80996
2.35024
0.96481
0.01001
0.32361
3.01115
2.12334
2.15378
2.60865
2.39538
3.01594
0.02641
1.82167
0.22828
0.28365
0.03508
0.08810
0.21589
1.75442
1.06929
1.00479
2.48469
0.01980
1.77231
3.24647
0.49637
0.93133
1.24418
0.06529
1.27585
0.91291
1.86489
0.00209
2.09824
2.60513
0.16266
3.29503
0.07630
0.15013
0.02996
0.43668
1.21362
3.05720
0.36543
1.87586
0.33650
2.14373
1.66792
1.74897
0.03250
0.13860
1.39384
0.55935
2.38488
0.03563
2.19940
0.83460
0.00004
0.64712
3.22653
0.21261
1.84160
2.64680
1.62580
0.22196
1.96826
1.14104
3.04046
0.90034
0.58074
0.17307
2.00654
2.88826
1.75133
1.23456
3.22616
0.20290
0.21039
1.04684
2.60423
1.61891
0.13554
1.09402
2.31362
2.75986
1.63615
2.62799
2.02777
1.84723
1.77105
0.22764
0.23896
0.06467
3.51927
1.38636
0.00014
3.32617
1.47450
1.73959
0.11277
0.61123
1.19915
0.40804
0.07380
0.04985
0.00071
2.64661
0.11864
2.28606
0.06088
1.78622
1.94405
0.06480
1.73545
1.74920
1.34347
0.39080
0.28239
2.85819
0.02045
0.02986
2.64208
2.17039
1.21271
0.23207
0.03426
0.98780
2.72475
0.35186
3.11696
2.48377
0.18598
0.10875
0.07941
2.39524
2.62447
2.49340
1.08168
0.13293
3.24431
0.04715
1.16830
2.05002
2.12456
0.04038
2.67264
0.32697
0.26376
1.54432
0.81604
1.94700
1.62509
1.20449
2.29404
2.25152
2.78149
0.34658
2.40461
0.78700
2.06224
0.56394
1.15535
0.12076
0.01958
3.26312
1.89488
0.64626
3.30645
0.02030
2.98259
1.96696
2.81707
0.84068
2.61454
0.01422
2.73107
0.19625
0.83202
0.47018
0.18404
0.05506
0.97114
1.06565
0.45251
0.08421
0.18157
0.03388
3.28691
0.01864
2.29806
3.42586
2.46760
0.55351
1.35146
2.32716
0.24434
1.88868
0.35124
1.00132
2.64664
2.99676
0.93222
0.93205
0.39512
1.09797
2.20282
2.87347
2.06772
0.47841
0.54218
0.73629
3.62571
2.62529
0.22878
2.23571
0.81751
2.52527
0.49377
0.25502
1.15595
1.17913
2.08930
1.10898
2.48502
1.72415
2.49092
0.75726
1.72477
0.09001
0.09643
0.37528
0.01534
0.10137
1.60661
2.28551
0.02989
1.49277
1.22381
0.00707
2.76363
0.04555
0.49871
0.72559
0.00230
0.88621
1.78133
0.47893
2.30213
0.14935
2.74204
0.11603
0.84840
1.75021
0.03648
2.08944
0.37512
0.19190
0.98897
0.57243
1.53570
1.63074
0.11789
2.92457
0.97260
1.85471
0.88922
0.77739
2.61885
1.66508
1.26070
0.24435
0.52148
1.85576
0.02066
3.06862
0.98299
0.02034
0.28597
3.17859
0.00498
1.01640
0.25771
0.42761
1.38116
1.22263
0.26259
0.35605
1.38886
1.38160
1.28914
0.20184
0.56487
2.44219
1.53471
0.49234
0.75263
0.65722
0.24099
0.02599
0.65326
0.02463
2.40830
0.00058
2.10816
0.63101
2.77202
1.08743
0.00187
1.31277
0.33104
2.48030
0.07615
2.77154
0.04504
2.24633
2.50001
1.10893
1.07332
1.93117
2.80779
0.08118
0.14827
0.39802
3.29062
1.86666
1.03151
2.54162
0.68263
0.08930
1.49818
1.54858
0.31706
2.01841
0.00002
0.09903
0.17972
1.05244
1.99253
1.47412
0.72626
0.80950
2.43838
1.58160
0.17035
0.00289
0.00402
0.03850
0.33860
0.30501
2.82089
0.41435
2.15800
0.48451
1.76816
1.31901
1.64420
0.42265
1.46607
2.73582
0.02907
0.76464
0.52557
0.09900
0.00642
0.04749
0.04580
0.60185
1.62101
1.06644
0.85513
2.77587
2.83074
0.35520
0.27686
2.50621
0.00591
0.03586
3.47248
1.95960
0.51850
1.05488
0.23589
0.00000
0.18932
2.06126
0.12611
1.89650
0.85851
0.15648
0.67235
0.33725
3.53775
3.30107
3.16815
1.92430
0.87759
2.08461
2.85754
3.51407
0.00304
2.25498
0.00349
0.08462
1.92160
0.05203
1.19533
0.44729
0.35708
1.47611
0.18519
1.16079
0.57751
0.09375
0.91341
0.59783
0.07257
1.93506
1.68028
1.13809
0.01407
0.03851
0.64544
1.14438
0.00692
0.77644
1.72956
3.12539
1.20784
2.49915
0.40887
1.89301
1.35266
0.39398
2.55090
0.79378
0.31446
2.97571
0.07168
0.40322
0.03223
0.61807
1.44573
0.12247
0.70589
0.63750
1.68093
1.76783
0.51356
0.14742
1.36470
0.08426
0.01826
0.65051
1.98299
0.32758
2.82979
0.01224
1.18750
2.10751
0.61962
0.01332
2.05263
0.00668
1.48946
0.75951
1.01236
0.06605
2.24487
0.92846
2.14410
2.00158
1.09491
0.80719
3.15970
0.02978
2.47496
1.35230
0.52052
2.08774
0.01617
1.46547
0.00005
1.81798
2.55703
0.99801
0.62507
0.43472
2.01073
0.14573
0.04776
0.17621
1.77213
0.13456
0.05523
0.02015
0.18732
0.28278
1.49291
0.06970
1.83815
1.33001
0.02699
0.00639
0.92739
0.31072
0.67459
3.00488
0.14555
0.04713
0.86612
0.06788
0.13252
0.01779
0.60138
2.72765
1.67303
0.11940
2.50764
1.53179
3.02047
1.43551
0.00048
0.26068
1.92993
0.17806
0.09212
1.67719
0.13009
1.51953
0.00745
0.41732
2.20705
3.08006
0.14534
0.70198
0.15311
0.56233
1.35513
1.66054
0.18920
0.66193
0.40064
0.00199
0.05214
1.20678
0.96040
1.22659
0.05599
0.89721
1.56484
0.24822
2.46228
2.17455
1.10087
0.67108
1.39330
0.79035
0.34170
1.70902
1.95240
0.63596
1.87415
0.07735
3.30785
1.81450
0.28135
1.98961
0.69800
2.16341
1.08042
1.46327
3.21674
1.68267
0.08579
1.33093
2.69963
2.27231
0.15998
0.02263
2.73937
3.10449
0.11505
2.77144
0.93915
1.20363
0.14770
0.05249
2.15692
0.47509
0.24737
0.08587
2.33958
2.91421
1.75540
2.46070
3.55367
2.89918
1.37290
2.02973
1.15028
0.01776
0.82883
0.37472
0.46394
1.76162
3.18670
0.07636
2.27959
3.11538
1.56265
1.46362
0.03521
0.71282
1.42152
0.78389
1.00510
0.64255
0.06835
0.02499
1.68131
0.99347
2.77401
0.38643
0.09769
1.66683
0.43130
0.53842
0.38188
0.17679
1.20001
0.09172
1.62412
0.02907
2.55815
0.09174
2.32607
0.89830
0.26361
0.37961
1.21476
0.00395
1.31862
0.03118
0.16767
1.70280
2.91770
1.28312
2.05187
1.77327
0.08915
0.04481
0.22516
0.91731
0.00402
0.00040
0.21598
0.62394
0.00140
0.88809
0.00024
0.03433
0.03691
0.04261
0.00892
0.11195
0.00054
0.06566
0.91670
0.10411
3.66006
0.48009
0.01052
1.97393
1.31328
1.00747
0.20898
3.10438
1.06971
2.39450
1.51445
0.13298
0.15095
0.04217
0.03648
2.24238
0.00772
0.77515
0.00195
2.41463
1.36791
0.00160
2.37372
0.00027
0.44042
0.00045
1.04752
0.00349
0.62702
2.78086
1.13597
1.57086
2.68440
1.33346
1.70167
0.65315
0.03664
3.06953
0.01853
1.19458
1.02394
2.31222
0.21341
0.16183
2.87534
0.00051
1.38589
0.51717
2.42299
1.63116
0.09984
0.51711
1.18390
2.17816
0.23279
0.02579
2.30841
0.07026
0.01991
0.68750
3.17719
0.75334
1.83664
2.14954
1.76193
3.01400
2.83413
1.48075
0.50651
2.06649
1.30124
0.94466
0.00367
1.55721
0.34678
2.52976
1.50931
2.13338
1.52316
2.75883
3.17415
2.48261
2.16288
1.07995
3.12517
1.65861
0.28539
0.15865
1.77495
0.60956
1.18901
2.92931
0.00428
1.09945
0.21874
0.44388
2.52126
1.01877
0.64420
0.11580
0.24077
0.00903
0.20262
0.01330
2.53036
0.76312
0.13702
1.67288
2.23658
0.68402
2.32138
0.03037
1.63011
1.88474
2.31195
0.18678
2.61870
0.32455
2.38856
2.21429
0.66521
0.00863
0.04754
2.21208
2.46293
3.46920
0.04700
0.17659
0.32927
0.06640
2.70795
0.90490
1.30176
1.51065
1.56150
0.57681
1.50646
1.70248
2.66490
0.33922
0.01080
0.00084
2.02004
1.52160
0.31078
0.70994
1.68799
3.10262
0.13111
0.00027
1.47339
3.02095
2.24398
2.22386
2.56063
2.88470
0.90007
2.93023
1.36940
0.81619
0.61275
0.78171
0.23541
0.26895
2.47019
1.77831
1.55653
0.05832
0.47133
0.18093
2.09706
0.03904
2.07320
0.52530
1.48857
0.26216
2.50558
0.00269
0.14583
1.77262
1.41411
2.67559
2.79532
2.69374
0.14566
0.00062
2.09960
2.36038
0.51078
0.00166
0.00973
1.59090
2.39801
1.07894
2.69107
1.63402
0.12354
1.18504
1.00201
2.06628
0.86078
1.71504
0.47606
0.50097
2.75551
2.33354
1.61231
1.41293
1.82533
2.76520
1.20361
0.14357
2.10142
0.00188
0.15250
0.11089
0.14968
2.42930
0.54890
2.45429
1.47597
0.53018
0.42870
2.77474
1.94111
3.00503
0.01811
2.78873
3.15867
2.19079
0.35711
0.00139
0.81216
2.02928
0.06138
0.02170
0.76839
0.48480
1.55971
0.33091
0.47098
0.00374
2.38229
2.34037
1.21107
0.00115
0.52525
0.18385
0.24832
0.16071
0.14878
0.00121
1.06965
1.25531
0.00000
3.37456
1.79806
2.31020
0.37311
0.35519
0.59365
1.33377
0.11278
0.02842
2.86118
1.13520
1.23283
0.07163
0.29383
2.30960
1.42527
0.42629
1.23346
3.17036
1.37713
0.13211
2.80709
0.02128
2.05248
0.94887
1.08280
3.37698
0.74751
2.94123
1.77914
0.80909
0.71657
0.61975
1.08710
0.42536
0.26416
0.60059
2.88077
1.45324
2.25967
2.25426
1.64517
2.32368
1.80119
1.57600
0.56409
0.47639
2.29983
0.17256
1.07342
0.34064
1.77665
2.35199
0.63709
0.38471
2.83781
2.79160
0.16902
0.12763
2.58219
0.00877
1.38196
1.17080
0.22286
0.09533
2.96521
1.73436
2.07636
0.52733
0.64214
0.35312
1.49173
2.61412
3.30532
0.06756
1.76247
0.09819
3.24736
2.94625
2.65732
2.56831
2.05697
0.69353
0.52340
2.55463
0.73436
0.31906
0.97825
0.87250
0.20953
2.21953
1.37776
0.03411
1.53550
0.00707
0.90554
1.74562
0.48244
2.35355
1.75225
3.33252
0.15475
0.26215
0.00041
0.92372
2.72135
1.25894
3.17802
2.86989
3.48708
1.76821
2.23107
0.06494
1.87615
0.70864
1.13728
2.66788
0.44977
0.09670
1.47757
2.28736
1.60615
2.85281
0.31897
0.00224
2.09875
0.13756
0.03864
3.10605
3.21364
1.82524
1.68372
0.69928
0.55957
1.64706
3.16337
1.02399
1.26745
2.92349
0.50059
0.74287
0.11130
3.26383
1.81541
1.92955
1.67957
3.69171
0.31927
0.81967
0.07221
1.23894
0.03018
0.11335
0.53815
1.02635
1.18175
1.92802
2.54733
1.09629
1.05533
1.26112
0.15566
2.47895
0.94283
0.02345
0.07759
1.44684
0.84338
0.01538
0.08450
0.20325
2.81586
1.50255
0.84383
1.20755
2.17689
0.49273
0.00412
0.41337
0.00334
2.28274
0.44286
0.61922
0.52066
2.71117
0.89087
0.12832
1.97830
0.05271
0.76385
0.06105
0.00122
1.48511
1.21330
1.83008
0.34747
0.03972
1.68854
0.46328
0.77256
1.01629
2.63159
2.00384
2.92338
0.35605
0.01788
3.00761
0.14661
1.13942
0.99807
0.09796
1.43629
0.00516
0.37663
2.93711
0.14600
0.38543
2.71766
1.78890
3.01011
0.85019
0.25254
2.22142
1.28663
0.12403
0.63698
0.03522
2.90351
2.28353
1.65643
1.53128
0.66028
1.15465
2.79376
2.98175
1.61116
2.13025
0.43694
0.10275
0.73933
1.01299
0.09643
0.31636
0.22362
0.02235
2.40720
2.90441
0.40359
2.60297
0.26281
0.47157
0.29714
3.18642
2.95929
1.68361
2.23438
0.00284
1.05907
0.09668
1.37069
1.59639
0.00482
1.59497
1.96919
0.15220
2.07549
0.11645
0.00000
2.67413
1.85459
3.15135
1.87464
2.48004
0.33089
1.71859
0.18786
1.21474
0.49472
0.39388
0.01756
0.94852
0.12113
1.41506
0.36285
1.59780
2.64667
3.35645
0.01054
0.72556
2.64198
2.81777
1.91603
0.34641
2.00056
1.50535
0.27945
2.28735
2.14353
1.53758
0.00021
1.73958
1.02287
1.23036
0.73097
1.54300
0.06480
1.02838
1.54783
0.69860
1.23736
0.09037
0.35054
0.00823
0.01167
3.42219
0.10590
0.83113
1.07117
0.22124
0.00044
0.05177
2.13402
2.56030
1.25067
1.33588
0.47250
0.52251
0.15573
2.55762
0.00170
3.10357
0.06311
0.35176
1.11802
2.63567
0.21062
2.10403
0.67090
2.43390
0.79984
1.01889
0.63357
1.05272
2.06565
2.52833
0.00847
0.00439
0.74091
0.00179
0.49960
2.13582
1.30336
0.01165
1.94655
1.54167
1.91805
1.15520
2.16983
0.54800
1.75244
1.55160
0.32163
0.37510
1.37755
1.14186
1.21387
0.02643
0.00559
0.14390
1.15418
2.38532
0.71195
1.62841
2.24733
2.00426
1.59627
0.02275
2.01693
0.07789
0.17091
3.09891
2.03855
0.02338
0.17969
1.50984
0.86697
1.98831
2.50051
3.16335
2.96912
0.52487
2.60633
1.92303
0.39403
1.53926
0.24442
0.82425
0.20968
0.10147
0.00749
3.39308
0.00008
0.98086
1.56772
0.02348
0.08346
0.49466
0.68632
1.04951
0.03595
2.15018
0.00778
2.05070
1.84154
0.20973
1.32691
1.58609
0.47680
0.72717
3.30638
0.16887
2.30916
0.38333
1.43444
2.54550
1.78674
0.02093
0.67844
0.76464
2.29743
2.26931
1.72073
0.73674
1.56223
0.03081
0.63833
0.00499
1.05455
1.82362
0.07840
1.47211
0.00351
0.01679
0.71960
1.62673
0.29070
2.67835
1.74122
0.78890
1.13971
0.28160
0.35513
0.09880
1.19426
0.01464
2.81982
0.17117
0.10413
2.22000
1.04892
2.52708
0.16505
1.05834
1.63582
1.52682
2.09674
1.26362
1.55523
2.79958
2.68646
0.10746
1.94033
0.07553
0.01840
0.00377
0.22365
2.92659
0.57296
0.66211
0.08265
0.41915
0.01024
2.10386
1.58670
0.54586
1.66593
0.28078
1.40189
1.33596
1.83780
1.64980
0.05056
2.48290
3.23292
0.02960
0.19877
3.30148
0.27060
0.01054
3.46960
1.36325
2.00527
0.23394
2.58563
1.64750
1.59629
0.60518
2.86939
2.05240
2.80683
0.12372
0.01997
2.18958
0.60321
2.90055
0.31999
0.61974
0.13800
1.15487
2.29465
0.10049
2.08234
1.34059
0.64580
2.30834
0.03660
1.32951
0.22018
0.04444
0.31324
1.28046
1.84218
1.85734
0.73863
0.24742
0.19605
1.01709
0.02012
0.09138
0.12244
1.13053
1.94615
1.11405
1.90257
2.87882
1.27516
0.98320
0.86737
0.75588
0.00001
0.03798
0.38532
0.01196
1.22601
1.23994
0.51030
0.28112
1.71767
1.77765
0.27440
0.03796
0.01977
1.56749
0.00550
2.68668
1.39269
2.50037
1.07884
0.00716
0.06412
0.30147
0.07993
2.85833
1.78439
1.87565
0.66738
0.01560
0.17450
1.79714
0.42847
0.03533
2.89719
0.62280
1.49293
0.32803
2.20419
1.60413
0.02665
2.66808
0.73966
0.01509
0.03730
0.04519
0.00112
3.54935
2.04730
2.00415
0.94351
0.01429
0.89313
0.95684
0.38241
1.45904
2.68883
0.04822
1.01473
0.38799
0.99407
0.78193
0.45728
1.52861
2.94553
2.85422
2.49678
2.56472
2.16961
3.40960
1.62677
0.62013
2.53069
0.73891
0.77275
0.43622
1.12303
0.48427
2.70465
0.03500
0.57391
1.43543
2.69912
0.72928
0.38096
1.80623
0.13600
0.00133
0.40978
2.99274
1.61205
0.21301
0.35626
1.84572
1.60009
0.41862
2.60486
0.01624
1.68576
0.00030
0.03820
0.80516
0.09105
1.71546
0.02498
0.05482
0.77478
0.05633
1.32272
0.01408
1.82988
0.14620
0.03487
0.16118
0.23433
0.02792
0.52398
0.55243
0.10840
0.95152
0.29013
0.99174
0.00621
2.38343
1.02052
2.18646
0.10366
1.68915
0.17117
0.00064
0.02595
1.69579
1.19789
0.29269
0.14868
2.51399
0.07540
1.41012
2.20978
0.00046
2.03051
1.56785
0.80493
2.69894
2.56481
0.34703
0.57341
1.92969
0.00092
1.82347
2.55503
0.10482
0.46927
2.44748
2.08435
0.83935
0.01366
0.81272
1.20573
0.75431
0.41228
1.34850
0.10486
0.76628
1.85792
1.49515
1.25469
0.87744
0.26786
0.00000
0.68207
0.68195
0.59910
0.37052
0.03277
0.24192
0.00181
0.00606
2.65848
3.10654
0.19186
0.10867
0.25588
1.83766
0.90011
1.83695
2.89991
2.61161
3.50588
1.30047
3.37799
1.23713
0.00042
0.01261
1.32122
0.00867
0.02185
2.84909
2.30802
1.47372
0.70308
2.50691
2.27873
1.59032
0.31905
2.16658
2.64709
0.01763
0.51164
2.13518
0.61250
1.67522
2.22227
0.00297
2.14327
0.15137
3.70234
2.87747
0.92025
2.53222
0.18554
1.05827
1.24111
0.63525
0.00060
2.35220
2.06246
3.59284
1.85145
0.92960
2.66019
0.09851
1.44111
0.00835
2.31433
0.84417
0.32644
3.17290
2.44694
0.00915
0.67752
0.16335
0.17921
0.02447
0.05451
0.13476
0.47921
0.09313
0.12175
0.50774
2.15535
0.28863
0.03043
1.52847
1.61205
0.43167
2.97137
1.30479
0.01950
1.70017
0.00160
0.02977
0.45138
2.78190
0.62617
1.33546
2.24556
1.75687
0.66341
2.87914
2.09498
2.65689
1.81144
0.81641
1.04675
2.22280
0.26432
0.00004
1.69202
0.63897
0.23800
0.22450
1.17207
1.54459
1.99248
2.24782
0.45084
2.93239
1.86893
0.00004
2.44020
0.09147
0.10663
0.05956
0.30280
2.88569
1.70084
1.70705
0.30443
0.12933
1.46907
1.56908
0.37101
0.01939
2.00123
0.53486
0.07714
0.64354
2.23998
2.78348
0.30336
1.74536
0.01372
1.50975
1.19917
1.43967
2.39698
3.73492
0.03151
0.14562
0.07124
1.11702
0.07383
0.66968
1.36715
0.05607
1.81782
1.80815
2.74545
0.63830
0.44978
1.10000
1.42099
2.95231
0.00022
1.30226
0.37971
1.52558
0.68701
3.06942
0.69406
1.85921
2.28785
2.47042
0.02219
1.18197
2.64360
0.57012
1.37507
0.76330
2.60665
3.14929
0.10218
2.93164
0.75774
0.36879
0.07976
2.18027
1.12800
0.27368
1.46459
0.02001
0.02051
1.23017
2.76710
2.14089
0.88863
1.00905
0.00048
2.84181
0.93410
0.85301
1.34159
2.20778
2.35182
0.43460
0.19194
0.02431
0.00632
0.13378
0.41082
0.44261
0.12615
0.00439
0.39429
0.07618
0.06564
3.06444
0.56624
1.29281
0.01871
2.65633
1.68288
0.80332
2.47764
0.54621
1.14581
0.34727
0.00012
1.19247
2.24599
1.04543
1.77126
2.51236
2.16507
1.99666
2.00360
2.88675
0.04701
0.16792
2.02193
1.51067
0.28233
1.52017
0.62325
0.52680
3.16159
0.74780
1.95928
0.31600
1.31236
0.04387
0.06322
0.01524
0.07410
2.01428
2.40718
1.76488
1.45846
1.09954
0.27787
0.02761
0.41333
1.57888
2.90127
0.89563
1.63094
0.17567
0.29178
0.75570
2.16686
1.91295
2.00473
1.05280
0.11501
0.97541
2.32971
1.11793
0.44144
0.66220
0.66439
0.05760
3.19523
1.07970
2.74474
0.15503
0.04321
1.70650
