3.83156
4.09021
4.21233
4.08482
1.36625
4.12243
4.22693
4.01655
3.07446
3.89356
4.27294
4.27978
3.67580
2.87093
3.48134
3.96403
3.44007
4.19216
1.86534
3.55639
3.91030
3.56028
3.52815
4.12602
4.13359
3.83862
3.57297
4.14909
4.41517
3.71350
2.96049
4.17715
3.82690
4.06059
3.94056
4.15398
3.87792
4.17908
4.07983
3.95634
3.93137
3.69008
3.73463
3.04961
4.03680
3.51605
4.09997
3.58067
4.07434
4.35788
4.28261
4.40647
3.41242
4.30710
4.05638
4.34104
2.84229
3.09412
4.08665
3.98640
4.14762
3.90849
3.97309
3.81282
3.55690
4.01995
4.08710
3.92325
3.90797
3.18947
4.21834
4.30838
4.22221
3.83870
3.89461
4.01740
2.03498
4.11118
3.98301
3.30296
2.18243
4.19319
3.41968
3.74684
3.89146
4.03295
3.89827
3.74702
4.04751
2.96349
3.98546
3.36971
4.32567
4.18914
4.16891
4.18225
4.27370
4.12606
4.34279
4.23431
3.86943
2.54661
4.34104
3.70285
4.04796
1.95698
2.12530
4.04580
4.23615
3.96945
3.43552
3.56515
4.29423
3.32740
3.54592
2.50200
3.68228
4.10712
4.27727
3.98171
4.26281
4.28618
4.03369
4.13930
3.76571
3.72735
4.16126
4.04863
4.08727
4.11665
3.73988
4.00134
4.28244
4.12362
3.86292
4.32829
3.70664
4.20197
3.43472
3.90563
3.81205
4.29035
3.98345
4.07849
4.30004
2.75237
4.36982
4.17032
3.96975
4.14005
4.19139
4.29130
3.94477
3.81551
4.21882
4.30616
3.79624
1.89107
3.89391
3.62128
4.36571
4.25168
4.13601
3.90030
4.23425
3.90104
3.74797
4.15957
3.99665
3.79896
3.72634
3.97522
4.03580
4.25067
3.46042
3.30445
4.07755
2.62880
3.49839
4.02151
4.19742
4.04750
4.00152
4.30656
4.11111
4.34416
3.92371
3.92289
3.97779
2.56181
3.68208
3.92029
4.11629
3.87257
2.75298
3.97411
3.74186
3.62925
3.82110
4.05413
2.95679
4.30724
3.80652
2.99214
4.38056
3.84488
3.83540
4.27657
4.42523
4.31838
3.01272
4.31646
4.26252
3.99685
4.33064
3.75004
3.68030
2.63691
4.27564
4.14470
2.78016
3.84779
3.62988
4.27921
4.24090
4.06272
3.30733
3.72001
4.05196
3.86456
3.86340
3.54938
4.28507
3.20235
4.41364
4.02296
4.21471
4.17716
2.47849
4.26211
3.35905
3.63759
4.25746
4.23444
4.08195
2.79363
4.01206
4.33044
4.06744
3.74909
3.99072
4.03216
4.15544
4.28745
4.02722
4.15667
4.23358
4.27823
3.98553
3.63139
4.01495
2.79444
4.23047
4.14573
4.14174
4.38135
3.79989
4.04810
3.92849
3.82098
4.04081
4.19964
3.87703
3.93476
3.77564
4.18219
2.02566
4.23447
2.48695
2.71348
3.64730
3.65635
4.11497
3.93843
2.58685
4.22773
3.75764
4.16615
3.82901
4.06712
3.94473
4.16639
3.97260
4.07642
3.72365
3.94125
4.10047
4.16918
4.26452
4.15435
3.74621
4.19287
4.01908
3.98040
3.64291
4.17161
1.76807
4.18413
4.32384
3.70141
4.05372
3.59594
3.26600
3.67498
4.28488
4.29168
4.28150
4.25122
4.29905
4.18685
3.69500
4.37917
4.31435
1.62837
4.23996
3.94497
4.13827
3.46666
3.85850
4.24797
3.03568
4.00613
3.39426
3.67168
4.30877
1.73269
2.01103
4.19434
4.18672
3.39700
4.08932
3.69361
3.07259
2.55110
3.35232
4.09437
4.18497
4.27991
4.17070
4.22747
3.95265
4.17799
3.96326
4.22202
3.80912
4.34440
3.92875
3.77894
4.11976
4.13883
4.16450
4.17672
3.69651
3.37544
4.01122
4.10538
3.85532
4.20850
4.12435
4.08038
4.13384
3.11290
4.21893
4.17250
4.18718
3.66400
3.82773
2.47706
1.65340
3.92797
4.11875
3.77054
3.37785
4.28354
3.80978
3.97505
3.75218
2.79448
4.04517
4.10559
4.17418
3.89084
4.40644
3.57941
4.11101
4.01378
4.33014
4.23617
3.91575
3.22892
3.98801
4.35436
4.26088
4.17261
4.05850
3.89295
3.08401
3.65094
4.28094
3.89855
4.07907
4.28100
2.69062
4.33992
4.29174
4.11728
4.20619
4.23169
2.88572
3.68910
4.23634
4.24491
4.07632
4.06071
2.47560
3.14237
4.01218
4.11180
4.06612
4.19676
3.72795
3.45546
2.25748
3.99846
4.17133
4.23408
4.24868
3.51958
3.97402
4.37555
4.05649
4.21664
4.29841
4.17054
3.85839
3.87227
3.87547
4.16306
3.84286
3.60762
4.07784
3.86130
3.89633
3.79613
4.18499
3.44769
3.87626
4.09963
4.05359
3.91826
4.08170
3.14809
2.74138
4.18166
2.85107
4.14063
3.51788
3.52477
2.32504
3.89302
4.09901
4.07480
3.99622
4.10304
4.30055
3.82742
4.13658
3.68748
4.31739
4.06679
4.01074
4.02721
4.20586
4.21710
4.16356
3.21404
4.10729
3.96406
4.26802
4.16327
3.97753
2.58031
4.11739
4.32525
4.14397
3.88656
4.22370
4.05376
4.24084
3.52909
4.05539
3.73350
4.39464
3.91577
4.26129
3.63254
4.02404
4.20975
4.14514
2.74713
4.18496
4.21869
3.77026
3.43733
3.67666
2.34275
2.24277
4.23644
1.93721
1.76516
3.96744
4.41280
4.18952
4.27640
1.61871
4.34740
2.01500
3.61684
4.14860
3.78882
4.40131
3.94814
3.99168
3.02923
4.17644
3.85546
4.33774
4.10421
3.84958
4.32411
4.15814
3.92408
3.93347
3.78240
4.28648
3.70924
3.86242
4.25062
3.48205
3.91968
3.81234
4.03892
2.40110
4.27479
3.16010
4.02937
2.01536
4.22513
4.13590
3.42030
4.10993
4.27444
3.77720
3.81696
4.07445
4.37319
3.93081
2.81606
4.03613
4.28797
4.20516
4.22575
4.24109
4.14451
3.97447
3.85076
4.10899
4.09143
4.37293
3.18262
4.15966
3.78663
2.90412
4.29087
3.46993
3.71211
4.10850
3.83707
4.07080
4.15357
4.06816
3.78050
4.02750
3.98056
3.88957
3.32735
4.36095
2.36870
3.48086
4.13760
4.02152
3.72832
3.16265
4.17578
4.35400
3.93568
4.11928
4.18645
4.22631
3.34837
3.04276
3.95223
3.96844
4.05884
3.43601
4.13094
4.07574
3.87125
4.20302
3.83192
3.91521
3.31049
3.94328
4.12868
4.28965
3.89379
3.68917
4.18991
3.74422
1.29571
3.92949
4.01382
4.26096
4.23813
1.85055
3.62871
3.65280
4.40574
3.97691
4.25415
4.44351
4.37971
4.12422
4.06353
4.12241
3.72911
4.35723
1.34831
3.74439
3.47587
3.97505
4.15014
4.20934
4.03291
4.18597
4.08540
4.28589
4.27823
3.98536
4.32194
3.68468
4.05241
3.70316
4.37057
4.04100
0.78527
4.15182
4.21492
4.23096
4.30078
3.70348
2.35779
3.41507
4.09341
4.31769
3.13541
3.86671
3.89594
4.25397
3.82293
4.05459
3.99405
4.23726
3.15510
3.94652
4.08138
3.62380
4.28814
3.33420
4.09962
3.87018
4.16438
3.61268
2.38196
4.12703
4.16953
4.05446
3.47025
2.59234
4.13427
3.70462
3.96503
4.22807
4.02677
3.50563
3.52245
4.11205
4.02672
4.05656
3.90907
4.25187
3.65436
4.25444
3.84991
3.99584
3.08781
3.78296
4.05863
3.52099
4.11616
4.31594
4.07435
3.11800
4.01716
4.27458
2.65729
4.08010
4.31527
2.30943
3.96663
4.07858
3.88607
4.30253
4.06338
1.95040
3.91326
3.51505
4.03430
3.06852
4.22332
4.12047
4.01287
4.02008
4.23174
4.02458
3.63786
4.22834
4.05423
4.16482
1.40736
3.87214
3.69471
3.83490
2.89763
3.94360
2.95838
4.21320
4.19769
4.15569
3.83429
4.16495
4.09700
3.80497
2.27002
4.17065
4.26841
3.15258
4.37556
3.38332
4.10838
3.43856
3.91687
3.40436
4.17220
3.91774
4.17641
2.32693
3.75346
4.27772
4.05364
2.98118
4.19149
4.31585
4.18217
3.59250
1.96762
3.41795
4.35792
3.77705
4.23106
3.49034
3.92761
4.33977
3.35232
4.36143
4.35791
4.20248
4.20400
2.79847
4.26717
3.66107
4.03080
4.16626
4.37861
3.89359
3.38516
4.21887
3.46712
4.24251
4.10650
3.78319
4.32222
4.06885
3.73582
3.91849
3.50342
2.93199
4.04493
4.33684
2.93955
3.93733
3.98871
4.29485
4.12835
3.73672
4.27623
1.92244
3.96309
4.28948
3.65547
3.97510
1.45381
3.95315
4.16913
4.23350
2.96501
3.83379
1.77284
4.35014
4.09365
4.31110
3.09114
4.23872
4.16707
4.18048
4.11525
4.35241
4.25580
2.84914
4.18729
4.18476
3.65389
4.21402
3.17178
4.08240
3.97674
4.06056
4.08559
4.03372
4.22054
4.14757
3.58723
3.76301
3.82337
3.77365
3.93947
3.82596
4.12943
3.94650
3.95501
4.27249
3.93295
4.03101
1.36411
3.80352
3.50184
4.22200
3.88914
3.54967
4.17838
4.16646
4.02106
3.60519
4.00934
3.40209
3.93411
4.16641
4.19832
3.98549
3.60360
3.93327
4.00690
4.25502
4.13744
3.45570
4.12966
4.00782
4.28491
3.83565
3.51597
3.94510
4.11484
4.26029
3.35279
3.29155
3.58899
4.11792
3.96638
2.95155
3.90578
4.21838
3.86717
3.84059
3.49436
3.20117
4.07139
4.30368
4.16478
4.14398
4.03847
4.29227
4.24777
4.24653
4.00396
3.84486
3.92882
3.83413
4.03369
4.09979
4.18052
4.02324
1.46927
3.94961
2.96618
4.13670
3.59546
3.99045
4.34797
3.90578
4.17661
2.40114
3.97296
2.69636
4.03535
3.03372
3.09301
4.26365
3.84492
3.75846
4.35604
3.70746
4.12061
3.63131
4.06331
4.15146
4.24381
2.65087
3.95900
2.76512
3.90284
4.17558
3.64570
3.69947
3.95580
4.06321
3.79934
3.17379
3.50748
3.51855
4.13027
2.44769
3.78163
4.21215
3.57756
4.16121
3.65027
4.27711
4.31693
3.18676
4.18805
4.06948
3.84299
4.12408
3.81642
4.24530
4.23468
4.07721
4.28516
4.39195
4.25542
3.42654
3.83878
4.31008
4.19380
3.87192
4.17877
4.17081
4.15737
2.60661
4.35191
4.32934
3.87925
4.07800
2.61004
4.32217
4.29093
3.69437
4.05879
2.19308
3.84953
3.97596
4.35164
4.33085
4.20012
4.21375
4.16844
4.22014
4.27561
3.88516
4.08351
4.20048
3.22463
4.20798
4.19590
3.49268
4.15715
4.09445
2.94506
4.28574
3.35919
4.35893
4.10132
3.05278
3.88758
4.28064
3.81859
4.07884
3.80960
4.18894
2.36323
3.98139
4.25198
1.74230
4.14490
3.73970
4.12275
4.22838
4.10958
4.19503
3.09391
4.26018
4.30293
3.98533
2.95434
3.65642
4.09378
3.53652
3.98908
3.88275
4.32284
4.09358
3.94906
3.85053
3.70724
3.51178
4.29379
3.39225
4.19178
3.88700
4.13904
3.49003
3.94714
4.22077
3.31302
4.15949
2.64569
3.44382
4.05613
3.37274
4.27181
3.42941
4.19949
3.79623
4.31846
3.93534
4.21546
3.52809
3.13494
3.89673
4.08180
4.14024
3.80665
4.18575
2.91447
3.93525
3.60584
3.76284
2.25801
4.27875
4.24315
3.36194
3.98296
4.35922
3.94808
1.35467
3.90055
4.04681
2.30742
3.81976
3.82651
3.89751
4.02115
3.92769
2.70219
3.58619
2.24352
4.01887
3.07098
4.17883
4.37752
3.88968
3.89090
3.46985
4.16129
4.04425
4.26057
4.09907
4.09872
4.05547
3.78480
3.97537
3.01703
4.31197
3.90317
3.66352
3.36381
3.05115
1.92079
4.10469
4.12543
4.12060
3.71554
3.62436
4.24660
3.52116
4.05439
3.95919
4.16498
4.27312
3.78101
4.25371
4.30171
4.05047
3.61909
4.09875
3.50473
4.12002
1.99890
3.53900
4.10101
4.12803
3.16035
4.19928
3.54723
4.09764
4.13354
3.95748
3.27197
4.26955
3.93108
4.36072
3.73543
4.20380
4.21280
4.20773
4.30424
4.02045
4.01732
1.75626
4.04917
3.61253
3.84114
3.91285
4.11970
4.23942
3.74548
4.00353
4.36379
3.97960
4.24753
4.18414
4.08180
4.07961
2.63014
4.17206
4.07677
3.37915
4.12245
3.20718
4.20501
4.00574
4.26336
4.33366
3.71416
3.75062
3.49980
4.05429
4.24997
4.35997
3.86611
4.32396
3.99780
4.14401
2.80193
3.76882
4.08561
4.35833
3.90461
3.82219
4.25159
4.29875
2.90268
3.95793
2.13356
3.55654
2.70797
4.21950
4.28034
3.75369
3.26906
4.18370
4.32199
3.60458
3.59009
3.92299
4.23926
3.99721
3.36968
4.35747
4.32631
3.82821
4.11152
4.23510
3.74930
3.21587
2.81364
3.32732
4.28614
3.84845
3.12592
4.02296
3.54440
4.10508
4.25220
3.73541
3.99322
3.92844
3.89171
4.07435
4.22980
4.18703
4.22049
4.16300
4.21642
3.90901
3.50507
3.93808
4.16677
3.85100
2.64526
4.08267
3.96894
4.25347
4.29550
4.17679
4.24166
4.12451
3.96459
4.20437
3.05498
3.79998
4.20517
4.34361
4.17290
4.25199
2.02385
3.48287
4.00729
3.77617
4.18240
4.13540
3.86737
4.27978
3.74388
4.22295
4.00621
4.37349
4.35393
3.86995
3.94227
4.29902
3.97705
4.32023
3.99205
4.00987
4.20163
3.96158
3.48798
3.42928
3.20456
3.76585
3.05907
3.79335
3.95231
3.83115
4.10879
3.95973
1.80697
3.92240
3.63757
4.15811
3.20439
2.87015
3.83935
2.90258
3.71045
3.34256
4.04529
4.27738
4.27434
3.55067
4.31409
3.70875
3.88295
4.32694
4.01851
4.35436
3.79764
3.68125
4.33622
4.12115
3.10494
3.50631
4.19724
2.82933
4.17780
4.28260
3.69256
4.09277
3.72926
2.70777
4.15920
4.28492
3.88138
3.71766
3.46782
4.23645
3.40854
3.89484
4.09246
4.14873
3.90744
1.68833
3.53205
3.10320
3.85224
4.40183
4.19094
2.99936
3.21823
3.76565
4.25990
3.44429
2.53562
4.04885
4.34422
4.04959
4.31073
4.21518
4.15079
3.65606
4.00967
4.27649
4.08971
4.09496
4.02306
4.28730
3.76720
4.07208
3.85874
4.37933
4.17159
3.73622
2.20901
4.28343
4.04564
3.87719
4.10034
3.59113
4.21232
4.04231
3.29007
4.15124
3.95987
3.46691
3.98083
4.20996
3.94349
4.35585
3.87116
3.97524
3.85080
4.11056
4.34543
2.42800
3.02062
3.35575
3.70215
4.06964
4.26681
3.79461
4.08027
4.05310
4.29115
3.86410
3.97467
3.93204
3.87979
3.91047
4.10294
3.88857
4.13141
3.37446
3.74483
3.31727
3.85043
3.77068
4.13662
2.94963
3.95850
4.26931
3.45068
3.99913
4.19017
4.31774
4.14422
4.08263
3.60733
4.24719
4.35472
4.22528
4.05216
4.15712
4.21020
4.21410
4.12717
2.49857
3.41120
3.87753
3.77033
3.97574
3.92472
4.25860
3.69573
3.79535
3.01112
3.85999
3.69982
4.36189
3.99480
3.49469
4.18066
3.02990
4.11658
4.08862
3.57508
4.16990
3.37475
3.81711
3.92243
4.13243
4.00178
4.31785
4.07070
4.15987
2.69234
4.09807
4.02784
4.12992
4.21699
4.26244
4.26432
3.99686
4.11226
3.61699
4.06162
4.03927
3.54057
4.20064
4.21220
3.63992
2.97301
4.08202
4.38937
3.89964
3.83213
3.84072
3.94135
2.83184
3.91695
4.23752
4.23626
3.13756
4.03884
3.79657
4.00874
4.22458
4.12585
3.48766
4.06473
4.19611
4.37254
4.16887
4.33769
4.16089
2.92744
4.28043
4.08272
3.29840
3.86774
4.28338
4.17481
4.27998
2.77706
4.12932
3.29667
3.67668
3.95921
4.17705
2.43147
3.73575
4.04016
3.69229
3.46284
3.93964
4.09520
4.14179
4.21801
4.13347
4.20666
3.79081
4.11653
4.29334
3.66319
3.50838
4.08983
3.88045
4.34597
3.85457
4.05162
3.52061
3.73782
4.00114
4.29265
4.25168
4.12625
3.21928
4.20380
3.37735
4.24254
4.20396
3.99134
4.13105
4.37236
3.17876
4.09035
3.49916
3.53179
2.99959
3.92134
3.77568
4.19778
2.95303
3.92508
4.08512
4.11220
3.96938
3.98398
3.88518
2.79819
3.86580
4.28869
3.82465
3.82650
4.31751
3.65711
4.18342
4.30326
3.34809
4.03835
3.59045
3.68817
4.34299
4.16287
4.04765
3.61200
3.33614
3.90765
2.76541
4.34466
4.28424
4.11345
3.82936
4.38075
4.29375
4.13539
3.95147
4.22791
4.02824
4.17994
3.48976
4.25591
4.20000
4.26002
4.19033
4.04458
4.00739
3.42982
3.37949
4.34857
3.14422
3.36849
4.35163
3.41096
4.16616
4.19006
4.20198
2.83183
4.14362
4.28005
3.79865
3.45168
3.39775
4.20794
3.48825
3.95906
4.13221
3.99416
4.04476
4.17053
3.22254
4.24788
2.85147
3.73626
4.01364
4.16628
3.40979
4.06345
3.91227
3.81583
3.89921
4.11996
3.45637
3.81120
4.16435
4.28221
4.23581
2.21292
4.12238
3.88549
4.18024
3.94195
4.06820
4.09093
3.42762
4.05184
4.28375
3.57174
4.07928
3.89669
4.12261
3.40262
3.80663
3.55521
4.00732
4.15831
4.15909
3.92629
3.83287
4.31325
3.78225
3.81721
4.22633
3.83495
4.37466
3.73026
4.26697
4.17062
4.01224
3.91568
4.20575
3.64646
3.49088
3.64883
3.51047
4.03887
3.59949
4.12473
3.63426
4.33597
4.21891
3.67902
3.70328
2.32398
4.11219
4.19040
2.27584
4.22582
3.66116
3.69466
3.83314
4.09057
2.88200
4.22589
3.80384
3.88161
3.85450
3.99411
3.97538
4.09335
4.06657
3.98064
4.23795
3.98014
4.28035
3.82591
4.04383
4.19510
2.89350
3.91542
3.92291
4.20015
3.08317
2.42202
2.82587
3.70126
4.28963
4.35170
3.60334
3.53470
2.27910
3.99484
3.98491
4.35905
4.18077
4.25308
4.29808
4.35266
4.05252
4.22807
3.68689
4.15755
4.18947
3.54925
3.80649
3.81869
3.72326
4.23649
3.55361
3.17265
3.36451
3.83477
4.18050
3.58556
4.10317
4.29300
4.28711
3.91541
4.34150
3.99587
4.17064
1.95282
3.34757
4.25759
3.86097
4.36042
3.68071
4.18721
3.86048
3.26398
4.22712
3.76471
3.35250
4.13454
3.96306
4.31980
3.95088
4.21432
4.08232
4.19681
3.94655
3.99957
3.95161
3.51552
4.20331
4.17725
4.07252
3.92234
3.80935
4.30495
4.03313
4.00940
3.86257
4.09784
4.41826
4.05086
3.31402
4.18855
3.62543
4.07933
3.71283
4.27153
3.48229
3.35752
4.17087
3.52629
4.10545
3.81348
3.31711
4.17509
3.41457
3.42112
3.79688
4.30968
4.03677
4.32834
3.96154
2.89099
4.17793
4.21657
3.79630
3.99247
3.13937
4.12427
1.95824
4.29076
3.73020
4.09518
4.15533
3.75729
4.07934
4.25661
2.92233
4.18663
2.08890
4.18750
4.03727
3.86186
4.28144
3.48490
3.01764
4.30453
3.63666
3.27076
4.23388
4.32118
3.59612
3.18489
3.83110
3.48531
2.77471
4.09371
4.03810
4.26776
4.16936
4.02527
4.24517
2.81330
3.73476
3.48541
4.12491
4.00408
4.18964
3.80484
3.14366
3.26944
4.11800
4.12858
3.84675
3.25663
2.94071
3.88799
3.76050
3.35242
4.16649
3.88158
4.07872
4.24113
4.10052
4.28566
3.98925
4.00499
4.27821
3.73904
4.18700
3.45722
4.35071
4.39246
4.12634
2.53651
4.12160
2.84205
4.27181
4.10952
3.50711
3.75400
4.22915
4.27119
3.74518
4.40444
4.02865
4.03925
4.05749
4.02221
4.05745
2.25688
3.91033
3.91494
3.74745
3.22375
3.66389
4.24507
3.30508
4.22469
4.00542
2.74155
4.38067
4.33902
3.97460
3.95327
4.28806
4.09993
3.68346
3.61447
3.99945
3.88892
4.17861
3.10637
3.96172
3.90662
3.31318
3.99497
4.32666
3.66822
4.26775
3.57526
3.30400
3.95140
3.99604
1.96629
3.88744
4.28585
4.10091
3.90171
4.10882
4.13344
1.77682
3.55947
3.73934
4.06536
3.92424
3.74537
3.90723
4.01839
2.76194
3.52783
3.97750
4.28773
4.35610
4.06872
4.30374
4.12673
3.35825
3.68919
4.17917
3.78582
2.55514
4.17989
3.51749
4.26793
3.68395
4.28177
3.70187
3.53330
3.66173
4.25016
4.24437
3.74155
3.91548
4.22374
2.94319
3.41974
3.56632
4.09334
3.98447
4.02044
2.97721
3.10623
2.54555
4.14471
3.99615
3.04689
3.85144
3.09248
4.14237
3.71805
4.23028
1.61727
2.35474
3.71935
4.15856
4.07808
3.74495
3.97080
3.94879
4.29643
4.17765
4.41087
3.85372
4.20575
3.74150
4.07425
3.74796
4.29643
3.33948
4.24437
4.30576
3.81053
3.80389
3.64271
3.09638
4.22243
4.02047
3.86466
4.10154
4.23099
4.00130
4.11004
3.87002
4.12419
4.32184
4.06905
3.84997
4.16504
2.95161
2.59748
3.66167
3.77029
1.36132
4.07436
3.12135
4.09192
3.96372
4.39800
4.24911
3.52998
4.03246
4.01677
4.25875
4.13993
4.37868
4.08566
3.78505
3.79095
4.07511
4.17436
2.61604
3.46443
4.13270
4.21512
4.32644
3.12829
4.25488
4.04295
4.10760
3.37342
2.91722
3.63475
4.12446
3.78664
4.12433
2.73295
4.15908
3.79429
4.11326
4.00227
4.19111
3.86371
3.78864
3.84973
4.30432
4.18051
4.11601
4.12453
4.15603
3.98841
4.14669
4.31843
3.56324
4.12391
3.86553
4.10124
4.01471
4.04407
4.03114
2.74061
3.97781
4.12114
4.10559
4.22844
4.02135
3.96814
4.36555
4.08555
3.52651
3.77582
4.10677
4.31080
4.28248
4.09198
4.06370
4.30634
4.20297
3.09406
3.75464
2.63895
3.96269
2.58486
3.26736
3.83534
3.81329
3.67287
3.92099
4.26968
4.27149
4.33057
4.01127
4.08959
4.29611
2.75043
3.84363
4.34019
4.24299
4.40916
4.00555
4.26553
4.24780
4.23776
4.02687
3.92902
3.98758
2.83618
4.08174
3.08327
3.55545
4.08712
3.97447
4.21439
4.32062
4.07015
4.37796
4.22644
4.24145
3.98112
3.88944
3.12263
4.10674
3.95841
3.91775
4.20703
4.27881
3.76652
4.40895
4.20962
4.00208
4.21363
4.15628
4.25800
3.90618
4.03666
4.14693
3.94558
4.27535
3.59582
3.89993
3.85497
4.23406
3.73090
4.16151
4.31710
3.86492
3.98952
3.46094
4.03973
4.10508
4.14965
4.31931
2.91708
4.01209
4.03298
4.19646
3.83843
3.61812
4.28976
4.14750
3.98170
3.31495
4.29329
3.97508
4.06375
3.92893
4.23193
3.74253
3.66047
3.96197
3.52706
3.52673
3.66528
4.13119
1.28969
4.07879
4.25803
4.12798
3.72094
3.25146
1.93997
3.24820
4.19152
3.32378
3.16728
3.94937
4.04916
4.28685
3.75635
2.27290
3.76515
3.85186
1.62420
4.14648
3.93784
4.15633
4.02558
4.24486
4.04655
3.93566
3.25138
3.85735
4.08331
4.31686
4.26390
4.17648
4.07831
3.56600
4.20069
4.11083
4.31972
3.65674
4.35881
4.29812
4.04851
3.41909
3.80114
3.60985
4.31507
1.78582
4.31489
4.13705
3.07552
4.23956
4.03272
4.18924
4.27446
4.00920
3.51338
3.78027
4.33256
1.97082
4.18319
4.15625
4.19057
4.26065
4.43498
2.75171
2.60255
4.12932
3.69288
4.05435
4.05125
4.46748
3.94241
4.05377
4.10577
4.19355
3.94879
2.38939
4.31283
4.00035
3.57794
4.13327
4.19665
4.18191
4.00518
4.18352
3.82444
3.05713
4.30606
4.15551
3.88201
4.23450
4.18342
4.09813
3.72893
2.38240
3.25656
3.91208
2.30577
2.62460
3.63752
2.20526
3.75103
4.30593
3.88421
3.57613
4.20321
3.91059
2.62325
4.27985
4.35887
4.12781
4.27981
4.20162
3.97609
4.07742
2.89921
4.13562
4.45936
3.86402
4.21316
3.63054
3.80788
3.41596
4.23658
4.28021
2.96879
3.74855
3.14746
3.86922
3.99249
4.17683
4.16724
4.34261
3.51494
3.64683
4.39978
3.57033
4.17159
4.04282
4.02033
4.25225
4.32915
4.04199
3.01656
4.26220
3.71114
3.81327
2.69835
4.05682
3.60833
3.18178
4.25627
3.26692
4.29680
2.92011
3.38464
3.96123
3.89492
3.78073
4.17025
4.27192
4.02075
4.34332
4.26091
4.17640
3.46950
4.13426
4.03331
4.22629
3.88902
3.24724
3.10681
3.27129
3.90679
3.83819
4.14997
3.12461
3.99705
2.77101
3.14505
3.41585
3.91831
1.92836
3.79840
4.22595
4.22859
2.35076
4.16406
3.90955
4.16243
3.93578
3.81607
3.90018
4.30991
4.06163
3.02155
4.09504
3.08129
3.91317
4.23546
3.89202
4.15367
1.33081
3.99154
3.32901
4.38596
3.67636
4.11084
4.06435
3.60667
3.48261
2.94423
4.31863
4.00938
2.72240
3.42176
3.94060
3.95283
2.37074
3.99070
4.17249
4.07166
2.98847
4.42584
4.22604
2.72794
3.94163
4.33564
4.30755
4.26744
2.74520
3.65489
3.43679
3.91276
4.25397
4.22910
4.16279
4.19829
4.01135
2.85390
3.95888
3.43052
3.33958
4.11877
4.21524
4.35604
4.14493
4.17885
4.30669
4.01450
3.49244
3.94036
4.21303
4.36723
4.18528
4.12280
4.23196
3.52252
3.88097
4.14871
2.06313
4.02805
4.02126
3.15646
4.11202
4.31589
3.32060
3.97302
4.29269
4.29370
4.35774
3.84126
3.52650
4.05609
3.96399
4.31364
2.95584
2.90736
4.10489
4.16644
3.94115
3.85982
3.76361
3.23179
4.02878
4.24117
4.23073
4.14547
2.61713
4.23878
4.27256
4.22426
4.28299
4.27429
3.63045
2.79775
4.13647
3.81629
4.25214
4.02362
4.23116
4.09736
2.31852
3.80703
2.31559
3.76496
3.94711
4.06974
4.00037
3.64260
2.93483
3.08486
4.07626
3.72890
4.19475
4.19138
3.98895
1.36401
3.94857
3.56911
4.21375
3.89266
4.01692
2.36312
4.19388
3.86339
3.94104
4.16554
3.97171
3.46775
4.20516
4.02380
2.62290
4.00355
3.81520
4.20473
3.94808
3.62407
4.07418
3.86649
4.24969
4.19078
3.69278
3.65324
3.61515
4.20472
2.24348
3.84364
3.75785
4.13096
4.15462
4.08007
4.15791
3.93813
3.53239
4.29143
4.09139
3.83347
3.64163
3.91163
3.69574
3.95257
3.97260
4.17422
1.94704
4.02925
3.37621
4.23439
4.08211
4.25851
4.37175
3.79666
4.24485
3.77456
4.30768
3.66482
3.04763
3.43911
4.23711
4.16130
4.23243
4.27895
4.09498
2.32268
4.26195
4.23451
4.09030
4.16332
4.01338
4.22909
4.17388
3.78375
4.25181
3.99728
4.17606
4.18871
4.31804
3.76078
3.33485
3.05944
3.09757
3.95440
3.95986
3.56116
4.36512
3.99656
4.06345
4.22689
4.12518
4.29994
4.08069
3.88818
4.26513
4.07096
3.75164
3.80759
3.87992
3.27206
3.99964
4.12533
3.55858
4.32894
3.73929
2.88738
4.35346
4.17464
4.36625
4.06960
4.11077
4.30399
3.75130
4.31601
4.04155
3.25948
4.26336
3.39704
4.13662
3.93257
3.89366
4.20629
3.18738
4.28379
3.91540
3.93427
4.20503
3.97643
3.91260
4.28931
4.17083
3.74282
4.17133
3.27362
4.09236
4.07787
3.42589
4.30639
3.24428
3.90366
3.72647
4.14723
4.01088
3.89055
3.87324
3.77183
4.23339
2.51440
3.02488
4.19232
2.90802
3.90587
4.07123
4.23780
3.67356
3.99293
4.39962
4.32333
3.71837
4.24515
4.07100
4.24662
4.17913
3.59881
4.12337
3.76984
4.15249
4.21960
3.78598
3.07124
4.24669
3.94639
4.27257
4.32415
4.19174
4.12334
3.95100
4.28275
3.58666
3.74687
4.09823
3.83219
4.28863
3.97509
2.88873
2.70582
4.12167
3.90336
3.79930
4.13555
3.39994
3.34404
4.18253
4.09182
3.80058
3.86460
4.03334
4.13220
4.26886
4.35468
4.24801
3.93134
4.02259
4.17969
3.68463
2.47949
3.12649
3.94425
4.12566
4.05591
4.24820
4.14270
4.10863
4.26425
3.99028
3.88339
3.66983
4.03727
4.25864
3.73853
2.84799
4.20023
4.28952
3.99862
4.00921
3.88396
2.67644
4.29375
3.72538
3.90881
4.26500
3.69002
3.81633
3.23611
4.20168
4.33435
1.99563
4.16761
3.68086
3.97637
4.35631
3.42242
3.69983
4.08620
4.22354
4.33803
3.36710
4.04164
2.41164
4.39628
4.24054
3.69883
4.30840
3.97810
3.62152
3.94425
4.21190
3.48742
4.30170
3.64729
3.69622
4.41487
4.03801
4.01409
3.93353
4.16974
3.82419
2.93787
2.95399
3.67360
4.02426
4.10882
3.80683
4.13174
4.01801
4.21145
3.93737
4.32785
3.17990
4.08987
4.03890
4.24570
4.16913
3.98411
4.08270
2.70662
4.18953
4.35846
4.26301
4.00064
4.14988
4.09120
3.94764
3.42369
4.20422
4.06168
4.07708
3.88499
3.94711
3.52508
4.28599
3.89368
3.82516
3.97324
4.11469
3.95501
4.11739
4.25873
1.22518
4.22240
3.17233
4.03786
4.02140
3.71213
4.01373
3.80238
4.05052
4.37941
4.28500
3.92373
4.08577
4.13070
4.30074
4.24778
3.83691
3.98435
3.86417
4.23860
4.10992
4.14804
3.97293
2.82617
3.60510
4.19131
1.86590
3.87182
3.64072
3.87432
4.06016
4.26615
3.87705
4.10253
4.22201
3.95949
1.89528
4.13394
3.95836
4.04294
3.62299
3.95479
3.70879
4.23906
4.16202
3.97236
4.19703
3.75534
4.25971
2.65043
4.13675
3.92506
3.89939
4.13644
2.93003
3.89514
4.35478
4.34228
4.34067
2.37479
4.12652
3.55446
4.26506
4.33830
2.77052
3.88636
3.69984
3.52104
4.27812
4.35600
4.35179
4.27449
3.68871
4.24966
3.39757
4.14032
3.95459
3.61356
2.45849
4.33198
4.34285
4.22265
4.15606
4.07923
3.79779
4.18881
4.10342
4.00461
4.01536
3.41310
4.31842
4.06957
4.36325
2.61221
4.19656
4.11666
3.42657
3.52195
4.23856
3.63773
3.87131
4.18619
4.32282
4.30770
1.96284
4.25540
2.61800
4.27257
3.43704
3.62153
4.17080
3.19408
4.23777
4.09399
3.67904
2.76928
4.20387
3.29997
2.42077
3.44502
4.07340
3.57898
3.71549
3.53503
3.94915
4.15207
4.14212
3.99127
4.02888
4.18706
4.21684
3.63752
4.01583
3.97410
4.05929
3.96561
4.19731
3.33055
3.95528
4.26357
3.59674
3.51602
4.21747
3.54498
4.07703
3.90267
4.12245
3.85292
3.90717
4.19048
4.14000
3.78515
4.23862
3.80189
4.08017
3.88244
4.32978
4.34797
4.20053
3.12127
2.80893
4.10132
4.35378
4.17608
4.26050
3.79468
4.22824
2.46795
4.41020
4.00085
3.71404
4.19989
3.56633
4.26583
3.12595
3.92390
4.01697
3.87919
3.46330
4.31360
2.93032
3.89470
4.24715
3.95431
4.11463
3.49822
3.67787
4.19034
3.63325
3.52344
4.30649
4.12075
4.25036
4.23199
4.18859
3.89350
3.83984
4.07510
4.03250
3.27131
3.68650
3.79064
1.90512
4.12959
4.01562
3.21710
4.08260
3.69169
4.22156
3.06469
4.31662
2.37051
3.28199
3.80492
4.41320
4.33611
3.94482
3.15150
4.44653
2.93111
4.12915
3.84509
4.06009
3.91143
4.08214
3.95195
4.10043
3.95851
4.28225
3.47705
3.66418
4.22936
3.96778
4.31118
4.10092
3.36585
3.97746
4.03079
4.28744
4.08562
4.20141
4.14799
4.22481
4.09425
4.29623
3.84694
4.12507
3.01574
4.23310
3.79267
4.12787
4.19206
4.36092
2.48467
4.31369
4.18607
4.07495
4.27409
3.80402
4.07251
4.21256
1.88573
4.12342
4.14632
4.20298
3.92859
3.75358
4.19433
2.97991
3.84599
3.81802
4.05771
4.21095
4.07397
3.54136
3.88192
4.15870
3.51728
4.00831
4.33160
4.06856
4.08948
4.21038
3.71656
3.99793
2.95944
3.44987
3.81939
3.29397
4.08768
3.81573
3.64789
4.31704
2.37558
4.15797
3.67242
3.94113
4.29067
2.16081
4.30226
3.46962
3.97981
3.77304
4.12847
3.03774
3.66205
4.21027
3.58947
4.21875
2.28970
3.75634
4.31505
4.33476
3.80717
4.29748
4.30688
4.10153
4.24981
4.07138
4.35173
3.88165
4.16428
4.32126
4.07668
4.22113
3.93978
4.30694
3.85529
3.67042
3.84912
4.16371
4.07287
3.96719
4.11126
3.92443
3.94099
3.89864
3.80714
4.16676
4.37889
4.29982
4.18201
3.42203
4.25975
4.12643
4.32944
3.87575
4.03842
3.55366
4.01769
3.28144
3.25783
3.09931
4.21228
4.27867
3.83916
4.03826
3.72254
3.94078
2.66386
4.05252
4.29901
3.41795
4.17185
3.54287
4.21155
4.00576
2.13859
4.17703
4.28346
4.37778
4.17221
4.06019
2.65052
3.14447
3.75831
4.06025
4.15591
4.02129
3.60567
4.00576
3.85140
3.79607
4.35501
3.92993
4.15016
3.39522
4.16521
4.17689
4.19509
3.72404
3.91595
3.87385
4.02314
3.60712
4.14382
4.26553
4.32344
3.61580
4.13816
3.83639
4.05465
4.03319
4.29389
4.02945
4.12390
3.59859
3.94366
4.25041
3.73886
4.20807
4.15330
3.54983
4.10580
4.21178
3.72156
4.14452
3.48691
2.85712
3.98026
4.35053
3.79887
3.97939
2.06297
4.15317
3.20743
3.68199
3.88841
4.17249
3.97455
3.77642
2.84171
3.26496
3.94398
4.33668
2.86803
3.84098
4.17031
3.80887
3.40989
4.10603
2.35743
2.98880
3.94514
4.04898
1.29186
2.59067
4.11382
3.73419
3.94264
3.89141
3.79138
4.11555
4.03951
3.34484
3.89536
3.83256
1.65613
4.02588
4.14043
3.38104
4.26947
3.95746
3.44917
3.95260
4.26452
3.75702
4.22961
4.31836
2.54861
3.71052
4.20082
3.74062
2.30370
4.13703
4.15311
4.10334
3.89335
3.99851
4.32954
4.27022
3.46060
3.71494
3.28174
3.87433
4.12926
3.93404
4.30650
3.64101
4.22450
4.05654
4.25247
4.24657
3.66850
4.32615
2.83196
4.00413
4.25474
3.53558
3.67532
4.29363
1.32034
4.29984
3.62228
2.88793
4.33944
3.57024
3.71714
3.97928
4.05681
3.12497
4.29374
4.11765
3.65872
4.22521
4.10984
4.21720
4.13381
4.23734
3.91817
3.87601
2.85815
4.15017
4.15477
3.54599
3.94403
4.21818
4.11911
3.88922
4.23912
3.96313
4.03435
2.72286
4.13732
2.25681
4.27854
3.95681
4.00147
3.89478
3.80178
4.20726
2.75603
3.95882
4.19449
4.43439
3.03970
4.13354
4.02481
2.99525
3.69779
4.12314
4.33455
2.33067
4.24168
3.08932
4.20440
4.09970
4.29337
4.21873
2.41342
3.10863
3.57162
3.77954
4.27464
3.44379
4.30367
3.63527
2.65182
4.21048
4.38414
3.00034
4.24942
3.47511
4.24052
3.97422
3.97987
4.33172
4.25388
3.11119
4.13506
4.16198
3.74931
2.17160
4.30533
4.04029
3.80561
3.78574
3.85602
4.20294
4.32818
3.70490
4.17262
3.60556
4.01707
4.21483
3.96599
3.87029
3.51502
2.93860
3.65436
4.31458
3.16707
4.35991
4.08548
3.37368
4.09950
2.92893
3.83556
4.17116
3.51369
4.35509
3.72512
3.98798
4.27199
4.04544
4.14141
4.01507
1.69088
3.93211
4.32633
2.86955
4.01128
4.08872
4.17511
3.79147
3.98991
4.27738
4.14367
3.83702
4.21465
4.31392
4.18314
3.58707
4.08980
2.51771
3.37440
4.22185
4.07195
4.09549
3.98973
3.02842
2.77832
4.33281
1.94909
4.04687
3.64603
3.99647
4.05790
3.53825
4.20687
3.89217
3.84759
4.31311
4.36092
4.32544
3.94461
3.56614
4.11624
1.51807
4.05406
4.33912
4.12066
2.28876
4.15646
4.13731
3.81114
4.30870
3.82380
4.00578
4.42843
3.72002
3.80090
4.09797
4.17343
4.17219
2.63411
3.52448
4.01247
4.17831
4.32903
4.07127
4.30424
4.23721
4.22350
4.22130
4.30106
4.06167
3.09937
3.97293
4.08337
3.70735
4.22780
4.22814
4.16401
4.06492
4.04396
4.05025
3.62889
3.98020
4.18233
4.36944
4.03926
4.21025
3.33981
4.17002
3.08934
3.43384
3.23811
3.68878
3.93437
4.12441
4.07431
3.94498
4.17910
3.06772
4.34449
4.18834
4.21781
2.60692
3.74435
3.91908
3.50290
3.48696
4.17913
3.94987
4.02263
4.24046
4.04992
3.57302
3.81047
4.18411
3.91979
3.78596
2.42833
2.93563
4.38058
4.08945
3.48444
2.28729
2.68142
4.29489
3.39900
3.64671
4.34996
3.94710
3.92209
3.76523
1.43162
3.88437
4.03482
2.29471
4.15974
4.09773
3.95812
4.15904
3.26474
4.13785
3.84063
1.55254
4.07050
3.98373
4.28456
4.09274
2.99506
3.72123
3.97482
3.94931
4.04082
3.77319
4.14930
3.51146
3.04782
4.05201
4.19156
4.19350
4.13265
4.31255
3.35652
4.16030
2.05883
4.09475
3.43222
4.28783
4.01156
4.10174
4.20714
4.24619
3.85350
4.12918
4.13454
3.94816
4.17262
3.67478
4.17842
4.00552
3.17194
3.76834
3.04102
4.17068
4.32223
4.30906
4.17688
3.86506
4.30827
4.20691
3.68616
4.03348
2.78804
4.11829
4.09848
4.09635
4.11685
4.01291
4.09182
3.97700
4.27811
4.31167
3.69527
2.46505
3.31193
4.07593
4.14795
3.50894
3.97792
2.28474
4.02930
4.06483
3.56913
4.23390
3.90098
4.05293
4.37426
3.84542
4.34079
3.17726
4.38503
4.12703
2.38573
4.26952
3.25680
4.20612
4.29107
3.95162
4.03790
4.18144
3.93425
3.93055
3.87044
4.11256
3.98671
4.00185
3.09101
4.11819
3.86605
4.06275
3.83495
3.32757
4.20928
2.72304
4.38086
3.88135
4.34805
4.04261
3.78281
4.16113
3.50772
4.23394
4.18176
3.49362
3.95555
4.26202
3.47867
3.44174
4.40159
4.26627
4.14064
4.19837
4.05376
3.90283
3.66274
3.71137
4.10828
4.06512
3.82216
2.46444
4.28343
4.23908
2.22257
4.17887
3.66729
3.57599
4.16398
3.97066
4.22189
4.32159
3.73608
4.13425
2.55208
3.78973
4.24633
4.03980
2.98335
4.36137
4.19285
3.64920
4.12582
4.23068
4.35968
3.20889
4.30878
4.12190
4.20085
4.02285
4.00061
3.20065
3.96847
3.55747
4.09968
4.11364
4.29866
3.90254
3.59539
3.45056
3.91416
4.12090
3.85145
3.96325
4.01669
2.97361
3.43434
4.03236
3.51843
4.19038
2.06962
4.05184
3.42495
3.56614
3.01808
3.94299
4.24184
4.24649
3.94399
2.44600
4.00760
4.21412
4.07087
4.21671
2.76463
4.21940
4.17065
3.88896
4.04837
2.41121
4.24492
4.19065
4.14274
4.13445
3.76550
4.37059
3.41541
3.77287
4.20805
3.91989
4.08359
3.65164
4.16976
4.18042
4.17721
3.60481
3.85215
4.37470
3.94473
4.36582
4.25498
3.87349
4.19805
4.01756
4.36207
3.42960
4.04365
4.08039
4.11092
3.71639
2.65680
4.09176
4.30191
4.25922
4.08462
4.24590
2.67588
4.27108
4.27295
4.29363
3.92339
3.98900
4.38277
3.64149
3.45178
4.32359
3.52143
4.04323
3.98391
3.67636
4.13408
4.29536
3.83610
2.19195
4.11752
4.20675
3.80059
3.70348
4.08352
4.07743
3.79933
4.04512
3.68258
3.43324
4.02491
2.16014
3.66262
4.21616
3.89669
4.28688
4.24011
3.11534
4.16552
4.06887
3.53341
4.04034
4.03231
4.09892
3.88408
4.14069
4.33122
4.18611
3.86355
4.27671
4.21550
4.16183
4.10385
4.10857
3.72887
3.82604
4.24659
3.14370
3.96390
4.34279
3.80248
4.04486
3.99079
3.75602
2.78631
3.86759
4.10621
4.11251
4.18509
4.20480
3.45275
3.61774
4.40665
4.33104
4.11149
4.11828
4.00355
3.93486
4.04391
4.29350
4.30697
4.23524
3.95456
2.81450
3.87923
3.66869
4.06964
3.44065
3.78775
4.20242
4.06191
4.19546
3.87425
4.31209
4.04275
4.21771
4.23141
2.36226
4.32178
4.19045
3.38658
3.84048
4.08486
3.72112
3.86931
3.59138
4.17684
4.35849
3.12271
3.84927
4.22191
4.07218
2.69395
4.19930
4.24907
3.14648
4.15998
3.66918
4.16258
4.26781
3.98318
4.05849
3.91465
2.81239
3.47516
4.25395
4.24637
3.64109
4.16508
4.16564
3.37414
4.01774
3.73504
4.18219
1.79872
4.11968
3.46151
2.15843
3.80802
4.01497
3.53092
3.79885
4.26615
3.74520
4.06681
4.25341
3.15221
4.27960
4.28855
4.28322
4.39778
3.69917
4.00677
4.00281
2.65883
2.96314
4.06685
4.31076
3.74679
2.59936
4.22498
4.02848
4.01938
3.96718
3.98505
4.24923
4.34784
3.93910
4.15253
3.37779
4.22842
4.27109
3.68937
3.63562
4.36997
4.19335
2.53387
4.38410
4.07225
3.64639
3.69140
4.30716
3.72531
4.10204
3.82904
4.23010
3.85940
3.51095
4.02728
3.74706
3.34874
4.09621
3.82943
3.64434
3.86543
4.16923
4.15165
4.27486
3.89405
4.10229
3.35178
4.17817
4.26123
4.26387
2.94276
4.32218
3.49700
3.74355
4.06532
4.30635
3.73672
2.38578
3.88264
3.27877
3.92944
4.21316
4.10464
4.18880
4.07881
3.70486
3.42362
2.40935
3.92766
4.26658
4.19500
4.30089
4.08222
4.23395
3.14138
3.96339
4.27096
3.98181
3.52567
3.88754
4.18033
4.12065
3.30195
4.07914
3.78595
3.68893
4.03444
4.25550
4.29597
3.65231
3.46167
3.31069
4.22470
3.21236
3.78106
4.26110
3.84042
3.40263
2.64102
4.18912
4.05397
3.98087
3.84253
4.05065
2.57796
3.50761
4.19631
4.32910
3.00568
4.03611
3.42317
4.30151
4.17168
3.99373
3.98035
4.13910
4.17932
3.53729
3.84595
4.18299
4.20648
3.51844
4.30045
3.96732
4.07232
3.65014
4.07338
3.96199
4.16993
3.53767
3.60417
4.07424
4.18829
3.53949
4.09126
2.20860
3.68695
2.83293
4.30550
3.93086
3.99525
4.28225
4.30269
3.83355
3.57126
3.21676
4.04466
4.02887
3.40187
2.74454
4.20914
4.11737
3.63420
4.00786
4.21744
3.67487
4.11764
4.26556
4.37377
4.00931
4.12025
3.87770
4.26481
4.30852
2.82839
3.30476
4.04634
3.63562
3.97872
4.25032
3.65268
3.91570
3.50524
3.99130
2.15819
4.37201
3.03588
3.68116
3.58648
3.78561
3.05295
4.23968
3.71992
4.01546
3.99041
4.34176
4.17867
4.22233
4.06636
4.22538
4.10029
3.42677
4.21670
3.43102
3.94545
4.12804
4.30629
3.17174
4.21434
4.17154
3.84064
3.84331
4.35097
4.17347
3.80015
3.45760
3.95543
2.27222
4.00023
4.28764
3.96946
3.71062
2.41096
2.81652
3.82384
4.00733
4.34211
3.83683
3.92413
3.76327
3.87458
1.80303
3.18985
4.11292
4.14063
4.41372
3.23564
4.10928
4.20133
3.68485
4.28757
3.88322
4.21156
3.57980
3.92157
3.31464
4.31854
3.89087
3.00565
4.18202
3.13354
4.29094
4.11802
4.15412
4.07467
4.05811
4.14650
3.88319
4.37078
2.71489
2.13235
4.14025
4.39246
4.18691
4.23456
4.06700
4.42085
4.07800
4.12181
4.27704
4.06620
4.11982
4.20509
3.69811
2.79475
3.88132
4.21489
3.30442
4.25240
4.06241
3.96560
4.13833
3.88276
3.81921
3.90209
3.59132
4.08777
2.93510
4.14833
3.99987
3.12961
4.28415
4.08363
3.08171
4.17713
3.71787
4.10477
2.21244
4.04350
4.09838
3.99449
4.17774
4.31997
3.71503
3.23185
4.10698
4.02385
3.88110
4.05404
3.76466
4.00716
4.30082
3.75770
4.17512
4.03683
4.07563
4.28282
4.11612
4.11373
3.85954
3.85387
4.19694
3.44012
3.68079
4.10497
3.70372
3.82457
3.86892
4.18219
4.01259
4.05260
4.03288
4.22256
4.17734
4.15363
3.75580
4.15860
3.42783
4.10605
4.01259
3.74145
4.16411
4.22725
4.29159
4.24118
3.94282
3.90623
4.21350
3.93596
3.68285
4.11566
3.65951
4.11934
4.20287
4.19022
2.19850
3.66943
4.18736
4.28877
4.29020
4.24976
3.70669
4.12624
3.65237
4.28598
4.17333
2.14413
4.09537
4.36579
4.10739
3.91058
3.99298
3.84211
3.85150
4.25629
3.19723
4.33152
3.68140
4.23242
4.23786
4.06380
4.29080
4.28529
3.81682
4.12286
3.86646
3.53985
4.04456
4.01430
4.10861
4.16441
2.34400
4.39788
4.10307
4.25182
4.02895
4.05821
3.04994
4.16958
4.20533
4.17141
4.24701
3.61843
4.16817
4.29680
4.09517
4.24895
4.18616
4.18711
4.10172
4.05642
3.58982
3.76740
4.01255
4.33432
3.58080
3.56970
3.85909
3.48789
4.24672
3.92823
4.23296
3.89490
4.30657
4.16451
4.34480
4.04645
3.97264
4.21151
4.10900
4.34530
4.04377
4.10424
4.13803
4.25384
4.18871
3.60008
3.94979
3.97756
4.24126
3.75279
4.20185
4.21121
4.27991
4.02815
3.97200
2.92157
3.85772
3.24983
4.03640
4.37739
3.95518
3.93638
3.50204
3.54737
3.89711
4.21458
3.67655
3.80720
2.62657
3.92495
4.33125
3.98876
3.79007
3.99880
4.10204
3.93975
3.92444
3.31662
3.82595
4.11164
4.16203
3.99983
4.32223
4.26615
3.96516
4.20391
2.84041
3.76374
3.73842
3.52193
3.21101
3.75665
4.04988
4.20067
3.92479
4.34366
3.95205
3.79926
3.89686
4.17809
4.23793
4.33440
4.06458
2.87752
3.68512
4.15753
4.03930
4.25881
4.30912
4.10137
3.93194
4.23917
3.80984
3.42788
3.80822
4.26865
3.12775
3.87949
4.37408
4.23239
3.70584
4.27624
4.26773
3.71091
4.44506
3.84455
4.02730
2.50726
4.11353
4.12541
3.45305
4.01861
4.24676
4.29211
3.90240
3.80890
4.26513
4.08232
4.24081
3.78416
3.95445
4.12910
4.01505
3.41573
3.74117
4.11741
2.15258
4.15324
2.50122
4.23890
4.23934
4.04420
3.94596
3.84585
3.87904
3.87799
4.09484
3.76761
2.17020
4.17388
3.81778
4.12909
3.99524
4.39492
3.52397
3.90187
3.29448
3.10368
3.93680
4.07757
4.31973
4.08574
4.15755
3.60295
4.05077
3.87200
4.23798
3.67013
3.58843
3.79843
3.50164
4.15993
4.31057
4.40830
4.23502
4.04966
3.99525
4.40365
3.99758
3.98095
2.70845
4.13554
4.17529
3.70791
4.24953
2.01346
3.90554
3.89872
4.24336
4.27617
3.27949
4.17850
3.66275
4.07471
2.34071
3.33925
3.82525
3.78744
4.29563
4.21900
4.40825
2.68057
4.12141
3.59000
4.02277
3.79512
3.55899
3.64114
4.18849
3.75033
3.94488
3.87681
2.92552
3.99892
2.89496
4.12167
3.76800
4.04422
3.53759
3.90605
4.01163
3.89221
3.88901
3.21887
4.35252
3.48075
4.10542
3.64772
3.61298
3.88463
3.83521
3.80969
4.02998
3.67724
4.23048
3.78016
4.04446
4.19966
3.23145
3.53917
4.03781
3.88670
4.40108
3.78136
4.31576
3.91171
4.05075
4.28120
4.19790
4.35424
4.15939
2.67371
4.25972
4.34166
3.55506
4.03821
4.05976
2.51390
4.17879
4.30220
4.07845
4.02420
4.28264
4.25311
3.01103
4.02032
4.27277
3.93042
4.17757
3.87108
3.44733
3.41793
4.27339
4.16328
4.40291
3.50932
3.90521
4.19738
4.26901
3.93660
4.22549
4.26214
3.40330
4.14511
3.94373
3.75753
3.69323
3.93217
4.32419
3.96669
3.73418
4.15413
4.10406
3.99139
4.09135
4.17964
3.75644
3.62743
2.46330
3.69472
3.74976
4.05961
3.86776
4.23176
3.82586
4.27180
4.23914
3.90616
4.06848
3.79866
4.10824
3.95984
3.58858
3.88232
3.79045
3.43861
4.22719
4.04531
4.15948
3.36087
3.98286
4.07456
4.12614
4.34766
4.06508
4.11618
3.80414
3.96954
4.14074
4.12854
4.21348
3.43190
4.06280
4.06294
4.09133
4.25801
3.24213
3.58789
3.92246
3.88448
3.99361
4.29227
4.35856
3.13370
3.49723
3.71724
3.18260
3.99929
1.36915
2.74364
4.23621
3.89495
4.19156
3.75413
3.44772
3.42907
4.00086
2.98906
4.16731
4.23450
4.04068
3.81091
4.16360
4.05571
4.37147
4.03830
3.47126
3.59128
3.88268
3.58694
3.96117
4.25060
4.37191
2.47702
3.39292
4.34698
4.30153
2.46273
2.41652
3.73325
4.13632
3.88838
4.11521
4.18910
3.66215
4.33549
4.30219
4.24560
4.36192
4.01181
2.77084
4.11564
3.93299
4.20332
4.10118
4.16450
2.92049
4.31577
4.12344
3.63423
4.20290
3.96910
3.97471
3.87801
3.75348
4.28334
3.29008
3.76567
2.21404
3.50422
3.08557
3.50287
4.06350
3.79982
3.74627
4.00470
3.87259
2.29038
4.10699
2.39966
4.08239
4.17406
3.95904
3.16906
4.20171
4.40455
4.18677
4.23737
3.69434
3.34796
2.76678
4.28381
4.37679
4.30072
4.18530
3.76662
3.75187
4.11945
3.85351
3.49322
2.78765
3.85274
3.89228
3.90615
4.04118
2.66138
4.01705
4.27531
4.19339
1.98634
4.39742
3.77695
3.62546
2.48852
4.04342
2.45862
4.10879
3.83815
4.11391
3.52941
4.39602
4.24642
3.84659
3.86410
4.11041
2.45484
4.27113
3.87488
4.03893
4.04723
4.25163
4.00067
3.13689
3.86276
3.44158
3.99156
4.06038
4.43610
4.16883
4.14102
4.11333
4.33633
3.94486
3.48001
4.01186
4.24052
4.12293
4.24871
3.97654
3.97223
3.95011
4.09420
4.37598
3.93867
3.71251
4.31048
4.39298
4.34489
4.17194
4.08107
4.22222
3.85651
4.10709
4.30531
3.77989
3.93877
4.30283
3.68914
4.04512
4.26174
3.84752
3.80638
4.10088
4.25684
3.49773
4.09002
3.69917
4.20577
4.14755
4.25658
3.19911
4.29633
4.19613
3.17433
4.12267
4.20153
2.27242
4.09102
3.81940
4.11836
2.89704
3.95234
2.94603
3.93888
3.59719
4.27094
4.29951
3.22672
3.71522
4.04209
4.17895
4.15644
4.32037
3.99406
3.94041
3.94254
4.27936
3.91147
3.89463
4.09959
3.91341
4.04639
3.80505
4.22266
1.99356
3.95827
4.27437
3.89783
3.73489
4.11991
4.06368
2.79246
3.73896
3.94219
4.00957
3.72591
4.02171
4.07830
4.21404
4.22566
3.81678
3.85153
4.15035
2.96782
4.36219
3.60028
4.31183
3.54699
4.22428
3.09066
3.44429
3.73770
3.69156
4.15117
4.06867
3.86853
4.20129
4.36254
3.90660
4.01061
4.17621
3.32225
2.78081
4.04985
3.98723
4.16437
4.20334
3.97067
4.21836
4.12042
3.92918
3.40908
4.15963
2.04835
2.60705
4.16635
2.96897
3.98842
4.25366
3.54287
4.31860
4.19681
4.00766
3.78098
4.07963
4.04475
2.66012
4.15361
4.22317
1.73021
2.60070
3.93795
4.22151
4.05630
4.14133
4.36544
4.11615
4.04820
3.85031
2.88317
3.74997
4.29419
4.01898
3.95669
4.03534
4.01511
3.66751
2.58227
4.32054
4.20114
4.23276
4.09270
4.14090
4.16077
3.77280
4.18890
3.69919
3.90402
4.04877
3.79545
4.41202
3.65311
3.97789
1.99159
3.96025
4.23126
3.85140
4.13600
4.09661
4.11302
4.31030
4.08481
3.58613
3.89842
4.10485
4.21418
3.89043
3.96792
4.32422
4.09536
3.87970
3.98836
4.01645
4.02827
4.24520
3.91942
2.16521
4.11150
4.20682
3.06058
4.02089
4.15411
4.18825
4.16419
4.10735
4.10596
4.18683
4.18329
3.51261
3.84481
4.30206
4.36466
4.19826
4.30840
4.13080
3.80527
3.67340
4.01887
3.80530
4.08982
4.34293
4.26932
4.23639
4.30293
3.85456
4.28490
4.14404
4.05767
4.03703
4.13023
3.51422
3.84542
4.19414
4.09552
2.77003
4.15776
4.22858
4.12023
3.11098
4.11012
3.60267
4.09754
4.03025
4.26626
4.30166
3.94465
4.07649
4.18896
4.28672
4.23342
3.59545
4.29588
3.90521
4.10609
4.07135
4.16391
4.02052
2.86810
4.20416
4.08688
3.38458
3.97691
4.17977
4.28428
4.26568
4.21011
4.25039
4.36991
4.01796
4.16359
4.10206
4.32027
3.21357
3.83200
4.17135
4.19334
4.36804
3.83085
4.37624
4.03803
3.82102
4.09915
4.29246
4.09591
4.18325
3.89628
4.41339
4.13157
3.86107
3.99940
4.34757
2.30408
3.94507
4.19993
3.79967
4.25432
4.28401
4.19520
4.02391
4.18440
4.35134
4.26267
3.35416
4.07061
4.35195
3.75667
3.94601
3.80266
4.17331
3.44114
4.24090
4.14726
4.19676
3.84156
4.27569
4.02223
4.22787
3.98550
3.69897
3.88046
2.51004
3.05538
4.34355
4.09499
4.04064
3.68275
4.05632
3.71505
2.36239
4.20738
2.17101
3.67839
4.06100
3.74027
3.94061
3.79980
3.56943
3.86937
4.19759
4.37145
3.74665
3.89804
4.22582
2.51138
4.24439
4.09333
4.01002
3.93855
3.33147
3.77229
3.50301
4.32316
4.17279
3.87455
4.11171
3.59978
4.20750
3.90412
3.89754
2.79710
3.85366
3.63954
2.39519
4.02145
3.44267
2.83345
3.41408
4.25664
3.77465
4.26000
4.03815
3.94678
3.88011
3.25483
1.77983
2.57779
4.09366
3.84458
4.10667
4.21837
4.04679
3.89732
3.63299
4.18343
2.88916
3.85153
4.21949
4.02356
4.11038
4.00886
3.89557
4.28570
4.13649
3.94707
3.33041
3.91306
3.19106
3.64866
3.25144
3.71943
3.88307
4.01601
3.19488
4.05413
4.10786
4.12939
4.27041
4.32128
3.19946
2.64663
4.20575
3.83536
3.53239
3.93878
3.94720
4.19625
1.40335
2.06220
3.78982
4.30020
4.12468
4.14727
4.28367
3.28968
4.10334
4.24201
3.77668
4.27278
4.06872
4.17160
4.12457
3.82343
3.91052
4.30298
3.99051
2.29704
4.02656
4.11154
3.98787
2.40603
3.55531
3.95711
2.49687
3.33457
4.19552
3.63575
4.06805
4.32628
4.29196
4.16129
3.73945
4.09717
4.18044
3.99470
4.15023
3.49152
4.17829
3.18698
3.28569
4.19514
2.66160
4.16419
3.79865
4.23607
4.15041
4.10557
3.68674
3.68723
4.18272
3.78234
4.21842
4.21480
3.58076
4.05628
4.11597
4.35205
4.20930
4.02536
3.91598
4.19557
4.20480
4.15483
4.00504
3.83516
3.68284
3.53660
4.21815
4.03963
4.21139
3.43747
3.94649
3.80699
3.98690
3.77713
3.61260
4.22259
4.15390
4.25924
4.17831
3.92394
3.81718
3.99761
3.34797
3.51994
2.95235
3.94702
4.17127
4.03546
4.36091
4.11027
4.32187
4.09046
4.13648
3.92926
3.16523
4.21120
3.93090
3.92600
3.39836
4.03435
4.23282
3.95409
4.31413
2.72583
2.54242
4.27342
3.55607
3.85458
3.72918
3.92055
4.10188
4.27531
4.35689
3.93001
4.08151
3.92441
3.64732
4.18157
2.98780
3.86412
4.05945
4.08628
4.35308
3.90008
3.99877
4.29811
4.01999
4.01976
3.83176
3.15397
4.18199
4.13468
3.85776
4.13304
3.34756
4.20218
4.10288
3.54378
4.10920
4.26799
3.81848
3.13685
4.11208
4.20948
4.22271
3.84082
4.06390
4.04278
4.27390
4.21371
3.22715
4.08486
2.92883
2.26786
3.99261
3.82760
3.74725
2.29560
3.87168
4.12635
4.08616
2.60008
4.32055
3.95805
2.78864
4.14286
4.24663
4.17320
3.99256
4.00603
3.55639
3.93337
4.14885
3.92266
4.31449
4.14975
3.39421
4.14653
3.96550
4.25536
4.25282
3.77988
2.70471
4.20121
3.65347
3.97598
4.08307
3.61784
3.96222
3.98017
2.17496
4.02644
3.94921
3.92018
4.16559
4.10044
4.16547
4.10678
3.87378
2.27210
3.98868
4.11000
2.50397
3.59814
4.23001
3.90481
4.25350
3.69626
4.20552
4.12865
3.74149
3.22404
4.35784
4.12312
4.09226
4.19402
4.34981
4.19467
4.30368
4.02623
3.19643
4.19879
4.02336
3.91215
4.05761
4.15504
3.65748
4.01843
4.05486
3.90091
4.29151
4.03275
3.91952
4.12223
3.45467
3.95839
3.41122
4.03331
4.04971
4.23965
4.18337
3.87915
4.18469
1.35781
4.27946
4.05960
3.98437
4.14743
4.34291
4.27430
4.17204
4.32537
3.25270
3.96378
4.17440
4.00181
3.84365
3.45921
4.27742
3.84206
4.02459
4.31361
4.15802
3.81718
4.37185
3.86026
4.10898
3.22651
3.05390
4.09139
3.91669
3.84465
1.10581
3.98423
4.08724
2.51046
4.00295
3.71477
3.83488
3.57594
4.31573
2.67829
3.47851
3.70429
4.27737
4.37159
3.57880
2.95562
4.16508
4.28558
3.57791
4.15863
3.84569
4.20894
4.42008
3.96365
4.13656
4.05518
3.67523
1.82080
4.01681
4.25867
3.88179
3.92604
3.79770
4.15278
4.08027
3.58121
3.00891
4.23990
4.30505
4.04745
4.27128
4.07355
4.26372
4.08672
4.04242
3.56130
3.50190
4.34393
4.03388
4.24898
2.72669
4.15141
3.22094
3.65021
4.23397
3.78051
4.35811
4.29949
3.97232
3.98421
3.73785
4.27717
4.21811
4.00175
2.05162
3.84882
4.19090
4.07326
4.02604
4.18454
3.49502
3.67149
3.98051
4.00426
3.94778
2.28159
4.07143
3.95179
4.13637
4.09273
3.65190
4.26974
4.10890
3.84276
4.37943
3.31282
4.22646
3.75775
4.42856
3.73824
4.18926
3.26122
3.57467
3.79731
2.64563
4.21405
3.93346
3.43039
2.00148
1.86131
2.61900
4.25340
4.34907
3.65250
4.05040
4.38080
3.78485
3.82191
2.28347
3.61773
2.38322
3.69095
4.25607
3.92024
4.16887
4.04850
4.08350
3.63232
3.83926
4.06802
4.40104
3.18063
3.22201
4.15981
4.39945
3.36140
4.33976
4.05720
4.08201
4.40824
4.18735
3.96829
3.66880
3.62220
3.58328
3.74379
4.28885
3.90564
4.19950
4.36207
3.61740
4.17769
4.16544
4.12935
4.20745
2.33075
4.07331
3.47513
4.19903
4.10411
4.38850
4.35284
4.04195
4.00800
3.46352
3.87855
4.30222
3.50594
3.78364
4.22533
4.22500
4.26090
4.25157
3.02442
4.10198
3.77850
3.56675
3.94845
4.42345
3.59724
4.06724
2.75007
3.97391
2.78783
4.01089
4.30165
3.99969
4.16551
4.22581
3.89125
4.04239
4.09050
3.83699
4.04351
3.82435
4.18776
3.84690
4.17393
4.11116
4.25925
4.25875
4.15922
2.40436
4.25144
4.25132
3.40791
3.25939
4.20840
4.19834
4.03282
4.26000
4.14086
3.55959
4.41806
2.67528
4.08138
4.18548
4.34083
3.87103
4.04291
3.81256
4.19935
3.21760
3.32035
3.77649
2.48215
4.13273
4.27559
4.30415
2.25588
4.40767
4.22379
3.58909
3.88007
4.07633
4.09239
2.44338
3.94307
4.33453
4.11909
4.31696
1.48155
4.26729
1.64173
3.33507
3.82412
4.24651
3.56869
4.25037
3.98533
4.26344
3.04797
2.72508
4.18361
4.05223
3.17704
2.10980
3.60234
3.68419
2.34959
4.02508
3.15571
4.16842
4.10277
3.61034
4.26267
3.75162
4.46048
3.67065
4.12215
4.22323
4.02834
3.80332
4.17047
3.86809
4.25112
3.30468
2.66417
4.23258
3.98078
4.27806
3.84925
3.88073
4.19758
4.24199
4.22392
4.13731
4.18367
3.91507
3.60404
3.66165
3.58326
1.93918
3.90523
3.97987
4.04374
4.18502
3.62042
4.28055
4.10266
4.19845
4.11315
3.93194
4.27422
3.98673
3.75445
3.78538
4.16536
4.21765
4.12093
3.79364
3.26732
3.80694
3.38687
4.13327
3.43883
1.62811
3.74495
4.28452
4.21063
3.37084
4.23666
4.23278
3.84041
3.70121
3.63469
3.88887
1.81623
4.33846
4.17550
4.16136
4.03160
4.20680
2.78669
4.07384
4.34954
4.31240
3.77064
4.19873
3.74736
2.43731
4.26875
4.07586
3.68478
4.01723
4.13710
3.73050
4.28482
3.75025
3.79355
3.88764
4.06813
3.21248
4.17301
3.93142
4.34886
3.75383
2.97343
3.55475
3.19482
4.42514
3.15996
4.15410
4.20341
4.31531
2.15748
3.81514
4.16237
4.31587
3.04488
3.90907
4.04498
4.10537
3.92621
4.13893
4.02912
3.92889
3.86554
3.52997
2.66549
4.20416
3.34949
3.42883
3.07527
4.05908
4.14238
4.31983
4.19352
4.12697
4.20602
4.23086
3.52843
3.97829
2.92793
4.24234
4.35452
3.91013
4.33178
3.83666
4.26274
4.17895
3.82211
4.30489
3.34581
3.47223
3.39110
3.84440
4.11940
3.81893
4.41878
4.27730
3.96239
4.31247
3.73602
4.39857
4.26850
3.94135
1.44525
4.37986
3.71332
4.23438
4.17558
4.35059
3.70455
3.98563
4.13001
4.04758
2.83111
3.89361
3.94275
3.72896
3.81242
4.26464
3.72571
4.02887
2.64411
4.20848
3.85578
3.41925
4.00435
3.93312
3.76921
3.24260
4.07137
3.79141
2.09158
3.76745
3.30251
4.27300
3.76269
3.53448
4.16412
4.12798
3.48223
4.29971
2.34267
3.34601
3.96854
3.64016
3.95496
3.82966
2.84241
4.33413
4.16483
3.73019
3.41944
3.86270
3.96943
2.80301
3.08513
3.07810
3.47636
4.06679
4.27380
3.70435
4.17599
4.21424
3.89514
3.89104
4.32680
4.20150
4.02901
3.70929
3.52421
4.16851
3.85644
4.32400
3.15527
2.82166
4.23371
2.81280
4.00420
4.11290
4.01568
3.18921
1.82372
4.34557
4.09709
2.88657
1.96445
3.54339
2.72867
3.99506
4.09382
4.10469
3.73246
4.33648
3.93557
3.11342
3.89189
4.12486
3.14950
4.11051
4.22238
4.30815
4.41969
3.65787
3.87698
4.07287
3.73121
3.89230
4.17204
3.89497
3.86675
3.99589
3.17853
4.27652
4.11879
4.40032
4.31711
3.50544
4.02112
4.19222
4.33276
3.68516
3.79835
3.40970
4.28431
3.87511
4.04802
4.25852
3.63842
4.19804
4.16709
4.17534
4.35129
3.66349
3.73442
4.23081
3.88127
4.13484
4.28868
4.29002
3.89263
3.68141
3.80236
4.03651
4.07303
3.52892
4.18395
3.83827
3.66141
3.49265
4.11710
4.00143
4.09849
3.57845
4.26611
4.32444
3.27369
4.16657
4.16432
4.08814
4.27131
4.14514
4.06768
4.20939
3.68456
4.35331
4.04635
4.21928
2.75449
4.33662
4.06389
4.08573
3.56093
3.67828
4.21306
3.43444
3.61890
3.91835
4.09903
4.00394
3.67391
4.20338
3.99364
4.28701
4.31951
4.04289
4.20203
4.10407
4.12242
2.41826
3.96053
3.98337
4.18149
3.99560
1.78152
4.04531
4.18246
4.28109
4.18009
4.16803
4.18006
4.24883
3.90700
3.89670
3.45131
3.60002
3.56743
2.67800
3.19000
3.93514
4.28372
4.20064
2.70815
3.99357
4.19591
3.78718
4.04489
4.21656
2.95281
4.07661
4.26458
3.40457
4.13059
3.72637
4.32614
4.14139
4.03155
3.58656
3.73517
4.23928
3.74543
4.15789
4.33384
4.30953
3.90165
4.29602
4.24103
3.49561
2.66860
4.23488
3.61703
3.15532
4.32609
4.25983
1.91917
4.02034
4.14143
3.94603
4.08001
3.46575
3.94653
3.72486
4.20969
4.04902
4.17434
2.74504
3.54972
3.89711
4.07146
4.00813
3.47264
2.85076
4.39478
4.17433
4.10950
4.15688
3.99635
4.02109
4.22050
4.29737
3.56439
4.07983
3.11030
2.43230
4.05373
4.08260
4.28058
3.82439
3.65856
2.61441
4.22062
4.12890
3.94722
3.84930
3.22354
3.98376
3.09182
2.41008
3.42724
3.23572
4.00583
3.97814
2.80012
4.14128
4.05819
4.37571
4.10364
3.63237
2.91240
4.18742
2.80402
3.83510
3.90157
3.17639
3.44924
4.03654
3.84781
3.61601
3.97446
3.68546
4.36411
3.16130
3.77927
4.07461
1.94488
3.97402
3.84440
4.28752
3.95669
4.13624
4.36723
3.81785
2.56237
3.85673
4.05857
3.94055
3.03474
4.09463
4.18922
4.27417
3.74902
4.29820
4.07988
4.23631
3.80575
4.23013
3.22866
4.21904
3.84962
4.21048
4.08075
4.39391
4.15136
3.95375
4.32698
3.92347
4.03538
3.73975
4.27407
4.17694
4.21539
4.37653
4.22370
3.99317
2.44928
4.31624
3.81906
3.12570
3.50960
3.83492
4.24177
4.36663
4.03573
4.28440
4.09598
4.04520
3.86277
4.13910
3.42666
3.77059
4.06703
3.78706
4.28433
3.94953
4.06781
3.69761
2.81198
3.53972
3.99015
4.24901
3.83806
3.54011
4.27422
3.82535
2.97015
4.30539
4.05545
3.61489
1.84429
4.19595
3.56919
3.39453
4.05462
3.12977
4.00750
3.98718
3.88789
2.10023
4.00915
4.34346
3.60417
4.07038
4.24592
3.96030
4.33993
3.16873
4.18184
3.76596
3.90579
3.19343
4.26736
3.87018
4.08257
4.06305
4.01571
3.54330
3.88150
4.14021
4.14122
3.57052
3.43577
4.23877
4.31617
3.97285
2.54929
4.03883
4.23909
1.39537
4.19999
2.90540
3.82232
2.77218
3.60076
4.15592
4.17240
4.20689
3.30478
4.13417
4.14575
3.90005
3.74657
3.08150
3.49932
2.67818
4.02229
4.31651
3.97471
4.03060
4.16135
4.07143
3.75820
4.18412
3.37962
2.48640
3.19359
3.52130
4.34955
4.09816
3.77403
4.38693
3.77691
4.22176
4.12614
3.38954
3.74207
4.10093
4.16269
3.84409
3.80234
4.09614
4.08273
4.17885
4.23128
4.35182
3.61968
4.34465
4.18842
3.50257
4.20702
4.03078
4.18753
3.97507
3.86622
3.88115
4.13605
3.92816
4.22720
3.99145
4.05721
4.10946
3.15954
3.85791
4.08365
3.05253
3.04978
4.01918
3.25817
4.29862
4.12374
4.19015
2.79873
4.02577
2.89641
4.05204
3.97892
3.42677
3.73503
3.96413
3.74772
4.18787
3.15706
2.60837
3.99820
4.27224
4.03481
3.53782
4.08679
3.41850
3.65973
3.99309
3.78164
3.69608
4.18938
4.24987
4.26107
4.33529
4.16400
3.37639
2.59717
3.77550
3.50715
4.08056
4.22313
4.11433
3.94657
4.08036
4.00953
3.33652
4.20788
3.89473
3.57058
3.92157
4.35578
3.98344
2.86024
4.05514
3.38088
4.29980
4.02524
3.48928
4.21926
3.37014
4.16124
4.19871
3.99442
2.76279
4.03002
3.84802
4.20274
3.92711
3.88011
4.28683
4.14006
4.30172
3.64460
4.16434
4.12448
4.26795
4.11111
3.98085
4.31994
3.88066
4.06883
4.13130
4.00286
3.95433
4.37366
4.14244
3.90452
4.12487
4.16033
3.74931
4.03581
4.05096
4.15070
4.32688
3.71017
3.59507
4.07410
3.61037
2.49754
4.00465
4.26689
3.50747
4.10303
4.10432
3.17702
4.08000
3.56687
4.12778
4.10609
3.17461
2.92935
3.91796
4.04879
2.96941
4.18058
3.83042
4.07787
3.17131
3.59773
3.93269
4.34727
4.16653
4.25274
4.38604
4.19175
3.58858
4.18322
4.07093
4.17806
4.21718
4.35471
4.07666
3.90866
4.25576
3.64197
3.73040
2.78881
4.16998
3.54419
3.78556
4.02208
3.22754
3.95902
3.83417
3.94865
3.00205
4.12981
4.16777
2.89544
3.55193
4.36705
4.17193
4.19968
4.34636
3.93029
4.28619
4.29255
4.26350
4.13972
3.04531
3.85551
3.68470
3.28313
4.11740
4.26922
4.06738
3.68874
3.87498
3.10258
4.29222
4.08630
4.24835
2.88181
4.18355
3.68169
4.03427
4.32032
4.13189
4.16712
4.09679
3.41441
3.63612
1.74180
3.80904
3.59970
3.38588
4.15311
3.96601
3.05644
4.22284
4.07246
4.30961
3.73303
4.31085
3.45886
4.15833
4.12465
3.08054
4.20416
4.22217
4.26545
3.97866
4.03473
3.73173
4.05745
4.37877
4.04004
2.28464
3.49253
3.39895
2.97413
3.62863
4.28396
4.02235
3.97438
3.91390
3.83800
2.66657
3.69868
4.14033
4.14912
3.59881
4.16129
3.68412
3.73096
4.31425
4.03084
3.98540
3.84834
4.16720
4.03651
3.23746
4.00278
4.20337
1.85267
4.25300
3.92598
4.14205
4.42544
3.66677
4.21195
4.11995
4.00958
4.16916
3.80510
4.35723
4.38715
3.91795
4.06110
4.23277
4.20382
4.16925
3.96319
4.24596
3.90527
4.19688
4.17757
4.23609
3.91006
3.14674
4.05885
4.34162
4.27363
4.35911
2.48829
4.32939
4.30846
4.23972
4.15808
3.94793
4.28433
4.31195
4.20698
4.02611
2.16561
3.99127
3.97432
3.48144
3.40666
4.06260
3.89159
4.17772
4.27531
4.16986
3.49826
3.84929
3.07163
3.83265
3.72931
3.97939
4.16490
4.30245
3.16302
4.26678
3.80891
3.47343
3.97154
3.44813
3.96898
3.82603
4.26657
2.34644
2.00085
3.11269
4.04301
4.25086
3.28073
4.11681
4.24961
4.22899
4.10637
4.18099
4.04368
4.06700
4.09343
3.00894
3.21662
4.06093
4.23472
4.30028
4.37500
4.36373
3.99611
4.24683
3.35490
4.38695
4.16247
4.10704
3.07439
3.72592
3.22350
3.63420
4.14856
3.70026
3.93218
3.93904
4.12203
4.24827
3.84466
3.75493
4.29511
4.24924
4.10710
4.01864
3.46823
3.71345
4.28323
3.74762
3.57543
4.06248
4.18494
4.21163
4.24491
3.05742
4.08178
4.04763
3.26915
3.98088
4.08420
3.52449
4.25784
3.79087
4.12720
4.19501
4.26646
4.18077
4.04657
3.76199
3.09223
4.18359
3.58533
4.28091
3.67309
3.36074
2.93853
4.00209
3.89243
4.28819
3.88100
4.27484
1.94683
4.32484
4.23253
3.90672
3.95346
3.86774
2.55545
3.60987
4.24451
4.31929
4.10846
3.94777
4.01197
3.75753
2.72083
4.22562
3.98146
2.10633
4.18366
4.19201
4.28205
4.17524
4.12429
4.13679
3.51536
3.90101
3.77101
3.74325
4.19960
3.94109
3.87945
3.46118
4.09856
4.35317
3.33794
3.63174
3.96784
3.22466
4.27845
3.94856
4.03264
4.30213
3.63609
3.74860
3.76739
4.35891
4.20570
4.05917
4.35197
4.14807
3.84905
3.77522
3.84686
3.21546
3.74351
4.23985
4.09124
3.80184
4.18802
4.25935
4.27982
3.97266
4.22636
3.87518
4.02460
3.98145
3.48363
3.77760
3.87592
3.96578
4.33110
3.33712
3.97194
4.31243
3.60428
3.22737
3.73844
1.89309
4.09241
4.33331
4.30501
4.23197
3.94682
3.58239
4.13306
4.23044
4.15735
3.83237
4.32939
3.74040
4.12568
3.83079
3.55557
3.93306
4.25086
2.51803
3.79019
3.98424
2.05442
3.98950
3.59159
4.10736
4.15042
2.67860
4.32241
4.01284
1.88289
4.34263
3.51492
3.91022
3.10841
2.45595
3.33342
4.17660
4.11957
4.31884
3.85046
4.05614
4.16634
2.81348
1.83391
4.14424
4.41961
3.51081
2.21673
4.01115
3.66331
3.04743
3.96044
3.62022
2.86220
4.25903
4.12084
2.70218
4.14565
4.25809
3.67998
4.07075
3.83516
4.19791
3.66415
3.84905
2.69104
4.25214
3.92332
4.08960
3.99425
4.29149
4.13317
4.18096
2.78401
4.32756
4.25741
3.82698
4.02636
4.09398
4.05535
3.95403
4.03726
4.23953
3.08537
4.34294
4.23955
4.04973
3.97749
4.15007
3.95330
4.31373
4.02301
4.06273
3.94366
3.74725
4.26864
4.32999
1.67271
3.98294
3.79540
4.15702
4.39106
3.76271
4.29194
4.31511
4.25608
4.18111
2.92426
4.07354
3.30129
3.73616
4.19357
4.32219
4.34083
4.25126
3.87099
4.05888
4.22346
4.33939
3.88604
4.14005
2.92905
4.25124
3.72845
4.29838
2.40679
4.09586
4.37868
3.66290
2.71356
3.35206
1.48702
2.41073
4.35672
4.29303
4.18809
4.20106
4.31198
2.74625
3.71114
3.37696
3.97268
4.01995
3.56393
4.13696
4.09188
3.75943
4.36591
4.33563
4.33281
3.84114
4.00429
4.13242
3.72994
4.26627
3.98439
3.36113
4.32127
4.25844
3.88615
4.29911
3.97805
3.87822
4.02285
3.30593
3.75516
4.26574
3.95919
3.72602
4.04492
3.92452
3.65321
3.87801
4.00294
4.40792
4.25235
4.29767
3.86875
4.27576
4.20097
3.78614
4.25807
4.25962
4.24247
4.37396
4.06452
4.00597
3.56880
3.90334
4.14078
2.71609
3.83922
4.30531
2.17097
4.40335
3.70182
4.27478
4.08392
4.20709
3.53905
4.21791
4.08428
4.02890
4.19047
4.26957
4.06444
3.66216
3.83961
3.71410
4.18212
3.37790
4.21895
3.90530
2.23522
4.31234
4.17451
3.77508
3.90622
4.28463
3.22567
3.94006
3.82756
4.04207
3.89265
3.88597
4.23315
3.54337
4.15330
4.17027
2.43890
3.74898
4.27010
4.28359
3.52406
3.84214
4.03683
4.22873
4.00181
2.84189
4.19485
4.34499
3.53360
4.24010
4.07928
2.92767
4.38007
4.38609
4.28145
2.96133
4.23556
4.25152
4.16283
3.90779
4.09105
4.13952
3.77518
3.86287
3.93465
3.99350
4.15786
4.20650
4.05029
3.71915
4.32336
3.87323
3.95379
4.32657
4.04306
4.06823
4.10567
2.55100
3.78444
4.32822
4.14259
4.04379
4.30644
3.20564
3.92817
4.12004
3.77005
3.06875
3.95881
4.09706
4.02413
4.17416
4.15948
4.05908
3.25407
4.20676
3.11710
4.21364
3.42865
4.15607
2.13867
3.64799
4.19731
4.24612
3.91430
4.05700
3.46797
4.02517
4.03663
1.58722
3.64227
4.02310
3.63525
4.04509
3.60022
3.23125
3.86466
4.02118
3.82023
4.28707
4.16255
4.18626
4.13320
3.93003
4.21443
4.31461
3.94851
4.16881
4.15372
4.03193
3.98732
4.18104
4.01049
3.70983
3.91217
3.33199
4.27385
4.14149
4.07420
3.90648
4.11170
3.90664
3.94645
4.13037
4.33166
4.22697
4.09454
3.56110
3.76456
2.00059
3.58993
2.25339
4.18897
4.27254
4.23006
2.74270
3.86721
3.96431
1.94036
4.08972
4.09692
3.78776
4.09270
4.21784
4.19914
2.74610
4.23995
4.11312
4.23584
3.72024
3.67156
4.08470
4.07308
4.33235
3.54626
4.15238
4.13703
4.00289
4.19297
4.03010
3.78152
4.12129
4.20972
4.21784
3.31511
3.82396
4.25756
4.19486
4.05316
4.31061
4.01974
4.36954
3.66232
4.29014
4.06562
4.12155
3.84759
3.81706
4.26452
4.43328
3.92288
4.06524
4.20320
3.91268
4.09050
4.15329
3.85837
4.21634
4.36061
4.10163
3.52106
4.28741
4.02386
3.70298
3.73623
1.93108
4.01230
4.16342
3.94472
2.32333
2.88455
4.17684
4.28611
4.14678
4.22022
3.04281
1.85434
3.19879
4.06408
2.29801
4.02303
4.28555
3.86577
4.13380
3.89536
4.13605
3.60536
3.30805
4.05503
4.21142
4.16595
3.57864
3.94123
4.23860
4.26593
3.10561
3.84122
3.47690
4.34236
4.11006
4.21378
3.91529
4.30307
4.05994
4.04193
4.19396
4.21075
4.05372
3.83769
3.91901
3.98115
4.23209
2.96979
4.26231
3.82396
4.25736
3.15791
4.07993
3.13369
4.28671
4.24106
4.25385
4.10507
4.20793
3.89399
4.13555
3.93061
3.78962
3.86069
4.06448
4.08685
3.47955
3.86570
4.24228
4.29972
4.16523
4.21059
4.12007
4.39068
4.12469
3.68500
4.10424
4.08143
4.25376
4.29555
4.26165
4.21677
3.98922
3.93425
2.09717
4.29254
4.00540
3.85796
2.93922
3.45435
3.87267
3.43059
3.32609
4.01728
4.17224
3.60843
3.96043
3.67791
4.29126
3.48806
4.15024
3.78013
3.60564
3.37909
3.96720
3.12154
3.90085
3.87496
4.00361
3.93351
4.33937
4.42070
4.42587
3.69626
4.16956
3.71233
4.32760
3.79427
4.20968
1.75182
4.00572
4.08904
4.13489
3.92037
2.49960
4.04194
4.04334
4.12510
3.44560
4.14060
4.08103
4.30208
3.95415
3.95626
3.38539
4.04645
4.21491
4.27110
3.35483
2.67000
3.06811
3.86003
3.79435
3.88256
4.15774
4.13887
4.10338
4.24501
2.19151
4.23673
3.74854
3.43081
4.14450
4.18188
4.18309
3.89928
4.13261
4.05917
3.96612
4.18778
3.70103
2.36756
3.28584
3.87587
4.34234
4.09721
4.19519
4.05903
4.10905
4.32949
2.80731
3.96999
4.30273
3.98840
2.90802
3.49682
4.21983
4.05900
3.16575
2.85907
4.29462
4.22266
3.60786
3.83543
4.35547
3.97131
4.02093
3.14890
4.07934
4.16250
2.96942
4.17872
3.55510
4.20680
4.20610
4.18875
3.77948
3.98268
4.29037
4.28560
3.06918
4.17847
4.09158
4.36911
4.17967
3.67291
4.16274
3.95872
3.84513
3.94698
4.05651
4.34207
4.28538
3.93617
2.01746
3.96374
4.10168
2.51852
4.21252
4.13586
2.61268
3.95450
1.54380
4.09890
3.02830
4.10162
3.87900
4.17905
4.29896
3.38073
4.01717
3.95387
4.30582
3.77106
2.78521
3.51130
3.67100
4.30855
2.61439
3.98736
4.08170
4.24498
4.00795
4.23189
4.23830
4.16703
4.02504
1.96287
3.37685
3.85968
3.96072
3.75743
4.25971
3.92988
4.13568
4.05036
2.33412
4.33685
4.28892
4.25866
4.25773
4.41791
3.76572
3.88620
3.98207
4.08294
4.15307
3.74803
3.02948
4.31100
2.52075
4.25971
4.30313
2.41153
4.01349
3.06294
3.91829
4.19137
3.42710
3.82667
3.20238
3.85324
3.35407
4.02363
3.40390
3.52489
3.68183
3.65932
2.84355
3.60629
3.94554
4.36965
3.64604
4.29993
4.14365
4.06524
4.00330
4.16633
2.47730
4.18159
3.99254
3.89968
4.25703
4.01400
4.30683
4.22295
2.38638
3.57886
3.68292
3.73275
4.18073
3.08701
4.03071
3.65222
3.45287
3.77096
2.95258
3.92150
4.07610
4.15374
3.46207
4.01677
4.15911
3.82152
2.00626
4.21820
4.00257
3.56677
4.11389
4.05202
4.26200
4.27066
3.88905
4.25827
3.26960
3.92255
3.30227
2.64435
3.43573
4.04429
2.46977
4.18442
4.26710
3.80171
4.19031
4.18325
4.03029
4.07902
3.71192
4.20140
4.03241
4.19731
4.21238
4.18955
4.30922
4.05624
4.09627
4.04149
3.61434
4.35579
4.22889
1.42191
4.30550
4.30916
4.01848
4.04199
4.12656
4.16815
3.99286
3.95595
3.94122
4.23507
4.10244
4.11607
4.15757
3.71994
3.02410
3.68809
3.88535
3.34706
3.78970
2.43452
3.95446
4.19938
4.03438
3.13326
4.04827
4.27360
4.30522
4.30620
3.92003
3.63173
4.27311
4.06924
3.80545
4.09492
4.14632
4.04029
3.69536
3.72207
3.47883
3.90644
2.11794
4.00202
4.05416
4.05100
4.27678
3.93378
3.72684
4.01263
4.25846
4.00885
3.38577
3.35929
4.14969
4.18211
4.25920
3.77251
4.14129
3.90777
4.08052
4.17080
2.62353
4.23207
3.59188
3.88731
3.44474
2.82746
2.87042
1.78216
3.96636
4.25129
4.15022
3.71597
4.06821
4.20977
2.73601
2.34054
4.06623
4.29174
4.09660
3.83595
4.17676
4.23091
3.04934
4.03178
4.31460
4.22107
4.26731
4.22450
3.97526
2.04412
3.74103
2.56103
4.06315
3.53715
4.31441
3.92028
3.47946
3.27167
4.30293
4.10782
4.34514
4.04520
4.11458
4.07965
3.46688
4.29819
3.87224
4.23993
4.04704
4.13006
1.97464
2.47154
4.15102
3.48153
4.14293
4.17580
3.30773
4.30664
4.14065
4.25629
4.38761
4.20776
4.20275
4.12916
3.88641
3.93149
3.81774
2.76695
4.27669
4.21531
4.09416
4.29684
3.92466
2.24884
3.02960
3.94244
3.85669
4.26136
3.81412
4.37046
3.34815
3.60798
3.66171
3.76884
1.92498
3.24487
4.34639
3.45828
3.20649
3.98933
4.14621
4.10173
4.15542
4.20710
3.71110
4.28168
2.51455
4.26116
3.96807
4.23025
3.85372
3.80543
4.27301
3.13536
2.55559
4.13686
4.29518
4.08272
4.27475
4.08165
3.22178
4.33124
4.30765
4.31432
4.03466
3.24601
4.04790
4.21673
4.23021
4.31541
2.35760
3.11128
4.23571
4.14318
3.67490
4.08307
4.13829
4.17719
3.36331
1.64183
4.22280
4.07564
3.97623
4.23861
4.12805
3.98904
4.35053
4.08606
4.18943
4.26076
4.14203
3.72651
4.10453
3.93036
4.10492
4.27014
3.29894
3.97842
3.71998
4.02828
3.35796
4.27112
4.27328
3.79096
4.11498
4.00320
3.38425
4.38791
4.12584
3.36102
3.89549
2.65979
4.19949
4.28107
4.20290
4.20729
3.85879
3.95695
3.43886
2.68256
4.05628
4.16140
4.29017
3.78021
4.17657
3.90180
4.40888
3.42894
3.42012
2.96109
4.29113
4.40972
4.12248
3.02537
4.07253
3.91827
4.28975
4.11206
2.32406
3.92452
3.79299
2.62325
4.28120
3.75543
4.32575
4.09264
4.35354
4.13875
3.88552
3.22543
2.63425
3.54487
4.06698
4.13927
3.63252
3.58280
3.86852
4.30168
4.30016
4.29224
3.88935
2.48926
3.74675
3.11257
2.10028
4.26762
3.20856
4.16510
4.04054
4.26811
3.82415
3.83215
3.36161
2.58718
3.89449
3.23579
4.15561
3.52288
3.93609
3.67416
2.71454
3.42171
4.13302
4.14698
4.13709
3.70064
3.73706
3.94351
3.42255
3.90795
4.13030
4.31675
4.17135
4.09578
4.33602
3.39174
2.36502
4.27592
4.14201
1.69079
4.18094
2.75486
4.05864
4.13391
3.37689
3.77293
4.08398
4.01840
4.28500
4.22947
3.92279
4.19522
3.83823
4.00703
2.98711
4.42328
4.35178
4.02705
3.98720
4.35549
4.11832
4.07048
4.32430
3.48321
4.35484
4.09641
4.24003
4.11476
4.12399
4.14345
3.94374
4.04611
3.71968
3.97735
4.08616
1.98157
4.10044
3.39917
4.06524
2.88719
3.43825
4.07246
3.90858
4.24426
4.14071
3.26338
3.94406
4.27931
4.21761
4.16415
4.14226
4.15002
3.29038
3.97336
3.81694
2.34096
3.87252
4.23367
2.60725
3.89320
4.24804
3.95064
3.25913
3.44403
4.10338
4.09142
3.67406
4.01450
3.73848
4.20877
3.79088
2.24308
4.30212
4.26875
4.19171
4.34718
4.31851
3.85088
4.07207
4.33283
4.22016
3.63021
4.09021
4.33369
3.80368
3.87588
4.01814
3.84954
3.85890
4.15234
4.34650
4.36609
3.97262
3.94760
4.27108
3.23273
4.40466
4.11117
3.63794
4.20815
3.98949
4.30748
4.15091
3.92376
3.79932
4.36559
3.83193
3.93723
2.62495
1.98441
4.02463
3.88757
4.23037
3.88662
4.10925
4.08812
3.93407
4.35715
4.11894
3.81694
4.00001
3.25535
4.17598
3.97480
3.34915
3.89040
4.14918
4.28101
3.95899
4.05619
4.34803
4.09360
4.02821
3.74076
4.24258
3.72606
4.01744
4.23668
4.12957
2.52498
4.33990
2.96589
4.04453
3.31046
4.15176
2.62264
3.24791
3.91365
4.11275
3.51336
3.61510
4.13109
4.00024
4.03871
3.76724
3.97276
4.32496
4.27115
4.20791
4.10820
4.04501
4.22918
4.21265
4.00752
3.98446
4.24438
4.21795
3.73913
3.80017
4.03464
2.46387
4.16969
4.11567
2.34230
4.09540
3.56884
1.66140
3.89855
2.99992
4.27871
3.64351
3.88912
3.55246
3.93908
2.85768
3.73995
3.84242
4.35330
3.77737
4.00221
2.41651
4.10202
4.07490
3.66848
4.12000
4.20811
3.69650
4.33726
3.79042
4.05927
4.05937
3.79855
3.83211
3.87984
4.16875
4.25545
3.01876
2.92329
4.22619
4.16581
4.30338
3.93115
3.68026
3.30028
2.01177
4.34174
3.41728
3.97019
3.99757
4.17252
4.15810
3.94512
4.17722
4.07103
3.73424
3.94307
3.78411
4.10562
4.08254
4.19816
2.12679
3.75029
4.13392
2.48836
4.38940
4.20287
4.22474
3.86591
4.08796
4.30744
4.20956
4.22686
4.09658
4.03633
3.98598
3.92947
4.16845
3.56766
4.31669
4.05497
3.51945
4.39586
4.29272
2.42302
4.09772
3.79047
4.39052
4.16492
3.81946
4.10661
4.04470
3.16238
4.40620
4.32360
3.93317
4.05753
3.83522
4.14572
4.21676
3.74987
4.30470
4.30390
3.79404
4.11252
3.30972
4.30059
3.12369
4.25651
4.02162
4.24597
3.60842
4.19173
3.92855
4.03727
4.33050
3.84059
4.28011
3.99192
3.84446
3.60269
3.89566
4.28767
4.17790
3.79016
3.94056
3.82386
3.54012
4.03968
3.18202
4.12228
4.20509
2.82721
4.08623
4.04103
3.75406
4.11536
3.85563
2.30935
4.36384
4.25220
3.57756
3.50967
3.09670
4.29061
4.27202
3.96302
4.06560
3.92260
4.13924
3.62690
4.03489
3.69160
3.83382
4.01533
2.92657
4.00729
4.31649
3.84563
4.14675
3.18892
4.01159
4.16694
3.69070
3.76375
3.85258
4.01809
4.28736
3.29527
4.03655
3.82481
3.87046
3.74004
2.69871
4.17424
2.99541
4.29307
2.95425
4.31998
4.02817
3.85398
3.67817
3.51612
4.09486
4.25109
4.26385
4.20480
3.96963
4.14364
2.48692
4.28037
3.28625
4.32420
4.24140
3.68971
4.22092
4.26656
4.03518
3.68418
4.21699
4.24172
4.03268
4.12772
4.15662
3.99565
4.20511
3.42061
4.09340
2.70851
4.10745
3.85900
3.41436
3.90742
3.75194
3.20817
3.68241
4.14689
4.00224
4.17557
2.61609
4.15873
3.93456
3.99708
4.13967
3.50214
4.31468
4.18141
3.81511
4.31262
3.47496
4.14015
4.16179
4.25023
2.48834
4.34206
3.86334
3.24922
4.08816
3.32849
3.85436
0.93259
3.16596
3.88651
4.14303
3.91743
4.28091
3.93142
3.63216
3.99213
4.22435
3.90614
3.89930
3.82265
3.47161
4.09625
3.86365
1.73061
3.74186
3.52117
4.22036
4.07404
3.75154
4.06079
3.56361
2.98079
4.12668
3.89427
3.58030
2.58200
1.98023
4.20659
4.20734
3.39618
4.22680
2.75287
3.71962
3.48633
4.30751
4.07565
3.93339
3.99421
2.63567
3.94144
4.02560
3.23400
3.39434
4.14233
3.62271
4.09238
3.84995
3.93689
4.26606
3.51251
2.74307
3.50839
3.54467
4.06308
4.08077
3.71760
3.89841
2.55957
3.93919
3.80771
3.71517
4.06999
4.12167
4.27974
3.15936
4.12284
4.05050
3.98827
2.85405
4.23592
2.78622
4.18785
2.83167
4.20391
3.11562
4.12559
3.77998
3.78689
2.43069
3.70603
4.34750
3.49913
3.36804
3.90620
3.54905
2.05698
4.31759
3.97645
3.19841
3.82346
3.52901
4.36396
4.00419
3.84870
3.76835
4.25333
4.19343
4.18033
3.91059
4.16139
2.09068
4.03466
3.88512
4.14019
4.16190
4.30706
3.41704
4.18611
3.71816
4.25823
3.70873
4.01424
4.33643
4.08503
3.17545
2.52104
3.84084
4.23761
4.00971
3.23183
3.22956
3.89932
3.77784
3.64899
4.36985
3.70598
4.21822
4.13941
4.18851
2.75811
3.98124
3.61545
3.90875
4.16666
4.33845
2.44117
4.14946
4.04172
4.15899
3.84156
3.96191
3.71247
4.06792
3.87897
4.15585
4.17458
3.27162
3.88369
3.83570
4.08487
1.43814
4.03112
4.25801
3.99530
3.63599
4.06889
4.19966
3.51101
3.66657
3.82289
3.37320
4.19908
3.86560
3.87398
4.22932
3.20904
3.86059
4.08521
3.82228
3.60507
3.44103
4.07983
4.32013
3.43671
3.15614
3.95158
3.36716
3.67378
3.76073
3.19578
3.71977
3.98799
4.04478
4.24637
4.25254
2.20469
4.29429
3.89856
4.11416
3.80641
3.81996
4.10417
4.17488
3.32584
4.03756
3.26622
4.24390
4.14401
2.91088
4.17891
4.36568
4.14808
4.08255
2.94457
3.92494
4.27758
3.01135
3.86850
4.00670
3.87204
2.07304
2.81540
1.98999
4.21875
3.06871
4.08478
4.12435
3.83254
4.25509
3.01517
4.08150
4.18317
4.02800
4.05004
4.04806
4.17293
3.68273
4.05115
3.98989
3.89168
4.24228
3.97631
3.92959
4.17026
3.84455
4.17465
3.89665
3.87070
3.99170
3.91974
4.25588
3.85490
4.21988
4.12251
4.03295
3.79189
4.19634
3.05097
3.82104
3.97958
3.88222
4.28771
3.98667
4.20708
3.51429
3.71788
4.11451
4.20994
1.93799
3.94709
4.11878
4.31920
3.58196
4.15796
4.10373
4.09986
3.86212
4.17509
4.29859
2.25712
3.93293
3.44756
2.39506
3.91105
4.36457
3.04100
4.28839
4.15773
4.07654
4.32001
3.71364
3.65802
3.83931
3.25825
4.22906
4.01781
4.04475
4.13876
4.35690
4.20953
4.21297
3.69296
4.25284
3.87431
3.58189
4.22070
3.78499
1.18343
4.33619
4.05104
3.93309
2.63018
4.24800
3.70704
3.89769
4.03970
3.56665
3.68209
4.03539
4.25485
4.18181
3.97197
4.02832
4.28842
3.56840
4.31262
3.61323
4.28819
3.87698
3.93281
3.39219
2.70462
3.52783
2.46278
3.22255
2.05143
4.04130
4.09939
1.99967
4.01040
4.24668
4.29182
4.09999
4.15844
4.24175
4.14807
4.25341
3.87924
4.00542
3.81273
4.11883
4.22493
3.89443
3.52059
3.62351
4.30063
4.09234
4.24646
4.09045
4.20206
3.75967
3.05848
3.70744
4.20685
3.80706
4.12855
3.71762
3.88966
2.91168
3.96665
3.92651
4.09845
1.48938
3.64232
3.49370
3.67758
3.92791
4.20729
3.00766
3.42266
4.16440
3.52963
3.81725
4.16745
4.01441
3.38662
4.15191
3.81792
4.29287
3.60618
4.08784
4.12318
3.84662
3.23957
4.07783
4.09506
4.35711
3.92697
4.25784
1.92125
4.25991
4.17565
3.72708
3.81482
4.14898
2.70451
2.76670
3.99115
4.16081
2.60348
3.64888
4.05942
3.95515
4.21236
4.04851
2.14658
3.33487
4.36061
3.83630
1.97618
4.21633
3.66455
4.15049
4.22155
4.15264
3.79206
4.22321
3.87171
3.99209
4.20319
4.25643
3.78250
4.21249
4.32119
4.32030
3.38830
3.77263
4.17206
4.20653
4.26700
3.56836
3.88243
4.09061
3.82718
4.18298
3.95639
3.69819
4.35516
3.65800
3.26634
3.94253
4.19343
4.27100
3.96925
3.31388
4.21792
4.14898
2.86381
3.92311
4.31875
4.12834
4.05283
4.35029
3.08945
3.55897
4.02889
3.74960
4.29456
4.38523
3.60188
3.64401
4.38419
4.23048
3.86321
3.02663
3.90174
3.68457
3.13487
4.19412
3.93060
4.19133
3.87960
3.63053
4.28538
3.49239
4.07434
3.97860
4.17217
1.79301
3.80549
4.25662
3.68077
4.23353
2.90523
3.91390
4.22284
3.83863
0.92148
3.84468
4.20860
3.70662
4.17614
4.01731
4.05301
3.83231
4.08101
4.26232
4.28187
2.10571
4.11400
3.32480
2.93518
3.98571
4.12132
4.20485
3.33425
3.68641
4.17603
3.17094
1.89513
4.29603
3.97355
2.96610
4.07420
4.06040
3.65708
4.14664
2.92401
4.26286
3.74060
4.20529
4.02951
2.13739
1.98456
4.34115
4.18269
3.50598
3.71747
3.09850
3.82176
3.55242
3.31314
4.23966
4.29604
4.31574
3.23306
3.54010
3.70063
4.35458
3.84830
4.32262
2.45083
3.54976
4.11324
4.03309
3.45990
4.23167
4.28514
3.52384
3.79968
4.23990
3.87772
3.88600
3.21338
3.89550
3.49232
4.21911
3.84765
4.02797
3.98347
4.21846
3.94458
3.79301
4.00294
4.17955
4.11398
4.28375
3.82968
3.74504
2.66215
4.27816
3.85972
3.71146
4.03909
3.53048
3.73228
2.49133
3.85980
3.86149
3.58348
3.86289
4.31041
3.94512
2.95762
4.00471
3.64800
4.19006
4.25936
4.08847
2.20723
4.12259
4.34944
3.67240
3.65136
3.75105
4.27599
3.13988
3.68317
4.21112
3.63525
3.82684
3.32720
4.21101
3.85769
2.27015
3.79572
4.01584
3.97742
4.26398
3.92878
4.06738
4.35342
4.24293
4.15037
4.03008
3.67162
4.17310
4.15194
1.73620
4.14663
4.09117
4.19217
4.06567
4.04073
3.74080
3.78746
3.98112
2.04637
4.25345
3.46417
3.25565
4.28028
3.64189
4.15827
4.17854
3.86855
4.01605
4.14886
4.04131
4.10908
4.00651
4.00090
3.56743
4.07738
2.42636
3.12503
4.30477
1.50612
3.53511
4.03540
3.61094
1.96400
4.02157
3.21311
4.15293
2.84355
4.07780
2.60648
4.28243
4.30091
3.76012
3.94004
3.69512
4.10987
4.03111
4.26948
4.20591
2.95650
3.94277
2.49086
4.26346
3.71156
4.14452
3.90192
4.20538
3.27006
3.93639
4.26204
4.13844
4.25126
4.22033
3.74711
3.27097
3.87905
3.50574
3.38792
3.39473
3.55940
2.94142
3.44892
4.09683
3.86250
3.31645
4.19440
3.85819
2.65643
3.86880
4.18693
3.65209
3.60873
3.95448
4.29826
4.35176
4.06842
4.01325
3.78976
3.98460
3.97570
4.01845
4.36260
3.99882
3.91586
3.26141
3.87063
3.92526
4.18527
4.33739
4.27979
3.42337
3.09569
3.42617
3.68938
4.22636
4.05931
3.96414
4.01196
4.21464
4.14856
4.26556
4.22470
4.16494
4.22594
4.01945
2.83957
3.75258
4.35402
4.17368
4.03049
3.95478
4.08944
4.02773
3.89794
4.27562
4.20218
3.09994
1.50713
4.30237
3.73753
2.95732
3.17063
4.19507
4.08408
2.90185
4.32830
3.69939
4.07953
4.02409
3.99577
1.92880
4.26385
3.92703
3.66510
3.89253
4.24191
4.07562
4.24559
3.39833
4.33891
3.98871
3.69438
4.23006
3.75742
1.97441
4.05374
4.18449
4.19410
3.68842
4.28994
4.16597
3.56238
3.90591
3.95479
4.36794
3.48844
2.35873
4.24426
3.88113
4.35304
4.24023
3.80744
3.33156
4.24754
4.25795
4.26545
4.14174
4.20834
3.74562
3.47718
3.17773
4.20699
4.29389
3.90827
4.26599
4.22828
3.54223
3.06228
3.32607
4.09868
4.17987
3.70160
4.06675
4.30805
3.81638
2.17496
3.42919
3.32505
4.12115
1.78945
3.92704
3.07041
4.36787
4.07238
4.09316
4.24801
4.15816
4.31351
3.06003
4.35576
3.95219
4.10925
4.24370
4.13451
4.07516
4.22655
4.34397
4.30429
3.35228
3.95907
4.28460
4.25561
2.90036
3.83960
4.10962
4.17854
4.17531
4.27037
3.87969
3.51006
4.23614
2.80707
3.87264
3.94280
3.67169
4.28662
3.77441
4.04373
3.86281
4.28841
4.30505
3.45479
2.68460
3.80728
4.27899
4.20385
4.12373
3.35866
4.36017
4.10654
4.12622
3.57990
4.17765
3.98397
1.94739
4.06262
3.86593
4.22485
4.20751
3.88864
3.83933
3.88079
4.33983
3.88879
4.23357
3.94382
4.20599
4.01351
4.26145
3.76182
4.10700
4.29833
4.14320
3.76885
1.98826
3.86606
4.33928
3.40780
4.20689
3.65408
2.76952
4.17517
3.45740
3.95594
4.33408
3.40294
2.89056
1.97911
3.71216
4.22173
3.50588
4.00185
4.41335
4.17140
4.11018
2.42700
3.15486
3.37077
3.95332
3.87263
3.29915
3.98238
3.06787
4.02073
4.15617
4.00691
3.99419
4.29511
4.06525
4.14096
4.36756
4.23442
3.85368
3.95406
3.49833
4.16148
3.79378
3.77920
3.73268
4.33913
3.36336
4.13378
3.46003
3.52663
3.95400
3.72931
4.02922
3.84409
4.09526
4.03959
4.21561
4.05741
4.04587
3.99653
4.23849
3.60651
1.86470
3.44499
3.99216
3.95896
3.08647
4.03221
4.26784
3.70911
4.23306
3.06155
2.85751
4.12662
4.26438
3.98843
4.15674
3.24038
4.12207
3.89717
4.31484
4.12267
3.90006
3.95011
3.63018
4.26863
4.22529
4.16279
3.93368
3.77377
4.31747
3.02056
4.01185
4.06475
4.28188
4.04498
4.11640
2.21284
3.18479
4.29001
3.13211
4.17707
1.62322
4.10572
4.14230
3.83392
4.29202
4.35680
4.20044
3.71846
2.39204
4.32612
3.28559
4.02077
4.35489
3.65196
4.09386
4.03257
4.10662
3.96924
4.31095
3.75910
3.78994
3.96682
4.02873
4.00485
4.21771
2.97813
3.62984
3.16667
4.10014
4.20531
4.31074
3.79786
3.29893
3.66598
4.28926
2.21322
4.01666
3.79412
3.88563
3.20923
4.13420
4.28879
4.26208
3.93971
4.11697
4.19254
4.24511
2.69548
3.96817
4.36502
3.97737
3.98963
4.37023
3.44666
3.44893
4.01440
3.50319
4.12793
4.16818
4.23496
4.27560
3.60929
4.29073
4.03034
4.00426
2.71942
4.25528
3.66561
4.04077
3.82469
4.08520
3.42646
4.00485
3.60519
3.71739
4.07148
4.28342
4.27918
4.16353
4.31785
4.36925
3.94343
4.03800
4.16574
3.91071
3.42992
3.09737
4.28011
3.89352
3.87262
4.33353
3.79144
4.19094
3.81813
3.80724
4.31394
3.97745
3.66651
4.27821
4.03484
4.44322
4.15496
4.11748
4.04821
4.17936
4.03267
3.98372
2.98994
4.20456
4.26314
3.91753
3.96363
4.30096
4.41050
3.76543
4.18268
4.23459
3.91106
3.94992
2.14489
4.16446
1.91128
3.97256
3.41002
2.52174
2.64594
4.11693
4.21812
3.93401
4.30617
4.21242
3.94031
4.05495
4.21731
4.12127
4.25316
2.26958
4.31277
3.78254
3.92215
4.33393
4.27810
4.11646
4.18018
2.47915
3.74572
4.25220
4.29491
2.58365
2.86895
3.36225
3.68296
3.35544
1.76570
3.29274
3.93847
3.89358
3.80668
4.28257
3.92195
4.29866
3.70591
3.66852
3.99453
3.87152
4.21918
3.52155
1.39731
3.93272
3.95156
2.69868
3.92800
3.83649
3.10311
4.06792
3.42142
4.06579
4.22665
4.05101
3.54345
4.24431
2.69853
4.33198
4.39460
3.96153
4.21525
4.17320
4.12214
4.18867
4.26188
4.18765
4.25679
3.29503
4.27689
4.17109
4.29796
3.95958
2.98371
4.29756
4.01464
3.80533
2.90361
4.19734
3.41405
3.68642
4.17107
4.06337
4.06385
3.52331
3.99776
4.31627
4.35894
4.36949
4.09498
3.95656
3.56370
3.99074
3.83295
3.39467
4.07827
4.19719
4.18420
4.15837
4.23926
4.03236
4.05623
3.86316
3.40376
4.08201
3.46747
4.25012
4.01996
1.87197
3.80975
4.00179
4.28036
3.91678
2.21285
3.25141
4.15683
3.44121
3.90487
2.99889
2.27109
3.84811
3.61287
4.09783
4.20656
2.04877
4.00038
4.01645
4.17311
3.88247
4.20570
3.91749
3.04426
3.62282
3.93759
3.85870
3.83424
3.03985
2.02902
4.18989
3.50461
3.58591
3.15172
4.36721
4.21184
2.23497
4.08439
4.29947
3.73163
2.77713
3.43984
3.95227
4.02172
3.07355
4.16329
4.12606
4.21924
4.23306
4.13177
4.20881
4.20017
4.30119
1.71278
4.09217
4.25388
4.10029
4.33224
3.96829
3.76587
4.12952
3.90025
2.60664
3.86363
3.73270
2.66465
4.16219
4.26458
4.03631
3.33530
3.53663
4.20981
3.64396
4.04111
4.09801
3.85876
3.86939
4.23986
3.29448
3.99583
4.12549
4.22007
4.16376
2.31632
4.26012
4.26081
4.13695
4.13074
3.82145
1.99660
2.64245
4.04364
4.23973
4.35189
4.19291
4.13607
4.01338
2.64286
3.54952
4.20331
4.20728
4.18881
4.03630
3.93530
4.08832
4.33369
2.09304
3.19849
4.09550
3.09178
3.47422
3.57235
4.36130
4.14009
3.06895
4.18553
4.20894
4.19236
4.24164
4.10875
4.00931
4.07497
4.00124
4.24984
4.20763
3.94767
4.10010
3.78420
4.28197
3.95203
4.26948
4.06360
3.59830
4.08469
4.22098
4.39304
4.28511
2.81160
3.96872
4.28438
4.31230
4.32141
4.28095
3.50691
4.22869
3.89119
4.25534
2.11140
4.25801
4.33140
3.97499
4.04701
4.23587
3.65124
1.88935
4.18431
4.05720
3.40748
3.39443
4.31664
3.42612
3.99935
4.09964
3.73672
4.09122
3.77810
1.78331
3.20196
3.90212
3.95984
4.29315
3.74399
3.61624
2.92215
3.72905
4.05888
4.11837
4.26894
3.19173
4.26375
4.35845
4.19834
4.03142
4.28759
3.76185
4.15997
4.05469
4.01854
4.24916
4.12087
4.18540
3.14933
4.26816
3.36984
3.51055
4.22311
4.17219
4.09505
4.00422
4.12012
3.91316
4.13519
4.36844
1.51735
4.04358
4.26313
3.59450
4.06091
4.24064
4.21300
4.07958
4.32533
4.19474
4.24471
3.98150
4.18119
3.81847
3.57411
4.05436
3.89634
3.82619
3.18440
4.20702
4.21985
3.50228
3.93587
1.50870
4.28609
3.44817
3.77701
4.25930
3.81905
3.19133
4.23282
3.59457
2.18464
4.04172
4.17313
4.00096
3.66062
4.30925
4.08900
3.94959
4.26571
3.54021
4.11765
1.89691
4.32313
3.41335
4.21955
3.83131
3.42339
4.10409
3.97197
4.09952
3.89081
3.50017
4.15029
4.26764
4.23614
3.30052
4.19076
2.62921
3.72867
3.99924
3.83918
3.59475
3.58005
2.77525
3.69590
3.99524
3.46904
3.53934
4.18584
4.19566
4.27150
2.93724
1.81532
4.17282
3.72350
2.42016
4.14738
3.71706
4.06912
4.18152
4.14408
3.85193
4.29202
4.13610
4.27264
4.40343
3.60995
3.66090
4.26551
4.39896
3.85779
4.11349
3.19733
4.10067
3.83420
4.20792
4.23411
4.30451
2.23352
3.93052
3.57088
3.79691
3.24076
4.36580
3.48249
3.91515
4.14270
3.72250
3.99237
4.27709
3.28384
3.96664
3.43349
3.78749
4.13941
4.10760
4.22575
3.74080
4.06944
3.55027
4.19288
2.33974
4.15939
3.82322
3.69554
4.30161
1.80110
4.08717
3.96983
4.17531
3.85943
4.18321
4.03885
3.77756
4.39166
3.59314
4.04999
3.22660
4.12304
4.07862
3.58869
3.61752
3.62174
3.71415
3.71595
4.15298
4.22802
2.19008
3.26795
4.03472
3.85519
3.91578
4.09916
4.00494
3.90567
4.36736
4.00401
4.17882
3.78082
3.39519
2.91342
4.23855
3.37441
3.87548
3.80350
3.81438
3.53804
