4.17772
4.38312
4.46599
4.42129
3.97554
4.21674
4.42866
4.36067
4.26600
4.35127
4.28286
4.46969
4.43383
3.25133
3.85557
4.23087
4.29776
4.44138
2.56957
3.83026
4.05473
3.97988
3.93962
4.36136
4.39343
4.46365
4.23162
4.40051
4.44356
3.88611
4.00913
4.48767
3.98908
4.07543
4.35169
4.36114
4.04742
4.33187
4.32581
4.46807
4.34406
4.27267
4.07055
3.42337
4.38702
4.06684
4.39693
3.81048
4.28498
4.50810
4.47545
4.45263
4.06829
4.49121
4.32705
4.48548
3.09514
4.24585
4.41288
4.21943
4.39761
4.16721
4.28559
4.26018
3.76713
4.09295
4.39287
4.44903
4.36648
4.00800
4.47081
4.49066
4.38951
4.17819
4.32366
4.24265
3.26157
4.39189
4.13704
4.05110
3.84186
4.40478
3.97879
4.03567
3.88419
4.41359
4.21218
4.42309
4.36080
3.16552
4.26317
4.43573
4.45113
4.34634
4.46430
4.47558
4.26407
4.46513
4.51150
4.34682
4.28947
3.20129
4.45093
4.03028
4.27389
3.00566
4.30682
4.49278
4.37665
4.37470
4.03145
3.84853
4.34030
3.91083
3.98386
4.03452
3.92923
4.34021
4.37770
4.25475
4.49138
4.43226
4.34573
4.36148
4.05614
4.45218
4.40757
4.43415
4.42089
4.21164
4.28569
4.36751
4.44827
4.38812
4.32194
4.40944
4.41681
4.43126
4.30131
4.33972
4.25491
4.46353
4.38919
4.40633
4.44446
3.04239
4.47001
4.35536
4.29641
4.40288
4.40980
4.47261
4.37338
4.41030
4.38028
4.48011
4.28875
3.77461
4.26669
4.34108
4.46467
4.48068
4.38059
4.22429
4.47623
4.36739
3.93882
4.23357
4.28550
4.35570
4.04136
4.07287
4.29718
4.34977
3.98596
3.35763
4.40902
2.39035
3.67532
4.38674
4.43286
4.30518
4.24196
4.37106
4.32227
4.47093
3.85067
3.97305
4.02203
3.72306
4.21960
4.46353
4.33996
4.28785
4.30669
4.28641
4.37121
4.36902
3.90044
4.38114
3.21381
4.46836
4.35146
4.17807
4.48197
4.41769
4.09706
4.47217
4.48960
4.47397
2.94477
4.38316
4.29955
4.35602
4.46454
4.20052
4.00443
2.25262
4.39292
4.43111
4.42281
4.00470
4.25501
4.48460
4.48525
4.21339
4.28588
4.50665
4.32461
4.28289
4.01603
4.14864
4.47381
3.57704
4.48923
4.42326
4.41524
4.27998
3.63620
4.47174
3.81791
3.96026
4.43086
4.24657
4.30039
2.78607
4.35507
4.44972
4.27640
3.80974
4.41650
4.47759
4.33656
4.45356
4.16891
4.39859
4.42559
4.43170
4.24339
4.26532
4.42200
2.83782
4.48421
4.41443
4.26943
4.36295
4.33392
4.04618
4.08149
4.33278
4.17820
4.36677
4.33825
4.19090
4.30762
4.18237
1.85723
4.39175
2.85976
3.77259
4.22218
4.48232
4.27559
4.24990
2.99200
4.42790
3.94090
4.38156
4.33234
4.33470
4.38706
4.44555
4.39124
4.43944
3.92299
4.31913
4.17942
4.44158
4.39876
4.30658
4.03913
4.49908
4.49265
4.07651
3.89836
4.25664
3.89452
4.27748
4.37735
3.73769
4.33715
3.66201
3.54235
4.21834
4.47460
4.42451
4.37980
4.44795
4.45795
4.41372
4.42744
4.48573
4.43300
1.77989
4.38641
4.07470
4.29127
4.40024
4.46617
4.32012
4.44715
4.19074
3.63956
3.91751
4.45439
4.17942
2.37459
4.34617
4.44747
3.15884
4.26320
3.83773
4.22332
2.84915
3.67994
4.33493
4.37096
4.29201
4.28336
4.40063
4.41702
4.16452
3.89496
4.41799
4.24772
4.44534
4.36728
3.92316
4.41768
4.44758
4.40224
4.21112
4.46345
4.35190
4.37757
4.29797
4.24779
4.41770
4.38349
4.37617
4.44606
4.04734
4.29001
4.39065
4.48124
3.90143
4.24854
3.07449
3.96648
4.16850
4.40064
4.24983
3.65175
4.50697
4.35153
4.32531
3.79280
3.08834
4.39961
4.40986
4.39553
4.11863
4.52410
3.69335
4.41102
4.36327
4.42111
4.51011
4.29653
3.69993
3.99057
4.49635
4.45604
4.44663
4.30626
4.36295
3.86295
4.12478
4.42992
4.38680
4.43757
4.50674
3.03666
4.44778
4.45252
4.40693
4.36634
4.46554
3.45895
4.31676
4.42076
4.46880
4.42252
4.40048
3.85220
4.14612
4.21041
4.31748
4.39062
4.41319
4.22050
3.66308
2.49270
4.23208
4.43085
4.28757
4.52296
3.83411
4.10858
4.46323
4.14867
4.36700
4.17289
4.49182
4.12804
4.33137
3.90495
4.33054
4.22414
4.34636
4.10664
3.92122
4.27335
4.22788
4.38373
3.75341
4.21804
4.31439
4.45120
4.20177
4.44397
4.44180
2.60402
4.35137
4.01591
4.35638
3.92916
3.98466
2.42214
4.30851
4.14622
4.38477
4.28590
4.44110
4.39508
4.49085
4.37335
4.32463
4.41838
4.39580
4.38903
4.28053
4.38549
4.49048
4.29927
3.48225
4.19473
4.33154
4.32826
4.32881
4.28696
3.71690
4.38205
4.45703
4.43714
4.27757
4.42395
4.32174
4.38191
4.34018
4.35155
3.98719
4.45293
4.20920
4.45451
4.01287
4.32623
4.34522
4.36367
2.29995
4.41551
4.26616
4.10535
3.43758
4.22226
2.95803
2.06123
4.44508
2.21808
1.73050
4.28290
4.50642
4.44063
4.44572
1.65078
4.47029
2.63720
4.17476
4.38727
4.01263
4.45444
4.36090
4.38560
4.35842
4.36495
4.02106
4.48965
4.39544
4.23595
4.40205
4.26440
4.06118
4.24373
4.34973
4.42707
3.90026
4.29017
4.44248
4.12320
4.33689
4.40804
4.22004
3.07765
4.43078
4.19559
4.17004
2.14774
4.45938
4.43846
4.39812
4.10594
4.36816
4.22851
4.01729
4.32555
4.52134
4.28684
3.66614
4.31016
4.45754
4.40863
4.37344
4.45363
4.43106
4.17638
4.09549
4.25742
4.17621
4.52977
3.61366
4.46514
4.40324
3.31082
4.39143
3.71980
3.94188
4.38213
4.24589
4.37752
4.18043
4.37125
4.36566
4.15051
4.44139
4.34344
3.60232
4.50097
1.97160
4.04885
4.37689
4.12724
4.21102
3.58224
4.37441
4.51901
4.31815
4.36971
4.48036
4.46033
4.22304
3.23328
4.29805
4.27931
4.21382
3.96767
4.23089
4.15386
4.15926
4.45958
4.29869
4.10091
3.63990
4.48055
4.28321
4.43020
4.12742
3.94862
4.40655
3.90087
2.05517
3.91590
4.20285
4.37450
4.37138
1.84084
4.35077
4.33080
4.51001
4.16563
4.40978
4.51532
4.44902
4.39296
4.33455
4.46933
4.34340
4.47866
3.77743
4.02097
4.05176
4.35105
4.40965
4.38454
4.43078
4.35578
4.34136
4.48904
4.44752
4.22809
4.46458
4.01925
4.32460
4.27838
4.48046
4.33967
3.41082
4.28908
4.46161
4.35415
4.43829
3.72707
1.99118
3.94613
4.38261
4.33024
3.51700
4.17232
3.97508
4.36043
4.03469
4.25984
4.38726
4.44356
4.16517
4.36711
4.21302
3.99480
4.44205
3.60437
4.45633
4.03713
4.33813
4.10912
2.58191
4.42000
4.20708
4.32514
3.99683
2.43058
4.32587
4.46660
4.29624
4.43676
4.29957
3.70734
4.15241
4.40008
4.44091
4.31918
4.45668
4.45881
4.24175
4.42314
3.72120
4.32621
3.39383
4.18116
4.46525
4.17028
4.31189
4.44728
4.28990
2.71583
4.28870
4.34032
3.32661
4.39191
4.36995
3.01751
4.28316
4.29120
3.72410
4.43014
4.39486
4.09152
4.31168
3.88731
4.37888
3.43014
4.44520
3.97616
4.23681
4.21964
4.47248
4.09950
3.81550
4.28924
4.21079
4.37537
1.75320
4.28285
4.07808
4.35304
2.98839
4.32710
4.15694
4.42604
4.28832
4.22133
4.07884
4.21804
4.37483
4.33125
3.12164
4.35432
4.45075
3.67514
4.49796
4.23726
4.33003
4.20883
4.30610
3.97299
4.24695
4.43973
4.11767
3.25642
4.27086
4.50619
4.45343
3.86676
4.39171
4.40836
4.21562
4.32915
3.99671
4.02499
4.48072
4.12269
4.36879
3.97104
4.28035
4.49938
2.86063
4.48280
4.31096
4.40396
4.40033
2.99911
4.44751
4.07553
4.32632
4.39094
4.48216
4.24143
4.30560
4.47343
3.89665
4.40735
4.28051
4.06814
4.48103
4.09959
4.41236
4.37977
3.02087
3.47256
4.41195
4.50512
2.64151
4.31425
4.38799
4.44636
4.46396
4.09629
4.45629
2.86009
4.16503
4.38356
3.88823
3.98380
1.28873
4.29071
4.32246
4.38653
4.13342
4.03834
3.39760
4.41909
4.45179
4.44829
2.73947
4.40533
4.36706
4.38403
4.40421
4.46905
4.43552
3.54338
4.37497
4.38367
3.89508
4.45256
4.22624
4.30863
4.37465
4.38532
4.40521
4.12587
4.13920
4.09849
4.17730
4.29023
3.78674
4.39818
4.47356
4.11191
4.40725
4.32125
3.79276
4.48487
4.18370
4.21676
1.54667
4.13121
4.22512
4.34839
4.00600
4.29617
4.28831
4.26318
4.09046
3.85801
4.27662
3.86226
4.20896
4.38492
4.42626
4.32948
3.87507
4.25444
3.99456
4.48809
4.38947
4.38565
4.43764
4.20319
4.38599
4.19582
4.31325
4.35760
4.36579
4.37809
3.77987
3.59296
4.18314
4.52751
4.38893
3.11938
4.37819
4.48613
4.30433
3.95728
3.99678
4.12554
4.07154
4.40243
4.42743
4.46602
4.32595
4.29628
4.45722
4.42758
4.35664
4.36916
4.20529
4.02225
4.45568
4.39823
4.40475
4.28844
4.07716
4.13318
3.54475
4.35919
4.07973
3.89075
4.45837
4.12103
4.50074
3.99744
4.33280
2.96402
4.39762
3.76258
4.09977
4.47001
4.08258
4.08062
4.51571
4.43317
4.20009
4.28406
4.21302
4.38972
4.50702
3.35446
4.37510
3.71427
4.00444
4.35719
4.29985
4.19676
4.44158
4.40602
4.29985
3.35073
4.18555
3.63353
4.37261
4.14917
4.21889
4.39264
3.79764
4.49541
4.19823
4.33183
4.49310
4.34643
4.28162
4.43314
4.16616
4.33643
4.42534
4.46630
4.48220
4.37906
4.38509
4.51522
4.35757
3.85454
4.23960
4.43265
4.42358
3.90073
4.29330
4.30891
4.21537
3.56416
4.45747
4.50963
4.14595
4.20675
3.02377
4.43693
4.43347
4.03662
4.18114
3.13709
4.21472
3.95225
4.45255
4.44515
4.32998
4.37766
4.39752
4.45348
4.37220
4.16306
4.14487
4.42868
4.09846
4.38515
4.46941
4.28738
4.45886
4.39922
3.97720
4.33638
3.64467
4.42689
4.24845
4.21542
4.24170
4.47028
4.17508
4.46528
4.14576
4.25950
2.34043
4.10539
4.39727
1.99274
4.32770
4.07146
4.36468
4.30485
4.35123
4.46280
3.13990
4.36574
4.47692
4.42380
2.46068
4.18867
4.33889
4.28106
4.28514
4.39569
4.40847
4.24018
4.31409
4.15281
4.02683
4.19195
4.33188
3.78272
4.41260
4.42771
4.34202
3.71093
4.15328
4.36853
3.75042
4.42536
2.75170
3.74449
4.39980
3.73688
4.37183
4.10859
4.43515
4.09130
4.47015
4.24236
4.37992
4.25047
3.24664
4.31952
4.43191
4.19149
3.81802
4.40764
2.42622
4.27679
3.91955
4.08787
2.67389
4.43923
4.43915
4.12483
4.44945
4.44413
4.43809
4.28198
4.16125
4.21310
3.71721
4.10209
4.02197
3.90105
4.43359
3.80719
2.82785
3.85881
2.48068
4.39945
3.55279
4.39813
4.46158
4.20938
4.24484
3.79931
4.46684
4.35462
4.49293
4.18953
4.30267
4.38729
3.57069
4.42620
3.00959
4.48768
4.31673
3.95513
3.55613
3.26745
1.77016
4.44300
4.42591
4.42750
4.30803
4.10623
4.41778
4.27756
4.41175
4.40046
4.52577
4.46019
4.22557
4.37688
4.40998
4.28458
3.95828
4.32600
4.47823
4.18187
2.97963
4.28234
4.36817
4.37496
3.40800
4.41413
4.33781
4.32772
4.29198
4.19603
3.61806
4.37937
4.40987
4.46472
4.13231
4.38352
4.44422
4.42370
4.41826
4.39785
4.23494
3.78362
4.40591
4.19087
4.30174
4.14104
4.32854
4.40599
3.77850
4.36651
4.47494
4.39767
4.43904
4.46184
4.03470
4.33278
2.90891
4.46312
4.21044
3.94992
4.32680
4.35604
4.49270
4.31754
4.48351
4.50124
4.01007
4.01772
3.98060
4.35924
4.43504
4.52452
4.23490
4.41207
4.31313
4.40469
4.28889
4.04441
4.34617
4.44901
4.31908
4.19829
4.33613
4.45690
3.79422
4.43613
3.65041
4.19050
3.78575
4.47452
4.41477
4.22899
3.26186
4.47086
4.49830
4.23137
4.31146
4.20955
4.39021
4.34442
3.73538
4.50278
4.48501
4.15857
4.40778
4.51781
3.88787
3.56969
2.84878
3.76255
4.43659
3.91614
3.48380
4.12530
3.88885
4.31825
4.29434
4.23090
4.43109
4.17077
3.98793
4.31266
4.48585
4.46878
4.50338
4.39926
4.34955
4.38104
4.00965
4.26637
4.37596
4.42129
3.40720
4.29455
4.38752
4.39178
4.41746
4.42759
4.44328
4.34727
4.33180
4.41736
2.58826
4.35980
4.31613
4.48079
4.35380
4.44237
2.28846
3.76485
4.40820
4.33156
4.42062
4.38323
4.02778
4.38301
4.31785
4.40661
4.32350
4.48144
4.50032
4.11968
3.87671
4.46580
4.26078
4.48071
4.15532
3.99348
4.49561
4.35790
3.72900
4.16305
3.67799
4.19605
3.56654
4.18029
4.37697
4.14409
4.20427
4.10517
1.72621
4.37392
3.72545
4.38310
4.17468
3.83177
4.47144
4.21420
4.26332
3.56271
4.40933
4.48869
4.49224
4.23442
4.43058
3.98458
4.39012
4.49289
4.37051
4.47688
4.40041
4.40306
4.49354
4.34664
3.89771
4.26147
4.41037
2.86553
4.38689
4.45145
4.30269
4.25659
4.19867
2.71949
4.32257
4.41521
3.78024
4.01939
4.22478
4.37465
4.10379
4.40276
4.33491
4.31040
3.99707
3.96809
3.84615
3.84787
3.98522
4.46610
4.47477
3.30726
4.26285
4.04383
4.39528
4.06743
3.74353
4.41059
4.42485
4.29274
4.46241
4.37150
4.32284
4.18190
4.43165
4.45000
4.31921
4.13534
4.27111
4.44757
4.22204
4.14397
4.23303
4.43696
4.32530
3.64304
3.24369
4.45284
4.41406
4.16739
4.40561
4.10164
4.39778
4.40254
4.30281
4.26867
4.31172
3.76070
4.39006
4.41232
4.32143
4.51742
4.33703
4.37810
4.19746
4.29772
4.48767
2.86682
4.04492
3.75529
4.38861
4.36326
4.31279
3.76833
4.43364
4.29241
4.42257
4.21051
4.19131
4.15869
4.16262
4.21869
4.36774
4.01138
4.44526
3.50731
4.19465
3.97475
4.42544
3.83232
4.33567
3.81755
4.37868
4.38450
3.93053
4.37215
4.30492
4.50627
4.40878
4.34950
3.87125
4.48025
4.46776
4.43713
4.48279
4.35711
4.45878
4.38194
4.45205
2.87859
3.91200
4.45072
4.10020
3.90261
3.91592
4.40872
4.05075
4.43745
4.15050
4.28492
4.08022
4.49796
4.40446
4.29567
4.50683
4.19526
4.39815
4.35898
4.08540
4.40046
3.55028
4.41505
4.20317
4.41278
4.40943
4.49532
4.27571
4.48214
3.81490
4.34121
4.43600
4.50423
4.44659
4.45583
4.42166
4.16778
4.46869
4.02150
4.44352
4.32488
4.04799
4.42373
4.34846
4.05017
3.48433
4.38251
4.45009
4.25207
4.13570
4.02417
4.30986
4.22212
3.89209
4.47453
4.47186
2.99426
4.20449
4.34478
4.26717
4.42070
4.44133
4.15205
4.32450
4.38166
4.46749
4.41003
4.44803
4.46962
4.02406
4.51148
4.35265
4.02428
4.29103
4.43441
4.34031
4.42000
4.00983
4.24762
4.16567
4.47773
4.39686
4.37431
2.28494
4.25957
4.31472
3.86937
3.89818
4.31174
4.17462
4.48421
4.39616
4.45319
4.31480
4.01956
4.39803
4.42898
4.16112
4.09089
4.46741
4.28321
4.50486
4.34076
4.42224
4.41805
4.00928
4.40877
4.42186
4.46985
4.28221
4.09448
4.41343
4.37186
4.47957
4.36944
4.44951
4.38774
4.45446
3.43211
4.43379
3.69798
3.89011
3.28025
4.35737
4.14863
4.42292
3.99780
4.25750
4.24981
4.38710
4.26222
4.17334
3.95342
3.37743
3.98349
4.43875
4.08842
4.26061
4.30600
4.06931
4.43542
4.45384
4.02405
4.32935
4.36025
3.83950
4.47915
4.24184
4.39398
3.89617
4.05739
4.30770
2.83310
4.53045
4.42213
4.39105
3.99522
4.52047
4.46090
4.24546
4.34809
4.39698
4.22288
4.39786
4.28616
4.40508
4.31918
4.46187
4.35899
4.26751
4.38314
3.71499
3.96658
4.46805
3.73767
4.05512
4.46765
3.22115
4.46357
4.34529
4.41345
3.95392
4.37380
4.46267
4.37075
4.31236
3.58509
4.42515
4.08490
4.23464
4.30808
4.39525
4.17799
4.29980
3.65322
4.42570
4.07917
4.16985
4.17593
4.33795
4.18248
4.28609
4.44550
4.38859
4.30803
4.19893
4.37630
4.03808
4.42495
4.48468
4.43741
3.11879
4.46311
4.08750
4.46553
4.17022
4.35201
4.17213
3.73956
4.38606
4.39309
3.90639
4.42055
4.34313
4.30302
4.27083
4.03737
3.97048
4.45319
4.37547
4.42426
4.26213
4.31875
4.39740
4.09513
4.25079
4.43264
4.19509
4.44929
4.23549
4.42445
4.45466
4.36727
4.07894
4.46677
4.24661
3.27777
3.80521
4.07117
4.07282
3.83766
4.45768
4.16271
4.43093
4.19714
3.99841
4.16248
3.18973
4.34396
4.34328
2.25009
4.36367
4.27492
4.04515
4.26093
4.28206
3.74301
4.40418
4.12443
4.24301
4.03735
4.22817
3.94652
4.41498
4.38361
4.21145
4.44164
4.27083
4.45736
3.82271
4.46850
4.41437
3.99022
4.33165
4.39402
4.47307
4.21984
2.74811
2.76130
3.89005
4.47377
4.39345
3.82066
4.23062
2.35576
4.33986
4.25106
4.47951
4.44902
4.31095
4.43189
4.47333
3.98311
4.44625
4.14226
4.43747
4.28161
4.26448
3.90653
4.16728
3.98915
4.33360
4.05963
3.29620
3.66557
4.27733
4.37024
3.77218
4.44278
4.48203
4.45985
4.28688
4.50137
4.23802
4.31415
3.41104
3.98286
4.34735
4.16218
4.48244
4.23015
4.45072
4.34016
3.63084
4.40161
4.01178
4.16746
4.38584
3.99304
4.50176
4.43843
4.48673
4.18143
4.36308
4.31117
4.14887
4.41673
4.38698
4.29186
4.19389
4.05057
4.44406
4.12614
4.45628
4.07413
3.89543
4.09591
4.37595
4.47347
4.07020
3.71398
4.39312
3.86556
4.22345
4.25552
4.40774
4.32440
3.60975
4.44483
3.89395
4.03523
4.19902
3.29408
4.36830
4.18765
3.54782
4.18340
4.48684
4.34605
4.49985
4.34210
4.16669
4.48920
4.37655
3.84529
4.47407
3.70772
4.18188
1.91611
4.41632
4.23761
4.33440
4.31479
4.04490
4.41834
4.50059
3.26959
4.47968
2.27144
4.48136
4.30363
3.83521
4.46044
3.73087
4.27205
4.40610
4.40647
3.64494
4.42361
4.44703
3.68010
3.62449
3.88197
4.12760
3.62547
4.12181
4.32120
4.34721
4.43164
4.32906
4.49165
3.54075
3.92761
4.39166
4.41217
4.26434
4.32461
3.99264
3.56932
3.42005
4.45224
4.40746
4.33530
3.22211
3.81592
4.32974
3.96763
3.51587
4.39067
4.34874
4.12877
4.42529
3.94997
4.27999
4.18237
4.32549
4.33897
4.12131
4.46417
3.12221
4.47307
4.50289
4.43109
4.17909
4.31024
4.35459
4.33166
4.36708
4.08629
4.19226
4.41933
4.37822
4.29252
4.51569
4.33198
4.40892
4.40340
4.32002
4.33827
3.74127
4.23569
4.28333
3.96525
3.64736
4.34332
4.42496
3.74666
4.42245
4.40233
3.36042
4.47482
4.45827
4.13511
4.06158
4.49728
4.29131
3.59090
4.18544
4.46660
4.30247
4.43418
3.86832
4.18146
4.25345
4.07927
4.30035
4.43526
4.12882
4.46356
3.87482
2.69572
4.31816
4.15677
2.07652
3.79809
4.42207
4.22950
4.26643
4.35851
4.37446
2.13430
4.48386
3.95282
4.39339
3.85406
4.06401
4.15977
4.34524
3.42012
3.91010
4.35035
4.36150
4.51950
4.28880
4.45828
4.46574
3.97203
4.01516
4.44406
3.96435
3.07312
4.30270
3.99324
4.40517
3.82830
4.42998
4.26466
4.01578
4.24320
4.40251
4.41652
4.11116
4.34493
4.40515
4.23818
3.73871
4.11991
4.36767
4.33809
4.24885
2.73980
4.07688
2.86349
4.26422
4.40097
3.34720
4.04828
4.03565
4.46463
4.03740
4.51869
1.81652
2.91481
3.78283
4.38428
4.37813
3.90444
4.19918
4.32080
4.47023
4.33785
4.46296
4.16107
4.37993
4.09764
4.37217
4.47599
4.42158
3.69862
4.45796
4.46527
4.17650
3.82846
4.20029
3.29678
4.40959
4.14054
3.80900
4.38661
4.26297
4.39580
4.34879
4.30811
4.13691
4.43536
4.34273
4.13980
4.31783
2.83863
2.90643
3.78231
4.17389
2.12309
4.23841
3.26151
4.29802
4.33554
4.52565
4.36208
4.06976
4.14455
4.26244
4.43033
4.32902
4.51528
4.29218
4.17239
4.25765
4.49021
4.39835
3.31317
4.06508
4.33284
4.45264
4.46210
3.55327
4.39831
4.31284
4.44390
3.71438
3.78478
4.38078
4.28312
4.30981
4.37085
3.14165
4.42873
4.11851
4.12820
4.27881
4.40580
4.21775
4.07618
4.26343
4.46237
4.40883
4.36861
4.24954
4.26988
4.29530
4.49229
4.51215
4.08577
4.29255
4.32630
4.38539
4.06194
4.42365
4.42414
4.19686
4.33172
4.25994
4.25905
4.46352
4.31466
4.38175
4.42967
4.26551
3.98242
3.86730
4.37497
4.40799
4.44609
4.32505
4.37931
4.47878
4.39304
4.06008
4.34942
4.16190
4.25539
3.21074
3.27304
4.31916
4.04237
4.03160
4.24809
4.41139
4.46233
4.47215
4.40835
4.40023
4.42050
2.91672
4.39489
4.43626
4.35420
4.52437
4.40862
4.45437
4.34984
4.34537
4.12768
4.23011
4.22456
3.64909
4.21466
3.43009
3.69564
4.30259
3.80654
4.37251
4.43695
4.20199
4.49251
4.48454
4.43843
4.24019
4.15878
3.18923
4.43564
4.24791
4.44512
4.43615
4.39993
3.94371
4.46839
4.47470
4.32043
4.31442
4.42029
4.37486
4.34977
4.36561
4.24272
3.97748
4.47809
4.46846
4.28553
4.48284
4.40249
4.12280
4.37495
4.41055
4.33151
4.33388
4.07815
4.25581
4.39412
4.39186
4.38357
2.73789
4.18265
4.27175
4.30032
4.37294
3.88196
4.36844
4.40817
4.35105
3.46765
4.49843
4.17462
4.40812
4.17699
4.45131
4.01012
3.64390
4.16244
3.53655
3.44960
4.17866
4.40915
1.61226
4.21674
4.33934
4.40325
4.03073
3.75171
4.30021
4.01125
4.34149
3.65323
3.80546
4.12036
4.26531
4.42284
4.02211
2.89170
4.21829
3.97850
2.75316
4.43804
4.31465
4.51303
4.32949
4.45071
4.41441
4.28761
3.33126
4.14425
4.26210
4.45807
4.44376
4.48810
4.37881
4.33015
4.38622
4.38839
4.46952
3.80155
4.43793
4.38223
4.41862
4.14752
4.35530
4.09513
4.40626
1.60709
4.37663
4.46483
3.89683
4.36699
4.13777
4.11488
4.40756
4.39105
4.25803
3.65757
4.50232
4.32795
4.39141
4.19969
4.40538
4.49239
4.50963
4.09462
4.02994
4.44481
4.43951
4.48076
4.42170
4.51270
4.27551
4.08919
4.45119
4.42346
4.22187
3.08799
4.33456
4.25912
4.30166
4.20186
4.38490
4.33866
4.06364
4.42507
4.51213
3.16896
4.41459
4.33702
4.25750
4.29452
4.32747
3.98247
4.33754
3.07806
4.06809
3.75770
2.70670
2.82898
4.01207
3.96328
4.21922
4.38366
4.27184
3.84808
4.27570
4.09678
4.15656
4.45206
4.44220
4.30770
4.33619
4.46926
4.19780
4.28619
3.86897
4.38366
4.53820
4.11033
4.43496
4.21599
4.16778
3.63167
4.42145
4.45110
3.07193
4.28410
4.09848
4.17626
4.37960
4.32565
4.33937
4.44426
3.77927
4.34768
4.48308
4.37248
4.42868
4.30018
4.41902
4.34094
4.50236
4.42879
3.42097
4.47701
4.06225
4.19808
3.56138
4.50777
3.48279
4.27091
4.40264
3.55607
4.31029
3.56945
4.30196
4.34393
4.37560
4.24899
4.35263
4.47397
4.34438
4.45756
4.41655
4.48358
4.13561
4.48255
4.20914
4.47725
4.38279
3.70447
4.22423
3.81637
4.20432
4.26765
4.41243
3.25964
4.20252
3.34656
4.05379
4.44531
4.41532
2.92437
4.23315
4.47341
4.44398
2.83476
4.22149
3.85700
4.45234
4.23897
4.29854
4.18523
4.47303
4.38101
3.11096
4.40248
3.22660
4.50070
4.34404
4.19653
4.29726
1.51283
4.22699
4.28587
4.37944
3.61980
4.32678
4.19238
3.78800
3.71771
3.96909
4.43361
4.35192
3.31986
4.00764
4.00457
4.19649
3.56611
4.39215
4.29405
4.24344
2.90951
4.49412
4.47080
3.97358
4.24087
4.52144
4.43410
4.42378
3.00949
4.47591
3.71153
3.92657
4.37471
4.49531
4.35184
4.45854
4.23636
3.08101
4.13397
3.96745
3.83068
4.36913
4.31607
4.40357
4.38336
4.21291
4.40028
4.27201
4.09056
4.28369
4.39961
4.50009
4.42140
4.33660
4.46467
4.07696
4.11550
4.41809
2.81250
4.31518
4.38622
4.12643
4.41608
4.40955
3.61773
4.38700
4.43857
4.49292
4.48017
4.03745
4.20130
4.27208
4.18856
4.47680
4.22809
4.31939
4.47900
4.15651
4.05799
3.91391
4.31375
3.55687
4.22408
4.40743
4.39304
4.32711
2.80992
4.38384
4.45694
4.29348
4.39743
4.40529
4.32426
2.94584
4.29982
4.24554
4.39736
4.15613
4.45277
4.46520
3.61071
4.36329
1.97211
4.10413
4.27079
4.45802
4.40370
4.13763
3.50349
4.09889
4.28105
4.12499
4.43190
4.34886
4.36686
1.83826
4.39244
4.18668
4.44365
4.21900
4.50212
3.61525
4.36585
4.19809
4.29445
4.42956
4.46475
4.26900
4.47592
4.18109
2.64486
4.29268
4.43520
4.42370
4.31823
4.23650
4.42438
4.23895
4.41888
4.21364
4.41088
4.43927
4.03789
4.45698
2.63638
4.41879
4.20923
4.34859
4.38096
4.27895
4.34977
4.43476
4.03546
4.37262
4.46047
4.23134
3.74989
4.47502
4.36785
4.19761
4.30776
4.45179
2.21549
4.12993
4.34703
4.46725
4.19888
4.47557
4.51681
3.60459
4.50629
3.67091
4.43232
3.92502
3.20925
3.83513
4.42498
4.34826
4.26751
4.40746
4.45804
2.19261
4.46751
4.43436
4.33900
4.36960
4.24972
4.39806
4.40817
4.27012
4.46572
3.95329
4.38517
4.29061
4.49501
4.21269
3.70264
2.98395
3.94029
4.33115
3.98467
4.14900
4.49254
4.31468
4.42102
4.40987
4.36109
4.48751
4.30820
4.35375
4.38878
4.49404
4.16138
4.11337
3.96098
3.98694
4.35675
4.24158
4.09929
4.37025
4.36686
4.28182
4.51392
4.40627
4.49311
4.33174
4.52102
4.41315
4.40282
4.51183
4.42019
3.71293
4.47202
3.52562
4.29678
4.48227
4.25683
4.27324
3.78034
4.44261
4.21572
4.31453
4.46119
4.39986
4.19119
4.43948
4.34304
3.99610
4.36459
3.91807
4.05031
4.39587
4.09310
4.33960
3.73078
4.24125
4.24709
4.26986
4.13541
4.27083
4.33251
4.07201
4.42994
2.51502
4.22326
4.23264
4.10655
4.38298
4.37518
4.41703
4.16425
4.46757
4.47096
4.50234
4.24566
4.26113
4.38963
4.40213
4.32712
4.41580
4.32594
3.92536
4.35752
4.40613
4.16215
4.30426
4.48742
4.17912
4.30149
4.52289
4.30072
4.34069
4.47501
4.38434
3.89957
3.82704
4.39336
4.29611
4.47674
4.33390
3.59025
3.34132
4.36471
4.36838
4.32998
4.48148
3.73611
3.76610
4.40482
4.31383
4.41009
4.19945
4.31395
4.11191
4.41209
4.50461
4.21660
4.16982
4.42160
4.38009
4.47088
2.47780
3.54781
4.08980
4.37837
4.30672
4.51606
4.20273
4.38741
4.48118
4.20242
4.11267
4.22439
4.17312
4.38871
4.08144
2.98506
4.41738
4.34336
4.24172
4.23790
4.07803
2.97497
4.47008
4.21231
4.29526
4.42945
3.94760
4.16963
3.69732
4.19128
4.37564
2.80317
4.26805
4.11101
4.33561
4.45418
4.19419
3.85114
4.42084
4.43509
4.46062
4.03634
4.34419
2.33594
4.49742
4.44838
3.88179
4.47907
4.33636
4.29360
4.40419
4.44613
3.50811
4.42393
4.37300
4.04129
4.46444
4.27956
4.37021
4.44684
4.24378
4.12010
3.60902
3.28425
4.12457
4.34960
4.40828
4.01305
4.34694
4.42673
4.47530
4.41866
4.45936
3.27449
4.37394
4.38113
4.49069
4.47451
3.76685
4.09198
3.47848
4.50247
4.44022
4.39638
4.35447
4.43992
4.44229
3.93834
3.54940
4.46985
4.35950
4.31328
4.42538
4.26378
3.87758
4.41254
4.36517
3.87061
4.28905
4.47154
4.35669
4.35922
4.45984
1.03461
4.47266
3.63393
4.38542
4.03585
4.09673
4.31669
4.10443
4.28968
4.48030
4.44450
4.29163
4.43066
4.42908
4.29497
4.40143
3.93143
4.38573
4.32302
4.41834
4.24469
4.44533
4.17009
3.76130
4.23693
4.41801
2.08357
4.43605
4.20114
4.18820
4.37450
4.42617
4.25582
4.39174
4.40774
4.39348
1.95671
4.41923
4.37616
4.41692
4.08857
4.22967
4.22840
4.41854
4.39855
4.22827
4.46765
4.31392
4.47779
3.03687
4.29397
4.10935
4.13113
4.33904
3.78150
4.25681
4.46242
4.38273
4.48862
4.23707
4.35486
4.35876
4.42659
4.45604
3.80601
4.25085
4.15691
4.01846
4.45224
4.45335
4.50806
4.26096
3.78746
4.49065
3.96194
4.41867
4.35875
4.31250
3.27482
4.49873
4.43703
4.47889
4.44555
4.32542
3.51701
4.30121
4.41978
4.39341
4.33952
3.64689
4.50184
4.50887
4.44621
2.60496
4.34612
4.26757
4.07754
3.79088
4.46772
4.20752
4.39814
4.43187
4.45541
4.45368
2.01452
4.36206
2.75679
4.43963
3.45828
3.98730
4.36365
3.77109
4.34544
4.36570
3.90127
2.63202
4.37246
3.32219
2.57829
3.87928
4.28528
3.95396
4.02364
4.26192
3.97109
4.45540
4.32600
4.12185
4.24202
4.31229
4.31158
3.89499
4.32498
4.26928
4.29258
4.17952
4.33486
4.27077
4.41844
4.35427
4.37444
3.93956
4.46930
3.82156
4.44781
4.32728
4.28438
4.01292
4.11528
4.29597
4.36582
4.20765
4.36731
4.01023
4.43645
4.22623
4.42446
4.49545
4.40242
3.58500
3.62423
4.20324
4.47084
4.41531
4.35845
4.22991
4.40873
4.01168
4.52999
4.36644
4.19499
4.40893
4.41376
4.49383
3.79768
4.05240
4.18660
4.09515
4.31296
4.40165
3.70812
4.11960
4.39072
4.30362
4.31412
4.20764
4.27679
4.45084
4.17898
4.14485
4.38875
4.24599
4.49231
4.41352
4.38144
4.22197
4.30707
4.21535
4.29276
4.32274
4.02597
4.03280
1.95079
4.05851
4.35011
3.81317
4.45361
4.08909
4.38244
3.35924
4.49893
2.53196
4.22388
3.72968
4.48783
4.45398
4.32801
3.19587
4.52260
3.97280
4.20660
4.42990
4.31752
4.06022
4.38276
4.24550
4.34891
4.20140
4.51111
4.09091
4.24970
4.46795
4.44713
4.49275
4.34706
4.08928
4.44322
4.25996
4.43712
4.29866
4.33049
4.42155
4.50720
4.40760
4.46315
4.34923
4.42278
3.53169
4.36600
3.94513
4.48454
4.34969
4.44451
3.11691
4.46153
4.49604
4.29457
4.48296
3.67840
4.42252
4.33879
1.86307
4.37998
4.44206
4.45217
4.14215
4.31907
4.41474
3.85804
4.13920
3.82263
4.25819
4.43485
4.41443
4.19396
4.19485
4.41673
4.17629
4.29077
4.49348
4.45138
4.40175
4.34849
4.39537
4.26731
3.66822
3.92958
3.89606
3.21201
4.36828
4.11472
4.03823
4.45077
2.52501
4.36661
4.06882
4.41387
4.37585
2.96945
4.35323
4.25362
4.36429
4.07561
4.41138
3.55192
4.39000
4.42475
3.72023
4.35177
4.19297
4.36117
4.38133
4.41307
4.20950
4.36002
4.38692
4.38877
4.43216
4.40626
4.45865
4.09053
4.43956
4.47739
4.47213
4.43513
4.26704
4.46913
4.03781
3.79252
4.22119
4.31994
4.26703
4.36088
4.28575
4.07917
4.14028
4.03021
4.02872
4.31410
4.46865
4.47200
4.47226
3.77132
4.42378
4.41990
4.42374
4.39365
4.36076
4.14162
4.46457
3.93773
3.65900
4.36276
4.11144
4.45643
4.22786
4.29615
3.88578
4.09214
3.09708
4.17201
4.42731
4.05752
4.49180
4.38174
4.33168
4.25274
1.88165
4.42767
4.28250
4.51256
4.26574
4.31893
2.90225
3.80481
4.01832
4.17678
4.34608
4.38082
4.02283
4.31702
4.15519
4.33025
4.45312
4.19096
4.36801
3.80777
4.26138
4.42617
4.39287
4.21477
4.06980
4.36858
4.40693
4.22444
4.11158
4.37549
4.53650
3.74598
4.35657
4.39200
4.42002
4.15635
4.46893
4.22199
4.38727
3.65000
4.38352
4.31306
4.03677
4.40990
4.36043
3.62439
4.30720
4.40877
4.06375
4.39099
4.11950
2.53930
4.23473
4.35581
4.38374
4.49270
2.37444
4.40272
3.62646
4.36923
3.50457
4.45790
4.23203
4.37699
3.08494
3.71247
4.09442
4.49821
3.24881
4.30915
4.40015
4.06637
4.03865
4.44285
2.20640
2.63581
4.14805
4.30874
1.59221
2.87105
4.32540
4.29523
4.35721
4.37105
4.24407
4.25380
4.32233
3.80367
4.09395
4.01287
2.51579
4.38868
4.36806
3.86247
4.43429
3.97348
4.00589
4.28583
4.43324
4.40396
4.50099
4.49730
4.25008
4.30706
4.36711
4.35450
3.71780
4.33478
4.38306
4.48152
4.25993
4.15519
4.49110
4.46232
4.19400
3.80043
3.58997
4.38421
4.45811
4.06492
4.50179
4.21837
4.51428
4.28763
4.43271
4.43085
4.35180
4.46606
3.70334
4.40653
4.44751
3.86411
3.81658
4.40125
1.77240
4.42319
4.27000
3.65378
4.48916
3.69949
4.38601
4.20740
4.13360
3.63906
4.43066
4.47932
3.97721
4.48355
4.32082
4.15017
4.38771
4.32204
4.15934
4.52249
3.26226
4.42511
4.36191
4.04198
4.39458
4.22509
4.24741
4.44158
4.47915
4.28013
4.08468
2.72011
4.37358
2.62776
4.45821
4.16159
4.28169
4.22622
4.46023
4.31991
3.87575
4.19850
4.28548
4.51585
3.35909
4.21745
4.29944
3.72753
4.06333
4.34102
4.46202
2.73860
4.45837
3.21537
4.41388
4.34649
4.50429
4.50056
2.89295
4.20503
3.98011
4.42704
4.38905
3.65842
4.23077
3.59327
2.65087
4.38282
4.47783
4.31664
4.43315
4.34269
4.46996
4.31771
3.87123
4.52729
4.42085
3.65320
4.41133
4.45538
4.32991
3.97016
4.44392
4.30845
4.44102
4.31280
4.34702
4.33683
4.42169
4.13563
4.43917
3.93047
4.12184
4.49811
4.08595
4.35088
4.09426
3.56722
4.01376
4.47438
4.10831
4.47577
4.29641
3.91341
4.17684
3.58534
4.38618
4.41884
4.45892
4.48947
4.41247
4.20288
4.43966
4.22777
4.44504
4.24018
4.07073
4.06420
4.49752
3.32213
4.13031
4.45797
4.45400
4.38466
4.27192
4.31449
4.41006
4.47115
4.30612
4.47670
4.40335
4.01284
4.27789
2.64331
4.05958
4.34841
4.28412
4.28899
4.27432
3.85742
3.10542
4.46939
1.92419
4.33804
4.24910
4.41226
4.44998
4.05231
4.32657
4.21905
4.42280
4.39158
4.49772
4.40637
4.28329
4.31938
4.30657
1.45011
4.24357
4.46272
4.33176
2.85007
4.37521
4.31385
4.39914
4.37494
4.36642
4.40095
4.50935
3.65043
4.17109
4.33070
4.41117
4.36584
2.77748
3.91951
4.26992
4.45571
4.51240
4.38618
4.38978
4.41586
4.47051
4.43511
4.32118
4.23914
4.34967
4.18089
4.43468
3.98015
4.43539
4.45355
4.33377
4.30921
4.44552
4.38163
4.31172
4.40115
4.44760
4.42677
4.30350
4.43875
3.60572
4.33295
3.83252
3.22619
3.64827
3.91391
4.27807
4.35227
4.21091
4.06292
4.46200
3.39192
4.42421
4.38169
4.45647
2.63958
3.92410
4.29179
4.05280
3.76129
4.42005
4.32257
4.37885
4.33320
4.19187
4.29665
4.19590
4.45921
4.15338
4.13739
1.87284
3.40394
4.51385
4.36808
4.12604
3.13134
3.71857
4.42553
3.94714
3.93681
4.47166
4.34369
4.16282
4.22113
1.69126
3.91175
4.24556
2.27745
4.38300
4.36372
4.11540
4.41141
4.01504
4.37183
4.16379
3.40987
4.34792
4.29191
4.45157
4.39503
3.08190
3.86823
4.13593
4.35643
4.34256
4.13978
4.45696
4.32618
4.17700
4.22789
4.34774
4.40427
4.12810
4.50419
3.59292
4.28748
2.07553
4.36453
4.15570
4.39511
4.26738
4.25167
4.39893
4.48992
4.22429
4.42836
4.44293
4.34423
4.40266
3.99245
4.44922
4.16710
3.42924
4.18945
4.06367
4.36062
4.48818
4.39531
4.39074
4.35250
4.41260
4.44278
4.22205
4.35009
2.80501
4.25810
4.43272
4.43823
4.34107
3.85936
4.28186
4.26122
4.34666
4.50868
4.00705
3.80552
4.03942
4.26024
4.40633
3.77149
4.45917
2.62353
4.07960
4.30507
3.57202
4.36648
4.21227
4.42248
4.51571
4.04585
4.46408
4.20837
4.43160
4.40504
3.33461
4.40883
4.14898
4.45250
4.46499
4.29168
4.39225
4.23269
4.34133
4.42743
4.35811
4.37288
4.32536
4.38634
4.25807
4.23002
4.26856
4.15545
4.17510
3.86038
4.42428
3.83189
4.43182
4.47179
4.51523
4.21830
4.40477
4.35726
3.41529
4.41163
4.39000
4.11062
4.17164
4.45821
4.23679
3.83904
4.50477
4.40591
4.43175
4.31872
4.41680
4.39154
4.32766
4.18890
4.45439
4.37851
4.39962
1.99038
4.34928
4.45941
2.32151
4.33869
4.26573
4.03246
4.30219
4.08165
4.34976
4.37799
4.04601
4.41517
2.74540
4.20012
4.39599
4.45963
4.37011
4.51198
4.26860
4.48046
4.41300
4.47357
4.41042
3.45850
4.48114
4.38819
4.42710
4.31676
4.13786
3.71764
4.37279
3.87604
4.38167
4.35011
4.48152
3.94875
4.16029
4.35887
4.35927
4.35953
4.25063
4.38172
4.12468
3.90133
4.10743
4.47912
4.06186
4.21727
3.38797
4.35661
3.78460
4.01786
3.67482
4.39273
4.44507
4.48915
4.13142
2.98726
4.28836
4.37803
4.36616
4.34748
3.40518
4.43348
4.40928
4.01338
4.46463
4.09118
4.50444
4.44345
4.38248
4.26281
4.22763
4.50985
4.10740
4.42051
4.33384
4.27811
4.19217
4.33262
4.37825
4.32003
4.41105
4.29676
4.16948
4.51651
4.19686
4.41166
4.41495
4.41333
4.31674
4.37405
4.41374
4.27028
4.32847
4.32454
4.29392
4.08436
3.48059
4.30942
4.36725
4.27510
4.36587
4.41801
2.68742
4.47722
4.17282
4.47566
4.07026
4.31162
4.46046
4.29865
4.15832
4.43053
3.76887
4.28687
3.92999
4.00819
4.32212
4.46167
3.99683
2.40111
4.38476
4.43307
3.86133
4.01371
4.47315
4.42231
4.46044
4.38032
3.95760
3.86440
4.32889
2.38334
3.94287
4.45235
4.29046
4.33956
4.48005
4.24256
4.37452
4.45795
4.35072
4.42629
4.40607
4.22975
4.28327
4.42807
4.48714
4.48541
4.08781
4.36720
4.41583
4.16976
4.33115
4.48391
4.28388
4.17185
4.45287
2.92329
4.39577
4.39807
4.05607
4.37990
4.12393
4.26712
4.39047
4.27104
4.31825
4.38692
4.39140
4.29621
3.93275
4.18086
4.52763
4.46090
4.38451
4.24309
4.11715
4.29362
4.18995
4.48524
4.45101
4.33683
4.32112
4.07654
4.24224
3.59478
4.37104
3.72157
3.86615
4.44933
4.29623
4.32987
4.28286
4.44136
4.11456
4.47528
4.25654
2.94104
4.43576
4.31472
4.46912
4.43085
4.38372
4.07657
4.41409
4.22970
4.43676
4.46198
4.09367
4.18629
4.43889
4.44341
4.06059
4.47343
4.43711
3.05127
4.47813
3.96778
4.33410
4.47839
4.35916
4.30210
4.36929
3.89414
4.17254
4.42791
4.40359
4.15684
4.50906
4.45577
3.73428
4.39961
4.19641
4.41666
3.25042
4.34065
4.05237
3.75814
3.76352
4.30029
4.01167
4.16736
4.42371
3.92332
4.27525
4.21474
3.40302
4.46695
4.36647
4.40305
4.52361
4.30964
4.28428
4.21210
3.48088
3.13465
4.31311
4.39064
4.38705
3.76330
4.30204
4.20417
4.39369
4.39478
4.27307
4.42537
4.44675
4.40910
4.37094
3.92103
4.42244
4.49280
4.16786
4.25039
4.47392
4.40631
2.30457
4.48913
4.37491
4.10250
4.05076
4.40164
4.12843
4.43001
4.12377
4.49789
4.26695
3.77179
4.34704
4.37138
3.35591
4.46434
4.10901
4.38944
4.03807
4.43916
4.43518
4.42352
4.33859
4.31027
4.24885
4.36857
4.29670
4.45673
4.10837
4.36884
3.74665
4.24598
4.35010
4.45333
4.10254
2.65620
4.46764
3.72271
4.07645
4.34034
4.36552
4.34946
4.28121
4.44137
4.18816
3.27396
4.37532
4.44380
4.40838
4.35056
4.26851
4.41206
3.27271
4.02864
4.46326
4.16786
3.85854
3.75118
4.45425
4.37925
4.12487
4.34118
4.15450
4.29407
4.14841
4.35561
4.38359
4.32606
3.28912
4.18847
4.49032
3.14928
4.05681
4.46495
4.14246
4.05773
3.76221
4.32333
4.26932
4.18264
4.16620
4.24668
3.05904
4.18953
4.39219
4.37484
4.25487
4.42173
3.31246
4.46389
4.24619
4.28543
4.39731
4.30829
4.48940
3.85094
3.86552
4.42859
4.45159
3.86323
4.41157
4.26201
4.37128
4.07275
4.39347
4.46224
4.22072
4.17023
3.91859
4.38782
4.41199
4.08938
4.32677
3.65352
4.42555
3.89878
4.47742
4.34509
4.35113
4.46999
4.49213
4.26700
3.90791
4.10757
4.47870
4.32841
3.61429
3.68679
4.23233
4.10252
3.96246
4.26984
4.48510
4.26974
4.18015
4.39716
4.45479
4.22994
4.30656
4.41352
4.44539
4.47576
3.53155
3.93619
4.35478
4.33873
4.19658
4.42447
4.10160
3.99683
4.30920
4.28894
2.68754
4.44171
4.13117
4.11181
4.34575
3.69663
3.60118
4.39760
4.16136
4.20725
4.33562
4.33907
4.41031
4.26124
4.33403
4.38646
4.37048
3.79215
4.45859
3.71283
4.31565
4.32901
4.51148
4.19116
4.39640
4.44358
4.15855
4.44468
4.45269
4.40987
4.39905
4.28863
4.21546
2.89373
4.09289
4.32159
4.22473
4.39653
2.41303
4.05008
4.33919
4.36348
4.50080
4.34617
4.26140
4.10669
4.46471
3.91268
3.28251
4.43892
4.40686
4.39449
3.92649
4.37811
4.40339
4.11322
4.44105
4.18061
4.23569
4.28691
4.19656
3.80698
4.48407
4.29527
3.80358
4.35120
3.65611
4.49139
4.37143
4.43679
4.43348
4.15279
4.36598
4.24607
4.48367
2.82391
3.70478
4.45964
4.52549
4.39424
4.33524
4.25506
4.47168
4.33064
4.39773
4.38841
4.21212
4.42211
4.41174
4.14439
4.17730
4.11088
4.49735
3.65877
4.33855
4.34592
4.23819
4.25751
4.13450
4.15275
4.28146
4.36303
4.35576
3.63750
4.39002
4.09502
3.46116
4.47201
4.32350
2.57446
4.47171
4.22486
4.40801
1.88005
4.13550
4.39127
4.38802
4.41076
4.45202
4.22614
4.12985
4.30637
4.43223
4.29386
4.39240
4.20337
4.32274
4.44946
4.02454
4.37002
4.43422
4.07951
4.42705
4.29486
4.40198
4.35304
4.12487
4.50795
4.25324
3.86118
4.41022
4.48076
4.06800
3.97611
4.33737
4.39774
4.40033
4.48718
4.41176
4.46398
4.43330
4.41941
4.28535
4.29080
4.45075
4.27418
3.75437
4.37345
4.47069
4.35818
4.36080
4.43565
4.26186
4.39059
4.31509
3.88530
4.40294
4.33739
4.31857
4.35036
4.49245
2.82374
4.19428
4.44058
4.49592
4.39809
4.45974
3.86155
4.31361
4.04647
4.46073
4.40237
2.08706
4.42670
4.49029
4.33104
4.18544
4.08046
4.35620
4.43038
4.41064
3.62353
4.50063
4.34908
4.45134
4.45953
4.31164
4.40506
4.31093
4.22782
4.37350
4.26683
3.50501
4.39143
4.28671
4.25357
4.49045
3.09575
4.51915
4.38375
4.42312
4.19076
4.35850
4.22039
4.39832
4.46027
4.17701
4.37383
3.85166
4.27582
4.41913
4.39650
4.21948
4.30989
4.50208
4.37370
4.44684
3.98078
4.17052
4.40219
4.45456
3.75720
3.64347
4.21310
4.13227
4.48867
4.15545
4.49408
4.23593
4.41972
4.32774
4.51872
4.21790
4.45060
4.37455
4.22170
4.49166
4.37124
4.25665
4.30272
4.41549
4.47502
4.11940
4.18921
4.32222
4.46368
4.03988
4.41742
4.21215
4.39499
4.38431
4.18930
3.14398
4.23467
4.26453
4.43158
4.48070
3.98078
4.30511
3.87169
4.28564
4.21223
4.45903
3.75144
4.29984
4.03454
4.17477
4.40798
4.18301
4.10917
4.38272
4.28584
4.30783
4.15380
3.65286
4.04635
4.11139
4.47691
4.13727
4.43111
4.43687
4.32497
4.37643
4.09448
4.48982
4.24256
4.10008
4.31547
3.92615
4.39256
4.32895
4.39606
4.44744
4.32979
4.21182
4.04509
4.44462
4.40935
4.46540
4.34544
2.59262
3.77467
4.36018
4.44406
4.42206
4.49298
4.42127
4.16963
4.46220
4.04083
4.33163
4.36223
4.48118
4.22255
4.01763
4.49101
4.39895
4.04974
4.46939
4.43420
4.10458
4.52375
4.18847
4.15289
2.14387
4.27391
4.37976
4.40536
4.49407
4.39234
4.46310
4.35892
4.11712
4.47940
4.18855
4.40829
4.43928
4.30852
4.43226
4.45176
3.97172
4.36187
4.32291
1.93024
4.29247
3.18221
4.36494
4.43001
4.28925
4.27078
4.11200
4.31449
4.15039
4.37853
4.39164
2.58827
4.19677
4.24055
4.13152
4.24836
4.48613
3.83206
4.39964
4.25868
3.71850
4.18512
4.26052
4.50773
4.35787
4.46655
4.13673
4.35736
4.27331
4.22713
4.27786
4.30891
4.28551
4.28284
4.22069
4.46345
4.50863
4.51820
4.40719
4.30404
4.49346
4.20184
4.32722
2.63180
4.39645
4.45830
4.36210
4.45164
2.15118
4.08789
4.22966
4.46077
4.45725
4.17507
4.43865
3.92904
4.29578
2.94811
4.14660
4.21791
4.11566
4.39991
4.42421
4.50285
2.87840
4.39606
3.69534
4.21832
3.76896
4.19934
4.36986
4.34806
4.02722
4.12821
3.85704
4.10997
4.40200
3.37627
4.36594
4.40576
4.42682
3.51914
4.20039
4.22921
4.23298
4.21599
4.16678
4.37741
4.38510
4.34988
3.86780
3.37768
4.42209
4.27459
4.44319
4.37713
3.99813
4.42282
4.16391
4.31974
4.46092
3.82341
3.87434
4.34629
4.17909
4.44378
4.16453
4.48607
4.25374
4.33620
4.42757
4.31780
4.49242
4.38860
3.65540
4.52172
4.51055
4.02234
4.30014
4.39479
3.04512
4.44132
4.42443
4.37939
4.43511
4.35695
4.42087
3.07599
4.34649
4.17316
4.01702
4.42952
4.39878
4.08512
3.97925
4.49596
4.30674
4.49034
4.41325
3.75851
4.39100
4.50345
4.36315
4.31923
4.47510
4.18553
4.24715
4.45927
4.28430
4.14898
4.39305
4.49321
4.23435
4.20338
4.36164
4.34835
4.22227
4.48448
4.45030
4.24695
4.14071
2.64852
4.08245
4.40276
4.37855
4.30926
4.38001
3.65008
4.47035
4.37072
4.28081
4.31893
3.96290
4.37481
4.31201
4.32719
4.04748
3.94474
3.42108
4.40862
4.18772
4.40374
3.80702
4.09075
4.42938
4.47324
4.44997
4.28850
4.30225
4.15641
4.48063
4.18984
4.40171
4.42173
4.31101
4.33783
4.22970
4.33207
4.34113
3.66829
4.34087
4.29121
4.16309
4.28846
4.48698
4.47201
4.21768
4.35206
4.32023
3.08772
4.27241
4.20358
2.96712
4.37547
4.20205
4.19689
3.83412
4.42055
3.66760
4.16949
3.77215
4.36252
4.43313
4.37447
4.28699
4.31569
4.31857
4.47015
4.22388
3.99205
3.92383
4.07314
3.84448
4.39118
4.36510
4.45923
3.18417
4.05515
4.49563
4.46251
4.03742
3.25645
3.95941
4.38833
3.85637
4.46880
4.30822
3.98862
4.47079
4.46259
4.42046
4.52723
4.19347
2.75957
4.35421
4.44635
4.34623
4.43081
4.36173
3.74269
4.47997
4.45565
3.73892
4.42715
3.95923
4.35684
4.36855
4.07935
4.44826
3.66404
4.40822
2.72120
4.35848
3.49266
4.16135
4.31432
3.94164
4.45144
4.33742
4.43333
3.60830
4.32970
2.65162
4.44482
4.42880
4.22533
2.74455
4.47397
4.50647
4.33750
4.46566
4.17488
3.58935
2.92299
4.35674
4.46545
4.44281
4.45248
4.04473
4.38613
4.40835
4.18463
4.24687
2.53569
4.19958
4.16533
4.21140
4.48145
3.05409
3.97416
4.38665
4.18757
2.25472
4.49823
3.99608
4.17325
3.50721
4.34566
3.36433
4.24346
4.34479
4.47530
4.05249
4.48746
4.39908
4.29561
4.40872
4.34395
3.86557
4.44386
4.27906
4.18030
4.28233
4.43001
4.13078
3.95891
4.32013
4.32086
4.28015
4.38592
4.47115
4.44194
4.29155
4.38579
4.48055
4.37342
3.91625
4.31965
4.50895
4.19657
4.38196
4.42056
4.47160
4.17382
4.40123
4.41885
4.44643
4.13138
4.49751
4.45332
4.48188
4.42183
4.12329
4.40575
4.37425
4.43155
4.38745
4.30420
4.39726
4.45533
4.21434
4.31461
4.44024
4.16009
3.72000
4.14275
4.43977
3.82349
4.44478
4.38531
4.31735
4.46004
4.39487
4.04144
4.45235
4.40199
2.81015
4.41719
4.43660
2.78770
4.45646
3.94138
4.41320
4.08416
4.08993
3.65634
3.80295
4.20621
4.43623
4.45510
3.39971
4.19538
4.37070
4.37630
4.37901
4.50469
4.29386
4.36454
4.44164
4.44755
4.44755
4.15491
4.34291
4.33098
4.23582
4.07660
4.22007
1.85787
4.18552
4.48660
3.95758
4.07305
4.35808
4.05889
4.18598
3.86890
4.43120
4.44596
3.97342
4.09042
4.30326
4.49885
4.49198
4.07581
4.44300
4.37875
2.73572
4.49207
3.91981
4.39681
3.90185
4.29697
3.82353
3.73420
4.20904
4.15932
4.46704
4.28343
4.41741
4.42679
4.51485
4.33291
4.45559
4.35588
4.01452
3.20766
4.26391
4.45113
4.32886
4.31741
4.37598
4.38472
4.40752
4.30425
3.80459
4.22090
1.90814
4.04861
4.34832
4.17776
4.34447
4.35636
3.60890
4.43848
4.46658
4.22646
4.14547
4.40635
4.16411
3.72897
4.30023
4.44225
2.74034
3.73246
4.07984
4.45560
4.34465
4.29175
4.48043
4.40464
4.34010
4.20686
3.71965
4.33120
4.45339
4.35217
4.26039
4.04776
3.95733
4.24077
3.61999
4.47119
4.38131
4.45712
4.34229
4.45910
4.38088
4.34563
4.46835
3.80481
4.20436
4.40550
4.28118
4.50524
3.96691
4.33341
3.48401
4.47059
4.48339
4.22596
4.39907
4.29819
4.39807
4.40631
4.22852
4.17365
4.31045
4.29393
4.47740
4.31964
4.34314
4.41861
4.23745
3.96928
4.37712
4.18756
4.47008
4.41765
4.17809
4.00056
4.42649
4.35525
3.45518
4.40060
4.41602
4.45711
4.40667
4.35832
4.33476
4.46680
4.44407
3.91433
4.40891
4.43116
4.36881
4.43307
4.40189
4.43034
4.30099
4.06018
4.39393
3.89548
4.33418
4.48201
4.37630
4.33152
4.42321
4.25983
4.42051
4.41118
4.33024
4.41568
4.45855
3.88199
4.06441
4.44899
4.16521
4.11814
4.31824
4.38194
4.38674
3.53165
4.16908
4.02810
4.28653
4.33082
4.38020
4.49845
4.03529
4.33483
4.47629
4.46754
4.51627
3.96419
4.44588
4.24323
3.99811
4.00554
4.45181
4.40165
3.72787
4.34566
4.33125
3.57041
4.09831
4.35783
4.46525
4.48537
4.36659
4.47934
4.48426
4.05396
4.33165
4.37310
4.41597
4.13251
3.80235
4.50237
4.41554
4.43044
4.09495
4.42401
4.48910
4.16043
4.24706
4.53498
4.35480
4.31628
4.04898
4.48706
4.41905
4.34274
4.30239
4.46861
2.46222
4.21044
4.45175
4.19274
4.44549
4.47997
4.49252
4.30890
4.43314
4.49264
4.35955
2.88925
4.47306
4.39797
3.99021
4.30322
4.05762
4.32197
4.03141
4.49397
4.48158
4.38255
4.26402
4.42047
4.23951
4.45908
4.10297
4.50924
4.27792
3.65301
3.42615
4.47592
4.36562
3.90328
3.97786
4.37783
3.82017
3.67251
4.36665
3.34186
3.86680
4.42229
4.27701
4.20165
4.39100
4.19262
4.11823
4.37118
4.48039
4.02885
4.32222
4.40355
3.40193
4.33670
4.10797
4.44813
4.11341
3.62767
4.42632
3.90712
4.41780
4.26748
4.17729
4.26854
3.81574
4.33065
4.32319
4.29070
2.88724
4.08377
4.24256
2.29080
4.42578
3.80291
4.23450
4.25687
4.37816
4.28212
4.35968
4.20065
4.40797
4.34690
4.14736
3.89697
3.43790
4.35791
4.32964
4.35785
4.38245
3.79689
4.17638
4.28775
4.31432
3.43761
4.29912
4.27905
4.37676
4.24043
4.32190
4.22181
4.37705
4.40755
3.97259
3.71408
4.12722
3.44707
4.22650
4.24585
4.29271
4.32142
4.48807
2.62192
4.44423
4.36040
4.30598
4.52449
4.37014
3.35986
2.66980
4.34835
3.90097
4.20305
4.19589
4.20598
4.47464
1.38894
2.03593
4.22558
4.45723
4.43116
4.47217
4.43176
3.53113
4.29603
4.36685
4.18695
4.45042
4.33493
4.45928
4.22216
4.34464
4.28872
4.33582
4.19421
3.40374
4.44092
4.29784
4.12212
2.91434
4.19725
4.16533
3.39464
3.89811
4.33462
4.08922
4.34585
4.44108
4.43440
4.49223
4.38201
4.43737
4.40947
3.94314
4.35581
4.35822
4.38519
4.29631
3.51077
4.45791
3.14392
4.36649
4.08713
4.33254
4.32630
4.30612
4.40969
4.40486
4.37350
3.98472
4.27245
4.34689
3.54683
4.40313
4.33122
4.42936
4.40998
4.27205
4.47496
4.33184
4.43495
4.15794
4.15355
4.03813
4.11536
4.09214
4.38065
4.31914
4.40878
4.30575
4.31780
4.12235
4.33994
4.15053
4.41396
4.32947
4.32013
4.36209
4.42609
4.32361
4.27095
4.41164
3.82367
3.70735
3.66095
4.09134
4.27331
4.37281
4.49274
4.39629
4.43893
4.39936
4.45597
4.11940
3.06194
4.39672
4.09924
4.36872
4.25499
4.35055
4.46295
4.29649
4.47950
2.81656
3.12128
4.45422
3.97886
4.08658
4.34058
4.12956
4.40765
4.39499
4.48131
4.45044
4.43725
4.03093
4.03304
4.31662
3.24472
4.33107
4.46395
4.37381
4.42961
4.30685
4.39270
4.48394
4.42972
4.38868
3.91615
3.95481
4.45681
4.29725
4.17688
4.42302
3.88829
4.31622
4.32753
4.05704
4.30403
4.44424
4.11849
3.55832
4.26372
4.49170
4.43781
4.21950
4.46981
4.34034
4.49781
4.35133
3.47816
4.43173
3.62499
4.25729
4.42537
4.33785
4.09367
2.57470
4.21796
4.51027
4.40109
2.86351
4.49905
4.29718
3.96315
4.35746
4.34212
4.43571
4.30239
4.22588
3.84690
4.13380
4.29739
4.38139
4.48657
4.35894
3.63706
4.42329
4.18182
4.46787
4.47382
4.31842
2.82792
4.32908
4.28191
4.39891
4.31711
3.97553
3.92148
4.25534
2.55526
4.51582
4.14877
4.38342
4.46924
4.32062
4.37073
4.28281
4.02669
2.79986
4.00760
4.21488
2.58684
3.52283
4.37692
4.15511
4.40913
4.28131
4.33476
4.37482
4.15661
3.71780
4.45020
4.43049
4.34766
4.34955
4.48050
4.47632
4.50237
4.35766
3.26303
4.28834
4.00354
4.25256
4.30443
4.39652
4.34684
4.34301
4.28765
4.23083
4.42103
4.37126
4.36024
4.38518
4.27675
4.28081
3.78195
4.40913
4.36445
4.41606
4.40877
4.45107
4.43783
2.16830
4.50035
4.49115
4.09421
4.43925
4.49911
4.41089
4.45731
4.45409
4.01292
4.09728
4.36765
4.39665
4.13137
3.64530
4.45938
4.34602
4.31445
4.48522
4.32076
4.04030
4.47744
4.18173
4.24166
3.98011
3.43183
4.34254
4.41430
4.35541
1.40135
4.25788
4.26555
3.71894
4.39090
4.30647
3.83460
4.08752
4.46094
3.42593
4.19549
4.30102
4.41470
4.44917
4.04883
3.74420
4.39985
4.44027
4.20298
4.28180
4.09757
4.45945
4.46944
4.46519
4.49222
4.45898
4.36429
1.88927
4.14474
4.40165
4.05981
4.20788
3.91613
4.37984
4.25706
3.83988
3.21751
4.38655
4.42994
4.30321
4.20951
4.17156
4.30096
4.37588
4.23252
4.01631
3.77997
4.49001
4.34265
4.49812
3.47486
4.42372
3.87173
3.88172
4.51195
4.33245
4.47940
4.45154
4.24106
4.11132
4.16380
4.47792
4.48458
4.37503
2.23159
4.18782
4.39284
4.37289
4.24574
4.41532
4.19898
4.29818
4.37777
4.42436
4.45425
2.28899
4.43909
4.38761
4.20321
4.44702
4.27241
4.21813
4.30112
4.02567
4.49992
3.56051
4.33763
4.28446
4.52454
4.05091
4.46440
3.99846
4.34040
4.25598
2.61956
4.38614
4.21961
3.85796
2.80546
3.90275
2.87738
4.10419
4.53143
4.34250
4.35576
4.43797
4.34827
4.00019
4.05041
4.01722
2.76632
4.30553
4.35110
4.29953
4.33402
4.31532
4.25902
4.36914
4.40983
4.26650
4.46337
4.19917
3.54621
4.33667
4.45491
3.96905
4.45074
4.16074
4.44288
4.49864
4.41141
4.38274
4.09015
3.86423
3.49992
4.33085
4.47246
4.19468
4.38701
4.46799
4.39276
4.34830
4.45669
4.40466
4.36142
4.05278
4.18525
3.74961
4.43999
4.32202
4.45527
4.47628
4.45488
4.02370
3.84061
4.10401
4.45626
3.61753
4.27763
4.41881
4.41995
4.49288
4.38701
3.48192
4.33628
4.27032
3.83628
4.12167
4.40866
3.87873
4.41193
2.44317
4.44185
2.87670
4.41535
4.41639
4.29103
4.13198
4.47907
4.27305
4.42946
4.23878
4.25809
4.39055
4.11685
4.35285
4.29393
4.27505
4.34584
4.39089
4.47372
4.46150
2.38883
4.44698
4.40038
3.71518
3.23579
4.27043
4.37670
4.19655
4.41690
4.42910
4.12388
4.52865
3.13963
4.47691
4.43138
4.47548
3.91981
4.41049
4.29625
4.28683
4.18844
3.77949
4.41181
2.52669
4.15488
4.41422
4.46696
2.92549
4.51929
4.37399
3.77483
4.33568
4.39843
4.41351
2.70622
4.41673
4.37478
4.38625
4.50633
1.77542
4.17798
2.19184
3.68235
4.23542
4.40967
4.12330
4.42656
3.90857
4.39941
3.45773
2.98346
4.42656
4.33785
3.94075
1.93796
3.78876
3.94778
3.89189
4.44339
3.83427
4.49950
4.45514
3.81436
4.42610
4.29691
4.50820
4.07266
4.46789
4.47459
4.34424
4.05914
4.43171
4.43176
4.49241
3.96467
4.40373
4.45575
4.37001
4.41912
3.92713
4.34693
4.40982
4.29106
4.33645
4.32513
4.39102
4.06506
3.51459
4.23592
3.94897
2.97966
4.35399
4.25858
4.46326
4.35848
4.21122
4.32631
4.02167
4.32050
4.12873
4.29329
4.34552
4.33530
4.35316
4.29739
4.40271
4.25959
4.40626
4.18404
3.38603
3.89396
4.10176
4.24825
3.82457
3.61786
4.26737
4.45902
4.35922
4.28596
4.04773
4.44189
4.11062
4.21627
4.18355
4.29781
3.76040
4.46198
4.44847
4.29726
4.34760
4.47368
2.92149
4.38943
4.47628
4.38240
4.25578
4.47966
4.11812
3.22879
4.42554
4.17606
3.73760
4.30622
4.41503
3.94423
4.39333
4.20081
4.04129
4.22349
4.04868
4.01162
4.14495
4.44648
4.47009
4.13065
4.32887
3.74993
3.85887
4.50502
3.47660
4.42588
4.38850
4.44295
4.03690
4.24769
4.27524
4.47468
3.79677
4.38754
4.45673
4.43272
4.13353
4.33136
4.23549
4.22777
4.13734
3.98604
3.89524
4.51020
3.59529
4.03820
3.55879
4.38668
4.35458
4.47142
4.29272
4.44619
4.41081
4.35395
4.19593
4.39154
4.32123
4.35560
4.49609
4.21844
4.47028
4.10257
4.38308
4.33383
4.23450
4.44315
3.48885
4.39553
3.49807
4.37133
4.31849
4.18271
4.48087
4.39129
4.23770
4.46599
4.02083
4.50738
4.40949
4.20315
3.66910
4.51254
4.26342
4.19082
4.42315
4.39274
3.59558
4.16411
4.40064
4.49007
3.30828
4.37519
4.38337
3.84987
4.34561
4.40379
4.39010
4.41684
3.73299
4.32728
4.13576
3.67409
4.30314
4.15020
4.18097
3.53682
4.21801
4.09552
2.25905
3.90250
3.64033
4.38375
4.40673
4.15409
4.43476
4.30280
3.68106
4.43277
3.28908
3.42742
4.34395
3.85438
4.27821
4.37373
2.76575
4.39908
4.43939
4.30624
3.17401
4.14170
4.35472
2.83961
3.97354
3.43311
4.03803
4.25150
4.36942
3.32907
4.33732
4.38235
3.96136
4.37615
4.37698
4.41138
4.33474
4.29646
4.36070
4.41259
4.21143
4.43164
4.03869
2.26992
4.45373
3.41985
4.41497
4.39603
4.21961
3.11825
2.09226
4.48672
4.31651
3.91457
1.73216
4.22220
2.95866
4.48404
4.36610
4.39412
4.04959
4.21093
4.39863
3.36669
4.41387
4.27649
4.09212
4.32919
4.32625
4.43189
4.50312
3.95017
4.02479
4.27084
4.32679
4.32507
4.45979
4.36096
4.17949
4.23369
3.57687
4.49509
4.41104
4.50061
4.40132
4.18273
4.28439
4.40512
4.39875
3.90270
4.17276
3.69863
4.46444
4.31149
4.16479
4.47988
4.34379
4.45093
4.45097
4.38667
4.33032
4.03098
3.96202
4.39283
4.38186
4.33763
4.49232
4.44994
4.32422
4.32269
4.35839
4.31580
4.44520
4.05344
4.46826
4.25956
4.34312
4.36544
4.43865
4.37236
4.23734
4.27200
4.39428
4.44981
3.70116
4.41010
4.39515
4.46014
4.47039
4.39775
4.13243
4.35426
3.97227
4.47083
4.32464
4.14193
3.04631
4.43376
4.38197
4.38813
3.69950
4.44080
4.42862
4.17913
4.42655
4.37207
4.24955
4.37382
3.98977
4.13589
4.17637
4.37399
4.45621
4.30491
4.39817
4.29134
4.42190
2.78702
4.32088
4.18279
4.28343
4.36703
2.44935
4.26566
4.45428
4.46225
4.48583
4.30733
4.46679
4.41272
4.37915
4.37063
3.71627
3.74159
3.63230
2.93156
4.02372
4.14562
4.46638
4.43718
2.85443
4.42367
4.42696
4.39499
4.45358
4.30259
3.42887
4.22937
4.46838
3.93091
4.21460
3.44837
4.50826
4.34052
4.26853
4.17131
4.23958
4.38681
4.48155
4.29681
4.47905
4.47981
4.22326
4.44805
4.39104
3.94099
3.25955
4.39688
4.16984
3.06100
4.48351
4.43726
2.48257
3.90546
4.42838
4.33109
4.35240
4.22859
4.20780
4.06989
4.43886
4.14149
4.34904
3.51141
4.32997
4.29756
4.20394
4.45999
3.62937
3.66027
4.51205
4.37134
4.36317
4.31905
4.25439
4.33863
4.34447
4.41353
3.51580
4.02672
3.81879
2.36754
4.40399
4.37773
4.41092
4.20834
4.34628
2.68631
4.44006
4.41148
4.33243
4.03777
3.74756
4.06344
3.13193
2.23108
4.19735
3.85102
3.90852
4.29160
3.37822
4.30670
4.38195
4.45876
4.38371
3.88196
3.73394
4.43529
4.13317
4.49547
4.24732
4.20759
3.77154
4.38108
4.37425
4.03948
4.03743
3.69161
4.36962
4.03092
3.85521
3.88021
4.32811
4.23241
4.34267
4.40134
4.34742
4.49840
4.43770
4.06284
3.49863
3.87211
4.40125
4.33135
2.89874
4.37214
4.36890
4.43772
4.08639
4.45582
4.29563
4.44740
4.35878
4.38303
4.13350
4.33314
4.39432
4.47401
4.32060
4.50325
4.41079
4.29506
4.30826
4.25859
4.05841
4.18885
4.48297
4.43066
4.34507
4.50452
4.39551
4.16452
4.00651
4.42329
3.93043
3.19336
4.15533
4.21550
4.31538
4.50390
4.43758
4.42406
4.47234
4.26108
4.21280
4.34207
4.35970
4.27166
4.29920
4.42460
4.47693
4.43146
4.36244
4.02509
3.57578
3.97042
4.26934
4.46354
4.37304
4.11271
4.38302
4.40505
3.32280
4.48144
4.30549
4.32197
2.71049
4.42393
3.79100
4.26963
4.30942
3.12339
4.13350
4.16987
3.93415
1.90711
4.35717
4.45737
3.91062
4.38623
4.35628
4.10972
4.47733
3.69552
4.39123
4.49900
4.39082
3.53104
4.38269
4.28193
4.31419
4.27261
4.12842
4.36841
4.34763
4.26246
4.42761
4.10360
3.73344
4.35450
4.47053
4.34530
2.50758
4.35536
4.36448
1.93772
4.47806
3.89084
4.24679
2.94828
3.73990
4.28668
4.30788
4.44403
3.54476
4.42679
4.32339
4.35658
4.42228
3.67533
4.36306
3.00974
4.43507
4.47088
4.13391
4.22259
4.37495
4.36841
4.07815
4.40086
4.12869
3.86127
3.71064
3.78841
4.46006
4.39782
4.37210
4.46264
3.64979
4.38813
4.39124
4.21241
4.39160
4.46059
4.49497
3.93445
4.32377
4.33457
4.39115
4.42128
4.43894
4.32950
4.00999
4.48658
4.47243
3.71066
4.44947
4.34971
4.45869
4.33212
4.37066
4.42644
4.14834
4.11096
4.39250
3.97010
4.32891
4.42219
3.79662
4.11542
4.38411
2.79748
4.25248
4.31454
3.84863
4.41352
4.29286
4.49236
3.04531
4.09045
3.79357
4.20078
4.50912
3.30661
3.92590
4.43275
4.29204
4.31633
3.36018
2.31665
4.26508
4.47846
4.22403
3.91319
4.45126
4.20987
3.86979
4.32586
4.20173
4.05950
4.26921
4.38265
4.36183
4.48699
4.51708
3.39383
2.31967
4.20390
4.02465
4.38964
4.35530
4.42624
4.03605
4.36498
4.10489
3.68574
4.30612
4.15368
4.01162
4.31600
4.51088
4.45493
2.84087
4.41697
4.45651
4.24972
3.91721
3.24237
4.30968
4.29195
4.30378
4.28074
4.16350
3.28773
4.40659
4.15252
4.43089
4.09319
4.27531
4.48222
4.19348
4.40887
3.98637
4.29679
4.38831
4.43140
4.37044
4.39966
4.44094
4.05214
4.20928
4.36593
4.15270
4.18247
4.46222
4.48186
4.21942
4.39353
4.35005
4.20300
4.44029
4.37900
4.20780
4.47612
3.98021
4.02809
4.46977
4.00041
2.81719
4.26640
4.42034
3.88659
4.44235
4.43482
3.73785
4.19849
4.32706
4.48227
4.19538
3.90546
3.85915
4.01232
4.26844
4.02121
4.41101
4.34712
4.49426
3.83544
3.83307
4.39268
4.48837
4.25354
4.49525
4.49888
4.42371
4.04064
4.38445
4.09671
4.35741
4.44358
4.50999
4.33827
4.11029
4.38295
4.09818
4.21426
3.33415
4.44795
3.95336
4.17071
4.44106
3.64727
4.34203
4.10837
4.30068
4.05838
4.43294
4.46401
3.02975
4.22285
4.47966
4.20837
4.42524
4.47813
4.29976
4.43774
4.31024
4.32213
4.43596
4.23701
3.95874
4.04878
4.40527
4.29630
4.31893
4.39661
3.95065
4.25729
4.11672
4.45075
4.20043
4.38707
3.18399
4.41501
3.87512
4.29847
4.36264
4.35677
4.45838
4.37702
3.81188
3.84280
4.10164
3.86647
4.18671
3.19011
4.42763
4.47505
3.39585
4.45190
4.44376
4.42107
4.01496
4.37518
4.06895
4.25860
4.31065
3.67393
4.38306
4.42902
4.45431
4.17450
4.27434
3.94109
4.51429
4.44908
4.08110
2.88007
4.34861
3.93654
3.22069
3.92755
4.41903
4.32948
4.29737
4.19514
3.94604
3.77294
4.28322
4.38017
4.42897
3.69801
4.48962
3.98441
3.91640
4.39384
4.32484
4.24777
4.37724
4.36404
4.42619
3.60942
4.43914
4.36774
2.19656
4.44032
4.43415
4.37026
4.48748
4.25710
4.48616
4.44342
4.30804
4.44003
3.96607
4.47071
4.50533
4.27244
4.20464
4.19956
4.28616
4.30546
4.23519
4.20558
4.01038
4.50107
4.42952
4.42136
4.19467
3.78675
4.45225
4.44791
4.46887
4.53926
4.22746
4.49445
4.35546
4.41914
4.47322
4.11088
4.48022
4.41388
4.47395
4.41690
2.53193
4.41643
4.19267
3.79657
3.62126
4.21741
4.19886
4.45130
4.40264
4.31704
3.91294
4.22586
4.24756
4.46202
3.83184
4.41764
4.42341
4.39665
4.10188
4.42462
4.13980
3.95173
4.14140
3.81548
4.31309
4.42228
4.31342
3.88543
2.86761
3.37820
4.18537
4.42671
3.18812
4.31818
4.25020
4.50151
4.30716
4.41968
4.31200
4.39208
4.43867
4.17731
3.79469
4.37927
4.45579
4.45555
4.43502
4.45857
4.06846
4.38577
3.95216
4.47607
4.46624
4.39710
3.47301
4.01814
3.79465
4.08601
4.48018
3.93508
4.25280
4.42780
4.32454
4.49846
4.11894
4.20964
4.44018
4.49685
4.41240
4.21072
3.78337
4.12289
4.46782
3.89313
3.80825
4.32308
4.44252
4.38435
4.25200
3.79876
4.24569
4.46707
4.00704
4.27676
4.39654
3.63554
4.52583
4.30785
4.41570
4.48258
4.37637
4.44302
4.43555
4.39988
4.12638
4.42082
4.43588
4.46907
4.40261
3.65928
3.79433
4.04866
4.22233
4.45935
4.44778
4.43161
3.77154
4.46943
4.50207
4.17520
4.19089
3.74208
2.59519
4.18223
4.50321
4.47335
4.46765
4.09832
4.29613
4.21853
3.23625
4.46173
4.31273
1.91239
4.32409
4.33869
4.46417
4.44275
4.17423
4.36097
4.09009
4.45876
4.08383
4.27628
4.36961
4.34328
4.28160
4.14750
4.41657
4.50266
2.82787
4.03357
4.15871
4.29384
4.42101
4.31167
3.74511
4.47331
4.18670
4.12835
3.90935
4.49863
4.49476
4.31203
4.43168
4.43281
3.96985
4.44852
4.37362
3.59241
3.76398
4.49842
4.38016
4.11513
4.44390
4.43601
4.37788
4.14042
4.39966
4.37114
4.29214
4.37922
4.02599
3.95930
3.98158
4.19872
4.48015
4.07560
3.91605
4.46682
4.41294
3.70638
3.72873
1.96480
4.41336
4.46209
4.42273
4.40331
4.30860
3.87751
4.43274
4.43009
4.32871
4.05324
4.45403
3.91740
4.45051
4.18960
3.63102
4.37414
4.45094
2.81801
4.38996
4.29305
2.39902
4.42212
3.83874
4.48870
4.36377
2.42122
4.49923
4.37095
2.80282
4.44394
3.53115
4.26724
4.00229
4.15441
3.90917
4.46469
4.40440
4.30352
4.30230
4.32502
4.38517
2.53070
3.36057
4.39969
4.46789
3.90257
4.15299
4.42727
3.99451
3.43411
4.27123
4.02239
3.25719
4.46265
4.28313
4.34220
4.34302
4.45805
3.77113
4.37742
4.38961
4.40667
4.44976
4.33361
2.82464
4.41037
4.44733
4.44737
4.35329
4.47899
4.47230
4.46879
4.08073
4.45804
4.46776
4.21092
4.36674
4.31911
4.34788
4.32465
4.35505
4.46103
3.83927
4.47710
4.41776
4.28117
4.14927
4.37443
4.04849
4.42105
4.30886
4.23041
4.43504
4.35162
4.49450
4.49842
1.93283
4.33680
3.72228
4.40217
4.51051
4.42614
4.43691
4.48917
4.45746
4.28172
2.96201
4.32062
3.95598
4.37568
4.26947
4.45109
4.50699
4.43296
3.88903
4.45686
4.48818
4.45618
3.87279
4.43325
3.56300
4.45284
4.14500
4.38540
2.49396
4.42395
4.52160
3.87275
3.50688
3.78289
1.48290
2.13792
4.44595
4.38454
4.47968
4.39875
4.44164
2.90931
4.07147
4.28687
4.45800
4.27425
3.88974
4.16785
4.14616
4.03930
4.48227
4.52417
4.39049
4.21657
4.03383
4.41977
4.21751
4.38106
4.39088
3.79766
4.50833
4.40299
4.37389
4.46710
4.33293
4.18357
4.19300
3.52257
4.04325
4.43389
4.13061
4.36463
4.44087
4.27465
3.71307
4.16498
4.24735
4.52510
4.34186
4.48975
4.15782
4.48780
4.13870
4.36888
4.37109
4.48028
4.49393
4.47504
4.24547
4.07015
3.58182
4.35583
4.14900
3.65344
4.08373
4.45271
2.55537
4.53047
4.26639
4.43521
4.44013
4.32562
3.88197
4.47829
4.41301
4.31163
4.41982
4.46444
4.39698
4.06734
4.09511
3.82353
4.45104
4.00458
4.46031
4.31953
3.48982
4.40540
4.37634
4.09350
4.21041
4.45359
4.25616
4.08901
4.22525
4.46884
4.36816
4.34662
4.33944
3.93704
4.38342
4.39751
2.97477
4.00066
4.42280
4.46335
4.03570
4.20605
4.45148
4.41836
4.24329
2.70934
4.37311
4.46704
3.89460
4.44417
4.32813
3.78205
4.49997
4.50765
4.38139
3.99133
4.34844
4.37868
4.36781
4.43932
3.88994
4.31388
4.30047
4.17365
4.20517
4.10000
4.31073
4.36006
4.45427
4.31201
4.50879
4.42027
4.38618
4.41615
4.16863
4.13588
4.36087
3.83481
4.02320
4.44835
4.18853
4.06386
4.44430
3.95077
3.97845
4.50259
4.26679
3.46058
4.18092
4.38804
4.33813
4.25177
4.42037
4.39487
3.98263
4.12848
3.53756
4.38261
4.27617
4.33053
2.54367
4.33985
4.47595
4.49617
4.31428
4.08454
3.80369
4.30470
4.42227
3.83084
3.85953
4.45467
4.00789
4.24722
4.04055
3.71076
4.27868
4.35341
4.46534
4.32265
4.27670
4.44924
4.38665
4.29097
4.43149
4.47721
4.27370
4.47027
4.26595
4.14943
4.46924
4.49025
4.04474
3.97517
4.17242
4.00039
4.47426
4.33624
4.20693
4.18164
4.28689
3.85144
4.18674
4.23851
4.45575
4.47033
4.27941
3.85623
4.29217
2.24422
4.21201
2.18917
4.33070
4.41880
4.40333
3.42359
4.25519
4.09807
1.75270
4.42320
4.38675
4.12400
4.38257
4.35951
4.43910
3.66959
4.25358
4.48335
4.34387
3.80802
4.30838
4.45895
4.36547
4.45107
3.86784
4.32598
4.29245
4.27419
4.49065
4.39575
4.25703
4.30932
4.45244
4.47564
3.32036
3.98677
4.46096
4.38056
4.27909
4.36976
4.33509
4.46585
3.81855
4.46898
4.38244
4.44130
4.45439
3.60643
4.40172
4.46130
4.29370
4.28854
4.31322
3.95167
4.30123
4.31234
3.84411
4.39037
4.52259
4.35374
4.29550
4.47656
4.12589
4.29967
4.35770
1.73853
4.46912
4.36063
4.30214
3.06684
3.13371
4.19840
4.47408
4.35185
4.37840
3.73972
1.71551
4.44964
4.33581
3.30297
4.04004
4.41013
4.25824
4.30051
4.32935
4.31923
3.66493
3.57190
4.18605
4.39219
4.14171
4.26652
4.15473
4.41830
4.36371
3.69555
4.42790
3.78927
4.49056
4.41234
4.36496
4.18502
4.41325
4.29757
4.26051
4.34298
4.43582
3.96713
4.42400
4.18916
4.28208
4.26413
3.39886
4.40824
4.42762
4.41677
4.31214
4.29482
3.83420
4.42469
4.46368
4.44029
4.43509
4.44971
3.87164
4.28055
4.18586
4.08741
4.29808
4.45548
4.43812
3.65828
3.99637
4.45686
4.41622
4.47028
4.37837
4.46136
4.49147
4.35082
4.26986
4.39356
4.45338
4.47670
4.48850
4.45943
4.45182
4.05640
4.09907
2.89299
4.43407
4.20741
4.19795
3.04013
4.27845
4.18542
3.95390
3.44543
4.35604
4.41629
3.95734
4.34218
4.16616
4.43157
4.20078
4.38105
4.06596
3.82661
3.51720
4.36660
3.53191
4.36313
4.21142
4.12070
4.29162
4.50472
4.50093
4.45349
4.24480
4.45907
4.27287
4.44717
3.98994
4.24398
4.38078
4.37720
4.35588
4.46856
4.36763
3.82191
4.32866
4.19742
4.37287
3.90089
4.31992
4.27534
4.40046
4.36891
4.27378
3.86622
4.30807
4.37741
4.46138
4.11379
3.33736
3.37884
4.29390
4.06787
4.13171
4.33274
4.28519
4.41963
4.36655
1.94941
4.41605
3.91264
4.31997
4.23747
4.34216
4.27741
4.14479
4.44743
4.35929
4.35528
4.40651
3.89601
2.43450
3.33300
4.18336
4.50951
4.33261
4.37767
4.32933
4.34028
4.49924
3.95417
4.24342
4.43445
4.22318
4.23693
3.95238
4.46019
4.13787
4.04449
2.96489
4.54688
4.46651
4.16518
4.02256
4.46682
4.17924
4.26818
4.21245
4.38888
4.47639
4.16940
4.44381
4.14223
4.44928
4.43899
4.39008
3.86511
4.35766
4.47631
4.36556
3.81938
4.41575
4.36694
4.49879
4.38524
3.84482
4.40025
4.13795
4.27223
4.29879
4.39945
4.50505
4.34027
3.82517
2.74997
4.20707
4.29218
3.92204
4.43485
4.43496
3.73063
4.18449
2.29273
4.14499
3.59010
4.23137
3.94699
4.40563
4.42940
3.55812
4.07352
4.06156
4.45808
4.33507
4.18693
4.42342
3.91898
4.40674
3.97735
4.38369
4.04212
4.46033
4.34300
4.29743
4.30725
4.39356
4.21666
4.23226
4.20739
4.21948
4.01561
4.13138
4.45146
4.30069
4.08661
4.30601
3.08307
4.48150
4.45830
4.35221
4.48634
4.51227
4.19357
4.42828
4.30433
4.41565
4.42652
4.02152
4.05300
4.43872
2.42832
4.44611
4.41522
3.08961
4.45785
3.57845
4.23687
4.42206
3.49848
4.33930
4.16909
4.30509
3.60793
4.33803
3.99535
3.85635
4.14150
3.86700
4.23517
4.34104
4.25406
4.49065
3.80050
4.47814
4.41540
4.32124
4.36268
4.37940
2.97406
4.44323
4.26831
4.20684
4.41267
4.45522
4.50449
4.43716
2.80766
3.86721
3.80253
4.09159
4.43088
3.79277
4.26526
4.38035
3.99881
3.85922
2.87423
4.00334
3.95476
4.37434
3.98881
4.34249
4.41444
4.26430
2.52466
4.45412
4.05763
3.73044
4.40977
4.21681
4.46536
4.46364
4.10180
4.50819
3.64255
4.39323
3.54009
3.35831
4.00311
4.31259
3.93389
4.39543
4.33016
4.42653
4.36974
4.37790
4.05331
4.22566
4.43401
4.49441
4.38309
4.37902
4.42627
4.36399
4.38689
4.42476
4.16934
4.28235
4.11555
4.48019
4.46054
1.35493
4.50033
4.44896
4.25603
4.47708
4.31660
4.46673
4.06362
4.40599
4.34478
4.23856
4.40066
4.42977
4.23140
4.36700
4.19490
4.14078
4.20577
4.11601
4.42445
2.84370
4.29200
4.29044
4.47899
3.93552
4.39230
4.46003
4.37971
4.47634
4.24755
4.38752
4.48405
4.43633
3.98698
4.47718
4.48524
4.30845
4.22041
3.86409
3.81980
4.43098
3.47684
4.40605
4.29943
4.38084
4.46826
4.13021
3.86759
4.34952
4.44138
4.30584
3.69309
3.82224
4.39160
4.31658
4.40796
4.32350
4.42715
4.32998
4.34032
4.47683
3.28168
4.38178
3.85923
3.95147
3.90876
3.45434
2.95515
1.73804
4.48316
4.47134
4.33850
4.30758
4.28953
4.38224
3.51257
3.03518
4.27104
4.46664
4.20842
4.30196
4.45099
4.45859
3.36598
4.17064
4.40168
4.40371
4.46433
4.30924
4.02566
1.78161
4.33204
3.19466
4.46491
3.82655
4.50051
4.13988
3.68586
3.75764
4.42511
4.06850
4.48273
4.43552
4.48118
4.43968
4.00104
4.43573
4.08309
4.41039
4.12595
4.41417
2.43007
2.74603
4.43260
3.38516
4.29694
4.43893
3.87641
4.45841
4.28471
4.41355
4.49360
4.40026
4.33575
4.37492
4.33893
4.10803
3.96905
2.70306
4.40308
4.44251
4.46384
4.37402
4.46250
2.59331
3.77202
4.24788
4.37399
4.29945
4.02597
4.49796
3.64175
4.00960
4.14456
4.37027
3.27196
3.97238
4.47396
4.41003
4.21777
4.20630
3.99233
4.47881
4.34407
4.32519
4.14770
4.43574
3.48953
4.48187
4.32783
4.45847
4.21257
4.24346
4.45652
4.01850
4.32126
4.27523
4.43831
4.15825
4.39849
4.29221
3.66020
4.48035
4.48743
4.45444
4.35211
2.97967
4.21566
4.37274
4.35272
4.40777
2.59380
3.15617
4.38513
4.35795
3.95908
4.27038
4.42912
4.50603
3.88419
2.28613
4.45887
4.23920
4.33440
4.46964
4.41832
4.32005
4.50512
4.48458
4.40940
4.42561
4.45582
4.13324
4.34665
4.08105
4.40790
4.32536
4.26171
4.26157
4.22583
4.46778
3.66712
4.35195
4.42095
4.12229
4.43553
4.30971
4.33362
4.48706
4.47116
3.65748
4.36913
3.43536
4.24630
4.40536
4.41884
4.36182
4.27301
3.81157
3.92172
2.69072
4.31205
4.37360
4.47409
4.16925
4.47361
3.98989
4.51934
3.58137
4.03190
2.96087
4.51150
4.48464
4.24845
3.50366
4.28677
4.29582
4.46421
4.32437
2.56158
4.16786
3.94750
2.85520
4.45422
4.38798
4.43574
4.38786
4.50826
4.27565
4.10485
3.54853
2.96930
3.87572
4.34324
4.46356
3.97308
3.92552
4.20210
4.48010
4.47315
4.48498
4.43499
3.60603
4.19342
3.65704
2.40238
4.49043
4.41019
4.37111
4.36435
4.44339
4.32218
3.87232
4.01223
2.38585
3.98947
3.89028
4.40729
3.74910
4.16940
3.80101
2.79891
3.69650
4.37618
4.42835
4.21608
4.11025
4.11315
4.08607
3.74941
4.00390
4.26167
4.43663
4.34577
4.31066
4.42890
3.74721
4.03352
4.45136
4.44484
2.14141
4.43762
3.10773
4.46161
4.22694
3.92473
4.07326
4.14940
4.08838
4.44887
4.47020
4.07585
4.32766
4.03417
4.32699
3.72378
4.51549
4.36050
4.24339
4.02651
4.44842
4.47135
4.11990
4.45282
3.95856
4.48053
4.38483
4.36011
4.32118
4.22391
4.41256
4.31562
4.38279
3.96739
4.27606
4.46328
2.69969
4.50323
3.84415
4.37769
3.15404
3.89228
4.40125
4.41072
4.42777
4.43983
4.01003
4.47037
4.32009
4.38990
4.40895
3.95388
4.25141
4.10221
4.38654
4.14236
3.14172
4.09996
4.46736
3.06895
4.30582
4.45591
4.33111
3.01056
4.18354
4.37112
4.29961
4.01467
4.26425
4.42938
4.28473
4.14561
2.86116
4.38113
4.46356
4.38804
4.49369
4.50431
4.41106
4.37703
4.45082
4.40342
4.47435
4.47863
4.44398
3.87493
4.40803
4.26895
4.14000
4.00354
4.30289
4.47861
4.51177
4.36223
4.40697
4.44387
4.43321
4.50836
4.42687
3.84887
4.35401
4.12840
4.40593
4.28531
4.27729
4.23829
4.50753
4.11912
4.46441
3.07809
2.38961
4.27515
4.28317
4.35772
4.05646
4.24155
4.37404
4.25786
4.46382
4.43346
4.13668
4.25724
3.94567
4.43468
4.34411
3.71380
4.34007
4.30732
4.41780
4.20914
4.32034
4.40367
4.40885
4.15291
3.98947
4.35956
3.94662
4.46116
4.49414
4.42302
3.98298
4.39059
3.43643
4.28076
3.89018
4.25976
3.58233
3.14361
4.33659
4.31076
3.95526
3.73007
4.47961
4.41199
4.06254
4.18802
4.09024
4.48320
4.45599
4.44718
4.30558
4.31973
4.26245
4.47762
3.94006
4.34634
4.33652
4.33351
4.46469
3.84610
4.40641
2.64891
4.38948
4.41290
4.21945
4.42257
3.88509
2.32282
4.13366
3.06757
4.40811
4.23163
4.16230
4.20457
4.23744
4.23948
3.95118
4.07166
4.45011
4.45294
4.38905
2.91164
4.21427
4.34753
3.89364
4.36565
4.34000
4.04235
4.42205
4.04412
4.28447
4.22218
4.19392
4.38752
3.95985
4.45821
4.46756
4.21516
3.20015
4.39709
4.37059
4.44069
4.32728
4.18943
3.91558
3.06815
4.46002
3.61334
4.37126
4.30305
4.47067
4.38469
4.41834
4.41491
4.36482
4.18967
4.20746
4.20586
4.34266
4.38765
4.45822
2.26090
4.29755
4.33451
2.79977
4.50248
4.33543
4.31358
4.10287
4.24660
4.45832
4.41491
4.39265
4.19578
4.04934
4.10763
4.24582
4.48144
3.77690
4.26593
4.25799
4.42689
4.51824
4.49362
2.58947
4.20357
3.83383
4.49246
4.45314
4.02490
4.13968
4.15818
3.65670
4.43709
4.50194
4.10525
4.33819
4.37354
4.40426
4.43139
3.98393
4.48194
4.43012
4.36801
4.45007
4.03500
4.37961
3.88269
4.38143
4.31407
4.39587
3.97000
4.39046
4.07785
4.35356
4.42960
4.20057
4.46239
4.31086
3.60612
3.80737
4.31543
4.45459
4.32754
4.09213
4.40723
4.12264
4.09292
4.29719
3.84551
4.14916
4.34976
3.84561
4.42468
4.38871
4.31158
4.38366
3.92198
3.12684
4.51835
4.39261
3.99105
3.45219
4.07940
4.54090
4.34064
4.27480
4.25180
4.49523
4.46912
4.16646
4.08594
3.89807
4.28966
4.38842
3.38487
4.42024
4.42580
4.40818
4.35169
3.69545
4.12852
4.35857
4.38284
4.15006
4.32685
4.21526
4.44299
4.09750
4.34672
4.27888
4.11230
4.01132
3.52454
4.38733
4.41219
4.37733
3.74505
4.43020
4.23304
4.01450
4.08762
4.17418
4.35602
4.48154
4.42289
4.44418
4.43631
4.21976
3.31359
4.47570
4.21225
4.49196
4.27520
3.99842
4.47146
4.43067
4.01087
3.72821
4.31486
4.44345
4.34802
4.22090
4.51890
4.06647
4.37841
4.13116
4.32660
2.74374
4.23079
4.33255
3.62809
4.19649
4.41920
3.41820
4.12336
4.30168
4.33892
4.31983
2.87253
4.38240
4.42545
4.36852
4.41942
3.92897
4.46864
4.47566
4.41950
4.44988
3.79114
4.43328
4.26846
4.48124
1.95073
4.48678
4.05745
3.48524
4.17911
3.65585
4.21129
1.34644
3.69618
4.20227
4.35896
4.30161
4.44672
4.37230
3.98076
4.32117
4.47433
4.31844
4.19270
4.49511
4.28195
4.25564
4.32661
4.01830
4.21238
3.86385
4.47397
4.38704
4.23311
4.37007
3.77289
2.35241
4.36663
4.40080
3.67993
4.29144
1.98003
4.45520
4.42024
3.85384
4.39029
3.78875
4.20546
3.95355
4.44692
4.31555
4.28046
4.36226
2.59750
4.27257
4.19351
3.80804
4.01176
4.40908
3.95070
4.43882
4.09440
4.36851
4.45737
4.07449
3.76291
4.09817
4.11820
4.24613
4.50392
4.19210
4.21914
4.00740
4.40063
4.47091
3.86449
4.36130
4.34481
4.44776
4.14220
4.25459
4.28755
4.28492
4.03732
4.44298
3.22823
4.37720
2.81953
4.41256
3.47058
4.43721
4.30219
4.30890
2.47299
4.09611
4.45177
4.22488
3.25955
4.33847
4.21292
2.18760
4.50163
4.34648
3.48518
4.20419
4.17573
4.45766
4.34625
4.48646
3.62372
4.34365
4.44106
4.23915
4.34709
4.37779
3.27985
4.31024
4.03078
4.30705
4.35144
4.37774
3.86350
4.47037
3.95413
4.34768
3.95357
4.27132
4.46130
4.17199
3.29025
3.62046
4.06911
4.43998
4.31745
3.16999
2.82823
4.38652
4.26656
3.88333
4.47637
4.36624
4.40464
4.39902
4.32059
4.32404
4.34170
4.34135
4.05944
4.35430
4.46245
2.78615
4.19852
4.23532
4.35782
3.94683
4.25057
4.38582
4.22198
4.15916
4.48790
4.41373
3.60807
4.22837
4.38002
4.39073
1.59159
4.31869
4.40135
4.29613
4.03443
4.14353
4.44307
3.93809
4.31319
4.35271
3.82400
4.45546
4.28846
4.49309
4.36727
3.56916
4.15755
4.42055
4.41382
4.14889
4.04746
4.15826
4.46198
3.77422
4.39908
4.28829
3.63500
4.26647
4.12404
3.67733
3.62286
4.46853
4.17034
4.23565
4.48557
3.44145
4.46977
4.07609
4.38139
3.98471
4.21902
4.45782
4.30593
4.35910
4.41071
3.66728
4.43752
4.49212
3.44924
4.35227
4.42115
4.33518
4.29478
3.77601
4.34475
4.41806
3.60892
4.38348
4.23689
4.35651
2.25798
3.95469
2.07961
4.48958
2.81711
4.44362
4.30145
4.07071
4.39251
3.51572
4.27611
4.46662
4.12750
4.28021
4.51412
4.39352
3.84637
4.39978
4.19784
4.33735
4.48193
4.36424
4.25269
4.19945
4.24188
4.46390
4.18448
4.31636
4.31005
4.26546
4.46233
4.02964
4.46879
4.42341
4.32192
4.27170
4.49444
3.96769
4.15463
4.20369
4.02562
4.50409
4.10749
4.47650
4.08204
4.30463
4.30430
4.48834
3.19202
4.38065
4.32878
4.44103
3.90981
4.19160
4.43401
4.43557
4.16698
4.46255
4.43691
2.28528
4.17622
4.34922
2.35330
3.95997
4.45625
2.47853
4.48864
4.44937
4.40751
4.43129
4.40649
4.30032
4.23659
4.17087
4.41593
4.06832
4.30559
4.39390
4.51357
4.40411
4.47348
4.35181
4.48654
4.19548
4.19655
4.40399
4.13448
1.60858
4.41924
4.08463
4.30252
3.71642
4.32576
4.35782
4.32135
4.31319
3.62863
4.07549
4.30118
4.42545
4.28639
4.40757
4.45023
4.43808
4.32738
4.48230
3.82788
4.33421
4.40481
4.05345
4.22339
3.85539
3.75658
2.80721
3.62189
2.12629
4.38919
4.49198
2.93949
4.17151
4.43671
4.42693
4.43707
4.37963
4.49804
4.44791
4.44504
4.25677
4.15222
4.18400
4.33697
4.34691
4.26088
4.34402
4.17760
4.44924
4.47551
4.40055
4.44822
4.44547
4.34619
3.60241
3.86077
4.46074
4.37973
4.48999
3.93930
4.15709
3.77049
4.02479
4.09778
4.37820
3.37915
3.79665
4.09794
4.22020
4.39040
4.24450
3.43052
3.60948
4.39364
3.57219
4.30910
4.43963
4.16119
3.32938
4.39277
4.03540
4.43319
4.24969
4.44958
4.45161
4.08980
3.91322
4.14896
4.46204
4.45263
4.34382
4.48361
2.56487
4.41355
4.29817
3.91849
4.24534
4.37800
3.87799
4.31912
4.26332
4.23075
3.01200
3.91604
4.28429
4.39468
4.34413
4.27535
3.26199
3.91413
4.47774
4.31409
1.89490
4.49416
3.97390
4.40677
4.44960
4.26271
4.19923
4.50153
4.12159
4.37467
4.47522
4.45674
4.30352
4.37174
4.47579
4.50128
3.69674
4.06026
4.39086
4.31578
4.34971
3.88458
4.16087
4.36642
4.03033
4.48577
4.30360
3.93260
4.44491
3.86424
3.98602
4.27653
4.45632
4.48799
4.31069
2.99920
4.49297
4.41934
3.97677
4.22480
4.45687
4.34227
4.20156
4.40670
4.31389
4.10524
4.40435
4.05685
4.47144
4.49625
3.90789
4.12717
4.47527
4.41077
4.30050
3.73838
4.36527
4.29906
2.97908
4.37241
4.43032
4.31253
4.33443
4.08182
4.44085
4.03642
4.23630
4.40975
4.26781
2.16848
4.22097
4.46531
4.06400
4.46603
3.73382
4.15649
4.35735
3.85527
3.60644
4.27871
4.45163
4.24796
4.35654
4.32794
4.11539
4.39063
4.22631
4.45853
4.37213
2.15638
4.16889
3.33532
3.63318
4.36147
4.45922
4.46594
3.96192
4.05576
4.35842
3.16370
3.85444
4.45380
4.23677
3.11772
4.44695
4.37576
4.11366
4.36737
3.21797
4.42819
4.24825
4.32592
4.35747
3.54166
1.95958
4.47522
4.38144
3.82540
3.96683
4.28843
4.15098
3.49218
3.80107
4.42491
4.34878
4.42378
4.23851
4.00885
3.84922
4.48775
3.87653
4.51619
2.91269
3.67932
4.38344
4.24427
4.11769
4.40406
4.30467
3.97188
4.41233
4.43823
4.33068
3.98037
4.22124
4.14978
3.73983
4.40101
4.25513
4.28053
4.32446
4.47457
4.07756
4.04500
3.94012
4.41891
4.43227
4.40834
4.27568
4.36881
2.55275
4.46472
4.29213
3.93705
4.26940
3.48774
4.17915
2.80352
4.20972
4.07191
3.91557
4.42996
4.47557
4.28985
3.29482
4.36643
3.77801
4.38006
4.41826
4.19150
3.42940
4.47287
4.52205
4.17948
4.00667
4.42103
4.49379
3.24997
3.75912
4.45637
4.24007
4.25002
4.05909
4.12016
4.08225
4.11338
4.21497
4.33616
4.05317
4.48122
4.25268
4.20411
4.44318
4.40328
4.41077
4.19468
4.04910
4.44221
4.50012
1.96958
4.38876
4.37413
4.42933
4.26165
4.42667
3.95829
4.34641
4.23799
2.39585
4.41464
3.99085
3.86027
4.48304
3.90262
4.40678
4.37990
4.24118
4.32024
4.36102
4.39358
4.15157
4.32230
4.46215
3.96812
4.16900
2.41593
4.02202
4.50153
4.19737
3.96040
4.41167
4.07322
3.97417
3.94389
3.64969
4.44922
4.11016
4.41565
3.66821
4.46639
4.35477
4.11546
4.34605
4.00795
4.33290
4.22083
4.47008
4.37194
4.14080
4.21163
3.46799
4.30146
4.28446
4.39617
4.07276
4.47285
3.80627
4.27239
4.34066
4.28759
4.41418
4.36096
4.08603
3.85113
4.31624
4.12357
3.94890
4.05521
4.01827
3.70142
4.07380
4.37382
4.20897
3.65807
4.46026
4.23332
3.21625
4.18472
4.45531
3.91797
4.07588
4.01868
4.47491
4.47568
4.40952
4.26548
4.31707
4.22019
3.98702
4.21314
4.46408
4.30067
4.32140
3.39394
4.12992
4.21384
4.31290
4.46284
4.43758
4.06774
2.64954
3.97791
4.01728
4.46549
4.13915
4.25635
4.45176
4.41697
4.20481
4.42639
4.51162
4.51211
4.21898
4.38329
4.26021
4.36856
4.46460
4.35501
4.08529
4.38165
4.13194
4.21256
4.33010
4.32925
4.44829
4.22260
1.80228
4.46449
4.35747
3.30766
3.18560
4.32651
4.14068
3.56725
4.44712
4.26092
4.41989
4.36832
4.31305
2.74795
4.37153
4.40097
4.20235
4.03803
4.47512
4.19551
4.44927
3.63184
4.48060
4.08874
4.27694
4.47190
4.22342
2.95700
4.38735
4.40498
4.34329
3.90630
4.29548
4.31065
3.85732
4.22323
4.48439
4.50009
3.71457
3.76167
4.34482
3.98012
4.49290
4.45554
4.42738
3.58983
4.33660
4.40632
4.30508
4.36805
4.46779
4.03214
4.22778
3.41252
4.41010
4.42088
4.05534
4.44138
4.36656
4.36036
4.03110
3.47133
4.41833
4.43516
4.46575
4.38748
4.48570
4.34036
2.39296
4.36543
3.72003
4.45493
4.11579
4.03223
4.13323
4.41730
4.47857
4.28681
4.28423
4.32072
4.47032
4.20236
4.44504
4.30718
4.33412
4.48414
4.41264
4.15168
4.25904
4.40087
4.48357
4.24626
4.03674
4.49135
4.24019
4.31246
4.14341
4.29586
4.43582
4.42093
4.45600
4.26351
4.00887
4.39668
3.62674
4.32531
4.19920
4.42010
4.32364
4.02441
4.46952
3.77484
4.51900
4.44716
4.29776
3.03681
3.90389
4.41493
4.36192
4.39972
3.69077
4.43711
4.44403
4.47072
3.58342
4.39121
4.42034
2.12562
4.45069
4.03779
4.43314
4.32503
3.65400
4.23757
4.02389
4.38495
4.27423
4.38538
4.29683
4.34872
4.48629
4.49862
3.86443
4.31750
4.41979
4.26759
4.03848
2.26217
4.24905
4.49723
3.70044
4.47365
4.16125
2.80212
4.26297
3.98556
4.11282
4.40939
3.89322
3.90293
3.85349
4.05542
4.38326
3.75009
4.35374
4.41571
4.41239
4.18096
2.49162
2.92377
3.35892
4.34869
4.24806
4.14306
4.37875
3.39487
4.19072
4.41214
4.36737
4.13087
4.49580
4.12930
4.43581
4.53167
4.41772
4.42427
4.35879
4.43585
4.26776
3.71300
4.26765
3.89553
4.43585
3.35299
4.36682
4.39479
4.21866
4.26493
4.46197
4.25329
4.26563
4.39602
4.36907
4.38814
4.40710
4.20015
4.31369
4.46267
3.62344
2.26428
3.90082
4.38725
4.22399
3.37909
4.38473
4.33613
3.88615
4.36387
3.56737
3.46418
4.34505
4.39499
4.35211
4.44550
3.41472
4.40085
4.35587
4.44798
4.41424
4.33878
4.24469
3.97733
4.42153
4.43591
4.42583
4.33212
4.01397
4.43471
3.84945
4.36503
4.18246
4.49382
4.37192
4.38568
2.26634
2.93760
4.48679
4.26207
4.32921
2.67160
4.38826
4.36455
4.33478
4.44831
4.48991
4.42831
3.96046
3.13797
4.46077
4.28058
4.36265
4.45405
4.12677
4.39540
4.40872
4.40807
3.94365
4.36285
4.42183
4.21554
4.24561
4.16511
4.37125
4.41711
3.66411
4.11650
3.45198
4.23973
4.38999
4.48053
4.41861
4.32293
4.11520
4.48643
2.93400
4.36448
4.19957
3.89973
3.43857
4.37560
4.46224
4.47752
4.28705
4.37680
4.42755
4.29761
4.14093
4.12663
4.41811
4.27328
4.32650
4.42824
3.71433
4.25149
4.24921
4.18687
4.28160
4.46743
4.38547
4.43536
3.92711
4.31560
4.47396
4.34409
2.42810
4.39180
4.34923
4.40069
4.54185
4.24931
4.27992
4.08890
3.89303
3.98303
4.14886
4.38049
4.43655
4.46939
4.43772
4.46803
4.16720
4.35243
4.41232
4.13805
4.33608
3.46753
4.44117
4.26899
3.91289
4.48164
3.80764
4.41701
4.14560
4.47321
4.37030
4.06237
4.05130
4.44264
4.39516
4.52737
4.26359
4.33163
4.41857
4.49592
4.45396
4.25482
3.51910
4.36934
4.34541
4.43133
4.21152
4.35548
4.53302
4.34238
4.41004
4.45882
4.44128
4.34695
3.47940
4.42419
1.93509
4.34544
3.61492
3.82622
2.79328
4.09766
4.42070
4.05821
4.37840
4.45979
4.33078
4.21068
4.42463
4.40154
4.44185
2.37121
4.26016
4.33983
4.42826
4.43504
4.49026
4.30826
4.36838
2.75129
4.41582
4.44532
4.51140
2.62213
3.23250
4.47018
4.17926
4.31365
3.37467
3.59868
4.18787
4.26655
4.15359
4.32200
4.23431
4.44662
3.51260
4.09425
4.41510
4.39172
4.44538
3.47512
2.08612
4.07659
4.19261
3.41749
4.29964
4.16559
3.54863
4.23675
4.21405
4.40475
4.37965
4.29904
4.25533
4.49102
3.02297
4.47155
4.50059
4.17203
4.31978
4.47912
4.47350
4.30943
4.32112
4.44954
4.36136
3.60637
4.35022
4.36085
4.39772
4.33272
3.64799
4.49621
4.36324
4.21990
3.52103
4.38058
4.03036
4.06362
4.52890
4.38570
4.47726
3.90778
4.19488
4.43501
4.49630
4.45708
4.41002
4.18989
4.10921
4.34880
3.95346
4.25381
4.44098
4.43196
4.34560
4.33114
4.40626
4.46784
4.24074
4.11032
3.79522
4.28265
3.45687
4.43122
4.39776
2.46890
4.04251
4.00850
4.48204
4.27658
2.49567
4.05518
4.30378
3.73780
4.44965
3.88956
2.81515
3.97989
4.14661
4.33872
4.38082
2.46127
4.22203
4.37076
4.45672
4.02999
4.45651
4.43146
4.27746
4.03216
3.95657
4.09998
4.29220
3.80782
4.13363
4.37463
3.54857
3.76691
3.25120
4.52397
4.37085
2.71638
4.43115
4.46719
4.25940
3.53885
3.66003
4.26476
4.09603
3.73575
4.31714
4.22792
4.48287
4.47257
4.32038
4.43727
4.49637
4.45128
1.47094
4.38839
4.47097
4.21734
4.45584
4.01446
4.45501
4.44746
4.32399
3.09413
4.28497
4.26139
4.02749
4.44340
4.46998
4.49165
3.52173
4.04308
4.46887
3.58547
4.26595
4.49712
3.96151
4.31335
4.42455
3.95269
4.41507
4.37992
4.46711
4.36403
3.23998
4.37646
4.48509
4.23306
4.40642
4.35442
2.17182
3.55100
4.29750
4.42098
4.25184
4.38414
4.49172
4.39463
3.44186
4.19458
4.38499
4.35555
4.50137
4.40458
4.36387
4.22431
4.47359
3.91334
3.62928
4.40185
3.33393
4.20650
4.26018
4.47938
4.36552
3.79028
4.35174
4.47302
4.41121
4.38653
4.30343
4.32109
4.35849
4.05681
4.42316
4.45501
4.38603
4.32088
4.40234
4.47010
4.40622
4.43815
3.95934
4.12121
4.38930
4.42960
4.46709
4.40789
3.19330
4.40206
4.44481
4.47567
4.38116
4.47061
4.36556
4.47748
4.28960
4.42901
2.52041
4.45850
4.47062
4.06661
3.93112
4.43873
3.67737
1.91346
4.38656
4.44486
3.83235
3.62494
4.42253
3.73266
4.07649
4.38251
4.23691
4.18810
4.44116
2.20539
3.59949
4.24288
4.37513
4.48131
4.27354
3.79715
4.25222
4.42866
4.40580
4.29238
4.44682
3.64947
4.44699
4.51850
4.46982
4.41863
4.45911
4.12016
4.42325
4.26228
4.35900
4.43460
4.42320
4.37185
4.29934
4.43732
4.23770
3.30722
4.43359
4.48078
4.42476
4.16412
4.33197
4.41710
4.37150
4.42479
1.67663
4.31075
4.44602
3.90543
4.20358
4.50874
4.33087
4.43647
4.48162
4.33987
4.34806
4.33910
4.36389
4.15300
3.80228
4.44966
4.28058
3.91680
3.83743
4.45276
4.42209
3.85077
4.27543
3.82299
4.50384
3.92670
4.41926
4.41882
4.13855
3.40636
4.30863
3.75743
2.64431
4.27406
4.38078
4.45494
4.18003
4.43566
4.38669
3.86826
4.46367
4.03750
4.44392
1.60046
4.47633
3.72089
4.45783
4.11324
3.86078
4.38200
4.27665
4.39476
4.20798
3.78999
4.36089
4.41854
4.45755
3.73699
4.34232
2.41739
4.22427
4.24838
4.23127
3.86735
4.13299
3.16907
4.20715
4.24362
3.23055
4.28500
4.32155
4.42998
4.48242
3.37728
3.20457
4.30055
4.17909
2.59534
4.38857
4.27082
4.09272
4.36814
4.29268
4.41281
4.36518
4.44207
4.42078
4.52707
4.38979
4.01228
4.37960
4.53540
4.31900
4.44455
3.72686
4.31610
4.29945
4.36437
4.30035
4.46484
2.03756
4.39487
4.28900
4.24949
3.64860
4.47640
3.85661
4.51954
4.42015
4.19108
4.27679
4.47895
3.06002
4.07938
3.98460
3.91787
4.32153
4.42715
4.46238
4.05329
4.37823
4.03670
4.46480
3.13187
4.22084
4.16526
4.16968
4.43182
1.76821
4.21958
4.25953
4.23751
4.13754
4.35706
4.40135
4.28675
4.47548
3.96504
4.40318
3.45527
4.45284
3.96118
3.98482
4.34474
3.81186
4.17204
4.00814
4.47808
4.28515
3.03063
4.27506
4.39795
4.10463
4.34881
4.50613
4.23122
4.30059
4.46697
4.44984
4.38110
3.82222
3.81174
3.70841
4.39424
3.96652
4.16692
3.93680
4.27131
4.08525
