3.01286
2.78787
3.53170
4.10410
0.64497
3.02638
3.84440
3.78760
1.49920
2.35258
4.01496
3.83190
2.37264
0.77338
1.92117
2.37284
2.16187
3.82507
0.58301
0.64990
3.20985
2.84135
3.37704
3.99856
3.56169
0.71341
0.10529
0.93187
3.35014
3.69316
0.68707
1.60693
2.91488
3.77108
3.22985
3.65393
3.22819
4.05502
3.81368
2.24825
3.34342
3.38514
2.35042
2.23659
0.40011
1.10884
2.88502
2.45409
3.92369
3.89726
4.10478
3.97588
0.25054
3.84345
2.43557
3.67714
2.29222
1.21032
3.35415
2.37746
3.44361
3.44606
3.72908
3.23852
3.63941
2.60559
3.23982
3.22767
3.46718
2.11673
3.91543
3.93541
3.91055
3.55489
3.09420
3.16823
0.12571
2.56764
3.48723
2.25005
1.30073
2.95965
0.89514
3.02173
3.49177
2.94184
1.20469
3.23130
3.76288
2.59316
1.72632
2.14000
3.95458
3.34730
2.99214
3.95288
3.93316
4.04685
3.14685
3.92710
3.57451
2.68649
3.51188
3.73383
3.68218
0.27584
0.11675
1.51196
3.70577
3.71386
2.32255
1.25071
3.87205
2.85834
2.75715
1.91410
1.85578
3.17877
3.22810
0.10136
3.24355
3.99528
3.29250
3.09403
1.70023
2.23269
3.87843
3.56471
2.77003
3.84650
2.75520
1.39581
3.12123
3.67605
3.78933
2.50341
1.91634
3.92139
1.93949
0.61258
3.49523
2.85819
1.83754
3.82281
3.40431
1.57535
3.20170
0.00735
2.41768
3.49500
3.06139
3.60419
3.69393
3.29095
3.80724
3.77787
2.39529
0.30078
3.65025
2.71733
3.67405
2.50690
3.21141
2.46112
4.01937
2.35104
1.74551
4.01895
3.22278
3.03319
3.22802
3.99609
3.97419
3.93345
2.16979
3.10539
3.54908
1.98241
2.24969
2.40144
1.37811
3.82724
2.07972
3.23181
3.73049
2.88916
4.00614
2.04552
3.19960
2.46678
2.59524
3.27145
3.55995
1.72700
0.65866
1.48988
2.80094
3.46684
2.70283
1.69654
2.07971
2.58426
0.80444
0.64722
3.69877
2.37974
3.77303
0.95037
3.55937
3.98888
2.93056
3.24456
3.83557
3.79694
2.91201
3.50017
3.30336
2.12505
3.01574
2.65603
0.82191
3.44427
3.33598
4.09177
3.79195
3.64288
0.77126
0.72444
3.94126
2.48164
3.82258
1.78449
2.64621
1.33138
3.85214
3.25641
3.95849
3.70303
0.02791
3.21701
0.63974
0.67241
3.84385
3.94802
3.34107
2.70692
3.37143
4.04704
3.75632
2.46044
3.53820
2.61158
3.66113
0.66419
3.60554
3.82480
3.17868
4.00196
3.63189
2.66411
3.14707
1.81585
3.47057
3.57144
3.81524
4.12951
3.48723
3.52428
3.33208
3.25195
2.62933
3.80281
3.00173
3.53998
3.58667
3.30391
2.38361
3.87191
2.14172
1.80592
2.96733
1.56237
3.26358
3.33356
2.00662
3.87393
2.96759
3.88276
3.40791
3.72971
3.29563
3.50496
2.51791
3.24660
3.10621
2.84751
3.12481
3.63438
3.38408
3.04183
3.42674
3.57328
2.92899
3.64780
3.34326
3.46289
0.52315
3.76943
3.73327
1.80143
3.80925
2.77731
1.00011
3.12617
3.39641
4.10532
4.00119
3.83697
1.27763
1.21453
2.58175
3.56296
3.93477
1.12352
2.74980
3.64511
3.79721
3.58704
1.83804
4.01032
1.48547
3.85549
1.96728
3.27387
3.71721
0.75323
2.41305
3.95232
2.70555
3.20459
2.42720
4.10935
2.62529
2.11496
2.09121
3.61417
2.97617
3.67243
3.66112
4.02506
3.02083
3.92038
3.48269
2.90499
1.92898
3.41369
3.46369
3.78741
3.69372
3.87683
3.09386
0.11446
3.24529
0.99803
2.76248
2.15137
3.86903
3.19379
3.90689
3.74641
3.25217
0.49451
3.31956
3.27183
2.69091
3.65177
2.13699
0.38154
0.14444
3.86018
3.57592
2.93853
0.76537
3.91620
1.88043
3.67484
3.10424
2.49735
2.91754
3.37812
3.69449
3.01014
3.91241
2.17363
3.89323
3.42063
3.84115
3.26581
1.97047
2.95778
3.95342
3.71257
3.89007
3.90434
3.75388
3.59987
1.68791
2.17923
3.90401
3.72554
3.30528
3.94341
1.69404
4.20878
3.71689
3.80387
4.07301
2.58281
2.75611
3.36627
3.96471
3.61129
3.67692
3.50190
1.85567
1.45223
3.83290
2.69064
3.55525
3.34901
3.39957
3.60349
2.09349
3.68216
3.80100
3.98223
3.72837
2.86229
3.18436
3.53126
1.95952
1.61799
3.68673
3.15346
3.46986
2.19050
3.56107
2.58777
3.12735
3.25967
2.46986
3.70411
1.76851
2.31159
3.95181
2.98445
3.77329
3.64172
3.19226
2.83761
2.61009
0.49961
2.27788
3.87767
2.64807
3.60460
2.88600
2.28434
2.23054
2.68484
2.14686
3.57475
3.67961
3.45919
3.68790
2.79544
3.33599
3.39394
4.04764
2.73324
2.58560
3.76384
3.63413
3.90488
3.28507
3.13578
3.07044
2.04360
3.99867
3.51092
3.62935
1.69605
3.49877
3.79315
3.39007
3.62960
3.84995
3.58795
3.37106
1.15756
3.63330
3.58874
3.69972
3.10444
3.05444
1.32658
3.10641
3.01258
0.67487
3.16106
2.30465
3.20790
3.50848
3.65641
1.69495
0.29846
2.24499
3.58396
2.12109
2.57926
3.58699
4.13781
4.09118
3.93200
1.11586
2.89323
1.74262
3.35042
3.03440
2.99230
4.21293
2.61170
1.09457
0.84456
3.08345
3.22323
2.42037
3.81707
1.82993
3.66189
3.69588
3.56482
2.75930
3.17097
3.59062
3.29491
2.29168
3.67630
2.38682
2.58909
3.51674
3.54934
1.50629
3.91296
2.94758
2.79395
2.09444
2.22460
3.64972
1.29317
3.94567
3.55571
2.50033
3.37501
4.07130
3.37506
1.92090
2.48759
3.22337
4.03118
3.59160
1.50569
4.01272
2.89961
3.67687
3.57395
3.85784
3.08400
3.88391
2.11220
3.79630
3.13561
1.66132
1.84369
2.60417
1.97767
3.20179
3.63789
3.23370
3.82920
3.55798
2.86076
2.20228
0.72766
2.88937
3.19556
3.98105
2.16639
3.56248
3.82039
4.09874
1.88538
2.35864
4.11960
3.82511
3.52857
3.97098
3.83996
3.49632
2.78337
3.11584
1.45394
2.83695
3.40340
2.72899
1.02077
3.68523
3.13999
0.88804
2.56775
3.46153
0.07699
1.56977
3.32993
2.79508
3.77945
1.54757
4.15877
3.01057
0.26353
4.01778
3.51548
3.57590
3.82475
2.26550
2.64128
1.82714
3.31205
3.45560
2.96010
3.93639
3.94256
3.42471
2.75249
1.81402
3.00228
4.16413
0.11812
3.11748
2.03725
3.70955
3.96977
2.23161
3.77109
3.69360
2.61836
3.67334
3.38910
3.80243
3.84264
3.45069
4.11495
1.67367
4.05525
1.61608
0.00128
2.28341
3.56165
3.17624
3.67133
3.51532
2.61677
1.34738
3.58478
4.14084
2.30534
3.89750
1.96287
4.03683
1.34077
3.45011
3.66094
3.71945
2.98085
2.72599
3.40520
3.11390
3.72198
3.43605
3.70009
3.57636
3.83272
2.56807
1.90999
3.71716
3.85096
3.69150
1.22292
2.54500
2.21175
3.33266
3.61340
3.65325
3.71769
3.52975
3.26198
3.24095
3.00577
3.85376
3.62378
3.71913
2.80688
3.60608
3.78393
0.22510
1.27220
3.71996
4.04296
2.60715
2.18306
3.99309
2.02197
0.46583
3.96907
3.67657
2.35397
1.36078
3.84683
1.06444
3.30441
1.79162
3.85860
3.76813
3.25649
0.14728
3.05783
2.85978
3.73243
2.12614
3.76160
3.37248
3.88307
3.56967
4.02114
2.55724
2.05618
3.78059
2.43490
3.63136
0.13253
3.49133
3.89564
2.39988
3.35480
3.83768
1.54065
3.75765
3.86711
3.81809
3.01050
3.99388
2.91962
3.38280
1.13951
3.72731
3.32436
3.25486
3.82627
0.93775
3.63683
1.90077
1.28159
1.34613
2.64906
3.30906
3.80315
1.95019
3.31467
3.38827
3.41965
1.90200
3.74856
3.96049
3.40121
2.39959
1.18158
1.10610
3.61692
0.40582
3.94987
0.97435
3.83734
3.45407
2.78017
3.72425
3.49675
2.62822
2.95204
2.44836
3.91598
3.53589
0.63167
2.88878
2.13355
2.98084
2.19639
2.62513
0.58790
3.68133
3.22358
3.41657
4.05664
3.87329
1.68173
3.45372
3.14599
3.05694
1.69246
4.15132
1.89732
2.55484
3.77189
3.49583
3.72748
3.33176
3.01694
1.87549
3.94998
3.44880
3.96670
2.38472
1.24016
3.94070
3.30583
3.28749
1.89509
2.85455
0.67308
3.96013
1.17126
3.04868
0.91499
3.24358
3.83972
3.44932
3.55701
3.81549
3.78612
1.63885
3.94867
3.25311
2.66076
3.79571
1.87864
3.95500
3.81505
3.60046
4.01067
3.64181
3.62572
4.05558
2.11991
1.12831
3.16111
1.15714
2.84665
3.74298
3.26230
1.13540
2.91066
3.88907
3.66547
3.67186
0.10354
3.13320
2.55879
3.52003
4.06775
2.47489
3.08785
3.86707
3.05493
1.72275
3.52192
3.22489
3.16793
4.03096
2.29642
3.51052
1.38647
2.39910
0.81909
3.39652
3.89283
1.57989
2.85091
0.26008
3.90689
3.15415
3.23943
3.18497
3.69248
3.79817
2.70919
3.39984
0.68790
3.77729
2.32261
2.21000
3.41494
3.44285
2.27674
2.13956
1.08212
2.03974
3.98631
3.45231
4.21573
3.80717
3.55926
4.00046
3.25765
3.29176
2.92814
3.11959
2.62406
3.63415
3.26315
3.59766
3.67364
3.18913
1.15392
2.92543
1.72710
3.37402
0.11859
3.85324
3.70116
1.49165
3.60249
1.12750
0.40974
2.23237
1.30647
1.70835
1.07151
2.51434
3.73332
3.70991
2.67253
3.10204
3.95765
1.73935
3.15641
2.95703
3.52252
1.77474
3.35501
1.53154
3.45987
3.72972
2.10157
3.42757
3.76923
2.87981
3.40517
1.58895
2.71124
2.85783
3.40426
0.37786
3.62245
2.11915
2.05091
3.55889
2.70581
4.15096
1.76766
1.99615
4.23966
3.63432
2.53306
2.47696
3.43767
3.08585
3.50082
3.55812
3.63847
4.25262
3.64610
2.07575
3.02261
3.60575
3.35043
3.77182
4.07175
3.60753
3.59389
1.47392
4.00481
4.01980
1.62786
1.63547
3.02676
3.63298
4.18910
2.44577
3.93293
1.21449
3.70153
2.89130
3.49968
3.43808
4.01431
3.35675
1.53172
3.39736
4.04628
3.27584
2.21071
3.98461
1.43459
3.86672
2.52374
1.16170
3.28583
2.41227
0.51072
3.95411
1.68298
3.26666
2.94047
3.10183
3.76472
3.70583
3.54777
2.43667
3.02338
3.39344
2.17988
3.56079
2.44539
2.10140
1.99127
3.27493
1.96585
3.75444
3.96548
2.63142
2.69146
3.27260
3.33924
3.55502
2.43494
2.14642
3.73612
2.09921
3.35364
3.69946
3.98072
3.79844
3.91643
2.69619
2.40871
1.77641
3.71171
2.08957
3.71003
2.93068
2.89709
2.49446
3.61797
3.88896
1.98973
3.52652
2.48720
1.73117
2.90949
2.01379
3.92474
3.25783
3.37727
3.54311
1.83365
3.63138
3.74036
0.55166
3.56421
3.34380
1.95132
3.58511
3.86720
4.02874
2.77287
3.85097
2.17781
1.34030
1.05776
3.60955
2.73195
3.11750
3.66158
4.07384
3.23479
0.02391
3.98346
1.70889
1.10155
3.61128
1.73377
3.14395
3.20699
3.44820
2.54818
3.60196
2.04515
2.86118
3.14464
3.93244
3.24619
3.64491
3.46398
3.77425
3.97317
3.27428
3.77252
3.94635
3.31537
2.37108
3.24581
2.53214
3.63134
3.65092
3.78563
3.12869
2.96639
0.66165
2.65523
3.85174
3.64718
3.88612
2.85089
1.86573
3.56987
1.28520
2.01541
3.32186
3.56241
3.30776
3.28289
2.91781
3.09225
3.20704
2.44707
3.74469
1.60841
4.12328
1.41458
1.55362
1.86742
3.91664
2.77622
3.87634
2.90682
3.24729
3.68909
2.99914
3.28639
3.53281
3.62869
3.58021
3.12387
3.31193
2.39571
2.83976
3.91476
3.88116
3.22829
0.30540
3.65944
2.83764
2.99511
3.77804
3.58705
3.54759
3.20349
3.51819
4.17644
2.94796
3.49764
3.67500
3.26544
3.67019
1.99184
2.88783
3.38918
3.22429
3.54007
1.70970
2.80753
3.20063
3.98557
3.80463
3.51781
1.68719
2.38905
2.15722
3.46148
3.93910
2.70771
3.43196
3.68174
2.46222
0.87648
2.82827
3.40897
4.08811
3.84189
3.06572
3.90113
3.48656
2.12878
3.01939
1.09927
3.14060
1.18049
3.44301
3.32979
2.48686
2.21506
3.62888
3.06281
2.54888
3.39202
2.62058
1.02526
1.39943
2.38334
2.92019
3.78412
3.43509
4.00450
3.07616
3.24050
2.56256
2.82219
2.68269
2.55126
3.05299
2.66400
3.55628
3.14903
3.67289
3.84029
3.44860
2.49169
3.27792
3.73706
2.25755
3.07366
3.50829
3.29747
2.94258
3.87147
0.00424
0.64191
3.56013
4.01497
1.70285
1.08621
2.87536
2.30355
3.52642
4.13246
3.01917
3.32094
3.41622
3.81687
3.55357
2.18532
3.94375
3.88863
3.47848
3.85060
2.73144
1.48919
1.27300
3.91974
3.12485
2.35588
3.67067
2.85868
2.24119
2.66174
3.14753
2.64161
3.33593
3.70873
3.79465
3.60732
3.74642
3.54666
3.57468
2.98358
3.64832
3.79602
1.62231
3.04729
3.01545
2.00832
3.46762
3.30779
3.66258
3.50854
3.52577
3.84041
3.60926
1.30760
0.44175
3.91556
2.92730
2.40581
2.71608
2.33948
1.05512
3.44891
3.17717
2.42222
3.93405
3.06503
3.41604
3.00700
3.71416
2.45115
3.96465
1.52465
4.08701
1.71584
1.63583
3.84749
3.42963
0.28166
2.40007
3.90188
0.16446
3.60617
3.83301
2.61966
3.41417
3.35518
2.81679
3.75096
3.98891
3.96590
1.10520
0.30708
3.17794
2.11347
3.37828
3.69450
0.96936
2.10325
0.07098
2.37006
0.87048
2.78494
3.79953
3.48043
2.49342
2.09483
3.66200
4.02584
3.89323
0.72589
3.09303
3.89456
2.93665
3.80780
3.77675
3.78053
1.37922
3.19684
2.54869
3.61895
3.35615
2.72480
4.01924
3.17531
3.58970
2.68078
3.06426
3.31209
2.63993
1.37230
3.87240
3.33253
3.61675
1.95868
1.63843
3.56560
3.77696
1.82107
3.68253
3.40583
1.63455
3.61995
2.75442
3.36653
3.99663
3.17458
3.47946
3.56958
3.97061
3.71992
0.89195
0.37073
2.58709
1.28126
3.84421
2.28284
3.39763
3.54181
2.28179
3.95828
2.93968
3.58862
3.04408
2.91031
1.06798
3.44660
3.96141
3.66639
3.47059
2.98075
1.09417
1.71160
2.18914
3.28792
0.89750
3.69713
3.77882
2.77818
3.62817
3.78708
3.30019
2.59550
3.03226
2.44456
3.14686
3.37891
3.59088
1.90625
3.61678
4.05431
3.55412
2.15842
1.84697
0.84427
3.20755
1.83615
3.89209
2.59807
3.80965
3.52799
2.86114
3.31331
2.93406
3.67421
3.53092
0.90053
0.30241
2.95779
2.82420
3.10530
3.94485
2.37220
3.93033
2.47904
2.35687
3.41390
3.23348
3.15203
4.14698
3.44551
3.89516
0.95034
2.21242
2.34675
2.62726
3.16056
3.95066
2.46953
3.37443
3.77287
2.75870
0.30835
3.60160
2.90057
3.92786
3.84670
3.54182
2.87684
3.59377
4.08014
3.70494
3.71888
2.56049
2.51371
0.86972
3.56947
3.11069
3.87964
3.22183
3.64502
0.87665
3.36949
3.13112
3.67456
3.04676
3.52400
3.57564
3.69887
3.74023
4.04708
4.04806
0.52165
3.22460
3.99099
0.58319
3.82400
3.87601
3.67230
4.11674
1.84033
2.87833
1.70763
3.35453
2.73317
3.84179
1.98228
1.70170
2.88433
3.19272
3.33479
3.10958
3.37741
0.88545
3.93235
2.82055
3.64606
3.19911
3.27051
2.36880
3.75875
1.97495
3.39348
3.24126
2.85582
3.18800
3.47277
2.11328
3.50403
1.65728
2.46206
3.75146
3.28256
1.96339
3.88045
1.76955
3.60054
3.71534
3.46374
3.92515
3.71200
1.90695
3.02676
3.28448
2.90873
1.38747
2.22864
2.81043
3.69882
1.42409
3.70484
3.61128
3.76570
2.96942
3.64901
3.97672
1.54843
3.46473
3.94754
0.97418
1.41384
3.10294
1.27429
2.53300
3.43825
3.16263
0.31000
2.66121
3.46031
3.90339
3.84961
2.48060
3.44200
0.09561
2.61633
2.79385
2.88798
3.81654
3.78710
2.31798
3.80341
3.17955
4.12450
3.37619
2.49014
3.59374
3.75427
1.45013
3.20853
3.67073
3.81618
4.11789
0.81701
3.27269
1.42978
1.25350
3.44912
2.43701
2.80873
4.02959
2.93627
3.63600
3.63357
2.93611
1.31179
2.42217
2.70125
2.93199
0.62764
3.35469
3.78776
3.11127
3.82377
2.85700
3.26248
3.44637
3.84163
1.58249
3.70126
0.26231
3.07807
3.98227
3.92807
3.67370
1.64710
1.10761
0.33001
2.16415
3.82640
2.31835
3.21629
3.75310
2.83275
2.25667
1.11958
3.74791
3.45267
3.98540
1.73560
3.78290
4.13132
1.45567
0.35192
3.98048
1.94125
3.39931
3.55577
2.99937
2.75489
3.43633
2.72185
2.13440
3.99823
3.45547
4.00859
3.45388
4.11699
1.94843
2.73979
3.44213
1.72667
3.74993
1.59121
3.22132
3.35438
3.72127
2.08557
3.06479
2.09681
2.91411
3.60962
4.04992
3.99378
0.33677
3.10327
3.29909
3.13998
4.07209
3.66846
3.08040
0.43661
1.30081
3.96582
2.08322
3.82361
2.27733
2.92841
2.79524
3.89152
1.61529
3.74434
2.73843
3.59230
3.43192
3.67248
3.07770
3.70721
3.49590
3.81048
3.67235
3.45984
2.26779
3.44461
2.52611
3.75624
0.54898
2.83516
2.85444
2.67501
0.86506
0.96117
2.48255
2.54534
3.83721
3.74535
2.29690
1.34779
2.22160
2.64476
3.69237
3.22304
3.44708
3.58578
3.74603
4.09062
2.96964
3.48679
3.66395
2.75422
3.89171
1.99057
3.37611
2.84464
1.91683
3.92235
2.80800
2.70847
2.32455
2.81864
3.25679
2.46101
3.47532
3.20961
2.06922
3.48522
3.72940
3.73180
3.93905
0.57132
2.37819
3.89180
3.09190
3.27343
0.70723
3.70962
3.74120
2.72017
4.03304
2.85949
2.94529
3.79044
3.73731
3.97925
3.37972
2.82957
3.83686
3.90941
3.74899
4.03820
0.94842
2.08965
3.88481
4.01598
3.61844
2.97829
2.51821
3.45994
3.63868
3.96085
3.43257
2.36062
3.42114
4.07784
1.39916
3.49707
2.62074
2.26885
3.65872
3.87323
3.12996
1.90624
3.89281
1.85169
4.07769
3.08308
2.11732
3.44642
2.00464
2.79868
1.72201
2.53414
3.78475
2.36754
3.43317
0.62390
3.75432
3.04800
1.22875
3.42225
2.30423
3.85261
1.94397
1.81086
0.23501
3.89408
3.52663
2.17292
3.70075
2.90267
2.60998
2.82398
2.91247
2.99169
0.07504
3.65690
3.08723
0.60908
1.39459
4.01450
2.52069
0.87364
3.44856
3.59127
2.83791
3.11507
3.41992
2.95582
1.41818
1.30431
2.81364
2.68091
2.17622
3.87207
1.65141
1.83462
2.25309
1.33647
3.13948
3.02997
3.82366
3.71511
2.94479
2.37197
3.19988
3.78559
3.06836
3.41097
0.12815
1.38248
1.83914
3.67963
3.93786
0.73607
3.05350
3.13695
3.48444
3.44535
3.64418
3.80465
3.97048
0.98625
2.69391
2.41463
3.76702
3.61470
1.80676
0.64157
1.40333
1.87884
3.75175
3.62549
3.25250
2.79891
3.52849
3.66358
1.80794
4.03570
3.68924
3.33298
3.84551
3.75323
3.79581
0.42237
2.80069
3.07280
3.32400
3.05668
3.07808
2.07923
1.86841
0.81804
3.74556
2.16388
3.85364
3.43972
3.30330
2.87832
3.27133
3.34834
3.66396
1.19110
1.42734
3.61728
3.78293
1.55543
3.54250
3.49092
2.78412
3.92994
3.83702
3.20956
3.61184
2.80003
3.44467
3.93335
3.46456
1.07801
3.90353
3.57741
2.18110
0.04058
3.91328
3.88501
0.07435
2.16750
1.24126
3.15836
1.37415
2.91250
3.21006
3.81071
1.47471
1.56369
3.36755
3.90925
2.93774
3.86766
3.63985
3.62093
0.67696
3.02460
3.05782
2.74677
2.56163
3.46128
1.92560
3.79920
3.68521
3.57091
2.28943
3.62594
3.23596
3.72604
4.06077
2.25165
2.93312
2.19075
1.53409
2.25635
3.18311
3.98121
1.48481
3.76800
1.15272
3.05822
2.20248
3.74295
2.73144
1.83618
2.44807
1.89552
3.11350
2.83502
3.23519
0.04407
2.23002
1.93608
3.11932
3.69252
3.42120
0.51511
3.18738
3.17196
3.83563
3.84120
4.05611
3.39127
2.72079
2.05294
2.30946
2.55787
3.57051
3.79791
3.64398
0.33122
2.18502
2.61666
2.14131
3.72580
3.33300
3.25230
2.28819
3.82871
1.95055
1.43831
3.68187
3.72056
4.03302
3.65334
2.88730
1.08961
2.88920
0.01328
2.61102
3.51640
0.18779
3.73470
0.74888
3.11811
2.86973
4.05476
3.85989
3.37000
2.04978
3.46594
2.56041
3.37813
3.03144
3.55470
3.10947
2.93067
3.43433
3.67642
2.76918
1.54163
2.91377
3.97333
3.79367
1.96090
3.77432
1.78776
3.26157
2.55567
0.40219
2.05492
3.05043
2.98427
3.83201
1.36039
3.59543
3.39693
3.73599
3.61359
2.47271
3.74974
2.51074
2.49100
2.62402
3.25322
3.70705
4.03488
3.53855
3.26133
3.80033
3.57966
0.87965
4.00917
3.54217
1.47039
3.56329
3.72498
2.55044
1.05491
3.23424
3.69521
1.47611
4.05435
3.30350
2.42015
3.96102
3.22899
3.28313
3.42688
3.54521
3.89398
3.67526
2.75313
3.81566
3.86677
2.80923
2.33678
1.99008
0.90979
3.32638
1.39732
1.89983
3.19187
2.37217
3.51798
3.50713
2.74885
2.80414
3.44858
3.13538
3.62268
3.06517
1.68570
2.71653
4.13160
3.55899
0.65082
1.29692
3.49762
4.01195
3.65475
3.60816
1.59122
3.31137
0.29345
3.77621
2.35624
2.69276
3.26166
3.36363
3.97142
3.95520
3.28360
3.95592
3.12924
3.11121
3.47506
1.74638
2.75579
1.44049
3.57609
2.89919
3.86963
3.95488
2.00077
2.92431
0.47109
3.68253
2.52184
3.88345
3.31304
3.39144
1.88604
3.66085
2.09706
3.60790
0.85659
3.57703
1.67598
3.16706
3.64734
3.50221
3.97582
3.68142
3.65915
0.71014
2.31370
2.56811
3.26664
4.10001
3.33939
3.73823
3.73676
3.92713
3.44902
2.70094
1.25729
2.02449
3.48625
2.97731
3.91084
3.69850
2.42222
3.56920
3.68516
1.53734
1.94335
3.41179
3.15691
3.26964
3.94586
3.90486
0.71149
3.89546
2.51912
3.83713
3.37448
2.13590
0.35571
0.58438
3.65694
2.22371
1.07387
1.66521
3.50399
2.77710
3.24179
2.57368
2.32399
3.60113
0.44459
2.99974
3.13345
3.73143
2.54957
1.62600
2.71000
2.22998
1.07733
3.81738
1.80085
2.20405
2.75190
1.74624
3.58880
1.25137
2.34158
3.13548
3.24840
3.55325
3.55989
3.86341
2.51685
1.53629
1.07341
3.35648
3.96544
1.70630
3.96616
3.36871
2.19567
3.74262
3.70056
3.69233
3.78870
3.58164
2.25631
2.90617
3.63728
1.20513
2.93500
3.72802
3.12508
3.70243
2.68159
3.16721
2.41019
1.53849
2.35702
3.88153
2.75723
3.07581
3.70735
3.81260
3.23643
2.95223
3.79141
1.35463
3.85467
3.65393
0.30449
3.85785
4.05753
3.89699
3.43943
4.01497
1.51524
1.27980
3.04446
3.06708
3.40407
4.04998
3.99848
2.48406
3.16631
2.10297
1.30629
3.13083
2.20202
1.50506
3.11296
1.92120
3.75583
3.83832
3.74897
2.55013
3.75564
3.64296
0.36277
3.46961
3.63682
3.21557
4.07896
3.50036
3.06850
3.88502
1.96556
3.89156
4.14522
2.79731
3.88680
2.41993
3.58040
0.49287
3.77307
3.83127
1.96023
1.41465
1.67904
3.37761
3.62069
3.73843
3.13565
3.10369
2.79581
1.18597
3.56973
2.60978
3.75791
3.53769
3.05213
2.19670
3.49584
3.67682
2.99792
2.73983
0.99192
3.52750
0.62057
2.82696
3.42847
1.55895
3.08968
1.45179
3.93130
2.31610
1.81964
3.68219
2.46669
3.15400
3.09119
3.30379
2.48262
3.88495
2.81929
4.05959
3.11832
0.52037
2.82389
2.06451
2.23826
2.74873
0.96484
2.35829
3.73872
3.36356
4.04074
3.06406
3.74200
1.99086
1.33351
1.71122
3.63226
1.15542
2.47436
0.95689
3.76427
1.66932
3.80943
3.88208
3.84252
2.55481
1.45808
3.44895
2.96807
2.51835
2.65538
3.85735
3.17543
1.14771
4.13138
3.82150
3.72026
0.24648
3.46254
1.27041
3.82029
3.34991
3.32589
3.69065
2.49915
3.52511
2.42255
3.85588
2.66946
1.05406
1.92317
2.99601
2.21053
0.88922
2.77011
3.22204
3.91207
3.14033
3.31170
2.16037
0.97217
3.43556
3.92047
3.91016
3.30785
0.83443
1.20137
0.90800
3.77313
3.83678
1.22316
3.69887
3.84437
3.57115
1.94647
3.46336
2.79962
1.50252
3.60057
2.78183
4.20191
3.60770
3.41772
4.13203
3.25485
1.83282
4.03243
3.73357
3.83270
3.84420
2.75630
3.68653
2.87664
3.29225
2.59067
0.19203
3.53569
3.63977
2.57665
3.80752
3.29681
1.87785
2.44583
2.86948
3.06442
3.97743
2.65400
1.47460
2.93056
3.62895
3.75605
0.76476
1.23419
3.11909
3.91593
2.08215
3.60991
0.74136
2.71758
2.93246
3.96757
3.46070
3.95553
2.32443
3.75437
3.67869
4.03791
3.43778
4.09371
2.93659
0.60016
2.96085
3.03364
1.44356
3.47748
3.88891
2.48313
1.80681
3.17395
2.48104
2.06268
3.58221
2.47315
3.43204
2.85289
0.74313
0.18078
4.01595
2.85052
3.63451
3.79496
3.82716
0.07682
3.60306
2.66681
3.70237
2.72713
1.85034
1.47311
3.06562
3.27277
3.86113
3.72695
2.60592
2.10102
2.64226
3.60262
1.93920
3.14199
0.81789
3.53476
3.73402
3.01684
2.40803
3.57874
3.54625
3.95502
2.15314
2.50194
2.63027
4.09621
1.94287
1.50892
1.77134
2.24649
2.80797
3.42774
3.62029
3.39547
2.28798
4.13440
3.56916
3.15793
3.27654
3.88690
2.56493
1.52831
3.79522
2.71133
1.98237
3.61686
1.29579
3.67572
3.59485
3.71743
3.93110
3.58022
2.58786
2.93356
3.43507
2.34142
2.18496
2.84034
3.22895
2.76131
3.63873
3.03480
3.67739
2.17479
2.84645
3.74513
4.08095
3.79047
3.49922
3.76906
3.62101
3.69470
4.01399
2.58818
3.69532
3.85602
3.41449
3.49911
2.73535
2.58356
1.89627
2.63305
4.05539
2.20441
3.72511
2.47150
3.55351
3.69333
3.18760
3.15583
3.85210
1.43006
3.63171
3.81662
1.50842
2.69166
3.16151
2.73522
3.63818
3.44463
0.95282
1.47648
0.22429
1.65826
3.78938
3.46260
3.78064
4.03729
3.50121
3.37610
2.15459
3.75590
3.15101
0.84939
2.26136
3.53106
3.59968
3.16349
3.48602
3.46665
2.17597
3.92703
3.83173
3.59637
2.56776
3.86592
2.27405
3.47723
2.64747
3.71027
3.90325
2.99688
3.87954
3.77131
3.21150
2.84318
0.51446
3.85398
0.97271
3.93038
2.40653
3.31495
3.40819
2.51937
3.35553
1.95842
0.61166
3.76379
1.95389
3.11875
1.18933
3.68709
2.50327
3.12079
3.86365
3.69945
3.66410
3.78227
3.72091
3.39468
2.46452
0.82762
2.08890
3.68387
3.86462
3.71587
2.41387
0.82232
2.55145
1.82444
3.86454
3.10795
3.53068
3.36735
3.52257
3.74900
2.12923
3.58631
3.02283
2.49640
3.66172
2.42785
2.44523
1.54627
3.58665
3.62682
2.78705
2.62251
3.29915
2.30732
3.49478
3.48145
3.71081
2.46196
3.35314
3.84113
3.36933
3.92414
3.79691
3.90795
2.80356
2.80250
2.18361
2.94019
0.81985
2.59470
3.62338
3.80107
3.38950
2.66849
3.90294
3.91044
3.24662
3.58314
2.62535
3.72202
3.95893
3.15445
2.55721
3.94796
4.03633
3.67495
1.41871
1.92683
3.09173
3.75536
3.62611
3.98097
3.93137
2.97871
3.48370
1.36557
3.16918
3.86738
1.55884
3.88618
2.96340
0.35665
3.83024
2.02700
2.66703
2.18493
2.94448
3.58508
2.32130
3.53142
2.04616
3.34575
3.21372
2.75572
4.18425
3.68894
2.75986
0.63777
2.08449
3.32288
4.06756
2.32912
2.92707
3.75024
3.57789
3.49347
0.80496
3.98077
0.60862
1.14420
2.44920
3.72029
2.25168
1.34033
2.99249
3.10140
3.32170
3.07492
1.20862
3.85232
3.16183
3.68743
3.73153
4.03771
3.74265
3.55655
3.87738
1.11176
3.61701
4.10604
2.27350
3.74843
1.98324
3.67633
2.69860
1.10354
3.57745
3.69161
3.47573
3.63181
3.47118
2.87523
3.86447
3.34869
4.00600
3.69658
1.42248
1.28884
3.08382
3.96925
0.26609
3.59818
0.21824
3.30505
4.06387
2.64198
3.80039
3.38425
3.23250
3.63070
3.17195
3.45006
3.46759
3.36948
3.28693
3.77850
3.56836
2.24647
3.27493
3.04213
4.01997
1.09280
3.05774
1.71785
2.84933
3.91127
1.43472
2.79406
2.50729
3.99540
3.47543
2.72955
3.51330
3.33613
3.76974
1.15548
0.63564
3.84296
2.50307
3.59473
3.25066
3.73449
3.76795
3.63714
3.89994
2.73740
2.52834
3.44942
3.88032
0.12149
3.72272
3.63537
3.16010
1.73047
1.63740
3.37383
3.28043
3.83130
3.98775
1.22853
3.63257
1.00116
1.41981
3.98252
1.92379
3.66431
3.64044
0.29993
2.31391
3.14847
3.88686
3.97792
2.48388
4.03814
2.42226
2.45280
3.67675
1.87585
1.28702
3.47992
3.80869
2.82320
1.45139
3.67165
3.56668
3.64408
1.87138
3.83578
3.96629
2.12103
3.40628
3.90122
3.85128
2.53097
2.86772
3.57202
2.19478
1.67583
3.72937
3.17035
1.73030
3.71658
3.45776
3.64069
1.80840
3.87014
1.12676
4.04405
3.50044
3.72744
1.71153
0.29150
3.92199
3.57226
2.25679
2.36746
3.70837
3.37390
2.60031
2.70057
3.67729
2.62590
3.14182
2.43646
3.70183
3.81568
3.84388
0.97218
3.19767
3.67894
4.10199
2.61418
3.75222
2.01792
1.09404
3.06715
3.65143
1.69962
2.59661
3.18909
3.20303
1.30360
3.61077
3.28403
3.96963
3.11468
4.01103
2.89569
1.60628
3.30041
4.07751
0.35562
3.84099
3.10979
3.79606
3.72436
3.99436
3.64469
3.74383
2.43792
1.81220
2.72840
4.03256
3.72814
3.87988
3.87963
3.93380
1.23918
3.09174
3.67296
3.55515
3.46416
2.05170
2.60144
2.87237
3.78047
1.22395
3.83689
1.07394
3.86621
0.97948
1.26415
3.49634
3.45540
3.81668
3.37117
2.59306
3.38183
1.31681
3.18867
3.88903
3.92311
3.12527
3.59815
4.14111
3.46611
3.50541
3.58917
3.35989
1.75171
2.98816
2.20110
0.59454
3.67005
3.63556
3.14344
3.01172
3.17730
3.85475
1.20444
3.41454
1.96480
0.78713
3.83375
2.93725
4.01738
3.57219
2.42307
3.92419
1.64947
3.09569
2.95627
3.12511
3.60695
3.95635
2.81725
3.28667
3.07432
3.66141
1.42682
3.08278
3.82686
3.47725
3.95826
3.72417
0.94821
3.28364
3.80526
3.53910
2.66693
4.01367
3.88534
1.84149
3.90675
3.59576
3.63178
2.91201
3.16554
4.08803
3.51924
2.60837
1.54057
4.17616
2.17457
2.14794
1.64479
2.92296
1.65800
2.74207
3.45672
3.67252
0.21388
3.59759
3.25582
3.89732
2.40498
3.27562
3.35877
0.76668
1.92357
3.86036
3.27553
3.02157
3.80048
2.70834
3.19901
3.65606
0.80487
3.84422
3.26481
3.78189
3.29756
3.79755
1.83890
3.62058
1.50126
1.69800
3.59232
3.81220
3.61457
3.50698
2.18287
3.51894
1.92317
3.57704
0.34133
3.14281
3.26968
0.77881
3.41928
1.89525
3.67951
3.37513
2.92109
2.82023
2.40131
3.22746
3.41164
2.06655
0.21675
1.99599
2.51099
3.62571
2.43771
4.02948
3.99212
3.72861
3.20485
3.46478
2.45164
3.45997
3.41304
3.79986
3.75123
3.61625
2.69023
3.64514
2.32371
2.93298
3.61280
3.96585
3.88420
2.68896
3.26424
1.32107
2.49109
3.72807
3.70756
3.37159
4.16461
4.06250
2.35423
1.60401
3.42669
3.69087
4.04840
3.54740
3.70887
3.36416
1.50783
1.28469
1.83757
2.40047
1.92580
3.88393
3.91261
1.06541
3.21375
3.96636
2.12469
3.44875
3.66625
1.71433
3.02158
2.03143
3.27454
3.50414
2.67041
3.72683
4.14688
3.75981
3.75075
3.38391
2.91769
1.76904
3.30795
3.61529
3.45651
3.04202
3.39635
3.47968
3.64645
1.60629
4.05402
3.34231
3.69183
1.51140
3.63639
2.81018
3.34000
1.82776
3.92417
2.99361
2.06069
3.09570
3.71328
3.84974
3.67069
2.97191
3.29210
3.26794
3.70643
1.42155
3.32591
3.66297
3.71451
3.16656
3.93600
3.65686
3.95638
3.96766
3.64938
3.20813
3.23856
2.61945
2.32067
3.89993
0.61721
2.74508
4.02332
3.92189
3.00797
2.69512
1.48472
3.40254
3.35844
1.87799
3.76074
1.53652
3.65034
2.95659
2.99573
3.10491
3.77687
3.23246
2.49169
1.33066
3.23735
2.76170
2.72663
3.08348
2.35732
2.70336
2.76606
0.12317
3.30125
2.27456
3.37262
1.72501
0.32711
1.30873
3.47435
3.96489
3.51164
3.26638
2.68059
2.59594
1.86084
1.70161
3.01153
1.96401
3.60802
3.17672
1.35572
2.39265
2.96114
0.72223
3.10708
4.00506
0.43303
0.95331
3.80669
3.31439
2.25313
3.89850
3.45520
3.14483
3.41004
3.81235
2.84345
1.68775
2.13212
3.65161
2.80096
3.56001
3.30110
3.68502
3.47035
3.69107
3.92065
3.47479
3.47550
4.00693
0.20032
3.12114
1.37376
3.42296
4.00654
3.25501
3.33532
4.18517
0.38306
3.80720
2.58423
0.63052
2.62668
3.68372
3.14847
3.50534
2.74182
2.58779
3.80366
3.65749
3.20596
3.59534
3.70122
4.11540
4.02625
4.03461
2.52250
2.94210
2.93388
2.53746
3.17562
1.68127
3.43198
3.55565
3.88372
3.83366
2.24755
3.66215
3.54983
2.86956
3.23358
1.66104
3.28916
3.72654
3.43371
1.75150
3.06390
2.81992
2.81854
3.67739
3.69953
3.68900
1.60233
2.97885
3.93501
0.12624
3.35143
3.68711
4.08967
2.12032
1.17378
2.76984
3.56601
3.74646
3.76956
3.26254
1.23837
1.81538
0.17317
2.86321
3.36938
2.27497
4.10130
3.71312
2.51600
4.01178
4.00491
2.69894
4.08417
2.98485
3.77927
3.85949
2.11621
3.80401
2.14996
3.05218
2.62623
2.84805
2.87104
0.25699
4.16828
3.86281
0.86509
3.25633
3.00029
3.47860
3.66709
2.62114
4.00165
2.07954
3.82037
3.57752
3.67053
2.21986
1.85667
1.69084
2.09920
4.00256
2.93391
3.96045
3.10115
0.96852
0.93377
1.16647
3.33265
3.80415
1.83176
3.63523
2.11267
2.80523
1.90313
3.77960
3.55895
0.21764
0.79974
2.55962
3.73154
2.89676
3.89637
2.63308
2.64935
2.59729
1.43733
3.74627
2.83858
2.59662
3.89077
3.42781
2.86554
3.27883
3.49244
2.04897
2.39194
3.99259
3.79404
2.97776
3.79840
1.91174
3.10049
3.57014
1.18385
3.78749
2.76926
2.09670
3.62027
2.88722
3.98041
3.72070
3.44919
3.57548
4.12866
3.68164
3.86473
1.08586
3.03181
1.62432
1.92907
3.81277
3.15275
2.34735
3.88418
2.39091
3.39601
3.36655
2.69121
2.53302
3.61256
3.48748
1.29783
4.00058
3.48539
2.99674
3.12895
2.34071
0.93621
2.17538
3.33254
3.75051
4.09184
3.72950
1.93518
3.82103
3.92960
2.65159
1.32353
2.16740
3.48952
2.25522
3.27687
3.60320
3.05354
3.09275
3.61333
3.83149
3.56226
3.65494
1.78833
4.00552
0.66496
3.37025
3.28099
2.51008
2.73621
3.17304
3.10914
3.08825
2.84646
3.23937
3.92398
3.69346
3.46704
2.59431
4.02468
2.74542
3.41303
0.51362
3.61882
3.28182
2.20165
1.83958
3.85542
3.59961
0.18248
3.63995
3.07588
1.62387
2.94051
3.79925
3.63997
0.02568
2.40349
2.89881
3.56256
3.83080
0.48511
0.96583
0.74685
3.71098
0.22249
3.74584
4.05403
3.53300
3.48209
2.45922
1.34196
3.61215
3.31833
1.65690
3.45219
2.62290
1.78951
3.68266
2.21663
3.60862
3.17392
0.50232
3.83282
2.77696
3.57872
3.84252
2.40831
3.13461
4.08225
2.34664
3.33869
2.31577
0.25144
2.13980
2.07301
3.65596
1.07154
3.58437
3.07561
3.18053
3.11901
2.89888
1.54533
3.16839
1.81664
3.76195
3.73071
3.44405
3.89513
2.46642
2.88944
2.98534
3.46168
3.59802
3.17395
3.04969
3.81421
1.92387
2.73501
2.13735
2.33579
1.45621
3.51242
2.87632
2.78072
3.52661
3.91860
3.27666
3.51118
3.69097
2.23423
2.93092
3.49999
3.92807
3.42858
3.36387
3.73543
3.54736
3.82086
2.33355
0.87407
1.10662
3.42535
3.79764
2.38989
2.48913
3.68896
0.65127
3.41046
3.84836
3.51036
3.57402
0.78041
3.60980
3.98467
3.31003
3.93661
3.84074
3.43000
3.93999
2.19024
3.70725
0.00415
3.68133
3.51880
2.64155
3.68663
3.04732
3.51205
2.73624
2.64552
1.36311
2.83200
0.98440
1.42959
2.89855
3.32435
3.36513
3.63529
2.73667
4.20707
0.37695
3.47910
3.39923
2.04113
0.46844
3.28640
3.78596
1.45788
3.53701
2.64087
3.22916
2.52153
3.08676
1.07633
2.07339
3.13669
1.67437
3.61803
2.52989
2.10062
2.86223
3.36434
3.35739
2.32080
3.64556
3.73024
2.34822
4.28175
3.01230
2.11625
3.85481
1.73338
3.01955
3.77436
3.91498
3.87222
4.19870
3.65420
3.46204
1.20741
2.61738
3.17192
3.13968
1.26570
3.80076
4.02665
3.21430
3.49205
3.86969
3.92492
2.39436
2.75191
2.44932
4.09870
3.31378
3.25591
2.73459
3.31057
1.59595
3.95164
3.91802
2.74393
1.11156
2.81805
3.40610
2.36802
3.46002
3.80160
1.93155
3.20711
2.39316
2.32705
3.35658
3.42481
3.74633
0.30393
3.65105
2.33691
3.44569
1.66505
2.97398
3.17181
2.70640
3.23535
2.26059
3.00998
3.78192
4.10417
3.58148
2.28077
4.13355
3.86963
1.21567
3.30688
0.19252
3.57780
2.36108
3.37438
2.83195
1.70426
3.96757
2.52072
3.06892
3.36853
3.54211
3.83415
2.80024
3.51657
3.41215
3.25437
2.57543
3.79531
3.99307
2.25311
3.58488
3.57090
2.90570
3.09343
3.67358
2.85917
1.25022
2.57638
3.40100
2.92310
1.56812
2.06706
1.64815
1.60768
4.16191
3.80416
2.63291
2.30742
3.44288
3.44562
4.17650
3.44984
2.64978
3.95881
2.74735
1.42287
3.58477
2.68919
3.83157
2.53467
1.37445
1.25517
4.05859
3.55798
2.76073
3.18356
3.55812
3.78792
2.65652
3.20883
2.35225
1.72710
3.35255
3.18613
1.62115
3.66576
0.23293
0.44151
3.66450
3.67045
4.19131
3.46209
2.80529
3.38732
3.47474
2.95222
3.49287
3.46369
3.68035
1.33514
3.90983
3.25910
3.09661
3.70562
4.11463
2.72348
4.26597
3.07855
2.72814
2.40142
3.38613
2.65671
3.07001
3.35802
3.95183
2.78390
2.89270
3.41401
3.18705
0.69766
1.63938
2.79278
3.70926
2.36491
3.56272
1.64848
0.46699
3.78653
3.50940
3.44784
3.60714
2.09075
3.41317
3.51071
3.23188
3.80944
3.92329
3.67480
0.95285
2.51430
3.97057
3.77976
0.82379
2.74311
4.06140
1.58729
2.48692
2.46933
3.39422
0.75183
3.66453
1.79132
0.17851
3.67625
3.89325
0.66237
3.29828
3.79171
3.15232
3.49422
3.06278
3.36100
4.10489
1.00496
0.83809
3.63281
3.38522
2.42485
1.82069
1.16048
1.85888
3.58655
3.39222
3.62429
3.87862
3.82003
3.72977
3.40753
0.90550
1.85008
3.78902
3.68478
3.40150
2.57139
3.33389
1.00426
3.93176
2.75870
3.05735
0.93809
3.53523
3.10994
2.03996
3.66156
3.63706
2.66039
3.70268
3.62293
3.76136
3.55572
3.85063
3.00089
3.30581
3.88407
2.83899
3.37369
1.64341
3.34067
3.41608
2.71993
3.29848
3.01667
3.18979
2.07181
1.72035
3.17183
3.67844
3.78504
3.81518
3.64717
3.22820
2.83590
3.81792
3.71124
2.14466
3.71321
2.61767
3.36256
1.47216
3.45167
3.43695
2.31346
3.60025
2.89657
3.61374
3.47268
2.84346
1.00912
3.07025
1.62456
2.86750
3.01957
2.31600
3.58012
3.47693
1.29344
3.22714
3.63102
1.84213
2.17014
3.85559
3.07599
3.64220
3.49819
3.54688
0.81981
3.31629
3.58098
4.05042
2.49682
3.75625
2.11128
0.99785
3.63510
3.76132
3.59737
2.22894
1.84823
2.03042
3.00314
3.24538
3.08595
3.84585
3.74102
1.73478
1.42975
2.30334
2.54858
4.08301
3.62292
3.57200
3.99733
3.69629
2.88751
2.74889
2.98212
1.63872
1.77466
3.61919
3.59321
3.29626
1.26310
3.67406
1.98868
2.70380
4.00449
3.08693
3.92058
3.24242
3.60470
1.81800
3.21407
1.31453
3.58422
3.60594
3.54982
1.39728
0.21980
2.93219
2.71457
3.09188
2.35701
3.80300
2.55255
1.15564
3.89284
4.15840
0.06034
3.22897
2.80335
1.32568
4.07455
3.72450
2.96676
4.00441
1.95164
3.56796
2.08577
2.93148
3.50616
3.24618
3.77417
3.57101
4.02711
3.30018
3.49772
2.11657
3.95814
2.00511
2.21276
3.79055
3.61620
3.13728
3.52269
0.85947
3.26613
2.40839
2.56483
2.87845
3.87017
3.11240
1.68028
3.23194
3.76758
1.30569
3.06278
3.01658
2.80793
0.75255
3.37646
4.00878
1.98326
3.92822
3.36595
2.52660
3.77493
3.66768
3.94191
3.57795
3.73573
2.13500
3.90264
3.83613
2.25890
2.09597
3.02623
0.92801
3.53052
3.01800
2.95933
3.65453
1.65071
3.87133
1.91100
3.15408
1.01898
1.02155
2.44531
2.26219
2.62638
3.79037
3.63859
2.78486
3.62395
3.41053
3.39054
3.95726
2.22639
3.92736
2.57142
2.94517
2.43700
3.33617
1.50866
3.68601
3.47715
2.27534
2.83278
2.03124
3.48841
2.75455
3.81159
4.15766
3.71710
3.15212
3.37924
1.20176
3.53311
3.73988
1.82963
2.02690
0.97815
0.21067
3.47487
2.69707
2.90830
1.41164
2.73805
2.35202
3.20037
0.85928
1.25116
3.80747
4.00843
3.78956
2.41464
3.35691
3.96854
1.12429
3.90367
2.45774
3.44477
2.46895
3.49499
1.47957
1.28270
2.42451
1.95071
3.26888
1.15517
3.62507
2.07200
3.89820
1.36576
4.13533
3.74947
3.80733
3.71077
2.89871
0.50250
3.74442
3.44161
3.76779
3.54734
3.23730
1.19781
1.60310
2.77351
3.90103
3.00383
2.52776
2.73375
0.84406
0.52572
3.86900
3.13424
2.10329
3.69040
3.72879
3.96835
3.65600
3.84119
2.87469
3.74489
0.38960
3.70032
2.74598
3.67937
3.40287
2.76653
2.00445
3.83705
3.03416
3.96325
2.37653
2.92632
2.46019
3.87364
3.83221
2.61366
3.77403
3.93537
3.74114
0.96919
4.00115
2.94569
3.33166
3.81184
3.12994
3.49330
2.93248
0.79202
3.83478
3.25316
3.98204
4.10859
3.66570
3.43632
3.74596
3.36367
2.03645
1.45857
3.81543
2.87469
1.68268
3.40710
2.58191
3.61090
3.42213
2.31626
1.87111
3.99241
3.76060
3.67090
3.26986
3.78831
1.86148
3.48850
3.61712
3.60384
3.53322
2.43240
3.92551
1.56096
3.09282
1.47430
3.73699
2.84590
3.98985
2.38911
3.04496
3.90924
3.72470
2.87312
0.47683
3.40689
3.68492
1.55152
3.57243
3.75648
2.75622
4.03966
3.53926
3.94653
4.08958
2.07648
3.73150
4.19490
3.17481
2.55497
3.67481
3.27168
2.96745
4.02022
1.53407
1.24311
0.39124
3.80648
3.60986
3.76727
4.03133
2.66359
2.91541
2.58719
1.56265
3.15692
3.92686
4.07216
2.45672
3.22356
0.73216
4.01438
3.49253
3.11053
3.28975
1.75366
1.45879
3.86664
2.95059
3.86405
4.14067
3.37258
2.91700
3.44260
3.33454
4.01156
1.44071
2.66712
3.92262
3.81226
2.89542
3.75510
3.26569
2.83032
2.60483
3.39736
2.96729
2.56411
2.21906
3.56335
3.37896
2.96152
1.73093
2.36838
3.95679
2.91217
3.48404
4.14825
3.86683
3.71194
3.16218
4.04516
1.95639
3.54563
3.46448
1.20609
3.21394
3.67923
3.96742
1.10620
3.77993
4.11570
3.58558
3.70265
3.68964
2.97141
1.09293
1.66381
3.42628
3.95417
3.56771
2.07181
2.65841
1.83997
1.98710
3.91425
3.87010
0.65409
0.34414
3.87238
3.99476
3.39367
2.71957
2.98404
3.48123
3.48181
3.79803
2.10501
2.74234
4.00488
1.39960
3.82033
3.55472
3.84810
2.57851
3.30248
2.15557
2.39135
2.97760
2.09330
0.88362
3.75487
2.96336
3.66771
3.53432
3.08100
3.03166
3.86065
3.54702
1.95097
4.01534
4.01775
3.77293
3.05990
3.45105
3.85482
3.55343
3.98619
3.07920
3.73610
3.72362
1.72523
3.18623
2.79711
3.80747
3.90236
1.65326
3.61688
3.64403
3.80619
1.33216
3.92549
2.87876
2.95969
4.00432
3.71299
3.15385
2.96631
3.78314
3.74692
1.57727
3.51883
3.10630
3.93376
3.87950
2.78286
3.73188
2.08972
3.97495
2.59403
3.80605
4.02949
3.24790
3.37858
1.24307
3.07254
2.29379
3.99748
1.62609
4.24664
3.07339
3.51769
2.82464
3.84323
2.88682
3.90841
3.77743
3.68413
1.02854
1.15503
2.28857
4.14545
3.48036
3.98441
3.42346
3.26310
1.72127
3.22021
3.09197
3.95182
4.12014
3.74718
3.40375
3.50812
3.41394
3.32133
3.49710
2.22317
3.19836
1.22124
1.30667
2.47486
2.63723
3.87633
2.70145
2.43529
1.56465
3.91737
2.62968
3.51135
2.13441
3.40789
3.19108
3.45431
3.65970
2.73263
0.27711
3.38094
3.33494
2.17439
3.00495
3.42258
1.25835
3.96733
1.19895
2.38671
2.74691
3.31201
4.20086
2.73743
3.68926
2.00791
1.23441
3.57834
2.33863
1.51985
3.29993
1.43992
3.77995
1.31209
2.59994
2.49788
1.49254
3.74186
2.77145
4.10895
1.70818
3.58432
3.16452
1.95338
2.99900
2.35949
2.81400
2.17564
2.77888
1.27596
3.63719
2.84489
2.84829
1.02503
3.47729
2.38332
3.27659
1.56142
3.81421
3.60212
3.84328
4.06201
2.83640
2.27607
3.77062
3.65807
3.91903
1.35742
3.39013
0.64069
3.09040
3.06227
3.36539
3.65907
3.29740
1.47921
3.15934
3.94715
1.00213
3.46805
2.46793
2.09219
3.24588
3.31656
3.31373
3.03604
3.69396
4.02544
3.18803
0.89134
3.47186
3.63297
3.44699
2.61357
3.27195
1.41671
2.71941
3.90577
4.00247
1.06789
3.46189
2.21645
0.97425
3.18737
3.86155
3.51300
1.13575
2.88590
2.50248
2.59422
3.50284
3.30000
3.87456
3.35458
3.38055
3.70073
3.06928
3.47820
2.47415
2.31845
2.49941
1.88418
2.85911
3.21649
3.23581
3.54328
3.72692
2.71229
2.71763
2.34912
3.95258
3.78987
3.52149
2.44091
3.93987
2.93452
3.47770
2.90134
3.61222
2.85539
3.74125
3.36265
3.76258
3.15869
3.94024
3.34266
3.73296
3.94418
3.92577
2.76416
3.10303
3.24057
3.72804
3.60813
3.98213
0.22231
3.62155
3.91188
3.99713
3.32645
1.32797
3.00947
3.36157
2.56685
3.84530
3.75879
4.06002
1.83450
2.00530
2.82658
2.02879
3.44043
0.09191
2.63605
3.76919
3.58247
4.13274
2.61246
2.91428
1.40677
3.75287
1.69408
1.36406
3.96474
2.81857
2.89207
3.93566
3.80232
3.32780
3.73484
3.70981
3.16545
3.51756
3.31953
3.10850
3.75213
4.12079
1.20638
3.01846
3.92547
3.72707
1.61475
1.96224
1.07475
3.90041
3.39451
2.72974
3.95577
2.63261
3.76203
3.73337
3.71300
3.48246
3.61603
2.79631
1.09170
3.09741
3.90733
3.42063
1.28244
0.54369
3.64723
3.38303
0.34875
3.77697
3.97080
1.81858
3.67214
2.88996
3.73241
2.06765
1.51835
0.57299
1.90591
1.09977
1.98494
3.89325
0.95836
0.06124
3.73343
2.49979
1.38154
3.57295
2.57943
2.77659
3.13313
3.73971
2.84119
3.50442
3.89748
3.63653
3.55752
1.64425
0.83765
0.76344
4.17800
3.23799
3.44602
3.66521
3.37965
1.08971
3.65917
3.88553
1.86199
3.11174
3.74763
2.29473
3.80889
2.57396
3.00090
3.26027
4.04967
2.96466
2.00253
3.34279
3.41260
3.06479
3.06496
3.64363
1.37742
3.91866
3.96662
2.56451
1.52141
3.69454
3.61138
0.93643
1.88692
3.77714
0.56299
3.77688
3.69397
3.97197
3.15695
4.08688
3.52962
0.99786
2.03263
2.95314
3.76002
3.57441
4.11586
2.78690
3.59220
0.99947
3.77843
3.42359
3.24994
3.83546
3.91133
1.35049
3.40040
3.22737
3.16914
2.92828
3.45341
4.22771
3.14889
2.76044
3.38577
3.87180
3.62310
3.96695
4.07590
3.95147
2.68138
3.25356
3.49096
2.03735
3.42623
3.55228
2.55147
3.88573
3.82465
2.76749
3.50854
3.95686
4.15722
3.01622
3.98628
3.61291
4.00916
2.93195
3.37467
1.01629
3.84014
2.68680
3.09961
1.50139
3.81501
2.55516
1.58653
3.63954
3.78922
1.26765
2.98971
0.66419
3.69175
1.37528
3.51075
1.51463
2.02984
2.23929
1.63582
3.97484
1.36739
3.95123
3.79405
3.08284
2.79058
3.75386
1.48046
2.45108
3.94230
3.43290
2.80642
3.41718
2.45860
2.15295
3.13627
3.90476
3.89983
3.89899
3.74867
3.76834
0.22600
3.72139
2.75214
2.49220
3.88726
2.72727
4.08905
3.17486
3.46701
3.15855
2.24609
4.05041
3.20601
3.72005
2.33954
3.77101
3.38919
3.45611
0.86817
3.76456
1.91356
2.73214
3.94200
3.75708
2.99313
3.71789
3.65312
3.88974
2.80767
3.82719
2.43245
2.70850
3.84324
2.66552
3.35553
3.97629
3.29477
3.97418
1.48241
1.51894
1.71546
2.15604
2.28295
1.71732
3.36752
1.57353
2.70850
4.14091
3.82555
3.86114
3.39239
3.35318
0.00012
1.35306
2.26694
0.71961
3.67939
1.84591
0.00902
2.10300
3.85049
2.90035
3.50089
2.02640
3.42669
3.90375
3.60142
0.96573
3.01351
3.25721
3.97484
0.57041
1.02169
3.32541
3.81981
0.57834
0.08468
4.04922
2.81363
2.63124
2.25165
3.86135
3.25785
0.31002
3.44316
3.68742
3.35502
3.46123
3.31523
3.89283
3.44500
3.32553
1.29372
3.01952
2.46576
1.37113
3.32214
3.18226
1.02281
3.62536
3.41756
1.13367
3.37696
3.73919
4.06159
2.88031
3.17181
3.75942
3.42924
1.70294
3.65778
3.10472
1.72083
3.89179
2.91728
0.36716
3.18109
3.22932
1.77479
2.20326
3.88535
3.37909
3.82789
3.66983
3.59846
3.59545
1.17706
1.24884
2.64918
3.38287
3.98688
3.72422
3.80679
3.55464
3.08726
1.31800
1.70308
3.76516
3.66738
3.63999
2.81985
3.34911
3.91029
3.35486
3.44076
2.89845
2.47125
2.79121
3.49755
1.41425
3.54165
1.03270
3.74433
0.83411
3.12716
3.66810
3.46119
2.18158
3.65214
3.62317
4.05944
3.70747
4.03275
2.38074
3.19503
3.09443
3.78418
3.65849
2.26700
2.21707
3.88944
2.74300
3.21825
3.18569
3.25100
3.58854
2.45725
2.84231
3.79607
3.80987
3.65628
3.89133
1.83452
3.08700
3.90648
3.16914
4.02957
3.70433
3.40324
3.04586
4.04408
2.59266
4.18617
2.95139
2.40296
4.07677
3.85307
4.01436
1.17731
3.08787
3.97476
4.10805
2.90863
3.92298
0.94723
3.92057
3.85573
3.64434
1.38134
3.99829
1.37365
1.12855
3.68335
3.86588
3.77802
1.82253
2.35021
3.62611
3.87539
4.03002
3.34078
3.69143
3.56837
3.42319
0.86324
1.74120
3.22365
3.36271
2.00142
3.36281
3.06364
3.82607
1.56544
3.76427
3.63892
4.00289
4.03468
2.35559
3.45608
1.34065
2.33031
3.10074
2.37783
3.85133
3.34851
1.38431
2.24492
0.97215
3.54625
1.02082
3.55092
3.73510
2.67012
3.67551
3.12594
2.06518
3.31918
3.16087
3.33503
3.38029
3.47424
4.00701
1.87261
3.96512
3.29895
1.71798
2.60872
3.63445
1.81258
1.35080
3.93906
3.85974
3.41693
3.82322
2.56696
3.66182
2.27808
2.58673
2.52328
2.82697
0.40424
0.94845
1.29668
1.59070
0.70127
1.91794
3.50670
2.23960
3.67341
2.59583
2.42641
3.46706
1.60596
0.82797
2.21061
3.64034
3.56943
3.66165
0.77252
0.84662
3.18869
1.23682
3.52620
0.23214
1.20836
4.06247
3.75524
3.62801
3.95647
2.95668
3.74348
3.49622
3.84666
0.19844
3.61233
2.95371
3.05574
1.16031
2.07927
2.77816
3.55603
3.46771
2.38310
0.69345
3.64630
2.60032
3.98554
3.36864
1.56691
3.77075
3.38643
1.78100
3.67529
3.13458
3.38827
0.37949
1.84636
3.68874
3.86392
3.25969
2.82631
3.62794
2.86934
3.57044
3.78366
3.60714
3.81928
2.34694
3.73694
3.84321
3.17094
3.74809
4.12564
3.61455
1.60528
2.63583
3.29581
3.42021
2.19491
1.40509
3.57633
3.36814
1.58562
3.78235
0.55801
3.74108
2.06261
3.11531
1.83643
2.82045
2.70044
2.59421
2.61818
3.86629
3.10945
4.13987
2.08961
3.48039
3.33201
2.86889
3.95183
3.64681
3.57867
3.59452
3.63780
3.13497
1.36733
3.74430
3.22296
3.91179
3.87517
3.77162
3.85136
3.89687
3.98782
3.13744
3.58690
2.97356
3.77125
1.12918
3.91362
3.54968
3.09205
0.71195
3.27503
3.21707
3.23729
3.72266
0.41213
3.73833
0.66357
2.96168
3.89144
3.03700
3.83890
3.25389
3.66619
3.99902
2.39999
3.45391
3.36283
2.70804
1.49513
1.04083
3.36643
3.66164
1.92975
3.70295
3.90164
3.65015
3.72691
0.10916
3.00843
2.38237
3.88164
3.48992
3.71604
1.44532
3.70685
3.98985
2.75743
3.58710
2.03575
2.06122
4.14110
1.28132
1.87526
1.16371
3.00771
3.79860
3.84403
4.00479
3.31993
2.35437
2.77489
2.41361
3.53551
3.14276
1.00543
3.57572
3.58383
3.95866
3.17195
2.42402
2.63512
3.91349
1.82839
3.71092
2.97788
3.53796
3.16255
3.55094
3.43293
2.75884
3.75011
3.35634
1.60908
3.69234
3.44739
3.04185
2.64124
0.87743
2.11195
1.79162
1.82843
3.20527
3.81807
3.46250
3.91236
3.15260
2.98469
2.95001
1.47663
0.70261
3.19261
2.85956
1.76844
2.75781
3.06559
3.55127
2.92792
0.63903
3.48780
2.29658
3.68606
3.92062
3.27324
1.59561
3.17097
2.24122
2.62111
3.91719
2.73345
1.31015
3.36346
3.30978
1.59927
3.84620
3.66585
3.16688
2.82481
1.74023
4.03850
2.09096
3.65886
3.33840
1.29599
3.80501
3.26972
1.21463
2.21718
3.76942
3.48932
3.57467
3.37722
1.52847
3.47175
3.62052
2.80921
3.99467
1.46413
1.74489
3.47158
4.20435
3.27981
3.74015
2.36748
3.47544
2.40470
0.72043
2.93633
3.90042
3.45807
3.81880
2.51569
3.79417
3.06910
3.53335
1.23406
3.38396
3.32639
4.08938
2.64181
3.83151
3.16295
3.84480
3.62763
2.87406
3.69227
3.67880
1.61973
2.24016
3.00056
2.06131
3.26334
2.12901
2.24888
2.76381
2.82343
3.96415
0.77769
3.80878
1.22112
3.49867
2.10843
3.72608
3.50298
4.18759
3.12193
3.01297
2.77758
1.68028
0.64563
3.93132
3.59824
2.95785
3.50863
3.05976
3.33995
3.73571
3.13566
4.10329
3.44261
3.17165
1.29007
3.80643
2.57298
3.13791
3.02855
3.05383
3.38790
1.07123
1.44081
3.64098
1.15487
3.25766
1.80680
3.96307
1.29856
3.82784
0.56019
2.05685
3.26049
3.91932
3.38323
2.52023
2.14283
3.14821
3.32640
3.24178
3.55380
3.04490
4.11077
3.32205
2.24956
3.66772
0.64817
2.16023
1.75276
3.90624
3.63646
4.01276
3.53969
3.72854
3.97232
3.43728
2.04104
2.53625
3.37147
3.72688
3.79143
4.00437
4.00158
4.03757
3.82415
3.78226
0.60195
2.42992
3.87345
2.82794
1.17067
2.88462
3.11849
1.21141
1.61369
1.78278
2.83149
3.70925
2.34092
1.82005
3.51746
3.39652
3.65106
3.84410
3.72349
1.30528
3.49992
3.78468
1.58955
3.33627
3.87528
3.35896
2.75781
0.76326
3.27651
2.16049
0.00257
3.14080
2.67343
2.80058
2.51000
3.08905
3.46071
3.85091
0.62028
3.91030
1.38414
3.19732
0.98433
4.09602
2.98895
3.16651
2.95690
1.57460
3.11438
0.55404
3.56920
2.30722
3.18228
0.78413
0.69879
2.04479
3.38538
1.79276
2.54647
3.16673
3.96262
3.72071
3.45422
0.40074
2.84676
1.69035
1.98924
3.63481
2.89982
3.47348
3.50448
3.72492
1.31895
1.28905
0.93851
3.02428
1.07314
2.81910
3.79148
3.98595
0.92086
2.92596
2.56675
2.21383
3.93234
3.80980
2.33861
3.36814
2.07279
3.68475
3.63104
2.62928
2.69635
3.22398
3.39677
2.65949
3.16460
3.58491
3.70874
3.94707
0.95312
2.97095
3.42000
2.91914
3.70218
2.72451
3.94231
3.66397
3.39304
3.54657
3.15936
3.46596
1.38649
1.94178
3.60716
3.66598
3.95608
3.61552
2.57418
1.26542
2.92986
1.34643
3.60002
3.94593
1.06363
2.32720
2.44751
3.43831
0.54482
3.19363
3.86553
3.81735
3.87437
2.30382
3.77705
3.83494
3.74254
2.03911
2.81697
3.57525
1.16980
3.38533
3.79624
4.04213
3.45523
3.00799
1.86941
2.66103
3.52203
4.08932
2.58326
2.66943
4.01666
1.98045
2.33329
0.69529
3.49075
3.01137
3.49813
3.40039
2.93431
1.06200
2.56591
3.39904
3.66332
3.63354
3.33939
2.80308
3.71799
1.49418
1.81501
3.22867
3.48590
3.60630
2.54519
3.81940
3.61109
3.53013
2.62712
3.32602
3.76734
1.89570
3.28601
4.15331
3.88019
3.54743
1.12431
2.83608
1.20565
1.07538
3.77208
3.56859
2.67231
1.55188
4.13619
3.73127
2.89438
1.81575
3.69068
3.08688
2.03967
2.50684
3.57949
0.95188
1.42114
3.76752
2.54649
3.23086
2.45945
3.78379
2.52402
2.03239
3.98544
2.14072
2.55575
3.34317
3.99811
3.31962
3.38993
3.65451
3.75242
3.63564
1.57172
3.93702
0.52000
3.26676
3.40829
3.41018
3.78701
3.93783
3.85350
3.52982
2.92555
3.21884
2.43531
3.51765
0.99192
0.94207
2.34356
4.05434
3.61686
3.93781
1.90385
3.82598
2.41550
3.83848
3.86782
3.45099
3.77419
4.00110
1.31496
1.64918
1.60045
3.72820
1.04246
3.28655
2.95249
2.95215
3.04354
3.57239
3.06266
0.89380
1.11228
3.58501
3.81455
2.23521
3.92173
3.62902
3.82618
3.38472
3.19446
3.62047
0.67163
2.91561
2.65637
3.63247
1.74967
1.54115
3.07605
3.26272
3.95749
3.50515
1.30142
2.99641
1.89789
2.00785
3.68926
3.77341
2.39562
3.33293
3.37967
3.04674
3.18651
3.51268
3.63168
1.90717
2.78703
1.84604
3.94281
2.80145
3.57753
3.47967
0.73868
3.07664
2.56655
4.03862
2.16973
3.77396
3.84433
4.05399
0.47869
1.46023
3.85876
3.51260
1.43115
3.39351
1.94368
3.02927
2.91917
3.69410
3.65868
3.44417
3.50729
2.10427
2.30637
3.81238
1.36590
1.03740
2.94441
2.09829
3.91913
4.02261
3.37046
3.69421
2.84880
3.74354
2.19077
0.54651
1.72169
3.99804
3.86326
3.69851
3.71910
3.32583
4.08916
3.63158
1.44287
3.69381
1.93476
1.74075
2.91343
3.99444
3.88715
3.71036
3.56852
3.86675
1.58627
4.22429
3.24527
3.93117
3.82476
2.97873
0.57914
3.98533
3.21317
3.42656
3.24857
4.17188
3.59385
3.93560
3.54174
3.31019
2.23226
2.47152
3.86890
0.72712
3.40602
3.12394
3.42519
3.78563
1.20537
3.58444
3.31721
1.49019
3.21603
3.76380
3.03230
1.36768
1.28895
3.63723
0.98456
3.09001
1.98073
3.33167
2.59523
3.42758
3.76737
3.34471
2.07978
4.00342
0.27630
1.01080
3.66835
2.54533
3.45972
3.66137
2.95732
3.99378
2.00608
1.93476
2.81911
3.42110
0.24467
2.87400
2.18432
1.68420
3.18001
3.08045
2.86604
1.94851
3.50785
3.99142
4.02678
2.80671
3.73379
1.16984
3.76009
2.36291
2.94808
3.97284
3.37300
3.54829
3.20600
2.17049
3.29876
0.94002
3.20881
3.52059
3.90806
2.56555
1.22249
3.64198
3.54252
0.37031
1.63054
2.26766
2.13537
3.12347
2.64899
3.48198
3.25252
4.12216
2.55041
2.05440
1.69198
3.35664
2.06861
2.98832
3.25461
3.38914
3.74970
2.65404
3.62904
2.55548
3.18703
3.80348
3.67419
2.93528
2.77336
3.61403
2.69528
3.49663
2.01265
3.08555
4.19643
2.47708
1.55490
3.92314
3.93529
2.92546
0.66895
2.33478
3.71651
3.22422
3.43343
3.99477
0.65709
3.84622
3.65176
3.95745
4.09996
2.19435
2.95532
3.54585
2.23143
3.34372
3.47757
2.98498
3.39042
3.33761
2.78086
3.55791
3.63666
0.18833
0.61662
2.85909
3.40503
1.91654
3.91782
0.83787
3.92640
2.64344
3.69430
3.39596
0.02647
3.87533
3.05328
2.03826
3.39739
3.13041
3.01072
3.12373
3.31373
3.32826
3.65644
4.02807
3.71582
2.15312
1.12425
3.15202
3.07324
2.05747
3.70410
3.13840
2.61266
3.05295
2.63243
3.65972
1.87992
3.84610
3.38331
1.02509
3.60493
3.47953
3.75795
3.62616
3.27822
2.77549
3.57347
3.51164
3.44928
3.58452
1.82150
3.97115
3.83267
3.50086
3.72282
3.76269
1.52426
3.82758
3.67173
3.18010
2.45539
2.95440
3.17276
2.44196
2.57857
3.69714
3.88205
2.74097
3.03743
1.27289
3.53000
2.76524
3.81137
4.02930
0.56662
1.84654
3.05918
3.50527
4.16337
2.89647
4.17211
3.60497
3.77227
0.05978
3.16378
4.02340
1.14235
3.92341
3.53337
3.68492
3.35547
3.79181
2.06647
1.79145
1.18285
3.34741
3.32753
3.53052
3.79366
2.91125
1.21648
4.11303
3.96612
2.89196
3.80019
3.11875
3.97044
3.53130
2.49264
2.64832
3.85364
2.56959
0.31508
0.37106
3.96210
2.46585
3.59641
1.79908
3.96766
1.85262
2.76797
1.37317
3.45684
3.77659
3.74971
3.45806
3.75624
2.27461
1.29021
1.40839
0.80243
2.89336
3.99598
0.91862
0.89858
2.34963
2.68235
3.92545
3.59493
3.88559
0.50544
2.77484
3.26548
1.86619
1.88902
1.91891
3.80362
2.79705
0.25160
3.74495
3.13787
3.88797
2.42354
0.94457
1.03909
2.95494
1.25712
2.92705
0.94481
2.55235
3.61430
3.72390
1.66865
3.54945
2.01272
3.99592
3.70491
3.14687
3.84335
3.22570
1.02016
3.68403
3.00126
3.80463
2.21642
3.81069
4.15924
2.19458
2.11136
3.41402
3.09247
3.63816
2.98590
3.42920
1.04130
3.73033
3.13010
3.95891
3.67618
3.76811
2.40911
3.55536
0.01007
4.02477
1.93154
3.77946
2.68716
3.41645
4.05302
3.74129
4.00157
3.63347
3.60092
2.52560
3.88302
3.46210
3.71295
3.55072
3.54146
3.70416
1.79006
3.88090
3.72532
3.27151
3.24850
3.71999
3.67044
3.03511
3.46491
3.87597
3.15524
3.90772
3.80220
3.66083
2.54759
3.60821
3.70777
2.77289
2.81555
2.08296
3.44291
1.74084
0.64478
1.75250
1.97651
2.16977
2.70654
0.75336
3.80214
3.24613
1.74567
3.81060
3.72836
2.98601
1.06799
2.85465
3.01806
2.30460
3.64777
3.59826
3.61327
3.79427
4.01749
1.97259
3.02886
3.19042
1.20986
2.17908
4.11893
2.37730
3.90495
2.84921
3.04228
2.73426
2.56988
1.94117
3.81636
3.25234
3.54369
2.86667
2.25783
2.55937
3.35397
4.05356
3.51127
3.35089
2.08545
2.56347
3.80334
3.54065
2.19569
3.44548
3.53523
0.27945
3.65500
0.72031
3.62116
2.87412
3.65551
2.27353
3.70645
3.91185
2.72230
3.27769
3.56395
3.58046
2.93325
1.68223
2.09299
1.98993
2.73636
2.74958
2.89684
2.34021
3.84807
3.55341
1.73031
3.83298
1.08115
2.48691
1.08526
2.36843
3.77678
3.45227
0.17033
3.24406
3.07528
2.88259
3.70115
2.60911
0.88869
1.93803
4.07506
3.88406
3.45474
3.18366
3.26487
3.36617
3.44409
2.71145
3.76985
3.72764
3.64625
2.43551
3.88056
0.71587
3.67954
3.76194
3.11024
0.86080
1.90911
3.57375
3.71701
2.83722
3.27007
3.53545
2.84222
3.50594
3.43736
3.44194
2.42637
3.28217
1.12770
3.68301
3.95460
3.47078
1.24413
2.01441
1.55926
2.26548
3.45193
1.62705
3.62413
3.51539
3.29187
3.79025
2.14549
1.87853
3.77738
3.53754
3.44074
2.71682
2.86088
2.68886
2.13099
3.10260
2.53146
0.95583
4.04088
2.91485
3.78447
4.09330
2.78549
3.24703
2.62451
0.78186
2.28699
3.44989
3.68623
3.65910
1.14264
3.52922
2.29543
3.49284
3.81553
1.71488
2.88471
3.49083
3.49753
2.84426
3.24603
3.45954
2.05810
3.81430
3.94444
2.40264
3.23414
1.05683
3.85542
4.07708
3.50274
0.40679
1.94871
3.67982
3.48539
3.57923
3.46078
2.78413
3.90045
4.04872
3.03203
3.89222
3.52491
3.90034
3.20686
3.39595
3.62809
3.57681
3.28359
3.99972
3.00531
1.26068
3.45410
3.72503
3.71025
3.70507
3.86715
3.78019
0.76680
3.78183
3.92879
4.04450
2.04548
0.74676
2.77521
3.12569
1.03622
3.89947
2.44639
2.53740
2.97876
3.19812
3.27535
3.77084
1.87934
3.67458
3.71138
1.56670
1.50159
3.75819
3.91146
2.95756
2.83953
3.04043
1.43146
2.04646
2.14910
1.56785
3.75234
2.33942
4.07502
3.86853
3.89034
3.63072
2.87958
3.68426
4.08549
2.50368
3.88130
2.76889
3.74623
2.50415
2.66161
3.39021
2.02339
2.51232
1.88209
3.66761
2.43928
1.64945
3.70726
3.61937
1.75603
0.45628
3.53751
4.05237
2.49318
2.77397
3.98455
2.95635
3.56198
2.96604
1.67632
3.77910
3.96464
3.86626
2.95274
2.15879
3.45035
1.85039
2.68713
3.71049
3.37845
2.29524
2.13147
1.92846
2.57915
4.06290
3.65962
2.81056
2.59599
3.82654
2.26444
2.80546
2.99179
2.45140
3.51646
3.68757
1.27522
3.36278
0.90735
1.28890
3.56994
2.75168
3.17837
3.91455
2.86497
3.98977
2.68471
3.68660
3.98095
3.62291
0.88068
3.65074
3.60691
1.91287
3.99961
3.34110
3.58852
2.64683
2.46347
2.85004
1.80799
3.89203
2.87269
0.16447
1.88385
3.21035
1.45298
3.36299
3.70431
3.69609
3.07701
3.46821
3.44706
0.95997
1.13817
3.43105
2.06336
0.79915
3.34880
3.50112
3.53246
4.01041
3.83524
3.56772
3.61416
3.78767
1.71669
2.08120
3.68704
3.94841
0.12531
3.96603
1.00080
3.30869
3.62012
3.33477
4.00869
3.67883
2.23498
2.88698
3.26862
2.89565
4.04688
3.64733
3.58486
3.65968
3.53621
3.68510
3.74336
4.09237
3.26638
2.89678
3.44699
1.52813
3.65389
2.20375
3.30684
3.63008
3.58431
2.94830
0.95865
3.71599
2.37500
4.05957
3.60962
3.83602
3.67902
3.03001
2.37780
3.66474
1.28111
3.17343
2.59466
1.41446
3.73005
3.94162
3.52020
2.40273
3.78482
3.62817
2.56788
3.00796
1.18897
1.99271
0.87729
2.10520
2.08437
0.84487
3.06774
3.72167
3.86505
2.05323
3.05400
2.13705
3.61315
3.34996
3.96958
1.98539
1.59984
2.92174
3.93173
2.92054
2.64606
0.02022
4.04849
3.05865
3.95068
2.74747
3.64604
3.71919
3.65128
1.61889
3.50331
3.68497
3.56092
2.94959
2.64785
3.93442
3.91481
3.58973
0.14085
3.82628
3.67119
2.93454
0.03191
0.85196
2.32542
3.66408
2.59756
3.23432
3.20071
1.71521
3.81440
2.80536
2.71485
3.74459
3.30563
3.91409
1.81298
3.94448
2.35140
3.21909
1.37221
2.02447
3.70052
3.56476
2.98704
3.15398
3.62399
0.91925
3.68472
1.29462
0.79286
3.01008
3.55342
2.71731
3.84318
3.60261
3.67455
3.58394
3.97672
3.81565
3.17836
1.46769
2.69695
3.73839
0.72013
3.56833
2.55253
2.77849
1.22775
3.74520
2.63788
3.86889
1.22841
3.97222
1.08387
3.57535
2.43305
3.70159
3.43874
3.82345
2.26555
2.70514
3.71819
4.01961
4.04423
3.57938
1.16251
2.61062
1.19412
1.22042
3.15133
2.44757
3.66072
3.74486
2.89466
3.42106
3.94597
3.94114
3.10176
2.97106
3.23842
2.87229
4.06660
3.79968
1.78345
2.76870
3.43448
2.91113
2.54318
3.79338
2.36028
0.62242
3.66229
2.86340
2.61432
3.15678
2.23399
2.75839
3.17117
3.68919
3.72568
3.71555
2.09332
3.15788
3.13204
1.25998
3.55356
0.71834
2.28328
3.67120
3.06857
0.86519
4.04012
1.03507
3.03661
3.58727
4.02900
3.01167
3.21144
3.53107
1.98277
3.28488
1.82405
3.81925
3.11375
2.34699
4.13401
3.28133
2.80813
0.28325
3.99488
1.73206
3.25924
4.08927
3.59288
2.20174
3.89296
3.21592
3.16859
3.90008
4.02980
2.75372
3.83069
1.31247
3.48533
3.50620
3.56882
1.95485
2.35762
1.84902
3.30223
3.51810
0.68473
3.63566
1.67068
2.94715
2.92352
3.37815
3.72891
2.95359
1.28338
3.98759
3.50962
1.98394
0.75969
2.57454
1.69137
3.06010
3.68764
4.01339
3.42301
0.87945
3.56393
1.81537
0.82241
3.15556
4.06195
2.87979
1.42146
2.92576
2.79914
1.77293
3.20913
0.87928
1.70273
4.08898
3.75327
0.89529
3.08772
3.97963
3.70600
3.54621
2.20650
3.94896
1.61036
2.95395
1.26520
3.88779
3.26917
2.32531
3.19304
3.53021
3.42769
3.90844
1.67196
4.02557
4.10370
3.57852
3.19086
3.68364
3.76556
3.89468
4.01880
2.84744
2.73363
3.65975
2.58917
3.75094
3.90894
3.22772
3.75982
3.93524
3.07184
3.80680
3.66326
3.24143
3.27864
3.97179
0.99810
3.60928
3.74392
3.77496
3.44912
1.18744
2.41563
3.90948
3.74248
2.87609
1.89953
3.23359
1.88430
3.37864
3.70343
4.05432
3.90710
3.24219
2.83916
1.91381
3.55145
3.88328
3.20566
2.13086
2.96652
3.82893
3.52842
2.80015
3.69312
3.59214
3.83267
3.25200
2.24879
2.83283
0.02405
2.06239
3.43924
3.70768
3.20504
2.95674
3.99151
2.53685
2.98523
3.26448
3.18729
2.52961
3.57458
3.17400
3.55222
3.31395
4.14079
2.90729
3.01223
3.52225
3.86628
3.02604
1.81774
3.29360
2.87145
2.28432
3.22712
3.99797
2.15603
3.84180
3.84757
1.11717
3.77400
3.25758
3.89170
2.88987
3.80558
2.70565
2.73542
3.05692
3.06959
2.45060
3.99792
4.07786
3.83976
3.55550
3.91933
3.86511
2.89285
2.31694
4.22557
3.68639
3.82692
4.14943
3.73783
0.41342
2.85158
1.47374
3.88748
0.53493
3.30510
3.49842
0.29504
4.01682
2.34728
3.88816
1.45943
2.48619
1.07019
3.41435
3.38311
3.81263
3.45686
3.79678
3.05897
2.91604
2.90498
3.31790
2.11016
2.29148
2.43644
2.40574
0.15355
2.88199
3.76938
2.78173
3.70583
3.34655
2.91157
3.00108
2.83871
2.35110
3.11410
3.59487
3.42965
2.85486
3.03538
3.75140
1.89627
3.94545
3.78568
3.68271
2.78338
3.78884
0.73967
3.73251
3.20766
3.09889
4.01511
3.92327
2.98035
3.60281
2.24133
0.69605
3.70237
4.01661
2.73171
2.13619
3.88745
2.20661
3.88372
3.59092
3.64010
3.60943
3.05437
3.42998
1.93065
3.59818
4.02114
3.90188
2.17816
2.98225
4.05864
1.80491
2.37082
0.51258
3.94584
3.91807
3.89318
1.90015
3.08184
4.15495
3.90838
2.19604
3.99559
1.69669
3.63815
3.71606
3.46184
2.72427
0.84489
2.55264
2.79559
2.27193
3.78418
3.86958
3.17377
3.63927
2.58197
3.72796
1.88846
3.96603
2.62176
2.11722
3.45363
3.34869
2.13588
4.04432
1.27675
2.72840
3.43364
0.81343
1.34248
3.40525
3.29817
3.82689
2.19803
2.97376
2.89229
2.93054
2.93736
4.06277
2.78735
1.85359
3.65927
3.41927
2.79937
3.58862
3.50877
3.86500
3.01426
3.57931
3.67259
0.77536
3.83761
3.05854
3.68043
3.17688
3.65124
3.72100
3.49029
1.04473
3.25138
3.94996
2.08609
3.21508
3.87825
3.55394
2.78902
3.24052
3.84387
1.64837
1.33026
1.82588
3.73946
3.92631
3.76702
2.32210
2.51057
3.01649
2.03134
0.72051
3.68617
3.59538
3.95234
3.76219
3.39155
1.42606
3.81342
3.87211
3.70198
3.10896
3.18112
1.87834
3.86473
3.98742
1.07588
3.52425
3.95290
3.49689
0.79015
2.23112
3.22322
3.48984
2.89372
3.28773
2.87634
3.28749
2.83789
2.76187
3.76044
4.20406
3.50549
3.95518
1.33919
3.72121
3.78115
3.07339
3.66891
3.62622
4.07973
4.18008
2.00857
3.34444
3.79292
3.90150
2.32094
3.80233
3.59731
4.00828
3.72902
2.57444
3.46810
3.78026
3.58105
2.93167
3.38877
2.27839
2.91667
3.54348
3.73615
1.92043
2.98549
4.04074
3.47549
3.81060
2.28240
1.73578
1.96847
2.19614
1.30015
2.30085
3.91215
3.82269
2.05678
3.65845
2.41620
3.49617
3.05851
3.22219
3.34812
3.84230
4.06398
1.23998
3.17247
3.96133
3.24913
2.32750
1.55544
2.67893
3.91419
3.36127
3.16790
3.29111
4.16452
3.72841
3.40880
3.50588
3.67014
0.63468
2.88196
1.37949
2.62692
4.05948
1.48300
2.58663
1.90587
3.80297
2.55222
3.43324
1.88841
3.86497
3.74498
3.94420
3.24519
3.21119
3.52262
0.77895
3.80769
3.51990
2.65146
3.22443
2.96888
1.99539
3.31894
3.78063
3.69972
3.47851
3.59022
3.61855
3.84229
3.10547
2.67881
3.92183
3.72746
3.23979
3.74758
3.93794
3.74763
3.90383
2.22712
0.09728
3.91621
3.66630
2.80252
2.80542
2.14794
3.67155
2.83255
3.38583
2.66402
4.07088
3.52513
2.88583
2.54450
4.08345
3.42821
3.12473
2.01268
1.62158
3.00120
2.06557
1.68235
3.50087
3.73475
3.76571
3.21483
1.87338
3.93797
4.23957
2.52726
3.79219
3.46154
3.91689
3.50692
3.96129
0.31148
2.20777
2.69840
3.57020
2.10400
2.08518
3.35526
3.28825
3.86018
1.95299
3.83615
3.41076
3.69076
0.83958
2.93160
1.20290
3.52474
3.29929
3.17950
0.38760
2.41519
2.01896
2.03709
2.78300
3.48420
3.01929
3.73532
3.46426
3.70165
2.18957
3.87884
3.39213
1.61029
3.09481
3.12405
3.97613
3.81183
2.14340
3.84447
2.66067
3.20477
3.12442
0.31318
3.76710
3.77833
3.72181
3.63823
3.53775
3.82776
1.94587
3.28439
1.78482
3.26674
3.93276
3.80181
1.80364
1.04475
4.07744
3.75111
2.38032
2.97969
2.15760
2.75645
1.31612
3.02195
3.79001
3.50312
2.99566
2.54683
3.51833
3.34063
1.42682
3.63125
1.66579
3.32578
3.38906
3.23621
2.17520
3.20672
2.55824
4.10754
1.27294
3.08961
3.72826
3.38516
3.71224
2.75126
3.44397
3.63777
0.23906
3.80228
2.44767
3.58844
2.88398
2.18211
1.87094
3.66166
3.90484
0.32973
2.89767
1.59867
1.57762
2.34115
1.46281
3.78847
0.64035
4.18930
3.59207
4.10126
3.47815
2.80892
3.20411
3.55076
3.87076
2.63989
2.47919
2.84062
3.16322
3.99192
2.34517
4.15781
3.85324
3.72771
2.72769
4.03957
3.63776
3.97689
3.80425
1.34010
3.67346
2.53359
3.75241
1.11928
2.73632
0.73136
4.15393
3.64237
1.67201
3.87137
3.91686
3.60710
2.80489
3.40967
3.25234
1.96185
3.89419
3.82107
3.86940
3.40325
1.57389
3.86591
2.64263
2.54334
3.37218
2.20798
1.53289
2.51456
3.37910
3.24146
2.80739
1.89770
1.09731
3.55263
2.46080
3.56953
1.58777
1.35395
0.85056
2.80561
0.88137
0.75367
3.19801
4.14960
3.46085
3.04331
3.41886
3.75444
3.61341
3.53024
0.24439
3.72637
3.61695
3.86785
3.87680
3.59051
3.29288
3.83631
1.96706
2.60719
1.22763
3.68153
3.37313
2.64702
3.75502
1.65421
3.27895
3.60284
2.52427
3.96283
4.12254
2.68610
3.03374
3.84326
1.86479
3.46903
1.92263
3.88227
3.33898
3.59874
2.89562
2.45200
1.54344
2.42884
3.53153
3.68581
1.54728
3.29961
3.27055
0.91849
2.97026
3.06502
2.60815
4.18997
3.46354
3.20742
4.07924
2.04823
3.56227
3.67917
2.27025
3.87927
0.04587
3.84152
3.74668
2.94282
2.98665
3.84431
3.80906
3.46079
2.55363
3.95177
3.85225
0.52082
3.58133
2.86948
3.36430
2.36665
2.41021
3.52400
0.93539
3.26761
3.55057
4.25263
2.66404
2.95395
3.54092
3.14430
0.99673
3.26323
3.38090
3.08853
2.46990
1.22540
3.88057
3.32020
3.28252
1.93757
3.36918
4.11607
3.73341
3.41687
3.37322
2.67724
3.88836
3.85917
3.87010
3.80215
4.05228
3.86281
1.39352
2.81687
0.97966
3.34869
0.60929
3.30272
3.94644
3.48349
3.79867
3.51670
3.91190
3.76119
3.30749
3.43683
2.44823
2.74681
3.92894
3.20985
3.47865
3.44653
3.19446
1.33962
3.58447
0.91161
2.38445
2.73146
3.08901
3.86120
1.85928
1.98017
0.69127
1.70405
1.05063
3.46610
3.49654
3.90310
3.41015
3.41193
2.76108
1.74306
3.77008
3.76896
3.64564
3.64279
3.69661
2.20995
1.31196
3.71270
3.79162
3.53254
4.09379
3.22474
3.31356
1.77798
3.81859
1.50473
3.61985
3.47055
3.69650
3.83267
1.55759
1.34277
3.99249
2.68990
3.29286
0.66002
3.36041
3.91663
2.08403
3.67459
3.61495
3.71454
3.15854
3.63751
1.54936
2.01151
2.84351
3.92629
2.23592
3.54073
1.94898
3.93160
3.80018
3.28109
3.58521
3.75733
3.83978
3.60380
3.51848
3.97622
1.71232
2.96825
3.78305
4.01625
3.28819
3.87449
1.92708
2.16724
2.30504
3.88122
1.84258
3.68260
1.51223
3.51953
2.06524
1.52793
3.32620
2.63531
0.97796
2.35139
3.39132
1.33118
0.57833
3.89295
4.10376
3.39134
4.07800
3.91138
2.07973
4.14863
1.13849
4.00626
1.60277
3.70665
3.78039
3.53848
1.21235
2.63821
1.01349
3.31097
4.05309
3.69213
3.74258
3.99629
1.77756
2.87188
3.53234
3.72409
3.57296
3.52041
3.17355
2.02235
3.75486
4.00286
1.05343
2.09925
3.58561
3.45448
3.42321
3.63927
3.84914
2.43019
0.23045
0.79479
3.99547
3.57455
2.19974
3.85183
3.53323
3.79614
3.76136
3.92646
3.73399
4.00537
2.06906
3.35638
3.59912
1.96247
2.79947
3.34024
2.32964
3.39010
3.56525
3.59328
1.51495
3.75721
3.87286
2.19786
3.92489
3.00330
1.45221
4.05875
3.77020
2.75906
3.55336
0.79362
2.82349
3.88713
3.66426
3.86807
3.84449
3.47438
3.39577
2.39457
0.06421
3.71163
3.60536
1.82725
3.52383
3.78238
3.88292
2.05183
2.56416
0.34010
3.21952
3.76694
3.51892
2.77156
3.52120
3.91007
3.90191
3.68192
1.34600
3.23296
2.85127
1.15013
3.39785
1.86195
3.27314
3.64348
3.96517
2.97771
1.74780
3.35269
1.84888
1.63484
3.50453
3.57912
2.66196
3.04912
3.91726
1.24915
2.95584
0.61407
3.31691
2.01539
3.54214
2.66762
2.17838
2.86878
1.81521
2.65479
3.46926
2.16704
3.56303
3.78658
3.69187
2.43888
3.42350
2.45477
3.79618
3.13329
3.11158
2.71186
1.00197
2.90279
4.04750
3.80212
3.92825
1.85947
3.15271
3.47147
2.39290
3.87489
3.98832
3.94670
3.83139
3.67959
3.92302
3.56594
2.25978
3.97217
3.39757
1.20354
3.98153
0.26656
2.43748
3.81099
3.22389
2.47232
3.33738
3.57196
3.47702
3.41319
3.59757
3.67611
3.64107
3.63795
3.04397
4.07466
4.14756
3.82840
4.01902
4.03744
3.38795
3.93583
3.68315
3.31713
3.03213
3.68954
2.54241
3.90729
2.91533
2.69715
2.58197
1.07241
3.57859
3.74374
2.22284
0.21229
1.91465
0.33834
2.80186
2.52924
1.86793
3.41455
3.62792
3.57437
3.31370
2.73467
2.38762
4.25774
3.93788
3.65231
2.15782
3.71995
3.22139
2.63701
2.83252
0.66468
3.82961
3.81567
2.46303
3.62531
1.77781
3.59207
1.83837
2.12569
3.17747
2.18976
0.63717
3.58328
2.61164
3.88519
3.41404
1.03837
3.24413
3.51277
3.87679
2.20620
3.71765
1.76011
3.30039
3.86082
4.01828
2.23309
2.63817
4.02963
2.28810
1.68807
3.88782
4.12729
3.59027
3.61255
3.95115
3.98833
2.38598
3.43954
3.47187
1.75522
3.61007
1.78605
2.14254
3.20070
3.39798
3.94490
3.28845
3.28680
3.10959
3.98285
2.70624
2.93692
2.44078
1.54611
3.65317
3.43857
2.50407
0.93957
4.02954
3.73374
3.01077
4.05247
3.91384
3.12820
1.11758
2.15225
3.65873
3.81312
1.82520
3.19154
1.39837
3.91846
3.44347
3.88513
2.88392
1.70386
3.71169
2.91455
3.88047
2.65092
3.54197
3.56278
0.10408
1.22738
4.17999
1.87782
3.78483
3.39778
3.58428
1.68587
3.20543
3.51951
3.94568
2.72113
3.33252
2.91256
3.19359
3.93955
3.79934
3.81128
3.73955
3.20222
2.80450
3.69420
3.77780
3.86125
3.13712
3.93594
3.61324
3.83280
4.01187
3.35242
3.80451
3.14393
1.95976
3.44413
3.82851
1.05231
3.96165
2.87257
0.03422
3.76411
3.26660
3.89408
1.40290
3.52288
2.49723
2.52720
0.73316
0.63424
1.58765
4.22109
3.29961
3.75721
1.57453
3.47136
3.57800
1.91183
3.72482
3.83571
2.88720
3.00586
3.53001
3.64758
2.13372
1.84897
3.60100
3.86591
2.81266
1.30867
0.73286
2.42520
3.80499
3.69337
3.95519
3.21112
2.48667
2.15468
1.33564
3.84225
3.71432
3.31630
2.91203
1.61441
3.99745
1.78217
2.97549
3.91078
2.92914
0.27136
3.56534
2.65315
2.09783
3.86882
1.93176
2.75963
3.52109
2.31996
4.07292
3.75185
3.93135
2.56878
3.50993
3.84990
3.96909
3.35322
3.54951
2.90874
1.15414
3.92989
3.40219
2.91375
4.10156
2.43883
2.85340
3.90739
3.69234
1.58635
4.16912
0.44300
4.04224
3.57336
2.95568
3.66365
1.89539
1.97896
3.82139
3.02248
3.55655
3.53848
2.09396
2.59930
3.90401
1.71449
3.63039
4.00062
3.79405
3.04571
3.02841
3.60436
1.80954
3.21242
2.86812
3.13569
2.93962
3.94531
3.05245
3.83319
3.29171
3.27255
4.03997
3.73360
2.56107
3.29946
2.45033
2.49216
4.18208
3.80086
2.45363
3.80733
2.04579
3.76133
1.93649
3.02470
3.06949
2.65295
2.95570
3.53728
3.79355
3.87414
3.41560
1.50197
3.84543
3.92222
1.18267
2.87292
0.68887
3.64420
3.91516
3.51644
1.81523
3.76222
2.15386
0.85701
3.93046
1.97287
2.35963
3.46003
1.01046
3.39659
3.76062
1.76585
3.67595
2.78841
3.53768
3.32354
3.18047
3.32290
2.78473
3.89527
3.75817
1.06496
3.63960
2.82535
3.45358
3.83273
1.35329
3.89802
1.18169
3.46513
2.27135
2.50018
3.70515
3.58675
1.97621
1.60598
3.43910
2.96261
2.88852
3.77774
2.35784
2.85449
2.63071
4.05396
0.87272
3.83517
3.85368
2.73557
3.29368
3.53998
2.18494
3.26941
3.01911
3.54286
2.97566
1.99290
3.44804
3.53734
3.91092
2.38615
3.88960
2.43327
2.10148
1.67655
3.02674
1.18434
3.05709
0.51518
3.31942
2.72878
3.82202
3.43696
0.58563
3.59810
2.44163
3.75804
3.00641
3.18027
3.24542
3.97143
3.72328
3.54668
2.55944
3.22148
3.83029
2.37367
2.33526
3.38114
3.76964
3.54201
3.64650
3.53144
1.66655
1.05819
2.23632
3.69745
1.51344
3.74375
2.30303
3.49541
2.56229
3.76409
3.29057
3.76223
2.66036
2.24280
3.39106
2.97496
1.43460
0.15820
0.75672
1.17069
3.06932
2.74679
3.66509
2.39403
3.43557
2.34422
3.85605
3.52990
3.65942
1.69012
1.99067
3.94314
3.06005
2.99633
3.37066
1.90953
1.04168
1.89300
3.09812
2.27056
3.58720
3.06421
2.11209
3.80969
3.94301
2.48764
2.40559
3.88312
1.38889
3.01315
3.96388
3.66220
2.07165
3.16968
2.53818
0.00103
2.48041
3.72856
2.87193
2.92147
3.63133
1.25830
3.62382
3.53883
4.07769
4.01285
4.05648
3.71081
1.39922
3.89146
3.93738
4.06839
1.17372
3.96406
0.94396
3.24401
3.46235
3.66334
2.45971
2.48690
2.52791
2.82543
2.46283
2.97705
2.76503
1.02697
2.09285
3.34240
1.07769
2.42573
3.36049
3.11059
0.44910
3.13292
2.09436
2.75117
1.57457
1.58444
3.28204
4.00767
3.39714
4.04404
3.59558
3.37819
1.88408
2.27371
3.80053
3.95792
3.69316
4.06000
1.89597
3.20423
2.37896
3.54416
2.99921
3.34061
2.79427
3.55198
2.67999
2.52507
3.01269
3.26940
1.89379
2.21140
0.53290
2.08102
3.39436
3.66522
3.88084
0.88601
3.72103
3.91386
2.76389
0.47217
3.86965
0.33354
2.80680
3.30500
3.75891
1.38212
3.97504
3.50547
3.57770
2.84430
3.41257
2.21731
3.70402
1.81158
4.02692
2.97939
2.17725
3.65600
3.07069
3.48311
0.04657
3.51269
3.10686
2.29891
1.59056
3.17673
3.54321
2.44647
1.46127
1.67867
2.87973
3.62811
1.47308
0.94824
3.24198
2.10260
3.37580
3.57427
3.24924
2.63759
1.06554
1.45378
4.04097
2.94994
1.18414
3.68287
0.93559
0.57294
3.14288
2.25181
2.11579
1.80736
2.77296
3.89577
3.64349
2.76724
3.96561
3.15085
3.86577
3.50313
0.44908
3.70853
3.79905
2.79900
1.95049
2.86846
2.82763
3.51206
0.58555
3.27273
4.08536
3.90545
3.73865
1.42001
1.06179
3.71491
2.39248
2.95287
3.39832
3.00949
1.60179
0.55879
1.75785
2.63036
2.54801
3.04184
3.60807
2.96417
4.18430
2.06652
3.81239
3.36679
3.65259
3.72668
2.80343
4.01019
2.47768
3.60100
2.77335
2.93256
3.64570
1.20909
3.81496
3.98862
1.30238
3.47640
1.98795
2.67502
3.60993
3.13405
3.95137
3.30443
3.20891
3.56202
3.59972
3.46020
3.44315
1.23334
3.78584
3.66193
3.29991
4.15829
3.95605
3.00351
1.35010
1.12322
3.69349
2.21827
0.60752
0.81733
3.92560
3.90072
3.03071
3.83985
4.04137
3.91044
3.02378
3.55707
3.65342
1.04895
3.45762
2.70757
2.42244
3.47216
3.96363
2.95364
3.01883
3.89068
3.59048
3.99903
1.05195
2.25140
2.80804
1.75374
3.85987
3.84627
2.69250
3.04989
3.94774
3.93220
3.66397
1.93604
3.13938
3.42487
1.23980
3.75739
2.76709
1.57145
3.88037
2.97567
3.41290
0.39590
3.74670
1.16892
3.11665
3.62194
2.17730
2.77883
3.36394
2.57706
3.64169
2.15677
1.73965
3.47452
3.80701
3.18254
3.67770
3.71532
0.83340
1.57440
3.12089
2.12919
1.48844
0.84601
2.50869
2.00953
2.62761
3.43753
0.06183
3.65404
3.67223
2.13041
0.77221
3.68666
1.69399
3.67878
2.29196
1.60396
4.11019
2.60836
1.09087
3.33308
3.02872
2.09786
0.88148
4.07472
3.52102
3.75087
3.42090
2.99182
2.69300
0.76377
1.64393
3.71204
2.79208
2.76000
2.82514
3.76271
2.06181
2.03745
3.98936
0.68428
0.67459
0.65220
2.62965
0.86856
2.63978
3.98176
2.43846
2.98400
3.69706
3.64433
3.42848
2.32755
3.16030
3.49905
3.79993
2.89285
3.89318
2.95529
3.80501
3.54088
3.66218
0.50672
3.36474
3.60052
4.12850
2.61224
1.46546
1.43802
3.24911
4.04403
2.93151
1.53143
3.61871
2.36755
0.87146
3.41466
3.93235
1.90804
3.81904
3.53668
2.42134
3.94865
3.70341
1.83755
1.31276
3.76881
2.29726
1.58567
1.23773
3.29541
1.83223
3.58188
3.88785
3.23565
3.82912
3.60496
3.98794
3.88787
3.70460
1.91614
4.06162
3.22467
3.27498
2.26021
3.22476
3.69032
3.37254
4.12808
0.54585
2.19572
3.58720
3.11728
3.68493
2.86109
3.80814
3.77656
1.94425
1.33029
3.44896
2.59252
3.65207
3.57846
1.62080
3.66636
3.61521
1.40628
3.62794
1.90957
3.90207
3.59940
3.72787
2.59758
3.25493
1.72073
3.81222
3.93361
3.90515
1.99222
1.19539
3.60453
3.82462
4.08580
0.76077
3.09280
2.10524
1.77499
3.72748
2.97589
3.65720
3.63586
2.80322
3.47838
2.74558
3.42028
3.73879
3.47999
0.95066
1.48978
3.70685
3.48114
3.53507
1.99291
3.58459
4.14623
3.44230
0.04995
3.38667
3.89927
3.88648
3.60482
3.74611
3.41291
2.73869
3.99852
3.83733
3.85244
1.06751
4.12124
2.17360
1.70607
3.60644
3.76777
3.32799
0.55506
3.41856
2.86340
3.74559
0.67680
3.76311
3.26191
2.80917
4.10499
2.86438
1.36269
3.58508
2.70419
3.22025
3.53729
3.80951
4.00292
1.62513
0.20977
3.71654
3.70374
3.06358
1.02638
0.69185
2.52011
3.78167
2.70574
4.02769
4.10890
2.60686
1.75593
3.00207
3.16929
3.94838
3.59969
3.36654
1.15423
3.48612
3.38749
3.50998
3.17911
3.12565
3.84211
3.43250
1.13903
3.71323
1.09093
3.23359
1.94734
2.76258
3.74820
3.21136
3.43822
3.82668
3.53826
3.60049
3.79013
3.63553
4.10318
2.57470
3.71153
4.02889
3.48850
1.93924
0.16939
2.28950
3.62483
1.45523
3.71333
3.55636
3.15505
2.23947
1.45361
3.04341
0.81304
3.12478
3.68729
3.65518
0.26562
3.87704
2.64716
2.55785
2.60305
3.55270
0.52453
3.22886
3.47011
0.01805
3.92485
3.52188
3.92479
2.69504
2.65091
2.70350
3.52270
2.52281
0.97722
4.15169
3.21504
1.79150
2.45389
2.51784
3.52615
3.79296
2.11238
3.65379
4.13532
3.49536
2.39460
3.90793
0.95132
3.17544
2.92689
1.66650
3.96125
3.75258
3.37217
4.01810
2.91004
3.24133
2.39446
2.62234
1.44564
3.03733
2.20476
3.35453
3.61763
2.86195
3.61620
4.04764
3.79697
3.25449
3.53008
3.69180
2.74873
3.84801
2.50935
2.97197
3.73135
2.13484
3.52313
2.97685
0.59582
3.48016
3.66351
1.15558
0.33201
3.81811
0.32490
2.86406
2.07610
3.19964
1.26982
3.76484
3.48519
2.89940
2.34015
2.63119
3.06584
3.92927
4.17945
4.00058
1.43335
2.94679
1.55192
3.88848
3.51064
3.73462
3.18545
3.70884
1.81939
2.67804
3.74729
3.97568
3.52819
3.68325
3.67117
0.82962
3.44991
3.30377
0.75106
2.89393
0.54951
2.28441
3.21173
3.58529
3.39673
3.45495
3.88473
1.91011
1.16940
0.11900
2.70363
3.36993
2.38885
3.96662
3.91300
4.08326
3.89916
3.60841
1.10575
3.41718
3.30926
3.73677
4.11857
3.42244
3.18032
2.83834
3.47966
2.59084
3.68139
4.01878
1.71669
3.53132
2.85351
0.26884
3.77253
4.05862
3.48502
2.95036
1.88419
3.03720
3.93854
4.02933
3.47897
3.46327
3.90963
3.26383
1.22620
2.63680
4.08563
3.79945
3.60063
3.80274
4.08476
3.36262
2.30535
2.61015
3.98284
2.09595
1.14415
3.22145
2.05263
2.68183
3.27021
3.63377
3.23172
2.13272
3.66335
1.53043
3.64607
3.95032
1.31585
0.43726
3.83796
3.16022
2.93599
1.20839
1.98912
3.48028
3.20119
2.91848
3.80977
3.94689
1.20382
1.69785
2.13962
0.26670
3.27995
3.27925
3.99258
2.97499
3.94733
2.87995
1.87404
3.75260
1.18439
3.36500
2.39485
0.19493
4.03385
3.24637
4.00581
3.37026
1.82096
3.25617
3.91839
3.55043
3.85602
3.31503
3.69691
3.87514
2.03252
0.85552
3.78287
3.97955
3.31870
3.85071
3.73929
2.99167
0.79498
2.17273
3.71895
2.80768
2.50777
3.61994
3.89792
3.82869
1.95663
2.20018
2.72854
3.73805
0.76570
3.45528
0.68497
4.09436
3.78527
3.28963
4.22799
3.03854
3.39850
2.63879
3.91153
2.93852
3.91012
2.60868
3.08324
3.30794
4.05311
3.46614
3.03183
2.47881
2.47309
3.81562
4.20639
1.26967
3.78422
2.49360
3.17672
2.44687
3.91720
3.58641
3.37116
3.55085
0.15243
3.31893
0.79564
3.22989
3.80379
0.80809
3.56854
3.88675
2.91828
3.28456
1.54948
0.00098
3.73605
3.89273
3.81515
3.52893
3.28520
3.14812
3.78412
1.35831
2.82849
3.89431
3.23634
1.18877
3.09313
1.75515
3.57094
3.17870
3.53123
3.63661
3.68098
3.77114
3.60851
3.76008
3.75475
3.79670
2.82649
2.90337
3.19707
3.11970
3.95507
3.80610
2.87152
1.41872
3.48848
3.54513
3.19633
2.28666
3.20985
2.51824
3.61959
3.16038
1.72558
3.89217
2.77016
1.21428
0.25236
3.41075
4.01610
1.51065
2.38496
3.95434
3.05656
1.54174
1.28282
3.51879
3.51231
3.40666
2.91123
1.51972
3.11826
2.70558
3.64386
1.17570
3.65572
3.51964
2.56144
3.00765
3.66486
3.60224
3.49349
3.04812
3.70905
2.48530
3.54814
3.07711
2.14155
3.03658
3.92792
0.33084
3.73669
1.63210
0.28153
3.12908
2.65103
3.76285
0.90423
3.79269
3.45971
3.08281
3.79641
3.42799
3.20016
3.37949
3.16771
1.79936
2.78703
3.44386
3.36598
2.89605
3.27276
1.66873
2.01380
3.24723
2.70116
1.36589
3.75731
3.48061
3.72139
3.90779
1.53678
3.93853
3.14288
3.60960
3.84271
3.47408
1.49051
3.25146
3.48727
3.28972
3.53998
3.65973
3.53972
4.09708
2.17025
3.65355
3.88894
2.70804
3.66081
3.31266
2.51425
2.54275
3.38330
0.55336
4.03051
0.03764
2.53976
3.61836
1.57334
3.83798
3.61860
3.42846
2.69543
0.64099
3.91995
0.96215
3.92805
3.17170
2.45476
3.28223
2.55721
3.60275
2.74531
4.24332
2.55662
3.08534
3.40300
3.12698
3.71778
3.55622
0.26071
2.46807
2.83108
3.92391
3.81765
3.57482
2.09131
2.45332
1.01224
2.78050
0.19835
3.62127
3.33842
2.93095
2.98595
2.25417
3.33707
3.75000
3.72092
3.35364
3.88582
3.86505
2.13778
1.63051
3.79066
3.16603
2.35226
2.07113
1.09194
3.21620
2.51402
1.78169
3.73012
3.41158
3.88083
3.14250
2.78195
3.79769
3.14776
3.83166
2.96002
3.73543
3.52255
3.93348
1.97593
3.63612
0.96293
3.56235
0.62711
2.69026
4.03130
3.76196
3.66118
2.70858
3.71299
2.79968
3.81533
3.86754
3.68562
4.15003
2.03425
3.32956
3.61710
3.53761
3.64354
1.11204
3.82935
4.01291
1.33399
2.98633
4.08360
0.94097
2.63140
4.10703
3.05922
3.90549
3.56433
3.66671
2.85509
3.23075
1.36729
3.84891
3.02986
3.77457
3.52288
1.15226
3.74633
3.01177
4.18575
1.90766
3.21916
3.82880
2.46733
3.49277
1.19569
3.78460
1.87368
2.60881
3.57527
0.58458
2.26850
3.75023
2.99513
3.05488
3.87861
3.87455
3.70591
3.31432
3.89092
3.02282
3.83964
0.76254
3.92606
0.93127
3.25692
3.76024
3.54624
3.67789
4.12031
2.27821
2.89413
3.71133
3.46062
0.03233
0.75715
1.98550
0.82339
2.24964
1.14083
3.01779
3.81740
3.53131
3.33783
3.68858
0.97050
0.42856
3.04201
1.01170
3.67345
2.78686
3.74746
3.40352
0.49570
1.50333
2.82662
1.20312
3.20148
3.59189
2.94060
3.62995
0.48425
2.52571
3.96202
2.82711
1.84038
3.81250
1.43257
3.97018
3.24840
3.53544
3.41704
3.42933
3.72244
3.23240
2.76657
1.77775
3.63852
0.51266
3.98970
3.52834
3.68693
1.39465
0.40978
4.02159
3.18466
2.99400
1.80659
3.87529
1.71375
2.69818
2.75270
2.65869
2.05326
2.65565
3.05892
4.03407
3.94289
3.62500
3.71884
3.89683
3.86727
3.40191
1.65774
3.42993
2.62320
3.88110
2.67298
3.58890
4.02395
3.20757
0.65670
2.93299
2.49722
3.40368
2.80018
3.31817
3.68853
1.15948
0.23433
3.82369
4.02435
3.71112
1.74386
1.59354
4.00819
3.34729
2.84774
3.45889
1.31928
3.62369
0.08514
2.37197
3.81727
2.29106
3.78750
0.77158
2.53566
4.04978
3.34955
3.54007
1.27067
2.86911
3.04810
1.70926
1.33730
1.64803
0.33914
3.58149
3.12228
2.86547
3.03755
3.34293
3.98434
0.16923
3.72494
3.33229
3.07245
1.02806
3.30224
2.36736
0.63864
0.64959
3.47854
3.61271
3.05787
1.91284
3.68179
2.83933
3.68297
3.51037
0.52478
3.56670
4.13711
3.88933
3.43657
3.99031
2.14027
1.85636
3.54497
0.14418
3.79220
3.73799
1.85214
3.46233
3.64763
3.18028
3.57546
1.06514
3.37503
3.35279
3.91975
2.92259
3.35521
1.95958
3.70440
2.25449
3.01109
3.50803
3.35883
1.99727
0.13827
3.94108
2.70555
3.57229
2.63988
0.84535
1.96334
0.54224
2.16430
3.96582
4.16298
3.39687
2.72365
1.52443
2.10855
3.29038
3.25462
3.77011
3.43376
4.06444
1.54866
4.16763
3.57528
0.11171
0.95995
3.34299
2.55970
1.10178
3.59701
3.84556
3.64152
2.88358
3.82268
3.53715
3.68011
3.28981
3.53846
3.59436
2.49046
3.52824
3.69236
3.11402
2.58683
3.85621
0.48565
3.84793
1.55727
3.69126
3.70254
3.01498
3.59303
3.69918
3.19871
3.80323
1.61702
0.02426
3.44875
3.96964
4.22086
3.51116
2.59661
3.86957
1.71628
3.39345
0.20481
3.91385
3.79540
3.66447
4.00621
4.05051
2.03088
1.81844
3.62203
3.59809
1.13050
1.30097
3.85719
2.90876
3.98343
3.16117
1.31947
3.87863
1.95472
1.03404
3.08129
3.53967
3.63670
3.83529
3.30929
3.12102
2.05782
1.04183
3.64605
3.89323
3.69378
2.24108
3.38392
3.72865
3.38705
3.35549
3.93280
3.30145
3.50899
3.75811
2.70639
3.92150
3.34447
3.80861
0.06787
4.01732
1.73556
1.97523
3.75284
2.24700
3.42362
3.89277
3.76389
1.72333
3.56388
4.19786
0.03843
3.84632
1.99275
2.68301
3.24407
2.90824
3.75503
3.38256
3.08400
3.66308
2.62188
3.50959
3.34548
2.72367
3.10260
3.51387
3.42155
2.37439
2.23668
3.61814
3.88052
3.39939
3.50094
0.31791
3.79165
2.69134
2.79404
3.80994
3.97443
1.52832
3.72371
2.35109
1.96386
3.07621
3.68659
3.03083
1.63794
3.70827
3.75790
3.91693
2.44216
2.57487
3.72891
2.18038
4.08076
0.12437
3.74446
3.14852
2.76453
2.66620
3.85469
3.03490
3.48971
3.03661
3.68206
3.45087
2.56666
3.25084
4.01348
2.37616
1.88573
3.89466
3.68621
2.02984
3.42355
1.33109
3.40742
2.81618
3.76162
2.27092
2.52394
3.47712
3.18440
0.82515
1.01595
3.98132
3.74528
1.91130
3.40819
0.31551
3.73077
3.74245
3.20612
3.12370
3.81836
3.25387
3.94815
3.37380
1.65436
1.69260
2.85160
4.07562
1.47473
1.17936
0.41733
3.21834
2.56051
1.27169
3.80682
3.16947
2.07696
1.13709
2.87468
3.30887
3.33241
3.87109
2.73292
3.61308
3.59935
0.04702
3.47598
4.04613
2.76868
3.69638
3.44101
3.10474
3.79264
3.51285
3.77578
2.00148
3.56595
3.10906
3.70435
1.57758
3.72465
2.64345
3.10104
3.75617
1.58772
3.65911
2.95235
3.35725
1.39655
2.20018
3.16644
3.44269
3.79346
3.55136
3.16301
2.76489
2.97382
3.72337
1.19943
3.55033
3.38546
3.66329
3.35051
3.75759
3.01804
1.10037
1.53442
3.53978
3.54376
3.37664
2.61137
3.32350
3.50066
3.88598
3.60068
3.78653
3.37580
3.10294
1.22197
3.87743
1.67355
3.61211
3.70511
2.59908
2.89023
