2.67485
2.22212
3.62624
3.82083
0.62509
3.33604
3.71867
3.72199
1.45236
2.84579
3.98672
3.83049
2.04932
0.80526
2.73467
3.20379
2.29831
3.78219
0.81112
1.08856
3.35591
2.74655
3.27586
3.77684
3.30742
1.44551
0.24109
1.25552
3.64432
3.65049
1.14011
1.50289
3.37918
3.51861
3.20273
3.55161
3.42499
3.97800
3.95322
2.25920
3.46076
2.64146
1.76294
2.06133
1.41041
1.02957
3.37894
2.77534
3.84976
3.98171
4.13048
3.86592
0.30558
3.83190
2.44546
3.89811
2.22487
1.43480
3.61935
2.66558
3.62833
3.32626
3.35469
2.34425
3.42342
2.88140
3.38938
3.27024
3.54481
2.34914
3.84771
3.98291
3.89445
3.49728
3.19359
3.37756
0.47259
3.35764
3.51828
2.58515
1.50741
3.48421
1.55239
3.22301
3.58303
2.94086
1.78798
3.13709
3.80313
2.49781
1.78384
2.06136
3.91725
3.36887
2.74374
3.87349
3.83585
3.97698
3.04912
3.87995
3.68759
2.54833
3.60172
3.37726
3.61397
0.27831
0.25538
1.53879
3.75499
3.60322
2.40900
2.15292
3.91536
3.21619
2.95079
1.72627
2.01129
3.37161
3.17200
0.22548
3.17496
3.90105
3.16073
3.25580
1.48787
2.34260
3.81241
3.62073
2.80871
3.65470
2.76841
1.74864
3.08192
3.64037
3.69863
2.46288
2.04749
3.84026
2.03637
0.60697
3.47023
3.00476
2.22007
3.59667
3.72022
1.83631
3.49357
0.00796
3.42279
3.43391
3.09285
3.51069
3.49032
3.22259
3.87215
3.76257
2.42349
0.64492
3.66854
2.71473
3.87400
2.65449
3.09255
2.76407
3.95833
2.57224
2.68519
4.00267
3.68949
2.76161
3.26509
3.75679
3.80437
3.93619
2.29351
3.23625
3.46684
1.92688
2.68792
2.99054
1.77080
3.70283
2.19132
3.39476
3.88009
3.65522
4.07684
2.40024
3.33805
2.09533
2.74059
3.31469
3.61866
1.80298
0.52477
2.36949
3.14089
3.41437
2.96061
2.14476
2.50322
2.56203
1.17474
0.51094
3.76707
2.61739
3.79747
1.62315
3.59170
3.98596
2.74071
3.42107
3.75642
3.24690
3.50408
3.09199
3.24923
2.32575
3.49068
2.54293
0.57509
3.42954
3.05302
4.05964
3.93011
3.51008
0.97355
1.02938
3.90520
2.34532
3.79234
1.80715
2.51819
1.80992
3.90899
3.05763
4.06473
3.65613
0.13088
3.17213
0.67438
1.31139
3.74754
3.83989
3.39994
2.80032
3.51127
4.14336
3.63045
2.54585
3.66271
3.00884
3.74145
1.72690
3.64909
3.73242
3.42655
3.99633
3.64010
2.47181
3.03018
1.88245
3.27741
3.55934
3.72146
4.02610
3.46011
3.58296
3.28709
3.07089
3.02756
3.90988
3.00826
3.47552
3.55279
3.20002
2.31398
3.81157
1.90991
1.93827
2.99354
1.67378
3.84392
3.33122
1.89207
3.75913
3.01139
3.81866
3.30900
3.64438
3.36020
3.45416
2.60314
3.38706
3.10921
2.97569
3.22188
3.56811
3.29023
3.82770
3.18661
3.54629
2.89218
3.73289
3.17181
3.42207
0.70166
3.80345
3.69235
1.80942
3.74398
2.87724
1.77283
3.27658
3.31499
3.93931
3.93547
3.74653
1.11758
1.43984
2.28628
3.54306
3.88856
1.50799
2.92240
3.66059
3.66248
3.42969
2.07397
3.99146
1.53480
3.79479
1.66444
3.21908
3.91651
0.69068
2.33287
3.83994
2.73796
3.05094
2.90885
4.11346
2.68998
2.45617
2.60366
3.53860
3.11704
3.75931
3.71574
3.95563
3.32847
3.83509
3.61413
3.02614
2.54207
3.78019
3.35029
3.70359
3.76832
3.76689
3.24657
0.21002
2.86917
0.85659
2.98530
1.96646
3.66666
3.46035
3.90028
3.84906
2.94706
0.36527
3.92720
3.43059
2.58283
3.84295
2.51157
0.68931
0.23491
3.68258
3.82890
3.13944
1.52695
3.86828
1.98652
3.68226
3.33322
2.49955
2.91660
3.27539
3.66389
3.06684
3.81149
2.03003
3.91067
3.48109
3.87664
3.20068
2.13986
2.73088
4.03376
3.70417
3.92240
3.89413
3.85094
3.66126
1.78768
2.61414
3.92030
3.58858
3.66944
3.84396
1.88265
4.14139
3.92886
3.82008
4.06223
2.68343
2.87943
3.17278
3.91312
3.63005
3.67440
3.41386
2.00114
1.67989
3.74123
2.87657
3.38308
3.56989
3.29553
3.34348
1.78923
3.61804
3.95849
3.71364
3.41033
2.77245
3.32378
3.44691
2.73996
2.62015
3.63647
2.90001
3.50892
2.14853
3.57287
3.32807
3.33751
2.94383
2.75065
3.55842
1.79443
2.57362
3.91891
2.98344
3.63553
3.67498
3.39405
3.31510
2.80963
0.77992
2.18890
3.82731
2.29630
3.50345
2.42357
2.41222
2.25118
3.15467
3.11786
3.70221
3.58569
3.44214
3.51849
2.64489
3.33767
3.24406
3.94373
2.57399
2.38445
3.62551
3.63218
3.76496
3.58363
3.07149
3.54152
2.48477
3.95788
3.34371
3.59313
1.33142
3.29131
3.71795
3.41085
3.41208
3.77738
3.52828
3.36099
1.36674
3.58568
3.46333
3.69521
3.32253
3.39308
2.00362
3.14261
3.60484
0.87526
2.98955
3.13321
3.59786
3.51320
3.49222
1.62588
0.37922
2.18290
3.75105
2.04015
2.72406
3.50417
4.18867
4.12806
3.83443
1.28451
3.80165
1.71119
3.11092
3.04448
3.30750
4.18891
2.70317
1.02568
0.83359
3.42768
2.99670
2.72654
3.65788
2.97558
3.77890
3.74717
3.50525
2.88279
3.20895
3.40098
3.19491
2.42857
3.71988
2.06416
2.11233
2.71960
3.79142
1.45202
3.82991
2.80658
3.16428
2.68963
2.60144
3.48451
0.94734
3.84944
3.61373
2.83276
3.31283
3.88934
3.20424
1.71255
2.54414
3.23919
3.90934
3.57527
2.92840
4.01259
3.27751
3.33801
3.51601
3.64042
3.09775
3.97324
2.28697
3.73070
2.94063
1.80777
1.77470
2.63539
2.75154
3.17636
3.11791
3.60605
3.83935
3.71307
2.35973
2.82171
1.50172
3.25704
3.28593
3.95945
1.97732
3.45143
3.75608
4.06951
1.69087
2.58801
3.92206
3.84995
3.31365
3.79344
3.86923
3.54682
2.51954
3.04012
2.55686
2.63701
3.37018
3.12449
1.68336
3.65319
3.39864
0.86158
2.77286
3.31048
0.78833
1.87284
3.74267
3.32898
3.78154
2.24012
4.06306
3.04624
0.43198
3.98558
3.35934
3.47848
3.64618
2.10420
2.34444
1.57070
3.74084
3.55274
3.12394
3.95379
3.76160
3.64931
2.41137
2.38977
3.02705
4.13369
0.12679
3.05702
2.25224
3.67018
3.94502
2.75279
3.61995
3.75803
2.63077
3.64838
3.79021
3.84900
3.88407
3.52883
4.06205
1.95346
4.05868
1.68450
0.00234
2.73877
3.60621
3.18089
3.57447
3.58769
2.26672
1.63246
3.54932
4.10880
2.83285
3.79938
2.77578
4.01680
1.93644
3.44462
3.60284
3.49791
2.78839
3.15453
3.70342
3.17437
3.76707
3.56696
3.67594
3.49000
3.53812
2.85869
2.08363
3.75339
3.80148
3.72357
2.37731
2.35573
1.95759
3.13265
3.44974
3.57752
3.67475
3.19206
3.14888
3.16339
3.36340
3.78655
3.47493
3.76049
2.55088
3.70211
3.74874
0.45221
1.83054
3.46610
3.79597
2.66733
2.77379
3.98151
2.19088
0.46199
3.89084
3.89293
2.35402
1.61467
3.76196
1.58827
3.49859
1.31734
3.74693
3.61456
3.38267
0.19541
3.02574
2.74038
3.63513
2.53328
3.72412
3.18330
3.77522
3.59751
3.92360
2.18030
3.13906
3.80505
2.60501
3.82926
0.21517
3.42800
3.75166
2.94523
3.49670
3.71032
1.75933
3.59110
3.80836
3.54779
3.45468
3.99278
2.69789
3.16650
1.32401
3.79763
3.35781
3.07375
4.00783
1.19274
3.49685
1.92086
2.22385
1.89209
3.72230
3.41099
3.87423
1.81732
3.03660
3.44531
3.57085
1.75670
3.82810
3.97852
3.41194
2.32742
1.21012
1.01152
3.54350
0.63883
3.91196
1.52553
3.62278
3.49531
3.26842
3.69540
3.47949
2.84227
2.93799
2.61607
3.86786
3.41205
0.61381
3.10963
3.46529
3.15185
2.12222
2.44914
0.67556
3.70006
3.31992
3.44727
4.03651
3.75429
1.95908
3.39443
2.83171
2.91791
2.23444
4.10091
2.33819
1.47739
3.66296
3.19756
3.63911
3.13726
3.46895
1.75993
4.05898
3.53875
3.89113
2.92743
1.37534
3.81970
3.24191
3.62586
2.06420
2.64578
0.78306
3.88744
0.71969
3.32023
1.60327
3.33075
3.79962
3.72065
3.56178
3.96872
3.81888
1.94990
3.86994
3.17069
2.64005
3.76255
1.82897
3.69835
3.61656
3.60208
3.89686
3.93342
3.68458
3.81266
2.18933
1.77141
3.11329
2.22772
2.65322
3.66334
3.51930
1.74094
3.01399
3.76884
3.54265
3.55629
0.24549
2.90707
2.51190
3.89740
4.02456
2.56360
2.93961
4.12984
3.33142
1.37418
3.29573
3.10450
3.08287
3.81089
2.98233
3.37655
1.62968
2.88352
0.89128
3.41392
3.77043
1.38289
2.67911
0.88901
3.97725
3.02578
3.34696
3.09799
3.75374
3.84383
2.80521
3.02523
1.75204
3.53077
3.25319
2.66680
3.42773
3.41159
2.63225
2.62267
1.74976
2.19494
3.95187
3.55209
4.14948
3.80777
3.52341
4.00210
3.60285
3.15944
3.21882
2.86232
3.37646
3.56894
3.18816
3.60822
3.60827
3.24775
1.16975
3.34217
2.28629
3.48658
0.16554
3.95692
3.55519
2.08969
3.43447
1.16976
0.86122
2.24693
1.70411
2.01036
0.97997
2.56476
3.72048
3.56923
2.80793
3.17933
3.80926
2.05270
3.69273
3.10401
3.26423
2.11232
3.10642
1.35927
3.32012
3.69388
2.20401
3.28646
3.69285
3.18677
3.24199
1.77473
3.15418
3.07091
3.51211
0.29897
3.36236
2.83806
2.65516
3.29268
2.66105
4.11823
2.03485
2.02094
4.11607
3.58020
2.50696
3.11822
3.44810
3.04241
3.47932
3.24726
3.73273
4.18645
3.64644
2.19576
2.54362
3.46022
2.90099
3.71493
3.95919
3.60112
3.57694
1.66735
3.93656
3.90120
1.08295
2.32320
3.06455
3.59987
4.11089
2.81336
3.89965
1.33926
3.51423
3.39807
3.64622
3.53100
3.92608
3.46964
2.35019
3.35591
4.09734
3.11399
2.47104
3.83252
1.72163
3.79351
2.62808
1.26143
3.08002
2.85210
0.62108
3.95079
2.39037
3.17547
2.88523
2.78293
3.45666
3.71064
3.35697
2.30568
2.92020
3.41159
2.15142
3.64256
2.86864
2.09774
2.59837
3.04476
2.79089
3.64310
3.72246
2.59104
2.68454
3.46641
3.52383
3.38686
2.39311
2.70501
3.73550
1.78002
3.37204
3.56922
3.87710
3.86130
3.73958
3.21117
2.40861
1.68656
3.63855
1.95151
3.66271
3.10542
2.99058
2.98065
3.57613
3.68414
2.17204
3.53612
2.12329
1.87021
2.66271
2.70902
3.96303
3.13111
3.60809
3.51138
2.11798
3.54829
3.64610
0.67425
3.32928
3.30216
2.15955
3.49665
3.73191
3.97206
2.57048
3.56161
2.07195
1.78612
0.99691
3.67577
2.90403
3.10842
3.71420
4.04543
3.20599
0.03987
3.74243
2.28132
1.05292
3.46626
1.46772
3.40963
3.10134
3.25514
2.39256
3.64567
2.04457
2.90488
3.10665
3.96367
3.25600
3.57733
3.38086
3.41437
3.96001
3.21950
3.78182
3.76077
3.34004
2.60504
3.21397
2.66541
3.49279
3.60892
3.63737
2.77334
3.18199
1.28540
2.87872
3.85136
3.62460
3.77790
2.95381
2.08280
3.57078
1.76276
3.07868
3.44442
3.41792
3.23260
3.39363
2.95169
3.34293
3.43643
2.02295
3.66782
1.85520
3.96136
1.51351
1.80498
2.38321
3.98610
2.24932
3.76483
2.84868
3.34005
3.55115
3.28382
3.19553
3.79804
3.59223
3.65820
3.34098
3.17365
2.82356
2.90705
3.95696
3.77818
3.37257
0.24493
3.51501
2.80016
2.22184
3.38319
3.34649
3.80792
3.22560
3.48002
4.04415
2.96882
3.26754
3.65159
3.40715
3.65122
2.14331
2.98471
3.49766
3.22850
3.46169
1.90926
2.99909
3.21678
3.92729
3.84978
3.47351
1.97176
2.16257
2.10021
3.71294
4.04035
2.59168
3.42849
3.75486
3.35925
1.10405
2.97837
3.33246
4.05579
3.67334
3.56847
3.89314
3.41469
2.09248
2.66883
1.14845
2.96140
1.23354
3.28095
3.33656
2.24229
2.19648
3.64293
3.54213
2.12700
3.38040
2.59131
1.44736
1.78368
2.24063
2.97074
3.86969
3.48061
3.93275
2.96004
3.56368
2.70560
2.72033
2.74728
2.92616
2.82537
3.01123
3.62491
3.24580
3.62855
3.83138
3.16044
2.72177
3.43498
3.69204
2.27786
3.68126
3.40849
3.05304
3.11430
3.72222
0.03001
0.86891
3.55894
3.98172
2.62895
1.77727
3.23131
2.53301
3.07096
4.07551
3.29084
3.66005
3.38402
3.73759
3.70443
2.27380
3.87764
3.93664
3.43757
3.81233
2.77289
1.86597
2.17336
4.01275
3.32105
3.13263
3.63004
2.38135
2.74924
2.60867
3.36008
2.17938
3.31966
3.74004
3.42186
3.59299
3.88491
3.52064
3.60008
3.00056
3.79387
3.91875
1.61970
3.01994
3.07005
2.12144
3.18707
3.15260
3.41941
3.53080
3.13660
3.77234
3.50342
1.08525
1.11493
3.95044
3.08315
2.89029
2.78014
2.31277
1.18726
3.10241
3.21832
2.34311
3.94226
3.04878
3.19557
3.00743
3.58184
2.59675
4.03412
1.82236
4.02485
2.13180
1.91554
3.91944
3.58306
0.45776
2.13984
3.88604
0.63404
3.49886
3.69673
2.71004
3.46386
3.26233
2.87539
3.70723
3.84080
3.84471
1.32004
1.02991
3.11271
2.35242
3.54920
3.59984
1.35764
2.32492
0.07842
2.15026
0.84100
3.03888
3.83711
3.67559
2.62912
2.21722
3.58027
3.90334
3.54219
0.90916
3.15991
3.99987
3.16774
3.62377
3.74154
3.74811
1.59878
3.12666
3.04182
3.76280
3.12839
3.28722
3.92709
2.85140
3.61456
2.50905
3.47933
3.71773
2.61673
1.12435
3.87510
3.18134
3.33926
2.62016
2.22867
3.78464
3.70405
1.90414
3.81447
3.21134
2.12848
3.51391
3.33449
3.27634
3.98730
3.06244
3.38580
3.33970
3.93990
3.63199
1.05037
0.65368
1.84375
1.49750
3.86345
2.76831
3.12473
3.46162
2.45456
3.82071
3.25405
3.47377
3.41046
3.16829
1.01782
3.16790
3.87088
3.58069
3.40376
2.85733
1.42453
1.62642
2.75163
3.19125
1.28882
3.52202
3.93215
3.09388
3.49903
3.73138
3.29862
2.39893
3.07202
3.01801
3.42643
3.50857
3.55417
2.96243
3.82526
3.97015
3.64092
2.83134
1.73273
0.90562
3.16586
2.39434
3.94381
2.79149
3.73384
3.45221
2.53601
3.07884
2.88181
3.48413
3.32501
0.48242
0.46297
3.10568
2.55087
2.93400
3.87060
2.60729
3.91240
2.30766
2.32984
3.51848
3.29091
3.28414
4.06454
3.36749
3.87335
1.20176
2.50180
2.61168
2.76603
3.17158
3.92377
3.16385
3.38375
3.53228
2.67746
0.61269
3.53645
2.45439
3.80634
3.98425
3.45356
3.08951
3.49522
3.86023
3.60718
3.57354
3.11245
2.50553
1.14731
3.55965
3.37682
3.75502
3.51706
3.28606
1.27711
3.54857
2.95753
3.66166
3.18747
3.58531
3.49925
3.74127
3.64683
3.99545
3.95573
0.89334
3.49151
3.97654
0.81275
3.67668
3.86074
3.63049
4.09523
1.74716
3.02966
2.16177
3.20612
2.87219
3.81566
1.95253
2.32235
3.33213
3.41882
3.02106
3.38448
3.37967
1.45073
3.79789
3.05098
3.58900
3.36625
3.08114
2.56878
3.74665
1.64124
3.42216
3.37463
3.57102
3.60737
3.62227
2.06782
3.54651
2.18137
2.51267
3.47068
3.34501
2.11033
3.89773
1.94761
3.49385
3.77746
3.48405
3.90247
3.79481
1.86244
3.40288
3.03922
2.83075
1.80385
2.47342
2.58585
3.71762
1.69907
3.54581
3.82795
3.55282
3.11601
3.42127
3.72100
1.77155
3.55410
3.90442
0.72615
1.02787
2.93418
1.47507
3.04554
3.35551
3.09912
1.06680
1.92425
3.29920
3.83963
3.70279
2.89211
3.38839
0.08999
3.23384
2.63422
3.25204
3.97101
3.79232
3.09853
3.94266
3.42601
4.09080
3.25864
2.77728
3.46114
3.71927
1.73256
3.34968
3.56111
3.81143
3.99842
0.95546
3.29908
2.34651
1.62342
4.05836
2.61767
2.88570
3.89494
2.99114
3.57052
3.67545
3.14142
1.43835
3.01497
3.26830
2.65020
0.96736
3.24158
3.66431
3.04098
3.66416
3.09408
2.75011
3.52124
3.54534
1.68672
3.66046
0.61946
3.04931
3.83585
3.65988
3.59172
2.42445
0.87873
0.91619
2.62155
3.74308
2.10447
3.30302
3.77013
2.96418
2.99335
1.33227
3.64057
3.63801
3.88440
2.41627
3.85234
4.11850
2.19468
0.58426
3.99550
2.04963
3.43089
3.41220
3.52121
2.64088
3.39668
2.93057
2.15208
4.02142
3.50673
3.84199
3.51066
4.09633
1.46414
2.44752
3.55378
1.90559
3.93413
0.85906
3.22901
3.41653
3.60090
2.99729
3.39510
1.53938
3.34573
3.81280
3.87496
3.95842
0.53459
3.42398
3.13341
3.45478
4.03345
3.52912
3.10995
1.00623
1.16949
3.80814
1.89009
3.74045
2.39742
2.95287
3.40262
3.72186
1.70633
3.61502
2.61040
3.65444
3.45939
3.64537
3.06600
3.83124
3.44717
3.82543
3.59467
3.02156
2.21169
3.36531
2.29049
3.52761
0.85565
3.11684
3.33317
2.59685
1.12294
1.52890
2.47189
2.57642
3.67295
3.69765
2.26235
1.09876
2.19485
2.84255
3.69149
3.72086
3.44991
3.79117
3.29233
4.05019
3.36709
3.54618
3.56694
3.23923
3.89447
2.27442
3.50943
2.99840
2.33148
3.89892
2.81194
2.31007
2.46204
2.87570
3.26007
2.91757
3.29121
3.13081
2.32400
3.64754
3.82141
3.68715
3.96423
0.76162
1.64088
3.84091
3.15936
3.37077
0.90217
3.60842
3.62143
2.71989
3.87739
2.52384
2.97763
3.81036
3.67091
3.93582
3.17147
2.98621
3.25203
3.88155
3.76339
4.11620
1.02672
2.02715
3.85483
3.98257
3.60828
2.69965
2.55535
3.91023
3.59423
3.86044
3.42845
2.03238
3.80044
3.97494
2.13590
3.30206
3.09296
2.30528
3.48571
3.77097
2.52290
1.73248
3.85203
2.05002
3.87937
2.97478
2.65130
3.61358
2.02030
2.90879
1.85139
2.82463
3.67060
2.42927
3.14319
0.59036
3.90833
3.08326
1.45107
3.38259
2.39551
3.76329
1.91001
2.48034
0.58292
3.85892
3.79583
2.79587
3.84174
2.90472
2.34889
3.04131
3.08301
2.99280
0.60308
3.69352
3.20281
1.05975
1.32520
3.94206
2.22264
1.29956
3.47554
3.62238
3.01109
3.08190
3.49805
2.16178
1.39883
1.54670
3.30202
2.61258
2.29706
3.73555
2.52827
1.98951
2.80475
1.46926
3.53633
3.40547
3.77679
3.66854
2.94153
2.44650
2.75132
3.82069
3.29118
3.21025
0.11323
1.98745
2.70696
3.38115
3.78213
1.82084
3.09079
3.11900
3.13058
3.44066
3.34315
3.65770
4.06760
0.81555
2.81856
2.27009
3.58282
3.65457
1.99672
0.67194
1.75998
2.33846
3.76214
3.70769
3.28700
2.37255
3.48836
3.72979
1.76246
4.01610
3.67167
3.17093
3.76904
3.62384
3.25257
0.57214
3.16797
3.08470
3.35161
2.51866
2.50753
2.12723
2.20927
1.69702
3.63297
1.96297
3.88490
3.54032
3.60464
2.72306
3.11955
3.37772
3.58699
1.34343
1.21899
3.52312
3.62543
1.60838
3.41906
3.41388
2.82616
3.85599
3.69406
2.82106
3.63595
2.84986
3.19195
3.67329
3.56887
1.21671
3.65529
3.68942
1.96686
0.14915
3.94667
3.79137
0.15893
2.19688
2.08315
3.43053
1.47685
2.72312
3.37982
3.83184
1.50862
2.22058
3.29206
3.89743
3.25560
3.83703
3.71136
3.68879
0.62461
2.91933
2.94688
2.81993
2.44413
3.53963
2.19781
3.95129
3.57133
3.74488
2.83329
3.44265
3.25953
3.73709
3.89188
2.31301
2.73120
2.76089
1.54568
2.79006
2.38279
3.79621
1.80174
3.58785
1.93089
3.21721
2.19622
3.69385
3.01776
2.11255
3.30724
1.66207
3.19191
3.16462
3.26929
0.16620
2.13929
3.22137
3.59240
3.55339
3.61346
1.02986
3.10603
3.23094
3.75038
3.83589
3.91515
3.61421
2.57432
2.57734
2.38439
3.13247
3.77103
3.67741
3.59987
0.80028
2.97481
2.72203
2.33367
3.81553
3.38879
3.31100
2.54179
3.79562
2.48119
2.09538
3.51395
4.04997
3.98528
3.65045
3.07451
1.00382
2.97657
0.13291
2.64314
3.27224
0.32018
3.64781
1.05326
3.55631
2.78165
4.04422
3.95331
3.14827
2.75503
3.63059
3.19279
3.18305
3.45960
3.63042
3.12561
3.25145
3.20658
3.63924
2.47589
2.26116
3.07828
3.85568
3.77632
2.34390
3.79642
1.66583
3.32092
2.46176
0.82738
1.96484
3.11802
2.82148
3.74996
1.35072
3.69534
3.39207
3.74165
3.50197
2.40735
3.50510
2.25767
2.45869
3.49700
3.48516
3.61043
3.73833
3.52846
3.18660
3.82752
3.76135
1.30636
4.17852
3.51798
1.81726
3.71376
3.73166
2.90441
1.23428
3.08213
3.42885
3.03173
3.85119
3.45640
2.03751
3.86857
3.53012
2.71513
3.50251
3.49167
3.74650
3.70328
3.02027
3.64267
3.79367
2.80860
2.19377
2.09413
0.98884
3.38397
1.56242
2.32609
3.19713
2.59624
3.64396
3.53798
3.46898
3.39331
3.72542
2.90592
3.69677
3.48882
1.70073
2.65404
3.87820
3.82457
1.41196
1.91890
3.52857
4.00703
3.53156
3.21694
2.07049
3.17442
0.38307
3.78094
2.16968
2.35406
2.71345
3.20851
3.80232
3.76369
3.16230
3.94774
3.22432
2.87494
3.48693
2.06295
3.17221
2.18490
3.51217
2.86741
3.62040
4.01446
2.26389
3.08085
1.84052
3.60371
3.42659
3.67721
3.57645
3.34075
2.02120
3.69141
2.29885
3.55592
0.97048
3.41142
1.84318
3.01509
3.61149
3.55360
4.04020
3.51603
3.56225
1.59540
2.53910
2.66173
3.35580
4.07882
3.25816
3.71481
3.73721
3.73545
3.46164
2.90590
1.31362
2.11255
3.48823
3.28026
3.93309
3.43238
2.93332
3.59585
3.61000
2.64322
2.02806
3.43342
3.18578
3.10521
3.71029
3.85143
1.05190
3.84824
3.08631
3.83992
3.41390
2.23839
0.28186
0.97795
3.62027
2.59087
1.67361
2.47999
3.55317
3.35455
3.25869
2.24732
2.61017
3.50647
0.45429
2.99342
3.24879
3.59017
2.04468
2.36540
3.15331
2.33903
2.11833
3.49146
2.49857
3.33112
3.56437
2.00806
3.57098
1.86547
2.01995
3.19713
3.30374
3.31783
3.46697
3.81005
3.01430
1.71121
1.66965
3.08311
3.85723
1.75712
3.98174
3.45529
1.96934
3.65470
3.53277
3.57229
4.01771
3.47839
2.17555
2.74492
3.56000
1.26119
2.90656
3.59944
3.21257
3.95479
3.29059
2.96260
2.08965
1.09329
2.38385
3.84865
2.45578
3.56218
3.54384
3.85385
2.94958
3.31444
3.74351
2.00542
4.12591
3.48893
0.37589
3.93165
3.97202
3.87399
3.28979
3.89437
1.64857
1.57944
3.47968
3.44225
3.47331
4.07413
4.05128
2.50591
3.66759
2.17726
1.40514
3.46635
2.04378
1.57585
3.35635
1.76945
3.36794
3.93626
3.80876
3.08625
3.73573
3.68387
0.46602
3.79258
3.72505
3.17169
4.01727
3.36858
3.19951
3.75683
2.05571
3.64033
4.12614
2.81175
3.78426
2.29483
3.17879
0.70601
3.73376
3.84647
1.99558
1.55831
1.88130
3.41383
3.56824
3.85700
3.34663
3.57368
2.77413
1.36348
3.41823
2.65546
3.68067
3.50636
2.81160
2.47237
3.52742
3.59712
2.60617
2.84787
1.19725
3.34441
0.82139
2.85254
3.14828
1.61132
3.06538
2.18117
3.89553
2.23182
1.72412
3.67589
2.97036
3.30243
3.27465
3.16961
2.95342
3.88011
3.09697
4.01141
3.14050
0.53990
3.43233
2.75404
2.39418
2.64293
1.05458
2.37190
3.62223
3.27324
4.00921
3.14880
3.70773
2.29569
1.17123
1.95234
3.50274
1.26754
1.89665
0.84778
3.75415
2.10295
3.79206
3.71824
3.60923
2.76651
1.28360
3.40044
3.71834
2.50811
2.87660
3.76994
3.40749
0.90186
4.04259
3.79662
3.15960
0.52878
3.14432
1.11788
4.05342
3.12289
2.80633
3.62792
2.56609
3.35274
2.14067
3.83210
2.93615
1.49328
1.81723
3.01353
2.98365
0.73893
2.52083
3.08321
3.74916
2.72079
3.80336
2.59105
0.85839
3.28107
3.93488
4.00508
3.58823
1.43947
1.41826
1.70079
3.60636
3.90245
1.07621
3.55637
3.76554
3.51278
2.08984
3.44907
2.65292
2.27516
3.72409
2.86921
4.15065
3.63799
3.28729
3.99820
3.22478
1.46681
3.89628
3.77100
3.93623
3.58264
3.12854
3.44883
2.49207
3.32856
2.16332
0.29520
3.29472
3.53837
2.05795
3.77548
3.44772
2.28809
2.16246
3.01582
3.46825
3.95967
3.61782
1.69334
2.75079
3.64148
3.57274
0.97275
1.48493
3.11346
3.87888
2.77740
3.27054
0.98914
2.60621
3.41150
3.94906
3.34399
3.91100
2.55518
3.71584
3.95141
4.00431
3.52184
4.04952
2.88272
0.89234
3.07038
3.07331
1.38529
3.60462
3.82706
3.08825
1.68453
3.13457
2.55187
1.86432
3.55583
2.23318
3.48576
3.19546
1.36475
0.26891
3.87084
3.14888
3.39999
3.72144
3.68594
0.22932
3.41460
2.71540
3.55714
2.74318
2.37556
1.42929
3.46005
3.46068
3.68486
3.68273
2.71470
2.17934
2.65679
3.76068
2.30001
3.55803
1.43034
3.72705
3.60806
2.89485
2.61571
3.52006
3.72192
3.78356
2.30723
2.51090
2.51614
4.06932
1.91099
1.73952
1.89551
2.34165
3.15110
3.58248
3.57590
3.08139
3.01708
3.94872
3.58141
3.34792
2.85934
3.92692
2.81829
2.50976
3.85172
3.06684
1.37125
3.59176
1.61858
3.73301
3.42842
3.89584
3.91523
3.55638
2.68879
2.81610
3.45118
3.39207
2.55334
2.72528
3.45708
3.30555
3.81885
2.71854
3.96185
2.23852
2.75254
3.64142
3.90357
3.72504
3.58326
3.87300
3.58826
3.63426
3.86785
2.64129
3.68149
3.75985
3.55769
3.41196
2.80514
2.50684
1.83216
2.66338
4.04488
2.19671
3.87546
2.24600
3.54464
3.77553
3.37124
3.22269
3.84347
1.59847
3.60688
3.69175
1.60932
2.79166
3.08626
2.55601
3.63846
3.31974
1.41988
1.84961
0.39051
1.39851
3.70207
3.50821
3.83843
4.04467
3.59220
3.38987
2.14298
3.63863
3.42292
1.22345
2.39770
3.29699
3.33919
3.12941
3.22367
3.54568
2.36333
3.80130
3.64245
3.42171
2.73568
3.73121
2.20315
3.65934
2.95680
3.50439
3.87649
2.74808
3.95280
3.73552
2.79334
2.89114
0.82988
3.78993
1.53691
3.90243
2.97863
3.12984
3.35987
3.22341
3.21729
2.04222
1.07947
3.70512
2.00057
2.92988
1.80343
3.71501
2.60542
3.20167
3.84241
3.53402
3.50076
3.93116
3.53387
3.44201
3.27560
0.99592
2.11543
3.79219
3.88246
3.62262
1.96785
0.94829
2.57362
2.30996
3.91283
3.13988
3.54205
3.49043
3.31036
3.81821
1.84457
3.14572
3.16412
2.77642
3.58799
2.30048
2.39994
1.57993
3.51257
3.47211
2.85705
2.98669
3.28188
2.73352
3.40258
3.42315
3.37007
2.43563
3.39352
3.71500
3.26970
3.86912
3.62394
3.74096
2.93431
3.60145
1.79225
2.96870
1.21384
2.80956
3.58800
3.57923
3.53982
3.15342
3.82531
3.91393
3.44199
3.61538
2.73905
3.85482
3.92885
3.20684
3.23874
3.91562
3.99389
3.65236
1.45260
1.98036
2.95377
3.84549
3.52793
3.63520
3.75877
3.12400
3.37377
1.37198
3.58203
3.75188
1.50467
3.98293
3.11698
0.22727
3.87023
2.25643
3.33314
2.42349
2.75669
3.69638
1.79584
3.42816
1.95588
3.90993
3.10210
2.98222
4.14485
3.64722
2.60937
0.81400
3.22468
3.18671
4.00720
2.03297
2.86696
3.78802
3.56659
3.46807
0.88381
3.96913
1.23946
1.55501
2.68001
3.62211
2.34101
1.39714
2.96308
3.39971
3.20016
3.10256
1.89669
3.76414
3.06283
3.70193
3.68532
3.99022
3.76890
3.31492
3.97888
1.25465
3.68043
3.99831
3.33459
3.56993
1.77913
3.63038
2.78991
1.98450
3.55906
3.65889
3.33112
3.45313
3.50217
2.46719
3.95193
3.23796
3.97294
3.71525
1.67655
1.09829
3.30586
3.76937
0.65614
3.46404
0.63357
3.39228
4.03895
3.00750
3.75511
3.45474
3.10832
3.60364
3.34675
3.56221
3.47447
3.50942
3.63216
3.60406
3.50963
3.02320
3.36637
3.19799
4.01007
2.53470
3.38442
1.87839
2.80147
3.97202
1.33434
2.81944
2.52010
3.99830
3.54234
2.70271
3.29588
3.49245
3.83654
1.32539
1.19488
3.93641
3.24081
3.58984
3.10555
3.68613
3.70355
3.40038
3.65908
2.75998
2.36816
3.38238
3.95229
0.48254
3.67448
3.70502
2.93117
2.39646
1.47222
3.33196
3.15719
3.88554
3.99946
0.74050
3.80784
1.12659
1.49860
3.91058
2.02277
3.48574
3.49460
0.78545
2.49890
3.61109
3.89871
4.03848
3.33935
4.02232
2.42593
2.90618
3.57656
1.85613
1.44354
3.84816
3.82829
3.25883
1.23960
3.78904
3.36141
3.51944
2.63820
3.62434
3.71126
2.85280
3.58860
3.78949
3.75372
2.64991
3.18612
3.78618
2.14846
2.05170
3.87339
3.21115
1.96527
3.49097
3.76547
3.40385
1.59682
3.87501
1.82941
3.90562
3.41102
3.54138
2.41678
0.51074
3.99330
3.52932
3.08939
2.35253
3.58312
3.46555
2.76693
2.88469
3.53206
2.62411
3.07541
2.22566
3.60523
3.78597
3.77592
1.41825
3.17332
3.79592
4.03421
3.35018
3.61613
2.58250
1.75240
2.98170
3.60766
1.49471
2.85094
3.35959
2.90480
2.05804
3.72138
3.14370
3.69626
3.00008
3.84334
3.54581
2.89110
3.28741
4.03237
0.62545
3.82935
2.96394
3.73108
3.62071
3.96191
3.80873
3.88629
2.30314
1.83926
2.32579
3.94940
3.71050
3.65283
3.65989
3.95284
1.08995
3.35082
3.66684
3.56575
3.22983
1.95584
2.96027
2.96875
3.73433
2.15209
3.71101
0.68966
3.76581
1.03116
1.91863
3.62668
3.39626
3.68935
3.35926
2.32885
3.54793
1.68167
3.12268
3.90102
3.84905
2.68476
3.68616
4.16734
3.49825
3.45176
3.71098
3.50349
1.38648
3.35880
2.98222
0.77530
3.74553
3.35964
3.19411
2.90878
3.45978
3.75040
1.47651
3.40809
2.03246
1.04007
3.80942
3.21340
3.87792
3.48049
2.30634
4.01385
1.94924
3.10588
2.89960
2.73303
3.62280
3.79903
3.21990
2.83834
3.15203
3.39454
1.01686
3.22030
3.50847
3.46340
3.81725
3.54889
2.39953
3.24951
3.77808
3.80984
3.04740
3.92813
3.85137
2.19110
3.68758
3.89615
3.61320
3.20321
3.00659
4.09857
3.63730
2.92159
2.26266
4.13702
2.03928
2.39218
2.30763
2.52422
2.66951
2.79849
3.46591
3.58083
0.49525
3.84004
2.90125
3.94929
2.28708
2.62311
3.51062
1.33007
2.07654
3.82987
3.33370
3.33534
3.80980
2.44100
3.09966
3.59838
1.23831
3.78036
3.42783
3.68943
3.44406
3.94827
1.87243
3.64803
1.36679
2.71015
3.54877
3.62611
3.65603
3.38180
2.46511
3.34418
2.05184
3.68019
0.42665
2.77659
3.58015
0.89197
3.46460
1.75451
3.55103
3.25936
3.01572
2.59237
2.33665
3.31436
3.29240
2.42246
0.32439
2.28944
2.79016
3.60921
2.60125
3.92944
3.83644
3.68799
3.41365
3.48685
2.69422
3.45201
3.39412
3.76562
3.56925
3.66125
2.74064
3.59223
3.11643
2.98943
3.60824
3.94641
3.78946
2.84451
3.38316
2.24390
2.61584
3.84803
3.64226
3.47703
4.10209
3.97831
2.29211
2.36711
3.49519
3.53306
3.99935
3.48622
3.80070
3.11091
1.77821
1.15158
1.63663
2.19708
3.03687
3.83403
3.66865
1.26013
3.15149
3.86752
1.80229
3.63725
3.78022
1.73624
3.30534
2.28953
3.48269
3.25789
2.61535
3.61011
4.08434
3.88564
3.74691
3.77936
3.27101
1.69408
3.31882
3.36445
3.37294
3.18955
3.36248
3.62219
3.67597
1.94563
4.02028
3.47425
3.51344
1.88691
3.77003
2.75903
3.37782
2.05308
3.87814
2.97746
2.22487
2.88506
3.75541
4.00595
3.67984
3.00984
3.51755
3.36103
3.63119
2.07950
3.51497
3.55019
3.67525
3.04788
3.91950
3.79275
3.58688
3.97760
3.58888
3.11939
3.41280
2.86868
2.50672
3.84127
0.82519
2.77436
3.99614
3.74456
3.06192
2.48563
1.88197
3.50716
3.43075
1.60891
3.64160
1.51801
3.53564
2.94781
2.68706
3.10986
3.77326
3.20549
2.18361
1.13341
3.35119
2.60376
3.10247
3.26782
2.38179
2.71221
3.25784
1.08743
3.23728
2.25083
3.31636
1.75573
0.94593
2.36257
3.45693
3.87329
3.29153
3.45870
3.03345
2.57777
1.32564
2.08491
3.11095
1.84863
3.64349
3.01098
2.13723
2.91676
2.81236
1.19875
2.93068
3.98722
0.37379
0.68003
3.71310
2.95641
2.16468
3.78643
3.48048
2.88463
3.28320
3.69297
2.98413
2.10912
2.15253
3.53532
3.06644
3.53511
3.57771
3.58478
3.81974
3.58538
3.92645
3.50252
3.75820
3.90655
0.35937
3.42650
1.86113
3.25904
3.91367
3.16965
3.40549
4.11805
0.83273
3.76639
2.54474
0.93206
2.84197
3.38345
3.23583
3.67174
2.62988
2.07584
3.82595
3.80720
3.27153
3.64298
3.71234
4.05581
3.98263
3.99673
2.29611
2.82391
2.81019
3.32619
2.73747
2.29194
3.42816
3.44801
3.86159
3.72696
3.06803
3.59970
3.66884
2.76587
3.57751
1.85269
3.50437
3.66717
3.34859
1.51256
3.14609
3.15506
2.69974
3.65230
3.67045
3.69397
2.23463
3.30475
3.78913
0.35821
3.24951
3.67079
3.91945
1.86244
1.48702
2.63100
3.59461
3.57925
3.59604
3.01341
1.41851
2.24747
0.26928
2.64113
3.64068
2.47959
3.97771
3.56875
2.74391
3.88917
3.96201
2.60362
4.12445
1.96181
3.81868
3.77762
2.64694
3.86797
2.35717
3.06717
3.40033
2.53545
3.16912
0.22838
4.17458
3.73548
0.75138
3.26882
2.92983
3.58037
3.82152
2.76872
4.01458
3.04337
3.74727
3.61062
3.83186
2.53323
1.83792
2.14529
2.09642
3.91911
2.53414
3.96354
2.94936
1.16538
2.34701
1.32326
3.24735
3.85913
1.73931
3.78419
2.34931
2.54239
2.56322
3.82908
3.60596
0.76711
0.91935
2.71244
3.59297
2.86042
3.80329
2.99363
2.62428
2.33818
1.81059
3.72267
3.27460
2.63623
3.79553
3.53259
3.23764
2.96054
3.65311
2.01450
2.46534
3.87517
3.66980
3.28951
3.61098
1.87862
2.78065
3.65275
2.02316
3.74720
2.60547
2.15082
3.64401
3.34101
3.89150
3.69658
3.43469
3.72250
4.04803
3.86964
3.82079
1.68953
3.62663
1.59727
2.39764
3.67932
3.05601
1.90549
3.83427
3.44804
3.44382
3.41073
2.74163
2.51065
3.45295
3.39256
1.68328
3.94006
3.72447
2.73512
3.31486
2.39300
1.60875
2.54052
3.26424
3.74373
4.15433
3.80007
2.67820
3.76767
4.01747
2.98560
1.24392
2.86897
3.33424
2.88375
3.40268
3.63433
3.26787
3.09721
3.67016
3.69640
3.34556
3.70459
2.40930
3.96136
0.58667
3.31643
3.39414
3.47269
2.52969
3.03111
3.20298
3.01684
2.85065
3.16078
3.80260
3.65059
3.40372
2.64866
4.10702
3.30354
2.82747
0.79599
3.43285
3.56927
2.15118
2.51009
3.81350
3.48377
0.27666
3.59641
3.27957
1.91036
2.99017
3.68703
3.45695
0.07489
2.37537
2.83547
3.25012
3.83469
0.53897
1.01360
0.68579
3.72962
0.20719
3.62858
4.07230
3.24554
3.72346
2.37532
1.41008
3.64221
3.49853
1.74256
3.60941
2.92074
1.64008
3.63790
1.93852
3.52252
3.27923
0.49087
3.77287
3.10218
3.77428
3.59177
2.29871
3.44342
4.03083
2.73237
3.23438
2.20209
0.72203
1.99403
2.07041
3.60717
1.35461
3.42672
3.59318
3.63617
2.98839
3.32371
1.35731
3.12621
2.13686
3.95933
3.70335
3.22941
3.96561
2.96717
2.62683
3.69601
3.19800
3.23146
3.42423
3.09397
3.53566
2.57482
2.69904
2.34137
2.42214
1.56176
3.61999
3.29478
3.28875
3.35142
3.90146
3.55351
3.49675
3.65475
2.36739
2.99571
3.58397
3.78289
3.43666
3.46369
3.72887
3.52798
4.10302
2.76101
1.64475
1.23476
2.93057
3.62955
2.32896
2.92580
3.59917
0.60798
3.53256
3.85666
3.44391
3.84216
0.88701
3.76112
3.97722
3.35257
3.94302
3.47367
3.68176
3.84306
2.00700
3.74625
0.00301
3.66235
3.60989
2.87638
3.76127
3.37178
3.54045
2.90811
2.84545
1.56756
3.01637
0.88628
1.26760
3.15758
3.34893
3.39541
3.59647
2.60742
4.07914
0.77637
3.67537
3.11198
2.45229
1.32640
3.47667
3.68945
1.91371
3.76017
2.64068
2.86729
2.92412
3.60784
1.98039
2.46742
3.60888
1.66451
3.35798
3.31158
2.60528
2.84303
3.31011
2.92787
2.23464
3.53059
3.70981
2.37263
4.23194
2.90393
1.88464
3.95978
1.81625
3.15790
3.57569
3.77168
3.87119
4.08383
3.47437
3.43878
1.81542
3.20109
3.75366
3.12404
1.20021
3.96851
3.92751
2.72954
3.47484
3.78601
3.88318
2.00961
3.25268
3.18067
3.95989
3.43203
3.16868
2.73121
2.97578
2.05213
3.91814
3.85903
2.72791
1.66927
3.00455
2.94568
2.28661
3.24497
3.68922
1.91899
3.30840
2.60093
2.53612
3.30277
3.23391
3.70359
0.27124
3.60114
2.30263
3.41764
2.10760
2.77550
3.45415
3.35995
3.42204
1.94021
3.06445
3.84734
4.03217
3.53556
2.08348
4.00505
3.79252
1.76952
3.45520
0.22427
3.59466
2.19564
3.51592
2.90326
2.22216
3.92364
2.01507
3.00645
3.65248
3.45275
3.77709
2.72248
3.49050
3.68092
3.34995
3.25613
3.71767
3.90195
2.79419
3.61098
3.66065
3.08075
3.48121
3.72844
3.39668
1.51282
2.91079
3.64274
2.74270
1.34260
2.26310
1.34282
1.60008
3.83874
3.74428
2.55890
2.52100
3.67691
3.51816
4.14911
3.42022
2.73753
4.03082
2.56279
1.66023
3.67756
2.14756
3.78658
2.25867
1.75037
1.77876
4.09669
3.36031
2.31016
3.15555
3.59036
3.69042
3.18304
2.71582
3.05652
1.42893
3.39608
3.16444
1.90534
3.74120
0.75250
0.66190
3.64432
3.82873
4.05287
3.38610
2.30841
3.59169
3.49064
2.66304
3.50197
3.31596
3.76489
2.10683
3.91995
3.34783
3.21560
3.65191
4.09181
2.64571
4.04189
3.19990
3.04275
2.57254
3.27578
2.73881
3.08641
3.30608
3.96503
2.56713
2.92763
3.43211
2.91093
0.56948
2.22134
3.21646
3.66883
2.45085
3.66081
1.85645
0.95187
3.76632
3.73955
3.30017
3.50860
1.62599
3.67598
3.60231
3.31298
3.90117
3.90832
3.68706
1.00318
2.74263
3.66788
3.73970
1.07145
2.62938
3.82989
2.67026
2.64630
2.70637
3.35117
1.00438
3.62044
3.14671
0.22393
3.73293
3.82211
0.61741
2.83256
3.76348
3.24992
3.47744
3.00222
3.10654
4.00699
0.98152
1.19932
3.51788
3.45191
2.43803
1.88783
1.39158
2.33767
3.42686
3.47397
3.63782
3.84732
3.78913
3.74084
3.38405
1.22651
1.66850
3.79417
3.74050
3.16414
2.50686
2.99095
1.87532
3.71761
2.42882
2.86781
0.85366
3.38487
2.23932
1.89088
3.51664
3.84867
2.66982
3.35125
3.83615
3.70350
3.49964
3.79329
3.07638
3.12540
3.89639
3.05512
3.32280
1.46576
3.42181
3.31563
2.95841
3.24661
3.37093
3.19868
2.47746
1.65257
3.32686
3.45491
3.34678
3.69842
3.42619
3.38416
2.80493
3.59262
3.43776
2.45467
3.66676
3.13329
3.20589
1.34083
3.92887
3.35378
2.24497
3.84378
2.71316
3.43991
3.37259
3.28817
1.61603
3.37240
1.25836
3.07258
2.97613
2.93027
3.24167
3.41847
1.62639
3.10928
3.46725
1.48713
2.38135
3.79040
2.82943
4.11258
3.30021
3.68433
0.68173
3.43271
3.55290
3.91456
2.52991
3.93117
2.71929
1.48788
3.53046
3.79167
3.52250
2.09745
1.78660
2.01022
3.13564
3.35264
3.37454
3.83403
3.65461
2.68583
1.75259
2.10971
2.85783
3.82143
3.47425
3.75678
3.95679
3.67737
2.88440
2.88580
3.30976
2.17269
1.60069
3.56503
3.40372
3.13800
1.65760
3.63789
2.32654
2.44616
3.99450
3.40073
3.84568
3.08586
3.48587
1.86812
3.00352
1.37079
3.39680
3.55134
3.59710
1.50284
0.41856
2.99528
2.70672
3.29153
2.92898
3.85079
2.66892
1.42889
3.85267
4.15878
0.15071
3.02755
2.85242
1.51532
3.97681
3.75331
3.23401
3.92992
1.86909
3.55693
2.63954
3.07607
3.36696
3.15980
3.73020
3.61436
3.91511
3.07817
3.57003
2.52086
3.95587
1.64010
2.69257
3.76783
3.35507
2.99627
3.39241
1.02809
3.00355
2.21089
2.80772
2.81940
3.83041
3.27360
1.41175
2.92816
3.68417
1.28442
3.15227
2.71557
2.81381
1.21264
3.50009
3.89540
2.24678
3.84573
2.71137
2.93100
3.80631
3.57278
3.97043
3.55419
3.63675
2.58827
3.74313
3.74830
2.07389
2.13495
3.41433
0.96616
3.63262
2.79227
2.82150
3.68481
2.11655
3.81793
1.63397
3.45833
1.18129
1.80131
1.93172
2.15018
2.65758
3.91033
3.55106
3.30852
3.66579
3.52361
3.54621
3.97875
3.11036
3.71849
2.58807
2.99885
2.46097
3.44159
2.24100
3.63179
3.48764
1.75064
2.84718
2.32346
3.36415
2.42138
3.67864
4.00892
3.51760
2.57802
3.18579
1.42797
3.66845
3.69138
3.16844
2.43652
1.28311
0.20153
3.26990
2.65611
3.01652
1.72800
3.04520
2.90220
3.20260
0.90406
1.69688
3.78423
3.78057
3.66144
2.44770
3.35491
3.95644
0.74734
3.85356
3.01854
3.65741
2.20901
3.35407
2.20012
2.17760
3.20899
2.10422
3.52819
1.80462
3.52244
2.83426
3.81571
1.63803
4.00574
3.72998
3.80298
3.52718
2.46257
0.52687
3.72730
3.62716
3.69435
3.68787
3.54703
1.51754
1.67593
2.81261
3.82663
3.04986
2.38854
3.30477
0.93693
0.95294
3.77396
3.27017
2.29939
3.93413
3.64880
3.90231
3.63647
3.76133
3.05703
3.63703
0.50408
3.69267
3.12205
3.44318
3.09929
2.43781
2.50041
3.76248
2.98226
3.78933
2.92137
2.89810
2.32092
3.87915
3.81397
2.64039
3.78681
3.77330
3.49614
1.27618
3.85118
2.69248
3.19987
3.70359
3.12403
3.55601
2.82778
0.87081
3.89232
3.20913
3.93644
4.06385
3.40035
3.28383
3.57930
3.18345
2.48554
1.59458
3.71945
2.99534
1.86728
3.47938
2.31366
3.76664
3.51638
2.66804
2.27015
3.97423
3.63605
3.59798
3.04996
3.71146
1.88415
3.66584
3.61613
3.33479
3.71859
2.48641
3.92498
1.48285
2.85212
1.28261
3.75397
2.78733
3.58739
2.55416
2.87414
3.99739
3.77918
3.06783
0.72851
2.90391
3.45171
2.45782
3.61579
3.72463
3.23190
3.87844
3.51791
3.93100
4.06476
2.25313
3.44178
4.09947
3.29544
2.78824
3.44081
3.35795
2.84738
4.07717
1.73390
2.34635
0.97638
3.78962
3.49413
3.68103
3.90499
2.78075
3.14313
3.15433
1.24835
2.87431
3.84044
3.95318
3.05718
3.21148
0.91198
4.01613
3.39609
2.70924
3.21528
1.57249
1.38064
3.72691
3.00041
3.77301
3.98670
3.62138
3.39866
3.47814
3.36846
3.97700
3.30014
3.07292
3.88895
3.80902
2.76158
3.76417
3.31466
3.09871
3.08078
3.24975
2.62556
2.96460
2.69789
3.60946
3.45814
3.26109
1.36576
2.15087
3.89481
3.36955
3.38785
4.06296
3.80072
3.69897
3.18207
3.98507
2.87124
3.64502
3.52245
1.49600
3.33655
3.55817
3.94339
2.18469
3.93234
4.05706
3.83860
3.64192
3.62216
2.72979
1.56844
1.79419
3.21531
3.85159
3.41520
2.34979
2.59736
2.07662
2.85538
3.78625
3.74483
0.79789
0.52911
3.81347
4.09538
3.11812
2.67395
2.78694
3.63181
3.48149
3.78452
2.38527
2.77592
4.01412
1.87289
3.68958
3.73728
3.80101
2.58835
3.58364
2.08434
2.70253
2.92617
2.80970
0.89773
3.82717
3.04643
3.70887
3.72430
3.47051
3.19109
3.80974
3.38625
1.74043
3.99938
3.88737
3.64601
2.98000
3.78031
3.81596
3.32311
3.82843
3.57704
3.65439
3.53856
2.41878
3.16853
2.58322
3.22272
3.95611
1.95201
3.50734
3.68151
3.89155
1.60659
3.77149
2.91158
3.10718
4.06381
3.67169
3.48472
2.80853
3.66971
3.65468
1.63248
3.14736
3.08970
3.89532
3.85781
2.61380
3.66573
3.29534
3.80607
2.61356
3.55937
4.04919
3.01123
3.32371
2.10463
2.78355
2.01775
3.86487
1.63731
4.23089
3.26337
3.36610
3.34334
3.75392
3.11292
3.70733
3.69860
3.51345
1.27609
2.11345
2.12876
4.08528
3.84995
3.94643
2.99180
2.85918
1.88901
2.67951
3.27698
3.84957
4.19867
4.01639
3.43688
3.42911
3.29887
3.27892
3.73788
2.55405
3.21789
1.05625
1.28537
3.07655
2.29506
3.85404
3.35850
2.61774
1.79409
3.96771
3.26545
3.40438
2.23608
3.42352
3.17919
3.32108
3.70391
2.41556
0.49462
3.20834
3.59725
2.92413
2.98637
3.40512
2.32391
3.95538
1.39515
2.98139
2.66815
3.53925
4.13097
2.88509
3.81032
1.94116
2.57737
3.73372
2.87166
2.26281
3.19653
1.69176
3.58339
1.56873
2.47391
2.90776
2.04968
3.81427
2.60234
3.94629
2.30082
3.47111
3.08131
2.97998
3.04623
2.62397
2.13512
2.17067
3.19179
1.28148
3.58710
2.93414
3.26742
0.57048
3.49239
2.54948
3.26984
1.97116
3.73165
3.52795
3.80742
4.03516
2.63733
2.92231
3.70459
3.56962
3.90404
1.52126
3.19150
0.94865
3.51078
3.09739
3.46452
3.56244
3.33345
2.15103
3.05131
3.77209
1.55564
3.42594
3.27398
2.29623
3.28365
3.02466
3.31396
3.25995
3.89168
4.09044
3.02556
1.52772
3.48129
3.67986
3.69990
2.83824
2.66665
1.65334
2.95264
3.74414
3.96163
1.29693
3.54560
2.60685
1.94861
3.34152
3.80083
3.12835
1.37539
3.49955
2.50859
3.03648
3.36226
3.06573
3.89280
3.73875
3.22577
3.73718
3.19990
3.37977
2.46220
2.54448
2.34654
2.05920
2.76100
2.92420
3.16015
3.61472
3.66189
2.67133
3.23888
2.75463
3.90319
3.23658
3.57428
2.77896
3.87035
3.17894
3.27417
2.93984
3.46412
3.13107
3.60885
3.32111
3.74274
3.36812
3.87800
3.44152
3.59542
3.86677
3.89136
3.13929
3.07807
2.77896
3.67250
3.56909
3.79885
0.59485
3.49945
3.87229
3.88421
3.44030
1.82307
2.79980
3.40835
2.71205
3.86484
3.29510
3.93896
1.85052
2.11707
2.92096
2.06846
3.41541
0.11596
2.51017
3.91788
3.59182
4.03601
2.24478
2.30069
2.25845
3.68678
1.79141
1.85990
3.96544
3.16312
3.05496
3.72004
3.76962
3.47839
3.74950
3.43261
3.24639
3.44466
3.14593
2.90009
3.72278
4.02781
1.58638
2.95553
3.83625
3.79253
1.44796
1.97015
1.20573
3.78558
3.57659
2.64089
3.81685
2.56491
3.80442
3.32243
3.61541
3.88639
3.64236
2.74623
1.31554
3.25916
3.82460
3.53036
2.07120
0.85549
3.69174
3.35068
0.66667
3.72802
3.82202
2.42295
3.49049
3.10776
3.69405
2.73183
1.69725
0.55191
1.77567
1.42842
2.10317
3.72700
1.21654
0.17234
3.67443
2.07561
1.27496
3.41785
2.23548
2.80529
2.78268
3.32855
2.86825
3.61108
3.97063
3.65190
3.49716
1.31262
1.18985
0.91766
4.11806
3.43191
3.47455
3.52869
3.27495
0.99411
3.79282
3.95925
1.78707
3.00077
3.55612
2.64537
3.76603
2.76619
2.88968
3.51838
4.02124
3.38277
2.13297
3.82218
3.55173
2.90959
2.90838
3.65326
1.40475
3.82574
3.82876
1.87693
1.33930
3.59569
3.74143
1.36726
1.69626
3.60909
0.90275
3.76302
3.42263
3.94153
3.45482
4.05471
3.68288
1.01737
1.76595
2.72324
3.65116
3.24994
3.94232
3.49343
3.81050
1.69039
3.56707
3.70573
2.85339
3.70087
3.79228
2.06261
3.52473
3.25483
3.09979
2.95436
3.45730
4.03387
3.11444
2.84652
3.86844
4.06976
3.77460
3.87752
4.06486
3.99109
2.51415
3.44358
3.65331
2.20710
3.45746
4.01323
2.28424
3.90377
3.79164
3.06352
3.44663
4.03964
3.97179
2.96577
3.84638
3.13864
3.88108
2.69015
3.24710
1.36685
3.73723
2.91423
3.12663
1.65966
3.88184
2.36692
2.13016
3.41709
3.64062
1.64179
3.14701
1.12727
3.39257
1.45478
3.45268
2.75313
2.29381
2.37800
1.87712
3.98354
2.46665
3.90629
3.62655
2.47998
2.69281
3.81386
1.57422
2.51151
3.90388
3.36308
2.84067
3.37503
3.18807
2.09480
3.49598
3.93963
3.76170
4.00592
3.65550
3.68601
0.35321
3.46847
2.79828
2.23616
3.81049
3.06976
3.94800
3.16989
3.46184
3.40258
2.40312
4.03280
3.32517
3.81386
2.85282
3.89693
3.40877
3.51479
1.35687
3.59799
1.35923
3.26360
3.74838
3.61972
2.91783
3.66770
3.77821
3.91049
3.10645
3.96166
2.36467
2.54482
3.70810
2.97969
3.04414
4.04413
3.46538
3.81576
2.18890
1.26336
1.78583
2.58812
2.42519
1.83090
3.31220
1.81174
2.07499
4.02099
3.75720
3.90866
3.40840
3.61974
0.00017
2.24534
2.61487
0.89504
3.76799
2.51751
0.06000
2.16186
3.74927
3.19864
3.87624
2.80724
3.51052
3.91763
3.51432
1.85267
2.61606
3.28337
3.92801
0.97650
1.34579
2.95465
3.69543
0.88818
0.12210
3.89815
2.81542
2.91935
3.04571
3.73732
3.50768
0.49944
3.47030
3.68492
3.47661
3.35748
2.91188
3.51340
3.63177
3.41560
1.35225
2.52770
2.57248
1.12140
3.27831
3.24777
1.06542
3.36961
3.64403
1.63974
3.16521
3.60029
3.99860
2.54518
2.95135
3.66650
3.50786
2.37780
3.72753
3.30912
1.90824
3.80297
3.04304
0.38644
3.21657
3.06093
2.36465
2.54085
3.79910
3.35648
3.66040
3.81113
3.61085
3.49004
1.66670
1.87632
2.72859
3.38453
3.98110
3.60435
3.76440
3.55132
2.95652
1.44868
1.82438
3.56614
3.58775
3.49935
2.64747
3.69466
3.80127
3.40554
3.47845
3.06823
2.84554
2.73894
3.23704
1.78409
3.06390
1.69564
3.83044
1.00913
3.58666
3.68632
3.70066
1.87393
3.52787
3.16014
4.02238
3.69839
4.04708
3.31067
2.78105
3.43061
3.79424
3.81861
2.14257
2.46695
4.16706
2.94277
3.27939
3.35925
3.09911
3.56527
2.42038
2.83471
3.64488
3.84146
3.62717
3.80728
2.88243
3.20137
3.79974
3.31393
3.83536
2.89580
3.89895
3.49342
4.07817
2.27968
4.01227
2.93883
2.77192
4.05841
3.84087
4.08453
1.30032
3.03309
3.70931
3.93052
2.87836
3.94463
0.92302
3.94782
3.80236
3.62788
2.60102
3.92055
1.49666
1.45944
3.70744
3.55655
3.80615
2.36445
2.32138
3.27723
3.82833
4.07351
3.40278
3.63812
3.48197
3.82672
1.34180
2.69043
3.34589
3.29706
2.49158
3.27072
2.94772
3.55698
1.74417
3.68296
3.66144
3.85264
3.92186
1.88807
3.52103
1.30129
2.60446
3.39484
2.56723
3.85383
3.45089
1.02005
2.37343
0.95018
3.28954
1.05533
3.68343
3.65586
2.72442
3.75815
2.93059
2.28032
3.70469
3.22400
3.47105
3.26449
3.49757
3.99552
1.74667
3.91738
3.45902
1.58786
2.60549
3.59246
1.83029
1.83611
3.76891
3.77159
3.45471
3.69964
2.37160
3.71680
2.27526
2.64767
2.59988
2.78536
0.79384
1.52374
1.61428
1.55298
0.85446
1.92395
3.65620
2.98293
3.30146
2.24542
2.31271
3.20230
1.59169
0.70065
1.97288
3.62009
3.54625
3.60004
2.58232
1.73452
2.96557
1.80086
3.47483
1.07435
1.77822
3.93022
3.63747
3.48705
3.85632
2.83838
3.81144
3.29880
3.80243
0.57125
3.51710
2.72720
3.17894
1.45055
2.36760
2.97419
3.41055
3.36384
2.91301
1.50378
3.84043
2.65335
3.72494
3.11331
1.65803
3.69866
3.36218
1.89754
3.54196
3.17737
2.88102
0.82172
1.48563
3.58144
3.85955
3.36679
3.04684
3.79808
3.05380
3.50971
3.79162
3.49003
3.91406
2.97733
3.63282
3.94559
3.10320
3.39913
4.06319
3.66775
1.56181
2.93221
3.35206
3.66640
2.11699
2.01161
3.58465
3.28762
1.62579
3.75322
0.72221
3.57590
2.30272
3.52291
2.89689
2.93280
2.51207
2.41979
2.63064
3.74882
2.99055
3.98103
2.26269
3.40532
3.43003
2.93139
3.81145
3.35158
3.41562
3.74687
3.71479
3.22106
1.29674
3.70899
2.96655
3.83990
4.02886
3.73967
3.82749
3.91038
3.95154
3.45014
3.49239
2.70508
3.86388
0.84181
3.81401
3.55504
2.77294
1.18089
3.28101
3.56726
3.55626
3.74238
0.43252
3.72313
0.65522
3.48978
3.82841
3.03646
3.86009
3.41052
3.63488
3.87225
2.54180
3.41283
3.53930
2.78709
2.30442
1.86269
3.39664
3.61751
1.34477
3.79674
3.88673
3.58042
3.50157
0.07820
2.61473
2.41523
3.77480
3.47307
3.65024
1.58435
3.52905
3.96503
2.84946
3.47681
2.53450
2.04572
4.10162
1.63749
2.75860
1.01489
3.59669
3.75408
4.02419
3.95520
3.46128
2.24802
2.77387
2.50392
3.49443
3.17374
1.57003
3.56508
3.48845
4.00818
3.31511
2.77764
2.96669
3.80478
2.54017
3.43535
2.92290
3.04674
3.17286
3.29839
3.09568
2.52193
3.60897
3.36203
1.63439
3.58572
3.57723
2.99779
2.44082
1.30564
2.52573
2.19093
2.42273
2.92775
3.78594
3.46653
3.90885
3.16208
3.00897
2.97592
1.38523
1.14811
3.39143
2.89633
1.61123
2.76326
3.07250
3.43605
2.65689
1.56039
3.43314
2.12667
3.55450
3.87170
3.51125
1.98192
3.09044
2.97557
2.75421
3.86145
2.25335
1.66353
3.43943
2.91131
1.44986
3.86105
3.86852
3.19837
2.69685
1.95056
3.95786
2.10132
3.61533
3.36376
1.94957
3.54304
3.47457
1.70929
1.96640
3.66821
3.47351
3.66525
3.50681
2.46261
3.56125
3.53028
2.86737
3.85790
2.69102
1.92797
3.10888
4.04291
2.80625
3.70251
2.12140
3.70453
2.89699
1.49329
2.64570
3.81793
3.38879
3.75519
2.98501
3.69324
3.07035
3.55452
1.46340
3.41913
3.50894
4.07839
3.13450
3.68219
3.39826
3.72879
3.56110
3.34790
3.70405
3.63128
2.32954
2.62202
3.38575
1.95404
3.28074
2.11804
2.16629
2.63911
3.31393
3.80990
1.12220
3.82587
1.27652
2.93649
2.11922
3.83274
3.23967
4.20676
2.94583
3.41037
3.09106
1.70652
1.00344
3.81379
3.61048
3.03811
3.36758
2.80251
3.16170
3.78555
3.08712
4.06288
3.70450
3.49817
1.67975
3.69418
2.14468
3.20882
3.22256
3.18344
3.09681
1.15231
1.51152
3.60642
1.06679
3.29601
1.82797
3.75663
1.48482
3.94454
0.63747
2.68745
2.41228
3.95383
3.68726
2.60778
2.03466
2.92217
3.47394
3.60585
3.76757
3.02818
3.99416
3.40051
2.54303
3.58277
1.04248
2.13135
1.73297
3.67512
3.68955
3.99705
3.35551
3.64590
3.94347
3.53029
2.67859
2.76379
3.26041
3.59979
3.51028
4.10335
3.95232
3.98329
3.65294
3.67801
0.86679
2.54194
3.89461
2.86742
2.02336
2.47443
2.93826
0.72047
2.06798
2.43398
2.97123
3.69585
3.18502
2.46356
3.46533
3.25394
3.64958
3.34625
3.69041
1.56686
3.24238
3.79971
2.69886
3.44251
3.84646
3.39224
2.64283
0.85067
2.83484
1.97266
0.04173
2.94926
2.56636
3.21686
2.47342
2.77540
3.59179
3.66086
0.81484
3.88291
1.78745
3.19314
1.30613
4.00991
3.11721
2.65910
2.78004
2.17081
3.02414
0.63008
3.46282
3.08105
3.25737
0.73309
0.63873
2.34745
2.13154
2.14651
2.51613
3.39656
3.95436
3.52045
3.41486
0.37329
2.61894
1.84314
1.71197
3.70130
3.18112
3.29061
3.39089
3.75141
1.57977
1.04920
1.50774
3.82238
1.07362
2.85496
3.75365
3.82381
1.55535
3.33035
2.94122
2.72158
3.83114
3.70224
2.31975
3.31747
2.61595
3.66879
3.32158
2.42100
2.53332
3.34322
3.51191
2.69088
3.30668
3.84265
3.61171
3.70818
0.78216
3.05064
3.54267
2.90024
3.66109
3.48239
4.07182
3.53564
3.38920
3.51324
3.08762
3.59302
2.83016
1.90797
3.64525
3.63153
3.77244
3.59134
2.19262
1.74663
2.84315
1.76383
3.67975
3.97463
1.46056
2.16908
2.37027
3.34211
1.22635
3.02622
3.84910
3.72846
3.73809
3.07815
3.73198
3.61869
3.63086
1.88709
2.89517
3.38574
2.53808
3.34863
3.65930
3.85185
3.53981
2.77269
2.15699
2.65943
3.45868
4.08848
2.83005
3.01832
3.88816
2.89532
2.52352
2.90559
3.40410
3.42322
3.66332
3.09713
2.68502
1.65310
3.60993
3.78821
3.55475
3.60887
3.64303
2.51000
3.19716
1.78991
1.63723
3.75605
3.88104
3.87610
2.17195
3.77185
3.54900
3.46160
2.92610
3.03214
3.64531
2.13338
2.95480
4.04098
3.81734
3.56331
1.26990
2.30410
1.14335
1.34039
3.47901
3.78286
2.48527
1.45471
4.05360
3.91011
2.90118
2.07305
3.73141
3.21044
2.04607
2.47268
3.54198
2.03932
1.95678
3.69202
2.69930
3.42563
2.70431
3.65159
2.49911
1.97706
3.77969
2.16493
2.93653
3.30185
3.84517
3.62318
3.14892
3.51009
3.56768
3.54789
1.56460
3.89823
1.20637
3.02684
3.23842
3.41176
3.24189
3.98719
3.88278
3.66243
3.25497
2.89280
2.57212
3.15829
1.77483
0.83935
2.72505
4.00087
3.68455
3.91542
2.49353
3.69713
2.25178
3.79856
3.92588
3.44225
3.72878
3.81505
1.74231
1.73119
1.87431
3.69396
1.72545
2.86445
3.34029
3.09390
2.97162
3.66948
3.08489
0.80735
1.47561
3.74957
3.68927
2.09259
3.63043
3.61735
3.83169
3.51821
3.23236
3.49102
0.65039
3.38403
2.82613
3.78466
2.58038
1.91602
3.12045
3.32995
3.83677
3.37870
1.43321
3.30260
2.80947
1.77098
3.84951
3.75221
2.43935
3.43000
2.92393
3.33392
3.22551
3.37170
3.36624
1.95524
3.38477
2.02933
3.99058
3.02374
3.78923
3.34142
0.91851
2.84613
2.27781
4.05681
2.21090
3.79137
3.84942
3.98146
0.71971
2.12284
3.86214
3.61705
1.90314
3.42207
1.87779
2.97368
3.26306
3.59940
3.62088
3.50635
3.42327
2.17293
2.40694
3.72060
1.60374
1.21282
2.83189
2.48467
3.81806
3.87325
2.95660
3.75105
2.58769
3.64037
1.96095
0.87412
1.70529
3.71081
4.02199
3.60442
3.81731
3.03883
3.95075
3.62220
2.22053
3.74474
1.91789
1.67842
3.17847
3.71157
3.82720
3.66025
3.69584
3.87397
1.38859
4.07192
3.25847
3.99957
3.74028
3.14611
0.49006
3.96069
3.10932
3.51737
3.30131
4.08453
3.55296
3.85244
3.59592
3.26490
2.13467
2.66939
3.66420
0.91997
3.36883
3.36987
3.48240
3.63261
1.54560
3.37939
3.01425
2.09164
3.48915
3.68831
2.90076
2.01886
1.65625
3.58057
1.31073
3.15658
2.05569
3.40759
2.40590
3.29026
3.60765
3.48007
2.05538
4.06361
0.19038
1.42667
3.08655
2.47989
3.40933
3.13604
2.95305
3.92562
2.39266
1.69305
2.77836
3.50138
0.06851
2.76394
2.20311
2.02924
3.13587
3.07566
3.16003
2.88443
3.58254
3.98700
4.02165
2.79542
3.79300
1.27445
3.65851
2.72479
2.81072
3.95090
3.35565
3.63654
3.00694
2.43164
3.48568
1.68958
2.83001
3.37465
3.93291
2.40339
1.51059
3.57416
3.55605
0.41276
1.78959
2.02564
2.12927
2.80860
2.36009
3.54369
2.72872
3.82134
2.70690
2.93377
1.95580
3.36509
1.99980
3.16336
3.59280
3.31520
4.00224
2.70917
3.67200
2.56207
3.16983
3.72155
3.80409
2.52792
2.88441
3.43801
2.99733
3.42339
3.32953
3.48733
4.12098
2.24961
1.78972
3.77777
3.93297
3.00859
1.00667
2.80229
3.68614
2.84467
3.66228
4.00947
1.22517
3.84693
3.65150
3.80053
4.17282
2.03241
2.87562
3.42630
2.18044
3.65647
3.69714
3.49481
2.77255
2.95994
2.82394
3.49176
3.65441
0.53548
0.84985
2.58672
3.15944
1.94354
3.88962
1.19972
3.86625
2.72338
3.71099
3.50037
0.09336
3.78043
3.53507
2.06535
3.53873
3.05866
3.06876
3.39133
3.27805
3.70795
3.65146
4.01808
3.53699
2.55913
1.04728
3.40381
3.41013
2.05953
3.72613
3.09869
2.48881
3.04906
3.00771
3.58106
1.99941
3.79330
3.45151
1.55644
3.51532
3.52470
3.67238
3.48125
3.20029
2.44723
3.45172
3.50801
3.72754
3.56606
1.82200
3.90121
3.59910
3.48284
3.83523
3.75618
1.74016
3.80907
3.45088
2.98896
2.44736
3.31539
3.08227
2.60829
2.46146
3.51827
3.95206
3.21642
3.06089
1.49713
3.28961
2.79685
3.74715
3.89236
0.76124
1.21086
3.46968
3.41670
4.03726
3.19362
4.03427
3.57876
3.59537
0.07191
3.10050
4.00266
1.24321
3.80868
3.40931
3.77409
3.27060
3.76415
3.06721
2.29717
1.45542
3.35299
3.31603
3.20974
3.77604
3.07523
1.13819
3.99477
3.87446
3.04101
3.70297
2.71739
3.82171
3.60186
2.60580
2.78181
3.86670
2.52966
0.47415
1.46300
3.87005
2.54394
3.35123
1.78347
3.97798
1.60564
3.01761
1.88928
3.52269
3.72137
3.51990
3.52725
3.44957
2.82988
1.57041
1.80113
1.25257
2.57180
4.03333
1.13179
1.39853
2.40494
3.25041
3.89949
3.62567
3.69291
0.93458
2.94640
3.19077
1.77932
1.96604
1.97639
3.93810
2.79778
0.44030
3.75490
2.98625
3.72505
2.91352
1.82687
1.29645
3.11732
1.21228
2.75114
1.34991
2.66596
3.56432
3.59497
2.12445
3.42885
2.01693
3.96591
3.84898
3.02261
3.85393
3.36318
1.06590
3.61752
2.95670
3.73544
2.60928
3.75314
4.13047
2.15956
2.12796
3.40513
3.07311
3.58246
2.88475
3.24960
1.28502
3.55943
3.35312
3.87425
3.70456
3.44151
2.30205
3.50863
0.03950
4.00703
1.97854
3.63942
2.88244
3.70598
3.92939
3.64589
3.94070
3.53367
3.47404
2.13878
3.85428
3.48411
3.60371
3.77958
3.67991
3.64833
1.65228
3.92016
3.71686
3.13927
3.35797
3.72044
3.70735
3.20398
3.34607
3.95062
3.33411
3.84449
3.77973
3.41108
2.35023
3.53941
3.75819
2.62734
3.19217
1.94402
3.55502
3.03678
0.68026
2.50073
2.19329
2.45304
3.00220
0.73244
3.85351
3.07977
1.86257
3.59550
3.62635
2.61470
1.07866
3.23062
3.42622
2.26102
3.77540
3.23086
3.54139
3.70357
3.90033
1.86855
3.35285
3.62074
1.74595
2.03093
4.00949
3.25540
3.79286
2.82830
3.46247
2.54851
2.60549
1.71778
3.75881
3.53800
3.47456
3.17722
2.83372
2.82191
3.22347
3.90700
3.73951
3.39752
1.90468
3.23544
3.79507
3.63108
2.10825
3.57990
3.61276
0.62349
3.69289
0.78751
3.54987
2.70328
3.37523
2.87140
3.70646
3.88703
2.50752
3.58192
3.52843
3.59918
2.81004
2.12829
1.95527
1.91493
2.66979
2.92886
3.32863
2.50226
3.77782
3.57979
2.41500
3.53193
1.23531
2.19539
1.62143
2.60112
3.77237
3.30642
0.25043
3.47154
2.78640
3.24897
3.45743
2.55847
1.42425
2.03175
4.01596
3.67214
3.60755
3.26381
3.47393
3.45170
3.58177
3.26988
3.83253
3.75805
3.54223
2.84953
3.92984
1.77285
3.52929
3.80792
2.88862
0.66955
2.83655
3.54387
3.68891
3.01926
3.38618
3.54010
3.01163
3.62236
3.43751
3.04526
2.34395
3.28377
1.24301
3.95205
3.90598
3.30292
1.38763
2.26335
2.02999
2.93048
3.64678
1.36183
3.63595
3.55428
3.03160
3.77777
2.33019
1.83059
3.71211
3.50257
3.33901
2.58139
2.92558
2.74886
2.17346
2.71062
2.59836
0.99022
3.93100
3.04034
3.78500
4.08740
3.39657
3.04511
2.52600
0.78372
2.65997
3.17341
3.57471
3.67146
2.78002
3.33183
2.63830
3.25432
3.68294
1.77297
2.92358
3.31315
3.74907
2.50276
3.01280
3.49100
1.70751
3.66736
3.88111
2.34671
3.74166
1.39507
3.77778
4.01134
3.53030
0.54681
1.92784
3.54630
3.41225
3.42567
3.25638
3.01504
3.67568
4.00821
3.29140
3.89387
3.31610
3.98849
3.31154
3.40131
3.61927
3.69155
3.57006
4.02178
3.20504
1.97436
3.42951
3.50008
3.64393
3.70821
3.94321
3.68052
2.13617
3.82580
3.96462
4.01675
2.37988
1.07601
2.85500
3.28691
1.56150
3.81425
2.67610
3.00890
2.93940
2.70146
3.08835
3.66901
1.96687
3.61037
3.56122
1.26172
1.54648
3.74449
3.77308
2.83748
2.92549
3.00412
1.56070
2.36598
3.08858
1.77992
3.77346
3.26544
3.96199
3.85292
3.82923
3.49704
3.01490
3.68363
4.06853
2.96116
3.93886
2.81868
3.51363
2.41802
2.86360
3.18113
2.18506
2.02536
2.11527
3.54024
2.56992
2.24264
3.69680
3.23188
2.44184
0.69572
3.51996
3.88227
2.85795
2.85798
3.83473
3.65530
3.55333
3.48771
1.64327
3.80673
3.94288
3.77207
3.41588
2.15331
3.15021
1.86647
2.52574
3.70500
3.74112
2.66518
2.27472
1.88232
2.47010
4.01054
3.77117
2.99145
2.56988
3.81964
2.65857
2.80007
3.50276
2.58056
3.55798
3.43561
1.95761
3.39830
0.80818
1.75204
3.36488
3.14529
3.18153
3.31327
2.85535
3.92127
2.76811
3.70888
3.66922
3.67111
1.37337
3.85408
3.50932
1.97567
3.99233
3.40851
3.83917
3.28781
3.24741
2.84568
2.01993
3.90684
2.94109
0.24688
2.03649
2.92069
2.11771
3.43472
3.71462
3.69565
3.58339
3.64584
3.61378
1.12618
1.55093
3.72732
1.77458
0.91185
3.11241
3.40570
3.47258
3.94384
3.68562
3.27806
3.30253
3.85751
2.41324
2.27396
3.59847
3.74096
0.38535
3.82628
0.83682
3.47031
3.96693
3.09794
3.93682
3.51038
1.70626
2.93561
3.44594
3.43715
4.03698
3.48516
3.58451
3.60688
3.45018
3.75952
3.71783
4.06238
3.06415
2.60756
3.69990
1.37253
3.46260
2.24415
3.43042
3.68600
3.68526
3.51896
1.13174
3.73522
3.22991
4.04260
3.48526
3.75213
3.36550
3.68957
2.73767
3.56627
1.32173
3.04976
3.20159
1.96255
3.46718
3.88595
3.56183
2.28406
3.72116
3.74313
2.21310
3.05053
1.28590
2.52309
1.35264
2.23233
2.46320
1.40143
2.84943
3.67921
3.70007
1.95710
2.95143
2.49175
3.48148
2.99478
4.00834
1.82341
1.58342
3.00909
3.91407
3.20046
2.67866
0.25706
3.77605
3.00070
3.89878
2.59958
3.65465
3.61580
3.62171
1.47182
2.86561
3.63630
3.57398
3.52340
3.20656
3.93327
3.68143
3.42793
0.84123
3.88166
3.37387
3.06036
0.05604
1.60775
2.22466
3.70560
2.50881
3.23957
3.25327
2.72669
3.60813
2.53603
2.59868
3.40118
3.51370
3.90495
1.81185
3.79867
2.55740
3.07598
1.57948
2.88737
3.70231
3.66854
3.03960
3.72407
3.77827
1.26913
3.63674
1.96322
0.78679
2.88570
3.36886
3.21232
3.72481
3.22982
3.60397
3.47805
3.99456
3.75333
3.18742
1.73370
2.44677
3.78898
1.01217
3.44110
2.64686
2.94190
1.35965
3.66028
2.88197
3.81411
1.80113
3.97527
0.92941
3.86482
2.39150
3.55056
3.47230
3.62887
2.38647
2.54424
3.64569
4.07332
4.03661
3.67201
1.38436
2.73437
1.30770
1.33588
3.18459
2.38972
3.57359
3.69688
3.18243
3.35244
3.78539
3.84019
3.30631
2.87462
3.44191
2.96818
3.82334
3.56710
1.84825
2.83497
3.15248
3.13431
2.44597
3.75860
2.54964
0.72994
3.56084
2.82687
2.87943
3.32777
2.40833
3.06583
3.27613
3.65887
3.73104
3.73025
2.65624
3.21148
3.15786
1.06074
3.19950
0.90873
2.18590
3.71950
3.16551
0.90623
3.87730
1.57490
3.06345
3.34479
3.90837
3.25596
3.34789
3.53193
2.00678
3.18376
2.96084
3.69383
3.22605
2.30161
4.10053
3.47821
2.48513
0.50901
3.93367
2.06102
3.71674
4.02608
3.74324
2.46219
3.66307
2.87802
3.05456
3.83360
3.97586
2.54895
4.08837
1.92682
3.33945
3.56173
3.48987
2.30428
2.78614
2.04524
3.14821
3.49760
1.03956
3.39561
2.47812
3.10272
2.77313
3.54359
3.82668
3.12698
1.58526
4.10024
3.31028
2.75111
1.12308
2.32423
1.60664
2.70969
3.68556
3.98572
3.32432
2.75218
3.55593
1.93150
0.81982
3.09664
4.14068
2.85239
1.17030
3.16682
3.29518
1.87142
3.15540
1.17268
2.31254
3.98604
3.65867
0.96901
3.37874
4.10553
3.68791
3.48814
2.63365
3.69585
1.60666
2.77805
1.77314
3.89946
3.30691
2.56279
2.80491
3.74560
3.07717
3.66796
1.96793
4.04421
3.99849
3.21375
3.26883
3.46568
3.61786
3.70301
3.98448
2.78357
2.81527
3.73040
2.42082
3.73744
3.69641
3.29487
3.80291
4.01133
3.16156
3.71342
3.55563
3.11573
3.40914
4.05029
1.44136
3.44103
3.62544
3.76052
3.41742
1.33418
2.62303
3.86830
3.52148
2.89096
2.47511
3.24935
2.00877
3.35173
3.62695
4.01130
3.85295
3.95549
2.95130
2.05627
3.54479
3.86553
2.95403
2.16229
3.04049
3.89836
3.47786
2.92615
3.70100
3.56964
3.88410
3.51448
2.14715
2.94853
0.14543
1.93811
3.78565
3.72638
2.98849
3.16267
3.92536
2.35504
3.08688
3.24383
3.13957
2.54754
3.43338
3.60346
3.63141
3.38962
3.96260
3.48342
3.37698
3.58256
3.92349
3.44264
2.11625
3.60140
2.83989
1.72982
2.84941
3.96070
2.14435
3.84498
3.84359
1.42393
3.68467
3.32126
3.81782
3.62319
3.75480
2.76085
2.38571
2.87884
2.94433
2.71324
3.86465
4.09106
3.75674
3.79632
3.70643
3.85807
3.20402
2.31934
4.19900
3.78939
3.80847
4.08104
4.06814
0.72662
2.85051
1.99600
3.99239
0.57112
3.19321
3.54866
0.51053
3.97986
2.34849
3.77356
2.31632
2.66039
1.68333
3.64763
3.55858
3.81493
3.46175
3.75370
3.28160
3.04039
3.05416
2.97514
2.70380
2.10476
2.68849
2.57013
0.15631
2.87049
3.84778
2.94715
3.72079
3.41848
2.59538
3.34359
2.87836
3.36366
2.52965
3.40666
3.37867
2.92025
2.82902
3.72805
1.98877
3.91017
3.75175
3.60548
2.58265
3.63676
0.83249
3.86399
3.21282
3.00670
4.00190
3.97418
2.98740
3.53526
2.41617
0.99273
4.01747
3.96145
2.97893
1.96666
3.92178
2.64551
3.76138
3.58648
3.88818
3.47999
3.04727
3.20130
1.87553
3.69484
3.95576
3.78065
2.12349
2.75438
4.04945
2.09814
2.13599
1.40816
3.94478
3.84214
3.57075
1.78494
3.25171
4.12946
3.89341
2.22180
3.99060
1.48710
3.78189
3.46659
3.50654
2.88131
1.17238
2.60732
2.91363
2.57330
3.56840
3.89096
3.22307
3.65192
2.62517
3.81329
2.04539
3.91900
2.39606
1.93733
3.55258
3.32001
2.26232
4.00931
1.80836
2.44281
3.45616
0.89328
2.09636
3.20449
3.16574
3.85590
1.95935
2.84486
3.28413
2.97105
2.19937
4.14705
3.07288
1.98511
3.56026
3.15495
3.01786
3.56571
3.60624
3.76706
3.13857
3.73153
3.59685
1.47055
3.73655
2.82967
3.64290
3.02126
3.62231
3.76556
3.24417
1.68441
2.97539
3.91361
2.32431
2.32338
3.98663
3.68107
3.29169
3.16482
3.71195
1.74127
1.80451
1.77790
3.64552
3.77548
3.64502
2.14555
2.28125
3.05024
2.12165
1.03429
3.54304
3.51121
3.81568
3.80498
3.28865
1.58203
3.76866
3.65946
3.65659
3.34206
2.89326
1.74289
3.70832
4.06088
1.50211
3.38314
3.92886
3.14722
1.18737
2.91047
3.37735
3.46376
3.03284
3.03563
3.02663
3.53767
3.84866
2.79503
3.71492
4.15169
3.36488
3.99587
2.21289
3.62091
3.79894
3.18568
3.50614
3.62594
4.06703
4.08311
2.53996
3.30226
3.53905
3.85665
2.38213
3.76779
3.42270
4.10398
3.57327
3.42377
3.30355
3.77836
3.71967
2.92610
3.12858
2.01154
2.91086
3.79163
3.73100
2.27734
3.00800
3.96255
3.37151
3.84797
3.04348
2.07244
1.77680
1.88986
1.62376
1.79099
3.89959
3.84634
2.83528
3.64140
3.23558
3.40513
3.01450
3.31337
3.04186
3.82119
4.02038
1.17909
3.51057
3.82884
3.46120
2.44720
1.92430
3.12973
3.87440
3.47952
3.13702
3.66578
4.14028
3.73469
3.60349
3.71832
3.82041
0.58429
3.02619
1.61241
2.96220
3.99786
1.63075
2.59697
1.80501
3.89785
3.24522
3.13558
2.11923
3.87955
3.63728
3.91669
3.48548
3.32089
3.70496
1.06961
3.74324
3.42317
3.13840
3.24008
3.25204
2.26867
3.40112
3.76512
3.84276
3.33562
3.60690
3.35032
3.67142
3.53516
2.54787
3.82733
3.68731
3.10543
3.62777
3.72671
3.67181
4.06492
2.78128
0.20417
3.82341
3.62662
2.94776
3.05968
2.28568
3.67827
2.85474
3.43999
2.82377
3.93532
3.29281
2.82558
2.70199
4.02970
3.17389
3.20042
2.41205
2.24691
3.17014
1.68185
2.14139
3.42214
3.55659
3.49996
3.19195
2.02094
4.16666
4.22224
2.88637
3.68316
3.21979
3.92716
3.38676
3.85436
0.22158
3.00418
2.87683
3.54442
2.52705
1.79337
3.40405
3.76224
3.83533
2.23901
3.74892
3.12756
3.83297
2.15386
2.90735
1.98937
3.56446
3.20360
3.56839
0.88478
2.45407
2.41929
2.50570
3.24195
3.18124
2.91531
3.61312
3.13019
3.65152
2.07997
3.79288
2.94450
1.55343
3.66101
3.47114
4.00449
3.58674
2.62050
3.77675
2.78943
3.34922
3.01866
0.54387
3.67743
3.60635
3.84231
3.80614
3.76099
3.86734
2.72673
3.64602
2.05387
3.65198
4.02665
3.73084
1.83476
2.18993
4.06262
3.25175
2.00384
2.95112
2.58948
2.65975
2.12411
3.42358
3.90187
3.51764
2.53840
2.48955
3.43831
3.19682
1.95906
3.44770
1.61251
3.33103
3.21190
3.49681
1.73911
3.19452
2.31288
4.04950
1.56259
3.43403
3.61442
3.80192
3.66359
3.14574
3.45546
3.68339
0.45751
3.59731
2.66877
3.64291
3.60223
3.02210
1.86796
3.63873
3.71880
0.53914
2.95703
1.52557
1.84296
3.05247
1.57352
3.77087
1.14960
4.03780
3.65248
3.95153
3.51532
2.70005
3.53064
3.65248
3.61458
2.39390
2.40539
2.70846
3.44190
4.00409
2.18872
4.04041
3.99085
3.87753
2.74545
3.86599
3.55648
3.89374
3.65676
1.23274
3.09901
2.68568
3.82332
1.55253
3.04943
1.30044
4.01322
3.59554
1.64506
3.86046
3.80344
3.41095
2.99164
3.47148
3.11596
2.08989
3.87507
3.69929
3.77952
3.49192
2.00029
3.71220
2.89117
2.10269
3.79404
2.04403
1.97074
3.01974
3.53051
3.50438
3.03767
1.78185
1.37116
3.49246
2.60184
3.57115
1.96473
1.94043
1.09532
3.15632
0.93521
0.83932
3.24265
4.05392
3.01367
3.38587
3.48762
3.68574
3.57081
3.39212
0.59676
3.76086
3.31931
3.78512
3.95497
3.49256
3.65045
3.82887
1.68596
3.00464
1.48636
3.88916
3.31515
2.68886
3.76231
2.03576
3.30525
3.75410
2.83796
3.87068
4.13946
2.83311
3.20391
3.46330
2.18596
3.40695
1.99360
3.84577
3.69423
3.56410
2.31404
2.94718
1.70724
2.78973
3.50194
3.72592
2.58147
3.25874
3.19794
1.20241
3.07527
3.52727
2.43525
4.15798
3.48879
2.49321
3.98293
2.32850
3.69870
3.62733
2.80783
3.84734
0.19450
3.84796
3.68703
3.20524
3.36184
3.76814
3.81576
3.41334
2.37858
3.97759
3.81568
0.90307
3.56007
3.58039
3.55566
2.84184
3.20424
3.56097
1.72647
3.49786
3.43216
4.18305
3.10806
2.59480
3.68073
3.08273
1.19684
2.80794
3.31940
2.82944
2.42250
1.20967
3.86313
3.41684
3.05810
1.93687
3.41527
3.98766
3.84471
3.73280
2.73486
2.29946
3.76462
3.75903
3.86367
3.70760
3.98636
3.73548
1.46064
2.76009
1.48918
3.39809
0.86196
2.82307
3.70738
3.37850
3.73605
3.36167
3.78016
3.70037
3.46578
3.33427
2.54642
2.91548
3.95211
2.83439
3.66395
3.48300
3.09266
1.21297
3.43466
1.16842
2.35813
3.29012
3.37109
3.85680
1.73045
1.80673
0.56040
1.55373
1.32383
3.17255
3.46119
3.86410
3.47290
3.68113
2.67067
1.75554
3.81389
3.63792
3.62340
3.52699
3.69784
2.56397
1.53740
3.56884
3.94963
3.73520
4.03303
3.57488
3.22149
1.79899
3.62529
2.02122
3.40153
3.47495
3.55860
3.92201
2.09697
1.88595
3.99028
3.40786
3.50001
0.88051
3.56147
3.70561
2.03912
3.77250
3.60703
3.73184
3.29307
3.50520
1.82747
1.88046
2.92360
3.83133
2.10404
3.42723
2.13501
3.85380
3.64430
3.19878
3.72841
3.81640
3.81409
3.58377
3.35935
4.01916
2.15664
2.81153
3.66203
4.02702
3.36630
3.85859
2.22173
2.16124
2.24128
3.75774
2.19364
3.65385
2.56178
3.34738
2.16769
1.34966
3.27458
2.54110
1.05723
2.28571
3.84313
1.57890
0.81752
3.81706
4.00590
3.47968
4.11871
3.87583
2.11757
4.03457
1.06010
3.99554
2.35138
3.70754
3.58895
3.49377
1.98318
2.60883
0.81884
3.20636
4.02790
3.68609
3.72912
4.02310
2.24142
2.90816
3.68060
3.76472
3.66898
3.51986
3.14832
1.95492
3.62037
3.92524
1.47681
2.23130
3.73120
3.60479
3.31616
3.44620
3.66270
2.30085
0.69061
1.11490
3.77770
3.86104
2.21948
3.76659
3.19763
3.74289
3.99097
3.83970
3.55225
3.98972
2.50323
3.47190
3.04009
2.12357
3.09147
3.56460
2.00833
3.52435
3.33881
3.52067
2.23710
3.60706
3.79632
1.96725
3.94596
2.97734
1.58613
3.91911
3.73754
3.33608
3.29587
1.46079
3.31679
3.96465
3.60098
3.83957
3.73570
3.47132
3.37735
2.73542
0.08636
3.87006
3.61814
2.14984
3.50747
3.85144
3.93501
2.10032
2.16710
0.46638
3.14741
3.65010
3.45352
2.57868
3.51591
3.72817
3.83865
3.59264
1.49570
3.66496
3.17454
1.33803
3.33549
2.33174
3.78412
3.51362
3.94025
3.04671
1.08787
3.25141
2.17726
2.07909
3.54303
3.59743
2.68663
3.17557
3.65678
1.87249
3.07041
0.70267
3.27767
2.10908
3.57134
2.86911
1.94877
3.49148
1.52756
2.54205
3.53248
2.71777
3.55672
3.78468
3.52353
2.30262
3.58780
2.28023
3.62628
3.16320
3.40032
3.08052
1.04524
3.03132
3.95132
3.77523
3.75823
2.60713
3.26339
3.43473
2.46726
3.80744
3.97938
3.96390
3.49519
3.71025
3.72845
3.65536
2.00487
4.03134
3.52624
1.21745
3.97163
0.45486
2.72086
3.69800
2.92771
2.36657
3.51357
3.69739
3.89953
3.57177
3.58857
3.57455
3.31561
3.57492
2.91619
4.05732
3.97870
3.76391
3.95562
4.02219
3.64500
3.90077
3.69191
3.31513
2.80315
3.63488
3.10626
3.99065
3.64945
3.14454
2.92474
0.83897
3.49480
3.59085
2.79296
0.29348
2.29150
0.61270
2.63820
2.54113
1.88918
3.58306
3.55790
3.64951
3.44853
2.79877
2.49946
4.16026
3.92592
3.34131
3.47758
3.64956
3.07109
2.73377
2.97621
0.94946
3.56377
3.81020
2.24998
3.60028
2.91054
3.60977
1.91557
2.22698
2.95297
2.91984
0.71887
3.48020
2.59081
3.89851
3.38692
1.97988
3.27990
3.45716
3.76954
2.55887
3.78837
1.06419
3.38082
3.99216
3.86834
2.10065
2.43208
4.01119
2.27201
2.03010
3.76869
3.90307
3.55135
3.53390
3.86720
3.99295
3.02580
3.39285
3.41755
1.89064
3.91415
2.07164
2.74888
3.18623
3.42427
3.89859
3.12721
3.28377
3.41674
3.87223
2.90927
3.16060
2.20314
1.52282
3.56641
3.42485
2.64376
0.78048
3.94353
3.62394
3.13665
4.09744
3.90618
3.34492
0.94664
2.47795
3.21382
3.64922
1.95055
3.29181
2.31313
3.89034
3.22291
3.90957
2.93373
1.99273
3.50632
3.19390
3.87889
2.85091
3.42727
3.50448
0.30201
1.17928
4.11732
2.02787
3.64390
3.35194
3.47100
1.72001
3.21926
3.08999
3.79503
2.63040
3.23404
2.80832
2.99591
3.93030
3.71896
3.67934
3.68332
3.15423
3.46118
3.33939
3.69619
3.80634
3.46707
3.86944
3.72724
3.71692
4.03910
3.31684
3.80878
3.32360
1.87599
3.46038
3.65883
1.01094
3.88625
2.91874
0.18676
3.63690
3.11055
3.88130
2.04204
3.55726
2.41969
2.66989
0.59714
0.74153
2.47589
4.19233
3.56952
3.63612
1.69710
3.37292
3.58848
2.14877
3.57181
3.70787
2.63203
3.29714
3.54335
3.76704
2.91350
2.25597
3.66375
3.54845
2.72576
1.76037
0.44947
2.01358
3.73535
3.84670
3.94397
3.14020
2.43238
2.39784
1.35068
3.94724
3.71407
3.47228
2.93124
2.20737
3.86347
2.47832
3.03332
3.83547
2.60097
0.25471
3.47827
2.76431
1.86606
3.82126
1.45755
2.82147
3.53326
2.34738
4.05247
3.61526
4.12600
3.17202
3.11323
3.71552
3.90717
3.23898
3.72776
3.61865
1.36564
3.72600
3.19383
3.05588
4.09756
2.69316
2.56790
3.92721
3.81196
1.87929
4.15855
0.42597
3.97843
3.60536
3.09116
3.65610
2.69226
1.88282
3.78361
3.33286
3.67075
3.67462
2.23769
2.95593
3.85776
2.11118
3.48180
3.94467
3.72989
3.01651
2.92095
3.30685
1.82605
3.15880
3.18167
3.03006
2.84611
3.90459
3.41408
3.79484
3.51290
3.26005
4.17514
3.56275
2.18676
3.33719
2.82729
2.51025
4.04572
3.73326
2.18600
3.69482
2.32523
3.73546
1.84419
3.32525
3.25017
2.45955
2.47916
3.48105
3.61631
3.79847
3.35987
1.91352
3.94675
3.95507
1.52601
2.92980
1.26590
3.58922
3.91880
3.46537
2.55213
3.36046
2.07390
1.36461
3.84376
3.03626
2.98274
3.44035
1.50847
3.39450
3.80448
1.88548
3.73551
2.51184
3.46897
2.99768
3.33105
3.03713
3.14896
3.80725
3.84941
1.37015
3.51495
2.91097
3.32602
3.68152
1.30547
3.74503
1.48084
3.30690
2.38659
2.73050
3.66147
3.47493
2.26353
2.26522
3.26356
3.17480
3.30391
3.60143
2.65009
3.21896
2.48633
4.10653
0.90834
3.87105
3.92811
2.70272
3.23560
3.59626
2.50160
3.07609
3.23800
3.50705
3.25170
1.54485
3.32042
3.33399
3.74822
2.35274
3.74961
2.12028
2.90177
2.06921
2.95729
2.19676
3.07330
0.48320
3.17062
3.15296
3.78468
3.35761
0.72458
3.58731
2.09528
3.73345
3.59556
3.08016
3.55242
3.80989
3.62001
3.64704
2.41347
3.24808
3.77195
3.06292
2.25202
3.50147
3.74657
3.38467
3.67905
3.21696
1.86602
1.14113
2.26824
3.76401
1.77915
3.70601
3.29519
3.32282
2.44028
3.76348
3.39288
3.62322
2.14500
2.26807
3.20339
3.10637
1.88151
0.04287
1.32504
2.05830
3.06361
2.69059
3.42856
2.71697
3.29803
2.26650
3.83970
3.51531
3.81374
1.18520
1.94846
3.79215
2.92426
2.81739
3.25432
2.07762
1.46979
2.29647
3.15954
2.22684
3.35156
3.33233
1.87182
3.80301
4.00416
2.75321
2.92970
3.75586
2.41524
3.12350
3.85172
3.56307
2.04746
3.15255
2.64716
0.00476
2.57429
3.71277
3.14215
3.33876
3.53935
1.11591
3.62716
3.58452
3.75668
3.72160
3.89067
3.82275
1.34410
3.87574
3.91387
3.95990
1.17880
3.95765
1.43894
2.97971
3.33036
3.44360
2.19962
2.89747
2.91001
3.05031
2.31455
3.06923
2.96393
1.41405
2.03624
3.46724
1.65472
2.34096
3.45088
3.32039
0.90683
2.95259
2.47085
3.07738
1.62906
1.41538
3.08844
3.94252
3.75434
4.10223
3.50558
3.09262
1.59730
3.31376
3.62822
3.97199
3.58239
4.07314
1.65981
3.13227
2.69915
3.32898
3.05245
3.30789
3.23483
3.38072
2.66356
2.31722
2.81670
3.41810
1.60660
2.14667
1.26726
2.37747
3.26790
3.51941
3.88362
1.34608
3.61398
3.91545
3.20454
0.62144
3.69490
0.54885
3.04503
3.29334
3.78501
1.70959
3.78743
3.46352
3.56941
3.04312
3.23818
2.03638
3.55276
2.52645
3.90305
2.79972
2.30915
3.60682
3.33676
3.45665
0.28968
3.39674
3.39511
2.37590
1.15096
3.15178
3.54048
3.25384
1.59670
2.17302
2.94040
3.47099
1.21557
1.17319
3.57980
2.54512
3.23289
3.57168
3.23775
2.36040
0.88406
2.09751
4.06413
3.11456
1.08037
3.67991
1.48356
1.10368
3.00701
2.19836
3.03093
2.12636
2.93193
3.88761
3.65508
2.78911
3.97838
3.48085
3.67920
3.58135
1.45889
3.74512
3.77548
2.49553
2.21942
2.75716
3.36287
3.70397
0.77103
3.14334
4.04896
3.62406
3.66573
1.67941
1.60930
3.65795
2.42420
2.61552
3.21387
2.84405
1.55067
0.56854
1.63742
2.99149
2.66927
2.38009
3.67162
2.82752
4.06718
2.41128
3.83448
3.23582
3.69732
3.76817
2.76027
4.05817
2.92491
3.60121
3.29221
2.75174
3.67584
1.76252
3.64784
3.90659
1.89499
3.60724
2.36408
2.64016
3.50121
3.37510
3.84586
3.24436
3.55959
3.50536
3.57439
3.24210
3.48623
1.28503
3.71595
3.57658
3.47231
4.08720
3.90660
2.89168
1.85129
0.79819
3.70507
2.42077
0.62889
0.79197
3.77245
3.84171
3.28274
3.83596
3.91416
3.80454
3.36968
3.62088
3.53373
1.68383
3.50896
2.68268
2.27169
3.56354
3.94557
3.02471
3.26203
3.88898
3.68432
4.09411
1.18144
2.21044
2.55621
1.66262
3.63126
3.77561
2.45487
3.61498
3.83537
3.87791
3.70193
2.16309
3.43081
2.99089
1.21056
3.87516
2.57437
1.45656
3.74985
3.24382
3.32040
0.54789
3.80615
1.08700
3.28843
3.77750
2.09661
2.89550
3.13716
3.18024
3.69413
2.86153
1.93608
3.35199
3.53986
3.23886
3.70679
3.66650
1.92286
2.74038
3.11871
2.16277
1.71911
0.87587
2.79415
2.01980
2.91515
3.30943
0.22949
3.65719
3.67453
2.75055
1.24390
3.68847
2.60995
3.62785
2.33962
1.60694
3.94955
2.72472
1.83953
3.09822
3.11504
2.23615
1.34651
4.08410
3.44991
3.88739
3.31087
3.50843
2.84306
0.97910
2.39744
3.61127
2.93901
2.72300
3.33144
3.51932
1.97190
2.74097
3.92197
1.37615
0.64574
1.08266
2.51416
1.63132
2.74045
3.90194
2.27172
2.80380
3.62809
3.66019
3.32124
2.39652
3.29531
3.21616
3.66728
2.83739
3.88908
3.07313
3.70401
3.67329
3.49872
0.92690
3.55241
3.57340
4.10083
2.88243
2.55363
1.36321
3.68810
3.93487
3.25512
2.13410
3.28477
2.43556
0.94458
3.47098
3.75243
2.26386
3.74805
3.20059
2.26220
3.79404
3.78623
1.96734
1.62178
3.75876
1.68519
1.51479
2.21106
3.05810
1.81514
3.48611
3.83183
3.28906
3.82467
3.55339
3.87401
3.73866
3.57095
2.21229
4.03682
3.32055
3.71990
2.02433
3.22015
3.73902
3.76382
4.02641
1.19477
2.15567
3.55473
3.49824
3.70979
2.73797
3.79311
3.84817
2.53857
1.57488
3.43702
2.90218
3.20742
3.65545
2.14849
3.66137
3.50509
1.45149
3.71165
2.30853
3.90848
3.58476
3.81982
2.33746
3.18201
2.01764
3.83999
3.84225
3.93282
2.50019
1.47316
3.80163
3.70589
3.84575
0.90584
3.26558
2.04473
2.26917
3.49024
2.91223
3.73724
3.48970
2.94248
3.45429
2.40030
3.77292
3.54261
3.62490
1.20583
2.25837
3.74968
3.09183
3.37062
2.13903
3.47536
4.01644
3.62538
0.04099
3.43382
3.94135
3.65134
3.30038
3.84278
3.48464
2.34361
3.96474
3.88037
4.03329
1.69649
4.06561
2.69908
2.39723
3.59066
3.72325
3.20454
0.68416
3.29254
3.06367
3.73324
0.82318
3.85826
3.19007
2.46358
4.04117
2.36578
1.73533
3.69148
2.56689
3.15862
3.28924
3.99562
3.99949
1.58692
0.44136
3.91248
3.56704
3.08129
1.46102
0.84346
2.23095
3.68422
2.54484
3.90010
4.15675
2.63700
1.85012
2.95295
3.13390
3.85568
3.70959
3.50687
1.51246
3.22716
3.40057
3.79661
3.00845
3.54394
3.80088
3.34540
1.47546
3.82973
2.33902
3.39322
1.71809
3.24519
3.57735
3.85568
3.48083
3.75082
3.33752
3.84438
3.77853
3.50064
4.01450
3.66941
3.68033
3.91924
3.34422
1.77697
0.37846
2.29721
3.48795
1.64121
3.74910
3.92985
3.25434
2.20859
1.60410
3.57954
1.49580
3.15567
3.58572
3.67247
0.79114
3.60561
2.63684
2.64259
3.01227
3.39752
0.59628
3.19222
3.64277
0.06294
3.86667
3.20451
3.90472
2.76357
2.81597
3.00544
3.62983
2.35458
1.98293
3.98058
2.97706
1.47398
2.83232
2.63189
3.60963
3.78287
2.50956
3.69176
4.15040
3.51469
2.62105
3.83345
1.43220
3.19467
3.11433
1.72807
3.89520
3.78896
3.47341
3.80704
2.94956
3.35255
2.50109
2.58822
1.53270
3.64052
2.17112
3.21537
3.31934
2.94482
3.54864
3.99226
3.79211
3.20934
3.58348
3.81607
3.03677
3.80632
3.00500
2.84972
3.61539
2.19379
3.26476
3.38289
0.58917
3.27250
3.59611
1.26241
0.34268
3.66756
0.40137
2.86402
1.79833
3.29141
1.41392
3.49800
3.53060
2.72780
2.61143
2.47241
3.05583
3.74495
4.09729
3.92281
1.42106
2.76894
1.59144
3.87455
3.34157
3.54852
3.13211
3.74389
1.82280
2.41969
3.54166
3.93627
3.86753
3.97291
3.32281
0.79529
2.82215
3.24640
1.44162
2.88056
1.11058
2.10872
2.65944
3.47980
3.16539
3.46301
3.62402
2.52319
1.64696
0.56103
2.59355
3.31048
2.26377
3.93970
3.92988
4.14664
3.79283
3.04788
1.70536
3.52259
3.19991
3.50739
4.09027
3.21771
3.18542
2.91052
3.53591
3.07243
3.54448
3.99455
2.38709
3.12408
3.00979
0.29227
3.64479
4.00771
3.65734
2.50113
2.12233
3.19681
3.83468
3.93162
3.33252
3.51530
3.91507
3.30796
1.22280
2.77476
4.08725
3.82462
3.65837
3.57469
3.97140
3.27006
2.26653
3.26365
4.01705
1.88288
1.32161
3.41131
2.00779
2.65234
3.18080
3.57896
3.10828
1.84510
3.39579
1.97351
3.56298
3.86229
2.21281
0.58630
3.76737
3.02511
2.86859
1.97985
2.21476
3.35188
3.02496
3.15265
3.83118
3.86254
1.41805
1.65526
2.18991
0.51769
3.14055
3.51339
3.96285
3.40390
3.88167
3.01874
2.53994
3.71234
1.51928
3.74356
2.97099
0.20811
4.09692
3.07026
3.93798
3.68074
2.07637
3.07943
3.96544
3.44956
3.89138
3.17694
3.79236
3.80320
1.58182
1.33066
3.79204
3.98728
3.67284
3.80399
3.63665
2.74896
1.25788
2.04359
3.61748
3.25783
2.63299
3.82929
3.75622
3.38472
1.99847
2.38770
2.39795
3.75333
0.64107
3.41432
0.98103
4.04229
3.72812
3.46059
4.15054
3.05507
3.61032
2.41082
3.89831
2.98294
3.85484
2.69429
3.14536
3.36797
3.90896
3.38499
3.44535
2.55984
2.94254
4.04054
4.22283
1.33025
3.75027
2.73225
3.45279
2.76390
3.70050
2.93922
3.07067
3.65980
0.13708
2.99973
1.36318
3.29634
3.57184
2.59080
3.62952
3.83530
3.15057
3.46406
2.04255
0.01137
3.60491
3.98145
3.67046
3.48964
3.35264
3.73697
3.75214
1.64171
2.70589
3.81658
3.19753
1.46204
3.02654
2.07813
3.42656
3.46797
3.64245
3.51635
3.55029
3.77618
3.64432
3.52291
3.68622
3.73139
3.19238
2.67822
3.09251
3.21915
3.80601
3.63237
2.88875
1.67907
3.33157
3.68177
3.33915
2.29100
3.25954
2.85663
3.32416
3.33051
1.72303
3.70904
2.40029
1.14093
0.26576
3.48675
3.86898
2.35637
2.59512
3.97352
3.27406
2.44958
1.82125
3.22674
3.32726
3.42236
3.03791
1.78748
2.76400
2.78374
3.76569
2.32102
3.61701
3.48963
2.65158
3.24876
3.61515
3.77688
3.46006
2.94889
3.70516
2.24600
3.62603
2.81099
2.30890
3.14342
4.06736
1.11757
3.65361
1.54524
0.35359
3.62561
2.37766
3.81273
1.44390
3.77634
3.21088
2.91955
3.59940
3.24497
3.24291
3.12217
3.14510
1.99827
2.72032
3.32921
3.29402
2.76741
2.86802
2.36901
2.74548
3.47917
2.52782
1.53303
3.74027
3.58413
3.52645
3.76120
1.95002
3.85563
3.21912
3.82114
3.77544
3.53130
2.59682
3.31317
3.38632
3.20240
3.59124
3.67952
3.36355
4.04005
2.12733
3.34419
3.99909
2.96800
3.59225
3.43983
2.52301
2.21432
3.13998
0.43184
3.79883
0.08898
2.57954
3.56453
2.16616
3.92308
3.56528
3.51338
2.78937
0.92888
3.93707
1.35517
3.87720
3.43634
2.95571
3.13791
2.34336
3.73974
3.00961
4.11316
2.69854
3.04450
3.40916
3.40609
3.55679
3.72020
0.10809
2.57817
2.84340
4.04510
3.79991
3.34403
2.72744
2.41431
1.51709
3.52003
0.52440
3.71038
2.99922
2.94066
3.04581
2.82782
3.32340
3.67720
3.74932
3.40062
3.77410
3.85986
1.87707
1.52354
3.99073
3.08475
3.03693
1.75566
1.46059
3.02296
2.77807
1.80860
3.75819
3.36148
3.86271
3.43492
3.03501
3.77815
2.92602
3.87745
2.79722
4.00287
3.38563
3.77600
2.28307
3.63094
1.02547
3.73282
1.54469
3.00794
3.84609
3.95205
3.84113
2.86989
3.67401
3.06825
3.66155
3.69792
3.64591
3.95398
1.79525
3.38142
3.63132
3.53522
3.45923
1.49012
3.82549
4.01583
1.35295
2.91636
4.05445
1.58645
3.17622
4.05983
2.69707
3.92741
3.72114
3.61819
2.62617
3.07726
1.44493
3.82828
2.79443
3.67891
3.75445
1.49364
3.70174
2.95119
4.14800
1.81597
3.15244
3.78811
2.37391
3.20237
1.27176
3.78289
1.93467
2.29782
3.69177
0.68585
2.17460
3.91512
2.89730
2.85663
3.81581
3.85563
3.54841
3.38039
3.93750
3.08853
3.81922
1.42592
3.86365
1.54723
3.09407
3.78286
3.58909
3.83416
4.07604
2.08370
2.97533
3.70450
3.58509
0.30242
0.99862
1.84466
0.98827
2.20063
1.05918
3.30914
3.69093
3.47805
3.34677
3.89537
1.49476
0.39043
3.20128
0.97346
3.39506
2.76410
3.55858
3.20407
0.64130
1.26714
2.63561
1.47285
3.08211
3.69066
2.97204
3.55238
0.44453
2.54807
3.91607
2.96834
2.14855
3.80300
1.86633
3.92415
3.88867
3.41547
3.29788
3.60203
3.44979
3.34028
3.43178
1.99182
3.77606
0.86363
3.91134
3.42321
3.71629
1.07573
0.65713
3.97561
3.37650
3.17284
1.77488
3.79186
1.96486
3.25188
2.45518
2.68731
2.16539
2.62510
3.35833
3.96105
3.85786
3.85554
3.59090
3.84122
3.70947
3.35352
2.85279
3.03294
2.71692
3.88248
2.79640
3.69508
4.05687
3.23858
1.44362
3.15930
2.53114
3.29309
3.09967
3.26351
3.57169
1.14930
0.41355
3.81304
4.13969
3.56511
1.63463
1.89661
3.88061
3.23451
3.03037
3.24696
1.71342
3.65738
0.17797
2.47565
3.73923
2.29525
3.64559
1.10904
2.75589
4.09092
3.43526
3.50482
1.27259
2.85213
3.34009
2.34863
1.72731
1.65280
0.66437
3.53580
3.25736
2.85051
3.25858
3.53140
3.91596
0.23831
3.65234
3.77776
2.92090
1.14237
3.61530
2.65496
0.80172
0.88465
3.81386
3.72328
3.67207
2.90025
3.81590
3.25428
3.75865
3.46228
0.86563
3.46966
3.96650
3.94671
3.36351
3.79691
2.07812
2.39502
3.73703
0.27346
3.63765
3.56533
1.64704
3.40644
3.10652
3.02992
3.50220
1.23182
3.35585
2.85417
3.57029
2.17936
3.39783
2.04575
3.82094
2.16275
3.17069
3.53620
3.49517
2.14764
0.46441
3.84186
2.99338
3.81674
3.04725
1.23771
1.81324
0.59009
2.65247
3.77454
4.11351
3.67281
2.33894
1.35633
2.05957
3.38229
3.65167
3.62067
3.09832
4.00486
1.57476
4.10021
3.70905
0.15627
1.55670
3.24841
2.84681
0.61276
2.71676
3.88884
3.74909
3.10853
3.73934
3.63728
3.50669
3.62759
3.04866
3.45830
2.74815
3.43583
3.74569
3.21995
2.43986
3.63698
0.81471
3.87377
1.18305
3.41608
3.69629
3.24535
3.20899
3.68834
3.39446
3.91042
1.38998
0.01990
3.37767
3.93626
4.17583
3.28082
2.61621
3.78094
2.46885
3.62842
0.58288
3.92707
3.66748
3.99370
4.01344
3.94240
2.54847
1.57151
3.60126
3.47785
2.06157
1.29609
3.86444
3.30433
4.02844
3.31413
1.75428
3.75224
1.75911
1.25931
2.85273
3.45515
3.60243
3.62361
2.78088
3.47284
1.85423
1.49866
3.60032
3.88974
3.60722
2.20381
3.97857
3.69692
3.23716
3.13227
3.79084
3.56245
3.41201
3.78509
3.09524
3.96460
3.04949
3.79648
0.11755
3.94970
1.74131
1.76283
3.76827
2.09713
3.31844
3.91119
3.73910
2.03785
3.52273
4.08389
0.20528
3.64882
2.89509
3.39230
3.64043
2.74371
3.45543
3.35265
3.23702
3.63774
3.52128
3.49050
3.84833
2.94765
3.52244
3.08756
3.57547
2.82521
2.52045
3.52937
3.82328
3.30661
3.48650
0.21714
3.73282
2.49570
3.00113
3.83541
3.78936
1.69552
3.72416
2.39220
1.88004
3.37054
3.76356
3.10563
1.70086
3.83708
3.68903
3.85392
2.63498
2.93615
3.71985
2.15227
4.10559
0.66193
3.65012
3.37148
2.55551
2.87270
3.75357
3.53096
3.56171
2.82723
3.58027
3.81899
2.90295
3.11270
3.93469
2.34003
2.21327
3.92009
3.69685
3.13029
3.07535
1.42242
3.28365
3.05758
3.46240
2.26655
3.31420
3.54228
3.47633
1.22237
1.00863
3.98884
3.61179
2.34509
3.44480
0.42461
3.80261
3.66947
3.20684
2.98703
3.78621
2.87175
4.05845
3.41095
1.85861
2.73411
2.99914
4.07347
1.04509
1.80338
0.68856
3.50551
2.65159
1.89675
3.57912
3.33064
1.99234
1.43300
2.94100
3.05529
3.09297
3.88522
2.58042
3.54093
3.82933
0.16886
3.30538
3.97012
2.82203
3.58883
2.73878
2.75336
3.70982
3.44427
3.85000
3.03101
3.56454
3.03933
3.54988
1.80866
3.82797
2.77676
3.03386
3.66637
1.48546
3.73533
2.39283
3.62475
2.11024
2.44254
3.35360
3.43584
3.81876
3.49063
3.04190
2.66404
2.94604
3.59836
0.98400
3.59481
3.24515
3.48664
3.31039
3.75953
3.26088
1.04620
1.55220
3.48865
3.35598
3.13132
2.31348
3.31722
3.47246
3.87090
3.55261
3.69037
3.12719
3.27497
1.27734
3.75233
1.52944
3.45072
3.68697
2.87584
2.73557
