4.14818
4.37498
4.48327
4.44488
4.07904
4.22078
4.42942
4.39258
4.28398
4.30679
4.31628
4.45986
4.47819
3.33013
3.79004
4.18047
4.29979
4.46457
2.45223
3.75015
4.10784
4.02113
3.83800
4.37050
4.41338
4.44675
4.24365
4.39221
4.44986
3.80880
3.93741
4.48701
3.97463
4.10146
4.36181
4.32948
3.96175
4.28184
4.27448
4.48718
4.33549
4.24521
4.09016
3.46048
4.39627
4.05919
4.40496
3.72670
4.31293
4.50640
4.46273
4.43419
4.07155
4.48947
4.30721
4.50968
3.18092
4.26548
4.40648
4.23781
4.39167
4.14335
4.30630
4.23698
3.68373
4.02174
4.38621
4.43892
4.39679
4.01633
4.47109
4.50516
4.41995
4.24364
4.33737
4.17370
3.25152
4.40400
4.12681
4.00206
3.95810
4.38702
3.94512
4.08108
4.04128
4.42589
4.17202
4.45140
4.35863
3.21065
4.27208
4.45420
4.43069
4.35251
4.47110
4.48335
4.26961
4.47225
4.50875
4.34070
4.30946
3.23840
4.44522
3.98704
4.25657
3.00129
4.35538
4.51063
4.34585
4.37323
3.94655
3.76210
4.31862
3.78565
3.97295
4.04828
3.89974
4.31635
4.37015
4.25906
4.47988
4.42062
4.34052
4.31064
4.12604
4.44868
4.40775
4.45216
4.44627
4.22198
4.27336
4.33553
4.45879
4.38214
4.39060
4.39579
4.38504
4.44419
4.35803
4.42633
4.29351
4.46610
4.42440
4.39533
4.43157
3.06177
4.46786
4.36839
4.32626
4.40872
4.40030
4.46891
4.39561
4.42823
4.35084
4.48774
4.26203
3.69862
4.28450
4.36803
4.46148
4.47918
4.37441
4.15546
4.47807
4.40288
4.17019
4.23634
4.31885
4.31412
4.10412
4.04238
4.30785
4.34887
4.08395
3.24693
4.42861
2.40421
3.70250
4.37977
4.43131
4.33638
4.20812
4.39291
4.30247
4.45317
3.82861
3.97388
3.96900
3.65188
4.24318
4.47334
4.31568
4.28641
4.28033
4.22096
4.34532
4.37525
3.95375
4.38978
3.13706
4.47083
4.36411
4.16092
4.46932
4.44136
4.03103
4.48654
4.47597
4.48569
3.00265
4.36182
4.27755
4.38677
4.47813
4.24372
3.94004
2.24926
4.37752
4.45050
4.43752
3.98514
4.28063
4.48926
4.48529
4.17299
4.20615
4.51383
4.36885
4.35793
4.00949
4.03346
4.45344
3.51676
4.49017
4.42019
4.43024
4.23995
3.64843
4.47844
3.82237
3.87610
4.42238
4.24402
4.29838
2.69901
4.36431
4.45218
4.27320
3.87590
4.43329
4.49684
4.32904
4.43859
4.12177
4.36886
4.39755
4.42079
4.21752
4.30308
4.39871
2.87692
4.50000
4.41176
4.26631
4.34225
4.30556
4.02062
4.03545
4.26282
4.07924
4.40715
4.32869
4.21267
4.35504
4.27151
1.91888
4.36056
2.91889
3.67796
4.25053
4.47627
4.23614
4.22548
3.07563
4.41393
3.95366
4.41866
4.30569
4.36753
4.36566
4.42341
4.39880
4.44203
3.97368
4.33166
4.20423
4.44110
4.39189
4.28934
4.08309
4.50242
4.49248
4.04764
3.96403
4.24109
3.99456
4.23946
4.36078
3.74883
4.36929
3.75225
3.50252
4.27690
4.46658
4.41805
4.39883
4.45762
4.44588
4.39886
4.45916
4.48619
4.42393
1.83727
4.35962
4.00139
4.30601
4.39405
4.46234
4.30234
4.48600
4.20420
3.66125
4.00477
4.44358
4.19602
2.45287
4.34981
4.46084
3.24585
4.24900
3.71920
4.26903
2.85620
3.45131
4.33716
4.38353
4.25519
4.31047
4.41245
4.38926
4.18777
3.90610
4.42106
4.26748
4.46090
4.36574
3.99858
4.42792
4.43535
4.40882
4.13598
4.49948
4.35238
4.35055
4.26198
4.24412
4.44710
4.39709
4.38351
4.46662
4.12123
4.18979
4.35039
4.48154
3.81655
4.18950
2.93488
3.96340
4.17559
4.40905
4.24642
3.62252
4.51124
4.29846
4.34340
3.97270
3.13789
4.41554
4.33456
4.39031
4.03744
4.53563
3.75914
4.42823
4.36508
4.40701
4.50334
4.30808
3.80688
4.11905
4.48724
4.45819
4.45488
4.28501
4.37011
3.93452
4.10512
4.45026
4.39020
4.42865
4.47769
3.10597
4.41535
4.44862
4.41122
4.35862
4.48979
3.42879
4.35185
4.43993
4.47758
4.42566
4.39322
3.90618
4.22867
4.21039
4.29126
4.35619
4.39175
4.21286
3.61136
2.52923
4.22426
4.44454
4.31682
4.52242
3.88497
4.03161
4.44482
4.13194
4.35381
4.12330
4.49290
4.16780
4.34475
3.95553
4.30926
4.19259
4.38376
4.10462
3.81966
4.30195
4.26324
4.35070
3.72974
4.25498
4.34082
4.45630
4.19068
4.46236
4.43719
2.63714
4.36134
4.08334
4.33689
3.95142
3.97877
2.38039
4.31061
4.17317
4.40720
4.25735
4.42165
4.40451
4.46903
4.38541
4.37542
4.41354
4.34420
4.39150
4.29967
4.36827
4.49003
4.27177
3.58889
4.14144
4.34969
4.30394
4.32742
4.27136
3.72387
4.34053
4.42569
4.43559
4.29440
4.41500
4.34800
4.39599
4.34185
4.37139
3.97220
4.42252
4.14183
4.45021
3.99349
4.33644
4.38157
4.30872
2.34448
4.42438
4.28888
4.05188
3.32291
4.16145
3.12661
2.01169
4.42903
2.22804
1.68198
4.25510
4.51405
4.43449
4.45144
1.72432
4.43270
2.69188
4.21156
4.35741
4.07381
4.43159
4.38420
4.40049
4.35957
4.32421
4.07622
4.48784
4.43124
4.11202
4.37665
4.25504
4.10818
4.22696
4.37564
4.42331
3.93012
4.32895
4.45534
4.09939
4.35868
4.42272
4.20502
3.16875
4.41866
4.21900
4.21182
2.12380
4.41958
4.42248
4.36402
4.12731
4.39224
4.21860
3.95458
4.31194
4.51634
4.26219
3.63203
4.28028
4.47916
4.36138
4.36073
4.46645
4.43443
4.10744
4.09388
4.26562
4.18130
4.51925
3.65235
4.46249
4.39189
3.31058
4.41895
3.60705
3.91042
4.37108
4.24058
4.31935
4.15038
4.36324
4.39415
4.10417
4.47737
4.30359
3.58444
4.49782
1.96310
4.01544
4.39185
4.09054
4.22065
3.56672
4.37935
4.52478
4.32060
4.35537
4.48429
4.45459
4.27049
3.13134
4.27873
4.32086
4.18929
3.88824
4.25081
4.21780
4.20270
4.47126
4.28801
4.06283
3.40338
4.49080
4.25439
4.41302
4.17593
3.92836
4.42499
3.87483
2.06395
4.02929
4.22501
4.35961
4.36105
1.84387
4.32521
4.24686
4.50726
4.10267
4.39268
4.52744
4.45013
4.41480
4.32057
4.48781
4.37139
4.47542
3.78183
4.05968
4.03357
4.36163
4.43404
4.35346
4.44458
4.37671
4.32223
4.47578
4.45636
4.27258
4.46523
3.99901
4.33642
4.28443
4.50520
4.30825
3.34171
4.29135
4.46205
4.36886
4.42762
3.73732
2.09733
3.91904
4.37148
4.35815
3.49661
4.14356
3.91731
4.34446
4.02245
4.29769
4.41450
4.42281
4.04505
4.40091
4.19254
4.03222
4.45262
3.64604
4.47388
4.02746
4.30832
4.08922
2.56178
4.43695
4.21253
4.35597
3.92027
2.43834
4.36987
4.48878
4.35139
4.43902
4.29492
3.77197
4.20952
4.37518
4.45417
4.31456
4.47749
4.43715
4.29003
4.43606
3.70918
4.30047
3.29614
4.20586
4.47258
4.19912
4.28874
4.44617
4.25241
2.67491
4.28097
4.33930
3.24155
4.40719
4.36743
3.01334
4.30807
4.26282
3.65077
4.41377
4.39798
4.07893
4.28858
3.90479
4.34377
3.32861
4.44254
3.94105
4.17719
4.20488
4.45575
4.23756
3.77057
4.27538
4.23899
4.33320
1.75683
4.29713
4.10958
4.34322
2.90546
4.36350
4.13245
4.44670
4.26455
4.24534
4.00764
4.20162
4.34389
4.33199
3.15309
4.32954
4.44464
3.66361
4.51427
4.21123
4.34104
4.24149
4.30664
4.01708
4.18378
4.44210
4.16934
3.17269
4.32969
4.52732
4.43989
3.91704
4.39339
4.43135
4.24081
4.31816
4.09080
3.98611
4.47480
4.11511
4.42126
3.87734
4.32757
4.51583
2.81996
4.47886
4.33569
4.43291
4.38737
2.91451
4.43285
4.00760
4.27943
4.39681
4.47618
4.18571
4.30897
4.45642
3.71369
4.41475
4.29690
4.02000
4.47689
4.06111
4.42073
4.36855
3.02138
3.47121
4.39324
4.48595
2.55595
4.35818
4.38881
4.44007
4.46235
4.06486
4.46251
2.78975
4.07391
4.36322
3.85491
3.89838
1.27495
4.31811
4.31281
4.36772
4.15570
4.03812
3.44982
4.41593
4.45532
4.44898
2.62405
4.39845
4.35524
4.40707
4.37710
4.47268
4.43096
3.54247
4.33938
4.35642
3.82769
4.45405
4.32945
4.35383
4.30851
4.40380
4.38353
4.09684
4.13112
4.07371
4.16254
4.25435
3.73764
4.39270
4.47591
4.08435
4.39792
4.26918
3.65497
4.48053
4.21363
4.24097
1.46003
4.13663
4.28119
4.37933
3.96383
4.26390
4.26755
4.22720
4.02258
3.79957
4.30024
3.86674
4.17202
4.36719
4.45922
4.34742
3.81616
4.21788
4.03145
4.50024
4.40425
4.39727
4.46136
4.19017
4.37518
4.20170
4.32956
4.32499
4.36043
4.36937
3.77386
3.66486
4.05866
4.52052
4.39539
3.12719
4.38474
4.48386
4.38597
3.99498
4.02366
4.14958
4.15488
4.39869
4.47789
4.46555
4.33367
4.34154
4.46655
4.45287
4.37297
4.40667
4.24947
4.01118
4.45443
4.39230
4.41157
4.24163
4.14587
4.08806
3.61649
4.35347
4.02684
3.94201
4.46720
4.13009
4.50247
4.14777
4.35805
2.88463
4.41533
3.82366
4.20590
4.46552
4.10219
4.06938
4.51248
4.46643
4.15069
4.33833
4.24043
4.35444
4.50944
3.43325
4.38267
3.79812
3.99817
4.35142
4.33253
4.24804
4.45976
4.39844
4.29604
3.41603
4.22188
3.62298
4.35807
4.16134
4.20947
4.37489
3.75515
4.50625
4.12226
4.31262
4.49350
4.28933
4.25788
4.43829
4.12257
4.33975
4.40670
4.47945
4.47198
4.38680
4.39609
4.51892
4.35862
3.87904
4.27773
4.44776
4.44539
3.80231
4.27819
4.28333
4.19979
3.49461
4.45337
4.51535
4.09653
4.15482
2.97099
4.44500
4.44816
4.00720
4.19803
3.21404
4.24383
3.83703
4.42770
4.43499
4.30175
4.38863
4.39245
4.45011
4.37376
4.11373
4.17691
4.43390
4.15694
4.38684
4.49567
4.28256
4.47595
4.41063
3.87848
4.35122
3.63110
4.44781
4.19001
4.28863
4.28591
4.48438
4.14983
4.48270
4.15434
4.25012
2.46092
4.15273
4.41496
1.92491
4.30916
4.06199
4.38439
4.26973
4.33601
4.46518
3.15847
4.33594
4.46409
4.41439
2.32322
4.14742
4.37220
4.31575
4.23533
4.41282
4.40959
4.25016
4.35288
4.16739
4.07229
4.17314
4.30319
3.74015
4.42313
4.47203
4.32766
3.66997
4.15258
4.38577
3.69396
4.44475
2.79367
3.75925
4.41114
3.68221
4.35543
4.19014
4.45316
4.08007
4.48881
4.23075
4.35552
4.26739
3.39286
4.31380
4.46332
4.12057
3.93297
4.40620
2.42072
4.25945
3.90830
4.07074
2.60270
4.43194
4.44573
4.10540
4.45494
4.42218
4.43027
4.30133
4.19726
4.22608
3.73901
4.11712
4.08725
3.86788
4.44743
3.82755
2.89051
3.84696
2.43118
4.36287
3.43868
4.35499
4.43820
4.25288
4.21684
3.72841
4.47699
4.33705
4.47944
4.29070
4.28703
4.39743
3.56071
4.38037
3.03027
4.46529
4.32576
3.92747
3.53563
3.12448
1.79040
4.44460
4.39964
4.46229
4.28515
4.06585
4.42573
4.30513
4.40354
4.38599
4.53430
4.48649
4.28688
4.33604
4.39106
4.27586
3.97906
4.32994
4.47400
4.18130
2.89961
4.32392
4.33454
4.38462
3.49132
4.41810
4.31681
4.32905
4.24473
4.22644
3.60850
4.39012
4.40342
4.47116
4.06695
4.36326
4.44600
4.42498
4.41334
4.43024
4.25273
3.75533
4.43880
4.18309
4.31547
4.22179
4.35618
4.39590
3.76091
4.34862
4.44613
4.42441
4.40851
4.45390
4.07112
4.33606
2.78730
4.45426
4.24741
4.05026
4.32073
4.39785
4.50157
4.33414
4.48820
4.50248
3.96402
3.93406
3.98847
4.33219
4.41859
4.52343
4.19623
4.40975
4.28804
4.43005
4.27027
3.94035
4.34373
4.44586
4.32604
4.22895
4.29975
4.44435
3.88978
4.42106
3.67229
4.21061
3.77166
4.48368
4.39845
4.20034
3.25997
4.47253
4.48799
4.30074
4.36096
4.20366
4.42076
4.32276
3.65289
4.51613
4.48929
4.09520
4.37010
4.51998
3.84138
3.56058
2.82630
3.71105
4.41651
3.82286
3.45273
4.10992
3.91740
4.31003
4.33610
4.27570
4.41326
4.15126
3.85767
4.24454
4.46560
4.48830
4.50207
4.40810
4.34845
4.40897
3.82460
4.24158
4.37930
4.45216
3.36839
4.34338
4.41171
4.41334
4.41066
4.41589
4.45609
4.35490
4.38873
4.40142
2.55373
4.34735
4.33174
4.49437
4.37737
4.46701
2.28693
3.74907
4.44878
4.35678
4.37965
4.36231
3.98864
4.35205
4.30705
4.39423
4.33741
4.49220
4.50222
4.07884
3.83125
4.46172
4.26621
4.48795
4.11185
3.99816
4.49844
4.41178
3.75389
4.10926
3.72423
4.16444
3.56018
4.25682
4.39517
4.09642
4.24918
4.07349
1.77568
4.35883
3.75014
4.36644
4.20641
3.91037
4.48319
4.25138
4.31281
3.50364
4.42155
4.49112
4.49159
4.20641
4.40504
4.04310
4.35621
4.51226
4.34920
4.47691
4.39170
4.42124
4.49286
4.34088
3.86925
4.32331
4.41695
2.73610
4.38689
4.44498
4.33240
4.23918
4.14013
2.63099
4.29645
4.39927
3.77173
3.94470
4.24000
4.36118
4.17019
4.39289
4.31569
4.25130
4.00171
3.99959
3.75984
3.87069
3.95389
4.46787
4.46994
3.28010
4.28325
4.11464
4.40325
4.12581
3.71934
4.41613
4.37958
4.30810
4.46354
4.39161
4.33435
4.04924
4.41668
4.44118
4.27529
4.13693
4.25796
4.43234
4.27069
4.13313
4.19887
4.43429
4.32455
3.55851
3.31576
4.43501
4.45001
4.19064
4.39609
4.16631
4.37328
4.40056
4.32603
4.27007
4.32124
3.74271
4.40048
4.40467
4.31348
4.53504
4.36330
4.38270
4.22413
4.33432
4.47754
2.91878
4.01327
3.81791
4.40789
4.36016
4.34294
3.91474
4.41932
4.28687
4.42312
4.23092
4.17207
4.07812
4.15045
4.17328
4.37377
3.91842
4.46751
3.53559
4.19530
3.97866
4.40949
3.76363
4.29941
3.82314
4.37539
4.37577
3.89040
4.36423
4.32688
4.50324
4.42286
4.32353
3.91683
4.48930
4.47424
4.43649
4.49725
4.40452
4.46811
4.35721
4.44786
2.75821
3.85291
4.46390
4.10746
3.79786
3.84880
4.39341
4.02963
4.44802
4.16913
4.33636
4.09169
4.50017
4.39933
4.26499
4.50378
4.23690
4.37984
4.38955
4.09720
4.42081
3.59069
4.46092
4.20478
4.39423
4.44079
4.48987
4.22293
4.49762
3.71565
4.34803
4.43281
4.50612
4.45684
4.47324
4.40130
4.13459
4.45951
3.95384
4.44640
4.30221
4.08327
4.40283
4.32469
3.99577
3.58136
4.41548
4.43007
4.31563
4.18087
3.97843
4.31309
4.18794
3.86353
4.47686
4.48210
2.90305
4.21461
4.34962
4.21409
4.41518
4.43146
4.21258
4.31505
4.39193
4.46676
4.40814
4.44569
4.46185
3.98266
4.51285
4.36559
4.01991
4.32697
4.43274
4.34674
4.43674
3.98253
4.22043
4.18340
4.46146
4.40816
4.39869
2.32759
4.22857
4.23143
3.83479
3.91719
4.32907
4.19345
4.47451
4.38019
4.43817
4.30622
4.02118
4.39801
4.45148
4.19679
4.11231
4.46857
4.34888
4.50558
4.33707
4.42460
4.41701
4.00371
4.41048
4.39690
4.47011
4.29019
4.17005
4.41248
4.37407
4.49727
4.38101
4.46772
4.39158
4.43840
3.45838
4.45418
3.64080
3.90257
3.24377
4.34205
4.14865
4.44144
4.03553
4.31745
4.22213
4.40179
4.22824
4.15238
3.91859
3.23215
4.01276
4.43364
3.92791
4.29205
4.32201
4.09733
4.45355
4.48140
4.05917
4.33515
4.35179
3.90595
4.47373
4.16500
4.36257
3.96114
4.01151
4.34768
2.72883
4.53351
4.40712
4.43655
3.93244
4.51950
4.45113
4.23163
4.37237
4.40151
4.18939
4.39933
4.32225
4.39659
4.33346
4.44465
4.35842
4.23795
4.37072
3.65955
3.89409
4.44566
3.67188
4.00144
4.47734
3.30407
4.47927
4.33681
4.39573
3.85830
4.35322
4.46801
4.42198
4.32220
3.50818
4.44936
4.11397
4.23430
4.28029
4.41156
4.15391
4.29708
3.59645
4.44808
4.04888
4.24005
4.15990
4.32319
4.21678
4.25014
4.42454
4.39191
4.33040
4.14118
4.41234
4.08885
4.44191
4.50670
4.42688
3.26902
4.45267
3.98737
4.47015
4.12143
4.38771
4.18307
3.68267
4.34764
4.35952
3.80661
4.44899
4.37493
4.25661
4.32062
4.11996
3.98898
4.48456
4.33880
4.45186
4.23943
4.31674
4.41949
4.02668
4.25215
4.42561
4.17398
4.39266
4.24846
4.40767
4.45273
4.37509
3.99972
4.46369
4.23827
3.28566
3.77431
4.10483
4.11411
3.85581
4.44850
4.19214
4.42298
4.16816
3.84441
4.13268
3.14197
4.32040
4.35275
2.23463
4.35654
4.31254
3.98051
4.24180
4.29950
3.78900
4.38443
4.17153
4.28973
4.01824
4.23993
3.97355
4.42543
4.36958
4.24097
4.43937
4.26675
4.44013
3.96943
4.48764
4.40465
3.92257
4.28341
4.36631
4.47947
4.20992
2.65921
2.81766
3.94576
4.47324
4.41925
3.80176
4.30617
2.37819
4.31607
4.30299
4.46222
4.43776
4.29823
4.44754
4.48030
4.03278
4.43237
4.20343
4.42851
4.24365
4.30402
3.76017
4.10709
3.93389
4.37039
4.09179
3.28306
3.67679
4.29245
4.34153
3.72076
4.41907
4.49061
4.46100
4.31638
4.51616
4.27496
4.33456
3.35105
4.02401
4.36396
4.12871
4.47793
4.19646
4.44027
4.36830
3.53517
4.42049
3.95375
4.14018
4.39788
3.94807
4.50023
4.43677
4.50004
4.11982
4.37255
4.34092
4.07931
4.42070
4.41296
4.28177
4.18125
3.99599
4.44057
4.12863
4.46614
4.05380
3.80623
4.07182
4.39712
4.46176
4.07748
3.68977
4.40158
3.91525
4.18876
4.31355
4.44007
4.32371
3.67280
4.43538
3.94193
4.05221
4.16692
3.36697
4.40561
4.23976
3.53610
4.17676
4.48205
4.36420
4.48032
4.30482
4.17940
4.48707
4.41049
3.88903
4.48065
3.57467
4.17823
1.96325
4.40840
4.19399
4.34111
4.32588
4.07445
4.41822
4.50158
3.31159
4.49561
2.25791
4.50350
4.32813
4.00195
4.45428
3.67809
4.29362
4.35577
4.40499
3.52084
4.44963
4.42945
3.62543
3.68351
3.87357
4.13691
3.48360
4.15203
4.27310
4.30201
4.42300
4.31257
4.48846
3.52558
3.89221
4.40755
4.43140
4.31129
4.29295
4.05128
3.45223
3.47550
4.46982
4.41874
4.32120
3.21369
3.78960
4.36262
3.91815
3.58284
4.38140
4.31435
4.11991
4.42186
3.89530
4.28991
4.16984
4.34577
4.29929
3.99210
4.45901
3.08573
4.47413
4.51245
4.44305
4.16904
4.24358
4.36371
4.30532
4.37350
4.12160
4.23217
4.37113
4.36220
4.29661
4.51531
4.35731
4.42956
4.42730
4.31369
4.28982
3.59490
4.21211
4.20905
3.94096
3.68716
4.34500
4.39421
3.71566
4.41393
4.43229
3.42751
4.48194
4.45364
3.96366
4.10513
4.50870
4.23089
3.66568
4.15590
4.46668
4.31470
4.44238
3.84062
4.18969
4.26004
4.15612
4.31298
4.41233
4.11976
4.45774
3.91350
2.67377
4.32196
4.14194
2.10541
3.90695
4.43031
4.22108
4.26418
4.37761
4.38510
2.05065
4.48681
3.93907
4.37751
3.91230
4.12722
4.19401
4.38066
3.51105
3.88811
4.38941
4.34593
4.51775
4.31167
4.49333
4.46871
3.89292
3.94901
4.48053
3.97554
3.13322
4.23838
4.10475
4.40981
3.89623
4.42293
4.22435
3.99705
4.29539
4.36744
4.39232
4.12108
4.34943
4.41734
4.23956
3.70106
4.18458
4.39794
4.31667
4.25425
2.73332
4.01337
2.90199
4.21039
4.38746
3.29489
3.98643
4.05999
4.44939
4.01652
4.52648
1.74499
2.87985
3.79995
4.37878
4.39072
3.86308
4.14324
4.35438
4.47486
4.35351
4.45588
4.04825
4.39546
4.13996
4.36370
4.49495
4.40314
3.64221
4.45196
4.46721
4.11207
3.71558
4.24743
3.33481
4.42073
4.16382
3.75671
4.38295
4.26471
4.39696
4.30745
4.32792
4.11229
4.43302
4.34357
4.13482
4.30378
2.85657
2.86267
3.83708
4.12177
2.08872
4.23039
3.26447
4.26215
4.29859
4.52242
4.33030
4.05758
4.13494
4.23796
4.43611
4.33807
4.51022
4.33584
4.13338
4.29614
4.50720
4.36348
3.37260
3.99106
4.34706
4.47089
4.46344
3.43095
4.39310
4.28327
4.45761
3.77100
3.76114
4.40298
4.22344
4.34151
4.33320
3.28337
4.44236
4.14818
4.07797
4.25565
4.40189
4.26167
4.03489
4.26049
4.46757
4.42259
4.37516
4.21642
4.24333
4.31389
4.48320
4.51932
4.05959
4.29095
4.31091
4.37225
4.03813
4.44853
4.44113
4.15464
4.32822
4.28464
4.16911
4.46392
4.31898
4.42026
4.40721
4.30000
4.02041
3.81124
4.34622
4.42116
4.45207
4.32803
4.38760
4.47547
4.37117
4.04054
4.32220
4.19509
4.29366
3.20317
3.36103
4.32961
4.04842
4.04761
4.27234
4.40211
4.47271
4.48566
4.40070
4.42641
4.39987
2.90066
4.40978
4.42442
4.33231
4.52289
4.37949
4.47516
4.32796
4.33057
4.11392
4.25772
4.22751
3.63440
4.14313
3.37401
3.79036
4.31336
3.76123
4.35838
4.40637
4.14859
4.50821
4.49240
4.41913
4.29097
4.14315
3.14390
4.43455
4.27127
4.45962
4.46499
4.39297
3.96488
4.44779
4.47340
4.30153
4.29151
4.45540
4.37929
4.37617
4.33755
4.27815
3.94694
4.48664
4.47468
4.33676
4.49477
4.39194
4.17221
4.35974
4.37309
4.35684
4.36198
3.86528
4.27565
4.36549
4.41344
4.37077
2.77922
4.16405
4.24529
4.31861
4.40407
3.75665
4.37468
4.41752
4.35978
3.38906
4.49571
4.16315
4.41955
4.21421
4.45597
3.95378
3.64024
4.20703
3.51857
3.43295
4.22894
4.41735
1.57795
4.19218
4.31558
4.43529
4.02106
3.79249
4.29520
4.03951
4.31280
3.48826
3.76542
4.12678
4.29244
4.44886
4.01126
2.95302
4.22816
4.02693
2.87498
4.42646
4.31229
4.51765
4.36521
4.46159
4.41285
4.23955
3.26207
4.13704
4.21494
4.44337
4.45401
4.49813
4.37684
4.34764
4.35922
4.41006
4.48761
3.84172
4.44729
4.39561
4.39803
4.08042
4.30991
4.11039
4.33497
1.63993
4.37528
4.45283
3.89906
4.38867
4.08765
4.11516
4.41916
4.36314
4.30294
3.65930
4.49621
4.38026
4.40417
4.13599
4.40015
4.48747
4.50315
4.13657
4.01731
4.46858
4.45704
4.49411
4.44826
4.49851
4.28224
4.03240
4.46512
4.41239
4.22707
3.16301
4.31040
4.28082
4.30521
4.22862
4.39248
4.32407
4.07992
4.45746
4.49811
3.06449
4.43437
4.31769
4.28694
4.28413
4.33368
3.97205
4.33957
3.14114
4.06652
3.79412
2.80137
2.84467
4.00731
3.89390
4.17901
4.38111
4.31676
3.96122
4.25704
4.02392
4.12935
4.45185
4.45489
4.35235
4.31137
4.48081
4.13563
4.32615
3.83816
4.39325
4.54514
4.11114
4.43299
4.17879
4.19707
3.62992
4.40427
4.44089
3.08949
4.27856
4.09285
4.15826
4.39140
4.32533
4.32534
4.44132
3.78589
4.34052
4.48129
4.36172
4.43545
4.29367
4.43771
4.31257
4.49803
4.44227
3.32231
4.47766
4.05140
4.20333
3.42148
4.51205
3.46990
4.22819
4.40765
3.51268
4.28762
3.49001
4.34690
4.37960
4.33913
4.21775
4.37238
4.47085
4.35225
4.39542
4.41844
4.47135
4.17540
4.47797
4.19850
4.46282
4.38557
3.59178
4.26559
3.80572
4.14379
4.30124
4.40484
3.26336
4.20617
3.26263
4.04185
4.44064
4.41473
2.84555
4.27003
4.46590
4.46374
2.72508
4.17309
3.80936
4.47152
4.23452
4.26734
4.19883
4.46689
4.37300
3.14509
4.41422
3.08672
4.45922
4.34787
4.20268
4.26338
1.45325
4.24174
4.29918
4.37903
3.73351
4.29144
4.15490
3.81691
3.77040
3.98919
4.42510
4.40154
3.36533
3.94715
4.00897
4.13594
3.53490
4.37107
4.29161
4.16823
2.94082
4.49036
4.45660
3.92631
4.22061
4.52735
4.44527
4.40523
3.03869
4.46179
3.69028
3.90736
4.36127
4.50275
4.33001
4.46476
4.22845
3.01554
4.15057
3.97594
3.82620
4.37960
4.33463
4.37547
4.36381
4.20545
4.38948
4.24745
4.15329
4.27622
4.38396
4.49704
4.42058
4.32311
4.46849
4.12268
4.10162
4.41024
2.67930
4.33094
4.36716
4.19417
4.43413
4.39530
3.58759
4.39206
4.43403
4.51771
4.49093
4.05084
4.13821
4.27502
4.21612
4.45217
4.23656
4.34566
4.48065
4.19446
4.04757
3.95246
4.31181
3.56458
4.16421
4.41011
4.36287
4.29285
2.78015
4.35790
4.45977
4.31550
4.40655
4.42930
4.36137
2.90754
4.29789
4.23526
4.41971
4.11684
4.46829
4.43312
3.55818
4.37891
2.04421
4.03936
4.25322
4.47495
4.41914
4.13454
3.55127
4.08415
4.25566
4.16136
4.44521
4.32088
4.38020
1.80456
4.42538
4.11201
4.41636
4.21855
4.49384
3.69743
4.34391
4.24257
4.33195
4.45934
4.46464
4.24613
4.47392
4.09942
2.59230
4.33906
4.44187
4.41226
4.30979
4.20909
4.40733
4.20754
4.41411
4.18753
4.43302
4.44424
4.07501
4.47630
2.72542
4.40650
4.13757
4.29746
4.36822
4.32691
4.38434
4.45037
3.99470
4.36410
4.47282
4.28692
3.65971
4.46748
4.40546
4.18098
4.32447
4.48165
2.20427
4.06769
4.37855
4.48502
4.19298
4.48505
4.50848
3.53685
4.50578
3.59243
4.43373
3.91108
3.19343
3.73542
4.41621
4.31369
4.30415
4.41272
4.48775
2.10968
4.45759
4.39852
4.35203
4.35363
4.29573
4.42359
4.41094
4.30720
4.45675
3.87521
4.36437
4.32579
4.48860
4.23417
3.71333
2.88362
3.94337
4.34213
3.97615
4.15127
4.48212
4.28775
4.45475
4.43619
4.36541
4.48220
4.29124
4.35659
4.38574
4.48553
4.20568
4.06802
3.99253
3.91429
4.36550
4.26170
4.04341
4.35060
4.38983
4.25696
4.52494
4.38334
4.48813
4.24659
4.53837
4.39170
4.39243
4.53027
4.40506
3.63228
4.47410
3.47988
4.27331
4.48126
4.26386
4.22818
3.77792
4.46481
4.20084
4.33251
4.47435
4.43171
4.17823
4.45315
4.33659
3.93321
4.34160
3.92333
4.09939
4.42325
4.08843
4.30069
3.68564
4.23792
4.14828
4.26132
4.10683
4.30416
4.35922
3.94475
4.42022
2.47402
4.18987
4.19871
4.16784
4.41500
4.39893
4.43435
4.16271
4.48490
4.46508
4.50086
4.23603
4.29499
4.38678
4.39386
4.36222
4.39627
4.32262
3.90148
4.35631
4.39554
4.17430
4.27492
4.48631
4.16653
4.27897
4.52245
4.28667
4.31105
4.49572
4.39350
3.87874
3.87344
4.41635
4.26407
4.49255
4.33922
3.65094
3.40021
4.33317
4.33234
4.32637
4.46684
3.67920
3.74149
4.38595
4.28952
4.43609
4.20302
4.26605
4.13764
4.40236
4.51183
4.15559
4.14678
4.43329
4.39670
4.46716
2.45314
3.45151
4.10705
4.34519
4.36016
4.50008
4.18531
4.40598
4.47964
4.15818
4.11204
4.19008
4.17051
4.39908
3.99922
2.99535
4.42513
4.29667
4.18031
4.25638
4.01041
2.97620
4.43533
4.26163
4.41379
4.45307
3.88160
4.23810
3.69731
4.16937
4.38753
2.79536
4.24594
4.06869
4.34783
4.46000
4.20165
3.74937
4.42726
4.42028
4.46053
4.04572
4.35133
2.36341
4.48620
4.46194
3.78501
4.50109
4.33010
4.31976
4.41594
4.42885
3.42983
4.40652
4.40391
3.90324
4.46700
4.32016
4.38883
4.44079
4.27370
3.98148
3.64332
3.21235
4.05065
4.35216
4.39871
4.04320
4.32612
4.41795
4.47045
4.41363
4.48417
3.36504
4.36632
4.36486
4.49435
4.49313
3.75945
4.26922
3.51049
4.51327
4.45205
4.38145
4.38241
4.42821
4.41561
3.97757
3.59959
4.46089
4.38451
4.30628
4.43388
4.29153
3.80908
4.41904
4.36530
3.97162
4.27902
4.47328
4.31641
4.35490
4.46772
0.99172
4.46686
3.65630
4.38208
4.02102
4.02577
4.31082
4.10071
4.27136
4.48738
4.43672
4.29613
4.42346
4.40410
4.32961
4.40711
3.87028
4.40277
4.30488
4.43933
4.22235
4.45555
4.14982
3.80484
4.18149
4.44169
2.08909
4.43078
4.16208
4.18493
4.38475
4.42874
4.29159
4.42253
4.42389
4.37883
1.94614
4.45987
4.37940
4.43479
3.97594
4.21599
4.21185
4.42515
4.43706
4.20934
4.47431
4.30711
4.46241
2.95911
4.26232
4.09289
4.18831
4.22885
3.83726
4.29446
4.47199
4.37246
4.47855
4.25355
4.35546
4.35576
4.39373
4.47026
3.74892
4.28182
4.18508
3.81797
4.43822
4.47122
4.50219
4.25871
3.73093
4.49010
3.93822
4.43831
4.38849
4.34682
3.35178
4.49822
4.41814
4.46641
4.42414
4.37923
3.43389
4.29527
4.43082
4.42167
4.37378
3.60329
4.49934
4.47843
4.44031
2.70656
4.36377
4.22286
4.09465
3.78769
4.46168
4.20435
4.37542
4.45626
4.45778
4.43324
1.97637
4.37473
2.66771
4.45505
3.52775
3.93429
4.32961
3.71655
4.32605
4.37301
3.86283
2.67842
4.37195
3.28538
2.53766
3.95229
4.26155
4.03293
4.04905
4.28495
3.87265
4.44653
4.31694
4.14979
4.21903
4.29506
4.33082
3.87378
4.30519
4.23722
4.29596
4.12496
4.32142
4.31200
4.44696
4.35976
4.48135
3.96636
4.46869
3.86759
4.46291
4.37528
4.31900
4.01434
4.08065
4.27655
4.39600
4.19314
4.33298
4.06177
4.45886
4.26752
4.42545
4.48771
4.43611
3.66087
3.48725
4.16187
4.47370
4.43151
4.34913
4.21537
4.44311
4.00451
4.53594
4.36933
4.19331
4.42067
4.44730
4.48659
3.65807
3.92814
4.16956
4.11925
4.37472
4.38893
3.77711
4.06930
4.36471
4.30841
4.30276
4.26605
4.23236
4.43460
4.14390
4.13836
4.37945
4.27520
4.50265
4.39094
4.39193
4.22530
4.35836
4.17088
4.31190
4.24491
4.05042
4.04225
2.08995
4.04163
4.33205
3.68648
4.46708
4.08941
4.36479
3.40441
4.51289
2.42160
4.15451
3.76707
4.48820
4.44037
4.34801
3.16074
4.52131
4.00710
4.22614
4.39469
4.34080
4.11824
4.38846
4.27379
4.35229
4.14712
4.49619
4.08472
4.30247
4.48627
4.47350
4.50038
4.35791
4.06958
4.45097
4.21846
4.44079
4.33343
4.30927
4.40627
4.50232
4.38314
4.45778
4.38216
4.41780
3.50455
4.38183
3.96688
4.50268
4.32315
4.44108
3.13990
4.48640
4.49137
4.31991
4.49241
3.69857
4.43002
4.35296
1.97499
4.36918
4.44798
4.47386
4.12301
4.32071
4.44388
3.79562
4.08110
3.94008
4.24079
4.44207
4.42003
4.20459
4.23069
4.39446
4.22627
4.29226
4.50766
4.45430
4.39618
4.36208
4.42315
4.27195
3.77652
3.97531
3.84751
3.21211
4.39702
4.13183
4.01582
4.42498
2.43660
4.34928
4.04460
4.42319
4.36401
3.07747
4.32790
4.27759
4.33445
4.03026
4.41127
3.57394
4.41826
4.42177
3.71972
4.32365
4.22551
4.38894
4.36095
4.40624
4.22600
4.36533
4.41386
4.40580
4.44189
4.36939
4.44686
4.03891
4.46467
4.47486
4.50174
4.46104
4.31469
4.45261
4.02088
3.83339
4.21122
4.29500
4.29037
4.31940
4.27732
3.98167
4.08497
4.17393
3.95904
4.28692
4.46695
4.47336
4.46405
3.73809
4.40613
4.41540
4.43529
4.40797
4.32610
4.24516
4.44865
3.93411
3.67431
4.33644
4.10701
4.44759
4.24765
4.30913
3.76148
4.10490
3.15487
4.13796
4.42285
4.00167
4.49168
4.43505
4.34896
4.20082
1.97584
4.44473
4.33979
4.50804
4.23776
4.28353
2.76337
3.84658
3.96183
4.21197
4.36899
4.38019
4.06350
4.27882
4.10169
4.29429
4.44541
4.16643
4.38184
3.75895
4.23727
4.46032
4.40826
4.12021
4.04209
4.41080
4.38717
4.28155
4.14964
4.36209
4.54339
3.76808
4.33993
4.39858
4.41216
4.13368
4.43477
4.24481
4.40546
3.59089
4.42123
4.31351
4.01441
4.45158
4.33979
3.69193
4.32531
4.38622
4.05821
4.41345
4.10776
2.66919
4.21544
4.30969
4.35199
4.48108
2.46761
4.40448
3.64021
4.33356
3.40081
4.44068
4.24659
4.37564
3.10827
3.56678
4.13800
4.49800
3.29039
4.36260
4.39635
4.04184
3.94826
4.43968
2.17675
2.57825
4.12421
4.32208
1.53300
2.91670
4.28155
4.30022
4.37646
4.41308
4.29461
4.25985
4.30939
3.69151
4.09560
4.03511
2.46321
4.37775
4.35368
3.86889
4.44320
4.10209
3.96667
4.26303
4.41936
4.38106
4.51903
4.49370
4.25663
4.31075
4.37570
4.38790
3.77633
4.37347
4.36576
4.46996
4.24168
4.11618
4.48962
4.45373
4.25186
3.85028
3.67164
4.40595
4.44718
4.04272
4.49952
4.24280
4.53126
4.28879
4.42039
4.44098
4.35866
4.47450
3.64535
4.41028
4.44565
3.95622
3.86308
4.39598
1.68538
4.40223
4.29296
3.69935
4.47769
3.58063
4.36246
4.16604
4.11562
3.62382
4.44348
4.44593
3.92169
4.49301
4.34147
4.13778
4.40105
4.35886
4.07606
4.53943
3.18066
4.46178
4.39521
3.96474
4.40796
4.15196
4.18314
4.44932
4.47995
4.28288
4.03723
2.65787
4.39207
2.71677
4.46274
4.19314
4.23510
4.26036
4.48132
4.28376
3.81752
4.12986
4.26967
4.51562
3.27247
4.13378
4.33161
3.71062
4.13175
4.37254
4.45682
2.66877
4.45483
3.26200
4.39707
4.31104
4.51831
4.49004
2.76221
4.20716
3.89835
4.44799
4.38941
3.56870
4.37442
3.48461
2.58601
4.41956
4.47920
4.32592
4.41079
4.39041
4.46992
4.31679
3.79160
4.53124
4.42266
3.50409
4.41784
4.45091
4.33850
3.98057
4.49380
4.28784
4.43804
4.36677
4.37352
4.36823
4.41795
4.03870
4.48027
3.90831
4.17489
4.49891
3.99393
4.33359
4.01252
3.46722
4.02283
4.48335
4.18394
4.49665
4.28670
4.05684
4.16435
3.53236
4.40714
4.39321
4.49152
4.47660
4.40392
4.15711
4.43640
4.22029
4.45773
4.21144
4.14095
4.03037
4.50131
3.41014
4.09169
4.43104
4.47376
4.40718
4.22734
4.33139
4.40933
4.46219
4.32171
4.46416
4.39902
4.12188
4.30781
2.70738
4.17968
4.34797
4.31942
4.23925
4.28153
3.82882
3.21548
4.46499
1.86608
4.35747
4.19484
4.43498
4.43794
4.13560
4.31579
4.25045
4.39038
4.37249
4.49523
4.42117
4.24801
4.26165
4.18542
1.50461
4.23191
4.45820
4.34835
2.73186
4.38931
4.28068
4.39558
4.32276
4.35600
4.39647
4.50398
3.66687
4.08434
4.29356
4.40924
4.36534
2.71394
3.98788
4.23036
4.48277
4.52856
4.39079
4.35588
4.41475
4.47718
4.44724
4.32518
4.22570
4.35586
4.16487
4.46907
3.97581
4.42195
4.47263
4.30749
4.30976
4.47224
4.40121
4.35475
4.43919
4.47262
4.40013
4.26102
4.47652
3.57532
4.34090
3.77912
3.26649
3.61098
3.96547
4.26461
4.38478
4.24808
4.03408
4.46931
3.34630
4.41214
4.39079
4.45395
2.70785
3.89717
4.29830
4.05959
3.74047
4.40465
4.28891
4.37430
4.31768
4.16525
4.32612
4.22691
4.45706
4.17171
4.17207
1.87612
3.49847
4.51166
4.37560
4.02872
3.05133
3.72577
4.39368
3.92498
3.90485
4.47262
4.38464
4.17256
4.22400
1.75721
3.95801
4.21082
2.36081
4.39566
4.37186
4.08367
4.41014
4.01562
4.35762
4.13874
3.52775
4.38577
4.21727
4.43604
4.39889
3.11823
3.84434
3.98668
4.33165
4.31134
4.10194
4.44348
4.37687
4.11773
4.22915
4.37403
4.43547
4.13171
4.52183
3.69215
4.27026
2.13763
4.41071
4.20192
4.37010
4.32933
4.14676
4.38270
4.48311
4.21439
4.39195
4.45258
4.35423
4.43089
3.96372
4.43520
4.14506
3.46529
4.13369
4.13890
4.37653
4.50282
4.37876
4.40086
4.39368
4.41184
4.46152
4.25987
4.35734
2.78502
4.16699
4.44636
4.43791
4.34529
3.83077
4.31999
4.20019
4.34476
4.50389
3.97981
3.82836
4.08192
4.28267
4.42816
3.74628
4.47918
2.54707
4.03130
4.29650
3.50335
4.35647
4.21583
4.43649
4.52202
4.02559
4.46047
4.32681
4.41891
4.39994
3.25392
4.43450
4.17177
4.45488
4.43757
4.31663
4.41585
4.20725
4.34185
4.41214
4.40616
4.36101
4.30840
4.39407
4.24434
4.20007
4.26158
4.17570
4.21481
3.91901
4.44149
3.76755
4.41403
4.49064
4.51359
4.19939
4.43586
4.31658
3.46640
4.41002
4.39548
4.15348
4.12971
4.46058
4.17426
3.86872
4.49593
4.40048
4.42145
4.28351
4.44142
4.41864
4.36557
4.24296
4.48396
4.36241
4.41190
1.98374
4.34791
4.47321
2.30401
4.36401
4.27248
4.04674
4.25591
4.11603
4.32549
4.37394
4.10288
4.37910
2.68103
4.15764
4.39095
4.47259
4.39793
4.51260
4.19436
4.50124
4.41258
4.46639
4.43359
3.41579
4.46857
4.39788
4.42178
4.29826
4.13540
3.79109
4.33449
3.80232
4.41916
4.34083
4.48165
3.94669
4.13937
4.27654
4.35827
4.31977
4.25560
4.35971
4.03986
3.99306
4.06962
4.46716
4.05393
4.18075
3.42138
4.36677
3.68550
4.01551
3.73839
4.42089
4.43140
4.45600
4.08849
3.09700
4.28757
4.36951
4.39226
4.33623
3.27142
4.43083
4.39637
3.96884
4.46312
4.10357
4.51078
4.44724
4.36313
4.22977
4.21967
4.50797
4.10700
4.41755
4.26898
4.23373
4.13906
4.36913
4.37845
4.35913
4.41149
4.35602
4.17341
4.49266
4.16631
4.42137
4.42510
4.42311
4.30171
4.41702
4.41482
4.23006
4.33626
4.32163
4.29899
4.07463
3.49799
4.32096
4.35453
4.22050
4.38894
4.39400
2.80444
4.50230
4.20347
4.47486
3.98346
4.31504
4.46283
4.24774
4.17552
4.42802
3.65369
4.31850
3.91320
4.06785
4.31618
4.45557
4.02915
2.36950
4.35635
4.43889
4.10232
4.05808
4.42016
4.41195
4.45008
4.36734
3.92764
3.82893
4.30261
2.57539
3.85454
4.45437
4.27511
4.29356
4.47957
4.26609
4.37036
4.45878
4.37479
4.42829
4.42480
4.20183
4.27909
4.42390
4.49659
4.48120
4.09136
4.38311
4.40777
4.15537
4.31568
4.49437
4.22598
4.13536
4.45406
3.00516
4.37689
4.42158
4.13178
4.36725
4.15682
4.32749
4.31911
4.25728
4.34610
4.41640
4.37525
4.28143
3.91627
4.16485
4.51765
4.45543
4.40919
4.25027
4.09396
4.35717
4.15667
4.50596
4.43699
4.35517
4.33622
4.02832
4.19955
3.48711
4.40020
3.75946
3.84241
4.43715
4.29676
4.32945
4.31254
4.43995
4.11880
4.47152
4.27804
2.93249
4.42845
4.30300
4.47132
4.39612
4.36048
4.14819
4.43832
4.21691
4.45062
4.46653
4.08953
4.16996
4.43138
4.45916
3.97639
4.47278
4.46168
2.99592
4.47027
4.02301
4.36454
4.47511
4.39099
4.32426
4.32506
3.92941
4.16637
4.43725
4.42361
4.23794
4.48939
4.46269
3.73733
4.43424
4.19757
4.44146
3.18357
4.31790
3.99082
3.74543
3.71959
4.31040
4.02799
4.18093
4.40419
3.87969
4.25669
4.20062
3.36026
4.49013
4.34139
4.39366
4.52053
4.27933
4.26990
4.15214
3.46944
3.10109
4.31820
4.37284
4.43989
3.76762
4.26625
4.18088
4.41085
4.41106
4.30966
4.40927
4.44838
4.43298
4.38972
3.89856
4.40169
4.48667
4.12132
4.26491
4.47530
4.40909
2.36553
4.48938
4.38079
4.05089
4.05991
4.43292
3.94613
4.42598
4.10630
4.49477
4.22001
3.74948
4.36453
4.38182
3.25597
4.48150
4.07833
4.39193
3.99847
4.39938
4.46134
4.39704
4.32728
4.32833
4.21317
4.34513
4.28337
4.45059
3.95910
4.37407
3.70028
4.25591
4.35285
4.44573
4.11322
2.60295
4.44393
3.74130
4.06308
4.26871
4.36333
4.35420
4.25790
4.48112
4.17686
3.23729
4.35519
4.44696
4.42771
4.35472
4.29023
4.44194
3.24236
4.06841
4.46534
4.12847
3.84763
3.77819
4.46787
4.42304
4.14778
4.34848
4.14388
4.26418
4.12206
4.34422
4.36056
4.29661
3.05574
4.22973
4.48825
3.18089
4.08680
4.47349
4.19883
4.02498
3.79461
4.30419
4.28366
4.17585
4.21484
4.25179
3.04133
4.14529
4.39951
4.30933
4.14177
4.43749
3.38306
4.45829
4.26042
4.29752
4.41248
4.31250
4.48352
3.75960
3.88949
4.41776
4.46087
3.85119
4.40752
4.27292
4.36432
4.10967
4.41221
4.45608
4.13201
4.18235
3.91326
4.40069
4.39888
4.10839
4.32373
3.68509
4.42304
3.77950
4.45969
4.33003
4.38591
4.46514
4.48358
4.20422
3.74826
4.11129
4.48719
4.33978
3.56882
3.51488
4.18690
4.07465
3.93143
4.26952
4.48995
4.27127
4.15456
4.39537
4.45671
4.20763
4.27516
4.37815
4.43709
4.48611
3.38928
3.94086
4.38328
4.38819
4.20116
4.44091
4.11389
4.11311
4.30535
4.33427
2.64444
4.44149
4.15386
4.14239
4.35968
3.62914
3.59570
4.40015
4.21712
4.17989
4.30299
4.33629
4.41054
4.25634
4.34683
4.38238
4.40266
3.69831
4.46535
3.70244
4.32856
4.37188
4.51232
4.09925
4.41477
4.42879
4.16606
4.46173
4.46084
4.43934
4.39653
4.28857
4.20261
2.98268
4.06347
4.31669
4.17077
4.38580
2.37185
4.01255
4.36199
4.36921
4.51127
4.29798
4.32451
4.04020
4.48490
3.88008
3.18356
4.43512
4.39174
4.37524
3.79817
4.34505
4.39738
4.05453
4.45619
4.13705
4.20094
4.29970
4.23438
3.87878
4.48461
4.32211
3.72899
4.36005
3.67218
4.50040
4.37162
4.43335
4.42451
4.08851
4.38232
4.27937
4.48760
2.81256
3.71994
4.44459
4.52498
4.39326
4.30536
4.25787
4.47789
4.30387
4.38013
4.37608
4.19189
4.39953
4.39567
4.14235
4.14133
4.02373
4.50614
3.71082
4.32768
4.36141
4.21788
4.26682
4.17976
4.18673
4.33361
4.38079
4.36100
3.67876
4.36906
3.97951
3.43746
4.49052
4.33487
2.62485
4.47461
4.21572
4.43206
1.81193
4.11497
4.38670
4.35656
4.40399
4.45555
4.29474
4.03511
4.29050
4.46128
4.25510
4.41642
4.27622
4.29679
4.44485
3.82808
4.35004
4.46628
4.01120
4.41459
4.32720
4.40553
4.37813
4.15045
4.50704
4.26832
3.75054
4.42849
4.51081
4.03788
3.90642
4.34033
4.37045
4.37146
4.49831
4.41633
4.45659
4.41721
4.44222
4.28370
4.31990
4.46928
4.24187
3.96451
4.37791
4.46193
4.33356
4.38367
4.43280
4.24373
4.36995
4.37457
4.16092
4.39880
4.32736
4.29674
4.35421
4.50099
2.70942
4.17666
4.43702
4.49224
4.38118
4.47997
3.76728
4.30997
4.01959
4.45522
4.41783
2.09784
4.43954
4.49738
4.30625
4.17587
4.12290
4.32398
4.41342
4.37029
3.53217
4.50286
4.34035
4.44391
4.44823
4.32200
4.41055
4.27618
4.14672
4.40145
4.28145
3.40817
4.37960
4.24629
4.25030
4.49720
3.04319
4.50014
4.40509
4.40781
4.15182
4.35691
4.19738
4.40292
4.45159
4.16085
4.37941
3.82034
4.28112
4.40046
4.39086
4.23136
4.25196
4.50648
4.40655
4.42651
3.95759
4.24313
4.44924
4.44169
3.66631
3.52200
4.19815
4.06856
4.50552
4.20777
4.48985
4.14834
4.44118
4.33796
4.50240
4.18866
4.44874
4.36306
4.18386
4.49457
4.36773
4.21142
4.25437
4.40358
4.47651
4.11003
4.19999
4.35073
4.47495
4.01150
4.41400
4.21535
4.41599
4.39501
4.22413
3.10731
4.24188
4.19010
4.37735
4.48207
4.02947
4.29362
3.92611
4.31082
4.20672
4.49051
3.65504
4.28686
3.97727
4.04201
4.39802
4.21910
4.07626
4.40524
4.26752
4.28174
4.13401
3.66089
4.06198
4.12835
4.49309
4.07639
4.42200
4.41722
4.35489
4.37006
4.14718
4.49643
4.24141
4.12925
4.28073
3.92803
4.39901
4.34501
4.41116
4.45750
4.31054
4.23091
4.10787
4.43586
4.41877
4.46307
4.36261
2.53216
3.71349
4.35992
4.46305
4.44353
4.50269
4.45269
4.17223
4.47870
4.06721
4.38416
4.40378
4.50409
4.21130
4.03752
4.49188
4.39978
3.97935
4.48945
4.42925
4.09949
4.51707
4.22095
4.11001
2.12571
4.30884
4.40370
4.46023
4.49649
4.37533
4.45147
4.38772
4.10943
4.49890
4.17741
4.38757
4.46266
4.27672
4.45829
4.47434
3.99144
4.34121
4.28764
1.92236
4.29740
3.18778
4.40501
4.40594
4.26771
4.22034
4.18745
4.31090
4.21906
4.35872
4.39529
2.57605
4.16688
4.21990
4.19010
4.22883
4.48200
3.81492
4.39870
4.30348
3.79333
4.16480
4.22080
4.49669
4.28757
4.48889
4.20349
4.36790
4.27393
4.17984
4.29394
4.33216
4.33022
4.27460
4.19859
4.44400
4.47399
4.49872
4.44219
4.38871
4.50162
4.06426
4.30196
2.67060
4.34794
4.42745
4.40291
4.42986
2.10385
4.13708
4.25469
4.42288
4.46090
4.22352
4.44610
3.90831
4.26797
3.03715
4.12991
4.21931
4.18168
4.39983
4.43589
4.50407
2.76270
4.36959
3.57947
4.24621
3.65709
4.21080
4.34112
4.33092
4.01567
4.11176
3.83532
4.19520
4.44580
3.31826
4.32574
4.43326
4.44846
3.58778
4.18892
4.19079
4.23036
4.25136
4.24555
4.37141
4.40053
4.34308
3.78831
3.37094
4.40544
4.26026
4.46696
4.37534
3.99295
4.40653
4.21541
4.31553
4.47492
3.76827
3.85931
4.38618
4.17873
4.42882
4.17885
4.48504
4.21408
4.32293
4.39382
4.32577
4.49491
4.40774
3.61732
4.51713
4.51351
4.02919
4.24935
4.39620
3.07985
4.46823
4.42850
4.38979
4.42027
4.31168
4.41603
3.10979
4.36734
4.10620
4.03465
4.42341
4.40525
4.07500
3.98877
4.51456
4.31520
4.46760
4.46211
3.82629
4.37704
4.50433
4.36730
4.30149
4.48708
4.13282
4.24078
4.46441
4.30076
4.20996
4.43874
4.49334
4.24150
4.22143
4.36107
4.34532
4.16529
4.49847
4.46106
4.26711
4.09340
2.57367
4.11194
4.39178
4.40289
4.24592
4.37555
3.64858
4.49354
4.35529
4.32635
4.29476
3.94550
4.39908
4.26150
4.36516
4.00433
3.98008
3.34943
4.42964
4.21008
4.41988
3.73338
4.10082
4.39925
4.48635
4.44259
4.31988
4.30154
4.19254
4.49431
4.22136
4.39507
4.44577
4.26520
4.33642
4.23174
4.35942
4.35622
3.64633
4.31684
4.32791
4.13219
4.30038
4.49813
4.47826
4.25332
4.40992
4.34657
3.14837
4.25978
4.17400
2.86870
4.33836
4.17110
4.22643
3.89570
4.45350
3.64682
4.18288
3.84312
4.41148
4.44580
4.39029
4.30351
4.32234
4.33510
4.46351
4.26536
3.98175
3.80716
4.11801
3.76918
4.36724
4.33775
4.45878
3.28956
4.01563
4.50387
4.48085
4.08825
3.36132
3.92479
4.36901
3.75321
4.49390
4.30499
4.02606
4.46719
4.48050
4.41073
4.52205
4.25903
2.84866
4.32248
4.42367
4.38352
4.44626
4.28293
3.81116
4.50115
4.46955
3.65477
4.41849
3.88376
4.39356
4.34099
4.06772
4.45325
3.61695
4.43333
2.74788
4.41041
3.44620
4.08824
4.30636
3.84611
4.46957
4.31896
4.46378
3.62171
4.32027
2.63391
4.43674
4.42317
4.25520
2.61246
4.48016
4.49800
4.31613
4.44719
4.08762
3.47244
2.91516
4.32049
4.48589
4.45330
4.43719
4.01373
4.36868
4.35797
4.17413
4.21242
2.58313
4.24441
4.16670
4.23616
4.46561
3.02124
3.91994
4.43402
4.19843
2.20872
4.48506
3.96922
4.15205
3.35725
4.32394
3.45258
4.21360
4.33999
4.47609
3.92483
4.50407
4.36637
4.27060
4.42227
4.30612
3.81769
4.46165
4.26457
4.16196
4.24902
4.41585
4.07960
3.96430
4.29281
4.36269
4.23597
4.40042
4.45923
4.43756
4.26251
4.36344
4.48178
4.40263
3.83209
4.32946
4.51217
4.15482
4.37391
4.41395
4.46291
4.15173
4.39566
4.43173
4.48398
4.16194
4.49247
4.43813
4.48162
4.43024
4.25628
4.38881
4.41662
4.44577
4.35671
4.24776
4.39941
4.44905
4.21808
4.24879
4.42503
4.19493
3.73424
4.09280
4.44562
3.88887
4.44129
4.35519
4.26621
4.46548
4.36666
4.02161
4.46720
4.39796
2.83447
4.39951
4.45934
2.74427
4.48590
3.98784
4.42219
4.07821
4.00422
3.59287
3.80411
4.22428
4.44192
4.45169
3.34691
4.19733
4.40061
4.35466
4.42323
4.50649
4.33533
4.39079
4.47053
4.44510
4.45351
4.14906
4.33949
4.31445
4.20627
4.07982
4.19153
1.94281
4.14713
4.49538
3.97352
4.02911
4.32686
4.04627
4.17622
3.76308
4.43895
4.46041
3.98416
4.04742
4.25062
4.48355
4.50037
4.01217
4.45820
4.41171
2.77161
4.48435
3.85998
4.40553
3.73231
4.28749
3.77535
3.70405
4.30799
4.23199
4.48548
4.23007
4.42654
4.45246
4.51373
4.30960
4.42897
4.35958
3.96983
3.12057
4.24736
4.45133
4.29019
4.27036
4.33867
4.35129
4.37733
4.27897
3.84453
4.18330
1.93201
4.03137
4.32466
4.26926
4.37855
4.37352
3.64038
4.44713
4.46269
4.19541
4.16266
4.45258
4.07089
3.60192
4.32382
4.43900
2.69068
3.81108
4.11879
4.47028
4.37353
4.25551
4.46817
4.43348
4.30284
4.22192
3.65821
4.37493
4.44896
4.33634
4.21580
4.00740
4.11541
4.19747
3.53439
4.45280
4.39713
4.46481
4.31505
4.49053
4.40640
4.31150
4.45199
3.83270
4.20304
4.39759
4.29034
4.51413
3.91559
4.35295
3.56251
4.45676
4.49039
4.19672
4.42302
4.33381
4.39531
4.38437
4.25171
4.13392
4.34215
4.26958
4.47131
4.28460
4.36605
4.41943
4.22922
3.95159
4.42476
4.11243
4.47959
4.39986
4.10792
4.00063
4.44672
4.35952
3.32090
4.37869
4.43440
4.43658
4.39579
4.30207
4.31933
4.47208
4.45074
3.68407
4.38466
4.42006
4.35068
4.45251
4.39211
4.42403
4.33106
4.02170
4.39470
3.95052
4.37728
4.49865
4.35585
4.36323
4.44230
4.28927
4.42743
4.40335
4.29285
4.42990
4.43931
3.83455
4.11776
4.44258
4.14240
4.14539
4.29064
4.41320
4.40633
3.58005
4.16394
4.07606
4.20998
4.29958
4.40692
4.50854
4.09437
4.34945
4.48287
4.46864
4.51560
3.78984
4.42798
4.20816
3.97175
4.10859
4.47479
4.38963
3.78700
4.38794
4.33665
3.50464
4.10629
4.36428
4.46646
4.49125
4.35532
4.49302
4.48144
4.14021
4.30278
4.38518
4.39782
4.15405
3.95773
4.50298
4.43582
4.42239
4.11767
4.40788
4.50778
4.13128
4.23966
4.52618
4.35833
4.27894
4.03095
4.48678
4.43086
4.35817
4.19251
4.46511
2.48851
4.19574
4.43894
4.21687
4.44280
4.48148
4.51089
4.32827
4.42360
4.49628
4.34974
2.87207
4.48408
4.41323
3.86879
4.21044
4.05692
4.34133
3.98007
4.49405
4.47443
4.38711
4.25178
4.43338
4.23193
4.45642
4.15093
4.53327
4.28016
3.64741
3.42577
4.47145
4.40641
3.87879
3.82729
4.35379
3.84616
3.79067
4.37896
3.38681
3.82307
4.40607
4.31459
4.20596
4.42304
4.17140
4.09484
4.29105
4.46850
4.07704
4.32697
4.37688
3.46784
4.28753
4.12303
4.44067
4.15519
3.56587
4.42412
3.86258
4.42218
4.30287
4.23179
4.29386
3.80818
4.31406
4.35601
4.29710
2.95606
4.03978
4.25427
2.31186
4.44537
3.74643
4.27840
4.27124
4.37770
4.27806
4.36558
4.18142
4.42636
4.37879
4.12312
3.99720
3.48211
4.33881
4.34421
4.35227
4.37777
3.77570
4.16295
4.31126
4.27972
3.35176
4.24754
4.26857
4.43939
4.24842
4.30301
4.22607
4.37031
4.40459
3.97088
3.66035
4.16712
3.43058
4.26740
4.28200
4.26179
4.32515
4.49731
2.60056
4.41666
4.32151
4.26844
4.50529
4.35073
3.27748
2.70709
4.32478
3.85783
4.15898
4.25871
4.19523
4.47198
1.40254
2.05307
4.22632
4.45664
4.41062
4.46708
4.42570
3.48043
4.26284
4.35993
4.16444
4.45316
4.35146
4.45553
4.26866
4.37108
4.32690
4.38913
4.18307
3.40615
4.42332
4.22364
4.13418
2.96318
4.15051
4.21620
3.41414
3.84541
4.35153
4.06533
4.33467
4.39413
4.42271
4.49574
4.41879
4.43159
4.39201
3.90228
4.33718
4.43036
4.37882
4.32232
3.46138
4.44143
3.15720
4.37341
4.02088
4.34729
4.34245
4.28383
4.41172
4.40378
4.36150
4.05578
4.27304
4.32472
3.70792
4.41273
4.37007
4.39621
4.42171
4.26165
4.45996
4.31965
4.42039
4.16719
4.14325
3.97017
4.08748
4.11832
4.35496
4.27869
4.43676
4.29311
4.33746
4.09956
4.37137
4.14446
4.43442
4.31079
4.27772
4.33859
4.41924
4.29592
4.32060
4.41701
3.82001
3.61372
3.48673
4.10750
4.23492
4.38905
4.49023
4.40308
4.42128
4.36666
4.44653
4.23887
3.17864
4.38368
4.01978
4.38845
4.24127
4.31963
4.48924
4.26865
4.48154
2.78275
3.08640
4.42495
3.95869
4.10134
4.28123
4.10122
4.39948
4.38531
4.47406
4.46388
4.44295
4.00789
4.02780
4.30584
3.15287
4.36152
4.45278
4.37333
4.42646
4.25934
4.43179
4.48170
4.39794
4.40644
3.84546
3.95381
4.44605
4.24261
4.17798
4.45423
3.89638
4.27834
4.28795
4.10177
4.29288
4.46297
4.07978
3.63215
4.22203
4.48469
4.45185
4.15138
4.48423
4.35117
4.51393
4.37136
3.27316
4.44543
3.62191
4.28569
4.41819
4.36769
4.16781
2.65774
4.20625
4.49536
4.39759
2.91644
4.49586
4.33969
3.92735
4.35865
4.31393
4.44249
4.30991
4.21644
3.77602
4.12863
4.29235
4.36211
4.49294
4.37631
3.63938
4.43141
4.19144
4.45276
4.49518
4.34935
2.88451
4.33554
4.30424
4.40972
4.30317
3.92054
3.85694
4.29151
2.52578
4.51038
4.10568
4.41232
4.48367
4.29505
4.36157
4.23398
4.08483
2.73833
3.95027
4.11384
2.67105
3.59046
4.36384
4.16310
4.39096
4.31991
4.34017
4.40414
4.11566
3.78101
4.43362
4.42737
4.34718
4.34594
4.48293
4.47475
4.51456
4.36535
3.25711
4.32997
4.13371
4.26771
4.32260
4.37139
4.38251
4.35701
4.38371
4.29029
4.40404
4.35795
4.32634
4.39689
4.24159
4.24512
3.71136
4.36687
4.34014
4.43490
4.40493
4.43233
4.45725
2.14379
4.51043
4.49147
4.06605
4.45294
4.50111
4.41361
4.47603
4.45711
4.04958
4.10679
4.37756
4.37578
4.18273
3.70064
4.46789
4.33794
4.34332
4.47474
4.31126
4.00020
4.47394
4.15972
4.19165
4.07231
3.47001
4.33747
4.42239
4.41490
1.37500
4.18966
4.25359
3.73544
4.38305
4.31646
3.85640
4.08745
4.44991
3.49799
4.16465
4.31369
4.41142
4.44785
3.97816
3.79332
4.41085
4.42699
4.18344
4.29498
4.11690
4.46426
4.47323
4.46442
4.49092
4.46968
4.35215
1.92259
4.26871
4.38711
4.10816
4.14656
3.96260
4.39122
4.23746
3.81176
3.21467
4.39447
4.42200
4.26295
4.20006
4.07651
4.30500
4.39853
4.20630
3.96423
3.79301
4.49558
4.36336
4.48565
3.57197
4.41966
3.89432
3.84405
4.52423
4.38274
4.49379
4.45227
4.28646
4.19675
4.19150
4.48812
4.49643
4.40994
2.16602
4.17598
4.39409
4.40156
4.24463
4.41948
4.26456
4.34768
4.36666
4.46087
4.44733
2.35525
4.45669
4.43555
4.12119
4.46333
4.32042
4.26541
4.26094
3.99343
4.50247
3.55863
4.34844
4.27707
4.53039
4.04019
4.49227
3.86639
4.36673
4.29343
2.66269
4.38850
4.22121
3.87627
2.87036
3.98818
2.88817
4.05198
4.52846
4.33930
4.37953
4.42623
4.34041
4.02297
4.02474
4.00726
2.68886
4.31754
4.33979
4.29378
4.33121
4.30928
4.22909
4.32388
4.39768
4.18516
4.45486
4.12705
3.56038
4.29914
4.44777
3.92404
4.40346
4.06413
4.42636
4.49151
4.43882
4.35505
4.00943
3.85996
3.47984
4.34851
4.47710
4.17459
4.37634
4.45779
4.41819
4.32466
4.46086
4.38559
4.32785
4.18658
4.32789
3.70544
4.44868
4.31185
4.44102
4.47666
4.45414
3.95725
3.84589
4.16293
4.47202
3.62341
4.26841
4.42778
4.43532
4.49359
4.35320
3.59462
4.34359
4.27445
3.73037
4.11561
4.40464
3.83131
4.40712
2.51986
4.45009
2.81215
4.42651
4.43132
4.23992
4.18644
4.45473
4.27069
4.45558
4.20236
4.19929
4.37527
4.12675
4.32126
4.31620
4.25361
4.32442
4.40359
4.49086
4.45806
2.42484
4.44382
4.38014
3.55284
3.30723
4.23762
4.39951
4.22880
4.39098
4.41183
4.05100
4.52427
3.13042
4.48862
4.41523
4.48616
4.11570
4.44691
4.27891
4.25306
4.19615
3.74026
4.42140
2.57782
4.06917
4.41807
4.45817
3.12443
4.53142
4.35461
3.86365
4.33403
4.42513
4.42461
2.69216
4.41972
4.39079
4.38138
4.50179
1.81071
4.15684
2.25255
3.61676
4.26031
4.40007
4.11571
4.38155
3.99455
4.40516
3.35992
2.98015
4.44203
4.31375
3.98436
2.00457
3.80394
3.92967
3.82210
4.44922
3.78169
4.50343
4.46058
3.74949
4.44787
4.31609
4.51955
4.05414
4.48657
4.49061
4.34425
4.10432
4.44808
4.45500
4.46847
3.94623
4.40780
4.46381
4.39368
4.40092
3.96327
4.33660
4.42944
4.24000
4.32908
4.35932
4.36634
4.14841
3.55741
4.30263
3.93886
2.98151
4.33104
4.24809
4.46472
4.35754
4.16152
4.33752
3.91504
4.29679
4.24357
4.26129
4.32849
4.32433
4.38785
4.26118
4.41200
4.28643
4.37862
4.23521
3.38719
3.93439
4.08262
4.21291
3.76230
3.68734
4.20134
4.46480
4.33786
4.33512
4.04061
4.42592
4.10496
4.28966
4.24542
4.32207
3.89049
4.45253
4.45551
4.28492
4.38307
4.46616
2.83865
4.36079
4.47014
4.40119
4.19649
4.46913
4.09123
3.29110
4.40470
4.18784
3.89892
4.29261
4.43903
3.91040
4.40187
4.24643
4.08343
4.16360
4.06092
3.95579
4.11865
4.45084
4.46599
4.14516
4.36471
3.70540
3.86412
4.50109
3.51790
4.45689
4.37857
4.43089
3.92740
4.22762
4.25628
4.47894
3.66226
4.35342
4.46008
4.47619
4.12212
4.36056
4.23260
4.19258
4.15307
3.90476
3.99165
4.51477
3.66053
3.94401
3.46504
4.38022
4.33495
4.46879
4.27133
4.41223
4.43167
4.36986
4.20601
4.41093
4.32731
4.32974
4.49639
4.25899
4.46643
4.13029
4.35886
4.34521
4.30131
4.41811
3.47854
4.40938
3.55731
4.37106
4.33763
4.25268
4.48731
4.39743
4.23312
4.46441
4.02517
4.50246
4.39834
4.19102
3.70071
4.51519
4.31220
4.16548
4.41940
4.41464
3.49470
4.16859
4.40498
4.49603
3.19129
4.37639
4.36376
3.77641
4.37003
4.39692
4.39133
4.41835
3.74725
4.31901
4.17695
3.75486
4.27839
4.13863
4.21780
3.46059
4.21395
3.95221
2.19200
3.77565
3.62768
4.37643
4.41393
4.13032
4.42236
4.33219
3.73032
4.40461
3.25482
3.32875
4.37790
3.85007
4.33046
4.38189
2.81072
4.38306
4.44495
4.34911
3.32622
4.19106
4.36068
2.90136
4.04383
3.44057
4.05035
4.12437
4.34654
3.30155
4.30117
4.37172
4.01110
4.39570
4.36724
4.37556
4.34535
4.25629
4.34015
4.39098
4.23108
4.41093
4.02011
2.33291
4.43765
3.34846
4.43872
4.39952
4.13888
3.00506
2.00538
4.47907
4.27426
3.86840
1.75949
4.25942
2.89274
4.45831
4.33542
4.40563
3.99643
4.16316
4.42917
3.34647
4.39071
4.21777
4.12928
4.32430
4.27373
4.42681
4.48698
3.99319
3.91551
4.28478
4.35022
4.36061
4.45760
4.37082
4.30393
4.21991
3.53345
4.50297
4.35965
4.50912
4.40202
4.11545
4.27306
4.43319
4.39105
3.92378
4.14729
3.63968
4.46779
4.30492
4.14103
4.47969
4.33766
4.45766
4.43007
4.39840
4.32867
3.97754
3.94152
4.38719
4.36561
4.32791
4.50752
4.44201
4.33334
4.25412
4.35252
4.35128
4.41715
4.05927
4.47340
4.27801
4.34874
4.37017
4.44476
4.34820
4.19814
4.26498
4.37550
4.44480
3.68393
4.41596
4.35303
4.45005
4.47053
4.42059
4.18328
4.35974
4.00958
4.45093
4.34647
4.10386
2.88852
4.44849
4.39583
4.40080
3.65806
4.44373
4.43310
4.23914
4.44986
4.33299
4.17612
4.38967
3.97208
4.12963
4.14031
4.38218
4.46048
4.27004
4.40940
4.26161
4.42761
2.85998
4.33703
4.23477
4.26461
4.34147
2.40264
4.29354
4.45098
4.46423
4.45244
4.31124
4.46663
4.38256
4.41285
4.34379
3.64446
3.64448
3.54959
2.85830
4.02032
4.11983
4.45211
4.43683
2.87480
4.41022
4.44006
4.40420
4.46112
4.27870
3.43872
4.19646
4.46260
3.97606
4.19938
3.34901
4.52584
4.33491
4.20715
4.12534
4.22137
4.38553
4.47293
4.29206
4.46630
4.46805
4.27134
4.44323
4.38260
3.85601
3.19064
4.38622
4.20429
3.07022
4.47621
4.44028
2.45793
3.96428
4.45080
4.32380
4.40220
4.28699
4.22543
3.95408
4.40678
4.15367
4.35104
3.52307
4.29823
4.32267
4.15495
4.47705
3.55700
3.61354
4.50764
4.36105
4.34929
4.34065
4.22075
4.37393
4.36780
4.40690
3.70535
4.00408
3.79423
2.50370
4.40813
4.33368
4.39165
4.14503
4.33355
2.76307
4.40346
4.41178
4.31990
4.07909
3.64782
4.05127
3.06847
2.25467
4.21124
3.82482
4.06981
4.28496
3.27054
4.26521
4.38289
4.45575
4.32312
3.81731
3.72115
4.42500
4.16760
4.51401
4.24970
4.21815
3.70743
4.40843
4.35727
3.96568
3.96697
3.87347
4.37740
3.95157
3.87063
3.86545
4.32311
4.18885
4.29570
4.41854
4.39045
4.51822
4.42663
4.10709
3.55955
3.85211
4.39992
4.29327
2.96130
4.33824
4.35106
4.45138
4.06810
4.45012
4.33281
4.46086
4.40988
4.40251
4.06059
4.29405
4.38634
4.47892
4.30884
4.50628
4.42571
4.29182
4.34386
4.28710
4.02280
4.25480
4.48565
4.42624
4.36213
4.51502
4.33153
4.21036
4.10303
4.40744
4.01706
3.21639
4.17945
4.23179
4.28297
4.50950
4.42771
4.40306
4.45965
4.26382
4.18539
4.31781
4.35069
4.32390
4.30924
4.40793
4.49186
4.42897
4.33457
3.89389
3.56769
3.96935
4.25595
4.46857
4.38859
4.01422
4.37238
4.40820
3.36969
4.47376
4.29936
4.31588
2.93510
4.41457
3.89664
4.26779
4.31291
3.19648
4.16353
4.19959
4.04933
1.91111
4.36102
4.47418
3.84621
4.36098
4.33794
4.04237
4.47700
3.72149
4.36029
4.50794
4.38601
3.42189
4.36690
4.33329
4.33540
4.24421
4.15124
4.35150
4.36960
4.25534
4.44780
4.03580
3.61851
4.35291
4.47481
4.33336
2.51518
4.29137
4.36525
1.87894
4.48644
3.78035
4.25212
3.01426
3.80968
4.26320
4.29182
4.44760
3.51908
4.40009
4.28738
4.31903
4.43628
3.71949
4.39166
3.05341
4.44778
4.45875
4.13653
4.18506
4.39805
4.37277
4.07657
4.41792
4.09678
3.82729
3.69765
3.68972
4.49234
4.37844
4.37348
4.43501
3.50758
4.40918
4.40783
4.24357
4.37801
4.48255
4.50103
3.89186
4.34695
4.31887
4.36104
4.43443
4.44216
4.33516
3.99659
4.48848
4.46702
3.66861
4.45786
4.34360
4.45009
4.36364
4.40758
4.42462
4.08762
4.15062
4.41232
3.86993
4.31171
4.40911
3.76962
4.00068
4.41490
2.84446
4.29358
4.28277
3.72100
4.38458
4.30041
4.50764
3.04834
4.14221
3.74510
4.16559
4.51292
3.28552
3.98788
4.44848
4.33589
4.28866
3.39143
2.31484
4.27826
4.48781
4.21304
3.97039
4.44776
4.25651
3.89047
4.32562
4.20305
3.99847
4.23235
4.35154
4.37511
4.49080
4.51660
3.67725
2.27095
4.15783
3.99273
4.38262
4.32949
4.42923
4.00780
4.36929
4.06118
3.75661
4.29434
4.11040
4.02316
4.29227
4.51201
4.46190
2.78288
4.43811
4.45503
4.26368
3.98631
3.27546
4.28464
4.29839
4.31963
4.22902
4.12840
3.19481
4.40631
4.12319
4.41783
4.11590
4.32208
4.49189
4.18379
4.39580
3.89708
4.29084
4.41460
4.44350
4.37254
4.42651
4.43372
4.04021
4.10842
4.40352
4.12618
4.15522
4.45097
4.48427
4.23314
4.40831
4.32751
4.20586
4.44409
4.40885
4.11816
4.47898
3.92871
4.04939
4.47133
3.89149
2.75842
4.23227
4.42030
3.93482
4.45066
4.45319
3.78763
4.21814
4.44648
4.49546
4.24033
3.96762
3.82821
4.06361
4.28367
4.14320
4.41863
4.30414
4.48475
3.77454
3.75040
4.39804
4.47238
4.19007
4.51894
4.50159
4.45782
4.00706
4.40061
4.04695
4.36222
4.44449
4.50561
4.32444
4.08085
4.34277
4.10991
4.22208
3.35610
4.40830
3.93277
4.19244
4.41838
3.60051
4.35627
4.13127
4.24788
4.11437
4.46620
4.46525
2.93035
4.22626
4.48668
4.17059
4.39929
4.48761
4.28932
4.42665
4.28474
4.30247
4.42073
4.27771
4.08093
4.05695
4.41184
4.25999
4.33217
4.42496
3.94483
4.23735
4.07264
4.44619
4.16675
4.38943
3.27838
4.38892
3.84274
4.26890
4.34709
4.32904
4.46055
4.36286
3.78770
3.69866
4.12226
3.86033
4.20162
3.13143
4.42361
4.48815
3.37918
4.46389
4.42027
4.44508
4.05285
4.36130
4.09159
4.28915
4.35811
3.70385
4.35509
4.42339
4.46711
4.17490
4.25194
3.90057
4.52822
4.43295
4.11938
2.83096
4.36666
3.83777
3.10441
3.96959
4.40288
4.32226
4.27007
4.26038
3.90052
3.76764
4.27823
4.35462
4.41765
3.72180
4.51492
3.92706
4.03035
4.39044
4.36784
4.23136
4.40202
4.34637
4.44031
3.61690
4.44754
4.38762
2.17336
4.45162
4.46325
4.35193
4.46426
4.27089
4.50239
4.49034
4.29896
4.44452
3.88099
4.46835
4.49196
4.27254
4.14480
4.20522
4.30976
4.29679
4.25762
4.18358
4.03036
4.47740
4.42341
4.39673
4.18492
3.68552
4.46466
4.45196
4.48372
4.53628
4.28052
4.50372
4.36932
4.38958
4.48646
4.06995
4.46641
4.37304
4.47513
4.42474
2.58188
4.38957
4.25342
3.78589
3.68469
4.15096
4.25659
4.44309
4.39730
4.32852
3.93585
4.25547
4.26106
4.48439
3.74983
4.43816
4.44080
4.40975
4.08293
4.42003
4.15539
3.73848
4.13082
3.78823
4.30545
4.41971
4.27818
3.84904
2.82514
3.31480
4.20234
4.41712
3.22545
4.33005
4.20633
4.49277
4.29102
4.44523
4.32734
4.38234
4.42708
4.19715
3.79096
4.37323
4.47312
4.45436
4.43152
4.49336
4.02003
4.38851
3.83684
4.44598
4.48055
4.42261
3.40631
3.99829
3.75676
4.06173
4.48987
3.92761
4.18793
4.42026
4.32020
4.49102
4.16340
4.26450
4.45053
4.51708
4.41478
4.21653
3.73041
4.07884
4.47435
3.85408
3.75413
4.30602
4.43778
4.37756
4.28581
3.75531
4.24469
4.45670
3.95091
4.28346
4.42637
3.60686
4.52335
4.32016
4.43449
4.47010
4.37447
4.43414
4.44088
4.43968
4.11825
4.40312
4.45866
4.48981
4.37349
3.63872
3.74088
3.98937
4.20189
4.45327
4.44093
4.45477
3.71442
4.47689
4.51099
4.16570
4.22246
3.74038
2.64279
4.09687
4.50775
4.46558
4.45875
4.06370
4.28530
4.27707
3.13714
4.47769
4.32035
1.95011
4.31293
4.35251
4.47974
4.43011
4.12724
4.38440
3.90402
4.45949
4.03173
4.19675
4.35722
4.35078
4.24981
4.11517
4.42912
4.48623
2.84357
4.03098
4.11043
4.28665
4.41456
4.35230
3.70922
4.45975
4.18991
4.27445
3.80447
4.48421
4.49693
4.33921
4.42528
4.46461
3.91659
4.48472
4.39769
3.56960
3.90705
4.51592
4.38092
4.05117
4.44578
4.42342
4.38045
4.14976
4.37825
4.40173
4.27991
4.41960
3.98480
3.95756
3.90946
4.16575
4.47106
4.19863
3.92362
4.44431
4.43976
3.69787
3.67233
2.02728
4.45288
4.46296
4.41196
4.41448
4.29503
3.90229
4.40513
4.44458
4.27710
4.08080
4.44604
3.87573
4.47502
4.20239
3.70344
4.41703
4.44257
2.70336
4.41508
4.36156
2.36103
4.42994
3.88599
4.48007
4.35190
2.41938
4.51216
4.36310
2.74338
4.44559
3.60470
4.23173
3.97820
4.11193
3.92942
4.48139
4.35600
4.28466
4.33955
4.36101
4.43025
2.53895
3.38695
4.41051
4.46360
3.82112
4.19782
4.45514
3.89015
3.35057
4.29572
4.03604
3.23830
4.49240
4.31570
4.36031
4.35321
4.45747
3.83683
4.41923
4.38778
4.43539
4.44699
4.31949
2.80914
4.37714
4.41560
4.42663
4.34780
4.48065
4.47981
4.49386
4.15539
4.44009
4.47622
4.16147
4.40128
4.28906
4.33977
4.31780
4.36020
4.45356
3.85321
4.47127
4.39601
4.31785
4.13878
4.39260
4.03372
4.42426
4.20701
4.22239
4.43532
4.38873
4.51704
4.52108
1.91227
4.32918
3.91867
4.43276
4.51368
4.43766
4.43461
4.50608
4.48818
4.29371
2.97320
4.28170
3.91499
4.36256
4.21512
4.43125
4.50706
4.39567
3.83013
4.46840
4.51250
4.45035
3.90415
4.45015
3.66258
4.43730
4.13577
4.35987
2.41228
4.43765
4.51948
3.85442
3.49882
3.71103
1.42277
2.21583
4.41737
4.37265
4.47050
4.37686
4.43191
2.94103
4.06774
4.24366
4.46130
4.24674
3.86652
4.21095
4.13345
3.98635
4.46039
4.50530
4.36114
4.21513
4.10161
4.39630
4.19015
4.37942
4.38989
3.87867
4.50336
4.41890
4.38614
4.47685
4.28879
4.22097
4.24164
3.48675
4.04492
4.42350
4.12589
4.40359
4.45697
4.27848
3.75643
4.01840
4.25761
4.52278
4.34901
4.49360
4.13188
4.50201
4.14742
4.36466
4.34721
4.48391
4.49656
4.46760
4.17079
4.04365
3.65102
4.35656
4.05040
3.65903
4.09114
4.44263
2.51352
4.54206
4.20898
4.45034
4.43520
4.33576
3.86686
4.47492
4.39413
4.26323
4.43031
4.47648
4.36352
4.12251
4.03421
3.90810
4.47047
3.94405
4.47513
4.27852
3.47064
4.43072
4.35979
4.05147
4.24428
4.44097
4.21317
4.03156
4.24412
4.49681
4.36759
4.33245
4.35500
3.86713
4.40632
4.39035
2.91080
3.96783
4.39258
4.44361
4.04002
4.19488
4.44638
4.45122
4.26766
2.74981
4.38227
4.46188
3.91736
4.43663
4.31066
3.78215
4.49690
4.51195
4.39542
4.08311
4.32951
4.38840
4.33134
4.44460
3.74593
4.32876
4.31858
4.18394
4.20332
4.12175
4.33493
4.34364
4.45694
4.29539
4.50741
4.42616
4.39898
4.41755
4.19658
4.05224
4.34296
3.80088
4.07549
4.45686
4.14098
4.03208
4.42882
4.01032
3.91733
4.49589
4.32925
3.52994
4.15554
4.36027
4.31012
4.28539
4.43398
4.38584
3.99374
4.13957
3.51724
4.36549
4.31306
4.32466
2.50509
4.33420
4.46846
4.49356
4.25995
4.08739
3.79126
4.29943
4.46607
3.90482
3.82384
4.43356
4.06983
4.18759
4.03633
3.56807
4.22223
4.34786
4.48563
4.28581
4.25632
4.45131
4.37468
4.24718
4.45666
4.46878
4.30901
4.46406
4.37418
4.12265
4.47842
4.50120
3.98841
3.83952
4.17681
4.01196
4.49396
4.30293
4.19440
4.09436
4.30673
3.99120
4.18884
4.17031
4.44582
4.48945
4.21053
3.88652
4.31319
2.22683
4.21092
2.23699
4.29177
4.40900
4.40016
3.38039
4.25040
4.06993
1.72462
4.41912
4.36598
4.08271
4.38942
4.35423
4.43708
3.60831
4.19240
4.51102
4.36128
3.82356
4.35023
4.46630
4.36414
4.43764
3.72645
4.33080
4.27672
4.30488
4.48559
4.42964
4.26294
4.35173
4.45766
4.50412
3.37166
3.96672
4.46479
4.37758
4.26356
4.36351
4.34541
4.45889
3.73361
4.46346
4.40381
4.45179
4.43713
3.55043
4.40303
4.45805
4.27860
4.28526
4.30985
4.01306
4.25999
4.27580
4.04776
4.37466
4.52964
4.27166
4.34508
4.47990
4.10687
4.30496
4.31419
1.72969
4.45559
4.36347
4.31238
3.06530
3.05938
4.15948
4.48086
4.37195
4.33572
3.74518
1.68734
4.47514
4.31932
3.27986
4.10463
4.38460
4.25608
4.30633
4.33761
4.33653
3.55632
3.51289
4.15507
4.36615
4.20019
4.23456
4.12360
4.42391
4.37794
3.73991
4.39384
3.89162
4.50929
4.43372
4.38232
4.20025
4.40125
4.26779
4.19632
4.34166
4.46056
3.97354
4.41008
4.12048
4.29238
4.27303
3.22653
4.36583
4.47468
4.41158
4.26630
4.31711
3.92685
4.41895
4.46049
4.41607
4.44973
4.44907
4.00889
4.25632
4.14458
3.99684
4.19539
4.45803
4.43474
3.65270
3.96167
4.43973
4.40806
4.49205
4.39258
4.45628
4.49386
4.37224
4.31383
4.37492
4.47993
4.48209
4.48626
4.46556
4.45232
4.01279
4.04754
2.92588
4.44882
4.22979
4.15933
3.04493
4.35624
4.23361
3.88828
3.46853
4.37682
4.41601
3.91822
4.38070
4.04143
4.41925
4.21882
4.32075
4.02450
3.80263
3.54833
4.41096
3.53725
4.31538
4.24815
4.09288
4.24558
4.51116
4.50044
4.47907
4.23627
4.47919
4.32361
4.46766
3.98862
4.19950
4.36345
4.39971
4.32953
4.48654
4.35293
3.71175
4.32378
4.17434
4.36554
3.95996
4.31889
4.27709
4.41687
4.37734
4.25405
3.84090
4.27186
4.37520
4.47308
4.09827
3.29702
3.34133
4.23365
4.02772
4.13804
4.28269
4.29618
4.45453
4.36816
1.96797
4.44629
3.96492
4.30586
4.21261
4.38208
4.26495
4.13403
4.46301
4.38189
4.37327
4.40651
3.78424
2.44871
3.31814
4.21158
4.52588
4.34207
4.34093
4.37812
4.35340
4.47495
3.95801
4.29048
4.43628
4.21520
4.27070
3.96398
4.47114
4.09882
4.07245
2.99474
4.53931
4.45597
4.18492
4.01878
4.45872
4.14551
4.28587
4.20710
4.37379
4.48127
4.19404
4.44813
4.16176
4.43885
4.43658
4.39851
3.85549
4.32897
4.45965
4.33863
3.70606
4.39538
4.34656
4.50997
4.38241
3.76357
4.38748
4.20345
4.28877
4.33135
4.40058
4.49788
4.33897
3.89003
2.84954
4.16576
4.26126
3.88189
4.41786
4.46154
3.80619
4.17081
2.20166
4.15540
3.51114
4.16685
3.93564
4.40291
4.40376
3.44488
4.08173
4.02087
4.44823
4.36458
4.19864
4.43499
4.01986
4.38808
4.01347
4.38955
4.10701
4.46469
4.34658
4.28575
4.30877
4.40444
4.11062
4.23525
4.20071
4.21498
3.90230
4.06698
4.46917
4.22827
4.05717
4.26752
3.15002
4.49279
4.45572
4.32302
4.47810
4.52059
4.21675
4.42212
4.32660
4.43468
4.44197
3.97687
3.98188
4.43615
2.37499
4.42457
4.41721
3.01056
4.45242
3.54626
4.21819
4.44758
3.61221
4.36957
4.13240
4.33358
3.64839
4.33607
4.02806
3.81579
4.10873
3.80944
4.22469
4.32807
4.24982
4.50186
3.85837
4.46340
4.38720
4.33477
4.40173
4.39571
2.97020
4.42908
4.28377
4.22763
4.39495
4.45104
4.50187
4.42797
2.96388
3.80722
3.60929
4.04044
4.40985
3.74130
4.27987
4.40439
4.07435
3.80136
2.82481
3.97325
4.02782
4.38695
3.90701
4.34129
4.40306
4.20579
2.55933
4.45169
4.01767
3.78348
4.40713
4.25596
4.46544
4.46680
4.11001
4.50368
3.56366
4.36698
3.42148
3.19218
3.96628
4.34071
4.01743
4.38938
4.31541
4.46263
4.38698
4.31682
4.10606
4.24441
4.46214
4.49610
4.39691
4.39198
4.42803
4.33460
4.37657
4.42826
4.14451
4.26457
4.18181
4.47801
4.48116
1.28277
4.51226
4.44614
4.20464
4.46496
4.28150
4.47276
4.05334
4.40012
4.35433
4.20273
4.37964
4.43762
4.23511
4.39718
4.21623
4.19701
4.19917
4.10728
4.44729
2.91978
4.26427
4.25817
4.46902
3.95377
4.35641
4.46953
4.36716
4.47954
4.28959
4.39775
4.48325
4.47012
3.94171
4.47607
4.47310
4.28784
4.19802
3.82794
3.78953
4.45184
3.38933
4.42200
4.32056
4.38218
4.47390
4.12236
3.80189
4.36401
4.41559
4.28297
3.60784
3.73161
4.38506
4.31719
4.40518
4.35910
4.43181
4.28508
4.34027
4.46370
3.38733
4.35777
3.76692
3.87504
3.84656
3.30727
2.99876
1.74872
4.47238
4.46815
4.35525
4.31664
4.29457
4.35892
3.48554
2.99612
4.30404
4.46500
4.15613
4.33907
4.47296
4.44723
3.33970
4.15744
4.38177
4.38725
4.45939
4.29530
4.06980
1.72777
4.39545
3.06088
4.45180
3.80247
4.49624
4.13247
3.58644
3.57190
4.41737
4.10173
4.47155
4.44403
4.45859
4.43371
4.03083
4.44173
4.14087
4.40485
4.00013
4.42145
2.40640
2.80442
4.42604
3.30086
4.28351
4.46610
3.79740
4.44620
4.21806
4.38741
4.46520
4.36747
4.33467
4.36019
4.27912
4.02001
3.97520
2.75466
4.38772
4.45751
4.48231
4.38678
4.48825
2.49450
3.72669
4.26011
4.38548
4.28742
3.98177
4.49605
3.59759
3.91265
4.13835
4.38635
3.26491
3.89705
4.46804
4.45303
4.16281
4.23936
3.98493
4.47904
4.34115
4.35334
4.15338
4.42311
3.56364
4.48727
4.28227
4.46452
4.19413
4.25198
4.46491
3.92878
4.35109
4.26146
4.43294
4.09948
4.39557
4.23243
3.63293
4.47404
4.48995
4.47022
4.37767
2.87467
4.20401
4.40240
4.35415
4.39205
2.64497
3.02240
4.39029
4.35996
3.96775
4.29121
4.42159
4.52217
3.87530
2.26267
4.47226
4.26579
4.27818
4.47397
4.44623
4.35712
4.51641
4.50597
4.37641
4.45357
4.46704
4.15424
4.33659
4.06093
4.41312
4.31811
4.27650
4.23611
4.26781
4.46648
3.63953
4.34846
4.39454
4.15157
4.43818
4.28884
4.37365
4.48662
4.47012
3.63433
4.38341
3.39632
4.16078
4.39235
4.41087
4.38880
4.29983
3.87537
3.97743
2.67883
4.27923
4.33730
4.50094
4.12346
4.47727
3.93692
4.52353
3.43614
4.05542
2.96618
4.51504
4.47460
4.23348
3.37528
4.24935
4.33656
4.48167
4.30040
2.57444
4.14052
3.85549
2.89416
4.45693
4.32854
4.43119
4.36686
4.50815
4.25514
4.18816
3.51958
2.95778
3.73890
4.37674
4.47251
4.01633
3.83139
4.14526
4.46646
4.47638
4.48259
4.44448
3.55914
4.19362
3.69149
2.39364
4.51422
4.44067
4.38971
4.37196
4.45176
4.38009
3.86781
3.92413
2.47235
4.04243
3.88073
4.41337
3.67016
4.13899
3.85762
2.78705
3.67772
4.37941
4.41757
4.21420
4.04130
4.09122
4.05771
3.81794
4.03893
4.23997
4.43172
4.32856
4.31898
4.43951
3.75530
3.96910
4.43141
4.45273
2.10793
4.45796
2.97208
4.46957
4.19398
3.98444
4.09438
4.10633
4.08514
4.44877
4.47118
4.08858
4.29508
4.05121
4.30768
3.70749
4.52203
4.37188
4.22009
3.99427
4.44169
4.45335
4.15267
4.44278
3.92716
4.47070
4.39084
4.35593
4.32879
4.18237
4.39914
4.37438
4.35406
3.95410
4.28642
4.44727
2.68351
4.51431
3.94708
4.40434
3.11452
3.93192
4.42833
4.41342
4.41106
4.41364
4.00773
4.44705
4.33245
4.41105
4.43440
3.89599
4.21396
4.11717
4.36398
4.08238
2.97177
4.06997
4.46653
3.08637
4.34450
4.46269
4.34400
3.04896
4.13388
4.38218
4.27513
3.97566
4.27988
4.44002
4.27023
4.11138
2.77286
4.36791
4.46068
4.36215
4.49001
4.51461
4.41880
4.37392
4.43988
4.40190
4.47885
4.47038
4.43545
3.80991
4.40590
4.32217
4.11167
3.90849
4.30924
4.45938
4.52544
4.40127
4.42345
4.43362
4.47561
4.50168
4.42154
3.80097
4.34642
4.02036
4.41308
4.24516
4.25850
4.27383
4.51598
4.07845
4.47734
2.98938
2.35841
4.28637
4.28854
4.37029
4.04078
4.20649
4.37673
4.28512
4.48222
4.45968
4.14414
4.21486
3.88890
4.43769
4.30576
3.63047
4.36987
4.28036
4.40636
4.20222
4.31782
4.36696
4.42761
4.14609
3.86288
4.34572
3.91871
4.46327
4.50180
4.41433
4.16269
4.37215
3.33014
4.24660
3.83398
4.24843
3.51730
3.16769
4.34111
4.32321
3.91299
3.80484
4.48330
4.42770
4.07297
4.13597
4.06096
4.49165
4.45633
4.44289
4.34702
4.29228
4.22364
4.46842
3.97257
4.35731
4.32290
4.31880
4.47712
3.81823
4.40475
2.69824
4.36634
4.43509
4.25382
4.43068
3.83582
2.30650
4.12238
2.97646
4.39348
4.20559
4.15765
4.27931
4.21896
4.23128
3.90182
4.04126
4.47582
4.49641
4.41419
2.89188
4.15335
4.33818
3.88019
4.32703
4.34602
4.07314
4.42912
3.98882
4.30079
4.19865
4.23614
4.37630
3.90750
4.44097
4.46573
4.21994
3.28391
4.37480
4.37086
4.45583
4.35362
4.23797
3.85450
2.98770
4.44766
3.55573
4.36649
4.27081
4.46064
4.36634
4.41476
4.39247
4.34527
4.24875
4.17166
4.25776
4.35426
4.43139
4.44970
2.27831
4.30324
4.32754
2.76205
4.48679
4.34177
4.30869
4.09349
4.19873
4.45611
4.43306
4.36829
4.18664
4.08522
4.10630
4.24463
4.47660
3.71215
4.27257
4.21212
4.45426
4.53236
4.49505
2.53728
4.18225
3.78701
4.48611
4.44573
4.01010
4.15576
4.16426
3.66972
4.42805
4.50385
3.98296
4.35249
4.34833
4.40447
4.44461
3.96680
4.47335
4.43712
4.34585
4.45555
4.09592
4.38516
3.92926
4.37536
4.30293
4.36677
4.00292
4.37673
3.97537
4.35903
4.40985
4.20612
4.46875
4.28277
3.61394
3.75274
4.28620
4.45818
4.32898
4.10385
4.44503
4.12178
4.08912
4.28909
3.91135
4.17630
4.28726
3.76387
4.46459
4.39261
4.35812
4.41359
3.94729
3.16910
4.52255
4.37326
3.90926
3.52270
3.99302
4.54389
4.30347
4.25133
4.21849
4.51124
4.48578
4.18358
4.07958
3.86121
4.27933
4.41169
3.31036
4.41440
4.41447
4.40736
4.35452
3.76112
4.15351
4.34450
4.38830
4.10911
4.35192
4.10696
4.45063
4.03549
4.34231
4.28742
4.06434
4.03019
3.58879
4.38983
4.42205
4.36217
3.77159
4.42276
4.29461
4.05640
4.07474
4.10076
4.38439
4.47779
4.40045
4.43676
4.45316
4.16514
3.27484
4.50042
4.18755
4.51036
4.24778
4.00942
4.47824
4.42771
3.97554
3.74892
4.27992
4.42191
4.34262
4.22567
4.52460
4.10936
4.37102
4.18322
4.35268
2.77497
4.25619
4.31833
3.67836
4.04535
4.41079
3.50446
4.04959
4.23804
4.32055
4.27062
2.87034
4.38137
4.41709
4.38879
4.45204
3.87621
4.46213
4.48062
4.44572
4.45580
3.80797
4.42420
4.26564
4.46307
1.95340
4.49078
4.07517
3.62296
4.12844
3.62616
4.26278
1.33344
3.69036
4.26153
4.29656
4.33635
4.44966
4.39861
3.96604
4.32473
4.49307
4.34943
4.17428
4.50151
4.30342
4.30553
4.26688
4.13354
4.22755
3.83585
4.46228
4.41654
4.22980
4.35459
3.80358
2.38710
4.37192
4.44197
3.65503
4.32789
2.00190
4.46263
4.43553
3.91397
4.40872
3.86552
4.23168
3.95236
4.47312
4.34434
4.28462
4.34568
2.63329
4.29920
4.15209
3.80168
3.96415
4.42425
3.85787
4.45542
4.13795
4.38044
4.45036
4.05452
3.74303
4.09332
4.11258
4.21209
4.50002
4.14897
4.23997
4.03592
4.40475
4.47437
4.11552
4.33450
4.36304
4.45887
4.14120
4.25969
4.31325
4.30763
3.95758
4.43673
3.20262
4.39831
2.89241
4.41710
3.54696
4.40363
4.32746
4.29879
2.42160
4.13532
4.44780
4.25289
3.25606
4.36945
4.11202
2.19529
4.50735
4.34308
3.37029
4.24413
4.17306
4.43746
4.32054
4.48082
3.57811
4.34906
4.43669
4.25173
4.34824
4.36512
3.21538
4.31310
4.06824
4.33948
4.33871
4.40046
3.73465
4.47187
3.92951
4.32304
3.97994
4.27518
4.44604
4.16741
3.29932
3.68152
4.05085
4.43323
4.30857
3.08180
2.85374
4.38543
4.29504
3.91618
4.46752
4.37349
4.39060
4.41786
4.29064
4.29395
4.32900
4.33977
4.08326
4.34674
4.43922
2.78436
4.23839
4.24446
4.38325
3.91855
4.22585
4.41937
4.18987
4.12097
4.48812
4.39364
3.64559
4.28506
4.35236
4.41815
1.48274
4.33526
4.38843
4.29010
3.87916
4.08100
4.44393
3.91732
4.26871
4.34640
3.76842
4.47578
4.28320
4.49927
4.43661
3.53038
4.09446
4.43897
4.43232
4.19844
4.01769
4.16547
4.45775
3.81940
4.35653
4.30747
3.47146
4.25667
4.08191
3.72087
3.71014
4.45662
4.10050
4.25848
4.48297
3.28128
4.47687
3.95249
4.37762
3.91305
4.18914
4.44326
4.28928
4.35432
4.41042
3.66199
4.42341
4.48843
3.48782
4.34022
4.41034
4.32486
4.30936
3.80707
4.33103
4.40108
3.67223
4.39520
4.21806
4.38745
2.29291
3.98778
2.08207
4.49405
2.72780
4.47434
4.18394
4.11501
4.37852
3.56966
4.21582
4.46500
4.06596
4.29768
4.52443
4.40468
3.88712
4.37357
4.18590
4.35512
4.49286
4.34084
4.28359
4.26102
4.18535
4.45945
4.21357
4.26632
4.26408
4.14024
4.44619
4.08255
4.44740
4.38742
4.31070
4.33054
4.49345
3.92340
4.21682
4.17483
4.03257
4.51967
4.08483
4.48674
4.10135
4.29604
4.28406
4.48780
3.26661
4.37147
4.34806
4.43865
3.90595
4.22955
4.42671
4.46235
4.13730
4.44689
4.42236
2.20024
4.22357
4.32982
2.34169
3.91671
4.46260
2.55156
4.48059
4.48703
4.40382
4.43554
4.40054
4.31341
4.11587
4.19556
4.41477
4.05869
4.28638
4.39356
4.51916
4.42285
4.47150
4.38409
4.48981
4.19244
4.21872
4.39512
4.16083
1.58960
4.41040
4.15410
4.29674
3.78127
4.31191
4.41939
4.28822
4.30911
3.84218
4.00593
4.24945
4.42871
4.29003
4.42863
4.44155
4.44906
4.32576
4.48915
3.75840
4.32709
4.33823
4.01927
4.29054
3.75115
3.81585
2.81066
3.63431
2.14088
4.36155
4.47106
2.88652
4.14856
4.42662
4.42841
4.44726
4.35401
4.46441
4.45790
4.43501
4.28484
4.18512
4.20574
4.29198
4.35428
4.28786
4.36384
4.11678
4.44605
4.47824
4.40307
4.45052
4.45911
4.36010
3.56657
3.81465
4.45846
4.37498
4.50336
3.88568
4.10473
3.69759
4.00004
4.02875
4.38023
3.44924
3.72333
4.07864
4.20781
4.42158
4.26280
3.42984
3.62485
4.37165
3.49533
4.33904
4.41879
4.16635
3.38082
4.39945
3.88694
4.44191
4.18293
4.41695
4.48074
4.07718
3.85350
4.10769
4.47904
4.46292
4.35724
4.48346
2.53208
4.41898
4.30816
3.95409
4.22114
4.40128
3.99391
4.39289
4.25840
4.20496
2.93052
3.85831
4.25613
4.38941
4.29836
4.25756
3.39609
3.79567
4.49925
4.31361
1.90128
4.49653
3.95548
4.39224
4.45539
4.31183
4.15007
4.49787
4.17159
4.37355
4.47977
4.44651
4.33668
4.36731
4.46017
4.49187
3.71642
4.11240
4.41318
4.32200
4.35026
3.74810
4.17668
4.34307
3.99745
4.48234
4.33039
3.77717
4.43472
3.83054
3.85828
4.27078
4.48131
4.48692
4.31128
3.00563
4.49640
4.40985
4.03238
4.25471
4.44938
4.33331
4.18511
4.43327
4.26446
4.12375
4.40561
3.93171
4.46708
4.47532
3.92276
3.99686
4.49083
4.42705
4.27775
3.70102
4.38921
4.28145
3.06151
4.37720
4.45299
4.29533
4.36898
4.13686
4.43175
4.10457
4.14948
4.41157
4.19568
2.16559
4.22374
4.45845
4.07244
4.46138
3.78212
4.16205
4.36495
3.98548
3.70471
4.30432
4.46765
4.27181
4.36228
4.24467
4.07565
4.41662
4.16292
4.45789
4.38120
2.14326
4.15633
3.39035
3.57647
4.38811
4.48549
4.46731
3.89408
3.99417
4.36740
3.10848
3.92884
4.47534
4.25528
3.12229
4.47523
4.38036
4.05674
4.40136
3.13605
4.43130
4.25574
4.32083
4.41281
3.47285
1.88763
4.44499
4.39567
3.71112
3.91737
4.26900
4.09327
3.49188
3.87161
4.43091
4.25422
4.42622
4.30280
4.00803
3.90321
4.50060
3.83161
4.51134
2.99018
3.70904
4.40986
4.23566
4.13684
4.37661
4.32506
3.89596
4.44829
4.44556
4.32447
4.00915
4.25216
4.15560
3.68399
4.38993
4.28772
4.30697
4.36294
4.48508
4.05487
4.07019
3.96782
4.38497
4.44954
4.43029
4.23131
4.39441
2.51854
4.45286
4.32959
3.88929
4.27063
3.43369
4.23543
2.85428
4.17721
4.11558
3.85128
4.41566
4.45360
4.31833
3.31077
4.37166
3.81539
4.34806
4.43064
4.22504
3.41826
4.44416
4.51607
4.13531
3.90802
4.42864
4.50723
3.27148
3.93564
4.44916
4.21296
4.31271
4.04842
4.06446
4.13930
4.15137
4.26889
4.32820
4.06310
4.49707
4.24062
4.17056
4.44171
4.42791
4.40986
4.15921
3.99514
4.45019
4.50841
1.90869
4.39553
4.37113
4.41965
4.24559
4.41853
3.91135
4.37958
4.21363
2.45940
4.44461
4.01054
3.82168
4.48919
3.84050
4.41343
4.39369
4.28846
4.34012
4.40040
4.38847
4.23032
4.30410
4.46555
3.90383
4.15413
2.37749
4.06165
4.50115
4.27950
3.98011
4.43347
4.01194
3.84491
3.84681
3.65906
4.42857
4.14596
4.43775
3.63048
4.46567
4.36138
4.15432
4.33030
4.02369
4.31595
4.21911
4.44848
4.34748
4.16447
4.22907
3.48915
4.23810
4.30726
4.38825
4.07594
4.49540
3.83280
4.32396
4.36111
4.30079
4.39542
4.37046
4.12575
3.82634
4.30571
4.15467
3.87155
4.04340
3.96922
3.73019
4.11215
4.38610
4.15012
3.60982
4.44828
4.12881
3.02712
4.17394
4.45562
3.98165
4.03033
4.00518
4.45427
4.48287
4.43565
4.35968
4.29827
4.17274
3.88935
4.19310
4.46612
4.34770
4.33457
3.30994
4.10116
4.09616
4.32953
4.45025
4.41900
4.10402
2.65959
3.97635
4.05562
4.47533
4.15029
4.29150
4.44660
4.42242
4.13845
4.41654
4.51618
4.50702
4.20754
4.35740
4.28085
4.42245
4.44278
4.37921
4.05375
4.40649
4.16068
4.25365
4.28093
4.34925
4.45413
4.18638
1.81787
4.48175
4.32453
3.39783
3.15711
4.29305
4.12893
3.65052
4.43307
4.17816
4.43669
4.39943
4.21238
2.86707
4.36116
4.43151
4.15896
3.96074
4.47725
4.20485
4.47368
3.70915
4.48844
4.09693
4.27520
4.46501
4.21489
2.93760
4.39679
4.42158
4.32121
3.86960
4.23434
4.33109
3.85308
4.24017
4.50394
4.49253
3.68910
3.71961
4.35590
3.94455
4.49488
4.45532
4.43976
3.59995
4.34569
4.40245
4.27214
4.33607
4.48840
3.97778
4.24264
3.35563
4.39855
4.43956
4.12925
4.43702
4.36825
4.36006
3.99612
3.44140
4.41572
4.43552
4.48040
4.38640
4.48246
4.37861
2.45062
4.40937
3.72368
4.46256
4.08914
4.02136
4.05925
4.42501
4.47701
4.31124
4.22516
4.39211
4.47143
4.16685
4.44753
4.26355
4.33227
4.49801
4.40345
4.09373
4.25996
4.41237
4.48608
4.30304
3.97886
4.50209
4.18717
4.32974
4.12084
4.30674
4.44073
4.41344
4.40619
4.28623
4.04129
4.38341
3.65606
4.30688
4.13569
4.37684
4.29972
4.05238
4.46276
3.95725
4.52643
4.45068
4.34159
3.10019
3.95016
4.37958
4.37076
4.37973
3.62267
4.44293
4.42340
4.47930
3.62346
4.37031
4.44942
2.13693
4.46419
4.02390
4.41715
4.23046
3.56656
4.25257
4.04213
4.37536
4.33402
4.35701
4.32671
4.33478
4.49533
4.51041
3.95069
4.29153
4.40325
4.23068
4.04908
2.26424
4.27068
4.49351
3.67061
4.48874
4.11021
2.83693
4.26693
4.02744
4.08481
4.42006
3.93486
3.96822
3.87173
4.03250
4.38834
3.69674
4.33077
4.41805
4.41623
4.12793
2.47419
2.98983
3.24914
4.36608
4.25004
4.19567
4.41416
3.38418
4.12502
4.37350
4.37743
4.09914
4.48787
4.17935
4.47224
4.53416
4.40615
4.42750
4.38223
4.43160
4.29658
3.70715
4.26116
4.09590
4.43728
3.35782
4.34778
4.42088
4.20799
4.27664
4.47501
4.23533
4.24190
4.36931
4.37397
4.41987
4.37581
4.16275
4.31362
4.45929
3.69023
2.21787
3.87652
4.41759
4.17473
3.36547
4.35168
4.29614
3.83425
4.30375
3.51372
3.48414
4.36686
4.39505
4.37422
4.45759
3.27132
4.41489
4.32733
4.44709
4.41410
4.33397
4.22845
3.85084
4.39420
4.44072
4.40237
4.32870
4.03052
4.43082
3.86911
4.40256
4.14168
4.51195
4.41161
4.40020
2.30278
2.99725
4.50894
4.24143
4.27895
2.64898
4.38352
4.35380
4.35810
4.43448
4.49737
4.42070
3.97514
3.17345
4.44319
4.31845
4.39965
4.44450
4.11345
4.39247
4.40880
4.38472
3.93823
4.36728
4.44128
4.23980
4.20898
4.13575
4.39123
4.40188
3.71541
4.19224
3.45262
4.22243
4.41924
4.47770
4.43087
4.31861
4.04365
4.50138
2.94153
4.39019
4.16498
3.91058
3.34079
4.34752
4.47654
4.49204
4.33345
4.39425
4.43511
4.28493
4.08332
4.05732
4.40459
4.25911
4.34339
4.44331
3.65105
4.30163
4.20584
4.12736
4.29964
4.47511
4.40070
4.41801
3.91759
4.32485
4.47065
4.34878
2.46264
4.36525
4.39718
4.43384
4.54404
4.25803
4.27250
4.02756
3.87188
3.95866
4.13384
4.39593
4.43849
4.48276
4.41282
4.44664
4.11114
4.35683
4.42103
4.16199
4.38617
3.45085
4.43783
4.26500
3.80114
4.47924
3.73324
4.40918
4.06990
4.47971
4.32487
4.09091
3.96770
4.43282
4.43552
4.52368
4.23011
4.31853
4.39941
4.49709
4.45512
4.28383
3.42738
4.36667
4.32158
4.44755
4.23717
4.30652
4.53431
4.36436
4.42031
4.47142
4.44534
4.28888
3.52068
4.44662
2.02688
4.36767
3.55023
3.74188
2.84001
4.03059
4.42863
4.01614
4.33756
4.46286
4.34758
4.22065
4.42936
4.39402
4.45575
2.34758
4.26621
4.32368
4.43217
4.41192
4.47219
4.33391
4.34461
2.76553
4.43407
4.41554
4.51251
2.48090
3.30569
4.47423
4.17936
4.35736
3.42880
3.54625
4.21528
4.26952
4.10073
4.30133
4.20911
4.42097
3.59469
4.03332
4.41599
4.40749
4.42425
3.55839
2.11011
4.02900
4.14506
3.33459
4.26686
4.23407
3.55379
4.28056
4.25258
4.40952
4.36862
4.31069
4.31090
4.50271
3.09228
4.46618
4.49514
4.13425
4.30154
4.46549
4.48993
4.33681
4.29954
4.43492
4.39201
3.54097
4.34768
4.35209
4.40040
4.28504
3.61491
4.49416
4.33366
4.20661
3.61244
4.36188
4.08850
4.03969
4.53423
4.36504
4.47293
3.89206
4.16407
4.43338
4.45411
4.45528
4.43975
4.14244
4.10272
4.34521
3.86496
4.30486
4.45565
4.43927
4.33054
4.27198
4.41673
4.48637
4.29314
4.07090
3.81618
4.27145
3.51940
4.44449
4.39493
2.58109
4.06681
4.02821
4.46833
4.26191
2.41634
4.07129
4.24924
3.82134
4.45178
3.94662
2.77969
3.92669
4.09712
4.32930
4.37658
2.60552
4.20480
4.32936
4.46597
4.03012
4.44976
4.45735
4.27944
3.97735
3.85862
4.06557
4.27166
3.64710
4.14504
4.38338
3.47908
3.73426
3.23610
4.53349
4.35236
2.69669
4.43149
4.45205
4.29041
3.59900
3.54912
4.22855
4.08530
3.75434
4.36452
4.19227
4.49815
4.45780
4.35955
4.42341
4.50162
4.44520
1.41930
4.39030
4.46154
4.19506
4.47167
4.06253
4.45549
4.47839
4.36198
3.06982
4.31281
4.32610
4.06499
4.45661
4.48160
4.50131
3.55648
3.88820
4.45901
3.63068
4.26890
4.49600
3.96987
4.32274
4.40247
3.94149
4.41813
4.41123
4.47345
4.37062
3.11695
4.35492
4.49293
4.20539
4.39515
4.33459
2.16510
3.59027
4.25679
4.41894
4.29021
4.39413
4.50388
4.43861
3.28654
4.18244
4.34037
4.36921
4.51378
4.41997
4.33867
4.19970
4.47328
3.93281
3.55400
4.43027
3.37958
4.19276
4.28409
4.46636
4.38515
3.73922
4.33209
4.46098
4.41862
4.34811
4.31865
4.33796
4.37524
4.01855
4.40541
4.45691
4.37004
4.35158
4.38878
4.47351
4.43450
4.43171
4.00803
4.15739
4.42255
4.42189
4.47587
4.42013
3.23165
4.42626
4.40918
4.47664
4.36698
4.48136
4.40880
4.48747
4.28185
4.43344
2.47401
4.44290
4.46379
4.10527
3.96964
4.45311
3.72291
1.90468
4.39384
4.43112
3.85912
3.63837
4.43179
3.68474
3.97215
4.37378
4.12366
4.20336
4.42839
2.19606
3.64304
4.28554
4.39293
4.48698
4.25219
3.70533
4.31360
4.40257
4.42334
4.28825
4.42721
3.65386
4.45916
4.51767
4.48624
4.44161
4.45182
4.13550
4.39290
4.26060
4.36862
4.43136
4.42930
4.38504
4.31029
4.42552
4.21334
3.36655
4.44107
4.44204
4.42251
4.20499
4.35763
4.42772
4.35964
4.41498
1.61667
4.28672
4.47390
3.87397
4.16090
4.50870
4.34169
4.44925
4.48892
4.33509
4.34011
4.32177
4.34486
4.09136
3.83088
4.43374
4.28463
3.86212
3.71457
4.47006
4.40990
3.75189
4.25888
3.81597
4.50657
3.93829
4.45530
4.44007
4.10931
3.41160
4.30899
3.64701
2.62350
4.24809
4.41606
4.45210
4.14740
4.42299
4.43291
3.92150
4.45043
3.99485
4.41867
1.52823
4.47707
3.53890
4.45679
4.13678
3.92247
4.37246
4.27895
4.33882
4.24911
3.86446
4.32540
4.43368
4.46321
3.70261
4.38532
2.49900
4.16214
4.20030
4.24723
3.83694
4.08402
3.32355
4.18130
4.22759
3.27342
4.29501
4.31305
4.43373
4.48578
3.32967
3.30661
4.32247
4.21913
2.50885
4.37574
4.25980
4.04783
4.35517
4.28613
4.39179
4.33987
4.46671
4.41379
4.50096
4.40871
3.93778
4.37950
4.52573
4.33379
4.42739
3.75428
4.31945
4.30257
4.31982
4.26739
4.47797
2.01177
4.40845
4.27635
4.26207
3.83437
4.47358
3.89920
4.52991
4.44817
4.13458
4.22853
4.49042
2.95167
4.07096
4.01701
3.94002
4.34689
4.43806
4.46605
4.09083
4.37638
4.06523
4.47893
3.18049
4.19667
4.11116
4.15063
4.42201
1.72377
4.10011
4.28077
4.25395
4.14102
4.37148
4.40973
4.29994
4.46620
3.95329
4.41945
3.44237
4.45388
4.07349
4.02706
4.39544
3.81226
4.19538
4.08096
4.49325
4.29950
2.95144
4.30804
4.40025
4.14473
4.37516
4.51774
4.27462
4.33636
4.45857
4.47196
4.35872
3.85287
3.73109
3.76126
4.40366
3.97707
4.19010
3.99488
4.32851
4.06090
