0.87821
0.47610
1.19206
0.00385
0.07272
1.90086
0.82503
1.74622
0.52308
0.24409
1.90120
0.18787
0.00572
0.00000
0.00011
0.00000
0.00011
0.39650
0.00000
0.00001
0.00002
0.12877
0.89168
2.12956
0.10777
0.00007
0.00000
0.00000
0.02102
2.14907
0.00010
0.25099
0.81131
2.01353
0.12474
1.59455
0.00939
1.03431
0.39389
0.31757
0.07384
0.49759
1.81539
0.66508
0.00000
0.00274
0.00285
0.00021
2.34027
2.35496
0.15261
0.02595
0.00000
0.00143
0.00019
0.00137
0.00787
0.01287
0.00093
0.55672
0.00651
0.19748
1.65206
2.46657
0.27473
0.42306
0.00012
0.14547
0.02746
0.00460
0.00153
0.90130
0.08498
0.17293
0.02314
0.00003
0.00000
0.00589
0.00075
0.76794
0.01397
0.00063
0.00000
0.09482
0.22539
0.00026
0.00045
2.16038
0.61946
1.51248
0.00111
0.03496
1.81039
0.03761
0.19934
0.11333
0.60078
0.11361
0.16997
2.34618
0.24629
0.44994
0.49574
1.15138
0.47016
0.00000
0.00001
0.00002
0.00337
0.65527
0.01831
0.00003
0.34197
0.32673
0.00001
0.00313
0.65321
0.00168
0.09426
0.00100
0.46157
1.09377
0.00856
0.63446
0.01129
0.03435
1.13589
1.99979
0.00022
1.13075
1.22721
0.00804
0.00440
0.04342
2.44783
0.57220
0.00168
0.58204
0.08627
0.00255
0.21374
0.21956
0.01701
3.06843
0.01924
0.00287
0.76242
0.00000
0.00371
0.00178
0.09625
0.00179
2.57622
1.97630
0.08687
0.03830
0.00337
0.41542
0.86584
0.05103
0.00007
0.00000
0.67070
1.51229
1.37905
0.81940
0.00000
0.25151
0.00940
0.10382
0.07919
1.39079
2.07256
0.01587
0.00249
0.07840
1.58177
0.30235
0.00057
0.00003
0.00150
1.51565
0.00018
0.00139
0.43637
0.00295
2.53490
0.00081
0.61925
0.15015
0.00299
1.40268
0.95476
0.00009
0.00002
0.00003
1.05976
0.92750
0.00005
0.00263
0.00025
0.00121
0.00048
0.00340
0.00095
0.03624
0.00216
0.00000
0.00017
1.27213
1.29489
0.69357
1.32850
0.30576
0.00000
1.34804
0.41388
0.21196
0.71859
0.03953
0.05919
2.09614
2.80611
0.00009
1.24918
0.54319
0.00039
0.00923
0.22896
0.39148
0.02402
0.00116
0.46503
0.00001
0.00066
1.75130
0.04252
0.06005
0.00000
0.00017
0.00044
0.00000
0.00052
3.22860
0.05493
0.04500
0.00002
0.22190
2.95352
0.02328
0.00035
0.07875
0.66694
0.00000
0.23204
0.27841
0.04020
0.01890
0.02112
0.01157
0.56617
0.00431
1.10346
0.14097
1.52283
0.62093
1.02262
1.18347
0.11440
0.03818
0.00748
0.00012
0.05151
0.44798
1.43683
0.06871
0.24049
1.53246
0.00223
0.00000
0.01214
0.00041
0.11043
0.00011
0.05585
0.00000
0.48596
1.82925
0.00044
0.03068
0.83071
1.72846
0.02632
0.23489
0.98044
0.00007
0.11415
0.04331
0.00900
0.61755
0.42607
0.03750
0.47273
0.03216
0.81947
1.82456
0.00877
0.00001
0.88769
0.03239
1.17080
0.00658
0.00002
0.14320
1.36015
3.12915
0.06237
0.04093
0.00368
0.00025
1.05906
1.45922
2.40678
0.00345
0.00000
0.01858
1.41270
0.00025
0.06132
1.08514
0.00270
0.00202
0.00282
0.09004
0.01096
0.37516
0.48100
1.04998
0.03137
0.72766
0.04168
1.88271
0.01687
0.00034
0.03782
0.02133
0.67206
0.72881
1.59144
1.11236
0.02013
2.09862
1.39187
0.57960
0.00090
0.00645
0.02383
0.86972
0.90955
0.84310
0.00062
0.00000
1.53645
0.00024
0.00001
0.47356
1.05553
0.51529
1.61521
2.44060
0.45250
0.00002
0.00005
0.13801
1.39610
0.49551
0.03063
0.00004
0.00000
0.94023
0.03220
0.00025
0.00000
2.12104
0.00096
1.37318
0.15662
1.49508
0.00108
0.09765
0.69552
0.45615
1.31871
0.01029
2.66749
0.05772
1.75582
0.06500
0.46420
0.12440
0.21454
2.45663
1.36572
2.66532
0.04180
0.00817
1.18612
0.00050
1.75924
1.88434
0.06034
1.82231
0.00225
1.25554
1.26410
0.87998
2.55330
0.00009
0.00248
1.84574
2.32697
1.62089
0.65233
0.08734
0.28183
0.00009
0.00156
0.02233
1.29400
0.00143
2.51988
0.00259
2.25461
0.00118
1.27804
0.01150
0.87217
1.05873
0.00483
0.44365
0.00503
0.00000
0.06376
0.00152
1.00831
0.00001
0.00009
0.00205
0.72613
1.30799
0.06281
1.69072
0.05480
0.00107
2.40128
0.08240
0.06954
0.02231
0.09686
0.06233
0.57755
0.00000
0.23786
0.27039
0.57266
0.35061
1.04448
0.77429
0.89568
0.00484
0.01042
0.00008
0.08415
0.00020
0.20365
1.20803
0.00838
1.57697
0.86252
0.05410
0.16330
0.00000
0.71781
1.94625
0.00101
0.05292
0.01431
0.00899
1.33426
1.24517
0.12822
0.78295
0.14945
0.94647
0.00636
2.75453
1.20460
2.44351
0.69465
0.00016
0.64886
0.04085
0.01387
0.17241
2.12483
0.00007
0.00147
0.00043
0.00002
0.26139
0.00132
0.07781
0.98881
0.44557
0.04555
0.00000
0.37020
0.00241
0.76785
0.00024
0.00063
0.35143
1.05734
0.45115
0.00462
0.00097
0.00356
0.90847
1.29718
1.62814
0.91128
0.00001
0.00010
0.18866
0.26986
1.17161
0.12976
0.01770
0.00320
0.70234
0.66704
1.01396
0.00362
0.00022
1.82523
0.04098
0.00020
1.39520
0.49958
1.04515
0.57849
1.48550
0.71664
0.26393
0.75407
0.00189
0.03068
0.01509
2.60490
0.54813
0.85021
0.05500
0.00025
1.24714
1.95352
0.21420
0.50198
0.69397
0.25830
3.04081
0.10879
0.00030
2.44847
0.19964
1.94701
2.57020
2.14174
0.00025
1.93063
0.03385
1.93236
0.09180
0.00008
0.01865
0.00254
0.00080
1.45534
1.61369
0.00873
0.54553
2.20215
1.73650
0.00179
0.00002
0.00210
0.96911
1.93441
0.00671
0.92730
0.29441
0.49700
0.06554
0.00019
3.44842
0.01104
0.00126
2.20191
0.65852
0.09428
0.36678
0.20467
0.00004
0.18525
0.06941
0.00438
0.00032
0.89596
0.49040
0.00030
0.22522
1.19118
0.00000
0.00653
0.12870
0.04418
0.35721
0.00000
1.84681
0.01736
0.00000
2.44143
0.63910
0.03521
1.03995
1.16263
0.12075
0.01331
0.00000
0.00500
0.35048
1.63798
0.20824
0.49168
0.19168
0.00005
0.14940
3.43640
0.00000
2.19490
0.00192
0.00005
0.00000
0.00000
0.07916
0.49093
0.63845
0.85387
0.01634
1.35850
0.00082
0.43527
0.20867
0.01934
2.05514
0.19759
0.00000
0.00673
0.29839
0.04181
0.67268
0.03093
1.37260
0.00003
1.88843
0.46083
0.00000
0.04970
0.00023
3.28498
0.00043
0.00001
0.00000
0.01144
0.06707
0.00000
0.65449
0.81144
0.00000
0.00295
0.26275
0.61046
0.00003
0.00294
0.47730
0.03057
1.15816
0.30261
0.00000
0.01135
0.00141
2.15235
0.02810
1.73019
0.53976
0.57023
0.13418
0.00176
0.14689
1.68742
1.20105
1.66855
0.19343
0.06102
0.00010
0.00000
0.15943
0.46038
1.11752
0.26653
0.00813
0.12808
0.02469
0.00205
3.56424
0.93996
0.00761
0.01467
0.46627
0.00009
0.03956
0.06310
0.18147
0.53853
0.00507
0.00000
0.00030
1.84230
1.23462
0.00000
0.36899
1.88484
1.67152
0.11804
0.36555
0.42920
0.00004
0.00000
0.00048
0.36604
0.00000
0.41486
0.14333
0.00606
0.23456
1.06558
0.00015
0.14476
0.42069
1.06672
0.04796
1.87980
1.91741
0.00640
0.31823
2.38791
0.00006
0.10995
0.03504
0.00000
0.00240
0.02946
0.00024
0.00010
0.00010
0.05034
0.03188
0.00470
0.64381
0.00116
0.12569
0.00063
0.00045
1.64378
0.00121
0.04380
0.00113
0.00047
1.26253
0.00000
0.00110
0.00001
2.40083
0.02306
0.40484
1.57989
0.00247
0.55018
0.14890
0.34531
1.91833
1.12695
0.03109
0.83014
0.00000
0.00957
0.18209
0.79949
0.00000
1.06292
0.14489
0.01055
0.14529
0.97432
0.04983
0.02504
0.00057
2.36625
0.00003
0.56253
0.04690
1.24828
2.60069
1.06715
0.65037
2.20772
0.00018
0.16077
0.67034
0.04593
1.50021
0.00194
1.04539
1.76253
0.18150
0.00001
0.26123
0.68168
0.44491
0.92522
0.00085
1.13987
0.00177
0.10150
0.18002
0.71801
1.23902
0.31860
2.21480
0.01698
0.01221
0.02389
0.00076
0.61952
1.18248
3.12501
2.09961
0.61590
2.49113
0.38066
0.00576
1.45674
0.50454
0.00086
1.10899
0.00000
0.97072
0.96174
0.12901
0.00002
0.67208
1.30236
0.28543
1.13750
0.00000
0.05679
0.41110
0.00003
0.00038
0.00000
2.16964
0.07433
0.03130
0.50040
0.78039
1.71125
0.00036
3.12513
0.49776
0.28187
0.00033
0.00000
0.00000
0.31832
0.00079
0.04025
0.03933
0.00000
0.96335
0.00269
0.02908
0.87445
0.07339
2.47053
0.56776
0.98333
0.00000
2.44719
0.00985
0.57932
0.00000
1.16499
0.01729
0.00027
0.01301
0.66157
3.33654
0.00151
0.00024
1.18363
0.54950
1.77330
0.00011
0.01701
0.06781
1.25454
0.00038
1.73592
1.33904
0.63298
0.98353
0.00013
1.00584
0.00631
0.00006
0.48480
0.00011
3.07487
1.97429
0.00001
0.01213
0.32467
0.00003
0.00217
0.00002
0.01045
0.00128
0.02541
1.83184
2.76976
0.13200
0.69624
2.71745
0.00000
0.02615
0.22423
0.77452
0.04096
1.26885
1.24245
0.06179
1.80912
0.46827
1.30312
0.40645
0.00088
0.20643
0.00524
0.20134
0.10957
0.00000
0.00057
0.45738
0.57518
0.00079
0.26676
0.03007
3.34668
0.00000
0.00206
3.25576
0.00092
0.00027
0.00001
1.04752
0.27402
0.30978
0.40076
0.05838
1.22824
0.33410
0.01577
1.50329
0.06359
0.11848
0.11913
2.72511
0.00174
0.02022
0.00030
0.01545
2.62120
0.41738
0.00068
0.12429
1.12335
1.22495
0.00387
3.10034
0.50345
0.64600
0.00203
1.51596
0.34505
0.05529
1.03194
0.00000
1.12784
1.81930
0.01189
0.00038
0.69562
0.02120
1.29217
0.46483
0.18586
0.01521
0.00013
0.00003
0.17396
0.01141
0.00118
0.62532
0.98528
1.75633
0.20281
1.48536
0.16974
0.11458
0.26287
0.00971
2.33310
0.59309
0.58910
0.04292
0.00053
0.00018
0.32276
0.86180
0.00108
1.73875
0.00546
2.24096
2.25249
0.06327
0.00742
0.07520
0.00080
0.01978
2.45521
0.15997
0.54540
2.23806
0.00000
0.10905
0.07013
0.03437
0.58732
2.06838
0.61038
0.66411
0.65887
0.05677
1.05242
0.42759
0.15808
0.27294
0.00627
0.38345
0.00000
1.88935
0.00086
0.00095
0.04130
0.00000
2.13163
1.96350
0.00741
0.32718
0.24744
0.60943
0.38057
2.24240
0.57244
0.00012
0.23560
0.00000
0.00005
0.00933
0.71615
1.01767
0.06614
0.00178
1.13339
0.00496
0.00000
0.56312
0.00093
0.58758
0.03308
0.00069
0.00287
0.00319
1.31434
0.80604
0.23020
0.48790
0.00382
0.17127
2.55925
0.02762
0.00056
1.26440
1.26647
0.57927
0.24280
0.00978
1.36053
1.72315
0.00006
0.26202
0.07357
0.05382
0.15461
0.16276
2.46963
0.00836
0.00011
0.10615
0.73873
1.08623
1.33098
2.52252
0.00587
0.87940
0.00534
0.00548
0.05279
0.00000
0.38450
0.16723
0.51953
0.54507
0.47389
0.58338
0.04898
0.40578
3.36154
0.11100
0.68323
0.00004
0.18139
1.59425
1.91238
0.00020
0.39837
2.78019
0.00067
0.17027
0.00712
0.70087
0.04798
0.19947
1.56354
0.00111
0.85342
1.17033
1.99654
1.56038
0.00021
1.54097
0.44089
0.27479
0.69089
0.58645
0.00910
1.61948
0.70703
1.68647
0.31234
0.03521
0.06631
0.78193
2.57112
0.09860
0.00460
0.00214
1.84579
0.14794
0.61412
0.00072
0.00018
0.19732
0.01575
0.67948
0.01867
0.85273
0.05032
0.03993
0.00658
0.00032
0.00000
0.00185
0.00000
0.01359
0.00003
0.10701
0.02723
0.34616
0.01076
0.00407
0.00218
0.18186
1.15117
0.14513
0.69229
0.00001
0.11050
0.00000
0.00042
0.13410
0.80782
0.00000
0.00002
0.00120
0.00004
0.00002
0.02639
1.66721
0.64997
1.34313
2.01125
0.31085
0.72817
0.63941
1.06148
0.00456
0.00003
0.00091
0.43739
0.00880
0.05061
0.32683
1.19168
0.54148
0.16939
0.00005
0.16562
0.25257
0.09474
0.00179
0.53351
0.00037
0.00070
2.02639
0.00000
0.00000
0.02836
0.95788
0.01141
0.00007
0.04969
0.00003
0.73439
1.45881
0.03748
0.00362
0.00356
0.72940
0.22933
0.00127
2.47411
2.18301
0.35653
0.29949
0.28122
0.05915
0.00007
0.30848
0.15656
0.00013
0.84484
0.04412
0.00133
0.16609
0.36561
0.07561
1.00570
0.00005
1.94440
0.04968
0.78912
0.04572
0.37336
0.12445
0.51090
0.00536
0.00628
1.17017
0.06559
1.81010
1.80491
2.15207
1.94561
2.35442
1.63973
0.76804
1.00980
0.02066
0.00000
2.60273
0.00003
0.00506
0.76442
0.02467
0.10858
1.91469
0.00000
0.00359
1.01948
0.07555
0.00023
0.51160
0.00760
0.07229
0.33501
0.04525
0.65249
0.00099
0.30091
1.18135
0.07686
0.00070
0.00009
1.06783
0.00000
0.25022
0.91871
0.00125
0.09486
2.06587
0.36162
0.11883
0.70715
1.42044
0.00296
0.00000
0.13888
0.02939
0.32762
0.15486
0.00006
0.00518
0.00000
0.02245
0.00228
0.00153
0.03191
0.58836
0.01129
0.23400
0.00529
0.71130
0.77859
0.00004
0.00063
0.02076
0.00007
1.13049
0.06854
0.04301
0.00001
0.41077
0.00009
0.05053
1.65950
1.31360
0.75855
1.71110
0.14949
1.17868
0.07892
0.00101
0.04194
0.37695
0.06994
0.63528
0.49640
0.00000
0.08439
0.88840
1.97076
0.00136
1.24776
0.00015
0.00001
0.01571
1.55483
1.03910
0.06407
0.00003
1.82622
0.45900
1.56013
0.40096
0.10621
0.00002
1.97710
0.01654
0.43803
0.05633
1.19112
0.14293
0.00415
0.03798
0.55706
0.94585
0.00001
0.00020
0.00062
0.11915
0.29685
1.49084
0.00103
0.44437
0.01158
0.00249
0.00295
0.55376
0.00000
1.13672
0.04581
0.00003
2.15586
1.20515
0.00284
0.75230
0.01631
0.00005
0.11599
1.26316
0.69152
0.00176
0.07893
1.98819
0.09068
0.00011
0.00896
0.00001
0.99756
0.00011
0.99640
0.07952
1.66624
0.89779
1.43609
2.47430
0.96595
0.00000
0.01485
0.00020
0.00343
0.41331
0.00154
0.13437
0.89661
0.00005
1.34621
0.31990
0.05281
0.36508
0.92574
0.00000
0.53974
0.03637
0.00012
0.00065
0.27239
0.02345
0.00102
1.12054
0.53630
0.13128
1.02797
0.71447
0.02134
0.00024
2.95244
0.89619
0.11360
0.01546
1.78071
0.08737
0.00439
0.00193
1.74272
0.03157
0.19658
0.00476
0.11997
0.62370
0.00000
2.79520
0.61249
0.05048
0.00003
0.00524
0.32807
0.43613
0.00152
2.07439
0.25288
1.62839
0.95718
0.02099
2.43236
0.00013
0.00014
3.15409
0.00000
0.44155
1.22157
1.72808
0.02528
0.06282
0.71795
0.06438
0.01680
0.30454
0.66406
0.92936
0.00020
0.00015
1.89101
0.75148
0.08098
0.68320
0.00001
0.01020
0.04300
1.10408
2.04102
1.14446
0.00394
0.31586
0.68159
0.01749
0.00246
0.04279
0.17889
0.62326
1.31797
0.02692
0.00022
0.00007
0.42989
0.33490
1.01159
0.00153
0.00068
1.01175
0.66678
1.66030
0.50366
0.00397
1.38319
0.03886
0.26072
1.28481
0.00000
0.00001
1.27015
0.42095
0.13982
0.82186
0.00216
2.42911
0.03329
0.18923
0.03292
0.00001
0.00206
0.05337
0.49227
0.00644
1.43402
0.55046
0.00447
0.00997
0.29963
0.00000
0.24531
2.25896
0.36015
3.21253
0.00623
1.75954
0.00306
0.00026
0.10745
0.47306
0.81756
0.00140
0.00743
0.46709
0.00608
2.50174
0.51565
0.06394
0.41388
0.69885
0.00001
0.00000
1.28212
2.69461
0.00000
0.00047
1.75376
0.00009
0.01873
0.00572
0.00758
0.02034
0.31245
0.04349
1.17795
0.18128
0.78556
0.00015
0.00502
0.01557
0.84526
0.00004
1.88788
1.11471
0.19535
0.56746
0.00093
0.10919
1.85885
1.46656
0.00012
1.85799
0.00005
0.58419
1.20159
0.84149
0.38577
0.00004
0.37133
0.00003
0.00359
0.00640
0.01327
0.09454
0.72335
0.26113
0.02519
0.00006
1.45551
0.02063
1.45525
0.00002
0.32963
1.93427
0.00534
0.00000
0.51520
0.00097
0.00060
0.01092
0.21512
0.55654
1.26943
0.06134
0.14848
0.50430
0.00124
0.07622
0.91073
2.11268
0.75798
1.24618
1.46661
0.00444
0.00093
0.01506
0.04144
1.70791
0.00441
0.00127
0.00702
0.07246
0.00757
0.00943
1.93366
1.07439
0.00000
0.00021
1.13025
0.61862
1.52604
1.75045
0.20125
0.00005
0.51195
0.33116
0.19213
1.88917
0.44853
0.01251
0.00657
0.18807
0.62508
0.02021
0.84365
1.30523
0.00430
0.31113
1.25748
0.05435
0.74412
1.05077
0.00151
1.32055
0.03688
0.06526
0.20026
1.04711
0.00091
0.69751
0.46873
0.00021
0.00003
0.02872
0.00502
0.00785
0.05562
0.57243
0.43061
0.05377
0.09449
0.00339
0.36486
1.14505
0.03291
0.21696
1.80613
2.17181
0.74040
0.00000
1.44025
0.00054
2.31699
0.46773
0.42391
1.08706
0.00043
0.01010
1.14687
0.27584
0.00094
0.04586
0.69396
0.00333
1.01694
0.00118
0.00000
0.00802
0.93568
0.97719
0.00004
0.01853
1.43547
0.14788
0.00345
0.53425
0.00012
0.54606
2.35894
0.04890
2.81951
1.13155
0.16209
0.14806
1.47034
0.00452
0.09778
0.00024
1.49892
0.00007
0.34848
1.32797
0.00022
0.26651
0.35241
1.66311
0.34465
0.11541
0.60386
0.65249
0.93194
0.00278
0.28910
0.00773
0.94350
1.73595
0.00001
1.85243
0.00278
0.00518
2.58557
0.72211
0.27123
0.02357
0.01587
0.00080
3.45040
0.00201
0.00045
0.00780
1.09584
0.81903
0.01240
0.40495
0.17427
0.10087
1.45597
0.00894
0.16430
0.20044
0.00002
1.79831
0.00019
0.22788
0.36120
0.02294
0.00000
0.14642
0.19986
0.00022
2.19478
0.00166
0.73135
0.00003
0.44815
0.46012
0.00000
1.02842
1.25056
0.00002
0.11950
1.65678
0.29379
0.00000
0.01083
1.06154
0.01615
0.00246
0.99301
2.09301
0.04411
0.22260
0.00006
1.30878
0.11512
0.03638
0.07347
0.00060
0.00002
0.00000
0.30503
0.00000
0.59949
1.60782
0.00084
0.07203
0.03667
0.42314
0.10337
0.76793
0.00039
0.10072
0.00113
1.19911
1.61697
0.00001
0.40722
0.00113
0.16883
1.94169
0.45080
0.90054
0.00412
0.00020
0.09106
0.00030
0.57858
0.67692
0.00034
0.00022
0.00036
0.00676
1.76071
0.08914
2.94456
0.00003
2.76696
0.19450
0.00002
2.07811
0.04672
0.00347
1.34087
0.02178
0.01060
0.00001
0.03947
0.00000
0.03301
1.66720
1.20647
0.00040
0.05942
0.00000
1.53558
0.00285
0.44129
0.00087
0.09756
0.99588
0.00062
0.01393
1.59943
0.00228
0.69867
0.45832
1.13105
0.00277
0.01556
0.62766
0.40562
0.03572
0.13744
0.01596
0.48163
0.77632
0.48569
1.76431
0.08373
0.00000
2.76425
0.00706
0.01813
0.00000
0.06540
0.04275
0.00000
0.00272
0.00023
0.00212
0.10639
0.00005
0.34593
1.85546
0.67018
0.00016
0.06692
1.17328
0.00047
2.03748
0.09399
0.00083
0.00000
0.96928
0.39043
0.14470
0.03901
0.00073
0.00773
0.28536
0.02503
1.15960
0.00002
3.13885
1.21556
1.12963
0.00138
0.03103
0.29175
0.00000
0.00292
0.00008
2.05068
1.52728
0.00404
1.98874
0.00015
0.71310
0.44086
0.02425
0.03677
1.33101
0.00009
0.00611
0.00157
0.00011
0.07046
0.00000
0.03872
0.66971
1.01060
0.00151
0.72485
0.00000
0.03230
0.69241
3.02051
0.04795
2.49250
0.00001
0.04012
0.00000
0.00682
0.00199
0.10885
2.98534
2.04131
0.00001
0.00704
0.00688
0.00001
0.00022
2.45633
0.51824
0.03080
1.82858
0.00000
0.29488
2.56599
0.00077
2.99695
1.15996
0.69870
0.00028
1.11993
0.00000
1.69337
2.20979
0.00000
1.82861
0.00000
0.00046
0.01073
0.00008
0.01155
0.03942
0.00894
0.05985
0.00000
0.41846
0.01327
0.39575
0.34699
0.00062
0.40770
2.20723
0.99576
0.23631
0.00684
0.00817
0.86068
0.01046
0.07451
0.00001
0.61379
0.74117
0.01143
0.51835
0.64744
0.52766
2.13917
0.04255
0.41808
1.94604
0.00559
0.00153
0.00387
2.27894
0.75467
0.96898
0.00016
0.00129
0.00121
0.31662
2.66963
0.90316
2.31354
1.03677
0.00029
1.46567
0.60296
0.01123
1.80598
0.00891
0.00023
0.00000
0.07556
1.52329
0.00000
1.72771
0.00392
0.06577
0.08612
0.00005
0.62732
0.04143
0.13512
0.94668
0.00079
0.00224
1.03540
0.02679
0.00002
0.15935
0.18040
0.01980
0.02239
0.00002
0.00189
0.46821
0.00375
0.59701
0.01522
0.03058
0.00000
0.01639
0.33974
0.28406
0.00002
0.07302
0.58826
1.11631
0.21794
0.00003
0.00013
0.68792
3.68170
2.02319
0.86863
0.19301
0.00418
0.00013
0.17646
0.00061
1.11859
0.32192
0.01987
3.67723
0.02806
1.06528
1.07857
0.00000
0.00031
1.31914
0.00008
0.01476
0.07477
1.09500
0.00000
0.38267
0.03753
0.00283
0.02624
0.00000
0.11791
0.07237
0.78601
1.27888
0.90128
0.00038
0.00116
0.00291
0.46072
0.00006
0.61226
0.03567
0.27204
0.02836
0.92598
0.06247
1.42270
0.00003
0.00003
0.48543
0.47215
0.83745
0.53343
2.00173
0.64093
2.03898
0.00033
0.11817
0.00005
0.00572
0.00732
0.38741
2.15494
0.86799
0.42094
0.00000
0.18181
1.04246
0.00000
0.00015
1.41718
0.65841
1.31033
2.16281
0.11110
0.25534
1.19544
0.00000
0.00017
0.00731
0.00045
0.00056
0.00000
0.70256
0.00001
0.00384
0.00000
0.46021
0.00007
0.01229
0.17825
0.31774
0.82813
0.00353
1.18522
0.00021
0.69497
0.00931
0.00058
0.09634
0.00081
0.11051
1.37296
0.05022
0.00055
0.00000
0.00183
2.29173
0.00020
0.03755
0.00249
0.06188
0.68355
0.01554
0.40228
0.06143
0.00964
0.00075
0.00082
0.03672
0.01249
1.37303
0.00005
0.79001
2.24480
2.08952
0.00017
0.00060
1.05392
0.46443
1.35975
2.03118
0.14431
0.00006
0.96214
0.15484
0.00950
0.00390
0.22185
0.24498
0.00130
0.06336
0.02790
0.00834
0.00024
1.88741
2.35779
1.29274
1.14369
0.17118
0.06701
0.01068
1.47025
0.00122
2.05544
2.24033
1.31120
0.53357
3.17886
0.00045
0.00034
0.00228
0.00010
0.97910
0.35545
1.54110
0.01514
0.00016
0.74800
0.45406
0.00313
0.00065
0.00172
0.00761
0.14492
0.72408
1.52506
0.05561
0.00068
0.82353
0.07715
0.00015
0.00000
0.00429
0.00000
2.56441
0.00662
0.86550
2.29899
0.58414
2.62070
1.56192
0.14618
2.15884
0.09532
0.16846
0.00090
2.33671
1.98827
0.00940
0.00011
0.26082
0.00095
1.35217
1.60862
0.00000
0.00076
1.30594
0.41467
0.78632
0.00177
3.08250
0.04634
0.45023
0.02443
1.79718
1.92694
1.53022
0.03367
0.00042
0.65484
0.00003
0.48274
1.97376
0.00030
0.04868
0.00150
2.04651
0.04128
0.57652
2.68684
0.00000
0.02617
0.64072
0.01835
0.01400
0.22902
0.42647
0.10106
0.43094
0.00006
0.00170
0.00002
0.00083
0.12380
0.00203
0.55925
1.91942
0.77372
0.02935
0.00015
0.27049
0.00080
0.03148
0.08770
0.03524
0.01588
0.01250
0.60941
2.26872
0.01533
0.01193
0.00348
0.01816
0.51718
0.00213
0.19990
0.00017
0.00206
0.54444
1.65855
0.48084
0.08550
1.37178
1.33791
1.75150
0.00000
0.15604
0.00012
0.16595
0.37582
0.00096
0.01977
0.26742
1.29069
1.15414
0.04648
0.01087
0.00001
0.01387
0.15046
0.05221
0.00679
0.18096
1.15200
0.00166
0.27052
0.01426
1.04398
0.00447
0.00001
2.63065
2.08537
0.00040
0.00001
0.00003
0.00000
0.18700
0.00363
0.00078
0.20460
2.50306
0.49269
0.00019
1.39197
0.50297
0.00689
0.01589
0.03554
0.02155
2.12167
0.09944
2.59935
0.96214
0.71410
1.17458
0.57747
0.62975
0.33852
0.06063
0.80692
0.05979
0.36298
0.11839
0.00000
0.04315
2.10506
0.81492
1.21862
0.02039
0.02042
0.01984
1.24657
0.49189
2.13164
0.00000
0.56130
0.02772
0.07557
1.59794
0.00012
0.00004
1.12428
0.23585
0.00108
0.97626
0.00006
0.00938
0.02286
1.49339
0.93889
0.37865
0.00805
3.17785
0.00003
2.61052
0.03197
1.00866
0.22566
0.00001
0.39826
0.00020
0.19591
0.00234
0.00061
0.03136
0.19216
0.10792
0.10550
0.00001
2.00242
2.73472
1.20878
0.00225
0.00996
0.00018
0.62054
1.41361
0.89520
0.76143
0.37531
0.00000
0.02701
0.00000
1.63244
0.33376
0.42207
0.01657
0.17325
0.00473
0.00145
1.91004
0.03440
0.14226
0.00143
0.06283
0.23623
0.00008
0.00000
0.00063
0.96977
0.46437
0.00296
0.46008
0.27055
2.14879
0.00052
0.07219
0.00009
1.97843
0.82289
0.92793
0.15043
0.43131
0.37112
0.00650
0.16531
0.49523
0.00003
2.03923
0.70269
0.00008
0.00000
2.13818
0.03954
0.00563
0.00270
0.02176
0.00274
0.79340
0.03534
1.57686
0.58239
0.20686
1.12276
0.05230
0.10613
0.15123
0.74566
0.00143
0.00069
0.00942
0.22615
0.04920
0.10981
0.05939
0.78836
0.46755
0.67376
2.23144
2.99609
2.03568
0.00743
0.01684
0.01312
1.79367
2.16601
0.43064
0.00595
1.59699
0.02849
0.83161
0.37087
0.00075
1.19573
0.00032
1.46084
0.06707
1.40394
0.04002
0.00018
0.00008
0.17695
0.00028
0.66542
0.00000
0.23071
2.15231
0.01425
0.01267
0.56559
0.89348
1.29479
0.00006
0.00000
0.00001
0.00003
0.01261
2.43839
0.03894
0.59027
0.06724
0.09101
0.04988
0.00004
1.21336
0.69046
0.01032
0.00083
0.04933
1.32916
0.00366
0.39211
0.96075
0.21562
0.00169
0.71627
0.87118
0.02484
1.26603
0.02562
0.00057
0.00354
2.13502
0.24553
2.47752
1.36264
0.29135
2.47550
0.22875
0.00023
1.48176
0.00024
0.17704
0.00072
0.03181
0.00285
0.00002
0.00029
0.06178
0.00000
0.54116
0.53203
0.60117
0.02830
1.38967
0.02144
0.01127
1.15566
1.71907
1.49913
0.03242
0.01304
0.47173
0.00001
0.00922
0.13677
0.00255
0.86191
1.22902
0.27001
0.00007
0.02681
0.00001
0.58507
0.96776
0.55493
0.86344
1.32324
0.20379
0.00825
0.05618
0.70844
0.00010
1.81974
0.03575
2.06331
0.00082
0.11376
1.13206
0.43071
0.96306
0.05043
0.00000
0.00054
0.04070
0.03299
0.00259
0.45809
0.01574
0.12904
0.42980
0.28542
1.75716
0.91716
0.00001
2.02738
1.53406
0.00016
0.02327
0.83184
2.23694
0.00000
0.05450
1.39387
1.23876
0.08312
2.84717
0.00570
0.00631
1.74466
1.88696
0.00003
2.44562
0.00290
3.10223
0.00164
0.00120
0.39568
0.00005
0.02072
0.40483
2.55706
0.46344
0.18391
0.00047
0.04217
1.76335
0.00078
0.00041
0.00904
0.00000
0.27559
0.85489
0.00150
0.51774
1.27656
0.02269
0.54329
0.04089
0.83270
0.07496
0.00332
1.18773
0.05971
1.35767
0.20095
0.00001
0.00025
1.33659
0.87810
0.00001
0.03719
0.75422
1.48147
1.51784
0.00057
0.36200
0.03185
0.00005
0.00017
1.60392
0.66232
0.01088
0.47411
0.00003
0.36578
0.07065
0.00000
0.01030
2.95805
0.06166
2.02281
1.72776
0.00898
1.66294
0.12704
0.00241
0.87844
2.70843
0.00000
2.29204
0.08344
2.39509
0.00274
0.00560
0.09417
0.55036
0.24431
2.69701
0.26422
0.51831
0.66922
0.85989
1.40290
0.43542
0.00065
0.00197
0.00861
2.96650
0.00000
0.00309
0.00000
0.01557
3.41262
0.41186
1.65431
0.94222
0.00002
0.45334
0.00015
0.04551
1.25443
0.00181
0.05421
1.77051
1.09858
0.00016
0.90533
0.00240
0.26647
0.00004
0.05523
0.25910
0.32847
0.00800
0.00227
0.31417
0.00258
0.90975
1.74513
0.01195
1.12833
0.43640
0.71018
0.00001
0.00440
1.79837
0.00349
0.28012
1.29374
1.00009
0.45754
0.00035
0.35468
0.12622
0.00021
1.03217
2.67845
0.00001
0.01383
0.00006
0.00000
0.00002
0.14498
0.00243
0.03084
0.01879
0.02757
0.45873
0.09905
0.00085
0.90168
2.15727
0.00007
0.78337
2.25458
0.00000
0.31877
0.05923
2.57033
1.11412
0.17620
0.03135
0.41316
0.00468
1.75143
0.81453
0.00017
0.00002
1.76687
1.11338
0.00000
0.00921
1.42274
0.98918
0.00001
2.33722
1.76239
0.11579
0.98240
0.00786
0.04151
0.22947
0.12814
1.18194
0.76319
0.00052
0.00944
1.06365
0.12910
0.76320
0.00274
1.85168
0.08636
0.79855
0.00049
0.00042
1.53617
1.24381
0.00000
0.00000
0.90132
0.06831
0.00001
0.04216
0.11494
0.82135
0.72388
0.07272
0.00167
0.00000
2.43064
0.71006
1.44084
0.00071
0.03709
0.00019
0.64582
0.51669
0.00002
0.00032
0.00395
0.00152
0.00052
0.00729
0.19700
0.73727
0.04260
0.00243
0.96360
0.00027
0.43134
1.00681
1.22363
0.92239
0.19164
1.36050
0.00000
0.50339
1.48936
0.00001
0.00358
1.28361
0.00038
0.97292
2.29126
0.46900
0.37051
0.42690
0.00874
1.94846
0.94355
0.04143
2.78842
0.56201
2.43660
0.64859
0.01044
0.47846
0.07937
0.00093
0.09449
1.53298
0.01385
0.50976
0.00061
1.73550
0.00412
0.10446
0.01992
0.00017
0.00099
0.08307
0.20604
2.03199
0.63551
0.06742
0.00058
1.02182
0.88880
1.33935
0.07942
0.00058
1.26488
0.30415
0.32254
0.00173
0.40111
0.54885
0.00000
0.00768
0.00056
0.00000
1.24996
1.45557
0.19745
1.36889
0.60027
0.00068
0.06783
0.74338
0.00007
0.10651
0.05632
1.17236
1.40621
0.01793
0.02557
0.02024
1.47976
1.35564
0.38692
0.15021
2.54545
1.31812
0.15085
1.41456
0.38815
0.14949
2.78006
0.00105
0.94969
1.39738
3.09163
0.00000
0.00000
1.31823
0.00059
0.68760
2.50077
0.57181
0.00007
0.52545
0.01809
2.37737
0.90735
0.59879
1.75856
1.39239
0.00021
0.00005
3.14355
0.02589
0.00092
0.00339
1.28203
0.00005
0.02708
2.49324
0.23164
0.00007
0.02766
0.95606
0.76046
0.00004
2.01772
1.10274
0.00000
0.00001
1.69370
0.00208
0.06583
0.18381
0.00177
0.00021
0.07042
0.00000
2.12647
0.01339
0.52085
0.00039
0.00015
0.16842
1.29102
0.00257
0.00055
0.00825
0.59105
0.47547
0.12499
0.00665
0.76577
0.94425
0.09401
0.00000
2.43542
2.60018
0.00001
0.16268
0.79605
0.21658
0.11928
1.04630
0.00874
0.77784
0.49123
0.92584
0.00000
0.00161
0.29644
0.06670
0.02456
0.00603
0.04273
1.95777
0.00117
0.19999
0.00010
0.00504
0.17222
2.33054
1.12913
0.00149
0.48339
0.00000
0.21631
0.00209
0.00175
0.02078
0.66452
2.52235
0.09227
0.03623
0.00000
0.00068
0.01358
1.95962
0.57268
0.13756
0.66638
1.02586
0.00422
0.03780
0.34789
0.57821
0.45501
0.18794
0.83582
0.00048
0.00002
0.00830
0.19030
0.00056
0.48268
2.09799
0.00000
0.00118
1.13493
0.05593
0.04525
1.09271
0.00001
0.86105
0.81586
0.00000
1.64722
0.05269
0.81975
1.08370
0.12117
0.00109
0.00092
0.00148
0.00005
0.59684
0.34728
1.12780
0.16460
1.10720
1.47385
1.90720
0.11461
0.12257
1.01840
2.08137
0.00125
0.09805
0.00198
0.37201
0.50423
0.22241
0.02266
0.00592
1.41599
0.73437
0.02442
0.00005
1.71698
0.69573
1.37562
0.25394
0.00000
0.00258
0.00863
0.00007
0.25633
2.16933
2.13201
2.13216
2.52786
1.10856
1.74854
0.53763
0.97087
0.00373
0.51809
0.00000
0.19402
0.26384
1.64863
0.00022
0.20221
0.00013
0.00003
1.88808
0.00062
0.40542
0.00004
0.00408
1.42557
0.86853
0.97606
0.58204
1.12739
0.24382
0.00193
0.00141
0.44419
0.00383
0.01103
0.78053
0.88992
0.14973
0.00000
0.15992
0.06157
1.36900
0.00000
0.00001
0.00013
1.95643
2.83036
0.89894
0.70069
0.00487
0.41726
0.39399
0.09378
0.75984
0.00223
1.07115
2.52126
0.00056
0.00020
0.02009
0.00001
0.02660
0.17675
0.00047
0.00068
1.16793
0.97824
0.08088
0.01013
0.12112
0.00126
0.00178
1.80194
0.00106
0.05724
0.00029
0.58536
0.00751
0.14783
0.00281
1.36327
0.09439
2.50609
2.39142
0.17277
1.38147
0.07561
0.01873
0.75578
0.23371
0.98622
1.93213
0.37130
0.00686
0.00098
0.00006
1.87680
0.17726
0.00001
0.47626
0.17604
0.00302
1.37472
0.01372
0.08378
1.89960
0.00101
0.01522
0.14650
1.26493
0.10567
0.72905
2.32673
0.73127
0.84816
0.00379
0.00741
0.01083
0.00080
2.01779
2.53022
3.17739
1.91419
0.00254
0.75986
0.17004
0.38369
0.03956
0.07669
0.04657
1.52394
0.42046
0.18709
0.00638
0.01120
0.27857
0.14813
2.71710
0.67523
0.00032
0.01474
0.40535
0.00003
0.01732
0.03002
1.28090
0.01381
0.00002
0.19590
0.50825
2.83620
1.81942
0.00123
0.00031
0.33213
0.00000
1.43706
0.23542
0.03716
1.47485
1.61280
0.02736
0.64481
1.23266
0.25130
0.82720
1.20132
0.01355
0.09965
0.00315
1.76477
0.19886
0.00001
0.01477
0.10902
0.00001
0.00020
3.22732
2.99321
0.02244
0.23579
0.72630
0.00004
0.72380
0.17796
0.01296
0.01634
0.00111
0.00742
0.19731
0.00001
0.00002
0.68037
0.00150
0.82039
1.96977
0.21471
1.37756
0.00026
0.00000
0.00012
0.00095
0.00007
0.49971
1.37091
0.29616
0.01444
0.00033
1.37684
1.11542
0.00000
0.00259
0.01097
0.02431
1.72255
2.19854
2.02044
0.00198
0.54404
0.35951
1.14335
0.10445
0.11568
0.08676
0.11997
0.00143
1.15181
0.76063
0.17078
0.10690
0.06934
0.81065
0.00538
2.53443
0.43159
0.02998
0.08874
0.00209
2.23921
0.00059
0.00021
0.00107
0.01061
1.53005
2.16248
0.08810
2.36922
0.16108
1.99211
3.31930
0.00015
0.45511
0.63372
0.00022
2.16285
1.79625
0.69050
2.12901
0.00477
1.35978
0.01201
0.00013
0.42132
0.37447
1.92006
0.00008
0.90461
0.35972
0.58326
1.81842
0.09127
0.00000
0.00007
1.08973
0.62505
0.43283
0.09265
0.00009
1.12365
0.10036
0.00089
0.32864
0.00019
1.38968
0.00037
1.02226
0.00010
0.00130
1.50960
0.52955
1.52512
1.53813
0.51220
0.00005
0.50722
0.02059
0.59025
1.60029
0.00048
0.22238
0.03470
0.01658
0.00757
0.05495
1.86654
0.00373
0.89586
1.61106
0.00240
1.74998
0.00206
1.13173
0.00828
0.10716
0.00575
0.03260
0.00032
1.60564
0.76183
0.00000
1.35954
0.00170
0.35316
0.02788
0.00731
0.32023
0.00008
0.00004
0.01636
0.00650
2.49758
0.00034
0.00194
0.00001
1.17061
0.00195
1.61035
0.85561
0.05412
0.06187
0.03391
0.05253
2.47386
0.61064
0.03290
0.00000
0.00253
0.00000
0.00048
0.00202
0.00093
0.31671
0.03818
1.42705
0.65380
0.52724
0.19605
0.59532
0.60766
0.12426
0.00374
0.07527
0.65841
0.00000
0.26674
0.59210
2.17573
0.00008
0.00374
0.01315
0.01431
0.12355
0.74394
0.09005
0.34946
0.46258
1.98902
0.04281
2.54635
0.08451
0.00049
1.48050
0.70408
0.58497
0.05704
0.85143
0.15160
2.78691
0.00060
0.80911
0.00002
1.13415
0.00002
0.09931
0.69704
0.30363
1.82467
2.05931
0.21686
1.52282
0.00274
0.00066
0.28612
0.00116
2.22326
0.04762
1.23397
0.36987
0.26854
0.00012
0.00127
0.00000
0.49194
0.07723
2.76587
0.05230
0.57119
0.47512
0.00234
1.19680
3.00454
0.18561
0.01753
0.00000
0.00002
0.00003
0.00850
1.49581
1.48592
0.00052
0.07476
0.21526
0.60768
0.00000
0.41923
0.02060
0.00084
1.91103
0.00170
0.01282
0.00238
0.60705
0.00133
1.23462
0.00346
0.06501
0.12026
0.75441
0.16145
2.69526
1.18134
1.33323
0.00001
0.00086
0.29849
0.00199
0.00000
2.26777
1.00997
0.00000
0.96343
0.64475
0.48821
0.05739
1.02953
0.00000
0.00148
0.00002
0.20707
0.07349
0.03589
0.00000
0.75320
0.23890
0.00053
0.93993
1.42246
2.34521
0.03966
2.95871
0.71953
0.38464
0.00424
0.00268
0.00303
0.92546
2.41429
0.00688
2.14804
0.06660
0.00447
0.00000
0.00602
0.00090
0.02639
0.25811
0.05528
0.69166
1.50096
0.01077
0.22260
2.10751
0.00317
0.00009
0.00039
0.33552
1.90956
0.04702
0.00000
0.18594
0.00009
1.32981
0.14926
0.01174
0.00000
0.01648
0.01244
0.00231
0.77491
1.26016
0.01669
0.02844
1.56136
0.34598
0.39237
0.18009
0.04634
0.00003
0.01812
0.00013
0.35156
0.66595
0.01395
0.01541
0.00009
0.13002
0.72800
0.71796
0.70117
1.08894
0.16898
0.00030
0.03414
0.12192
0.00001
0.00010
0.00000
1.33983
0.00686
0.00000
0.78687
0.00054
1.05418
0.78574
0.47615
0.01119
1.03749
0.14364
0.65058
0.09684
1.04142
0.00979
0.00535
0.27652
2.30084
0.00001
0.00408
0.00022
0.00025
0.19904
0.98130
0.01382
0.00283
0.00147
0.06021
0.03327
0.87561
0.00001
0.01558
0.00000
2.31125
0.03131
0.15878
0.40088
0.84488
0.01808
0.89483
1.67309
0.08691
0.00875
1.45035
0.00000
0.19370
1.32643
2.77250
0.01620
0.00005
0.00004
1.75505
1.54000
1.60032
1.72291
0.00248
1.59438
0.00023
0.23067
0.01769
0.06895
0.00698
1.08940
0.00000
0.58902
0.00000
0.00044
0.43185
0.73945
2.73589
0.14513
1.20641
0.92676
0.31373
0.74835
0.08014
1.03799
0.11440
0.04785
2.39198
0.07606
0.40978
0.99796
0.15546
0.00008
3.86241
0.39857
0.00846
0.37113
0.00796
0.01654
0.37039
0.39688
0.05126
0.32961
0.07207
0.02727
1.62472
0.01240
0.00028
0.63783
0.02067
0.00202
0.02129
0.00318
0.05375
0.08466
0.98782
0.98782
1.60011
0.56647
0.00287
0.44531
0.19234
0.30340
1.95570
0.28809
0.00647
0.00006
3.04318
0.20739
0.00127
0.00027
0.49483
0.00003
0.00023
1.07969
0.13802
0.00056
0.06962
0.00000
0.00509
0.05685
0.05542
0.00000
0.00002
1.49581
0.15008
0.09732
0.90970
0.12493
0.00470
0.00478
0.00192
0.45273
0.33441
0.51021
0.00001
0.00000
0.00120
0.00000
0.71670
0.04816
1.82560
2.39749
1.93774
0.56706
0.00077
0.00381
0.14979
0.00128
0.32551
0.10628
0.00119
0.00000
1.02161
0.01334
0.72315
0.08110
0.10773
0.68509
0.40318
0.00003
0.26491
0.54826
0.04330
0.00002
2.77525
0.55029
0.14855
0.00654
0.40141
0.10457
0.11598
0.20767
0.00177
1.42644
0.01651
0.15756
0.65377
0.04091
0.00345
0.10840
0.00205
0.01080
1.92580
0.03941
0.09818
0.00891
0.15504
1.19781
0.00588
1.69080
0.00492
0.00110
0.08625
0.38661
0.00162
0.00753
0.19195
1.34207
1.51390
1.04036
1.28048
2.48152
0.00001
0.00020
0.00478
0.05002
1.50999
0.93028
0.10963
1.06749
0.50065
0.00016
0.00043
0.76052
0.03680
0.72547
0.51806
0.03603
0.00054
0.48262
0.18799
0.01285
0.11219
1.73411
3.25212
0.00436
0.32105
0.00059
0.00000
0.00055
2.26619
1.27586
0.13696
0.75318
0.00130
0.11008
0.55893
0.00473
1.77263
2.23581
0.00026
0.00019
0.79295
0.00018
0.00036
0.50274
0.00092
1.74015
2.77204
1.02972
0.65072
0.92006
0.00000
0.01641
0.31228
0.00552
2.05505
0.00332
0.71969
0.01795
0.00284
0.20144
0.83266
0.03246
1.39998
0.63163
0.13558
0.80350
0.00023
1.04966
1.28058
0.48129
0.01324
0.00000
0.00180
0.00308
0.04668
0.00037
0.03566
0.54088
0.00449
0.21932
0.50768
0.00000
0.96184
0.01542
0.00003
0.64757
0.01402
0.00002
1.63207
1.01030
0.00333
1.39221
0.00080
0.06558
0.08793
0.00657
0.04766
0.30464
0.04565
0.15197
0.02450
0.05897
0.05365
0.03999
0.11066
0.00861
0.03191
0.00708
0.00112
1.57640
0.00233
0.04328
0.39895
1.27787
0.02958
0.00088
0.31452
0.76688
0.03450
1.36939
0.12601
0.00045
0.00025
2.03438
3.25938
0.00001
0.00001
0.41514
0.08642
1.40222
1.36565
0.00009
2.53405
0.46663
0.01344
1.53485
0.15065
0.65622
0.00042
0.06320
0.00172
0.95738
0.00001
0.80679
0.07998
0.00025
1.39057
0.82660
0.01336
0.00011
0.00002
0.04483
0.18613
0.01339
2.77933
1.80572
0.00111
0.99585
0.19358
0.00000
0.88831
0.00027
0.10546
0.68118
0.33237
0.00022
0.39084
0.00012
0.01951
0.97539
0.05311
0.21105
0.00068
2.21199
0.50203
1.00265
2.39423
2.20279
1.70463
0.64755
0.00015
1.27016
0.40091
0.00013
0.00003
0.00487
0.00000
1.47576
0.05232
0.00185
0.00462
0.14187
0.02245
1.64025
0.01612
0.00063
0.16342
2.08732
2.33616
1.43101
0.00541
1.69539
0.00075
1.19850
0.00142
0.03098
0.06583
1.33436
0.00005
0.00000
0.00346
0.02348
0.00003
0.00069
0.24407
0.01284
0.72198
0.00001
2.31054
0.00093
2.24865
0.12198
0.40153
0.00074
0.18012
0.09525
0.02505
0.64111
0.00016
0.00002
0.29710
0.06397
1.24024
0.00856
1.14614
0.00094
0.00009
0.00293
0.15407
1.23736
0.06985
0.11384
0.00308
1.66185
1.19526
0.83839
0.00385
0.00156
0.00000
0.59282
1.16534
1.56342
0.00463
0.86374
0.00012
0.80460
1.50202
0.05911
0.00174
0.16177
1.33810
0.00048
1.29239
0.01859
0.03330
1.23265
0.23198
0.00067
0.23610
0.54749
0.36188
0.00001
0.60860
1.32868
0.36412
0.08861
0.32676
0.00002
1.96590
0.20519
2.69852
0.00568
1.45643
0.00964
0.00001
0.00001
0.00922
0.11794
0.10410
0.46926
0.93776
0.00088
0.36350
0.00000
0.01313
0.43144
2.99286
0.00201
0.77943
0.04773
0.00298
0.05360
1.10305
0.26961
0.00267
0.00165
0.79521
0.00128
0.45422
0.03785
1.38188
0.30146
0.18561
0.82506
1.00723
0.07935
0.04420
0.25996
0.00003
2.23091
0.03046
0.00286
0.55951
0.30714
1.02491
2.04911
0.03718
1.45032
1.93413
0.33220
2.34717
1.46728
0.11513
0.06341
0.83446
1.13758
0.00335
2.43376
0.00046
0.00078
0.00033
0.34721
0.00046
0.15471
2.28908
1.08273
0.00021
0.00000
0.01839
0.00015
0.00017
1.55214
0.00004
0.41276
0.00000
0.48229
0.10894
1.20687
0.91174
0.01655
0.03360
0.66694
0.01434
0.00479
0.84790
0.31961
0.11411
0.06403
1.27731
0.77195
0.04209
0.00002
0.13340
3.08874
0.17252
2.88243
0.18238
0.09143
0.15304
0.56146
0.00922
0.00000
0.00000
0.94846
1.15163
0.03188
0.00650
0.00018
1.40839
0.00064
2.30356
0.00275
2.64198
1.75444
0.00015
0.42074
0.00370
1.17533
0.18532
0.00010
0.00264
1.26769
0.00000
0.00000
0.81020
0.99042
0.35153
0.14068
1.21438
0.37489
0.00053
0.08312
2.66872
0.02720
2.11237
0.00148
0.04361
0.00893
0.00012
0.00008
0.07235
0.00003
0.00454
0.00073
1.21044
0.00566
1.68454
0.00000
0.00293
1.34059
2.20346
0.00093
0.23744
0.30052
0.00007
2.47604
0.00054
0.00048
0.40141
0.00386
0.14034
0.00005
0.18158
0.00005
0.00009
0.09504
0.00032
0.00388
0.00053
0.32909
0.01487
0.04705
0.18064
0.00008
2.97099
1.76943
0.00633
1.27524
0.02141
0.00026
1.41094
0.00434
0.00807
0.11976
1.07296
0.00109
0.07479
0.00192
2.24895
0.56012
0.01519
0.30086
1.85782
0.44197
0.00005
2.84596
0.00845
0.05197
1.34986
0.00693
0.02386
0.83745
0.68407
0.17805
0.00000
0.06996
0.29619
0.52154
0.47114
0.03429
0.00016
0.02790
1.91485
0.00562
2.21146
0.06038
1.54377
0.01992
0.00012
0.00237
0.90395
2.83860
0.69956
3.04459
1.10276
0.71205
0.00000
0.44412
1.11109
2.64086
1.16568
1.72028
0.00094
0.00000
0.00005
2.85322
0.06591
0.91389
0.05458
0.71400
0.16226
0.03642
0.02756
2.25564
1.62894
0.13686
0.29108
1.45615
0.08769
0.45340
0.00073
0.01807
0.03390
0.13646
0.01838
0.00000
0.03781
1.41384
0.01915
0.00005
0.05219
0.09434
0.00279
1.30509
0.81840
0.00565
0.03505
0.24654
0.06531
0.45812
0.00011
0.12142
0.76473
0.01964
1.41920
0.90897
0.00000
0.03665
0.16398
0.02472
0.90455
1.42532
0.23021
0.00029
1.60575
0.27407
0.00000
2.42135
0.00001
0.00006
0.18541
0.00015
0.00000
0.00110
1.38995
0.05322
0.00001
0.03833
0.03359
2.58587
0.00000
0.41743
0.94747
0.15629
0.01798
0.00823
0.48984
0.01638
0.01929
0.00005
1.80921
0.07868
0.09431
0.65374
0.51064
0.18878
0.00015
0.03247
1.26980
0.95662
2.13893
0.17788
0.01764
0.03317
1.44634
3.30912
0.01098
0.70384
0.43017
0.00000
0.00888
0.07031
0.71810
0.00059
0.58498
0.00089
1.19048
0.00922
0.00011
0.00402
0.00126
1.25435
0.07139
0.02084
0.00056
0.60449
0.12910
2.13967
2.14676
0.00000
0.21838
0.00376
1.01944
0.03398
0.84220
0.04254
0.09244
0.04004
1.76578
0.64760
0.76873
0.00972
0.00008
0.63223
1.90482
0.11016
0.04659
0.00008
1.60101
0.00092
2.07990
1.03619
0.26834
0.00015
2.01323
0.07214
0.72035
1.05968
0.12413
0.00141
1.53323
0.13882
0.79063
0.79959
0.05093
0.03590
1.29895
0.02858
0.00000
0.00001
2.39226
0.93500
0.13067
0.02721
2.25286
0.00478
1.22780
0.97494
1.29721
0.63458
0.87756
0.00016
2.17655
0.00052
3.21581
0.12698
2.00805
0.54646
1.98595
0.00002
0.33449
2.72904
0.42311
1.12338
0.16616
0.00001
0.15021
2.13707
0.15410
0.00032
0.00495
1.72011
0.69119
0.00089
1.01251
0.00594
3.02383
0.04222
0.01609
0.05588
0.00013
0.05058
0.00028
0.00011
0.01165
1.05123
0.69277
0.07559
0.70296
0.00001
0.06703
0.00708
0.00018
1.06124
0.00001
0.01162
2.47215
1.97473
0.09450
1.16948
0.69434
0.00274
0.02788
0.04625
1.08199
0.35976
0.02535
0.00005
0.39638
1.56731
0.00512
1.73208
0.58016
0.00280
2.86635
0.10673
0.58663
3.07560
0.05992
0.21121
0.00000
0.50104
0.13493
0.22485
0.02926
0.03518
0.04329
0.00271
0.35938
0.00000
0.01759
0.00611
2.37443
0.00001
0.08157
1.87309
0.00606
0.02667
0.00001
1.18057
0.00004
0.00001
0.00273
1.19521
0.00001
0.47764
1.47737
0.00000
0.00003
0.19298
0.00999
0.00262
0.46301
0.99485
0.56150
0.73635
1.44187
0.40007
0.01572
1.71481
0.20516
0.46490
0.22663
0.00001
0.00000
0.03066
0.00067
0.99433
0.85862
1.73677
0.01876
2.52762
0.14047
0.32020
0.70456
2.51966
0.15956
1.44921
0.55332
1.57081
0.61771
1.57314
0.08065
0.61797
0.21424
0.53384
0.66373
2.12184
2.81025
0.00112
0.30674
0.86207
0.00633
0.15138
1.24275
0.26835
0.00002
0.00017
1.17434
0.00001
2.30206
3.13016
0.01869
0.06212
2.49018
0.27496
0.06314
0.00040
0.00000
1.55928
1.04260
1.92303
0.00068
2.28973
0.00091
1.15171
0.00001
0.70541
1.66916
0.20810
0.00027
0.00648
0.63054
0.00192
0.02489
2.05680
0.46688
0.22832
0.68166
0.00035
0.02837
0.85250
0.01649
2.25291
0.46616
0.01501
0.82685
1.40656
0.04042
2.13504
0.00087
0.66305
0.00073
1.81825
0.00049
0.04212
0.00587
0.33926
0.59167
2.78297
1.93619
0.75362
0.00186
1.51107
0.00012
0.21593
0.00164
0.37947
0.00479
1.41566
1.30823
0.00021
0.00022
1.71686
0.00089
0.42381
0.00065
0.26764
0.00351
1.21616
0.00051
0.00436
0.27851
0.00108
0.00207
0.00001
0.06487
2.86767
0.94304
0.80997
0.69331
0.00015
0.79057
2.33907
1.48304
0.82711
0.02194
0.00000
1.41181
0.00154
0.57516
0.66139
0.00000
1.05912
1.67733
0.00000
0.11697
0.00019
1.08884
2.82358
0.02512
0.84238
0.11697
0.69777
1.81136
0.73061
0.43398
0.18095
0.03609
0.00005
0.00168
0.00681
0.01326
0.00000
0.00006
1.28358
0.00229
0.75783
1.70960
0.05497
1.66685
2.09657
1.18007
0.09989
0.00240
0.00011
0.59226
1.32932
0.00060
0.86293
0.00528
0.00000
0.31025
0.00201
0.03514
0.03603
0.00837
0.06727
0.02657
0.00000
0.01105
0.10031
3.39927
0.79149
1.70629
0.12619
1.65239
0.00000
0.03902
0.00002
0.00226
0.44191
0.00042
0.00000
0.35178
2.43756
0.00019
0.00762
0.00975
0.01468
1.95534
2.17338
0.00102
0.56005
0.19941
1.70849
0.00001
0.00287
1.04045
0.10782
0.00038
0.00001
2.51461
0.00014
0.30728
0.00000
0.00092
0.00000
0.00000
0.07407
2.01022
0.20533
0.00013
0.81270
1.95266
0.04796
0.86602
0.75790
0.80379
0.00108
0.04455
0.01064
0.00055
0.00654
0.03051
1.29819
0.00000
0.43339
2.31199
1.72831
0.12823
0.22213
1.00919
0.01324
0.00032
1.20853
0.01218
0.00001
0.00000
0.27412
0.00011
0.02072
0.03499
0.00009
0.00001
0.63156
2.39148
0.32058
0.00005
0.45711
0.36001
0.32889
0.68768
0.34836
0.05594
1.76982
0.22737
0.00041
0.54226
1.75456
0.03965
0.52644
0.00404
0.36947
0.69026
1.25259
0.00021
0.00637
0.00002
0.45874
0.52476
0.00163
0.31106
1.33236
0.02729
0.00394
0.00184
0.14529
0.00111
0.00008
0.00348
0.15267
0.01416
2.28396
2.80644
0.00082
0.19780
0.25346
0.00050
0.22396
0.17214
0.00233
0.00436
0.00512
0.13078
0.14128
0.54297
0.06739
0.00016
0.71965
0.14832
0.00005
0.04535
0.00757
0.38559
0.17554
2.89517
0.00020
0.05884
0.30614
0.31761
0.93837
2.75201
0.00002
0.00468
1.94120
0.34147
2.36949
0.16162
1.59827
2.03742
1.67582
0.00140
0.00083
0.10374
2.58273
0.61999
0.14058
0.00010
0.00002
0.00442
0.47214
0.14730
0.00001
0.06867
0.06999
0.00166
1.18302
2.44239
0.04616
0.00141
0.16080
0.25864
1.43017
1.94338
0.00449
0.78099
1.36900
0.15710
0.00000
0.00008
1.68715
0.00045
0.46777
0.15745
0.00020
0.25129
0.00002
0.86746
0.93326
0.21411
2.44292
0.55502
0.00123
0.16202
0.00034
0.37720
0.00121
2.61309
0.07319
0.00780
0.00098
0.04065
1.70700
0.04252
0.29495
0.11463
0.00004
0.08332
2.14416
0.06057
0.00603
1.42589
0.47991
1.82120
0.03312
2.09659
0.49212
0.71644
0.11324
0.43171
0.60325
2.15474
0.48665
0.00430
0.04348
0.26600
0.00000
0.45109
0.01421
2.11967
0.37058
0.10003
0.02838
0.08399
0.00000
0.00000
0.00000
0.01919
0.00002
0.73636
0.09520
0.00679
0.42967
0.00013
0.90652
0.67504
0.00002
0.00894
0.17559
2.62912
0.00594
0.06398
0.00001
0.00000
0.51780
0.00326
0.00052
0.00013
0.00138
2.54861
0.64439
0.00960
2.68558
0.30726
0.12151
0.02725
2.19319
0.00000
2.41396
1.68241
0.36978
0.01486
0.16763
0.02384
1.19115
0.59984
0.02321
0.00000
0.04674
0.23983
0.03105
0.75320
1.14444
1.44557
0.06681
0.05820
0.00375
0.21834
0.91947
0.00889
0.27417
1.05847
0.30896
0.00019
0.00637
0.00177
1.36907
2.35654
0.29365
0.16578
2.41382
0.00173
0.05430
0.12358
0.38450
0.02965
1.60243
0.72097
0.00290
0.09750
0.00093
0.00187
0.07244
0.00001
0.00866
0.25783
0.00113
0.00002
0.00001
0.50858
0.07381
0.00001
0.00018
0.00330
1.68931
0.84943
0.00001
0.22387
0.01818
2.58147
0.57559
1.13271
0.61648
0.00206
2.43085
1.09570
0.08361
1.50938
0.33232
0.02467
0.00170
0.34146
0.08630
0.10045
0.12102
1.02933
1.23516
0.47864
0.13684
0.03658
0.19441
0.75524
1.32787
0.20646
0.82199
0.28106
0.43645
0.71257
0.25927
0.00126
0.01111
1.01854
0.00009
0.01096
0.00104
0.00036
1.11906
1.02656
1.00780
0.02693
1.76984
0.18508
0.76333
0.00101
0.00936
0.04790
0.00528
0.00000
0.00187
0.23043
0.00784
1.86529
0.00238
0.00810
1.26109
0.00100
0.01307
0.00069
2.30614
1.67635
0.83221
0.01365
0.66522
0.00001
0.00448
0.51847
0.00068
0.00036
0.12689
0.01330
0.00029
0.00001
0.46874
0.84137
0.00235
0.13040
0.01014
1.11028
0.00114
0.88399
0.02935
0.22601
0.00005
2.36213
0.61045
0.12939
0.10592
0.70818
0.09894
0.75951
0.74472
0.00018
0.00460
1.46867
1.30419
1.94346
0.04751
0.46299
0.07401
2.35700
0.00000
0.94882
0.00051
0.95161
0.12684
0.00021
0.00000
0.15433
0.00091
0.41439
1.37312
1.00715
0.00613
0.00761
0.00015
1.56043
0.02202
0.00000
0.00028
0.89862
1.94374
1.51806
0.51881
1.40849
0.91778
0.00004
0.79094
0.85484
2.64644
1.17072
0.01851
0.00004
0.39053
0.00065
0.30717
0.31731
0.00599
0.00001
0.05407
0.82766
0.03591
0.91356
1.76679
0.00069
0.00555
0.08778
1.94739
0.61316
0.18100
0.00851
0.00069
1.20961
0.08360
0.00009
0.00363
1.48440
1.34863
0.60461
0.24625
0.00000
0.31484
0.00407
0.00843
0.91795
0.00007
0.00094
2.18657
0.75026
0.15699
0.89146
0.00001
0.09422
0.01080
0.00000
1.44580
1.34997
0.04755
0.48362
0.00011
0.10387
2.41504
0.07632
0.00038
0.20268
0.21946
1.58757
0.00026
0.00163
0.01700
1.18034
1.47480
0.00005
0.26794
0.00059
0.00144
0.00527
0.01744
0.00953
1.64839
0.00085
0.85824
0.00347
0.00022
0.00485
0.00045
0.80549
0.00005
0.82602
0.00237
0.24416
1.42816
0.86104
0.27443
0.00638
0.00487
0.06619
0.00007
0.49103
1.32399
0.06981
0.02193
0.01012
1.23061
0.00370
1.73795
1.35256
0.00755
0.00000
0.00012
2.65580
0.51064
0.00233
0.81752
0.00000
0.21237
0.00046
0.28015
0.00426
0.00236
0.85276
1.21602
0.62479
0.00160
0.83249
0.00870
0.00117
2.91551
0.06701
0.00013
0.03050
0.00425
0.00016
0.13582
0.01677
0.02390
0.44086
0.47139
0.19679
0.07356
0.38279
0.00000
0.86052
1.15259
2.41819
1.58564
3.45968
1.61190
0.16959
1.04700
0.01688
0.00644
0.00000
0.83642
0.06470
0.02292
1.08803
0.68497
0.85345
1.95921
2.05653
0.00035
0.02140
0.92755
0.00044
0.00221
2.34726
2.05715
0.00884
0.00491
0.00000
0.00057
0.42842
0.00002
0.00049
1.02176
2.03839
0.22288
0.89614
1.55056
0.00000
0.04072
0.30819
0.10703
1.46694
0.01572
1.16507
1.80420
0.00058
0.98169
0.18811
0.00000
0.96167
0.21749
0.46924
0.00065
0.99273
0.02872
0.18342
0.03763
0.48915
0.00009
0.92810
0.00007
1.36773
0.00745
1.28037
0.78059
0.00020
1.47705
0.01102
2.03010
0.70034
0.69045
0.56890
0.00171
0.06579
1.03770
0.00183
0.06790
0.61882
0.41726
0.07650
0.03908
0.00000
0.08495
0.00036
0.13588
0.13521
0.15325
1.44619
1.49277
3.25717
0.00119
0.05934
0.00001
0.00974
0.04094
0.16664
1.13860
1.61134
0.03330
0.00067
0.01313
0.00011
2.64039
0.00060
0.00872
0.00182
0.03333
0.00278
2.72177
0.00002
0.19694
0.00041
0.00056
0.16363
0.04848
0.45811
0.22266
2.53888
0.01258
0.00038
0.51142
0.00097
0.55545
0.00000
2.01385
1.99689
0.13721
0.11894
0.72922
0.02884
0.00007
1.02050
0.03421
0.90254
1.50108
0.74574
1.31850
0.06204
1.03532
0.00053
1.35380
0.00172
0.00007
0.09819
0.00708
0.00002
0.00001
0.03576
0.08343
0.38060
0.15022
0.00025
0.00028
0.10480
0.67218
0.00050
0.70840
1.43367
0.01672
0.45352
3.08037
0.08979
0.79063
0.11206
0.00327
0.51373
1.61738
0.45573
0.00002
1.43947
0.79611
0.00338
0.00036
0.00001
0.12071
0.00270
0.00027
0.06571
0.03895
0.04625
0.03764
0.25703
0.12450
0.00092
0.24376
0.14644
0.02257
0.00136
0.10078
0.46748
0.84285
0.71626
0.11691
0.00798
0.00077
0.03988
0.00369
1.61002
0.23638
0.00284
0.31819
2.57629
0.08884
0.39516
0.00169
0.09730
0.15896
0.00001
0.19492
0.00000
0.53313
0.00162
2.74661
1.03031
1.61837
0.00034
0.06079
0.03483
0.49634
0.18385
1.78372
0.00000
0.00676
0.84900
0.53078
0.05925
0.01536
0.13729
0.01213
0.00035
2.12694
1.22525
0.22257
0.03657
1.95131
0.00251
0.00067
0.87982
1.43514
0.00056
0.06214
0.30879
0.00007
0.00204
0.45715
2.52614
3.16034
0.21076
0.00858
0.84795
0.32109
0.11554
0.05330
2.14364
0.00000
0.00000
0.63522
2.10105
1.87870
0.98257
0.00000
1.82291
0.13030
0.07080
0.16824
0.06939
2.47322
2.05213
0.00003
0.00159
0.00018
0.36402
0.00000
0.73655
0.00955
0.88682
0.41245
0.85955
0.00351
0.61664
0.00314
0.17608
0.16577
0.76861
1.10963
0.15867
2.06061
0.24111
0.00650
0.06778
0.83488
0.00000
0.00009
0.00514
0.79622
0.00013
0.69382
0.05818
0.00182
0.48533
0.00030
0.49050
0.00000
0.00394
0.00000
0.54662
0.35882
0.07302
1.08883
0.71159
0.18194
1.52042
1.30835
0.06701
0.00878
0.00076
1.08410
0.10469
2.55528
0.00049
0.00000
0.50320
0.07776
0.22968
0.68327
0.79251
0.00006
0.03235
0.00000
0.00000
0.20413
1.95388
0.10865
0.01618
0.52102
0.70254
0.02462
0.02956
0.12245
0.00040
0.78750
0.09956
0.54591
0.01282
0.05332
0.00842
0.04920
0.00006
0.01554
2.54382
0.06300
0.12874
0.01617
0.00222
1.14728
0.00005
0.59957
1.03137
0.51242
0.00131
0.62315
1.24801
2.84888
0.55996
0.00000
0.32535
0.26245
0.52243
0.04762
1.41566
0.99827
2.07089
0.01054
0.97989
0.89468
2.91859
1.53289
2.16564
0.00117
0.00023
0.00028
0.98476
0.00046
0.34446
0.18335
3.63494
1.00180
2.49057
0.74812
2.04257
0.00044
0.91776
0.93828
0.00000
0.02721
1.07560
1.49110
2.10871
0.04827
1.85587
1.02322
0.00031
1.73562
1.31198
0.00402
0.00001
0.00000
0.03239
0.00000
0.00004
0.00044
1.23047
0.88527
0.04317
2.78321
0.00126
0.00987
0.23614
0.01060
0.01291
0.87919
0.09422
0.14104
0.15010
0.44097
1.46474
0.00045
0.00013
0.82648
0.55494
0.00001
0.78904
0.44102
0.00054
0.03211
1.98025
1.45286
0.00012
0.36399
0.62427
1.60040
0.00014
0.00003
0.00001
1.77444
0.00007
0.00040
0.03008
0.81803
2.45419
1.58429
0.00000
0.00143
0.00000
0.11262
1.33837
0.74151
0.00601
0.00000
0.00600
0.01130
0.00001
0.00001
0.11896
0.33792
0.04777
0.82427
0.14210
1.66471
1.47810
0.04041
0.00015
0.00988
0.00580
0.00048
0.00154
0.76979
1.47270
0.00005
0.01482
0.81708
0.04355
1.83821
2.25946
0.22650
1.26043
0.06604
0.87840
0.00004
1.16991
0.00001
0.00064
2.65285
0.30273
0.00337
0.99764
1.03493
0.54211
0.00000
0.00006
0.59057
0.53529
1.53976
0.65514
0.00000
1.73067
0.19031
0.82510
0.02130
0.02431
0.49352
0.82208
0.00126
0.38713
0.01946
0.00037
0.03159
0.69883
1.67292
0.00063
0.08711
0.00001
0.01665
1.89535
1.67190
0.30528
0.85954
0.19786
3.35867
0.24351
0.36957
0.01441
0.00000
2.19218
0.00063
0.55218
0.63250
1.31411
0.00647
0.00002
0.30302
1.04479
3.04680
3.23581
0.05499
0.36525
2.06153
0.00008
0.00037
0.06733
0.80785
0.91168
0.72830
0.08112
1.09176
0.02688
0.00036
0.14012
0.01137
0.00054
0.05745
0.50338
0.03850
1.34077
0.00646
0.92305
0.02707
0.08211
0.02176
0.74714
0.00482
2.34532
1.88210
0.00221
0.63537
0.01103
0.01631
0.00018
0.00002
0.05450
0.00006
0.43759
0.03482
0.40534
1.08428
0.00064
2.05452
0.01964
0.23120
0.02225
0.06680
1.04165
1.19472
2.35076
0.00000
1.79336
0.00467
1.15269
1.16736
0.00000
2.57897
0.94493
2.51637
0.00039
0.21657
0.95531
0.00002
1.49599
0.48969
0.01135
1.61984
0.93596
0.00000
0.00069
0.00082
0.09253
1.00765
1.25341
0.71258
1.01095
0.53927
1.38774
2.98018
0.00791
0.97597
0.48011
1.94618
0.81247
0.06792
0.61225
2.27809
0.57650
0.00000
0.00000
0.00588
0.00590
1.34513
0.00200
0.00043
0.99565
0.02073
0.00002
1.59290
0.00344
0.02938
0.34358
2.19111
0.00013
0.00313
0.00015
0.00023
1.43218
0.07032
0.00000
0.00000
0.67972
0.00586
0.15976
0.67048
1.79320
0.00048
1.41984
0.00969
0.03030
0.47046
0.06155
0.06113
0.55109
0.00003
0.50198
0.51410
0.44625
0.00042
0.00000
0.72320
0.39006
0.02302
0.71571
0.00477
0.03170
0.44254
3.03523
0.00000
0.01985
1.48248
2.50960
0.07625
0.19212
1.11038
0.00174
0.10779
0.66016
0.00382
0.00027
0.86622
2.04164
3.26152
0.00018
0.77594
1.46297
0.64897
0.04699
0.06814
0.94067
0.00006
2.16904
0.31142
0.64170
0.17060
0.01337
0.13517
0.00080
0.00000
2.69511
0.00627
0.20804
0.12456
0.00003
1.90915
2.68973
0.06860
0.07095
0.00010
0.33241
0.38721
0.17354
0.03037
0.29521
2.49263
0.58347
0.15140
2.28371
0.08186
1.15026
0.90523
1.60876
0.26495
0.00003
0.19164
0.00850
1.60078
0.80131
1.88108
0.00853
0.00367
0.62697
0.00153
1.05876
0.32015
0.05923
0.00000
0.04335
0.00000
0.00015
0.00019
0.00528
0.70665
0.00003
0.00423
2.37984
0.84412
0.00572
2.47820
1.61985
0.00030
0.19426
0.00005
0.00009
0.11599
2.70701
0.30366
1.29997
2.66203
0.00517
0.47871
0.03788
0.00001
0.48707
0.00203
0.00013
1.78940
0.00400
0.71103
1.59101
0.00350
0.01726
2.21095
0.07207
1.47129
0.19307
0.00968
0.05998
0.04692
1.14770
0.00002
0.00037
0.45677
0.00003
2.29482
0.00596
0.32019
0.57948
0.00102
0.00000
0.27674
0.00349
1.60430
1.14467
0.00666
0.01026
0.33446
0.06428
0.31457
0.00064
0.56156
0.00848
0.04938
0.00003
0.00013
0.19955
0.90380
0.00013
0.07355
0.15861
0.27979
0.16165
0.00002
0.08193
0.00023
0.12727
0.00989
0.00055
0.33165
0.09443
0.00000
0.05278
0.90754
0.00087
1.66900
0.28977
0.00001
0.40655
1.08964
0.22101
0.38240
0.05693
0.57582
0.03855
0.03206
1.45728
1.11959
0.39534
2.13402
0.00026
0.76961
0.00000
0.00247
0.01125
1.06961
0.00108
0.00235
1.24252
0.63441
0.01068
0.03550
1.69208
0.00477
0.40887
1.50065
0.49695
0.27187
0.00002
0.00096
0.20486
0.03683
0.32834
0.00010
0.22797
0.00006
0.05952
0.32755
0.00048
1.32662
0.07025
0.03259
0.00171
0.32565
0.62609
0.61659
0.00009
0.03278
0.00218
0.29640
0.01522
1.22870
1.11501
0.03624
0.00000
2.37002
0.07534
1.43591
1.67946
0.00044
0.08486
0.08336
0.00000
0.00592
1.27161
0.02096
2.53598
0.00004
1.10233
0.00216
0.05843
1.39441
0.00000
0.03911
0.00490
0.05764
1.12075
0.04309
0.68916
0.00800
0.00003
2.34098
1.49550
0.20704
0.00005
2.61885
3.19794
2.98258
0.00000
0.00007
0.03274
1.07988
0.54078
0.37731
0.33638
1.57526
0.16644
0.32641
0.42848
1.06706
0.81815
0.44570
2.07995
0.04622
0.53051
0.69903
0.13804
0.01619
0.00000
0.03851
0.71587
2.85778
0.38293
0.58803
0.35608
0.00311
2.23913
0.00625
2.13670
0.00002
0.00104
0.03633
0.03463
0.00197
2.36021
0.00018
0.25698
0.45624
1.36341
1.73163
2.34253
0.04722
0.01659
1.20440
0.16732
0.01497
0.29571
2.49691
0.00867
0.03571
1.52139
0.00097
0.04049
0.32391
0.00174
0.04294
0.00084
0.01717
2.13938
0.01464
1.89379
0.01428
0.25843
1.38572
0.00001
0.42590
0.04401
0.10688
0.08782
0.74476
2.02394
0.78935
0.11334
0.02561
0.20287
0.00732
0.01547
3.15228
1.21299
0.00000
0.00001
0.00358
3.03986
0.70183
0.84180
0.03902
0.01075
0.00062
0.06044
0.12580
0.38995
2.41869
1.74681
0.59832
0.88858
0.01614
0.02900
0.06232
0.08442
0.72437
0.00100
0.00035
0.21492
0.79917
3.11636
0.82837
0.02174
0.35537
0.00667
0.08513
0.00011
0.11898
0.00302
0.00055
0.04886
0.00004
0.00107
0.45826
0.00069
1.20273
0.00210
0.00000
1.28435
0.45595
1.00806
0.09500
1.07715
2.73815
1.13935
0.00013
0.81801
1.01655
0.04014
0.63735
0.00088
0.30721
0.00071
0.00094
0.10670
0.00032
0.01036
0.00160
0.00000
0.00290
0.00117
0.00000
1.16259
0.00105
0.00107
0.00016
0.00004
0.69418
0.00000
0.00782
0.43900
0.00039
0.00284
0.00020
0.00105
0.14039
1.70921
2.20501
1.12365
0.35894
1.72190
0.00011
0.00049
1.05179
0.22321
0.00005
0.00004
0.00052
0.07768
0.00000
0.62605
0.10282
0.07537
1.55260
0.00000
0.00405
0.08639
0.00528
2.43872
0.70551
0.30887
0.07440
0.04820
0.37567
0.13117
0.57940
0.00224
1.01944
0.54290
2.08050
0.73003
0.01191
0.72762
0.00616
0.09478
0.01699
0.00004
0.00001
0.68539
1.59640
1.83272
0.00114
0.00006
0.00060
1.92959
0.00011
0.00695
0.00003
0.00030
0.04342
0.57416
0.33688
0.04781
2.60026
2.58751
0.00000
0.05738
0.76563
0.00559
0.00015
0.42031
0.00484
0.00560
2.08113
0.11290
3.35669
0.01697
0.00900
0.00000
1.73956
0.46142
0.18294
0.00254
0.00086
0.73361
0.12017
0.05168
0.12751
0.00000
0.24048
0.00179
1.64365
0.00496
0.01225
1.34844
0.03866
0.76368
1.11260
1.45081
0.02160
0.06360
0.09459
0.00148
2.19229
0.27928
0.00003
0.00037
0.00298
0.00000
0.01096
0.00000
0.02348
0.90922
0.00071
0.93166
0.00153
0.00000
1.65540
0.85392
1.56328
0.01554
0.00145
0.00595
0.00000
0.00000
0.02931
1.11765
0.01711
0.00000
1.44553
0.00096
0.11475
0.01408
0.04870
0.00000
0.05379
0.50154
0.00024
0.21261
0.03220
0.01492
1.94105
0.03536
0.01691
0.46155
0.05502
1.08081
0.06930
0.01294
0.11677
0.01098
0.00067
0.00636
0.04073
0.00008
0.01717
1.32746
0.00054
0.11436
0.00001
0.32101
0.00814
0.00348
0.25551
0.27461
0.00108
2.50927
0.26709
0.00305
2.11699
3.03309
1.69507
0.00019
0.00001
0.75109
0.00483
0.00001
0.02417
0.42839
1.67555
0.33981
0.80457
1.00884
0.71086
0.62010
0.03957
0.79466
0.41367
0.63193
2.30113
0.69612
0.10262
0.00359
0.18766
0.00013
0.00166
0.12470
0.00059
0.00307
1.39967
1.08978
0.00241
0.02302
0.03504
0.00004
0.00164
0.74500
0.67644
0.25702
0.00105
0.00091
0.67575
0.00006
0.19044
0.00000
0.00389
0.00002
1.55136
0.00000
1.65431
0.02272
1.26075
0.41222
1.70286
0.52886
1.16390
1.98121
0.19911
0.06640
0.00000
0.17402
0.00542
0.03101
0.19727
0.29780
1.09262
0.00025
2.66736
0.74626
0.00001
0.87835
0.83522
0.00077
0.85008
0.54003
0.00099
0.12074
2.28873
0.00863
1.51163
0.00023
0.79949
0.08791
0.25491
0.06669
0.00058
0.64967
0.45826
0.04650
0.00001
0.00053
0.04452
0.00792
0.00276
0.03990
0.12956
0.00622
0.01385
0.14814
0.00257
0.00005
0.06471
0.05487
0.03120
0.77521
2.29742
2.09366
0.61761
0.00000
0.18065
0.07992
0.01243
0.26391
0.25878
0.03635
0.29986
0.12140
0.78385
0.00172
0.27708
0.00000
0.00056
1.05026
0.04706
0.00052
0.00000
0.09170
0.00036
0.04559
0.39690
0.32025
0.02602
0.50778
0.00231
0.00003
0.11607
0.00798
2.69376
0.58869
0.87545
0.01186
0.37359
0.82106
0.44355
0.21242
0.00651
1.97174
0.19423
2.44735
1.71692
1.85979
0.01939
0.64123
0.01797
2.82707
0.44965
0.01200
0.24017
0.00137
0.00017
2.25683
0.00000
1.88375
1.21009
0.03713
0.00001
1.51781
0.52708
1.15925
0.14194
0.00915
0.00002
0.06719
0.71802
0.00009
0.00190
1.83484
0.00001
0.03112
0.14171
0.00161
0.00547
0.03049
0.04592
0.01400
0.10604
0.01002
0.96950
0.19751
0.46412
0.02985
0.40364
0.11748
2.28473
0.06265
1.55691
0.71937
0.40702
0.41383
0.00000
0.41632
0.00053
0.24651
1.37927
0.10687
2.74344
0.73813
0.00018
0.08080
0.04952
0.00102
0.43556
0.04091
0.00012
0.00116
2.44393
0.00029
0.44105
1.10071
0.12309
0.00051
0.00137
0.00000
0.00002
1.43701
1.64139
0.31347
1.13945
1.39904
1.61127
0.00092
0.05237
0.90984
0.78935
0.00145
1.08251
0.02325
0.00002
0.00268
1.23816
0.02235
1.01314
1.84275
0.19250
0.00083
0.00508
0.91161
0.40953
1.62472
0.00175
1.18431
0.11229
2.31227
1.13498
0.00002
0.00003
0.00056
0.07320
0.34943
0.00831
0.18476
0.00498
0.89128
0.01998
2.46996
0.00070
0.00198
0.00009
0.03779
0.01473
1.64959
0.00097
2.18552
0.00302
0.00009
0.00000
0.00117
0.04509
0.00088
0.00000
0.00003
0.00001
0.00000
0.00006
0.00000
1.66443
0.00002
0.09662
0.16340
0.77018
0.00403
0.80764
1.37274
0.57958
0.15553
1.30385
0.80366
0.59982
3.31412
1.88016
1.80494
0.97832
0.87148
0.00000
1.41531
0.01215
0.05040
0.05688
1.59194
0.00520
0.02322
0.01643
0.00282
0.15384
0.05866
0.00408
1.12748
0.52252
0.00106
2.28269
0.28685
0.64820
0.46538
0.00881
0.00055
0.05548
0.00010
1.99326
0.19641
0.18630
0.24850
2.88325
0.37656
0.00001
0.00000
0.17866
1.83135
1.67945
0.42939
0.01155
3.05550
0.01803
0.45661
1.62609
0.00508
0.00429
0.00718
0.04673
0.00012
0.00008
0.02268
0.00005
0.00000
0.95682
0.70001
0.00178
0.49170
0.00535
0.02909
0.17188
1.97843
0.09364
0.00039
0.32321
0.23653
0.07816
2.00833
0.00002
0.72009
1.36807
0.00965
0.00808
1.65052
0.47312
0.05637
0.00313
1.43682
0.00007
0.09397
0.69200
2.36289
0.36646
0.00013
1.46565
0.03106
0.15351
0.91954
0.00001
0.74761
0.00935
0.00061
0.12284
0.00000
0.00049
0.30348
2.10083
0.00154
0.08164
1.63185
0.04947
0.00033
0.00025
2.11173
0.17271
1.74198
0.00279
0.00000
0.12611
0.28817
0.99667
0.54584
0.00016
0.00912
0.89823
2.18324
2.06390
0.00075
0.03153
0.07065
0.00356
0.00148
0.12459
0.12066
2.80229
0.26869
0.01737
0.00542
0.12919
2.17159
0.03912
0.00002
2.20020
0.00388
2.15318
0.29308
0.00014
0.00000
0.28264
0.13541
0.00000
0.00143
0.00067
0.01041
1.28238
1.06911
0.25358
0.00121
0.00000
0.02221
1.51908
2.82660
1.75215
0.07972
0.00000
0.36895
2.27171
0.00255
0.12137
1.44927
2.42936
0.43466
0.00019
0.24934
0.88549
0.00392
0.00011
2.24517
0.93106
0.85169
1.31536
0.00127
0.04370
1.47606
0.01007
0.65731
0.00010
0.17398
0.75122
0.45856
1.49415
0.00547
0.00166
0.51909
0.00038
0.00238
0.00075
0.00027
0.05309
0.53846
0.68541
0.37247
2.09430
0.00035
0.00004
0.03789
0.00046
1.68357
0.90583
0.00553
0.13652
0.03482
2.49234
0.00428
0.07436
1.05742
0.03539
0.00831
0.54939
0.00005
1.14599
1.48028
0.00004
0.00142
2.44960
0.01256
0.05469
0.24009
0.89373
0.00611
0.09736
0.01705
0.00122
0.49637
0.01215
0.00314
0.00061
0.64166
0.54107
0.45157
0.00268
0.41170
0.05566
1.73945
0.37231
0.53719
0.00368
0.00002
2.17007
0.39771
0.00005
2.11772
0.51194
0.29961
0.00003
0.15160
0.00162
2.11851
0.54035
1.43906
0.99333
0.02953
1.31866
0.00018
0.01568
1.49629
1.38913
2.69095
2.05416
1.60236
0.00345
0.00015
2.68748
1.75649
1.19366
0.20846
0.15551
1.00909
0.28437
0.10753
0.01236
0.44140
0.06796
0.10940
0.00003
1.88041
1.58027
0.11867
0.03043
0.01075
1.43103
0.00004
0.00257
2.99711
0.55320
1.40537
1.26662
0.05515
0.13466
0.95375
0.00058
2.95875
0.84113
0.12548
0.00156
2.43356
0.01323
0.06854
0.00654
0.39545
0.00002
0.04230
0.13594
1.83158
1.26093
0.00906
0.00000
0.86618
0.03207
0.00000
1.41710
0.00000
0.58544
0.28727
1.48892
0.00050
0.00010
0.00152
0.00314
0.00363
1.40496
1.82043
2.17070
0.29389
0.68362
0.29837
1.04466
0.12196
0.24683
0.00515
0.47946
0.74262
1.78497
0.00004
2.22250
0.00026
0.40852
1.36750
0.00705
3.21172
0.98858
0.00345
0.00129
0.00121
1.87777
0.12582
0.04513
0.00420
0.06397
0.03246
0.22262
0.01959
0.00004
0.63396
0.06285
0.47701
0.06020
0.09936
1.14601
0.00015
0.44456
0.53908
1.41243
0.00000
0.00526
0.48778
0.06410
0.00009
1.04249
0.43852
1.00109
0.04100
0.00543
0.02183
1.36714
0.01995
1.08469
0.00001
0.44780
0.09556
0.00293
0.12016
0.00260
0.19167
0.03468
0.00024
0.22139
0.10569
0.00287
0.25016
0.00001
0.44983
1.65445
1.12599
0.00096
0.40512
0.00126
0.00079
0.00000
0.00011
2.50916
0.00000
2.03758
0.01415
0.32272
0.27372
0.01865
0.08733
0.00002
0.13102
0.00013
1.16864
0.42754
0.02574
0.01516
1.06330
3.03221
0.30543
0.01884
0.00003
2.25860
0.00001
1.72331
0.22094
0.67524
0.19809
1.73468
0.16924
0.00193
0.28718
0.00001
2.40309
0.22596
1.54468
0.05113
1.28685
0.05122
0.00405
0.08044
1.57442
0.00959
2.49588
1.37303
0.11128
0.00972
0.00014
0.08280
0.01735
1.78994
0.00033
0.59953
0.01824
0.00004
0.49822
0.00124
0.39636
0.00002
0.04337
1.73405
0.00139
0.85549
0.00007
0.00000
0.00186
0.00009
0.00056
0.00010
0.24282
1.91323
0.01891
0.42695
0.42434
0.70284
1.49068
0.03362
0.00002
1.06300
0.00007
2.26767
0.28823
1.05491
0.56462
0.04436
0.05562
0.00433
0.00106
0.96473
0.00010
0.06713
2.42503
0.03311
1.85239
0.02068
0.00137
0.74487
0.36960
0.20540
0.03838
2.70324
0.00001
1.53996
0.01616
0.05421
0.65185
2.45877
1.46152
0.02438
0.35342
0.02228
0.92234
0.01315
0.08179
0.11582
0.35339
0.00085
0.98617
0.00936
0.01946
2.79842
0.02252
0.88596
0.50648
0.00582
0.00945
1.86019
0.06929
0.00002
0.00000
0.02387
0.70127
0.93416
0.03150
2.37349
0.58590
0.04595
0.00184
0.26919
0.00228
0.00004
0.39454
0.00861
0.05397
0.01894
0.00012
0.32576
0.00016
0.20716
0.21584
1.00158
0.00033
0.29282
1.64999
0.00006
0.00020
0.20904
1.57128
0.71441
0.00724
0.09342
0.57428
0.33872
0.02789
0.17950
0.10438
3.10222
0.97711
1.04551
0.01385
0.84490
1.55036
1.91410
0.21984
1.65984
1.71467
2.99321
0.00001
0.66446
0.00000
0.72255
0.00000
2.44363
0.68447
0.16692
0.58301
0.30808
1.15012
1.69820
0.00055
0.13026
0.00027
0.00026
0.08613
1.86085
0.38591
1.54261
0.00008
0.89192
0.01564
0.00000
1.27207
0.07496
0.02017
2.56766
0.03297
1.47039
0.02662
0.22171
0.00022
0.94929
0.04022
2.92504
0.00028
0.00012
0.08739
0.06377
2.89424
2.17006
2.86497
1.16379
0.75837
0.00280
0.00009
1.50390
0.02184
0.00018
2.16475
0.56195
0.71230
0.94228
2.71156
0.00404
1.22344
1.10334
0.08492
0.45171
0.00001
0.00022
0.89552
0.00734
1.34709
0.00058
0.00000
2.56872
0.18904
0.00910
1.85723
0.74597
0.06590
1.34447
0.53842
0.60085
0.00046
0.68784
0.01170
0.51461
0.00094
0.33885
0.19537
1.07499
0.00031
0.16052
1.11946
0.04155
2.03149
0.77768
0.00789
1.06519
2.19274
1.86567
0.00196
0.37894
0.00000
0.07428
0.00048
0.91892
0.00001
1.71579
0.00018
1.32963
0.00017
0.11215
0.02230
0.88697
0.02097
0.09613
1.02525
0.00096
0.00007
3.21680
2.69727
0.68606
0.00139
0.04704
0.06963
2.78150
0.00703
1.30287
0.00002
1.32478
0.15819
0.00086
0.00000
0.84642
0.00347
1.19665
2.84502
0.04106
0.70289
0.99397
0.00055
0.60563
1.70582
0.00187
0.01046
0.13953
1.29840
0.00073
1.27863
1.39483
0.00001
0.02497
0.10851
0.16252
0.04789
0.00285
1.75979
0.27733
0.00000
0.00003
2.99432
0.00464
0.65200
1.66359
0.59420
2.09535
1.47244
1.45164
1.50680
2.51662
0.00357
0.01442
1.80269
0.30500
0.00379
1.05210
0.88171
0.00112
0.07551
2.38767
0.00140
1.89142
0.01660
0.72706
2.85369
1.83634
0.00634
1.18621
2.64248
0.00036
0.34505
0.13144
0.42553
0.00180
0.26147
0.52034
0.00020
2.02439
1.85063
0.35095
0.00005
0.00000
0.40659
0.00007
0.00017
0.11934
0.21991
0.01430
0.91583
0.00096
0.05593
0.72057
0.45653
0.09780
0.02889
1.26818
0.95116
0.37137
0.02670
0.13248
0.00200
0.00195
0.12122
0.00000
0.00028
0.00248
0.00474
0.02340
0.74198
1.59394
0.18820
0.00032
0.74568
0.16985
0.28920
0.02656
0.36182
0.00008
1.01096
0.00000
0.10620
0.47126
0.21761
0.06040
0.14585
0.00028
0.00563
0.00561
0.04014
0.03667
0.06000
0.56595
0.03614
0.04470
0.00649
0.01425
0.45328
0.00746
0.76687
0.00323
0.00573
0.00526
0.29383
0.43108
2.49933
0.00071
0.30481
1.74004
0.17016
1.28099
2.18637
0.01450
2.72506
1.07149
1.18911
0.08786
0.58926
0.01790
0.06931
0.00075
0.00984
0.00000
0.05259
1.90455
0.97839
0.00053
0.00031
1.82578
0.07498
0.10662
1.42212
0.09324
3.01976
1.25759
1.04541
0.23887
2.50865
1.44009
0.00499
0.08842
0.00036
0.12826
0.77751
1.31985
0.00298
0.00006
0.04028
0.04222
0.00000
0.63831
0.00004
0.00359
0.50029
1.39859
0.00288
0.00000
0.00116
0.00000
0.02450
0.00197
0.35605
0.01919
1.91299
0.12926
0.54658
0.08367
0.00000
1.95597
2.77525
0.16596
0.00193
1.09290
1.54827
0.00002
0.03892
0.00383
2.03283
0.01561
0.27205
1.33115
0.00439
2.60222
0.00148
0.00014
0.91857
0.00035
0.00000
0.28727
0.00133
0.75137
0.02183
0.00254
0.06388
0.50736
0.12402
0.00164
0.00057
0.02784
0.69549
0.37412
0.52875
0.19595
1.87625
0.19534
0.00000
0.00518
1.04251
0.43054
0.01133
0.33082
0.39394
2.96709
0.00000
0.05743
0.00127
0.02155
0.00004
0.00109
0.00027
1.06027
0.33137
0.06979
0.73158
0.00000
0.70144
3.10752
0.06833
0.70282
0.23704
0.02052
0.02158
0.00249
1.30475
0.00007
1.43846
0.25727
0.00338
1.53063
0.00025
0.00000
0.00014
0.02719
0.13630
1.96345
0.01520
0.44715
0.00215
2.09774
0.64260
0.45102
0.00000
0.00476
0.04437
0.00003
0.91211
0.00018
0.39211
0.10654
0.00000
0.28750
1.57713
0.06310
0.02230
1.40760
0.02453
0.02542
1.40591
0.81302
1.64126
0.55032
0.00403
0.00006
1.40490
0.33138
0.25198
0.40806
2.77860
0.00057
0.00004
0.01467
1.88092
0.84861
0.00007
0.07502
0.03893
1.28836
0.07514
0.82508
1.06685
0.60412
1.51116
0.00150
0.00010
0.00255
1.33423
0.46738
0.00000
0.58779
0.41253
0.21634
0.00052
0.00084
0.10907
0.01853
0.00533
0.04591
0.00000
0.06757
0.00033
1.86095
0.00008
1.12064
1.34452
0.00116
0.15094
0.03466
0.79878
0.00020
0.03410
2.29912
0.00001
0.00000
1.16737
0.15186
0.98285
0.06642
0.00123
0.40285
2.22684
0.07958
2.09953
1.99102
0.05953
0.00032
0.00012
0.70590
0.14527
0.84035
0.37861
0.00112
2.64541
0.00259
0.07971
0.46406
1.92875
0.00530
2.61013
0.03856
0.00005
0.13560
0.00551
1.88709
0.70000
0.11620
0.90327
1.54695
1.19653
0.27269
0.96221
0.00128
0.21587
0.02216
0.12714
0.00554
0.00012
2.81457
0.43070
0.11890
1.52540
0.00000
1.88228
0.91150
0.15322
0.68929
1.40074
0.00002
1.20452
0.00080
0.13700
0.01801
0.00860
0.00168
0.00404
0.08486
0.00447
0.00017
0.00750
0.00035
3.11083
0.00388
0.09889
2.22539
0.58623
0.04339
0.02784
2.18076
0.00266
1.02766
0.06836
0.22998
1.73961
1.94559
0.32283
0.00201
0.00368
0.26677
0.88425
1.22024
0.69733
0.01489
0.68156
0.15033
3.22050
0.28383
0.00035
2.22972
0.01566
1.10351
0.32262
0.00216
0.02880
0.98164
1.37144
0.03452
0.11466
0.38252
2.68785
0.49150
0.13191
0.00042
0.00040
0.04345
0.00000
0.00029
0.00233
2.67198
0.00012
0.44862
0.54635
0.00000
1.98820
0.00001
0.02196
0.06098
0.00000
0.11044
0.21033
0.00093
0.58464
0.00093
1.92801
0.00035
0.04013
1.02337
0.00006
2.34185
0.00080
0.00215
0.00059
0.00068
0.56067
0.22222
0.00057
2.06854
0.79115
1.19017
0.08460
0.09294
1.45280
0.61944
0.33561
0.41588
0.00669
0.93176
0.00004
2.40115
0.24442
0.00018
0.02161
2.74345
0.00003
0.25322
0.00573
0.00071
0.14041
1.14491
0.52682
0.01025
0.62433
0.75235
0.98415
0.00968
0.86061
1.27362
0.38879
0.04854
0.00107
0.00644
0.32721
0.00005
0.07011
0.00002
2.08739
0.00000
1.54819
0.03096
1.31188
0.13839
0.00000
1.00769
0.01737
1.89137
0.00016
2.23931
0.00006
1.35929
2.10346
0.53423
0.99423
0.69197
2.29410
0.00111
0.01235
0.00330
2.50043
0.82139
0.06137
0.85690
0.60490
0.00041
0.18152
0.98738
0.01107
1.14068
0.00000
0.00001
0.00826
0.00442
1.69443
0.08417
0.25702
0.10559
0.83668
0.72705
0.00169
0.00022
0.00019
0.00004
0.02123
0.00054
0.76046
0.00804
0.35679
0.05827
0.49241
0.46790
0.16573
0.23945
1.12040
1.52020
0.00005
0.01042
0.02671
0.00077
0.00003
0.00010
0.00005
0.25337
0.88973
0.24747
0.02146
0.09339
2.29239
0.02958
0.03393
0.44052
0.00000
0.00002
2.88598
1.43667
0.34456
0.57342
0.00452
0.00000
0.00597
0.79752
0.13042
0.69874
0.00110
0.01205
0.01110
0.00922
3.42686
2.06010
2.68951
0.98035
0.06316
0.04997
2.46442
0.12620
0.00000
0.01570
0.00001
0.00003
1.42418
0.00003
0.70011
0.49587
0.00708
0.53430
0.00001
0.98452
0.12610
0.00078
0.63243
0.00880
0.00044
1.20843
1.39251
0.12737
0.00016
0.00002
0.02420
0.07961
0.00001
1.16852
0.85880
2.63786
0.38175
0.95940
0.00147
0.26849
0.77857
0.01119
1.47753
0.03102
0.03826
0.33828
0.00185
0.00318
0.00000
0.01189
0.64003
0.00007
0.06545
0.00804
0.84989
0.46495
0.01055
0.00062
0.41939
0.00251
0.00000
0.00651
0.72271
0.00542
1.21588
0.01060
0.50441
0.77825
0.03705
0.00003
0.82427
0.00049
0.83979
0.06606
0.28480
0.00005
0.32779
0.01214
1.63113
0.30991
0.15497
0.25332
1.23005
0.00007
0.02011
0.03687
0.67865
0.37096
0.00007
0.15905
0.00000
0.01014
1.95152
0.64515
0.45063
0.08000
0.56088
0.00690
0.00094
0.01572
0.24204
0.00054
0.00063
0.00004
0.00254
0.05381
1.06036
0.00005
0.63006
0.06830
0.00007
0.00000
0.00027
0.02210
0.17209
2.21848
0.01130
0.00077
0.01932
0.00108
0.00146
0.00010
0.17222
0.28098
0.27737
0.00159
1.46441
1.26972
1.85892
0.77453
0.00000
0.00013
0.32281
0.00020
0.00021
0.97657
0.00039
0.71521
0.00084
0.00434
1.69009
1.66029
0.00007
0.46884
0.00790
0.06773
0.03728
0.17283
0.02569
0.00744
0.00130
0.00011
0.00002
0.72410
0.54015
1.43766
0.00000
0.30674
0.07374
0.01443
1.14277
2.09369
0.07104
0.30137
1.03543
0.03255
0.30926
0.50955
0.79610
0.04575
0.03556
0.00044
2.96664
0.90883
0.01913
0.93384
0.14070
1.82261
0.07350
0.00685
1.20488
0.64420
0.00000
0.04901
0.95391
1.06716
0.00014
0.00001
1.78555
2.54876
0.00170
1.55399
2.01088
1.08912
0.03793
0.01136
1.22236
0.05819
0.02572
0.00056
1.17072
2.63878
1.40453
1.00745
3.23330
0.87472
0.11710
1.39109
0.03259
0.00097
0.04063
0.00045
0.08699
0.89843
2.95008
0.00003
1.66096
2.49145
0.84717
0.18017
0.00286
0.06823
1.02467
0.12026
0.18951
0.00403
0.00019
0.00001
1.45403
0.00035
1.60658
0.00070
0.00222
0.01816
0.15889
0.00172
0.89980
0.00158
0.70804
0.00002
0.13317
0.00393
0.22809
0.00570
0.52209
0.05630
0.03987
0.00038
0.08971
0.00006
0.40201
0.00000
0.00104
0.01590
1.38726
0.68457
0.58100
0.27783
0.00006
0.00003
0.00563
0.11852
0.00000
0.00000
0.18506
0.00645
0.00000
0.46256
0.00000
0.00000
0.00001
0.00023
0.00020
0.00000
0.00000
0.00002
0.48617
0.00024
3.09808
0.02551
0.00003
0.00860
0.05638
0.69105
0.00397
1.30387
0.88561
1.13033
0.11076
0.00132
0.01469
0.00007
0.00002
0.06140
0.00000
0.04470
0.00000
2.52506
0.93112
0.00001
0.13141
0.00000
0.25625
0.00000
1.01314
0.00000
0.52250
1.50451
0.25881
0.31094
1.85932
0.02204
0.78838
0.14124
0.00001
1.21402
0.00000
0.06759
0.14882
0.08678
0.00416
0.00978
0.47132
0.00000
0.97527
0.00681
0.25233
1.65483
0.00052
0.10191
0.58663
0.48163
0.00029
0.00022
1.48905
0.01259
0.00330
0.15300
2.10221
0.77692
0.02986
0.09846
0.85490
3.03613
0.97620
1.29326
0.12439
1.38480
1.11360
0.08267
0.00000
0.50313
0.47969
1.00889
0.03954
0.19271
0.39512
0.65993
3.20292
1.03667
0.41725
0.52766
0.62477
0.33624
0.04477
0.03426
0.37754
0.00230
0.33800
2.60918
0.00008
0.14052
0.00059
0.00775
1.05347
0.95824
0.02056
0.00059
0.00030
0.00000
0.00362
0.00000
1.87793
0.01718
0.00003
1.53786
0.54635
0.30377
0.53955
0.00265
0.76913
1.76362
1.33388
0.00313
1.71362
0.01197
0.84221
0.21837
0.01258
0.00000
0.00582
1.06317
0.57340
1.78496
0.01495
0.00434
0.04082
0.00001
1.33522
0.09904
0.30347
0.61264
1.10757
0.00590
0.95244
1.18588
2.74911
0.00471
0.00004
0.00000
0.43459
0.40505
0.00201
0.12158
0.32565
2.73064
0.00535
0.00000
0.46401
2.13065
0.19593
0.41743
0.05006
1.45130
1.18346
2.51065
0.33930
0.00509
0.01037
0.27081
0.00125
0.00126
1.57165
0.22762
0.02302
0.04648
0.08749
0.00005
1.14024
0.00499
0.11725
0.45713
0.26021
0.00033
0.12244
0.00001
0.00050
1.26364
0.86290
1.04482
0.45410
1.76171
0.00094
0.00000
0.51975
0.76933
1.03817
0.00000
0.00025
1.37283
1.86285
0.79018
0.90413
0.63147
0.00241
0.88363
0.03501
0.19435
1.01695
0.19456
0.00062
0.16597
2.05548
1.18860
0.44915
0.72441
1.42364
0.01071
0.06054
0.00693
0.35730
0.00000
0.00005
0.00074
0.00132
0.98528
0.01318
1.64437
0.00746
0.00080
0.00529
0.43322
0.72603
3.19769
0.00000
0.55468
2.00617
1.45165
0.00318
0.00002
0.03261
0.22812
0.01344
0.00000
0.07076
0.00515
0.51646
0.31029
0.00340
0.00001
2.41762
1.30572
0.03038
0.00000
0.00263
0.05468
0.00041
0.00263
0.00103
0.00000
0.05656
0.24049
0.00000
1.80824
0.59355
1.78367
0.01970
0.07365
0.00995
0.64233
0.00082
0.00006
2.79273
0.41149
0.61711
0.00007
0.17400
1.70014
1.94702
0.00977
0.12907
3.26090
0.91152
0.00078
2.95120
0.00031
0.67577
0.01200
0.96420
3.21076
0.01708
2.19885
0.04191
0.01504
0.00453
0.47779
0.27580
0.23294
0.00424
0.08721
2.17741
0.08506
1.12514
1.63512
0.25587
1.39129
0.21240
1.66554
0.15990
0.07182
1.03235
0.00114
0.14346
0.00182
0.94140
2.57215
0.03292
0.05956
1.60955
2.98491
0.00023
0.01834
2.22203
0.00076
1.12475
0.75098
0.02794
0.00153
2.59645
0.37318
0.48877
0.00910
0.68032
0.00011
0.40657
0.15471
3.10343
0.00244
1.54350
0.00182
2.95442
0.86240
0.65849
1.76635
1.80346
0.30561
0.41352
0.83289
0.05138
0.01590
0.65218
0.02209
0.01225
1.51585
0.10417
0.00047
0.31589
0.00041
0.14515
0.81413
0.01135
1.41108
0.69157
2.38954
0.00616
0.00773
0.00000
0.87415
1.94170
1.14355
1.32892
0.61921
2.61456
1.54239
1.90680
0.00000
1.11604
0.19967
0.01998
1.45242
0.00339
0.00005
0.27748
0.25628
1.11510
2.30790
0.01010
0.00001
1.02122
0.01345
0.00074
2.71672
3.06600
1.49413
0.00195
0.30430
0.02192
0.13088
2.33246
0.11574
0.24189
2.36503
0.00827
0.70210
0.00002
1.93811
1.01764
0.41827
1.85084
3.41533
0.00670
0.08251
0.00071
0.63985
0.00003
0.00259
0.00169
0.25952
1.19641
0.33297
1.82448
0.49377
0.49597
0.01753
0.00086
2.60360
0.06189
0.00001
0.03186
1.20740
0.66084
0.00000
0.00156
0.48865
1.50827
0.25746
0.15300
0.84302
0.01091
0.01034
0.00000
0.13082
0.00001
1.46605
0.00108
0.22604
0.00123
0.66305
0.01115
0.00105
0.15332
0.01394
0.02261
0.00134
0.00000
0.75717
0.39099
0.25351
0.08498
0.00024
0.31658
0.03683
0.80316
0.06197
2.55013
1.93668
1.04903
0.37527
0.00001
1.64147
0.00899
0.63219
0.12468
0.00028
0.85772
0.00000
0.03378
2.86491
0.00339
0.02860
2.26266
0.32039
1.56960
0.40111
0.00937
1.48411
0.11822
0.02365
0.23171
0.00024
1.76613
0.16773
0.45622
0.18322
0.34480
0.12561
1.21045
2.53969
0.90574
0.03378
0.00349
0.00051
0.08249
0.02163
0.00226
0.00396
0.00156
0.00045
1.42932
2.10891
0.00801
0.13611
0.64472
0.00490
0.04495
0.92948
1.23427
1.10575
1.66632
0.00019
0.71116
0.00006
0.18603
0.17182
0.00015
0.97456
0.44216
0.00003
1.55726
0.00022
0.00000
1.67642
0.62408
2.73736
0.36728
0.21031
0.14797
0.14959
0.02432
0.91823
0.04838
0.01764
0.00034
0.39789
0.00022
0.53318
0.04860
0.22912
1.26918
2.95211
0.00000
0.00342
2.64322
2.40954
0.28214
0.00024
0.00896
0.41986
0.01122
1.06721
1.54089
0.56134
0.00000
0.00524
0.00500
0.44523
0.48508
0.83788
0.00033
0.08039
0.70070
0.58867
0.00438
0.00069
0.07796
0.00011
0.00006
3.02455
0.00054
0.76425
0.74582
0.00043
0.00000
0.00031
0.29152
1.65574
0.01616
1.25823
0.04965
0.00116
0.00022
0.36998
0.00000
1.44006
0.00006
0.00127
0.44646
1.98737
0.00075
1.51761
0.01786
0.80221
0.50684
1.04084
0.62123
0.02177
1.14137
0.94934
0.00002
0.00000
0.06095
0.00067
0.29955
1.65301
0.46966
0.00000
1.72310
0.26821
1.08314
0.04277
1.28539
0.05256
0.03327
0.69144
0.00206
0.00014
0.22792
0.09100
0.63275
0.00000
0.00000
0.00027
0.67868
0.58830
0.45397
0.24323
1.42723
0.02081
0.00833
0.00014
1.26079
0.00035
0.00262
2.12790
1.67133
0.00002
0.00029
0.07073
0.00104
1.12076
1.82022
1.79427
2.15643
0.02919
1.70329
0.21807
0.00537
0.23741
0.00016
0.48295
0.02927
0.00038
0.00028
0.88945
0.00000
0.07210
0.17542
0.00308
0.00003
0.00055
0.00880
0.02367
0.00022
1.66961
0.00000
0.94383
0.07437
0.00148
0.88802
1.01895
0.00119
0.56410
1.38138
0.03847
1.68190
0.00313
1.13875
1.65147
0.11562
0.00027
0.27825
0.00558
0.88303
0.73842
1.49219
0.43232
1.26596
0.00002
0.00529
0.00000
0.04419
1.16150
0.00019
0.00090
0.00000
0.00000
0.00433
0.06405
0.00147
1.34303
0.01389
0.87174
0.90710
0.00026
0.00348
0.00043
1.28697
0.00097
0.46898
0.01372
0.00288
0.22277
0.27212
1.63717
0.00733
0.61257
0.01292
0.59794
2.08149
0.83796
0.77632
2.23701
1.48745
0.00156
0.88816
0.00499
0.00017
0.00000
0.01421
3.09687
0.00126
0.00021
0.00097
0.00045
0.00000
1.23321
0.08525
0.00758
0.91460
0.03005
0.65334
0.04429
1.01397
0.01905
0.00019
0.56076
1.51147
0.00015
0.00177
0.99354
0.04325
0.00001
2.87888
0.23437
0.16207
0.01364
1.96775
1.29136
0.16492
0.01430
2.21072
1.04352
1.34130
0.01292
0.00071
0.09780
1.19649
0.12396
0.00583
0.94975
0.00107
1.15057
1.14538
0.00513
1.33851
0.84457
0.06044
1.04037
0.00001
0.09672
0.00297
0.00005
0.07426
0.00119
0.36753
0.60138
0.01532
0.06052
0.00285
0.02355
0.00057
0.00000
0.01852
0.65221
0.81915
0.04528
0.47596
2.03476
0.71622
0.12694
0.05536
0.01654
0.00000
0.00081
0.07388
0.00000
0.50337
0.81081
0.00047
0.00159
0.85297
2.00858
0.02704
0.00036
0.00002
1.23873
0.00000
1.34605
0.14484
0.41886
0.34600
0.00169
0.00428
0.00499
0.00295
1.91329
2.44756
0.27680
0.10293
0.00495
0.00452
0.04968
0.02398
0.00040
2.60606
0.30235
0.52067
0.01139
1.75703
0.05285
0.00000
1.48818
0.02431
0.00000
0.00015
0.00000
0.00000
2.25208
1.76556
1.59053
0.90710
0.00015
0.00050
0.45006
0.00058
1.40220
2.59153
0.00096
0.88522
0.23283
0.65756
0.80808
0.01437
0.33914
0.80005
2.40572
1.24338
1.70614
0.72682
2.98906
0.22880
0.00004
1.67443
0.34168
0.00112
0.95274
0.71521
0.00177
1.66944
0.00037
0.09169
0.50590
2.10201
0.00407
0.12056
0.81960
0.00802
0.00000
0.02328
1.50904
0.44310
0.00202
0.29832
0.29230
0.18464
0.00062
1.74331
0.00005
0.07837
0.00000
0.00012
0.05944
0.00513
1.47828
0.00000
0.00045
0.25374
0.00028
0.76219
0.00012
0.05863
0.00112
0.00030
0.00186
0.03359
0.00254
0.04911
0.37427
0.01115
0.35021
0.00469
0.14516
0.00006
1.45473
0.05547
1.02876
0.00002
0.47993
0.00446
0.00000
0.00038
0.05902
0.32112
0.05368
0.00311
0.81067
0.00000
1.03633
1.18851
0.00003
1.72950
1.50609
0.03207
1.71087
0.09579
0.02952
0.59648
0.19834
0.00000
0.24703
1.10288
0.00424
0.01784
1.25153
1.43713
0.07483
0.00001
0.08102
0.98591
0.11100
0.09099
0.77318
0.00000
0.00948
1.37215
0.13556
0.02378
0.11147
0.01260
0.00000
0.21407
0.03180
0.45267
0.13253
0.00002
0.00012
0.00000
0.00000
2.48445
2.41760
0.00228
0.00004
0.06896
1.55984
0.38381
0.31140
2.47716
1.94092
3.56095
1.28696
3.07615
0.00789
0.00001
0.00003
0.53313
0.00000
0.00108
1.92024
0.60577
1.08434
0.00670
0.33109
1.03834
1.21133
0.00706
0.21526
0.10157
0.00003
0.05971
1.43917
0.03085
1.53233
2.74737
0.00000
1.33378
0.72298
2.59754
2.02280
0.12421
1.99589
0.00054
0.11640
0.25701
0.07074
0.00000
0.19056
0.00024
1.33276
2.19675
0.32677
1.10535
0.00005
0.14817
0.00000
0.56646
0.01930
0.02564
3.28574
0.48194
0.00005
0.09319
0.00342
0.06677
0.00018
0.00512
0.00016
0.00165
0.00005
0.00008
0.69098
1.68106
0.06293
0.00035
1.57434
0.80754
0.32926
1.99648
0.03210
0.00027
1.18201
0.00000
0.00002
0.00504
2.65816
0.05123
1.07033
0.35829
1.00980
0.06490
2.73729
1.90636
2.06416
0.96180
0.54516
0.04303
1.81989
0.00450
0.00000
0.34044
0.21646
0.02020
0.00149
0.91089
0.90575
0.88524
0.62322
0.00978
2.24362
1.55411
0.00000
1.22620
0.00677
0.00178
0.00018
0.07320
1.59816
0.03524
0.46829
0.30549
0.00991
0.07602
0.88931
0.28379
0.00010
1.36468
0.00592
0.00928
0.18530
0.95601
1.08110
0.00013
1.90728
0.00145
0.79639
0.04621
0.28248
0.60066
1.49924
0.00004
0.00001
0.00006
0.25410
0.00030
0.00572
0.13118
0.00097
0.64183
1.27818
2.17531
0.17336
0.06296
0.16803
0.97168
2.17999
0.00000
1.83445
0.00156
0.04700
0.17970
2.63792
0.01369
1.13310
1.46775
0.89355
0.00000
0.61017
1.13493
0.04412
0.15943
0.06991
0.70919
2.55417
0.00092
0.77579
0.05542
0.13166
0.00002
0.12486
0.49463
0.00264
0.65173
0.00000
0.00027
0.85910
0.84893
0.29353
0.34658
0.28766
0.00000
2.43188
0.11783
0.05733
1.01309
1.16630
0.12090
0.00497
0.00017
0.00012
0.00000
0.00032
0.00032
0.57744
0.02457
0.00001
0.03707
0.00009
0.00008
2.33631
0.03979
1.09023
0.00006
2.86856
1.25997
0.08007
1.51957
0.02772
0.03239
0.00654
0.00000
0.28502
0.23233
0.68078
0.28734
0.07708
1.16678
1.90720
0.52108
2.68277
0.00005
0.00012
1.21232
0.81304
0.00079
0.01647
0.21766
0.19838
2.50855
0.02220
0.22527
0.26291
0.75070
0.00000
0.00003
0.00000
0.00068
0.08770
0.86623
0.04126
0.84957
0.72944
0.01653
0.00129
0.02370
0.14336
2.05093
0.22055
0.54158
0.00027
0.01749
0.64896
0.30952
0.37732
1.62702
0.00031
0.00007
0.01714
2.05597
0.02468
0.06436
0.00238
0.07583
0.00004
1.56175
1.05481
1.10611
0.00098
0.00046
0.97592
