3.94243
4.13689
4.11403
4.02217
2.04000
4.03211
4.21283
4.02988
3.24313
4.06593
4.12302
4.30304
3.73407
2.94285
3.48690
3.89296
3.70476
4.22286
1.59545
3.54199
3.76593
3.48120
3.60884
4.19090
4.17390
3.89192
3.38511
4.13633
4.37504
3.66667
3.26334
4.23449
3.81483
3.89069
4.00615
4.15872
3.76570
4.13293
4.00229
4.02514
3.95710
3.66832
3.74038
2.95797
4.09828
3.48109
4.23653
3.66634
4.06622
4.34308
4.29986
4.36322
3.40169
4.42665
3.93801
4.33930
2.78352
3.57452
4.14528
3.97286
4.16931
3.86189
3.90083
3.79368
3.49936
3.83504
4.08864
4.18126
3.85487
3.33230
4.23024
4.32623
4.15018
3.82258
4.08388
4.01196
2.82243
4.10315
3.84963
3.30180
2.49214
4.18892
3.55661
3.67986
3.72662
4.26426
3.90938
3.76925
3.86041
2.72262
3.79767
3.26039
4.29468
4.13823
4.24060
4.22025
4.13281
4.12264
4.34899
4.21410
3.90227
2.53299
4.34165
3.80352
4.00892
2.17741
2.69385
4.22523
4.19306
3.96770
3.60082
3.63059
4.25684
3.37815
3.20306
2.97913
3.68096
4.07511
4.28804
3.97591
4.35858
4.27878
4.04826
4.20198
3.70974
3.79372
4.18668
4.04103
4.27213
4.05780
3.75932
3.98168
4.32150
4.08912
3.82765
4.30314
4.08609
4.18134
3.85421
4.09064
3.85034
4.29980
4.07721
4.23365
4.32703
2.63491
4.30855
4.04686
3.97998
4.24378
4.23220
4.28511
3.91301
3.88909
4.28617
4.28398
3.72930
1.93632
3.80876
3.58573
4.37957
4.23680
4.10602
3.98295
4.34350
4.15833
3.55640
4.13508
3.90307
4.00532
3.45911
3.93816
4.00603
4.24042
3.38584
2.97167
4.09446
2.41835
3.36749
4.04141
4.10500
4.03883
4.02668
4.25026
4.11576
4.33994
3.69000
3.61741
3.90221
2.72820
3.51708
3.95538
4.21036
4.17445
2.79961
4.05449
3.89779
3.57328
3.57376
4.04632
2.91093
4.31311
4.19092
3.79988
4.36397
4.00037
3.75058
4.30750
4.42786
4.38634
2.78739
4.24531
4.25092
3.92776
4.33250
3.80282
3.67973
2.53508
4.21958
4.12769
3.08773
3.58686
3.67077
4.28496
4.28863
3.99497
3.79708
3.68275
4.04767
3.66457
3.77777
3.46368
4.33018
3.39989
4.38517
4.06428
4.12984
4.09308
3.24795
4.24302
3.52323
3.80700
4.28897
4.23146
4.14719
2.64021
3.99841
4.31608
4.07810
3.42513
3.97204
4.01999
4.00120
4.29525
3.86677
4.09726
4.19528
4.33647
3.99484
3.66599
3.93494
2.42077
4.30556
4.25613
4.14026
4.29925
3.99813
3.88622
3.86991
3.83524
4.03114
4.25882
4.17356
3.87822
3.62454
4.09973
2.00199
4.24002
2.31107
2.52331
3.65386
3.75912
3.97030
3.94793
2.43564
4.24094
3.56978
4.15330
3.78669
4.07390
3.96268
4.16668
3.79671
4.09728
3.66576
3.96942
3.94385
4.27138
4.32571
4.15181
3.82690
4.20532
4.01952
3.82704
3.36473
4.13035
1.69353
4.10229
4.26155
3.61102
4.09853
3.41625
3.40473
3.63863
4.30530
4.25683
4.24417
4.25768
4.31201
4.21272
3.78484
4.41436
4.31437
1.78552
4.22195
3.82066
4.10230
4.02171
3.89488
4.19204
3.52761
3.90667
3.19901
3.56327
4.30107
2.90392
2.18124
4.16750
4.17143
2.95375
4.02904
3.50303
3.19601
2.49491
3.29337
4.12019
4.20853
4.17328
4.17636
4.17884
4.23826
4.03499
3.69095
4.21015
3.79364
4.35881
4.01865
3.68894
4.22846
4.13555
4.14096
4.05283
3.97489
3.41385
4.01006
4.05643
3.86796
4.15314
4.12716
4.04002
4.12001
3.09713
4.19618
4.18742
4.16018
3.77376
3.80712
2.48350
1.77110
3.89822
4.04742
3.73071
3.49090
4.34119
4.02707
4.00445
3.61082
2.82389
4.02781
4.15825
4.12413
3.86708
4.40826
3.10510
4.06712
3.93829
4.29202
4.38562
4.03834
3.23009
3.83099
4.35643
4.23059
4.18823
4.07263
3.92120
2.82734
3.87718
4.30404
3.86746
3.94834
4.36420
2.73528
4.36613
4.30038
4.16410
4.22027
4.22114
3.24677
3.67408
4.21164
4.23210
4.01423
4.03232
2.30705
3.07303
3.95618
4.12298
4.13987
4.13633
3.74778
3.20001
2.07084
3.96738
4.13156
4.17283
4.35356
3.50745
3.77580
4.34805
3.88865
4.21339
4.12018
4.26076
3.76945
3.91570
3.72196
4.09767
3.79525
3.71052
3.96077
3.64890
3.84970
3.97700
4.18440
3.49680
3.81559
4.05016
4.08558
3.86999
4.10694
3.06505
2.59377
4.03666
3.31960
4.18973
3.57308
3.52336
2.19478
3.89574
4.00840
4.06188
3.98937
4.17952
4.21939
4.21540
4.17573
3.63756
4.28184
3.90930
4.00571
4.04507
4.17229
4.14397
4.10502
3.18547
3.99221
3.99056
4.19455
4.08905
3.98926
2.24660
4.31815
4.33781
4.12263
3.97601
4.21132
4.07198
4.24083
3.44568
4.02002
3.70037
4.37131
3.83250
4.28724
3.74875
3.96841
4.24508
4.05086
2.55196
4.22907
4.02842
3.76953
2.94926
4.01782
2.28953
2.09519
4.29636
1.80788
1.11023
3.97628
4.40095
4.16408
4.19123
1.73731
4.35834
1.90310
3.62251
4.11407
3.81123
4.39302
3.89205
4.00767
3.03796
4.14213
3.77297
4.35917
4.05773
4.01910
4.23412
4.06771
3.86288
3.89898
3.78851
4.32228
3.73501
3.96700
4.24532
3.81550
3.83977
3.83695
3.93772
2.26149
4.24247
3.21627
3.90948
1.88726
4.36727
4.13323
3.90886
4.08848
4.25691
3.81689
3.83494
4.00465
4.43757
4.08685
2.81135
4.07612
4.24935
4.25853
4.19776
4.26919
4.16120
3.90960
3.75835
4.13907
4.01898
4.46769
3.42744
4.14909
3.97566
2.90380
4.28154
3.28129
3.79867
4.20867
3.81338
4.04063
4.06821
4.03843
3.74579
3.87322
4.25552
4.02355
3.43107
4.36513
2.12413
3.71629
4.09044
3.97504
3.69254
2.98870
3.99824
4.41333
4.03589
4.07433
4.17382
4.21778
3.30461
2.90902
3.96048
3.99830
4.09351
3.46492
3.98734
4.05259
3.89028
4.30999
3.85398
3.95139
3.27041
3.87884
3.98630
4.32097
3.88643
3.52513
4.15862
3.79521
1.56648
3.82129
4.09117
4.11985
4.22189
1.74613
4.06911
3.99478
4.40346
4.00190
4.26415
4.43071
4.35579
4.10556
4.05362
4.00022
4.11227
4.37603
1.32168
3.69860
3.37077
3.93442
4.11795
4.21754
4.06696
4.17211
4.11299
4.33615
4.19121
3.91064
4.32692
3.81351
3.96466
3.52313
4.30410
4.07386
1.57601
4.02170
4.25343
4.20027
4.27377
3.64170
1.97143
3.16812
4.06392
4.23982
3.28287
3.96163
3.89273
4.25888
3.90685
4.03022
3.92380
4.17660
3.46486
3.82529
4.10548
3.49337
4.31934
3.14875
4.05852
3.87176
4.10645
3.74030
2.32499
4.11869
4.10561
4.01095
3.59143
2.45201
4.09205
3.74644
3.95021
4.17813
3.95205
3.25869
3.52863
4.26535
4.15180
4.00691
4.06644
4.23894
3.60711
4.19942
3.64393
4.21555
3.02532
3.83064
4.12711
3.64879
4.11333
4.35257
3.99320
2.90594
3.97048
4.08726
2.94787
3.99776
4.27330
2.62586
4.02312
4.09926
3.55670
4.31419
4.09608
1.97522
3.89581
3.45678
4.05031
2.89921
4.26062
3.92676
3.94650
3.93971
4.30854
3.93559
3.67613
4.11303
4.03656
4.20538
1.38338
3.82836
3.38576
4.03021
2.70777
3.89896
3.29254
4.18181
4.11421
4.13117
3.88761
4.09683
3.94342
3.79197
2.30509
4.12480
4.27867
3.39373
4.33966
3.71564
4.03477
3.37881
4.03041
3.20663
4.07208
3.91583
4.12531
2.22223
3.81824
4.32231
4.17737
3.21619
4.21788
4.25545
4.09908
3.48931
2.26010
3.47099
4.36074
4.05868
4.23877
3.42032
3.91854
4.31143
2.61985
4.37356
4.27742
4.16113
4.13455
2.67465
4.31108
3.74947
4.16027
4.07232
4.35929
3.95011
3.32344
4.20531
3.51081
4.18579
4.12500
3.73388
4.30074
3.96463
4.02480
3.98671
3.10900
3.02714
4.15798
4.37603
2.52797
3.84049
3.97844
4.31144
4.17074
3.77119
4.26484
2.17870
3.99557
4.29781
3.32096
3.77289
1.18737
4.02956
4.07716
4.20074
2.34220
3.54139
2.35400
4.29935
4.02657
4.32729
2.58155
4.17492
4.17865
4.20594
4.09600
4.32633
4.22084
2.93147
4.20875
4.18894
3.29498
4.20738
3.35732
4.11956
4.02210
4.04536
4.09458
3.97549
4.14813
4.05870
3.81556
3.83147
3.63609
3.80971
4.00207
3.73829
4.21622
3.92541
3.80600
4.37769
3.96770
3.95549
1.35203
3.94411
3.35363
4.15857
3.86233
3.71218
4.15900
3.97395
3.91115
3.53254
4.00328
3.45896
3.89681
4.21364
4.16087
3.98317
3.68479
4.01217
3.80789
4.27389
4.11601
3.90019
4.12121
4.04820
4.20645
3.83600
3.74189
4.02542
4.03619
4.15353
3.37598
3.19845
3.60546
4.07726
3.99012
2.97140
3.84411
4.25591
3.55796
3.58569
3.53259
3.21777
3.97231
4.25882
4.09811
4.15260
4.06572
4.23050
4.31310
4.25347
4.14035
3.97614
3.90785
3.72360
4.03922
4.22026
4.21047
4.08094
1.59988
3.96604
2.90926
4.17981
3.85062
3.74435
4.37691
3.91079
4.21834
2.75369
4.02807
2.66440
4.15593
3.08567
3.21430
4.29000
3.76011
3.96042
4.37416
4.00153
3.96569
3.60508
4.08558
4.18308
4.32718
2.69356
3.95934
2.59523
3.75910
4.17249
3.83897
3.49837
3.90991
4.00877
3.93269
2.86431
3.70405
3.44167
4.08293
3.24464
3.77369
4.20881
3.65757
4.26850
3.84319
4.25127
4.34594
3.53426
4.15381
4.04874
3.83021
4.10848
3.79871
4.17902
4.27489
4.11012
4.25439
4.37625
4.18761
3.41511
3.81647
4.28445
4.21697
3.72881
4.18170
4.11508
4.03094
2.78780
4.35859
4.36343
3.93709
3.94338
2.57759
4.32355
4.26425
3.80743
4.00803
2.11791
3.77319
3.69339
4.32194
4.29537
4.17350
4.28122
4.07730
4.21954
4.28546
3.85395
3.94529
4.22333
3.15440
4.18505
4.17854
3.85275
4.10622
4.07288
3.24309
4.17513
3.46258
4.33341
4.06779
3.05127
3.76333
4.26574
3.82717
4.18509
3.78853
4.03886
2.33072
3.89797
4.25039
1.84419
4.17194
3.86552
4.19141
4.16985
3.92059
4.19382
2.92657
4.24552
4.34631
3.93008
2.65859
3.88272
4.08307
3.59724
3.91722
4.15991
4.28014
4.00164
3.94127
3.79847
3.64072
3.75669
4.27168
3.38049
4.15846
3.94967
4.15028
3.55377
3.86141
4.16557
3.54926
4.16854
2.50303
3.54484
4.05099
3.49244
4.25846
3.34443
4.17220
3.80282
4.27277
3.94379
4.19066
3.76306
2.93253
4.03447
4.14204
4.10245
3.72626
4.17471
2.52420
4.01645
3.51162
3.82964
2.30741
4.26303
4.26758
3.41850
4.08418
4.36090
3.86267
1.43037
3.78756
3.97348
2.67119
3.65463
3.72217
3.74992
4.11256
3.73681
2.64572
3.65225
2.36176
3.92145
3.13060
4.22817
4.31249
3.86249
3.66690
3.39427
4.12661
4.02089
4.25761
3.99281
4.10419
4.13359
3.57148
3.99524
2.73036
4.38496
3.86245
3.51100
3.36668
2.71331
1.75392
4.05792
4.13168
4.20223
3.65000
3.62650
4.21736
3.92806
4.10466
4.07902
4.26985
4.24265
3.68131
4.21973
4.32091
4.04038
3.49909
4.11467
3.85599
4.08311
1.98849
3.62119
4.19871
4.17137
3.08161
4.17169
3.57443
4.05939
3.99563
3.90825
3.40508
4.20778
3.95497
4.35490
3.66565
4.14995
4.13546
4.12835
4.29517
4.02338
3.96183
2.86485
4.04083
3.77194
3.82677
3.86133
4.02870
4.24509
3.41043
4.02723
4.41294
4.12112
4.27241
4.18272
4.01454
4.05198
2.73693
4.25706
3.99688
3.26572
4.18008
3.67705
4.26694
3.95344
4.28187
4.35246
3.60933
3.82649
3.39178
3.97711
4.26624
4.36431
3.78895
4.30532
3.94065
4.26644
3.75494
3.73389
4.07178
4.34558
4.04140
3.79822
4.24432
4.28317
2.86276
3.81279
2.46972
3.50522
3.06659
4.22132
4.22381
3.93096
3.02428
4.16420
4.36487
3.78126
3.52889
3.90669
4.32949
4.07747
3.16781
4.37477
4.33370
3.75795
4.15174
4.18514
3.71055
3.41010
2.65905
3.38478
4.36387
3.75018
3.23390
4.01585
3.56411
4.13796
4.18711
3.77645
4.13627
3.97411
3.79502
4.08132
4.25295
4.23824
4.20311
4.15371
4.16087
3.92637
3.62007
3.88033
4.19465
4.01799
2.92176
4.05782
3.96925
4.16601
4.28335
4.07792
4.28010
4.14737
3.90038
4.28328
2.60902
3.80191
4.20352
4.31162
4.18783
4.20085
2.23898
3.60887
4.03487
3.76983
4.19895
4.11934
3.87365
4.19232
4.06730
4.26870
4.06439
4.35669
4.35849
3.90730
3.70127
4.26885
3.94349
4.32419
3.93221
3.82842
4.31102
3.98829
3.39289
3.69985
3.04345
3.78332
2.93755
3.70658
3.88976
3.88494
4.06498
3.84616
1.53971
3.84134
3.48938
4.13138
3.89483
3.06025
3.74519
2.94783
3.71163
3.37365
4.00130
4.31362
4.25768
3.76773
4.25458
3.63322
3.76547
4.30944
4.17808
4.32907
3.70207
4.01965
4.40310
4.20261
3.48920
3.60734
4.19554
2.50610
4.13527
4.27562
3.74993
4.04261
3.64408
2.58161
4.04504
4.29692
3.79224
3.72179
3.73445
4.20599
3.37910
3.91471
4.12753
4.05487
3.78785
1.80497
3.55353
3.07190
3.81368
4.38975
4.30086
2.91963
3.65330
3.73014
4.20949
3.68680
2.50728
4.06984
4.31786
4.03797
4.35809
4.19582
3.99251
3.80828
4.13434
4.18495
4.05109
4.02227
4.04958
4.32069
3.74560
3.91428
3.78269
4.35292
4.15937
3.45198
2.33177
4.29063
4.07258
3.68916
4.08714
3.54274
4.22685
4.01070
3.68549
4.05615
3.90850
3.53849
3.96135
4.28451
3.90662
4.34905
3.81100
4.15437
3.80389
4.14690
4.32730
2.37729
2.81648
3.34654
4.09509
4.20022
4.25918
3.65828
4.15500
4.08502
4.26820
3.90039
3.91112
3.82649
3.88103
3.92787
4.17818
3.84175
4.12351
3.16510
3.77894
3.37865
3.72637
3.70840
4.14166
3.01255
3.86473
4.24722
3.31692
3.93870
4.18473
4.31494
4.09828
4.06436
3.70452
4.27597
4.33039
4.22939
4.24618
4.11618
4.17985
4.27597
4.13028
2.34366
3.54973
4.19894
3.70484
3.79661
3.67870
4.16309
3.79883
3.80173
3.31991
3.74233
3.64327
4.40248
4.02916
3.61292
4.15705
3.49459
4.20066
4.08370
3.54997
4.14612
3.08866
3.90482
3.98348
4.24083
3.95530
4.30906
3.95500
4.19130
3.08265
4.15564
4.03967
4.05315
4.21305
4.33617
4.25561
3.88062
4.12215
3.34781
4.08276
3.97900
3.62495
4.18376
4.10166
3.47757
2.99532
4.04833
4.39043
4.00171
3.75046
3.87361
3.83882
2.87289
3.65343
4.25187
4.23015
2.44024
3.89106
3.75812
3.92325
4.21593
4.14842
3.74614
4.06812
4.15140
4.39473
4.23388
4.34649
4.21729
3.26729
4.28687
4.02377
3.59692
3.97265
4.25145
4.15695
4.24283
3.18257
4.07878
3.23249
3.97656
4.07257
4.16181
2.34821
3.84379
4.06603
3.55154
3.59843
3.99830
3.83062
4.19647
4.22088
3.96301
4.15244
3.59306
4.24547
4.24846
3.63791
3.63536
4.12956
3.79133
4.36009
4.11667
4.13196
4.07132
3.81700
3.96595
4.29214
4.29636
4.17422
3.65687
4.25571
3.58225
4.24049
4.12840
4.00879
4.10397
4.34049
2.86308
4.23968
3.17686
3.24750
2.90832
3.92898
3.80778
4.23918
3.18163
4.00562
4.05521
4.12454
3.94653
3.91489
3.74551
2.90342
3.71390
4.27487
3.80185
3.87384
4.26959
3.72750
4.28243
4.27160
3.68787
4.06876
4.03434
3.46680
4.35095
4.06118
4.11277
3.48827
3.54652
3.85441
2.57651
4.40782
4.24921
4.13091
3.85630
4.39392
4.33593
3.99388
3.97849
4.18693
4.01844
4.17946
3.45192
4.25230
4.18250
4.26885
4.10914
4.02658
3.98985
3.51101
3.51109
4.29696
2.72894
3.22192
4.35067
2.58896
4.20799
4.12356
4.30384
3.01270
4.06167
4.30231
3.99814
3.45335
3.40766
4.18295
3.51544
3.91413
4.07681
3.97605
3.88784
4.09604
3.28564
4.17979
3.13977
3.78266
4.02154
4.13075
3.33838
3.97679
4.07109
4.10215
4.05629
4.01801
3.79485
3.88649
4.12900
4.22593
4.24070
2.49079
4.17548
3.83353
4.17401
3.94557
4.05208
4.14000
3.45734
4.09728
4.21287
3.51212
4.10539
4.00932
4.10467
3.64016
3.75508
3.64518
4.06166
4.14636
4.11916
3.98962
3.78514
4.27758
3.80938
3.96120
4.25006
3.95777
4.37275
3.55480
4.26310
4.17390
3.95936
3.80014
4.20868
3.86571
3.22750
3.67719
3.43209
3.99963
3.49405
4.11818
3.67220
4.36594
4.07154
3.65307
3.75648
2.91909
4.09986
4.24691
2.19531
4.21299
3.93223
3.69966
4.01820
4.04398
2.82476
4.24834
3.84330
3.73227
3.68603
3.74786
3.77148
4.10364
4.10910
4.02207
4.24274
3.97603
4.23495
3.73437
4.21551
4.26958
3.16177
3.86722
3.96011
4.21623
3.68939
2.26934
2.48991
3.45591
4.28439
4.36396
3.52867
3.51911
2.18821
4.00729
3.96548
4.38616
4.16655
4.25604
4.30258
4.37681
3.85952
4.30745
3.86882
4.12642
4.06847
3.67390
3.74600
3.90008
3.76917
4.20354
3.77591
2.82997
3.29720
3.79569
4.18662
3.59248
4.12829
4.27396
4.29374
3.92924
4.34054
3.98821
4.07769
2.68292
3.48664
4.26319
3.85658
4.38527
3.86803
4.18091
3.86341
3.26145
4.19780
3.71758
3.40864
4.09461
3.82666
4.36271
3.96852
4.24000
4.04287
4.13728
3.88437
4.02551
4.13948
3.64974
4.15126
4.14940
3.87835
4.01267
3.88488
4.31627
3.84586
3.77725
3.87807
4.11513
4.41582
3.79848
3.30910
4.16941
3.66553
3.87132
3.73164
4.26363
3.50538
3.09986
4.23720
3.35468
4.00814
3.58840
2.93020
4.14911
3.52058
3.16814
3.84266
4.42222
4.00714
4.37989
3.90950
2.69838
4.25293
4.19511
3.65007
4.03777
2.74820
4.10962
1.97309
4.30546
4.07025
4.11398
4.19672
3.62051
4.02436
4.35599
2.81862
4.19985
1.86984
4.25874
3.96282
3.64779
4.30607
3.41712
3.40063
4.31361
3.56269
3.21946
4.20871
4.33025
3.32290
3.05761
3.38881
3.68018
3.04764
4.03674
3.99823
4.27824
4.24233
4.03304
4.31777
3.23085
3.84794
3.62958
4.10190
4.02340
4.12967
3.63165
3.22378
3.24682
4.09248
4.10465
3.85366
3.03241
3.21851
4.06988
3.78963
3.20143
4.27817
4.02026
4.03126
4.25469
3.84256
4.23410
3.95527
3.96647
4.21973
3.87467
4.31524
3.37437
4.34930
4.36684
4.18995
2.60809
4.05685
3.25555
4.21879
4.13793
3.55039
3.80694
4.24482
4.29083
3.82361
4.43014
4.01700
4.00601
4.19678
3.99056
4.06489
2.76948
3.87028
3.83712
3.80490
3.00886
3.56040
4.25519
3.34924
4.25577
3.96435
2.44561
4.33845
4.31650
3.88233
3.80561
4.31987
4.07478
3.58067
3.79795
3.93924
3.87192
4.11898
3.39186
3.95652
3.84821
3.25499
4.00436
4.30786
3.83448
4.30148
3.54393
2.86197
3.94598
3.87935
1.89505
3.57573
4.25509
4.06823
3.87652
4.12377
4.07487
1.81646
4.04510
3.79369
4.10821
3.66167
3.67554
3.76066
4.02678
2.91481
3.63309
3.98310
4.23962
4.35251
4.16803
4.32136
4.11069
3.59280
3.34852
4.17142
3.73220
2.50789
4.16508
3.31301
4.21825
3.49764
4.28962
3.59413
3.76797
3.64062
4.25969
4.26910
3.59565
3.82111
4.15419
3.23067
3.56067
3.53074
4.13159
4.13051
3.96062
2.36228
3.38018
2.52285
4.12123
3.91786
3.06801
3.85548
3.37942
4.16412
3.66333
4.35217
1.66578
2.29886
3.52140
4.15895
4.09520
3.75616
3.99563
3.87033
4.30764
4.14399
4.39117
3.84595
4.13933
3.41830
4.15968
4.14116
4.28018
2.92187
4.30252
4.30846
3.55166
3.80648
3.58284
3.02712
4.16093
3.81050
3.54334
4.09351
4.15859
3.92796
4.08432
3.83910
4.02906
4.25269
4.07818
3.79126
4.23615
2.59204
2.02500
3.39192
3.84593
1.49853
4.06037
2.96628
4.01207
3.89785
4.43743
4.11125
3.54053
3.81203
3.96137
4.24939
4.09170
4.40485
4.14228
3.80584
3.73338
3.96543
4.16569
2.74661
3.47364
4.11401
4.30486
4.30822
3.34666
4.27893
4.15637
4.23287
3.16895
2.95203
4.01005
4.12460
3.71014
4.12953
2.59692
4.19566
3.78029
4.04346
3.85815
4.14048
3.94232
3.73677
3.95155
4.30833
4.14180
4.15152
3.94652
4.13964
3.98142
4.20914
4.36515
3.68453
4.08971
3.85368
4.25417
3.94316
3.98362
4.17697
2.80019
3.95255
4.17669
4.04537
4.18041
4.06216
3.98367
4.33179
4.14332
3.64950
3.70323
4.13789
4.33987
4.27986
4.07325
4.01848
4.28450
4.27419
3.74778
3.66642
2.96605
3.94240
2.81152
2.98243
3.94139
3.74709
3.81987
3.96721
4.22388
4.26770
4.31582
4.21504
4.16054
4.28802
2.62482
4.10860
4.24658
4.19095
4.44028
4.14297
4.23743
4.11384
4.25799
3.91611
3.96815
3.98060
3.14618
4.04911
3.22247
3.28341
4.17504
3.69018
4.09160
4.32620
3.99526
4.38216
4.24397
4.24056
3.86862
3.85404
2.70880
4.16082
4.00795
3.93874
4.24574
4.22838
3.71430
4.38335
4.38808
3.97936
4.15751
4.12712
4.24905
3.84721
4.11919
4.06425
3.71877
4.30297
3.50105
3.98084
3.94648
4.28299
3.85406
4.24423
4.27225
3.91996
4.03594
3.62502
3.95770
4.19042
4.17272
4.32994
2.14056
3.96371
4.03147
4.20771
3.82550
3.60828
4.23632
4.13026
3.96238
3.23536
4.34915
3.90404
4.01296
3.86228
4.23891
3.80096
3.18846
3.92378
3.43101
3.25991
3.86309
4.17133
1.37678
4.02251
4.17452
4.14183
3.87636
3.45095
2.24236
3.49001
4.16034
3.22030
3.32629
3.78521
4.02256
4.31009
3.77323
2.24665
3.78696
3.78795
1.78448
4.23191
3.87116
4.31123
3.93831
4.21573
4.03228
4.05321
2.68523
3.85600
4.07274
4.34012
4.25714
4.21293
4.07902
3.54639
4.18686
4.16385
4.30608
3.55065
4.35480
4.29360
4.18015
3.31016
3.93321
3.67579
4.30008
1.68481
4.22958
4.21080
3.02706
4.23221
3.94935
4.02188
4.31443
4.05835
3.84910
3.72217
4.30964
2.21482
4.12470
4.11375
4.19475
4.34874
4.44217
2.55478
3.16578
4.16221
3.82835
4.21031
4.06469
4.44256
4.05550
3.95346
4.16140
4.22609
3.99343
2.22788
4.24290
3.92880
3.98949
4.09350
4.16310
4.12409
3.88800
4.19861
4.26987
2.90457
4.26543
4.06966
3.88676
4.20170
4.19333
3.96062
3.65206
2.66093
3.28905
3.61019
2.44702
2.69585
3.85788
2.44694
3.63664
4.23358
3.82676
3.41877
4.13928
3.85267
3.16801
4.26048
4.29413
4.20035
4.29064
4.16833
3.85733
4.12254
3.06919
4.13729
4.46178
3.74753
4.21103
3.43274
3.78360
3.16722
4.31305
4.30998
2.69795
3.98700
3.60037
3.84143
3.90684
4.12614
4.14326
4.25421
3.47227
3.63371
4.35413
3.39573
4.24879
4.02458
4.15891
4.24041
4.37813
4.10008
2.74095
4.26824
3.69392
3.73678
2.88513
4.18759
3.45689
3.39284
4.22096
3.38416
4.25675
3.05644
3.73187
3.88407
3.94696
3.85606
4.13121
4.23307
3.99077
4.35193
4.25022
4.17589
3.52848
4.24600
3.93478
4.28189
3.92211
3.38635
3.57574
3.33614
3.93117
3.84437
4.09345
2.87785
4.02376
2.37659
3.41695
4.01698
3.93442
1.96575
3.72959
4.25194
4.24158
2.41018
4.01919
3.65734
4.27596
4.11360
4.03901
3.86973
4.34631
4.11726
2.87784
4.10907
2.59595
4.09963
4.21883
3.97639
4.16980
1.35117
4.02768
3.23182
4.29229
3.51952
4.15656
4.01550
3.28877
3.36044
3.27079
4.29836
3.93013
2.84662
3.43841
3.81442
4.00445
2.91522
4.14762
4.10770
3.84413
2.72143
4.39194
4.31649
2.61717
3.99319
4.33947
4.29163
4.20503
2.52640
4.07753
3.53677
3.76496
4.22160
4.26905
4.13782
4.19827
3.99761
2.73358
3.84698
3.46058
3.36970
4.11160
4.09958
4.33938
4.09681
4.05780
4.30313
4.07219
3.64223
3.96413
4.15046
4.37326
4.30920
4.12161
4.19940
3.46421
3.79074
4.16097
2.10602
4.06712
4.02468
3.29999
3.99154
4.35253
3.38646
4.02187
4.20810
4.27612
4.36440
3.62432
3.88359
3.82307
3.93321
4.33938
3.57306
3.67409
4.18461
4.03475
3.91597
3.71647
3.65501
3.28096
4.00420
4.23497
4.31122
4.05866
2.55368
4.26559
4.19419
4.16020
4.23711
4.17786
3.86472
2.52732
4.13534
3.73103
4.24036
3.95820
4.22896
3.97606
2.51218
3.99815
2.22117
3.75559
3.89495
4.14961
3.97668
3.70795
2.82365
2.57456
4.05244
3.83651
4.04965
4.14373
3.92344
1.53846
3.94324
3.64784
4.25364
3.89838
4.21492
2.64036
4.10105
3.77127
3.98705
4.13041
4.23202
3.48119
4.22223
3.96769
2.49529
3.97518
3.74846
4.19665
3.94220
3.56658
4.14864
3.81447
4.17336
4.11775
3.63774
3.57701
3.59961
4.22865
2.17638
4.07967
3.67261
4.16327
4.18665
4.10062
4.16686
4.05652
3.66437
4.30392
4.14219
3.79164
3.55378
3.88405
3.82910
3.87748
4.01956
4.23205
1.94065
3.97430
3.86958
4.19547
3.90865
4.27321
4.36485
3.47842
4.24012
3.65826
4.24667
3.78546
2.83870
3.45302
4.21722
4.16724
4.11031
4.23960
4.16550
2.28533
4.37452
4.24429
4.04116
4.15632
4.05624
4.22607
4.14400
3.69840
4.32359
3.79355
4.20083
4.19497
4.36218
3.64857
3.61772
2.79953
3.39430
3.91519
3.82134
3.58018
4.36472
4.05486
4.02876
4.21878
4.07431
4.30501
4.10039
3.93918
4.22545
4.19096
3.62297
3.72104
3.80731
3.10548
3.97373
4.04660
3.62063
4.25671
3.82614
2.80299
4.38695
4.18890
4.32954
4.06076
4.33632
4.31488
3.77967
4.33271
4.05602
3.39157
4.33275
3.02345
4.12274
4.03316
3.77250
4.11398
3.32524
4.27208
3.77171
3.94520
4.25020
3.93157
3.82381
4.26663
4.17004
3.61761
4.13873
3.62111
3.93105
4.04070
3.24679
4.19233
3.23880
3.84092
3.79319
4.06141
4.00214
3.92123
4.08337
3.84373
4.25712
2.32403
3.57746
4.11803
3.00629
4.08513
4.02004
4.35377
3.52519
4.25584
4.39084
4.35606
3.70019
4.10597
4.13358
4.26145
4.12163
3.93417
4.15530
3.78790
4.25770
4.19847
3.67426
3.20895
4.21782
3.90678
4.21355
4.40704
4.13683
4.11658
4.00429
4.20071
3.53560
3.61222
3.97965
3.76092
4.25512
4.16631
2.79762
2.70931
4.20312
3.92818
3.93805
4.37452
3.39631
3.30608
4.09578
4.05846
3.98563
3.80908
3.98106
3.81617
4.28998
4.38053
4.02732
3.80153
4.19789
4.20872
3.62861
2.53083
3.25319
3.89376
4.11004
3.97776
4.33599
4.13609
4.11153
4.27879
3.87099
3.86733
3.39711
4.04240
4.20476
3.68996
2.73778
4.17679
4.29598
3.93374
4.02265
3.87513
2.60775
4.35579
3.63978
3.88561
4.24485
3.23866
3.76459
3.45365
4.10507
4.31214
2.43797
4.04370
3.64544
4.10203
4.31500
3.16549
3.64232
4.10479
4.20706
4.30867
3.44628
4.04370
2.33284
4.42069
4.24242
3.60228
4.33949
3.97664
3.97077
4.04009
4.22703
3.08935
4.23756
3.77893
3.77069
4.39060
3.83678
4.02109
4.14514
4.11024
3.80215
2.96082
2.95170
3.78695
4.10542
4.10937
3.72338
4.14444
4.04008
4.31719
3.93137
4.33532
3.01048
4.07156
4.01937
4.25627
4.16229
3.86865
3.84505
3.02082
4.29331
4.29673
4.23425
4.04663
4.18804
4.12037
3.73979
3.07455
4.33224
4.08882
4.05320
3.81138
3.91833
3.37056
4.28257
3.96518
3.66251
3.96461
4.01233
4.30030
4.13290
4.24304
1.08575
4.19967
3.22021
3.99570
3.91864
3.72937
3.98418
3.77777
4.09034
4.36559
4.26200
3.89349
4.15094
4.17815
4.08956
4.23398
3.58594
3.94993
3.83582
4.22574
4.02998
4.24034
3.83671
3.04973
3.57463
4.18354
1.60701
4.01879
3.75213
3.77212
4.01154
4.26013
3.74155
4.17124
4.20455
4.16659
1.85384
4.10807
4.07924
4.07321
3.83636
4.01010
3.77583
4.16363
4.07103
3.83939
4.31320
3.68191
4.32439
2.61521
4.09728
3.91787
3.79367
4.15863
3.07033
3.66807
4.37204
4.27588
4.32222
3.34396
4.14467
3.57754
4.21126
4.33258
2.98585
3.87698
3.62042
3.58900
4.27736
4.33320
4.36133
4.15157
3.67760
4.30757
3.40852
4.09057
4.02684
3.85600
2.25341
4.38255
4.33502
4.23506
4.08947
4.01622
3.54306
4.13704
4.08041
3.98509
4.02895
3.48525
4.34409
4.28273
4.36347
2.43615
4.16279
4.10421
3.61844
3.59216
4.31151
4.00148
3.95340
4.17353
4.27552
4.34064
1.87735
4.22975
2.47167
4.25663
3.21314
3.47507
4.13321
3.39871
4.14229
4.04218
3.75810
2.59606
4.18780
2.88727
2.41605
3.46758
3.96890
3.56870
3.79397
3.84668
3.76669
4.15947
4.16499
3.80982
3.92231
4.18212
4.17244
3.65795
3.97327
3.97730
4.02287
3.95047
4.12095
3.41943
4.03022
4.26552
3.60121
3.54781
4.35457
3.51032
4.09092
3.89696
4.00954
3.79421
3.94693
4.14423
4.09534
3.97747
4.16989
3.70856
4.11645
3.66956
4.32084
4.36700
4.18855
3.10944
3.12307
3.94059
4.36679
4.24098
4.27584
3.84448
4.22174
2.72694
4.44635
3.98379
3.59327
4.21408
3.84996
4.35904
3.24130
3.73766
3.97672
3.77780
3.13019
4.30117
3.16085
3.75342
4.24656
3.96416
4.14163
3.34313
3.85388
4.21881
3.88982
3.47871
4.23911
4.10720
4.27053
4.25267
4.11834
3.78788
3.84773
3.97710
3.89644
3.53630
3.37557
3.81209
1.71399
4.00449
3.90744
3.51472
4.11457
3.66893
4.10113
2.89729
4.31332
2.67240
3.53103
3.45539
4.41544
4.33665
3.91853
3.01904
4.45318
3.37090
4.03101
3.82785
4.01958
3.64575
4.12137
3.93983
4.08832
3.88180
4.30006
3.63928
3.60922
4.25212
4.05023
4.32032
4.09903
3.81604
4.18569
3.89832
4.26801
4.09002
4.16747
4.26321
4.29926
3.93690
4.29577
3.81402
4.16233
3.07167
4.22691
3.74148
4.16153
4.12662
4.30732
2.58121
4.29458
4.19315
4.16881
4.43018
3.69515
4.04052
4.16719
1.71712
4.20478
4.19832
4.21820
3.97339
3.99828
4.20232
3.08095
3.69961
3.68440
4.03318
4.19599
4.06768
3.85206
3.75706
4.11579
3.36655
4.00697
4.39368
4.08470
4.05248
4.26386
3.98748
3.88473
3.06720
3.48426
3.55961
2.93703
4.01424
3.70313
3.67255
4.25820
2.43122
4.17436
3.65517
3.93553
4.19034
2.47304
4.19258
3.94382
3.92220
3.80622
4.16905
2.96969
3.69087
4.20367
3.35442
4.26511
2.12283
3.96382
4.34961
4.25358
3.81274
4.28411
4.31556
4.12436
4.16655
4.03269
4.34934
3.81772
4.19542
4.32816
4.11712
4.17259
3.92513
4.33027
3.85251
3.26949
3.71204
4.12381
4.03031
4.06907
4.04834
3.85755
3.86781
3.75817
3.65983
4.16406
4.37060
4.34072
4.24898
3.56851
4.19741
4.13043
4.26896
3.87529
4.15434
3.65697
4.04440
3.39657
3.25344
3.77710
3.90725
4.34894
3.96428
3.95822
3.58551
3.96607
2.78791
3.86225
4.25397
3.43392
4.28004
3.89408
4.15019
4.08534
2.05726
4.21720
4.21236
4.40269
4.06231
3.98023
1.47526
3.09457
3.61911
3.95386
4.07781
4.01098
3.56931
4.00390
3.88101
3.97287
4.35881
4.01806
4.07698
3.52129
4.14753
4.23429
4.17476
3.87806
3.86825
3.96186
3.95325
3.42354
4.08094
4.18185
4.42927
3.52550
4.16056
3.79890
4.19647
3.89510
4.27889
4.02323
4.13338
3.60538
3.92043
4.25309
3.76656
4.19402
4.17679
3.18734
4.08527
4.21202
3.71414
4.12639
3.72830
2.65249
3.95586
4.21868
3.78907
4.15245
1.94414
4.13323
3.26732
3.76542
3.48643
4.21494
3.85997
3.95640
2.74841
3.22840
3.99166
4.32571
2.97621
3.92050
4.10439
3.71795
3.42654
4.10680
2.34877
2.66959
3.96992
4.02096
1.17674
2.66471
4.26388
3.73669
4.11836
3.76009
3.79722
4.11781
4.07327
3.41426
3.81959
3.68210
2.09778
4.05731
4.09369
3.05696
4.28860
3.76749
3.67011
3.91716
4.38715
3.82279
4.21045
4.36631
3.26575
3.76334
4.17579
3.97951
2.32090
4.11723
4.21545
4.14021
4.12127
3.90887
4.35049
4.27831
3.21765
3.54874
3.30325
3.86546
4.21388
3.73657
4.29318
3.74738
4.22168
4.09913
4.30342
4.13851
3.39386
4.31762
2.86667
4.00113
4.30813
3.35153
3.50311
4.25447
1.35843
4.29447
3.79964
3.03941
4.35904
3.54022
3.86720
3.87462
3.91647
3.35780
4.30148
4.25475
3.65148
4.23067
4.12702
4.13951
4.12083
4.15235
3.87494
3.99907
2.75828
4.27341
4.09809
3.50732
3.92181
4.11647
4.08706
3.88359
4.26103
3.84405
3.95759
2.37670
4.11704
2.17818
4.24914
3.91721
4.00033
3.87578
3.93499
4.16654
2.70260
4.04298
4.09475
4.43874
3.12692
3.98542
4.02972
3.26076
3.63454
4.14229
4.25348
2.17260
4.33600
2.91028
4.17644
4.18887
4.34959
4.31636
2.41173
3.36834
3.70060
3.99368
4.17707
3.51903
4.14434
3.45791
2.53557
4.18884
4.37993
3.66130
4.22967
3.64862
4.24510
4.04325
3.70600
4.35233
4.27025
2.99187
4.15944
4.22865
3.83662
2.61709
4.25900
4.10699
3.92443
3.73245
4.07977
4.10938
4.37668
3.52255
4.18117
3.74230
3.98401
4.28114
3.97991
4.15276
3.25390
3.21384
3.70592
4.35863
3.42837
4.34873
4.08929
3.26900
4.08005
2.80222
3.77725
4.22071
4.00269
4.39639
4.08026
4.02937
4.23686
3.97865
4.21751
3.91534
2.05152
3.78019
4.32058
2.58451
3.95544
4.19648
4.14525
3.60715
3.97014
4.18588
4.17521
4.18404
4.12414
4.33595
4.16963
3.61382
4.02803
2.44289
3.12894
4.14497
4.04605
4.00634
4.03342
3.05916
2.76549
4.37979
1.81031
3.99338
3.96542
3.95962
4.11193
3.51008
4.13913
3.91097
3.78338
4.30386
4.39605
4.28843
3.93328
3.72693
4.13845
1.58530
4.07165
4.37700
4.07736
2.02541
4.13301
4.03130
4.08620
4.26351
4.05959
3.94220
4.38996
3.48607
3.83714
4.08385
4.27285
4.14633
2.53961
3.32779
4.12272
4.17838
4.38487
4.01609
4.17149
4.22774
4.21092
4.19565
4.19712
3.98386
3.87604
3.91002
4.22680
3.77580
4.20143
4.20857
4.08503
3.95327
4.02785
4.11220
3.82121
3.97346
4.19356
4.31813
4.14832
4.25969
3.44366
4.15337
3.34644
3.14591
3.37630
3.56223
3.85824
4.04493
4.03414
3.91760
4.24446
3.16772
4.32868
4.12828
4.34972
2.52366
3.74449
4.05670
3.49723
3.62894
4.23048
3.91230
4.07804
4.25129
3.97632
3.83423
3.73600
4.24122
3.96575
3.65404
2.19223
2.68333
4.39265
4.14221
3.69003
2.45549
2.97115
4.28001
3.60929
3.68450
4.34417
3.93699
3.66938
3.85577
1.53065
3.79792
3.95208
2.29432
4.15615
4.04854
3.85848
4.13934
3.27267
4.06956
3.85151
1.65697
4.03609
4.05286
4.33996
3.95757
2.74871
3.72279
3.89235
3.93653
4.12541
3.25130
4.26704
3.81853
3.21392
4.00052
4.10713
4.21046
3.97222
4.36543
3.04805
4.13065
2.08228
4.01499
3.50588
4.21409
3.96907
4.06931
4.19152
4.41200
3.92454
4.24139
4.15634
4.02401
4.13322
3.51195
4.30256
4.01747
3.03483
3.83967
3.54772
4.16317
4.30377
4.27889
4.18011
3.81772
4.23393
4.20888
3.67469
4.05562
2.68902
4.04513
4.10021
4.20569
4.18742
3.81072
4.12974
3.87348
4.27707
4.32624
3.78106
2.63658
3.44398
4.07345
4.07641
3.59541
4.02843
2.19162
3.82610
4.07900
3.45988
4.19587
3.91536
4.01025
4.38586
3.90803
4.31779
3.31294
4.36226
4.11005
2.60391
4.28748
3.22197
4.21911
4.35448
3.95330
4.17665
4.08825
3.86644
4.18576
3.95667
4.03563
4.08323
4.17782
2.72189
4.06043
3.90566
4.01505
3.77351
3.16822
4.12111
2.86901
4.35307
3.84614
4.37947
4.03333
3.74226
4.13300
3.24734
4.19994
4.18979
3.66634
3.90471
4.18451
3.55331
3.27978
4.43153
4.27985
4.18854
4.17288
3.99370
3.98710
3.60682
3.66005
4.23618
4.00559
4.05738
2.33168
4.22272
4.23275
2.12530
4.15635
3.74496
3.47876
4.07083
3.87000
4.25306
4.23878
3.61395
4.10030
2.14974
3.75913
4.24993
4.09900
3.59834
4.38088
4.10086
4.01072
4.05993
4.24310
4.30486
3.20725
4.30424
4.24914
4.24809
4.01502
4.02788
3.18414
3.95674
3.45568
4.04973
4.09118
4.39273
3.81742
3.90836
3.71007
3.90212
4.12253
3.86128
4.05471
3.89775
2.97244
3.70634
4.06440
3.50723
4.13761
2.03979
4.04846
3.41287
3.64802
3.16678
3.90266
4.23635
4.29677
3.91324
2.38289
3.90907
4.19096
4.00696
4.14986
2.73681
4.21536
4.18129
3.88774
4.07622
2.41210
4.23000
4.24410
4.12893
4.12151
3.94958
4.41359
3.86963
3.70827
4.01728
4.03546
4.04551
3.98992
4.18984
4.12660
4.20114
3.64951
3.85068
4.40130
4.00825
4.34297
4.22423
3.88182
4.14578
4.01826
4.34698
3.87067
4.10139
4.11161
3.95534
3.53259
2.65927
4.08069
4.23658
4.23006
4.06539
4.28309
2.57281
4.36711
4.01148
4.35435
3.85909
3.94537
4.37537
3.78471
3.61300
4.27758
3.51772
4.00377
3.74247
3.61765
4.10905
4.33875
3.71723
2.01349
4.10669
4.19487
3.60429
3.85220
4.21189
4.01920
3.86904
4.04481
3.61920
3.25446
4.11114
1.73081
3.71545
4.23652
4.07826
4.22842
4.27949
3.52743
4.13495
4.11356
3.54696
4.03784
3.98954
3.99783
3.74326
4.06860
4.32917
4.22603
3.85824
4.14854
4.20321
4.02809
4.12896
4.16637
3.71160
3.70318
4.26656
2.79915
3.96396
4.28609
3.66467
4.18754
3.95359
3.60673
3.83463
3.83009
4.15299
4.08057
4.26863
4.16265
3.55224
3.80858
4.41831
4.34167
4.06770
4.07988
4.01181
3.95197
4.12591
4.33983
4.28504
4.21001
3.92650
2.60977
3.88031
3.40194
4.06824
3.38888
3.63658
4.22719
4.12058
4.15194
3.77763
4.35991
3.95676
4.24185
4.11546
2.37260
4.29706
4.12867
3.22542
4.12023
4.19563
3.66849
3.87105
3.60911
4.16224
4.34002
2.76728
3.57151
4.25769
4.17840
2.92241
4.27150
4.21561
2.64678
4.22268
3.69437
4.11223
4.36046
3.96190
4.10554
3.95569
2.98320
3.68347
4.23943
4.13603
3.57011
4.32088
4.15524
3.49802
4.04793
3.94557
4.29890
2.47683
4.03894
3.67322
2.28381
3.61221
3.97431
3.45990
3.80281
4.27731
3.56517
3.98454
4.19343
3.21384
4.26788
4.24615
4.16374
4.42853
4.11096
4.00038
3.95003
3.14534
2.85431
4.05004
4.28169
3.81510
2.91907
4.22676
4.01066
4.01994
3.88891
3.96062
4.23832
4.33483
3.96667
4.05975
3.55694
4.19530
4.35827
3.74534
3.52862
4.35816
4.22372
2.37672
4.39036
4.04588
3.63652
3.68796
4.21668
3.78064
4.09957
3.70977
4.24153
3.99064
3.57776
4.04924
3.66549
3.34783
4.20831
3.77374
3.53380
3.67876
4.11555
4.16581
4.31425
3.85158
4.05728
3.26876
4.15574
4.01827
4.28148
3.20269
4.32171
3.60948
3.85317
4.05655
4.32258
3.65558
2.03740
3.81995
2.99176
3.88909
4.08715
4.08867
4.15455
4.05057
3.98461
3.46545
2.43723
4.15891
4.22263
4.13731
4.25211
4.09214
4.22821
2.76062
3.89047
4.33692
3.94669
3.46836
3.62222
4.21575
4.05329
3.35660
4.03702
3.78677
3.43029
3.95328
4.22632
4.21960
3.64836
3.35817
3.72413
4.21394
2.95210
3.70263
4.24495
3.71868
3.58171
2.91466
4.17043
4.12329
3.93376
3.99299
4.03081
2.55340
3.65896
4.16464
4.29895
3.69912
4.01765
3.27377
4.33240
4.18243
3.96403
4.11498
4.04409
4.31480
3.42235
3.70792
4.10929
4.15979
3.60895
4.31372
3.94987
4.17295
3.52330
4.16344
4.24759
4.11302
3.87081
3.51257
4.03093
4.20751
3.75502
4.12131
2.55794
3.62141
3.01694
4.29035
3.92853
4.05249
4.34902
4.37889
3.92236
3.58821
3.23540
3.90281
3.99516
3.41561
2.83957
3.93118
4.08057
3.62931
4.03327
4.29638
3.76996
4.11493
4.20076
4.36998
3.93911
4.05907
3.90433
4.29956
4.33827
2.90156
3.22685
4.01681
3.57556
3.79792
4.24715
3.81145
3.76106
3.73824
3.95557
2.27187
4.29791
3.09100
3.72266
3.82350
3.41943
3.03646
4.26540
3.74884
3.99118
4.07317
4.23710
4.15466
4.19059
4.13286
4.23913
4.12803
3.46049
4.15672
3.41685
4.10269
4.08081
4.35080
3.91255
4.06495
4.26012
3.80309
4.06402
4.31087
4.17912
3.76666
3.53923
3.97919
2.12788
3.89529
4.26980
4.00878
3.78924
2.06268
2.61496
4.06923
4.00709
4.35477
4.10365
3.90773
3.82223
3.84901
2.63773
2.99776
4.13775
4.13259
4.33348
3.54946
4.10183
4.28065
3.88803
4.25854
3.87747
4.02058
3.96192
3.89400
3.15455
4.34334
3.98807
2.92012
4.12230
2.99798
4.29126
4.02413
4.26152
4.17619
4.05822
4.14396
3.89108
4.37983
2.51305
2.29749
4.13455
4.43046
4.24302
4.14400
4.00347
4.42517
4.10055
4.09541
4.28801
3.97091
4.04486
4.15600
3.88697
3.02397
3.58519
4.38276
2.98991
4.21495
4.05873
4.09222
4.15437
3.81979
3.84480
3.90265
3.40110
4.11331
2.88512
4.19712
3.98173
3.03478
4.33985
4.12700
2.72685
4.23099
3.76731
4.06986
2.13827
4.05596
4.14400
4.06113
4.12132
4.33417
3.62175
3.40045
4.09421
3.95681
3.86598
4.03903
3.80993
4.04594
4.29107
3.61427
4.20594
3.98959
3.88783
4.28326
3.93873
4.09556
3.73349
3.75277
4.21596
3.82725
3.64722
4.19527
3.82536
3.82092
3.62950
4.15672
4.07462
4.16569
4.21610
4.18130
4.18681
4.12597
3.73756
4.12399
3.35324
4.13659
4.13575
3.44587
4.06818
4.31506
4.22716
4.20807
4.22705
3.87904
4.19798
3.91652
3.56581
4.20417
3.84832
4.02560
4.07485
4.20721
2.28804
3.69122
4.18625
4.28815
4.32129
4.28650
3.61356
4.13908
3.69610
4.31903
4.15863
2.12656
4.07484
4.34001
4.02925
4.01278
3.78834
3.72357
4.16844
4.31010
3.01152
4.34795
4.00041
4.35274
4.26605
4.09872
4.29307
4.14416
3.85749
4.05229
3.85070
3.40343
4.21353
4.03356
4.01725
4.14061
2.60354
4.39830
4.07740
4.17716
4.16104
4.16566
3.00039
4.04792
4.15621
4.03450
4.19239
3.69987
4.06612
4.31449
4.07484
4.01907
4.17803
4.21299
4.15485
4.04693
3.36304
3.62482
4.13065
4.28353
3.65489
3.41819
3.86302
3.54795
4.32398
3.91274
4.37648
3.95717
4.29946
4.17145
4.29385
4.08666
3.97484
4.24695
4.00814
4.37848
4.15755
4.08880
4.09420
4.20137
4.21204
3.80194
3.92647
3.94704
4.21622
3.83569
4.27801
4.14179
4.32310
4.04336
3.92333
2.85117
3.91286
3.56579
4.07821
4.40106
3.81288
3.98277
3.35004
3.92135
3.95149
4.27241
3.46102
3.99788
3.04043
3.91650
4.27184
4.00415
3.64973
3.92697
3.97869
3.90473
3.88230
3.31600
3.64292
4.02825
4.15268
3.91627
4.28038
4.26883
4.06749
4.19660
3.30352
4.08856
3.69934
3.65559
3.40381
3.79059
3.99448
4.15339
3.94990
4.32656
3.93380
3.68399
3.69711
4.27000
4.22039
4.35036
4.05292
2.65683
3.46690
4.12657
3.97463
4.23357
4.39122
4.09745
3.93594
4.38148
3.75202
3.49556
3.71339
4.28730
3.36267
3.73824
4.37162
4.22213
3.62526
4.30133
4.28156
3.58189
4.40620
3.75094
4.07024
2.31904
4.14540
4.14131
3.68393
4.26129
4.31349
4.30104
3.89752
3.55876
4.27097
4.06443
4.20925
4.02373
4.01995
4.09406
3.95812
2.95566
3.87068
4.04461
2.02581
3.94188
2.44335
4.11833
4.21563
4.13411
4.04436
3.77273
4.01509
3.87896
4.08084
3.85185
2.20449
4.12574
3.95849
4.05629
3.96642
4.37979
3.43920
3.99450
3.66258
3.15553
3.87509
4.03039
4.37858
4.13912
4.15093
3.52136
4.09410
3.91792
4.09103
3.83298
3.44615
3.80000
3.98426
4.03086
4.33811
4.39746
4.30560
4.06594
3.81898
4.41708
4.00859
3.89234
2.55822
4.13655
4.19907
3.65523
4.25144
1.95125
3.80326
3.89062
4.27096
4.32214
3.14696
4.15581
3.73227
4.10674
2.20176
3.10804
4.01253
3.76364
4.26896
4.22211
4.40047
2.60215
4.18874
3.47650
4.07903
3.62015
3.43990
3.62237
4.20862
3.81980
3.75936
3.59404
3.02031
3.99340
2.96595
4.20410
3.73076
4.03261
3.25884
3.91900
3.91485
3.90743
3.79949
3.12934
4.32751
3.55149
4.04653
3.53010
3.35179
4.24872
3.78568
4.10242
4.09337
3.75548
4.29573
3.69692
4.05357
4.15642
3.52031
3.72476
3.95628
3.90638
4.39012
3.80729
4.27759
3.89842
4.13667
4.20049
4.20171
4.36521
4.18481
3.23396
4.35913
4.40377
3.27833
4.15085
4.08955
2.69083
4.22165
4.34817
3.99107
4.02938
4.24286
4.16793
2.85759
4.13277
4.13859
3.78493
4.29187
4.15550
3.29985
3.62246
4.21962
4.11321
4.40506
3.79472
3.67527
4.26054
4.31073
4.01720
4.14064
4.34742
3.63557
4.00265
4.12909
3.80249
3.60282
3.92356
4.30524
3.88665
3.76302
4.16475
4.10544
3.87577
4.19711
4.10566
4.01505
3.52666
2.48207
3.72663
3.69733
4.04324
4.01052
4.18699
3.56335
4.27596
4.27405
3.96391
4.02266
3.82393
4.12056
3.87538
3.61448
3.47179
3.65550
3.16963
4.24028
3.94854
4.16584
3.30772
3.86185
4.04839
4.13107
4.37819
4.09207
4.08202
3.85345
3.96054
4.06677
4.08825
4.16652
3.73399
4.17370
4.04140
4.00733
4.20646
3.40192
3.45673
3.94545
3.87301
3.89922
4.31551
4.35337
3.34612
3.67885
3.87347
2.91359
3.94246
1.69537
1.42837
4.26231
3.91792
4.17186
3.62005
3.64058
3.56018
3.89199
2.76607
4.10649
4.24913
4.24018
3.86969
4.16293
4.06600
4.36399
3.98284
3.20334
3.74988
3.87838
3.49340
3.87551
4.22582
4.35143
2.63254
3.58356
4.38070
4.28870
2.54219
2.23031
3.60604
4.15506
3.76126
4.22147
4.11406
3.33852
4.31252
4.31224
4.20372
4.40359
4.00006
2.66481
4.20487
3.80492
4.15517
4.21290
4.18490
3.17234
4.30485
4.09559
3.45296
4.20428
3.73630
3.96851
3.85161
3.77269
4.27063
3.11836
3.67176
2.12270
3.82248
3.34239
3.57746
4.09521
3.73498
3.40285
4.16714
4.10107
2.68512
4.07203
2.19477
4.05300
4.16037
4.00308
3.04981
4.26254
4.41430
4.14624
4.26509
3.75030
3.44994
2.61165
4.21746
4.36394
4.29297
4.19920
3.67153
3.79529
4.10321
3.99019
3.39801
2.54683
3.79911
3.81233
3.81156
4.25830
2.66603
3.56471
4.23748
4.01148
2.07742
4.39152
3.74220
3.54640
2.49263
3.98073
2.46612
4.01007
3.93657
4.14460
3.60769
4.39020
4.22585
3.67482
3.92367
4.07444
3.10924
4.27007
3.71366
3.98693
3.96172
4.26052
3.88719
3.35060
3.89589
3.42713
3.91507
4.03380
4.41660
4.29299
4.09190
4.24774
4.34503
3.96945
3.51550
4.13440
4.24178
4.03552
4.21706
4.17878
3.99303
3.82787
4.05723
4.30769
4.08885
3.75769
4.35737
4.36573
4.34909
4.17366
3.90415
4.24757
3.82888
4.12418
4.26144
3.73868
4.06701
4.30411
3.83010
4.06340
4.28134
4.01050
3.63149
4.02889
4.36078
3.50857
4.06889
3.50281
4.17985
4.10395
4.18319
3.73540
4.27769
4.20003
2.74548
4.09424
4.15440
2.40900
4.22520
3.66371
4.07326
3.26765
3.76762
3.15311
3.82103
3.83543
4.25968
4.33704
2.94038
3.80900
3.99056
4.17310
4.16054
4.32255
3.97742
3.98021
4.02972
4.24987
4.08622
3.78180
4.03629
3.89727
3.86132
3.80110
4.00520
1.99525
3.83352
4.25084
3.71369
3.82096
4.08776
3.95638
2.47124
3.59497
3.92976
3.98094
3.78037
3.89492
3.97669
4.27614
4.32624
3.90298
4.11913
4.12646
2.63932
4.39108
3.39427
4.31717
3.44346
4.17270
2.94154
3.51039
3.81600
3.69461
4.22715
4.07460
3.85449
4.17524
4.38210
3.95637
4.11689
4.19746
3.71932
2.66971
4.03538
3.97265
4.21277
4.21150
3.93505
4.21298
4.18549
4.01801
3.15309
3.96915
1.85212
2.95363
4.09419
3.02909
3.92678
4.21982
3.37298
4.30664
4.23188
3.85215
3.74430
4.00878
3.98505
2.83335
4.11709
4.23583
2.27105
2.79773
3.85125
4.23306
4.11560
4.09532
4.38346
4.08126
4.01411
3.98158
3.35394
3.67237
4.32449
4.13815
4.04349
3.97896
3.80857
3.83446
2.98870
4.31565
4.25847
4.19151
4.05224
4.25023
4.16933
3.91099
4.26171
3.68126
3.81479
4.02653
3.80552
4.40489
3.73764
4.11662
2.07962
3.94502
4.22400
3.91167
4.12408
4.11153
4.21033
4.26047
4.08335
3.43529
3.99946
4.09463
4.22404
3.80317
4.10877
4.31487
4.06159
3.79826
3.92725
3.99814
3.91529
4.30556
3.90170
2.19517
4.08224
4.08685
3.26606
3.93952
4.17699
4.11505
4.17413
4.15535
4.10076
4.14511
4.22843
3.64890
3.84593
4.31743
4.30388
4.19703
4.33449
4.15630
3.78270
3.30090
4.07096
3.65055
4.08614
4.34525
4.27488
4.12866
4.22421
3.80625
4.21112
4.26208
4.04326
4.17585
4.08043
3.61087
3.93865
4.35552
4.01076
2.63070
4.13972
4.19602
4.11749
3.14918
4.02332
3.60922
4.13829
4.02172
4.24136
4.30926
3.78606
3.95129
4.21626
4.32796
4.24068
3.58343
4.27907
3.95087
4.07757
3.91427
4.09761
4.15007
3.19376
4.18239
4.06435
3.36350
3.73124
4.16792
4.30393
4.22780
4.20240
4.24086
4.41412
3.82494
4.19402
4.17744
4.28178
3.43714
3.65716
4.05463
4.22826
4.33664
3.72606
4.31671
4.23655
3.90511
4.04871
4.35275
4.16101
4.13947
3.68939
4.35426
4.11859
3.80869
3.99797
4.35672
2.20778
3.89811
4.17739
3.87955
4.24785
4.32349
4.31550
4.05611
4.12117
4.37459
4.28371
2.78467
4.22075
4.35008
3.78576
3.99419
3.70579
4.05173
3.56813
4.19735
4.30979
4.19379
4.01204
4.27845
4.10339
4.14588
3.88369
3.88337
3.81458
2.80311
2.96111
4.32165
4.15906
3.75857
3.74243
4.30468
3.52770
2.24410
4.08375
2.36098
3.71252
4.05648
3.65482
3.99708
3.66780
3.83407
3.84961
4.19243
4.34738
3.60944
3.98644
4.11256
2.83267
4.28585
3.85132
4.25429
3.69992
3.40209
3.69895
3.24816
4.31748
4.12573
3.86692
4.11637
3.62907
4.20847
3.92122
4.01942
2.68654
3.86342
3.63675
2.11111
3.89708
3.30024
2.76673
3.75682
4.20597
3.74929
4.25529
4.05210
4.14739
3.80603
3.59406
2.32645
2.81001
4.04989
3.92466
4.09939
4.24013
3.61403
3.90578
3.68782
4.15217
2.52528
3.87309
4.16964
3.96356
4.06934
4.07749
3.78500
4.23017
4.23923
3.91583
3.37547
3.96074
3.18538
3.69364
3.57351
3.99848
3.90736
4.21021
2.77441
4.03939
4.10276
4.11878
4.35747
4.29131
2.97937
2.43191
4.11386
3.73178
3.79995
3.83745
3.99172
4.29173
1.21313
1.99799
3.82862
4.33949
4.13350
4.14105
4.27018
3.03179
4.09589
4.22446
3.88759
4.25612
4.24713
4.26196
4.14595
4.13758
4.00405
4.25717
4.08992
2.53589
3.91572
4.18181
4.00589
2.51285
3.64800
3.95629
2.48665
3.18751
4.12013
3.65626
4.07391
4.26446
4.29832
4.26317
3.72074
4.06300
4.20681
3.71871
4.18868
3.57350
4.34223
3.49633
3.38021
4.21116
2.65054
4.06910
3.74335
4.14024
4.20560
4.06014
4.02325
3.63471
4.20896
3.58861
4.18112
4.18647
3.33804
4.02126
4.08244
4.30821
4.21322
3.97440
4.13310
4.23771
4.26421
4.10203
4.00496
3.72903
3.83285
3.77925
4.22038
4.05812
4.16861
3.53331
3.89450
3.82521
3.97422
3.95947
3.60892
4.14115
4.18749
4.21645
4.19401
3.85840
3.75142
3.98928
3.31589
3.59776
2.97167
3.72555
4.11816
4.00630
4.32479
4.07833
4.27054
4.15305
4.13953
3.83784
2.85407
4.19237
3.84140
3.94233
3.93822
3.98058
4.19064
3.91435
4.25465
2.51381
2.80273
4.32064
3.57962
3.90651
3.85901
3.95375
4.14329
4.23230
4.38168
3.98402
4.21609
3.52319
3.57295
4.10524
2.64950
3.85803
4.12081
4.12258
4.28979
3.87927
4.11406
4.32627
4.22379
3.95536
3.69646
3.36825
4.17956
4.27871
3.88243
4.19558
3.21746
4.15906
4.10981
3.40721
4.12227
4.24612
3.87873
3.05440
4.09622
4.25911
4.19730
3.75449
4.06591
3.97087
4.35556
4.19238
2.98847
4.13803
3.14049
2.83263
4.00280
3.75673
3.66350
2.23452
3.80855
4.23371
3.98861
2.45272
4.38452
3.92888
3.28070
4.25390
4.27146
4.17294
4.00582
3.91390
3.65083
3.91187
4.09917
4.22917
4.34256
4.17775
3.13417
4.17502
3.75615
4.34637
4.30585
3.73059
2.56437
4.21082
3.96873
3.98021
4.01298
3.76326
3.82767
3.97745
2.20945
4.06073
3.78492
4.00343
4.14603
4.11834
4.22100
4.05345
3.86383
2.36124
3.81144
4.10412
2.52530
3.31633
4.26068
4.01396
4.27849
3.77352
4.16488
4.22741
3.83839
3.18602
4.33526
4.09327
4.10758
4.18727
4.34531
4.20507
4.31123
4.10431
2.63167
4.13931
3.84387
3.78046
4.05611
4.23643
3.79121
3.97864
4.00338
3.90733
4.28733
4.01715
3.94083
4.08460
3.70061
4.01029
3.49478
4.00418
4.17566
4.22980
3.99965
3.95948
4.21848
1.73052
4.33042
4.01908
3.96124
4.13514
4.30674
4.29724
4.17757
4.32955
3.43192
3.79224
4.14225
4.00555
3.73326
3.36647
4.27123
3.41288
3.99514
4.39262
4.17827
3.80035
4.35051
3.95939
3.99938
3.25000
3.21252
4.20249
3.89812
3.86183
1.10416
4.02584
4.02959
2.86832
3.98365
3.71602
3.69020
3.31688
4.30516
2.62370
3.75480
3.56451
4.30149
4.36857
3.62909
3.35729
4.18820
4.31473
3.82555
4.14407
3.67432
4.19068
4.39807
3.94194
4.24026
3.99262
3.88804
1.84360
3.86148
4.24261
3.94402
3.90901
3.77709
4.12122
4.03924
3.65220
2.85480
4.23385
4.30462
4.13835
4.24005
4.05992
4.19138
4.03423
3.99953
3.66279
3.31382
4.35773
4.01648
4.33578
2.89215
3.97169
3.26855
3.60489
4.42086
3.68725
4.33783
4.30974
4.02718
3.89273
3.67031
4.23089
4.21222
3.98125
1.66137
3.72390
4.23449
4.19986
3.99795
4.13914
3.49381
3.86191
4.19284
4.01987
4.09641
2.28596
4.08404
3.93885
3.87352
4.10252
3.96211
4.19700
4.09367
3.74003
4.38898
3.27359
4.15569
3.77746
4.46433
3.70891
4.24666
3.36024
3.72143
3.75779
2.61967
4.15761
3.92099
3.36450
2.05844
2.43940
2.50830
4.06113
4.40040
3.97948
4.18235
4.36598
3.78418
3.76384
2.50378
3.69530
2.21147
3.93503
4.19440
4.02614
4.15127
4.16000
4.05938
3.76831
3.93752
4.05960
4.34083
3.31573
3.14227
4.14383
4.35993
3.47306
4.26817
3.93271
3.91002
4.41815
4.25673
3.98002
3.71530
3.58965
3.13574
3.86926
4.28142
3.92964
4.25323
4.35246
3.54863
4.20643
4.24128
4.14485
4.18375
2.65488
3.88895
3.59758
4.11765
4.10009
4.32392
4.34524
4.04062
3.86669
3.53414
3.80926
4.28966
3.31364
3.88084
4.22211
4.27646
4.17312
4.29565
2.99426
4.04992
3.72462
3.45305
3.82505
4.40659
3.52387
4.08885
2.43819
4.03877
2.63836
4.03714
4.28010
4.09502
4.03454
4.15491
3.92728
4.16869
3.95371
3.88395
3.96435
3.86774
4.16523
3.90932
4.24841
4.11383
4.23806
4.21764
4.20089
2.38378
4.25368
4.24210
3.16907
2.94275
4.14172
4.23243
4.08533
4.27659
4.20483
3.60649
4.44361
2.55755
4.09304
4.14627
4.31575
3.69103
4.05693
3.94946
4.10162
3.53258
3.29171
3.88979
2.41974
3.85260
4.22782
4.35634
1.91415
4.41366
4.22946
3.53232
3.87114
4.13030
4.09484
2.54240
3.94593
4.28789
4.09399
4.36289
1.42623
4.17862
1.57254
3.58065
3.80196
4.13136
3.42856
4.27651
3.80763
4.16301
3.04297
2.60696
4.13822
4.08692
3.00531
2.11011
3.41084
3.80303
2.94452
4.10524
3.21195
4.13605
4.21736
3.25767
4.20622
3.66673
4.43459
3.79221
4.09588
4.30748
3.80729
3.80212
4.15486
3.99332
4.37202
3.18648
2.89926
4.22776
4.03043
4.24158
3.62816
3.86925
4.19324
4.20699
4.20969
4.14331
4.20452
3.79945
3.40391
3.66037
3.70251
2.42202
3.93925
3.90763
4.06491
3.98491
3.81117
4.24000
3.66503
4.24198
3.90934
3.85456
4.21562
3.82402
4.03174
3.73668
4.15233
4.09363
4.29782
3.92325
2.83686
3.80155
3.85060
4.08696
3.36799
1.89522
3.73510
4.23335
4.19438
3.74186
4.12334
4.22831
3.91792
3.65822
3.59833
3.95131
1.88874
4.32559
4.16888
4.21917
4.01990
4.22074
2.65038
4.01067
4.36388
4.24401
3.85129
4.27282
3.81677
2.55926
4.32279
3.99788
3.54581
3.97193
4.14983
3.33822
4.21932
3.86555
3.64220
3.62001
3.84176
3.23456
4.07561
3.90081
4.32658
3.92794
2.94234
3.23682
3.29446
4.38953
3.10703
4.23262
4.16096
4.31695
2.94838
3.82886
4.10798
4.29145
3.27445
3.91234
4.21714
4.16781
3.78181
4.14382
3.95626
3.88041
3.84726
3.58134
2.90004
4.15529
3.00186
3.45932
2.92537
4.17148
4.14720
4.32088
4.07512
4.24751
4.26788
4.26387
3.36143
3.91570
3.29135
4.27908
4.38524
3.82466
4.31673
3.83439
4.26031
4.14310
3.77095
4.31012
3.18651
3.83918
3.30634
3.88220
4.13731
3.79121
4.42524
4.27828
3.88443
4.29496
3.76154
4.39716
4.26411
3.87038
2.04939
4.40489
3.91099
4.13014
4.18916
4.29551
3.45697
3.87253
4.07699
4.13051
2.59832
3.84663
4.14144
3.70604
3.85156
4.25516
3.86168
4.04725
3.14777
4.19224
3.78577
3.23413
4.00113
3.80968
3.61249
3.33060
3.89685
3.81485
1.82655
3.62801
3.44133
4.29270
4.21225
3.73497
4.18506
4.07566
3.22050
4.30303
2.58450
2.62589
4.01644
3.43773
3.96197
3.71848
2.58690
4.28669
4.23021
3.82361
3.05452
3.92583
3.97684
2.76529
2.88177
3.09460
3.61959
4.17626
4.11845
3.32876
4.11417
4.24508
3.75942
3.92714
4.33484
4.24112
3.94706
3.88316
3.36515
4.25016
3.89246
4.29620
3.44931
2.49012
4.31926
2.46872
4.02378
4.22324
4.03023
2.91624
1.60441
4.34211
4.13924
3.00419
1.78224
3.65045
2.66174
4.27339
4.07355
4.11333
3.63428
4.19378
3.95410
3.23132
3.91038
4.02231
3.29045
4.07541
4.23715
4.27630
4.43130
3.66918
3.79322
4.03373
3.66195
3.81849
4.18763
3.90863
3.75733
3.92912
3.33700
4.24954
4.10470
4.36234
4.29606
3.61040
4.04200
4.19761
4.21637
3.48340
4.05397
3.51439
4.27038
3.85011
4.07912
4.20971
3.63953
4.18075
4.19030
4.13962
4.30633
3.64870
3.62995
4.21199
4.04229
4.14752
4.34583
4.25303
3.93778
3.81332
3.69181
4.00133
4.05187
3.72872
4.36196
3.75924
3.58262
3.37645
4.11197
3.95162
4.07593
3.97485
4.21909
4.28869
3.06192
4.19921
4.19433
4.14590
4.27278
4.21170
3.97680
4.20284
3.67998
4.35285
4.04322
3.90524
2.32571
4.34090
3.98792
4.09129
3.34391
4.04211
4.18609
3.33955
3.92089
3.79937
4.06684
3.99671
3.83789
3.98875
3.90762
4.20756
4.24567
3.96444
4.22270
4.12320
4.10269
2.36600
3.97377
3.97415
4.14427
3.97139
2.15205
3.96078
4.22193
4.30494
4.23794
4.18658
4.06217
4.30482
3.84590
4.03473
3.56694
3.61423
3.40848
2.31214
2.89287
3.75711
4.25617
4.22975
2.65433
4.22405
4.25750
3.76983
4.11160
4.16752
2.76656
3.97388
4.36496
3.48436
4.09200
3.24527
4.36020
4.09400
4.08785
3.99701
3.74464
4.15704
3.58606
4.09917
4.35887
4.34189
3.93406
4.28001
4.24037
3.58549
2.69106
4.26384
3.56151
2.93107
4.32723
4.21930
1.89241
3.84028
4.21937
4.10596
4.08860
3.32913
3.78485
3.67864
4.10181
4.11850
4.19567
2.65429
3.70969
3.84482
3.96650
4.17003
3.37294
3.22170
4.41678
4.24079
4.12325
4.09101
4.00926
3.94494
4.21066
4.24786
3.28347
4.02824
3.35507
2.20128
4.15113
4.27881
4.27071
3.93097
3.60540
2.36038
4.17876
4.15131
3.96543
3.71286
3.43184
3.95061
2.84136
2.33362
3.73430
3.31075
3.83242
4.08892
2.73345
4.14652
4.16000
4.34225
4.10248
3.72943
3.09154
4.26462
3.39869
3.95131
3.81917
3.60796
3.45569
3.96418
4.06070
3.71633
3.92995
3.45576
4.31203
3.68025
3.66551
3.87305
3.09127
3.91085
3.82709
4.07517
4.07796
4.32336
4.33368
3.69055
2.67022
3.76165
4.03008
3.94639
2.71863
4.13165
4.13197
4.27990
3.52047
4.29753
3.97904
4.20303
3.91257
4.19648
3.50760
4.15805
3.72926
4.26134
4.06978
4.39477
4.12029
3.95570
4.19307
3.90102
3.93496
3.74687
4.29764
4.18126
4.16247
4.35717
4.22495
3.99251
2.95682
4.31768
3.72357
2.94144
3.80277
3.75041
4.15759
4.38917
4.01457
4.23391
4.10206
3.98747
4.11700
4.11571
3.44698
3.80844
3.95530
4.18786
4.36360
3.73072
4.12942
3.58636
2.90925
3.69667
3.93821
4.22966
3.90440
3.67454
4.33185
3.84018
2.92297
4.33997
4.02145
3.86763
1.78240
4.22252
3.42166
3.79026
4.03825
2.86847
3.91081
3.76687
3.79485
1.92588
4.01782
4.30804
3.70594
4.18239
4.19582
3.89281
4.33689
3.17879
4.22684
3.98646
3.85917
3.41651
4.27632
3.80126
4.15392
3.96974
3.86606
3.44329
3.97884
4.08583
4.15544
3.74116
3.39995
4.22460
4.34553
3.93364
2.44604
4.12915
4.27642
1.57366
4.29972
2.73766
3.72055
2.63317
3.42445
4.07345
4.16222
4.27841
3.03174
4.17857
4.16368
4.10021
3.79444
3.14222
3.67021
2.65747
4.21461
4.37384
3.91236
3.95862
4.14948
4.11681
3.72350
4.19595
3.21903
3.00075
3.19783
3.62457
4.33614
4.10776
3.99689
4.39531
3.47673
4.22767
4.08818
3.22844
4.05971
4.18475
4.16945
3.75227
3.83250
4.03374
4.10401
4.19797
4.20291
4.27444
3.78282
4.36174
4.25369
3.52033
4.19739
4.01290
4.23336
3.95612
3.90334
3.94401
4.05655
3.83720
4.17115
3.83918
4.00539
4.14334
3.32075
3.95119
4.00740
2.69537
2.92740
4.00129
3.28070
4.22887
4.06122
4.23460
2.64064
3.95528
2.75228
4.02409
3.99359
3.35323
3.67857
3.93294
3.75351
4.18748
2.93906
2.37907
4.00635
4.25022
4.07571
3.57411
3.98708
3.44144
3.66539
4.01966
3.74323
3.60332
4.06504
4.21350
4.21069
4.33603
4.19794
3.10587
2.38907
3.80983
3.72119
4.12614
4.20892
4.10886
3.93226
4.08035
3.98103
3.26900
4.18559
3.92588
3.54987
4.00751
4.38962
4.12801
2.70833
4.07941
3.24535
4.27528
3.90585
3.07731
4.19631
3.62713
4.18756
4.22031
3.89129
2.79058
3.98874
3.79038
4.25255
3.88050
3.85671
4.32890
4.03955
4.24127
3.72775
4.18438
4.10830
4.22947
4.07093
3.94367
4.22367
3.79343
3.97149
4.11592
3.92182
4.02514
4.34304
4.21359
3.96820
4.04479
4.17626
3.72027
4.03317
3.96453
4.09208
4.34820
3.69232
3.74192
4.16882
3.57497
2.75572
4.00665
4.21720
3.46992
4.06854
4.05415
3.05988
3.95709
3.45604
4.12691
4.06209
3.26273
3.17937
3.76092
3.97038
2.84140
4.17053
3.92117
4.39563
3.28223
3.63491
4.07163
4.31645
4.09388
4.28873
4.40168
4.16666
3.60327
4.14414
4.02525
4.05826
4.18192
4.34221
4.06294
3.76939
4.24706
3.48981
3.86204
2.67515
4.13894
3.70513
3.85298
4.03102
3.25023
3.90870
3.90795
3.98932
2.81062
4.15792
4.21987
2.66325
3.53609
4.36103
3.93779
4.21719
4.32332
4.13254
4.27244
4.09863
4.19629
4.21634
3.65780
3.65489
3.70166
3.87803
4.10115
4.15218
4.01553
3.74203
3.83144
3.37435
4.33308
4.03616
4.23560
2.76753
4.20998
3.76051
3.99958
4.17556
4.13301
4.18801
4.17344
3.53839
3.67847
2.29400
3.67688
3.44512
3.11734
4.18733
4.05327
3.33490
4.21996
4.30562
4.31661
3.61296
4.31235
3.68212
4.12841
4.01023
2.91927
4.21726
4.22200
4.19595
3.91941
4.11059
3.79888
4.28392
4.36441
3.95104
2.23328
3.84615
3.31977
2.80477
3.57051
4.32582
3.95435
3.93182
3.87713
3.82948
2.86050
3.69973
4.16100
4.21679
3.48554
4.21365
3.72009
3.62106
4.26122
3.95966
4.00111
3.87207
4.15043
4.15038
3.09454
4.13548
4.18105
1.72465
4.23584
3.97627
4.16033
4.40819
3.55567
4.17439
3.97890
3.88446
4.15164
3.64170
4.36299
4.35201
3.85439
4.05186
4.03898
4.14905
4.15853
3.94093
4.17863
3.80954
4.24418
4.29187
4.26605
3.83867
3.66508
4.13550
4.31133
4.32934
4.43933
2.75094
4.34823
4.29687
4.27399
4.22672
3.91935
4.28276
4.21269
4.22624
4.01580
2.09703
4.04325
3.91138
3.48126
3.15814
4.05664
3.84655
4.21007
4.29047
4.13278
3.32898
3.98262
3.72641
4.28836
3.47627
4.05095
4.23915
4.26003
3.10509
4.24226
3.85174
3.72538
3.94772
3.35689
3.88895
3.77161
4.21489
2.54353
1.98173
3.33692
3.91667
4.18754
3.02936
4.16218
4.19737
4.36807
4.08731
4.15065
4.04059
4.07827
4.06584
3.54257
3.39018
4.03833
4.17915
4.36136
4.33660
4.33171
3.82935
4.23172
3.51979
4.38210
4.15378
4.13989
3.14330
3.80054
3.18832
3.78371
4.08141
3.68742
3.94338
3.80193
4.15876
4.29298
3.71426
3.95380
4.29975
4.22860
4.09010
3.97769
3.63310
3.78620
4.28373
3.77920
3.47709
4.03949
4.20986
4.26485
4.02521
2.90451
4.16493
4.07832
3.03411
4.04251
4.11136
3.38075
4.45063
3.82802
4.10439
4.20725
4.24210
4.17300
4.00425
4.02643
3.41068
4.22816
3.37984
4.28175
3.59930
3.41657
2.75168
3.87364
4.04707
4.25856
4.11900
4.24329
2.52632
4.31149
4.35176
3.86627
3.97209
3.65140
2.47739
3.51910
4.29438
4.30869
4.12470
3.95230
4.16006
3.94524
2.50637
4.21170
3.99624
2.01445
4.15337
4.09845
4.29134
4.25465
4.05156
4.10769
3.57388
3.92648
3.79950
3.67958
4.14405
4.07302
3.88240
3.63862
4.17055
4.41370
3.09685
3.79406
3.85747
3.97818
4.21004
4.14671
3.80808
4.29948
3.69284
3.74300
3.67954
4.38811
4.18233
3.99869
4.34055
4.16703
3.51818
3.93258
3.76986
3.26973
3.62522
4.21426
4.09285
3.91613
4.29128
4.17963
4.25341
3.85909
4.18229
4.01078
3.98701
3.93652
3.44824
3.76485
3.87029
3.86487
4.36101
3.11856
3.80621
4.30719
3.49772
3.14346
3.68490
2.02659
4.17518
4.33356
4.27200
4.17014
4.05463
3.27145
4.19465
4.21295
4.13373
3.62522
4.30215
3.62821
4.12635
3.80392
3.30583
4.01511
4.24260
2.64453
3.93479
3.99932
1.94788
4.13652
3.37117
4.30239
4.20075
2.33415
4.30944
4.07351
2.08818
4.31953
3.33146
3.89250
3.21250
2.78023
3.52777
4.28007
4.18182
4.23937
4.01054
4.04648
4.15874
2.63254
2.12421
4.14700
4.38008
3.40089
2.61295
3.96830
3.73211
3.25425
3.93460
3.72767
2.89738
4.23015
4.12181
3.27546
4.15690
4.29326
3.51726
4.06648
3.88176
4.15172
4.21309
3.92291
2.22990
4.28179
3.92520
4.22013
4.14446
4.22859
4.19729
4.22507
3.20754
4.29932
4.29689
3.91563
3.98448
4.09172
4.02660
3.90771
4.04114
4.29038
3.30162
4.36422
4.23824
4.05080
3.92704
4.07612
3.65808
4.29926
3.97937
4.01461
3.99548
3.73996
4.33201
4.34334
1.81026
4.11673
3.62212
4.15167
4.42662
3.77236
4.26114
4.29283
4.22703
4.15321
2.42960
4.04328
3.43324
3.69563
4.13389
4.35078
4.41825
4.29131
3.49080
4.01134
4.28380
4.37279
3.67798
4.21113
2.88628
4.17773
3.87972
4.27890
1.96941
4.10990
4.40012
3.72449
2.77160
3.27747
1.19690
2.33923
4.32660
4.23122
4.30234
4.14163
4.32840
2.63431
3.70140
3.42529
4.01633
4.06852
3.69070
4.04305
4.07030
3.82669
4.40060
4.36996
4.27950
3.79393
3.85859
4.22909
3.75636
4.31838
4.06541
3.30395
4.33110
4.20745
4.05388
4.27012
3.97184
3.81197
3.97050
3.29793
3.69402
4.25203
3.81078
3.75735
4.02683
3.80900
3.41495
3.91517
3.97684
4.41745
4.22421
4.30935
3.84569
4.28359
3.88719
3.79387
4.24809
4.27179
4.27372
4.37049
4.04227
3.79986
3.26462
4.13425
4.09347
3.33353
3.67062
4.31000
2.03223
4.43183
3.65577
4.34917
4.26567
4.17126
3.61866
4.27100
4.18522
3.97870
4.20983
4.29913
4.08010
3.47499
3.71383
3.43258
4.23544
3.39460
4.22127
3.84781
2.49749
4.34246
4.03333
3.89119
3.84223
4.30591
3.52331
3.77778
4.12667
4.23788
4.05023
3.89935
4.23349
3.60995
4.18590
4.23713
2.58903
3.70523
4.26875
4.25791
3.62258
3.79304
4.29266
4.19647
3.97510
2.60699
4.12168
4.35609
3.49351
4.30793
4.01826
2.73414
4.35172
4.36550
4.22108
3.42252
4.16637
4.24114
4.15658
3.89186
3.80300
4.23587
3.79759
3.97126
4.00936
3.86479
4.09414
4.19289
3.97738
3.60523
4.33262
4.11296
4.04853
4.32328
3.92445
3.91374
4.10317
2.92804
3.83126
4.31613
4.10647
3.95549
4.27443
3.21401
3.71745
4.35581
3.75386
2.73081
3.81983
4.18440
4.04503
4.07237
3.98968
4.13433
3.43715
4.09989
2.93033
4.21804
3.69619
4.13750
2.35847
3.73741
4.31152
4.24246
4.04148
3.92136
3.48579
4.11482
4.19615
1.93716
3.71112
4.22379
3.70156
4.07673
3.62936
3.25597
3.93583
4.00766
3.65411
4.16627
4.05713
4.24378
4.15354
3.87347
4.25172
4.34225
3.87878
4.23493
4.05033
4.00677
3.99021
4.23152
3.83558
3.52492
3.95343
3.59111
4.26600
4.14229
4.00119
3.90739
3.96733
3.68285
3.78397
4.05826
4.34319
4.17133
4.07965
3.40883
3.83019
2.06805
3.68433
2.19486
4.21890
4.25145
4.19067
3.03934
3.90154
3.89544
1.43002
4.13184
4.11806
3.86866
4.20930
4.15167
4.16201
2.88268
4.09038
4.16835
4.13638
3.64724
3.65086
3.89061
4.05971
4.32645
3.78299
4.07719
4.09277
3.99238
4.20037
3.98458
3.69441
4.21203
4.23768
4.26350
3.04249
3.81521
4.21822
4.13201
3.96999
4.27549
4.06789
4.35242
3.50727
4.33442
4.07324
4.11834
4.04705
3.63113
4.24716
4.40510
3.79286
3.99091
4.14344
3.76240
4.11118
4.13311
3.65392
4.09520
4.39266
4.14629
3.75740
4.30919
3.98036
3.93041
3.74746
1.89806
4.18786
4.14120
3.91269
2.41377
2.76905
4.09340
4.34311
3.98362
4.22522
3.44350
1.77092
3.52322
4.14938
2.54027
3.93568
4.23819
3.76430
4.15177
4.05434
4.06572
3.51058
3.36993
3.96928
4.26015
3.92672
3.36853
3.94645
4.23525
4.29169
2.91602
4.07264
3.29163
4.35238
4.15174
4.18026
3.87442
4.28012
3.98209
4.04554
4.24240
4.19669
3.71620
4.03063
4.00436
4.02878
4.16334
2.84542
4.27017
3.79264
4.22041
3.67327
3.92826
3.36872
4.32468
4.22651
4.28981
4.06778
4.20694
3.72508
4.10656
3.80135
3.84179
3.94290
3.94572
4.13954
3.32906
3.83047
4.23732
4.27874
4.26183
4.20838
4.15012
4.41338
4.06522
3.79847
4.18155
4.19559
4.25455
4.31637
4.34016
4.22938
3.97447
3.80873
2.17522
4.35147
3.92437
3.81142
2.73145
3.53848
3.84822
3.80751
3.21540
4.02784
4.24266
3.47223
3.91518
3.65009
4.29849
3.40293
4.12289
3.86778
3.64172
3.05748
3.97062
3.08484
4.15551
3.90584
3.96799
3.85967
4.35254
4.44869
4.38548
3.53422
4.21955
3.68375
4.30472
3.41161
4.08451
1.91820
4.05173
4.11012
4.16975
3.91190
2.67418
3.98309
4.05163
4.09833
3.42986
4.15111
4.16586
4.21697
4.06786
4.15580
3.41193
4.08323
4.18068
4.29882
3.54324
2.83367
3.19788
3.86109
3.86344
3.81491
4.09093
4.12571
4.00147
4.22799
2.15160
4.23747
3.66576
3.23227
4.12368
4.14034
4.17869
3.88860
4.16237
3.99013
3.92305
4.26065
3.61305
2.21164
3.06947
3.74734
4.35847
4.05574
4.30043
4.01412
4.19943
4.28332
2.85430
3.89793
4.31794
3.96240
3.09921
3.50372
4.16522
3.92866
3.47565
2.70345
4.38860
4.27883
3.81471
3.59545
4.35499
3.87736
4.07071
3.72433
4.14492
4.17011
3.29391
4.17805
3.77675
4.23408
4.17177
4.14108
3.76442
4.08203
4.29274
4.17939
3.21147
4.19242
4.05496
4.34282
4.20219
3.61137
4.22735
3.93436
3.88067
3.89007
4.15147
4.38095
4.25114
3.75137
2.03448
3.99473
4.13910
2.82431
4.18266
4.12974
2.85452
3.98046
1.76601
3.96981
3.05939
4.17893
3.81644
4.11557
4.30304
3.15719
3.78623
3.90872
4.35522
3.71903
2.87019
3.97988
3.64109
4.34435
3.34558
3.98637
4.00033
4.29197
3.97068
4.19850
4.15489
4.12265
4.05244
2.40156
3.57288
3.80041
3.78747
3.74042
4.23795
4.08386
3.99603
3.97898
2.23495
4.37625
4.30688
4.27524
4.34497
4.40674
3.91332
3.84425
4.01061
4.10227
4.15616
3.79265
3.76522
4.26439
2.20361
4.33541
4.33543
2.45868
4.23820
3.30217
3.95165
4.15343
3.30840
3.92572
3.44526
3.83895
3.15256
3.95990
3.34420
3.70142
3.56476
3.71696
2.85010
3.50125
3.87488
4.29699
3.65309
4.35431
4.14046
4.09801
3.98856
4.11659
2.72466
4.21660
4.04287
4.01466
4.26940
4.02893
4.32748
4.22615
2.20193
3.62429
3.63441
3.88228
4.22035
3.45850
4.04219
3.99193
3.33477
3.70507
2.60844
3.86810
3.87684
4.06113
3.42099
3.95905
4.14924
3.71688
1.95664
4.22360
3.93937
3.34094
4.25073
3.86946
4.28622
4.31798
3.88104
4.33894
3.33161
4.11774
3.35150
2.67310
3.60275
4.01110
2.53902
4.15199
4.24357
3.83023
4.19609
4.22337
3.86813
3.98897
3.89084
4.17938
4.19497
4.17991
4.24574
4.13137
4.27449
4.08468
4.07822
4.01360
3.68485
4.33414
4.25434
1.24874
4.29625
4.29721
4.06197
4.18833
4.07001
4.18951
3.70111
4.00519
3.94215
4.03184
4.04436
3.99145
3.98541
3.86747
3.12601
3.56452
3.93266
3.26856
3.40429
2.40048
4.10763
4.13208
3.95227
3.37763
4.04870
4.35181
4.28671
4.31068
3.73067
4.01003
4.35544
4.02604
3.77387
4.07252
4.42221
4.10699
3.84368
3.39414
3.62231
3.94129
2.03070
3.93131
4.01000
4.07187
4.30487
3.85941
3.73799
4.07047
4.29886
4.11006
3.16383
3.39988
4.21375
4.17988
4.21379
3.77441
4.17342
3.95191
4.12461
4.17134
2.56604
4.29280
3.64927
3.48663
3.19720
2.83425
2.72638
1.46977
3.95732
4.29468
4.14955
3.91594
3.98996
4.19634
2.75358
2.63745
4.04975
4.27868
3.99787
3.86666
4.15184
4.26653
3.05510
3.99781
4.25641
4.23942
4.32572
4.25726
3.87969
1.95743
3.58473
2.47928
4.08999
3.61409
4.35046
4.02565
3.34965
3.44398
4.30781
3.95909
4.38188
4.04783
4.12173
4.14919
3.27916
4.26968
3.81035
4.21811
3.97238
4.15387
1.85159
2.56608
4.12617
3.27283
4.08199
4.23335
3.32875
4.30019
4.14851
4.32991
4.42174
4.20564
4.13001
4.08259
3.88872
3.91553
3.65332
2.60536
4.26768
4.21377
4.09455
4.30489
4.24660
2.24198
2.95324
3.89908
3.73683
4.20959
3.83189
4.36440
3.39139
3.69151
3.54766
3.68982
2.32382
3.05070
4.29608
3.86728
3.00582
3.92129
4.00118
4.19730
4.20757
4.18417
3.65741
4.25863
2.35941
4.30481
4.14305
4.23240
3.78577
3.71218
4.26500
3.48567
3.35388
4.16433
4.30813
4.05401
4.29538
4.06909
3.27570
4.29617
4.33104
4.30604
3.95749
2.93604
3.95318
4.16363
4.16359
4.31686
2.43335
2.48460
4.15825
4.04734
3.59243
4.06616
4.13686
4.32262
3.18447
1.66019
4.22755
4.08887
3.96737
4.27392
4.12573
3.93241
4.39087
4.13632
4.16951
4.23633
4.11660
3.84498
4.14295
3.96115
4.12978
4.21862
3.79115
3.96961
3.63752
4.03979
3.45047
4.22635
4.27992
3.62290
4.10967
4.00735
3.73997
4.36629
4.23943
3.42443
4.05175
2.87409
4.15164
4.18480
4.25841
4.21530
3.85319
3.62941
3.34476
2.19184
4.18099
4.22896
4.29416
3.84444
4.20788
3.84684
4.45096
3.49105
3.57217
2.72274
4.39232
4.37525
3.97624
2.82364
4.04037
3.82668
4.25104
4.09859
2.21681
3.91575
3.76109
2.62064
4.31210
3.68899
4.34429
4.06655
4.38475
4.11451
3.87250
3.34448
2.68773
3.56339
4.10797
4.17928
3.59905
3.65276
3.91831
4.27338
4.39960
4.33598
3.92347
2.73544
3.62651
3.25632
2.16628
4.25339
2.98518
4.12449
4.07744
4.23350
3.86158
3.42307
3.62322
2.42771
3.69868
3.37677
4.08941
3.52960
3.97529
3.48179
2.55182
3.49685
4.19443
4.13625
4.11145
3.86774
3.75194
3.94540
3.24620
3.89738
4.11919
4.34876
4.12373
3.98279
4.30526
3.47957
2.81832
4.31339
4.15929
1.84865
4.16712
2.74963
4.26553
4.08727
3.44903
3.67490
4.07783
3.95841
4.26988
4.21250
3.90317
4.16630
3.83527
4.09334
3.13625
4.42612
4.25224
4.01480
3.97180
4.29049
4.25149
3.94872
4.36141
3.40506
4.38872
4.12613
4.15584
4.18769
4.15001
4.11316
4.03780
4.12069
3.67252
4.01294
4.29022
2.18191
4.19143
3.29521
4.05746
2.82306
3.49469
4.09068
3.91057
4.24099
4.08501
3.51390
3.95243
4.24747
4.22533
4.21156
3.80035
4.07770
3.33037
4.22993
3.77355
2.36266
3.71880
4.25094
2.63682
3.80690
4.23597
3.94961
2.93202
3.61720
4.14759
4.05356
3.71366
3.91416
3.56665
4.15749
3.77723
2.52500
4.33343
4.25488
4.17986
4.36477
4.29584
3.83038
4.04811
4.18893
4.20957
3.74698
3.80757
4.33859
3.71476
3.89417
3.99944
3.61291
3.82239
4.10002
4.40180
4.39246
4.10312
3.93873
4.22796
3.56226
4.43879
4.13031
3.64470
4.15980
3.88650
4.27667
4.10187
4.02361
4.05831
4.36275
3.83582
4.11735
2.68054
1.83914
4.04003
3.79823
4.20193
3.90854
4.05480
4.08847
4.08453
4.30241
4.07704
3.68364
4.03316
3.17701
4.17435
3.97822
3.54375
3.92680
4.07284
4.27948
3.90846
4.04165
4.36617
4.16233
4.01915
3.70570
4.20680
3.74733
4.17636
4.30998
4.17565
3.00777
4.30772
2.96198
3.99488
3.04943
4.02372
2.75804
2.89928
4.13137
4.09473
3.52572
3.34173
4.14638
4.05288
3.84380
3.57774
3.88322
4.34935
4.29609
4.27856
4.04116
3.97157
4.16679
4.29729
3.86374
3.90676
4.15633
4.24881
3.64380
3.74151
4.07040
2.57910
4.22330
4.13447
3.01619
4.09716
3.75170
1.77862
3.96880
2.85970
4.28037
3.61113
3.82028
3.41956
4.02212
3.57527
3.48432
3.86252
4.32718
4.20435
4.00270
2.68056
4.02216
4.05781
3.67892
4.13854
4.23952
3.78028
4.35045
3.76846
4.08139
4.02609
3.77860
3.88863
3.81075
4.25054
4.26138
3.60163
2.82262
4.23176
4.11020
4.28683
3.95239
3.63935
3.47597
1.98559
4.31930
3.42856
3.97932
3.89206
4.21299
4.21213
4.12463
4.14534
4.01400
3.63647
4.06613
3.75626
4.13896
4.07513
4.21695
2.08889
3.88736
4.15237
2.43594
4.42237
4.15834
4.27568
3.78520
4.12808
4.31859
4.16654
4.26775
4.02375
3.98948
4.02654
4.03371
4.03369
3.63472
4.19371
4.03842
4.14778
4.40629
4.36063
2.38108
3.99146
3.43357
4.42492
4.20562
3.74418
4.01340
3.79968
3.10083
4.36434
4.35988
3.76484
4.07573
3.85500
4.15290
4.17361
3.85823
4.27953
4.27242
3.94584
4.16340
3.19481
4.23312
2.81225
4.16860
4.03214
4.24527
3.55114
4.24101
3.84148
3.95178
4.33885
3.81016
4.32122
3.85573
3.57272
3.61757
3.91325
4.28342
4.20037
3.78883
4.02714
3.78833
3.67450
3.87202
2.81123
3.95331
4.17557
2.88044
4.06087
4.05068
3.74404
4.06942
3.60668
2.38462
4.42517
4.25256
3.57384
3.27674
3.27693
4.44730
4.17614
3.93740
4.03504
3.95633
4.20951
3.58967
4.02818
3.74424
3.84144
3.98497
2.64634
4.17706
4.31014
3.87958
4.11854
3.14237
3.95402
4.18811
3.71979
3.80625
3.86031
3.93080
4.29681
3.60354
4.08285
3.83270
3.78573
3.74544
2.74413
4.21612
3.01644
4.28069
2.82617
4.31542
3.90802
3.62187
3.89161
3.75292
4.00519
4.32764
4.30772
4.24922
4.21264
4.06856
2.76439
4.27202
3.43749
4.33289
4.13686
3.72584
4.26647
4.28618
3.93294
3.57219
4.09985
4.24979
4.15841
4.00226
4.11939
3.81373
4.25272
3.82974
4.06778
2.21797
4.11354
3.91403
3.30406
3.91282
3.74239
3.21389
3.83316
4.09431
4.08958
4.19707
2.66371
4.17318
4.32914
3.92855
4.18944
3.53901
4.36308
4.17737
3.56969
4.32996
3.25403
4.04674
4.13931
4.19614
2.15598
4.34839
3.86631
3.03997
4.01640
3.43790
3.92876
0.91907
3.11906
3.85373
4.14834
3.84411
4.29040
3.87270
3.71837
3.92003
4.27233
3.89990
3.97289
3.84238
3.87799
3.97627
3.83071
1.94140
3.90094
3.67412
4.25059
4.03526
3.76716
4.21698
3.49472
2.50431
4.11247
3.83258
3.32891
2.89316
2.02819
4.22733
4.19851
3.37938
4.16680
3.20700
3.56578
3.62485
4.30428
3.99021
3.92591
3.98410
2.53583
3.85533
3.85837
3.39008
3.62232
4.13153
3.75172
4.14219
3.88593
3.90448
4.35258
3.54443
3.14338
3.52266
3.47365
4.12765
4.21354
3.79915
3.82909
2.87405
3.90916
3.91468
3.58798
4.08354
4.11216
4.27985
3.38381
4.14599
4.04937
3.91464
3.35480
4.21588
2.59561
4.17554
2.47910
4.25934
3.03746
4.14579
3.98736
3.85307
2.27581
3.83127
4.35398
3.77712
2.99772
3.87575
3.60818
2.06287
4.37358
4.08305
3.25807
3.89531
3.41133
4.39677
4.14048
4.20723
3.61005
4.23492
4.29320
4.17091
3.90079
4.15631
2.32925
3.98967
3.77457
4.09721
4.18932
4.20275
3.28781
4.22168
3.56528
4.22673
3.32006
3.98391
4.37409
4.01464
2.99953
2.58138
3.55502
4.18622
4.09246
2.92845
2.83239
4.13193
3.90209
3.55465
4.37298
3.73599
4.20628
4.11305
4.06059
2.69037
3.99860
3.77047
3.80705
4.04049
4.27895
2.27149
4.01088
3.98242
4.13469
3.63567
3.97776
4.01978
3.91970
3.85065
4.13215
4.19878
3.27793
3.86914
4.00886
4.03778
1.37324
3.96155
4.23957
3.92872
3.55575
4.10888
4.21541
3.71210
3.60553
4.06406
3.41974
4.18682
3.83388
3.72877
4.19673
3.37756
3.69161
4.14674
4.14196
3.60827
3.59826
3.83461
4.31949
3.38956
3.02714
3.99547
3.21657
3.54886
3.72740
3.41392
3.49238
3.97871
3.98296
4.14696
4.28466
2.38005
4.28420
3.99976
4.09683
3.58024
3.88952
4.09441
4.15384
3.75791
3.99038
3.40497
4.28888
4.16526
2.92336
4.14932
4.30325
4.04637
4.10330
3.32224
4.05218
4.31988
3.35853
3.89064
3.96089
4.04956
1.99965
3.36333
1.66985
4.26069
2.78204
4.13551
4.14752
3.64100
4.25144
3.08388
4.04749
4.22012
3.93456
3.96107
4.33956
4.21315
3.57855
4.02816
4.03543
4.03954
4.24384
4.19672
3.88474
4.09697
3.78260
4.14818
3.72996
3.94838
3.96067
4.03647
4.27372
3.84489
4.28443
4.09374
4.00519
3.72222
4.20600
3.56960
3.79227
3.96513
3.75232
4.31548
3.80659
4.22198
3.48237
3.59756
4.11500
4.29292
1.93104
4.03508
4.12319
4.23935
3.79249
4.00103
4.16627
4.06234
3.87749
4.18607
4.26120
2.16911
3.80131
3.37688
2.13047
3.71354
4.36039
2.59779
4.29956
4.12908
4.12766
4.26255
3.78472
3.96515
3.84799
3.25923
4.18277
3.91030
4.04844
4.14236
4.42816
4.11216
4.24223
3.89148
4.32786
3.87406
3.94990
4.17794
3.75636
1.10263
4.20661
3.89637
3.91153
2.75475
4.22173
3.75384
3.98046
4.09034
3.46177
3.74615
4.06278
4.24036
4.13144
3.89304
3.99239
4.30901
3.88721
4.31368
3.66825
4.24674
4.03603
3.90673
3.34843
3.34735
3.39848
2.41241
3.30745
2.02723
4.02669
4.06803
2.58179
3.97842
4.24937
4.34025
4.23353
4.13985
4.35099
4.16088
4.29284
4.01651
3.83052
3.77425
4.10277
4.22768
3.84362
3.91494
3.82778
4.26221
4.10257
4.25309
4.16227
4.10583
3.95458
3.26536
3.71511
4.22655
3.90596
4.06957
3.83237
3.83438
3.09752
3.92128
3.89956
4.07325
1.95698
3.56635
3.43089
3.74396
3.85490
4.18066
3.01466
3.25721
4.13990
3.21482
3.81753
4.17219
3.68879
2.99512
4.12246
3.76481
4.26335
3.62882
4.16951
4.15502
3.77900
3.61983
3.93567
4.09987
4.32807
3.83945
4.28429
1.79742
4.13689
4.12993
3.58395
3.77419
4.19000
2.46424
2.64604
3.90374
4.08378
2.52461
3.56855
3.90563
3.98574
4.24515
4.01627
2.27180
3.50296
4.35268
3.99091
1.97060
4.29007
3.62451
4.20962
4.28689
4.12344
3.77817
4.30594
3.85049
3.94763
4.29056
4.22628
3.93314
4.19196
4.33108
4.38636
3.22930
3.79148
4.16182
4.16834
4.21074
3.55052
3.80741
4.05921
3.78087
4.17806
3.99866
3.61655
4.35130
3.75306
3.46189
3.84783
4.23632
4.39506
4.00170
3.05602
4.23063
4.22546
3.09099
3.89733
4.34157
4.15444
4.05326
4.30390
3.33585
3.58506
4.06439
3.71943
4.32600
4.37310
3.43185
3.79455
4.38518
4.25129
3.89369
3.21461
4.13058
3.51842
2.78923
4.17159
4.11714
4.15252
4.05190
3.76275
4.26822
3.47931
4.05863
3.99439
4.02049
1.91894
3.96280
4.31999
3.57174
4.33654
3.31241
3.91943
4.15755
3.64687
0.82048
3.82089
4.17424
3.70061
4.10621
4.06173
3.98566
3.92444
3.96355
4.22606
4.22765
1.83728
3.93664
3.06123
3.30364
3.96917
4.09053
4.31026
3.64509
3.75626
4.14042
2.76308
2.14835
4.29156
3.93719
2.65170
4.14724
4.03918
3.42854
4.12673
2.90489
4.24605
3.66722
4.21589
4.10548
2.44727
1.79445
4.36829
4.14630
3.43420
3.56271
3.26012
3.84950
3.15581
3.12236
4.26440
4.26293
4.30359
3.63598
3.54686
3.72728
4.34901
3.73881
4.38804
2.42029
3.51589
4.23487
4.03339
3.65469
4.09689
4.18311
3.60311
4.02712
4.08797
3.89122
3.75356
3.66299
3.83528
3.37683
4.20811
3.85059
4.00743
4.06390
4.23912
3.67061
3.67504
3.92536
4.17144
4.10963
4.23805
3.84218
3.84719
2.66468
4.27837
3.92380
3.42229
4.02049
3.55579
3.73821
2.35803
3.91098
3.96052
3.62427
3.86232
4.38280
3.91704
3.07182
4.01193
3.70080
4.16037
4.25345
4.04077
2.42985
4.25637
4.34063
3.79739
3.69585
3.96911
4.24550
2.95943
3.52275
4.25536
3.88797
3.82871
3.57370
4.10924
3.79469
2.78675
3.79157
3.98357
3.91034
4.20734
4.01566
3.82117
4.31668
4.22556
4.22065
3.93814
3.60867
4.19664
4.24434
1.71639
4.18011
4.09060
4.20052
4.08544
4.25395
3.79228
4.10775
3.98757
1.94798
4.24431
3.33608
2.96080
4.31349
3.59349
4.24320
4.06498
3.92175
4.06690
4.12482
4.12463
4.02328
3.91666
4.21826
3.44355
4.02572
2.36962
3.38389
4.33861
2.30352
3.51733
3.99868
3.57132
2.47977
3.85042
2.50852
4.21347
2.78912
4.07817
2.29177
4.29518
4.21031
3.98206
3.80419
3.49628
4.15677
3.88817
4.34503
4.21681
3.39259
3.80385
2.66354
4.12768
3.67678
4.06251
3.90931
4.18494
3.22846
3.88238
4.27722
4.09614
4.18655
4.27744
3.72769
3.53693
4.01914
3.59191
3.54625
3.18488
3.77376
2.91434
3.60531
4.11307
3.87814
3.38496
4.23306
3.94520
2.55000
3.74389
4.24584
3.63850
3.82694
3.73728
4.29862
4.36076
4.01084
3.90525
3.79878
4.00703
3.83672
4.04845
4.33237
3.93211
3.96487
3.19804
3.92423
4.01700
4.17712
4.31177
4.27858
3.50803
2.65027
3.49881
3.64383
4.16377
3.95917
3.95217
4.24762
4.11910
4.07124
4.30210
4.28470
4.28473
4.12561
4.03706
3.11905
3.74199
4.32945
4.15674
3.98319
4.15464
4.00621
3.97563
3.96939
4.22974
4.15536
3.24949
1.63579
4.24234
3.84763
3.16695
2.93108
4.16206
3.93156
3.03724
4.33102
3.72734
4.15793
4.08709
4.04784
1.96007
4.21809
3.95144
3.79749
3.80806
4.34921
4.08101
4.24760
3.15709
4.30955
4.01863
3.82140
4.27845
3.72266
2.50963
4.03631
4.13241
4.17854
3.68431
4.24048
4.11656
3.69572
3.86046
4.07983
4.39553
3.53940
1.94433
4.27835
3.74597
4.39135
4.32085
3.83773
3.29788
4.23500
4.30283
4.23367
4.13607
4.22464
3.59229
3.81398
2.98385
4.22955
4.28880
3.88101
4.27167
4.09264
3.87334
3.25176
3.06190
4.07761
4.28650
3.98594
4.09240
4.31928
4.03334
2.22482
3.56081
3.01718
4.05820
2.18307
3.84613
3.30957
4.34672
4.08622
3.97719
4.15589
4.05780
4.31742
3.30107
4.34161
4.01468
4.04247
4.35171
4.12533
4.02484
4.22966
4.27190
4.34807
3.31392
3.85757
4.26047
4.16019
3.36403
3.78188
4.03488
4.20651
4.19667
4.28329
3.84399
3.61096
4.23235
2.60481
3.98395
3.94030
3.96720
4.16724
3.62454
4.03519
3.64986
4.33544
4.31638
3.48358
2.57523
3.74726
4.28507
4.21167
4.12690
3.52239
4.33400
4.02932
4.12172
3.53281
4.09788
4.15554
2.05541
4.08154
3.74163
4.18504
4.14215
3.68537
3.79842
3.79171
4.33487
3.82577
4.21954
3.92363
4.16761
4.04178
4.28467
3.63853
4.03536
4.29122
4.16854
3.81177
1.93554
3.83429
4.40301
3.35753
4.23788
3.76836
2.65736
4.14306
3.62233
4.00447
4.33066
3.48795
2.85784
1.78409
3.68886
4.14330
3.59558
4.13251
4.31326
4.21782
4.04804
2.23508
2.81060
2.86716
3.91604
3.86003
3.57201
3.82429
3.04519
3.98170
4.14133
3.95884
3.98489
4.35124
3.99474
4.07728
4.39621
4.21787
3.88201
4.19062
3.66858
4.07528
3.53458
3.82512
3.56470
4.34002
2.77287
4.23707
3.96669
3.68556
3.81998
4.00420
3.99577
3.83907
4.12908
4.07798
4.12901
4.06210
3.96572
3.93576
4.18054
3.37898
1.95139
3.28873
4.00892
3.89981
3.03828
4.03492
4.11793
3.71185
4.04995
3.20845
2.71348
4.15549
4.19900
3.96295
4.16474
2.89217
4.05871
3.77516
4.32768
4.10677
3.85779
3.95330
3.52341
4.14567
4.24557
4.16652
3.91064
3.60447
4.33109
3.28283
4.13129
4.03000
4.33547
3.99755
4.12844
2.21487
2.93628
4.33348
3.84576
4.10266
1.97174
4.09976
4.13557
3.94837
4.28230
4.37452
4.20863
3.47652
2.51789
4.32568
3.29951
4.11148
4.32305
3.85051
4.16688
4.23332
4.22167
3.81147
4.26109
3.67405
4.02151
3.90838
3.95574
3.90428
4.23359
2.74594
3.42201
3.06445
4.04020
4.12701
4.34011
4.14691
3.36579
3.98731
4.36351
2.57082
4.03164
3.73488
3.71092
3.07968
4.11968
4.32312
4.30080
4.03102
4.14538
4.22372
4.20816
3.06479
3.90293
4.29672
3.91589
3.95705
4.36228
3.45006
3.32995
3.88371
3.67146
4.08780
4.19651
4.24532
4.29613
3.61819
4.18272
4.06457
4.04445
2.47827
4.21477
3.57262
4.04588
3.85530
4.06465
3.36046
3.93292
3.72423
3.67984
4.03310
4.25853
4.24110
4.08538
4.33774
4.38287
3.90303
4.00588
4.22366
3.82619
3.62638
3.12852
4.28615
3.90633
3.56651
4.35212
3.49976
4.27845
3.86897
3.83609
4.11846
3.87670
3.53127
4.27210
4.08873
4.43905
4.13095
4.08305
4.23106
4.18288
4.05697
4.02043
2.78243
4.10598
4.22642
3.88872
3.90241
4.25202
4.43960
3.85116
4.22326
4.18997
4.01349
4.17202
2.54145
4.01042
2.01034
3.93689
3.43845
3.05701
2.48453
4.02099
4.26681
3.87287
4.25268
4.20785
4.07329
4.09415
4.23120
4.12953
4.23706
2.04859
4.28615
3.64399
4.04417
4.35891
4.35366
4.06239
4.17741
2.34211
3.63834
4.23571
4.33229
2.40104
2.98636
3.81359
3.92113
3.39239
1.97044
3.38333
3.92686
3.72102
3.60118
4.24741
3.86987
4.30503
3.52172
3.60242
3.97805
3.67404
4.19503
3.26145
1.71503
3.98708
3.87694
2.66655
3.89172
3.79418
3.26752
4.07652
3.51681
4.12932
4.27759
4.05307
3.49709
4.30437
2.44094
4.28324
4.38208
3.83373
4.14994
4.31880
4.17297
4.14419
4.27045
4.19172
4.23777
3.22703
4.32235
4.21675
4.21913
4.10301
3.26738
4.25895
4.04594
3.87199
2.76687
4.23425
3.48148
3.73394
4.21965
4.17925
4.05274
3.54656
3.96480
4.31076
4.33989
4.26762
4.08506
4.00600
3.53025
4.01757
3.59902
3.58050
4.21546
4.22499
4.14264
4.16037
4.16026
4.12554
4.09058
3.89018
3.50235
4.07962
2.97875
4.27189
4.04693
1.78311
3.73150
3.83664
4.33886
3.95876
1.95908
3.34871
4.14139
3.19968
3.72282
2.87400
2.45911
3.83562
3.96480
4.02727
4.19670
2.20244
3.91748
4.05863
4.22686
3.88932
4.16141
3.96290
3.72036
3.68360
3.70650
3.82298
3.83034
2.88431
1.91540
4.23854
3.36653
3.43314
3.02655
4.38073
4.09815
2.19477
4.07726
4.30144
3.57599
2.77988
3.54624
3.91724
3.97159
3.25169
4.10138
4.04013
4.37593
4.29175
4.11371
4.29333
4.21061
4.27550
1.48695
4.04539
4.26046
3.95493
4.23176
3.76973
3.92434
4.26328
3.88724
2.47700
3.76571
3.63459
3.27534
4.16745
4.21332
4.02103
3.11005
3.65354
4.23530
3.49869
4.07567
4.14001
3.81871
3.89599
4.24644
3.44394
4.00466
4.08451
4.29188
4.08701
2.75106
4.28128
4.32496
4.10211
4.09809
3.78079
1.97856
2.73966
4.28407
4.22703
4.25075
4.21747
4.28985
3.98476
2.67056
3.73641
4.20858
4.22888
4.27622
3.96108
4.20489
4.14410
4.35403
2.20678
3.39681
3.99708
2.88946
3.62211
3.90478
4.37681
4.05330
3.20881
4.15492
4.20141
4.19826
4.19690
4.07594
4.03059
4.03586
3.97082
4.21360
4.16651
3.84348
3.94641
3.94319
4.29850
3.96923
4.24514
3.90119
3.59336
4.23150
4.22487
4.34625
4.20496
2.77615
4.03385
4.30820
4.39914
4.35213
4.26904
3.78515
4.21469
3.89755
4.19305
2.34622
4.27858
4.34084
3.84127
3.94071
4.21836
3.42480
1.87414
4.11503
4.21541
3.29290
3.16305
4.25516
3.57569
3.90016
4.07588
3.81156
3.99473
4.21497
2.11039
3.08251
3.93090
3.97744
4.35627
3.94580
3.63940
3.13972
3.71435
4.06935
3.99180
4.24752
3.40408
4.27579
4.35651
4.25320
4.01966
4.24157
3.67511
4.13701
3.96011
3.93910
4.26593
4.14622
4.16261
3.18249
4.19264
3.85279
3.17287
4.23679
4.27982
4.09855
3.91784
4.07893
3.89193
4.15841
4.29075
1.56496
4.07611
4.21782
3.73513
3.93547
4.37380
4.18501
4.18980
4.33119
4.19683
4.18680
3.96183
4.09248
3.95430
3.41627
4.13958
3.85565
3.83464
3.29270
4.21435
4.21327
3.55779
3.90536
2.50462
4.30927
3.61040
3.85354
4.24369
3.74955
3.04311
4.24307
3.41908
2.23319
3.99458
4.16567
4.08353
3.91124
4.32285
4.19518
3.73382
4.31643
3.54448
4.14252
1.74555
4.34594
3.43213
4.22866
3.82189
3.50595
4.05988
3.95922
4.21325
3.71962
3.56923
4.11984
4.26693
4.28505
3.35408
4.12424
2.49776
3.92720
3.95949
3.74715
3.73431
3.53826
2.44411
3.98509
3.99436
3.23030
3.68009
4.18123
4.19151
4.33442
2.93701
2.14381
4.13233
3.79481
2.34956
4.12259
3.97976
3.93599
4.20873
4.13781
3.78099
4.26179
4.13249
4.28405
4.44506
3.71978
3.96423
4.20971
4.36635
4.05095
4.22655
3.16450
4.06505
3.71961
4.19244
4.18034
4.26420
2.11118
3.89483
3.99832
3.84067
3.11000
4.37436
3.45634
4.21448
4.18766
3.90310
3.91947
4.29092
2.99143
3.86708
3.31640
3.61374
4.11423
4.09240
4.22423
3.72016
4.04218
3.41813
4.20122
2.26701
4.16369
3.89036
3.84449
4.29342
1.78061
4.05835
3.94393
4.15220
3.93567
4.17996
4.04368
3.65027
4.36134
3.65600
4.06074
3.19358
4.14060
3.68169
3.67936
3.75806
3.64895
3.63817
3.77948
4.19790
4.09690
2.13612
3.46801
4.09844
3.77473
3.97181
4.26325
3.99241
3.90603
4.37595
3.99420
4.25017
3.47913
3.57916
2.79146
4.18458
3.37219
3.85652
3.77561
3.83784
3.56275
