2.75881
3.24771
3.79410
3.67461
0.50905
3.68420
3.80099
3.70428
1.56094
3.02366
4.05000
3.90641
2.48834
1.75970
3.39410
3.60827
2.57595
3.66891
0.86838
2.00137
3.49849
3.01792
3.07823
3.75012
3.51425
2.58740
2.63311
1.97209
3.65552
3.73157
1.28356
3.20787
3.40244
3.59934
3.53557
3.63284
3.38479
3.93330
3.87375
2.67330
3.61845
2.69720
2.26336
2.00584
2.63612
2.70166
3.73010
2.90358
3.87370
4.02246
4.03891
3.76444
0.68272
3.93705
2.69915
4.00601
2.34536
1.35105
3.81654
2.89165
3.73495
3.30919
3.36085
3.35556
3.42958
2.79111
3.58522
3.19193
3.57094
2.39347
3.97145
4.15366
3.89809
3.53675
3.18921
3.56545
0.89634
3.86724
3.52633
3.05160
1.66584
3.70232
1.35378
3.17424
3.70712
3.29571
3.25686
3.05205
3.51186
2.53149
3.46448
2.40477
4.02322
3.60619
3.13820
3.86582
3.93126
3.96959
3.66408
3.62024
3.61749
1.91236
3.78317
2.97273
3.66659
0.58547
0.60039
1.68786
3.93604
3.50005
2.34493
3.19663
4.00240
2.74209
3.05063
1.86103
2.43934
3.37165
3.55440
0.77642
3.42753
3.94321
3.55112
3.49241
1.58990
2.36609
3.89947
3.63841
3.07210
3.77167
2.82329
2.46903
3.14637
3.43616
3.62619
3.63808
2.63395
3.86546
1.92156
1.42924
3.35781
3.29858
2.62108
3.66431
3.73149
1.88650
3.64966
0.86684
3.61300
3.70089
3.32239
3.88029
3.12278
3.11684
3.82344
3.96954
2.52149
0.36184
3.48652
2.80737
4.07762
2.80034
3.31421
3.53942
3.85102
2.91286
2.82778
3.95958
3.61255
3.25124
3.37262
3.92234
3.84569
4.03668
2.41564
3.01156
3.58243
2.21859
3.13055
3.29958
2.81979
3.62833
3.32022
3.48652
3.77278
3.91953
3.95813
2.88711
3.40165
2.11725
2.87204
3.27600
3.75065
2.28028
0.64666
2.50024
3.32347
3.19654
3.18505
2.78195
2.64466
3.69854
2.37644
0.78585
3.92160
3.12972
3.68984
3.13599
3.87393
4.14656
2.62181
3.56047
3.74008
3.33583
3.66430
3.40810
3.02747
2.36408
3.78982
3.33896
0.96758
3.43626
3.33957
3.97123
3.88033
3.56408
1.35012
1.34626
3.78702
2.94404
3.66076
2.56929
3.14935
2.21334
4.09931
3.27225
4.05995
3.68572
0.43745
3.37436
1.22719
1.76229
3.73295
4.07149
3.58906
2.55414
3.63782
4.19864
3.79756
3.17367
3.59949
3.27755
3.81292
3.78825
3.36802
3.85856
3.48950
3.95275
3.28858
2.38028
3.08650
1.89647
3.54524
3.62331
3.88418
4.19177
3.38924
3.74522
3.26419
3.09123
3.60250
3.95346
3.18345
3.48206
3.45163
3.73673
2.15492
3.80500
1.95270
1.91141
3.00914
1.82084
3.92195
3.50479
2.28417
3.83159
3.07389
3.91559
3.13221
3.72295
3.37259
3.72334
2.58142
3.50197
3.15358
3.27102
3.56876
3.69762
3.19572
4.07827
3.55946
3.51430
2.71246
3.64151
2.62512
3.73023
0.84392
3.62093
3.98198
2.93441
3.71918
2.85333
1.83713
3.22731
3.52190
4.01929
4.09482
3.78856
3.18229
2.79056
2.17917
3.87255
4.02292
1.37845
3.36163
3.54315
3.57392
3.41465
2.58294
4.03989
2.26377
3.82497
2.17339
3.35363
4.04139
0.89653
1.89878
3.84659
2.70772
3.16039
3.46739
3.46354
2.65376
2.21149
2.91989
3.62971
3.64611
3.84606
3.62723
3.66041
3.58426
3.93797
3.80799
3.17492
2.88148
3.62716
3.31607
3.57324
3.77069
3.70234
3.61317
2.01806
2.82353
0.90226
3.48629
3.02925
3.43140
3.60939
3.94106
3.82924
3.41865
0.59195
3.93390
3.26088
2.39855
3.73961
2.62328
1.19614
0.38219
3.57497
3.86794
3.01079
2.04799
3.73376
2.20674
3.67334
3.50055
2.43236
3.07440
3.36535
3.58232
3.63445
3.82989
2.24853
3.95030
3.55123
3.93872
3.59610
2.44625
2.73234
3.85621
3.92670
3.93110
3.95666
3.90293
3.63256
1.58482
2.85327
4.02535
3.43309
3.66754
3.91133
2.04099
4.16101
4.08256
3.76291
3.92434
3.53592
2.93981
3.01051
3.96956
3.88441
3.75609
3.40708
2.16400
1.79633
3.85246
3.68179
3.40591
3.65615
3.10793
3.25230
1.82942
3.60137
3.93926
3.73113
3.46858
2.67683
3.62094
3.96540
3.36342
3.38488
3.92864
3.35953
3.49132
2.49817
3.56263
3.73416
3.07426
2.81836
3.44945
3.38143
3.08420
2.86175
4.00220
3.30865
3.64564
3.77389
3.47377
3.59258
3.03710
1.15347
2.35915
3.64162
2.24868
3.65368
2.95478
2.31945
2.09015
3.54489
3.55552
3.77977
3.43696
3.37740
3.60388
2.91472
3.58210
3.14054
4.08509
2.77468
2.52348
3.73444
3.65419
3.69251
3.53189
2.83093
3.73420
2.91465
3.94106
3.61332
3.52583
0.79991
3.71740
3.89980
3.64246
3.33626
3.87791
3.77493
3.82315
1.97063
3.48354
3.29003
4.06642
3.41572
3.64443
1.87865
3.51840
3.98753
1.43597
2.79935
3.84349
3.86727
3.42480
3.40184
1.19853
0.94534
2.01882
3.64324
1.99305
2.04715
3.49124
4.15727
4.00218
3.74283
1.37184
3.72338
1.42893
2.87771
3.23351
3.46248
4.27095
3.27699
0.87183
0.80950
3.57746
3.20062
3.56219
3.74448
3.39968
3.86603
3.86424
3.39904
2.89778
3.20726
3.64597
3.12586
2.45117
3.77998
2.18396
1.68062
2.43807
3.85520
1.39925
3.81944
2.50923
3.23844
2.12631
3.23565
3.45862
0.86821
3.93363
3.87811
3.07899
3.37557
3.71815
3.68395
2.89161
2.61218
3.41547
3.88591
3.98336
3.67680
3.85135
3.29298
3.48458
3.11069
3.81718
3.41773
4.18435
2.43895
3.54696
3.12280
2.17817
3.52804
2.80042
2.82301
2.99711
3.28065
3.63708
3.87175
3.72678
2.42278
3.59156
2.14370
3.29922
3.05403
3.92065
2.15759
3.37861
3.56417
3.94187
1.65042
2.55962
3.76180
3.89670
3.00332
3.73727
3.60659
3.79673
2.17886
2.88136
3.13254
2.86761
3.52930
3.16285
2.97164
3.85906
3.47744
1.69864
3.08287
3.34244
2.53172
2.44100
3.78684
3.76252
3.79919
2.87569
4.00839
3.33758
0.69481
3.95858
3.50611
3.61832
3.86808
1.74508
2.81368
3.01342
3.86329
3.48066
3.37080
4.08554
3.67738
3.61238
2.94761
3.15126
2.69290
4.12701
0.20510
3.01457
2.56395
3.64036
3.88075
3.31135
3.43544
3.87894
2.59324
3.49175
3.75708
3.77817
3.99938
3.32107
3.71225
2.47010
3.94375
2.03596
0.02407
3.29427
3.68804
3.71005
3.48639
3.21577
2.33487
2.21823
3.60188
4.17501
3.17744
3.60591
3.58221
4.04045
3.29743
3.55336
3.55776
3.82132
1.93795
2.89731
3.89908
3.10162
3.89173
3.40856
3.74678
3.44980
3.68491
2.62775
2.06168
3.83871
3.71864
3.69761
2.61668
2.31637
3.45637
2.78224
3.51404
3.84928
3.66182
2.73716
2.93399
3.33497
3.45393
3.73170
3.10110
3.80959
2.49380
3.63298
3.53867
1.74820
2.76781
3.49125
3.77196
3.29619
3.30525
4.13057
2.16178
0.99659
3.72272
3.84809
2.27080
3.07470
3.90554
2.03380
3.61505
3.30067
3.52451
3.88500
3.17793
0.22611
3.09314
2.86767
3.58738
2.44976
3.76353
3.39723
3.63054
3.54384
3.89901
3.40749
2.87922
4.02291
3.14893
3.68924
0.62522
3.50835
3.43629
3.22125
3.19626
3.70856
1.83335
3.77984
3.82582
3.72721
3.29077
3.65210
2.71998
3.27863
1.34714
3.82039
3.72016
2.56845
4.08195
0.91504
3.70356
2.16745
2.76905
1.85327
3.65443
3.34970
3.99434
1.55178
2.64488
3.88745
3.70262
2.02838
3.84450
4.06981
3.58431
2.05462
1.37895
2.52537
3.73712
1.66547
3.95573
2.36673
3.72300
3.51195
2.93958
3.79034
3.95387
3.21865
3.36049
2.54375
3.91589
3.06038
1.30821
3.27619
4.03957
3.07512
2.22330
3.29146
1.64174
4.05205
3.19176
3.05873
3.94674
3.74252
2.15796
3.42020
3.15218
2.70307
2.85497
3.93807
2.17693
1.29287
3.65313
3.27284
3.48861
3.23758
3.59152
1.56801
3.92728
3.75631
3.83671
3.35526
1.70369
3.67330
3.36474
3.76069
1.72376
2.68509
0.71279
3.97507
1.96081
3.62897
1.81371
3.42338
3.86007
3.80828
3.68429
3.99754
3.70533
2.41214
3.94376
3.52300
2.63419
3.96205
1.73935
3.69825
3.39123
3.57395
3.67002
3.83819
3.75952
3.91842
2.36295
2.13210
3.51016
2.89238
2.86897
3.66681
3.68679
1.78910
3.32928
3.89205
3.24589
3.63111
0.40901
3.30785
3.01685
3.89665
3.93908
2.35450
3.75138
4.05376
3.46201
2.31310
3.44017
3.00697
3.15843
3.68303
3.25777
3.46483
1.97077
2.71970
2.92133
3.62927
3.76382
1.60340
2.73305
2.09854
4.09748
3.23977
3.03682
3.30174
3.78888
3.91567
3.06689
2.95993
2.22817
3.32563
3.66643
2.50400
3.49004
3.49974
2.77853
3.15444
1.76410
2.25529
3.83843
3.94084
4.03682
3.83322
3.53933
4.09742
3.91549
3.65498
3.25081
2.76165
3.54939
3.46722
3.49349
3.74278
3.59672
3.34254
1.03132
4.00359
2.70248
3.64427
0.41091
3.91246
3.53213
2.25671
3.33432
1.77702
0.57371
2.19661
2.84885
2.51748
0.99639
3.36069
3.72245
3.52763
3.47594
2.77815
3.65801
2.30614
3.75806
3.42226
3.19359
2.36923
2.98918
1.73254
3.52044
3.77303
2.47005
2.94307
3.58722
3.24435
3.51944
2.33365
3.08723
3.21350
3.79434
0.81980
3.30740
3.88873
3.08708
3.06888
2.83042
4.09274
3.58013
2.10117
4.13043
3.62684
2.73563
3.60551
3.27831
3.55872
3.69724
3.40770
3.95085
4.17839
3.75774
2.63174
2.94738
3.72408
3.30216
3.66687
4.04869
3.78174
3.35876
1.86383
4.06681
3.89712
1.45508
3.00394
2.37392
3.89883
4.14995
2.97957
3.81572
1.13352
3.54879
3.74850
4.12479
3.75067
3.68137
3.68058
2.84389
3.54223
3.99150
3.19943
3.69498
3.86787
2.44777
3.93755
3.56745
1.79884
3.08689
2.80980
0.99055
4.06601
2.48900
3.69504
3.86446
2.63925
3.49167
3.59781
3.55870
2.83063
2.88368
3.16994
2.05941
3.77485
4.03930
1.74361
3.43722
2.86227
3.29917
3.77947
3.18657
3.59921
2.57531
3.71323
3.56046
2.94956
2.45897
2.96864
3.59010
2.17990
3.47946
3.71323
3.97537
3.81538
3.51989
3.36403
3.13873
2.51749
3.74557
1.84547
3.77441
3.33457
3.40370
2.92148
3.57689
3.79703
2.89742
3.78599
2.08851
2.01754
3.24596
1.79279
3.96046
2.69492
3.91563
3.47549
3.52837
3.55218
3.67777
0.80855
3.14884
3.27587
2.77606
3.55465
3.73023
3.93156
2.84667
3.65015
2.11029
3.00138
1.35062
3.81393
3.85275
3.13817
3.72121
4.17750
3.33820
0.11327
3.71653
2.61436
1.14041
3.21835
2.71969
3.65986
3.23363
3.64835
2.32744
3.57008
2.09405
2.86819
2.98883
3.97692
3.87857
3.49977
3.19024
3.32510
3.83937
3.43257
3.83139
3.85346
3.87096
3.17359
3.32534
2.77186
3.28941
3.69475
3.68625
3.38084
3.37215
2.15762
2.26076
3.81116
3.64644
3.77733
2.72517
2.39437
3.97658
1.99049
3.01417
3.07640
3.45108
3.81226
3.41255
3.72673
3.72932
3.52650
2.76501
3.63256
2.10586
4.04555
1.43666
2.36452
2.97017
3.97993
2.55062
3.75338
2.90623
3.44034
3.42852
3.31361
3.08553
3.76263
3.33892
4.07422
3.21989
3.55773
3.02489
3.45324
4.03285
3.65784
3.23780
0.31040
3.61974
2.47483
2.09943
3.48669
3.61796
3.96915
3.21832
3.55062
4.11275
3.25953
3.58615
3.83454
3.22153
3.63647
1.38088
3.32405
3.59160
2.98152
3.48106
2.07700
3.36348
3.47970
4.00632
3.94692
3.43869
2.71766
2.11183
2.39181
3.74953
4.04391
3.03541
3.64192
3.70032
3.45994
1.91015
2.88110
3.36059
4.09026
3.55010
3.57617
3.60187
3.85029
2.21729
2.50410
1.08689
2.50319
1.34615
3.53733
3.28263
1.92739
2.28595
3.74874
3.73589
1.86746
3.12900
3.45663
2.90947
1.53732
2.13277
3.31013
3.89827
3.41522
3.81940
3.21080
3.74329
2.40743
2.74452
2.67299
3.74660
2.82368
2.93479
3.63634
3.17397
3.67463
3.97297
2.83478
2.53279
3.50594
3.38280
2.63504
3.97295
3.63164
3.20388
3.58921
3.80073
1.88563
1.77395
3.58089
3.91473
3.07646
1.68047
3.14558
2.93277
3.09779
3.96384
3.26072
3.72580
3.90079
3.50666
3.81597
2.63202
3.64325
3.91365
3.63722
3.88433
3.53061
1.85538
2.22285
3.91413
3.22483
3.30199
3.66963
3.09978
3.71840
2.68906
3.66877
3.14391
3.51839
3.98239
3.13885
3.47902
4.03212
3.67622
3.94882
3.11835
3.69525
3.81197
3.28228
3.02676
3.04744
2.44676
3.27331
2.86058
3.30893
3.44051
3.04361
3.77544
3.67976
1.17675
2.41157
3.68716
3.42412
2.85664
2.74833
2.20983
1.45863
2.64304
2.83417
2.88475
3.99403
3.51677
3.24867
3.11654
3.41758
2.49825
4.11709
2.32072
4.08534
2.79255
3.31939
4.00575
3.84084
1.06870
2.22140
3.79152
1.15567
3.61188
3.83180
2.98230
3.47948
3.26344
2.90939
3.71426
3.93576
3.95864
1.47256
2.55089
3.49639
2.63063
3.64847
3.67454
2.24738
2.74638
0.18578
2.18109
1.49893
3.54058
4.13846
3.81638
2.57447
2.39803
3.38222
3.81363
3.17065
1.19685
3.40780
4.14572
3.52199
3.81902
3.77946
3.80881
2.28059
3.23906
3.65085
3.78986
3.50534
3.49480
3.88347
3.10491
3.82958
2.37813
3.73132
3.82417
2.65476
1.55655
3.91686
3.12639
3.22004
3.25073
3.07467
3.68857
3.71805
2.30103
3.76654
3.03688
2.95830
3.40283
3.78940
3.27253
4.13165
3.23601
3.54056
3.18156
3.86794
3.78996
1.00898
1.09998
2.16657
1.93229
3.73387
3.18597
3.41825
3.70397
3.64955
3.94221
3.58170
3.61061
3.53515
3.41878
2.96464
3.74690
3.73766
3.59503
3.34270
2.79287
1.49510
1.49570
3.49460
3.14935
1.79135
3.48182
4.06691
3.16904
3.48177
3.76887
3.60996
2.93275
3.19609
2.97772
3.66798
3.84825
3.70945
2.97857
3.94096
4.07243
3.52436
3.42741
1.65701
1.13750
3.43242
3.21194
3.57469
3.04373
3.94598
3.37177
2.53112
2.45107
3.30729
3.31709
3.59681
1.29713
1.05809
3.12342
2.45382
3.09574
3.89565
2.95359
3.74683
2.81978
2.77695
3.70007
2.77976
3.75233
4.07882
3.43507
3.99020
1.70806
2.83076
3.01699
2.91665
3.55311
3.96461
3.68729
3.72009
3.69391
2.44946
1.87694
3.50475
2.80214
3.80651
3.79918
3.05792
2.50909
3.63200
4.01021
3.62091
3.38477
3.26283
2.68682
1.63318
3.58524
3.68095
3.74620
3.58279
3.26473
2.38768
3.63276
3.08610
3.68080
2.93821
3.40222
3.61421
3.98655
3.62537
4.09708
3.83629
1.00013
3.54926
3.80766
2.01233
3.36838
4.01180
3.68355
4.13148
1.71589
3.41841
2.85037
3.21361
3.39461
3.80691
2.19581
2.72157
3.50376
3.60465
2.76532
3.22265
3.36700
2.44311
3.72012
3.28613
3.74632
3.47073
3.24006
2.79145
3.45299
1.71887
3.52302
3.52098
3.87813
3.34195
3.24674
2.77546
3.56948
3.22603
2.92294
3.40451
3.45359
2.25634
3.76163
2.19604
3.42218
3.90931
3.56401
3.93613
4.08203
2.47777
3.56909
2.92630
2.47971
1.94553
2.68917
2.45881
3.47289
1.61754
3.49601
3.68907
3.47586
3.47305
3.62172
3.80601
1.75052
3.81255
3.88690
2.56373
1.71240
3.15695
2.15935
3.15151
3.60791
2.96771
2.58895
2.20195
3.21988
3.83449
3.76166
3.49757
3.34657
0.33937
3.27815
2.50844
3.57570
3.77698
3.84074
3.06480
3.99860
3.25483
3.98884
3.29763
3.11270
3.53264
3.90152
1.94019
3.74581
3.68385
3.78610
3.90572
3.11882
3.32405
2.59325
2.07096
3.96861
2.23609
2.26320
3.83455
3.00659
3.56150
3.90875
3.44554
1.50086
3.46992
3.83328
2.61988
1.51161
3.29700
3.70493
3.04918
3.56540
3.56249
3.12817
3.31054
3.33570
2.63189
3.74510
0.71856
3.13337
3.60874
3.85093
3.19412
3.07777
1.63710
1.47280
3.21938
3.84199
2.25456
3.47841
3.58824
3.29371
3.31412
1.40122
3.30335
3.79641
3.78871
3.30367
3.81994
3.97196
2.36210
1.54886
4.07290
2.23624
3.48957
3.27567
3.31132
2.71088
3.53562
3.17876
2.74838
4.00416
3.82173
3.74955
3.39573
4.04466
3.04759
2.38475
3.76219
2.85812
4.03367
1.20829
3.81687
3.50890
3.70290
3.02923
3.46711
2.45389
3.73277
3.77478
3.49340
3.87093
1.94098
3.59738
3.24623
3.74513
3.94876
3.42703
3.17707
1.84257
2.67412
3.75987
1.84139
3.95045
2.70432
2.18807
3.37847
3.69682
1.89826
3.72623
3.07524
3.55717
3.39356
3.75216
3.32215
3.85105
3.14650
3.73366
3.64018
3.17264
3.12218
3.45331
2.72845
3.89305
1.26363
3.29620
3.45154
2.77612
1.05871
1.34426
2.56423
2.98114
3.76142
3.86268
2.31996
1.66744
1.94986
3.07951
3.60039
4.08210
3.59259
3.76934
3.75445
3.91837
3.66288
3.54754
3.47393
3.77198
3.79646
2.09845
3.52971
3.11215
2.94672
3.98846
2.63883
2.68845
2.73693
2.93100
3.45715
3.34073
3.53307
3.39192
2.17087
3.68450
3.99928
3.69891
3.96583
0.82340
2.23948
3.74750
3.37235
3.67568
1.30047
3.65664
3.43219
2.81511
3.86886
2.53781
2.78284
3.86636
3.72177
3.71545
3.21139
3.77675
2.78052
3.97031
3.72423
3.92532
2.69506
2.49939
4.00080
3.86383
3.67142
2.89985
3.00959
4.02802
3.57961
3.74798
3.35718
2.18520
4.08437
3.89278
2.93577
3.35908
3.32478
2.74862
3.41308
3.76663
2.33434
1.92723
3.86834
2.40565
3.78290
3.13464
2.69306
3.87364
2.41430
2.83435
2.94639
3.17891
3.59068
3.09871
3.20418
0.75213
3.63736
3.16936
2.75273
3.38996
2.87612
3.75843
1.87872
3.83206
2.59938
3.80912
3.76199
3.28238
3.67608
3.17211
2.41905
3.21243
2.55489
3.48537
2.35300
3.77046
3.10343
2.46399
1.57649
3.90103
2.49667
1.68597
3.55120
3.87659
3.33725
2.97193
3.24316
2.26285
1.50024
1.82898
3.44403
2.98083
3.22710
3.61292
3.13017
2.34510
3.33709
2.34920
3.70088
3.64873
3.74443
3.64164
2.33814
2.71763
2.92842
3.85626
3.70754
2.89589
0.30665
2.85784
2.96874
2.92776
3.75923
2.57578
3.46873
3.37291
3.85618
3.68612
3.26792
3.76807
4.08928
3.03603
3.20478
2.30767
3.86989
3.94321
2.91764
0.81360
3.26760
2.66057
4.02422
3.81195
3.22155
2.44032
3.46797
3.65195
2.35900
4.13207
3.67701
2.99039
3.83682
3.59229
2.99794
0.95833
3.45746
2.92304
3.31187
2.34534
2.64545
3.46978
2.71973
3.54460
3.61515
2.14450
4.12007
3.89572
3.52261
3.32175
3.38396
3.61856
3.41555
1.68407
1.22275
3.48649
3.66389
2.33228
3.35912
3.47458
2.62132
3.88566
3.91885
2.64602
3.68971
2.72132
3.30380
3.64726
3.68600
1.04135
3.69041
3.83565
2.94984
3.02117
3.83272
3.81162
0.72891
2.27863
2.44762
3.41270
3.40200
2.89630
3.37161
3.72695
1.42326
2.24219
3.50542
3.92295
3.66090
3.75013
3.88404
3.76689
1.16274
2.78518
3.78260
2.67453
2.38324
3.69936
1.90591
3.89852
3.51598
3.70730
3.09219
3.12312
3.14809
3.79584
3.98011
3.30498
2.95429
3.13983
1.58146
2.34788
2.89940
3.71736
1.83735
3.55212
2.03841
2.96049
2.13545
3.70053
3.28681
2.41035
3.66085
1.78568
3.46402
3.31141
3.28837
0.44562
1.93400
3.63332
3.24004
3.64691
3.75255
2.59617
3.39877
3.81670
3.83068
4.04631
3.71087
3.95302
2.26683
3.24866
2.29941
3.55485
3.25764
3.83091
3.89640
2.03855
3.66454
2.92934
3.04647
3.86970
3.48543
3.50664
3.30179
3.88673
3.30079
3.35535
3.30804
3.93210
4.03050
3.73794
3.17914
1.63936
3.06694
2.15238
2.74698
3.36322
0.65746
3.65647
2.23799
3.51793
2.44216
4.00084
4.02212
3.23050
3.70111
3.65767
3.61766
3.55357
3.86245
3.57258
3.30050
3.29306
3.20143
3.68726
2.06640
2.53159
3.57560
3.87773
4.05856
2.09503
3.90297
1.90074
3.71365
2.37160
1.08331
1.54752
3.56964
3.08181
3.72649
1.80038
3.84206
3.16359
3.77394
3.41930
2.80338
3.37717
3.24179
2.81388
3.86934
3.93263
3.66596
3.51686
3.65070
3.31289
3.58338
3.77380
2.10855
4.12702
3.43968
2.69353
3.64485
3.68015
3.45750
1.33762
3.42944
3.39043
3.78383
3.68293
3.24782
2.55699
4.05913
3.74264
2.64052
3.37777
3.27070
3.71111
4.01395
3.47094
3.58567
4.00448
2.74201
2.67192
2.07912
1.19560
3.50511
1.77878
2.21925
3.27548
3.32965
3.50580
3.79031
3.66133
3.63529
3.75544
3.02299
3.54623
3.88539
1.97509
2.43661
3.84731
3.80507
3.89722
2.26135
3.75921
3.91525
3.73263
3.44812
2.91829
3.03840
0.90207
3.68056
2.23192
2.89407
3.27806
3.59813
3.79218
3.94985
3.06780
3.98419
3.44554
3.76706
3.60711
2.76453
2.72617
2.99169
3.55397
3.04198
3.80623
4.01121
2.96557
3.70542
2.59093
3.63666
3.66495
3.67383
3.89721
3.56118
3.40205
3.80785
3.09374
3.68778
1.79340
3.51690
2.41514
3.60289
3.42094
3.65085
3.93069
3.54405
3.46613
1.96840
3.26568
2.96677
3.45186
4.27055
3.26484
3.71433
3.73655
3.66183
3.32308
3.47064
3.21002
3.32840
3.39342
3.29870
4.03941
3.53248
2.65387
3.67547
3.81348
3.34328
2.81793
3.56762
3.11742
3.12256
3.66498
3.67426
1.28743
3.83720
2.98955
3.84032
3.43039
2.47661
0.50532
2.63446
3.62365
2.94647
1.96715
2.50285
3.82838
3.79603
3.41650
2.08541
3.17968
3.78312
0.73599
2.92789
3.43630
3.49091
2.05288
2.93417
3.20402
2.98049
2.72928
3.33408
3.18371
3.93992
3.87520
3.25517
3.59776
2.32675
3.42167
3.28669
3.40805
3.26027
3.77304
3.98899
2.99643
1.88703
2.66722
2.87100
4.02206
1.53247
4.09542
3.62044
2.38991
3.78268
3.46946
3.62934
4.03587
3.49648
2.30531
2.91108
3.76759
1.31943
3.43373
3.58637
3.76663
3.98604
3.84325
2.65209
2.15881
2.21401
3.23559
3.75643
2.87491
4.21341
3.64411
3.50198
3.05097
3.71206
3.63249
1.79578
4.15903
3.54701
0.89002
3.87953
3.78342
3.85933
3.43488
3.75196
1.57860
2.11220
3.78774
3.52829
3.53489
4.04725
4.06620
2.95412
3.32288
1.89609
1.75847
3.71846
1.99123
1.54661
3.33684
1.74060
2.22862
3.84650
3.59329
3.22601
3.77926
3.53809
0.96651
3.97666
3.95367
3.50506
4.16040
3.07030
3.40223
3.82500
2.25199
3.76210
4.19267
2.88906
3.84753
1.73701
3.35034
1.91724
3.59057
3.82091
2.14811
1.31659
1.81989
3.58641
3.63445
3.82456
3.57917
3.98066
2.61236
1.82205
4.02725
2.78907
3.61060
3.66198
3.04173
3.38972
3.89538
3.43083
2.16376
2.95326
1.87081
3.26888
1.42513
3.18359
3.14148
1.41203
3.53700
2.18809
3.94836
1.98996
2.24011
3.58052
3.08272
3.13408
3.74594
3.24927
3.06832
4.00298
3.24466
4.06902
3.05890
2.01079
3.73247
3.21627
2.76288
2.59851
1.85358
2.40803
3.13769
3.44989
3.86991
2.94332
3.93146
2.53806
1.92441
2.20430
3.26021
1.28194
2.90153
2.47533
3.78847
1.90849
3.91743
3.55306
3.62675
3.29349
2.26878
3.31625
4.07544
2.67680
2.64126
3.61581
3.23141
1.99546
4.00169
3.57254
3.68866
0.64447
3.52014
1.24870
4.22401
3.26666
2.33710
3.62174
2.73279
3.02340
2.08346
3.98341
3.09329
1.51813
2.02962
3.24407
2.85947
1.22632
2.16960
3.58668
3.75702
2.63764
3.98287
3.02724
1.00614
3.38091
3.91293
4.10882
3.60787
1.65826
1.18834
1.97534
3.26733
3.96533
2.81348
3.53033
3.61677
3.58415
2.54422
3.53908
3.07838
2.25788
3.89433
3.35052
4.20492
3.67339
3.52435
4.02046
3.64123
2.11272
3.82417
3.54725
4.11365
3.73953
3.17134
3.64752
2.82324
3.49299
2.92996
1.00067
3.64063
3.64319
1.76232
3.74373
3.82278
2.92493
2.51832
3.72246
3.83588
3.93563
3.78629
2.09098
2.78518
3.75892
3.71339
1.89746
2.19549
3.19344
3.94348
3.35237
3.33462
2.26593
2.94515
3.34061
3.98449
3.44317
3.74022
2.53386
3.82939
3.98692
3.97972
3.79473
3.97945
2.45309
1.72826
3.28115
3.27971
2.96530
3.63854
4.01231
3.24777
1.64830
3.19309
2.25194
2.34292
3.52954
2.24258
3.47731
3.32730
2.02766
0.69207
3.88153
2.89290
3.02836
3.73365
3.58385
0.57817
3.45179
2.75198
3.62506
2.82728
2.81891
1.92702
3.36505
3.51114
3.71196
3.80809
2.80074
2.25676
3.13000
3.79358
2.79004
3.63650
2.27159
3.49712
3.45958
2.56165
3.10803
3.38164
3.89071
3.84534
2.59835
2.73412
2.71201
3.99949
1.72853
2.26122
2.27781
2.32805
3.19633
3.70510
3.72125
3.19469
2.95127
4.14753
3.57978
3.40813
3.56496
3.75426
3.14257
3.52343
3.79525
3.44303
1.50068
3.32015
1.91018
3.87095
3.30274
3.88766
3.87331
3.55097
3.11631
2.99870
3.52824
3.52502
2.47161
2.54866
3.45331
3.84335
3.98375
3.08823
3.95065
2.09670
3.18369
3.57886
3.89774
3.68908
3.43210
3.93244
3.70324
3.41672
3.57713
3.51474
3.74791
3.85473
3.60426
3.21775
2.82951
2.69679
2.55918
3.09126
4.01764
2.58858
3.95202
2.11398
3.75868
3.88750
3.64330
3.25401
3.84709
2.33309
3.67471
3.49054
3.34302
2.72547
3.18463
2.36389
3.64738
3.47258
1.90815
2.71558
1.89463
0.90961
3.63948
3.63066
3.92933
3.87470
3.58173
3.77767
2.76352
3.93848
3.55090
2.11297
3.05069
2.79882
3.58328
3.34853
3.57995
3.63528
2.33180
3.79568
3.03711
3.31976
3.39320
3.74192
3.04721
3.95822
3.61228
3.33715
3.95041
2.39262
4.03138
3.84017
2.33531
3.81003
1.37410
3.73784
2.00734
3.90441
3.60471
3.09546
3.30671
3.51446
3.52686
1.82975
0.99985
3.71485
2.15395
3.20829
2.44798
3.61893
2.62354
3.45905
4.15589
3.67530
3.31960
4.03144
3.57775
3.76891
3.53052
1.75109
2.82554
3.69886
3.98217
3.40246
3.28690
1.25377
2.95386
2.70585
3.86519
3.63296
3.79412
3.55256
3.56468
3.89355
2.91296
3.21005
3.38274
2.75313
3.49772
3.04765
2.58804
1.74467
3.56332
3.51649
3.00777
3.47806
3.03078
2.91238
3.52242
3.23467
3.17505
2.50557
3.43482
3.73959
3.45125
4.01385
3.50663
3.45440
3.18667
3.86973
2.33139
2.83191
2.16883
2.82406
3.46440
3.54098
3.31910
3.27564
3.85031
3.96563
3.74277
3.61878
2.88906
3.85962
4.02543
3.17204
3.16204
3.93471
4.07355
3.53262
3.18295
3.25573
2.77323
3.83401
3.40611
3.43018
3.94662
2.97135
3.27466
2.28706
3.97311
3.86931
1.47324
3.94439
3.11365
0.95993
4.10663
2.11731
3.43910
2.66742
3.66337
3.77388
1.86084
3.65355
2.08647
4.19020
3.32620
3.16639
4.13742
3.65340
2.73080
1.66706
3.48367
3.20942
4.02742
1.71736
2.96753
4.13976
3.44221
3.57360
2.60887
4.01283
2.26371
2.54369
2.77884
3.64275
2.50716
1.94431
2.79663
3.53316
3.36310
2.98427
3.03096
3.85854
2.84639
3.48055
3.69308
3.95488
3.66921
3.11147
3.84564
2.14952
3.80271
4.06145
3.77311
3.48465
2.71498
3.53455
3.59163
2.71740
3.78848
3.67586
3.40766
3.47657
3.45733
3.12281
3.80499
3.02233
3.93206
3.66834
2.01660
1.77255
3.67289
3.92546
0.36777
3.68289
1.39621
3.42366
4.01108
2.59143
3.62907
3.27196
3.64323
3.60467
3.42992
3.66223
3.50379
3.28165
3.94919
3.82741
3.40500
3.59145
3.36979
3.51613
3.88106
3.55190
3.29317
1.94637
2.75178
3.81012
1.31091
3.20564
2.50494
3.77408
3.62290
3.79684
3.41526
3.72523
3.97761
1.91037
1.75237
3.96693
3.32151
3.59395
3.23471
3.37760
3.52884
3.64243
3.80663
2.59452
2.66837
3.30147
4.02707
0.95425
3.53822
3.57433
3.41692
3.67918
1.73578
3.53784
3.31311
4.10536
4.11650
1.01650
3.85889
1.62986
3.55273
4.11348
2.05254
3.32456
3.46486
1.74040
2.96619
3.88731
3.83403
4.03947
3.27035
3.85321
2.55218
3.29018
3.44352
2.28906
1.24535
3.94164
3.92439
3.34038
3.26411
3.87765
3.20321
3.87174
3.55263
3.75425
3.51147
3.15658
3.92623
3.73154
3.98058
2.51356
3.63568
3.52989
2.46506
2.17669
3.92437
2.94869
2.40349
3.75514
4.00322
3.36572
1.68601
3.98226
1.63570
3.92113
3.30332
3.12694
3.17170
1.58805
3.84850
3.61106
3.04377
2.28049
3.56004
3.19497
2.38423
3.21073
3.56438
2.92184
3.07890
2.49571
3.65745
3.73709
3.85601
3.33466
3.39814
3.83258
4.09687
3.02099
3.55063
3.38322
2.87997
2.98882
3.76496
1.99229
3.10008
3.24350
2.75356
2.59078
3.73010
3.09619
3.69510
2.94711
3.96307
3.65495
3.49236
3.52177
3.88831
0.93568
3.83418
2.96154
3.73203
3.56088
4.01290
3.86202
3.87235
2.43921
1.66453
2.25945
3.97164
3.53632
3.91827
3.78112
3.92772
1.46341
3.52097
3.69865
3.42609
3.49485
2.42770
3.44327
2.67080
3.54821
3.16946
3.57791
0.67482
3.96264
1.50854
2.65992
3.89557
3.50118
3.77548
2.97688
2.39600
3.62428
2.50604
3.01287
3.82974
3.83515
2.86618
3.61922
4.09648
3.47414
3.40942
3.77510
3.60297
1.65281
3.44139
3.01932
0.98413
3.88933
3.18894
2.94474
3.27448
2.86550
3.05926
1.38208
3.68650
2.00373
1.43828
3.63544
3.64539
3.90698
3.48442
2.44105
4.05339
1.98811
3.30125
2.94666
3.22537
3.44490
3.61060
3.31233
2.77283
3.15454
3.60394
1.08409
3.18118
3.52569
3.50301
3.86777
3.59479
2.93544
3.31600
3.60327
3.85712
2.90022
3.93590
3.68058
2.60365
3.57710
3.98203
3.52019
3.37371
2.85434
4.07139
3.48090
3.00980
2.15629
4.04418
1.65725
2.96305
3.03709
3.02183
3.50931
2.75570
3.51163
3.66914
0.93930
3.58121
3.47680
3.91935
2.30950
3.31664
3.81081
1.90905
2.74641
3.81011
3.59747
3.36015
3.76406
2.97353
3.35278
3.64779
2.74995
3.72059
3.70164
3.85289
3.70018
3.96138
2.41376
3.51217
2.10821
2.59413
3.44333
3.33926
3.60544
3.42930
2.55329
3.37227
1.98302
3.86986
1.24392
2.89330
3.76674
1.27028
3.83224
2.10011
3.58234
3.00340
2.80595
2.58060
2.37740
3.29524
3.20725
2.88478
1.08530
3.00282
3.16353
3.98957
3.12022
3.88687
3.94931
3.77747
3.65163
3.47468
3.60248
3.55543
3.59953
3.75017
3.45094
3.94159
3.01439
3.71808
2.91296
3.25945
3.47593
3.85649
3.76456
2.78157
3.21050
3.14399
2.77608
3.68410
3.13063
3.63661
4.09219
3.89925
2.97783
2.62815
3.69468
3.42978
3.89218
3.42139
3.60720
3.07082
2.37573
2.40378
1.78594
2.19764
3.09827
4.02202
3.39284
2.84282
3.07967
3.76876
1.91741
3.85592
3.65819
2.33661
3.20137
2.34106
3.56196
3.45620
2.31291
3.58280
4.07215
4.00304
3.91296
3.87663
3.00372
2.64216
2.95946
3.24546
3.51970
3.23580
3.38896
3.43253
3.33906
2.10099
4.12011
3.46909
3.53563
2.48764
3.85954
3.12289
3.89153
3.22740
3.74187
3.36216
2.01960
2.81012
4.00973
4.05935
3.87240
2.96708
3.48565
3.25626
3.91487
3.15120
3.72760
3.78230
3.86920
3.17664
3.75858
3.81248
3.33577
3.78365
3.56958
2.98534
3.71143
2.84712
2.93391
3.94470
2.12992
2.60975
3.68926
3.98563
3.19480
2.67357
1.79607
3.50085
3.24868
2.27261
3.58293
2.05764
3.52395
3.28364
2.72254
2.63148
3.65108
3.37346
2.39969
2.01568
3.43436
3.04214
3.16701
3.62984
2.25567
3.06336
3.68561
3.08307
1.70992
2.04494
3.64337
2.46299
1.58438
2.83580
3.44973
3.86073
3.16726
3.22417
3.40616
2.79952
1.41400
3.26147
3.27412
2.36415
3.80977
3.29700
2.82435
3.17422
3.65720
1.85667
3.30790
3.88832
0.65643
1.36372
3.67578
2.89585
1.33160
3.92724
3.68278
3.19456
3.25233
3.52113
3.23768
2.48159
2.95544
3.45247
3.22001
3.44686
3.62686
3.54264
3.48778
3.39566
3.79017
3.48075
3.93943
3.90882
2.03335
4.08015
1.91041
3.17593
3.96740
2.95984
3.36600
4.12395
0.68457
3.85564
2.97713
1.28701
3.50878
3.08891
3.44093
3.80725
2.61159
2.12070
3.88125
3.78022
3.14839
4.00341
3.78496
4.08736
3.88341
4.09210
3.12924
2.90484
2.60128
3.63799
3.20431
2.60321
3.52170
3.62057
3.94056
3.63695
4.07787
3.37401
3.72796
2.55210
3.79050
2.02641
3.71753
3.57749
3.39400
2.34889
3.25665
3.21670
1.84422
3.58725
3.42524
4.02668
2.38816
3.71884
3.54926
0.87013
3.39805
3.81960
3.98751
1.86027
1.77513
2.58934
3.48250
3.50580
3.79725
3.21097
1.78804
2.17790
1.47458
2.91395
3.73686
2.93287
4.12242
3.07062
2.57020
3.94017
4.04217
2.15922
3.86367
1.86850
3.89203
3.68030
3.49877
3.72693
3.49021
2.93705
3.34965
2.36965
3.56230
0.42921
4.13749
3.74947
1.26712
3.32599
3.23108
3.80937
3.81334
2.59295
4.00106
2.90583
3.72489
3.53106
3.81635
3.18653
2.34318
1.46566
2.22686
3.85718
2.77166
4.08127
3.24617
2.60113
3.35624
1.62709
3.24452
3.72270
2.09805
3.95957
2.62352
2.86273
3.63991
3.76062
3.48882
2.86997
1.01964
3.28487
3.90535
3.08495
3.71348
3.12614
3.57378
2.44818
3.01350
3.86899
3.53190
2.62803
3.95244
3.70513
3.34026
3.07028
3.65746
2.33541
2.11359
3.85404
3.76948
3.54984
3.50776
2.06239
2.36287
3.91262
1.93641
3.80527
2.85117
2.46212
3.68159
3.12612
3.77676
3.59992
3.30955
3.70895
4.04097
3.96126
3.79492
1.65596
3.63381
1.52374
3.00550
4.15097
3.06865
1.78526
3.65197
3.87284
3.08917
3.37870
3.22879
3.36362
3.69225
3.32702
2.39622
3.87764
3.64560
2.93430
2.65363
2.31280
3.27314
2.81208
3.09434
3.44945
4.09820
3.71696
3.34657
3.51557
3.82178
3.52725
1.35090
3.06066
3.19295
3.58080
3.40352
3.92836
3.64050
3.48100
3.67746
3.56583
3.08335
3.63462
2.32170
4.07527
1.18549
3.80751
3.11090
3.82604
2.34947
3.05197
3.30666
3.35056
3.30465
3.42412
3.85309
3.31652
3.41539
2.83149
4.20284
3.49405
3.57379
1.52719
3.54637
3.70509
2.51812
2.48567
3.67832
3.43258
2.46336
3.77436
3.35212
2.23655
3.17668
3.75152
3.47119
0.91428
2.38398
2.57635
3.72386
3.80209
1.06459
1.28015
1.14561
3.91285
0.55862
2.95912
4.17765
3.15060
3.76335
2.91097
1.23620
3.63770
3.57661
2.03462
3.56452
3.40098
2.22985
3.75559
2.53231
3.65543
3.11977
0.63316
3.79264
2.82439
3.75504
3.35513
2.50003
3.53316
3.83772
2.77673
3.51395
1.97408
1.71004
2.16117
2.32252
3.58081
2.61339
3.79718
3.47157
3.94855
3.11497
3.72998
1.61249
3.08745
2.53872
3.96116
3.64645
3.30022
3.92849
3.60760
2.86023
3.50891
3.51573
3.06314
3.57986
3.24338
3.69496
2.88342
2.73211
2.65511
2.43749
3.65771
3.96688
3.59472
3.55984
3.51578
4.03156
3.73891
3.33331
3.82488
2.17520
3.35385
3.60894
3.80947
3.37408
3.41842
3.83219
3.42263
4.14784
3.24721
2.02302
1.35528
2.99789
3.68819
3.37729
2.95984
3.28409
1.01369
3.46187
3.72244
3.46493
3.95497
1.67447
3.69563
4.08100
3.49076
3.80636
2.86148
3.90019
3.91140
1.86786
3.86032
0.74260
3.78047
3.90780
3.07853
3.67559
3.87385
3.59262
2.79676
3.17391
1.88048
3.13066
2.58168
1.39535
3.55042
3.23627
3.55917
3.50095
2.62982
4.08129
0.90142
3.73874
3.11739
3.28066
3.47719
3.18578
3.80279
2.75423
3.84657
3.01270
2.60563
3.18877
3.64170
1.75713
2.41734
4.17317
3.20472
3.08893
3.96271
2.54991
2.97759
3.26423
2.82689
2.65900
3.71727
3.46997
2.34808
4.13800
3.91298
1.91480
4.05238
2.54610
3.38859
3.63252
3.80905
3.93088
4.07158
3.22834
3.59975
2.11117
2.79508
3.72549
3.14959
1.45310
4.17039
3.98953
2.91578
3.47461
3.89811
4.08506
2.78413
3.42562
2.80245
3.96558
3.64917
3.25184
2.59747
3.40591
2.83785
3.97824
3.83341
3.12701
2.56131
3.06531
2.57389
3.07455
3.52931
3.51179
2.37821
3.34549
2.94274
2.79621
3.29846
2.97767
3.80785
0.39981
3.65103
2.31410
3.32967
2.20518
2.81012
3.73597
3.68075
3.17694
1.56807
3.36660
3.98361
3.59421
3.94547
1.72312
4.00526
3.73562
3.11900
3.50187
0.26411
3.61170
3.58389
3.87027
3.43274
2.17876
3.97800
2.46801
2.89143
3.66435
3.49956
3.55176
2.77926
3.69231
3.81447
3.57504
3.11553
3.72523
3.99524
2.50139
3.74684
3.96865
3.25189
3.86770
3.59289
3.73318
1.74227
3.61057
3.69474
2.93113
2.79419
2.20942
1.70962
3.44355
4.08935
3.80153
3.62981
2.29984
3.75952
3.89182
4.04668
3.34315
3.38013
4.10840
2.40149
2.32705
3.79024
2.11382
3.87800
3.30804
2.17108
3.03283
4.06424
3.32943
1.80282
3.18873
3.72637
3.72909
3.17964
2.59666
3.71144
1.60871
3.25170
3.37356
2.80303
3.73973
2.05747
2.19482
3.72080
3.68064
4.12894
3.65359
2.36867
3.37195
3.57333
2.95386
3.55019
3.41741
3.60939
2.61777
3.80490
3.67617
3.15698
3.69136
4.09715
2.84729
3.90143
3.56396
3.33129
2.56107
3.11669
3.53415
2.86345
3.28049
4.10945
2.94052
2.68746
3.71305
3.00099
1.00370
3.08017
3.38500
3.83715
3.29391
3.81343
2.14901
1.45388
4.03253
3.88518
3.42946
3.48504
3.03802
3.74570
3.71463
3.57626
3.77630
3.96537
3.66719
1.05099
2.95888
3.39841
3.81408
1.74286
2.68214
3.89684
2.93881
2.95783
2.93793
3.58854
2.60551
3.67470
3.85208
0.60692
3.72972
3.84551
1.00060
2.69362
3.72569
3.30487
3.49049
3.26369
3.58984
4.07034
1.43518
2.48066
3.45369
3.54366
2.33565
2.39856
3.62039
2.78370
3.40572
3.24292
3.55370
3.81268
3.73732
3.56135
3.45720
1.29566
1.99603
3.89997
3.98653
2.98877
2.86834
3.01442
2.13045
3.75681
2.42499
2.95607
0.69632
3.37648
2.13603
1.24164
3.50573
3.82437
2.79304
3.25341
3.95289
3.60083
3.48926
4.03766
3.16606
3.60059
3.86010
3.47067
3.73578
2.15902
3.41890
3.53296
2.60835
3.02049
3.28666
3.70993
2.64769
1.88896
3.71098
3.43364
3.56765
3.67616
3.36555
3.54304
3.07251
3.40016
3.19659
2.71748
3.81269
3.57229
3.06021
1.94063
4.03501
3.63643
2.13309
3.91346
2.92761
2.97106
3.31426
3.91955
1.74550
3.63075
2.13325
3.56947
3.36872
2.70693
3.11653
3.14978
1.96773
3.39030
3.77305
1.51351
3.09453
3.64356
3.91935
4.00499
3.30118
3.80673
1.82705
3.69173
3.40783
3.83312
2.51083
4.12090
2.74122
2.59153
3.73487
3.70196
3.32888
2.04358
2.00114
1.96178
3.37712
3.61502
3.70365
3.97496
3.74107
2.78839
2.27643
2.14850
2.70903
3.70641
3.86236
3.57143
3.95289
3.79960
3.01698
3.28368
3.41666
2.70955
1.99378
3.60631
3.29705
3.47290
2.15938
3.64986
2.68041
2.64104
3.85434
3.51397
4.00725
2.87081
3.17728
2.18098
2.78718
2.34575
3.41193
3.73256
3.58745
1.75304
1.13277
3.75857
3.09685
3.44117
3.17796
3.87135
2.44577
2.00735
3.93455
4.21303
0.59076
2.98363
3.24341
1.79526
4.03828
3.67964
3.37671
3.90580
2.85044
3.57825
3.35176
3.32133
3.32503
3.37033
3.70550
3.68977
3.99879
3.37048
3.68790
2.91092
3.90618
2.40619
2.49113
3.70800
3.59293
2.94553
3.40087
1.27003
2.76703
2.22207
3.66071
2.91295
3.73019
3.69448
2.17127
3.10078
3.44981
1.27331
3.42078
3.00605
3.22376
1.23199
3.19691
3.90457
2.87599
3.74672
2.80126
2.77663
3.76400
3.84473
4.07358
3.27769
3.66842
3.05175
3.78969
4.01189
1.97319
2.34379
3.66605
1.82659
3.70110
3.22322
3.04515
3.66187
2.66648
3.77427
1.40580
3.81366
1.27145
2.97384
2.02153
3.24840
2.46887
3.91072
3.40190
3.23169
3.66979
3.74958
3.84601
4.05569
3.50057
3.49958
2.99021
3.03903
3.03651
3.25372
3.35227
3.71457
3.61935
2.35332
3.14697
2.31437
3.26143
2.52840
3.99959
3.91707
3.47467
2.24502
3.32209
1.36819
3.59368
4.08037
3.09709
2.72361
1.80510
0.29053
3.37135
3.26572
3.28313
2.07783
3.48422
2.85879
3.20581
0.71378
1.61671
3.76453
3.67503
3.92974
2.29027
3.36962
3.87554
0.65951
3.90281
3.46134
3.54809
2.57317
3.19917
2.09835
2.10481
3.30872
1.63505
3.83121
1.96870
3.31329
3.20673
3.80395
2.15012
3.77584
3.81066
3.68063
3.68398
2.24594
1.31265
3.76301
3.87670
3.70774
3.86577
3.83921
3.06947
2.77450
3.13387
3.84748
3.52442
2.47840
3.19655
1.91653
1.29378
3.81620
3.69291
2.26580
4.03876
3.69662
3.72953
3.57480
3.70919
3.05613
3.40487
1.17770
3.78995
2.78367
3.41027
3.02857
2.40210
3.24848
3.74973
3.03260
3.83398
3.20418
3.35042
2.29988
3.93532
3.51106
3.31603
3.87763
3.77729
3.17509
1.97713
3.50167
2.92231
3.26031
3.71110
3.23314
3.38842
3.44458
2.62204
3.83270
3.22450
3.95695
4.03419
3.28490
3.56176
3.42939
3.03521
2.96186
2.05381
3.29446
3.70394
2.42067
3.44971
2.97238
3.92366
3.42315
3.09332
2.79290
4.08781
3.75017
3.65054
2.81615
3.81256
2.24403
3.61004
3.57117
3.42743
3.78623
3.23332
3.91254
2.42245
3.17909
2.62602
3.89586
3.25579
3.73152
2.76464
2.93835
4.10179
3.82959
3.32593
1.21998
3.38836
3.60984
3.55848
3.82864
3.62311
3.25732
3.99228
3.58195
3.93558
3.96177
2.11651
3.50953
4.03272
3.50941
3.08110
3.58739
3.32296
3.33642
4.13463
2.42567
3.42557
1.54411
3.59392
3.35879
3.76948
3.98424
3.46838
3.04793
3.59879
1.83590
3.21922
3.75190
3.85808
3.48653
3.41182
0.89591
4.15746
3.38132
2.99799
2.81931
2.34030
1.58768
3.77301
3.58665
3.77056
3.87433
3.50845
3.51680
3.39981
3.60597
4.02792
3.53195
3.41947
3.84915
3.60022
2.72523
3.61350
3.42099
3.46870
3.02968
3.08958
3.20404
3.11769
3.72131
3.61495
3.72210
3.24455
3.01241
2.38005
3.93157
3.48288
3.37633
3.88816
3.78336
3.91497
3.28662
3.67250
2.98699
3.81676
3.50971
2.71123
3.39242
3.52264
4.00000
2.65252
3.86400
4.10109
3.84376
3.64719
3.55574
2.60043
2.12258
1.33282
3.47254
3.90279
3.20771
2.64664
2.48339
2.49947
3.45531
3.86245
3.37341
1.80770
0.45845
3.77483
4.05334
3.51311
3.06497
3.01730
3.30537
3.50511
3.61529
2.78034
2.96844
4.07890
2.74498
3.66147
3.86230
3.77340
2.75875
3.85614
1.99237
2.62371
2.93971
2.92723
1.00530
3.72851
3.20797
3.88619
3.56467
4.09408
3.19113
3.53863
3.27052
3.26387
3.89830
4.02461
3.75738
2.77459
3.60236
3.72412
3.02166
3.88935
3.65376
3.56602
3.56402
3.52223
3.34555
3.06822
3.32987
4.04741
2.26738
3.37173
3.87841
3.88091
2.13818
3.74626
2.91985
2.85909
4.02635
3.61671
3.81102
2.74969
3.64557
3.81428
1.84364
2.95667
3.07994
4.06646
3.73664
2.94552
3.83583
3.65657
3.82729
2.90753
3.67881
3.98084
3.09628
2.96782
3.25958
3.07387
2.10282
3.70029
1.60921
4.19496
3.47091
3.58672
3.57453
3.65703
3.39419
3.58598
3.72562
3.64268
1.57977
3.61570
2.15768
4.04889
3.67294
3.94886
3.14384
3.22890
1.73351
2.46496
3.61476
3.69625
4.15066
3.98472
3.55773
3.27608
3.72294
3.53280
3.93331
2.16571
3.10591
2.80318
2.03528
3.47178
3.56733
4.01392
3.61702
3.30645
2.38925
4.14303
3.37888
3.44706
2.46057
3.80557
3.15456
3.13156
3.63305
2.10400
2.19759
3.00846
3.45273
2.79393
2.76970
3.41058
2.51200
3.92458
1.22261
3.23811
2.52207
3.45432
4.15936
3.55913
4.01092
1.90154
3.36076
3.49101
3.36895
2.63230
3.16762
2.39169
3.51912
2.74085
3.06404
3.46184
2.77114
3.86023
2.81290
3.75908
2.05595
3.55564
2.95727
3.34803
3.33408
3.25365
2.93483
2.14448
3.63934
1.55207
3.68898
3.11255
3.16132
1.09901
3.42038
3.12590
3.16235
3.03301
3.73057
3.54263
3.76465
3.94380
2.68168
3.27404
3.68196
3.76636
4.08569
2.64111
3.56052
1.57201
3.56789
3.26479
3.68367
3.73290
3.44771
2.55965
3.13654
3.81754
2.47227
3.50416
3.50129
2.16086
3.38041
3.58665
3.16590
3.38126
3.86218
4.05489
2.85820
3.19441
3.76854
3.50358
3.76868
3.04354
1.98676
2.17672
3.80804
3.64107
3.94385
1.76712
3.61271
3.16923
3.14046
3.36515
3.85147
3.02254
1.68367
3.63126
2.91448
3.22347
3.40005
2.89686
3.88633
3.51948
3.35889
3.71200
3.27998
3.43421
3.05533
3.00813
2.93810
2.42474
2.45193
2.94797
2.97347
3.63905
3.47410
3.16004
3.64080
3.29752
3.91079
3.36846
3.77534
3.51135
3.88015
3.23114
3.33584
3.30657
3.42352
3.27033
3.74903
3.54047
3.82559
2.94040
3.84633
3.43464
3.57123
3.96427
3.86973
3.53519
3.45873
2.72290
3.74475
3.73745
3.64683
1.70144
3.68751
3.92477
3.90693
3.71321
2.35294
2.60101
3.34951
3.11587
3.77356
3.50473
4.03890
2.25973
2.17649
3.12091
2.16074
3.67781
0.11517
2.77966
3.93062
3.57812
4.07381
3.32235
2.93414
2.17601
3.66215
1.72452
3.18160
3.96396
3.29338
3.22855
3.56695
3.74722
3.78344
3.76735
3.42631
3.38081
3.63258
3.02540
3.05388
3.89976
3.95076
1.84400
2.79331
3.79493
4.06122
1.41846
1.61509
2.51823
3.73067
3.76885
2.97410
3.80166
2.50411
3.91122
3.64393
3.34169
3.87997
3.56095
2.54927
3.06754
3.14616
3.87620
3.75090
2.91449
1.44741
3.73294
3.19336
1.81415
3.77712
3.58124
2.85450
3.50723
3.12819
3.74769
2.78931
2.42851
0.70437
1.74648
1.49486
2.29007
3.55760
2.98799
1.26894
3.59910
2.30697
1.37033
3.36927
2.07661
2.87284
2.79688
3.33996
3.32490
3.31118
3.98586
3.91746
3.51543
2.45463
0.88895
1.97103
4.07888
3.64004
3.71485
3.71497
3.01548
2.11566
3.73929
3.72584
1.68705
2.74069
3.66105
2.80117
3.69062
3.43982
2.66796
3.46471
4.06476
3.57664
2.28886
4.13195
3.56020
2.81591
2.09089
3.48250
1.66028
3.84019
3.16722
2.69920
2.40819
3.59162
3.72865
2.45032
2.18478
3.61076
1.40716
4.08362
3.22871
3.90862
3.56939
4.00240
3.66177
2.00129
3.22265
2.51236
3.66640
3.16661
4.08916
3.60603
3.63008
3.45736
3.77147
3.67847
3.10542
3.69361
3.81157
3.27956
3.81235
3.28379
3.14947
3.16239
3.31359
4.11109
3.37233
3.09299
3.71242
4.17497
3.85025
3.91436
4.11364
3.85546
2.39190
3.47368
3.93249
2.59305
3.56447
4.09537
2.56583
3.97001
3.93695
3.06223
3.38924
3.86633
3.91394
2.80855
3.68906
2.88570
3.92343
2.88759
3.45736
0.99117
3.87044
3.46346
3.31573
2.00075
3.97373
2.23303
2.30446
3.59691
3.39288
2.49432
3.46207
1.59563
3.39443
1.96811
3.76205
3.25555
2.75967
3.10093
2.81810
3.98702
3.46186
3.81254
3.59295
2.58638
3.08482
3.73958
1.88889
3.16919
3.74800
3.43440
3.06170
3.16906
3.81522
1.88332
3.49816
3.99526
3.72647
3.77770
3.67666
3.71157
0.62174
3.48954
3.13897
2.55408
3.76326
3.42607
3.67478
3.31582
3.64108
3.54140
2.76836
3.94414
3.06959
3.95796
3.04324
4.04229
3.43498
3.72055
1.84362
3.51764
1.63342
3.20764
3.69936
3.44611
3.02159
3.94679
3.96808
3.62827
3.13890
3.95893
2.52869
2.48344
3.53788
2.86817
3.28448
4.08841
3.55781
3.92138
3.08227
2.35312
1.64881
3.67610
2.35017
1.39131
3.71564
1.47845
2.48970
3.98212
3.56881
3.70849
3.69041
3.57204
0.22051
3.12106
3.41696
1.50867
3.81980
3.02199
0.27063
2.17856
3.66360
3.31308
4.01291
3.53448
4.08940
3.91886
3.48664
3.06114
2.50811
3.23986
4.03613
2.18058
1.18045
2.96210
4.04408
2.41030
0.28742
3.89163
3.33609
3.07703
3.43898
3.79759
3.59220
1.38409
3.58061
3.56731
3.50985
3.42217
2.93498
3.96286
3.21200
3.00474
1.52711
2.80950
3.25552
2.22346
3.71656
3.32295
2.10540
3.45773
3.66604
2.27203
3.32976
3.70133
4.03333
3.16774
3.30991
3.79031
3.66670
3.61374
3.58103
3.39317
2.18706
3.85523
3.15191
0.55130
3.47349
3.36058
1.41912
2.82647
3.83244
3.36413
3.67866
3.78120
3.68719
3.63318
3.30162
2.52217
2.60571
3.79171
4.11804
3.84956
3.87369
3.47571
2.70112
1.40786
3.19487
3.65833
3.78992
3.89574
3.94225
3.98589
3.87954
3.46420
3.74551
3.47322
3.36725
3.07246
3.34027
2.13930
3.25936
3.48127
3.84239
1.19121
3.69008
3.91419
3.75650
2.43504
3.52612
3.24142
4.00386
3.80426
4.09085
3.90505
3.12582
3.72922
3.90401
3.89641
2.49514
2.93958
4.13114
2.82237
3.44573
3.87845
3.09211
3.46527
2.68916
3.65454
3.48171
3.50588
3.70863
3.90343
3.49483
3.69733
3.88992
3.86700
4.05604
3.82839
3.90361
3.75008
4.12136
1.87286
3.93724
2.67816
3.10261
4.14914
3.73460
4.11121
1.61137
3.07274
3.77223
3.82921
3.06993
3.98500
2.41759
4.18015
3.88585
3.38278
3.56017
4.05687
1.72012
1.99915
3.83300
3.27637
3.84547
3.27311
3.11588
3.68896
3.93742
4.11575
3.98756
3.50241
3.44279
3.92669
2.66982
3.15153
3.29179
3.48433
2.55476
3.55934
2.77785
3.63749
2.80900
3.86001
3.68485
3.87742
3.88918
2.19549
3.48525
1.82079
2.62333
3.90889
3.19601
3.77378
3.37678
2.21084
3.31911
1.20434
3.10867
1.53553
3.71523
3.60497
2.66498
3.80204
3.05215
2.28854
3.73914
2.69302
3.94945
3.20261
3.48622
3.79964
1.65330
4.02414
3.33826
2.33443
2.86266
3.47410
2.10201
2.36074
4.01990
3.91497
3.49003
3.89546
2.62256
3.63858
2.66267
2.90611
2.43046
2.86723
1.56998
2.56736
2.25815
1.81350
0.82334
2.19153
3.85118
3.41132
3.63692
3.31964
2.60916
3.34920
1.53523
1.02604
2.05789
3.70944
3.48743
3.61200
3.42642
2.40218
3.06617
1.94403
3.60652
2.72689
2.30087
3.92463
3.55345
3.75058
3.73815
3.02035
3.70869
3.13493
3.50161
1.64436
3.57787
2.68629
3.40614
1.85226
2.78127
3.14426
3.54118
3.32057
2.97318
3.16189
3.91556
3.52534
3.83856
2.77840
1.85680
3.78044
3.31823
1.93235
3.61097
3.18971
3.25816
1.35833
1.64222
3.59111
3.88897
3.40071
3.30865
3.95512
2.88536
3.56188
3.70780
3.36363
3.86903
3.29307
3.70059
4.00150
3.26474
2.94293
4.12585
3.61162
1.47626
2.74856
3.50220
3.63782
2.01127
2.40381
3.54086
3.09814
2.07438
3.98370
1.86804
3.47552
3.03552
3.83300
2.90082
2.83230
2.78444
3.30257
3.72340
3.84486
2.93519
3.87041
2.48419
2.65648
3.57233
2.31639
3.86508
2.97707
3.54046
3.66288
3.77334
3.40636
1.68861
3.71296
2.82885
3.90913
4.11507
3.44367
3.80654
3.84376
4.07837
3.66819
3.19033
3.22167
3.89081
2.67185
3.84293
3.63301
2.45572
2.31147
3.30686
3.68640
3.34045
3.89096
0.94457
3.69452
2.25530
3.50412
3.64062
2.59753
3.77830
3.21221
3.87874
3.86453
2.95055
3.35416
3.42869
2.94757
2.58994
2.79374
3.59735
3.69078
2.26110
4.11595
3.86967
3.37459
3.75231
0.31193
3.09445
1.96687
3.69176
3.53197
3.65272
2.09777
3.51490
4.07197
2.96487
3.79410
2.76811
2.08434
4.08692
3.00498
3.31889
2.82472
3.56169
3.81791
4.00507
4.01565
3.38436
2.01726
2.21697
2.88068
3.23566
2.96389
3.52463
3.46701
3.55368
4.02592
3.40429
3.25429
3.40810
3.53640
3.14021
3.48983
2.60041
3.06524
3.27777
3.56706
3.25173
2.39767
3.65392
3.47752
2.35183
3.59389
3.80958
3.04415
2.59171
2.20431
3.12203
3.26299
2.84312
3.11740
3.67487
3.73931
4.00891
2.93640
3.32318
2.60683
1.81404
2.73526
3.27527
3.01924
1.82118
2.79100
3.30433
3.28411
2.33847
2.83483
3.45369
2.47094
3.48392
3.89632
3.71164
3.09068
3.18444
3.12883
2.65592
3.84033
2.93922
3.00464
3.54824
2.71613
2.03135
3.95863
4.02201
3.48925
3.07018
2.18650
3.76626
2.27252
3.67177
3.41661
2.77843
3.59175
3.73901
1.71995
2.74250
3.54003
3.38447
3.78112
3.35965
3.74619
3.60454
3.61373
2.73385
3.81709
3.68588
1.97684
3.29260
4.04230
3.13321
3.87290
2.25770
3.72650
3.44648
1.50645
2.35746
4.04212
3.62375
3.79818
3.09270
3.81570
2.99893
3.71723
3.11386
2.94173
3.75770
4.02229
3.34436
3.83357
3.47235
2.94544
3.54018
3.22314
3.65226
3.60707
3.20442
2.68121
3.56960
1.94581
3.24955
2.83482
2.44072
2.45003
3.71183
3.68230
2.32302
3.84676
1.15696
3.29602
2.33464
3.80117
3.54613
4.13291
3.20491
3.45788
3.92216
1.95864
2.52368
3.87877
3.57157
3.30740
3.30084
3.24880
2.85754
3.76662
3.42596
3.82921
3.73426
3.76066
2.47933
3.63176
2.25566
3.07766
3.49577
3.17260
2.92609
1.24814
1.57331
3.44151
1.35120
3.26548
2.63532
3.64407
1.74849
3.93440
1.53515
2.76452
2.16160
4.02978
3.91483
2.74426
2.31089
3.30994
3.77868
3.78379
3.66814
2.96614
4.02110
3.90105
2.66044
3.47490
3.00714
1.85768
1.66689
3.57417
3.64145
3.76327
3.34912
3.47650
3.87381
3.66346
2.63230
2.71536
3.81196
3.75761
3.21122
4.10135
3.80706
3.98615
3.58833
3.45902
1.18868
2.87232
3.97974
3.60122
3.51467
2.47098
3.01730
1.28499
2.67652
3.43651
3.09990
3.75705
3.76129
2.25732
3.62884
3.17514
3.82728
3.42659
3.80422
1.63819
3.25019
3.87342
3.23390
3.43836
3.91111
3.20235
2.37887
1.93354
3.05036
2.00877
0.59815
3.27391
2.94908
3.47781
3.25088
2.76317
3.83678
3.60962
1.66505
4.06685
2.03537
3.88702
2.30343
3.97734
3.46957
3.16534
2.32657
2.35653
3.04933
1.44989
3.45328
3.20652
3.28078
0.96407
0.86560
2.38270
3.32826
3.70009
2.55984
3.47654
4.07986
3.54022
3.50748
0.51051
2.72044
1.97305
2.20228
3.87618
3.36374
3.40915
3.28857
3.76735
1.77487
1.74423
1.75896
4.16654
1.45487
2.81981
3.76237
3.96847
1.79220
3.47748
3.30090
3.00793
3.65673
3.79871
3.18874
2.61171
3.29237
3.44969
3.32872
3.67755
3.23564
3.77022
3.80657
2.33765
3.68280
3.66794
3.66754
3.60074
1.03704
3.34930
2.97324
3.47053
3.65070
3.57504
4.17168
3.57716
3.55957
3.27603
3.29274
3.75873
3.43336
3.01339
3.86815
3.74237
3.56569
3.84910
2.26368
2.54678
3.39564
2.63130
3.72057
4.13873
2.49325
2.21708
2.43086
3.49980
1.95317
2.89243
3.89292
3.72158
3.82357
3.54486
3.48246
3.55294
3.52854
1.80604
2.60011
3.25589
3.84627
3.36291
3.91963
3.55897
3.58806
3.36684
2.15545
2.53721
3.64442
4.13224
2.91519
2.79301
3.93888
3.50778
3.32791
3.98014
3.37486
3.30738
3.81608
2.48466
3.19678
3.40429
3.92226
3.86273
3.49222
3.71673
3.50004
2.35927
3.04771
1.60328
1.99129
3.76936
3.98300
3.86113
2.00609
3.89235
3.71753
3.49323
3.36170
2.97547
3.74292
2.35754
3.40966
4.16941
3.78781
3.59106
1.24280
3.32969
1.12524
1.30085
3.30661
3.84409
2.17340
2.92499
3.90607
4.01289
2.66028
1.76503
3.82574
3.43278
2.09423
2.37815
3.20987
2.20217
2.11092
3.53224
2.62826
3.62998
2.35571
3.20177
3.40191
2.39795
4.16859
2.74545
3.17702
3.59296
3.71247
3.60750
3.26907
3.23882
3.58897
3.17615
1.54124
3.85667
2.74708
3.50363
3.30257
3.43458
3.26183
4.18371
4.01556
3.89108
3.49723
3.42614
2.84993
2.98953
1.97276
0.92847
2.94046
3.77758
3.69410
3.90079
2.65482
3.68679
2.90379
3.82341
3.94250
3.48923
3.84606
3.60315
2.08828
2.18544
2.45953
3.90242
2.24983
3.11717
3.42145
2.93780
2.69653
3.75899
2.69553
0.90943
2.04222
3.78866
3.58513
2.34293
3.68493
3.71350
3.87573
3.50861
3.05985
3.46030
0.99144
3.73264
3.13793
3.96331
3.23210
2.51070
2.76428
3.41444
4.04616
3.94696
1.73364
3.51277
3.17624
1.51047
3.92019
3.70968
3.24943
3.48625
2.86673
3.53066
3.32233
3.29678
3.39807
1.61568
3.69452
2.24178
4.11945
3.08641
3.95384
3.37485
1.07022
2.42457
2.23203
4.24106
2.32130
3.46281
3.73794
4.00073
0.82788
3.07081
3.83894
3.79618
1.89781
3.39305
2.64213
3.31635
3.39269
3.66866
3.33031
3.62964
3.42401
2.40387
2.28073
3.77992
2.45126
1.49350
2.75285
2.75206
3.56274
3.82461
3.36022
3.75479
2.75318
3.77904
2.55142
2.74916
2.13337
3.25080
4.07839
3.53124
3.90043
3.11377
4.08365
3.62192
3.17598
3.88698
2.17906
1.89450
3.48575
3.59805
3.77171
3.53662
3.68912
3.83493
3.03732
4.16091
3.12422
4.16565
3.54977
3.32118
0.60833
3.95956
2.40101
3.99668
3.44787
4.09493
3.54095
3.67349
3.56966
3.23158
2.33784
2.79373
3.65833
2.50260
3.29659
3.43571
3.24278
3.57931
1.11355
3.38810
3.04847
2.02613
3.36507
3.48230
2.41252
2.16585
3.52701
3.51531
1.85943
3.25492
2.65067
3.65657
2.85448
3.48519
3.63616
3.67131
2.55062
3.91633
0.52008
2.06157
3.39762
2.50735
3.39437
2.86661
2.94827
4.04388
2.73640
2.00428
2.89273
3.54844
0.48015
2.30282
1.90652
2.71684
3.02061
3.19595
3.42428
3.49391
3.57823
4.04452
3.89320
3.06290
3.95758
2.32350
3.77482
2.98942
2.39068
3.98876
3.24909
3.58408
2.99672
2.81885
3.69923
1.41733
2.64647
3.56194
4.01002
3.02048
1.56706
3.81529
3.64695
0.50969
1.74244
2.50595
2.41090
2.73049
3.01519
3.55129
3.38336
3.89279
2.89603
2.90189
2.27356
3.77154
1.91862
3.24978
3.81370
3.71145
4.18872
2.95226
3.69239
3.16053
2.83046
3.61890
3.71172
2.70701
3.45404
3.74062
3.14711
3.60944
3.74483
3.80796
4.07260
2.38894
3.30395
3.67640
4.07327
3.27504
1.27426
3.39583
3.68368
2.91046
3.84355
3.99079
2.39001
3.89915
3.80521
3.75296
4.24723
1.74813
3.37169
3.73207
2.26729
3.60337
3.95185
3.96321
2.99071
3.10387
2.99296
3.50015
3.47850
1.08185
1.53781
2.93453
2.94511
2.06701
3.85012
1.97416
3.86225
2.89992
3.88011
3.78837
1.98950
3.82303
3.77108
2.50365
3.63365
3.26033
3.25262
3.68754
3.29406
3.88136
3.65123
3.67509
3.12455
3.30008
2.03107
3.26123
3.33397
2.57160
3.76967
3.08941
2.77911
2.86738
3.71869
3.72961
2.21255
3.88558
3.44148
2.89861
3.24506
3.56153
3.66448
3.49574
3.05114
1.99133
3.30943
3.55728
3.70562
3.51201
1.90115
3.89145
3.32942
3.75016
3.87166
3.84648
2.02481
3.69961
3.51288
2.95849
2.72593
3.07453
3.35814
2.55288
2.31863
3.49366
4.01586
3.29364
2.77536
2.04873
3.15087
2.84005
3.84544
3.96781
1.68972
3.06104
3.87471
2.93048
3.93091
3.28847
3.82568
3.73073
3.54229
0.18942
3.04344
3.97406
1.60507
3.74051
3.75748
3.87813
3.68757
3.66233
3.42827
3.09088
1.64319
3.80577
3.14601
3.07529
3.92294
3.44928
1.17717
3.87348
3.70200
3.53008
3.72281
2.39425
3.78916
3.71763
2.81400
3.49716
3.86674
2.34176
1.16860
2.78694
3.87482
2.97282
3.04016
2.01637
3.98506
3.20578
2.92722
3.51746
3.22687
3.58519
3.80249
3.86907
3.36296
3.47906
1.24646
1.88631
2.89152
3.22386
3.95081
2.47999
2.47305
2.07864
3.70227
3.90175
3.69079
3.53121
1.98117
3.22378
2.96546
2.07562
2.28700
2.91307
3.99966
3.33777
0.82874
3.83191
3.40318
3.80311
3.25708
2.24026
1.41628
2.98987
1.54080
2.99200
2.20192
2.25582
3.40259
3.49121
2.33015
3.28817
3.76568
3.82612
3.73274
2.96500
3.84075
3.63839
1.12929
3.52873
2.98147
3.71390
2.83936
3.73892
4.12685
3.04893
1.86659
3.34596
3.23554
3.58343
2.73355
3.53608
2.35931
3.73706
3.27775
3.97324
3.66772
3.58432
2.31027
3.73492
0.64306
3.66197
1.87134
3.67079
3.09024
3.82679
3.87705
3.48271
4.09237
3.57825
3.78147
2.88405
3.89620
3.60725
3.82155
3.92063
3.71712
3.85003
1.53043
3.83996
3.69953
3.05822
3.06985
3.65690
3.89120
3.69992
3.30310
3.90501
3.56627
3.82931
3.87410
3.57200
2.37783
3.48020
3.77631
2.77601
3.34151
1.82274
3.68467
3.00886
1.32613
2.59755
2.90428
2.61315
3.69713
1.96992
3.89916
3.02689
2.11682
3.86075
3.58901
1.87662
1.17282
3.38026
3.39968
2.46369
3.91579
3.02947
3.50967
3.53260
3.83077
1.95549
3.47403
4.08679
1.95742
2.64054
3.99437
3.67226
3.91511
2.83015
3.44616
2.74300
3.27276
3.13255
3.73397
3.58500
3.49438
3.47870
3.14272
2.90977
3.40085
3.81081
3.83958
3.47608
2.49895
3.73561
3.96698
3.47504
2.13226
3.52769
3.76222
1.31736
3.67781
0.65787
3.51133
2.63245
3.02158
3.44425
3.81182
3.89873
2.63040
3.59738
3.62911
3.32496
2.88258
2.13497
2.16457
1.76106
3.03042
3.12370
3.43226
2.92775
3.76483
3.61956
2.75158
3.85041
1.41463
1.98656
1.74402
2.42778
3.98513
3.70742
1.18639
3.79963
3.55613
3.52445
3.45056
2.69142
2.75699
2.48350
3.97436
3.69847
3.53053
3.46745
3.34542
3.71157
3.72511
3.52449
3.43227
3.95372
3.47884
3.09385
3.90095
2.82465
3.76676
3.73731
2.68678
1.58029
3.51508
3.50868
3.59204
3.10304
3.47513
3.63577
2.73391
3.59748
3.40431
2.87350
2.26465
3.43532
2.55961
3.92012
3.86647
3.58172
1.65225
3.15833
1.80751
3.53184
3.67120
2.42447
3.60288
3.57575
3.02381
3.81881
2.37654
2.05859
3.77046
3.60560
3.47677
2.42636
3.08654
2.59301
2.75030
3.05670
2.51269
2.09751
3.90286
3.15232
3.87576
4.08257
3.30261
3.13244
2.42475
2.30629
2.87867
3.50022
3.63961
3.83449
3.39237
3.49541
3.43931
2.71729
3.83267
3.03128
3.07431
3.23234
3.60375
2.99713
2.73426
3.53813
1.01371
3.83118
4.00134
2.72834
3.93730
1.75146
3.83922
4.05320
3.49206
1.47534
2.96929
3.39312
3.47002
3.55896
3.05447
3.65473
3.62741
4.01906
3.35455
4.02051
3.68992
4.05655
3.64238
3.37673
3.74781
3.59615
3.63669
4.03180
3.41831
2.35889
3.93445
3.45431
3.52978
3.77542
3.90818
3.22202
2.46853
3.74528
3.92335
3.93127
3.08450
1.48616
3.52691
3.32327
1.80850
3.84273
2.96488
3.23627
2.90367
2.94842
2.91584
3.67080
2.86553
3.65806
3.60761
1.97431
1.88580
3.76243
3.68837
2.66452
3.32610
2.78992
3.00615
2.64652
3.18076
3.52162
3.89810
3.65334
4.11975
3.85007
3.88454
3.34702
3.79062
3.70136
3.92154
3.65025
4.00920
2.88127
3.45592
3.02935
3.27755
3.21689
2.10001
2.92789
2.44232
3.41089
2.67585
2.76636
3.63811
3.13254
3.26125
1.15986
3.58479
3.63121
2.79410
2.83086
4.03570
3.15714
3.89823
3.64587
2.05036
3.77768
4.05233
3.87058
3.35367
2.14190
3.26889
2.78561
2.41665
3.65977
3.88506
3.44480
2.73313
2.38424
2.96897
4.02169
3.82921
3.23442
2.60670
3.90625
3.01788
3.03242
3.85246
2.86332
3.70266
3.63355
2.06267
3.51053
0.86431
2.49732
3.38072
3.03546
3.32439
3.59111
2.93996
3.88864
3.07589
3.72896
3.41824
3.93709
2.06493
3.82207
3.67288
2.45252
3.97130
3.55237
4.07634
3.58837
3.52387
3.40085
3.05796
4.12235
3.48688
0.48996
2.78175
2.79567
2.31027
3.34463
3.89799
3.82981
3.65956
3.66865
3.71818
1.35114
2.47787
3.61602
3.18013
2.08817
3.62262
3.35375
3.52098
4.02925
3.69416
3.43914
2.95281
3.66949
2.50464
2.28213
3.73236
3.67242
1.24282
3.90277
1.48363
3.62839
4.28688
3.20034
3.86016
3.55535
3.32246
3.06770
3.41762
3.60683
4.10262
3.34111
3.48052
3.83807
3.86404
3.87798
3.63873
4.02087
3.19228
2.53906
3.76868
2.89541
3.27520
2.16164
3.37624
3.85558
3.93193
3.52797
0.95645
3.99056
3.60059
3.94334
3.50361
3.82157
3.72972
3.95039
2.92282
3.60188
1.38595
3.33036
3.61460
2.82821
3.00845
3.79011
3.34803
3.20310
3.65050
3.98822
2.49865
3.21020
1.70032
3.21948
2.56248
2.90683
3.01785
2.77830
2.22195
3.65297
3.68747
1.46053
2.99287
3.10729
3.61293
2.77410
4.04370
1.75904
1.58857
2.81325
3.94782
3.42862
2.58465
3.28405
3.71465
3.51963
3.80404
3.46399
3.71188
3.80467
3.68500
1.65446
2.90631
3.72704
3.59276
4.01391
3.73680
4.13579
3.38819
3.59703
1.62418
3.91983
3.75181
3.03735
0.37695
2.01899
2.20319
3.11038
2.71050
3.34352
3.36469
2.90781
3.64414
2.63327
3.03796
3.29422
3.58715
3.86827
3.07847
3.80146
2.79651
2.86065
2.58271
3.03342
3.43773
3.72304
3.65723
4.02319
3.70456
1.68920
3.97240
2.62126
1.12281
3.52775
3.43352
3.50360
3.85831
3.17760
3.68701
3.62212
4.02332
3.61236
2.88548
2.21262
2.48279
3.89572
1.81294
3.44833
2.67254
3.19965
1.66483
3.56382
3.11706
3.83156
2.87865
4.03515
0.61414
3.94391
3.00565
3.59566
3.36690
3.66778
2.37809
2.59534
3.47746
3.98924
3.79618
3.90064
2.70949
2.98200
1.35459
2.28864
3.41433
2.07316
3.75592
3.90322
3.73718
3.47467
3.88026
3.70482
3.24242
2.66568
3.27631
2.75101
3.75433
3.17450
1.66429
2.74403
3.69964
3.72064
2.81766
3.44969
3.07939
1.61398
3.42826
3.15682
3.23076
3.69957
2.25169
3.02355
3.22844
3.97325
3.78525
3.68740
4.13103
3.19333
3.29864
1.29568
3.29544
1.82257
2.60388
3.87064
2.99830
2.56563
3.86530
2.98697
3.72502
3.56934
3.88974
3.48701
3.54218
3.55323
2.69092
3.43952
3.62944
3.56082
3.47140
2.32892
3.88574
3.62358
2.71627
1.45823
3.70969
1.73328
3.76917
4.16690
3.85540
2.89193
3.56264
2.61320
3.58517
3.84327
3.74572
2.94957
3.92944
2.48359
3.26862
3.40982
3.27031
2.92927
2.20750
1.98966
3.36202
3.52498
0.95245
3.22980
2.64468
2.89356
3.02419
3.23181
4.02325
3.47040
1.69425
4.07146
3.27199
3.35998
1.41510
2.21033
2.00378
3.10186
3.56928
4.03059
3.30381
3.24383
3.60524
2.48991
0.91541
3.15931
4.26121
3.00994
1.22904
3.66705
3.40835
1.92182
3.34182
2.36845
2.66047
3.97911
3.57821
1.35578
3.37794
4.01202
3.72046
3.41397
2.31813
3.87085
1.85204
2.69863
2.19291
3.78834
3.23002
3.12494
3.53719
3.80342
2.16936
3.72245
1.80333
3.87255
3.92653
3.16971
3.51599
3.34512
3.61742
3.58419
4.01455
2.77806
2.78362
3.82718
3.63002
3.59838
3.65880
3.11379
3.77495
4.10724
3.16775
3.66286
3.44135
3.08075
3.76713
4.16272
1.42449
3.47381
3.61614
3.83100
3.91542
1.91620
3.57578
3.86948
3.83731
3.57371
2.49429
3.40309
2.41883
3.13235
3.70993
4.11049
3.93000
3.92289
2.81905
2.13450
3.79839
3.72558
3.48538
3.01651
2.56833
3.98042
3.32023
3.68755
2.87062
3.67928
4.02123
3.37643
1.97123
3.05504
0.30657
2.14379
3.96275
4.00004
3.30604
3.17813
4.07469
2.42585
3.41166
3.05145
3.21054
3.17390
3.33349
3.78878
3.78448
3.58928
4.11424
3.83903
3.94836
3.48591
3.92119
3.61058
2.35069
3.82515
3.16353
2.76133
3.48485
3.86777
2.37294
4.02812
3.60033
2.22594
3.76774
3.18076
3.61146
3.57127
3.66255
2.55323
2.85288
3.13446
3.21771
3.44997
3.74958
4.17019
3.89793
3.99830
3.60676
3.93129
3.03878
2.72397
4.18255
3.69780
3.61098
4.09824
4.05084
3.29453
2.95142
3.15311
4.07691
1.33784
2.95598
3.80195
0.80465
3.84908
2.78097
3.65293
2.35489
3.29904
2.85106
3.78813
3.21292
3.57869
3.51825
3.53938
3.48337
3.13725
2.96997
3.14975
3.20933
2.11182
3.06504
2.83254
0.47962
3.72891
3.76458
3.45541
3.68408
3.42399
2.44772
3.27631
2.97385
3.61893
2.78314
3.17706
3.46919
2.87001
2.87125
3.61322
1.95420
3.68210
3.88830
3.72599
2.65617
3.08647
2.28399
3.96407
3.54743
2.89585
3.75774
4.05901
2.78757
3.73964
3.12401
1.35165
4.09090
4.10931
3.76402
1.93140
3.98903
3.43556
3.69149
3.55086
3.79792
3.69764
3.40522
3.35111
2.61441
3.83619
3.96476
3.90247
2.35378
2.45522
4.00773
2.30578
2.90150
3.46289
3.96158
3.83922
3.56660
1.93678
3.29861
4.13489
3.87135
4.05036
3.93722
2.28391
3.64350
3.56997
3.34160
3.18811
1.95861
2.91983
3.55265
3.11297
3.57108
3.72605
3.23308
3.88617
2.57384
3.73341
2.33488
3.96103
2.03630
2.83500
3.76289
3.42543
2.76754
3.86408
2.76905
3.16481
3.44093
1.03574
2.45429
3.33438
2.76502
3.72026
2.27987
2.77797
3.23406
3.50630
2.01416
4.17749
3.27816
2.78371
3.63215
3.05101
3.40891
3.48293
3.60513
3.55639
3.52225
3.69861
3.31730
2.23903
3.49588
2.79011
3.66653
2.97946
3.97282
3.43319
3.53876
3.01182
3.21963
3.83230
2.68406
3.41624
4.09865
3.86327
3.78120
2.95298
3.30861
1.77594
2.10480
1.84567
3.69953
3.86807
3.93439
2.07405
2.29086
3.37171
1.79751
1.92604
3.56870
3.55626
3.79403
3.72877
3.20244
1.97723
3.57848
3.54535
3.90160
3.28212
2.63939
1.88729
3.37977
4.08420
1.73560
3.56010
3.92276
3.16822
1.97957
3.16181
3.28701
3.62451
2.97054
3.34523
3.04872
3.53108
4.06575
2.99019
3.46904
4.14747
3.50542
4.13489
2.57899
3.84225
3.85378
3.50843
3.63425
3.74040
4.06544
4.14876
3.17566
3.45524
3.70495
3.85358
2.87058
3.73639
3.45106
3.98706
3.82483
3.20590
3.28644
3.82729
3.53397
3.23022
3.03541
2.16170
2.96056
3.85227
3.67123
2.19239
2.95086
4.03799
3.82340
3.94568
3.62139
2.52903
1.92357
2.43172
3.62947
2.03502
3.94896
3.93336
3.11404
3.70442
3.31750
3.76576
2.92236
3.18516
3.85580
3.90935
3.97793
1.21237
3.72112
3.74417
3.89629
1.88091
2.50257
3.36874
4.05458
3.71986
3.29629
3.70712
4.09576
3.51058
3.55910
3.86113
3.73951
2.17673
2.98206
3.10830
3.61322
4.01308
1.60766
3.67441
2.36687
3.68775
3.14991
3.31369
2.01587
3.82068
3.75520
3.85429
3.59281
3.38267
3.78240
1.54875
3.69149
3.22779
3.19475
3.19344
3.35404
2.56808
3.08385
3.87012
3.94202
3.67819
3.95316
3.49332
3.98940
3.75596
3.01973
3.77593
3.67748
3.33797
3.63974
3.75250
3.76372
4.10902
3.13237
0.59726
3.87767
3.62380
3.21296
2.87200
2.21126
3.66783
2.86171
3.47341
3.11980
3.93626
3.28824
3.01402
2.86884
3.94568
2.88830
3.40840
2.69259
2.88250
3.17478
2.06268
2.87475
3.13885
3.55063
3.53924
3.23812
3.59919
4.21509
4.30514
2.76167
3.67743
3.35503
3.99989
3.24387
3.85773
0.18890
3.39518
3.39707
3.61779
2.58090
1.99028
3.23658
3.75489
3.77998
2.79246
3.87368
3.34810
4.06625
3.12271
3.08349
3.10621
3.59930
3.45253
3.66586
0.95108
2.54723
2.79524
2.90770
3.51446
3.24853
3.16015
3.60188
3.51323
3.99349
1.90177
3.84120
3.01231
1.88569
3.87194
3.93385
4.11158
3.60907
3.01053
3.72060
3.29463
3.49533
3.28447
1.06439
3.26673
3.54131
3.87623
3.81879
3.77177
3.83551
3.15602
3.86192
2.12229
3.69855
3.85561
3.76261
1.97773
3.11648
3.89850
3.68322
2.31800
2.75082
3.02335
2.95852
2.88510
3.36904
4.06403
3.64125
3.27949
2.89859
3.47671
3.73607
2.11098
3.57277
2.23928
3.58873
3.49256
3.82325
3.22465
3.26195
3.73911
3.88686
1.98484
3.48322
3.60940
3.91563
3.73533
2.83926
3.37695
3.67675
2.09643
3.59383
3.36318
3.81252
3.79063
3.21033
1.71360
3.63550
3.83004
0.56178
3.08615
2.73942
1.88329
3.45003
1.05112
3.83312
1.72902
3.88320
3.48249
3.92182
3.75893
2.97759
3.55865
3.73374
3.76022
2.48335
2.00272
2.77367
3.23234
4.10167
2.26569
3.82447
3.94071
3.90917
2.71498
3.92031
3.87451
4.06170
3.39273
1.29668
2.77116
2.94910
3.76101
2.36661
3.59152
2.79884
3.92904
3.67659
1.47545
3.89461
3.77346
3.99433
3.00261
3.82101
3.22178
2.38794
3.83500
3.67724
3.69665
3.25223
2.61515
3.90943
2.44272
3.50674
3.95477
1.88160
3.24358
2.70115
3.37850
3.76153
3.09332
2.11539
1.31692
3.43535
2.55171
3.64457
2.90720
2.05847
1.49708
2.87314
1.01880
1.30547
2.85736
4.08914
3.23504
3.70629
3.60626
3.63751
3.60894
3.81310
1.34409
3.46666
3.44149
3.53179
4.04777
3.50985
3.71047
3.99903
1.75670
3.32854
2.71088
3.65156
3.60648
2.77521
3.69280
2.40144
2.97537
3.74500
2.98601
3.72868
3.97815
3.04142
2.98791
3.37168
3.14410
3.33532
1.96480
3.86382
3.69744
3.41777
2.60694
3.28465
2.03906
3.78723
3.42385
3.72993
2.79827
3.19326
3.01350
1.51409
2.72549
3.55832
2.17249
3.92610
3.79647
2.66749
3.97343
3.81097
3.89034
3.67854
3.08070
3.92798
1.63485
3.90467
3.72509
3.27812
3.68431
3.64447
4.00625
3.05591
2.51205
3.88819
3.89908
0.94537
3.51903
3.98125
3.48694
3.00729
3.26870
3.61081
2.81815
3.45298
3.47810
4.16942
3.06089
2.85214
3.69730
2.82011
1.76418
3.04703
3.23000
1.92509
2.54577
1.63281
3.70499
3.48691
3.27035
2.44579
3.36561
4.05339
4.03019
4.02644
3.04008
2.58555
3.85220
3.23304
3.70268
3.63153
3.85839
3.74947
2.29317
2.61127
1.68992
3.50935
0.78572
2.87777
3.63544
3.53662
3.69203
3.47598
3.74445
3.66573
3.63804
3.24218
2.72907
2.64527
4.03986
3.75237
3.33730
3.38448
3.12382
2.18513
3.41144
1.65554
2.12947
3.53241
3.17142
3.60553
2.05330
1.87892
1.26597
1.46468
1.52574
3.28508
3.65309
3.79461
3.45509
3.74341
2.18546
1.62624
3.83122
3.48288
3.51392
3.33453
3.61483
3.12377
2.17821
3.54352
3.98956
3.78384
4.04751
3.86090
3.19722
1.87784
3.27089
2.21361
3.23103
3.47129
3.61909
3.92082
2.71105
2.33585
3.84829
3.85628
3.50872
2.95961
3.45615
3.68831
3.09799
3.73690
3.58881
3.91291
3.56220
3.67942
1.26464
2.05431
2.77012
3.24598
2.82778
3.69654
2.57445
3.74884
3.77834
3.24876
3.97936
3.82150
3.83604
3.81520
3.20180
3.90072
3.22533
2.89914
3.80384
3.90379
3.60959
3.95100
2.60898
1.94118
2.03018
3.68515
2.30047
3.77013
3.15664
3.42090
3.02356
3.11143
3.11036
2.62244
1.24045
2.62590
3.91553
1.69342
0.90217
3.83541
4.06235
3.62554
3.85181
3.91416
2.56040
4.02701
1.14206
3.89400
3.19712
3.74156
3.61085
3.41680
2.25261
2.50368
1.11131
3.01163
3.99721
3.85130
3.70501
3.99915
2.73948
3.63155
3.70467
3.79570
3.62261
3.01805
3.57234
2.62004
3.68292
3.89327
2.10662
2.32833
3.61659
3.81231
3.04239
3.52395
3.71670
2.78472
2.79361
1.37688
3.71412
3.86369
2.43627
3.41535
3.48425
3.74116
4.00893
3.77484
3.39021
4.11448
3.53895
3.32002
3.59594
3.08336
3.49057
3.63198
2.46590
3.51653
3.52427
3.44065
2.24755
3.79206
3.71299
2.23291
3.92514
3.23130
1.87470
4.07052
3.63755
3.31885
3.25372
1.61479
3.47254
4.02619
3.70256
3.81791
3.64026
3.63644
3.25357
2.27233
0.45123
3.90956
3.73139
3.05384
3.71972
3.58827
4.15563
2.77788
2.61266
0.82053
3.56200
3.86850
3.86544
2.73019
3.49856
3.74114
4.03133
3.47104
1.78136
3.66725
3.21130
2.03007
3.63240
2.87629
3.94210
3.67818
4.05554
3.24426
2.44942
3.04716
2.32574
2.32389
3.02406
3.77566
3.32052
3.02346
3.50693
3.53314
3.42225
1.34861
3.45688
2.05945
3.50419
2.45985
1.84436
3.61407
1.54864
2.85918
3.57840
3.83699
3.29371
3.62192
3.31753
2.30661
3.55245
2.72421
3.50112
3.48493
3.28912
3.28945
1.70923
3.27254
3.84153
3.81578
3.70299
2.53995
3.44062
2.99405
2.70205
3.83688
3.98374
3.92235
3.37549
3.70764
3.90481
3.25048
1.61636
4.03623
3.68462
1.41118
3.94953
1.68709
3.28724
3.68087
3.10028
3.10696
3.73708
3.62146
4.07015
3.40809
3.62092
3.63159
3.46055
3.45750
2.54902
4.03897
4.15055
3.55464
3.90559
3.95357
3.44375
3.90148
3.80364
3.03629
3.02090
3.74329
3.76861
3.94182
3.88478
3.46446
3.03615
2.87487
3.16775
3.48050
3.14429
0.91600
3.34559
1.73819
2.85621
2.68172
2.37803
3.70818
3.32904
3.78138
3.44476
2.81001
2.72203
4.11182
3.90561
3.17174
3.74962
3.78407
2.96855
3.15638
3.05693
1.24346
3.53007
3.83013
1.93777
3.29876
3.68807
3.49653
1.94204
2.35776
3.44440
3.01540
1.67099
3.56867
3.33902
3.89859
3.45787
2.38801
3.83762
3.50708
3.76615
3.70972
3.64495
1.24767
3.26862
4.00619
3.75420
1.98745
2.14763
4.00201
3.20856
2.95271
3.76224
3.52371
3.43771
3.66886
3.99347
4.14155
3.39830
3.34126
3.45550
1.95558
4.20771
2.80897
3.11357
3.59561
3.17482
4.07095
2.82534
3.29735
3.49459
3.95143
2.93926
3.57195
2.07147
1.54956
3.46787
3.36372
3.86174
2.07962
3.91107
3.58561
3.31235
4.11296
3.89534
3.50042
2.88417
2.81025
3.42391
3.52102
1.78929
3.34986
3.37123
3.94180
3.11107
3.91466
3.73210
2.57860
3.73362
3.74033
3.96222
3.37770
3.64128
3.61182
2.78041
1.48208
4.12884
1.80275
3.68081
2.70019
3.79282
1.77529
3.00756
2.67630
3.73258
3.02325
3.22671
3.17275
3.23577
3.75408
3.22919
3.73217
3.69184
3.31078
3.17937
3.45349
3.43706
3.92598
3.44079
3.65418
3.66076
3.82165
4.07764
3.20914
3.67034
3.49196
2.04770
3.60518
3.78814
1.38261
3.81463
2.88594
0.52576
3.46301
2.62122
4.02218
2.79860
3.48685
2.69699
2.96177
0.94935
1.35152
3.47384
4.13367
3.30218
3.49763
2.15113
3.14135
3.80170
2.81936
3.52173
3.79961
2.62386
3.65359
3.44629
3.61827
3.41415
2.66000
3.37989
3.41685
2.90213
3.61404
0.93565
2.13330
3.70487
3.93460
3.99109
3.24599
3.05440
2.50448
1.35714
3.91112
3.48555
3.66728
3.15204
2.64060
3.88242
3.13049
3.27252
3.81106
2.87411
0.56378
3.48524
2.98559
2.72236
3.76310
1.64349
2.81987
3.51899
2.27188
4.11486
3.59006
4.12701
3.14840
3.05200
3.91797
3.97173
3.39490
3.87417
3.77493
2.24259
3.68311
3.22600
3.18163
4.17219
3.21089
2.25750
4.08471
3.99944
1.94068
4.02822
1.96570
4.16911
3.78646
3.25744
3.90429
3.24733
2.11068
3.71177
3.53143
3.63585
3.55062
2.48031
3.31220
3.80444
3.27928
3.16794
3.93563
3.59274
3.43126
2.59306
3.55362
1.72046
3.84865
3.07601
3.51818
2.79741
3.91060
3.76768
3.81756
3.78692
3.30950
3.98077
3.39221
3.30516
3.44163
2.59590
3.10405
3.95238
3.71046
2.68059
3.78679
2.58559
3.76100
1.90685
3.39705
3.51646
2.35859
2.55747
3.59947
3.39918
3.80810
3.10282
2.15225
3.87191
3.87501
2.34992
2.89556
1.65799
3.56626
4.02129
3.41616
2.63308
3.27447
2.76885
2.66303
3.65099
2.71551
3.22002
3.54145
1.97988
3.31455
3.87258
2.11623
3.87019
2.19845
3.47837
3.45492
3.06092
2.93575
3.32130
3.67959
3.80069
1.23168
3.55777
2.89167
2.98602
3.42542
1.59065
3.75628
1.37857
3.69289
2.47553
3.51059
3.64709
3.45196
2.91431
2.05799
3.45075
3.12981
3.85478
3.71535
3.02114
3.59196
2.55153
4.02586
1.88351
4.04523
3.99280
3.55793
3.48729
3.64487
3.12880
3.26419
3.32819
3.65839
3.60879
3.28199
3.49476
3.26248
3.58958
2.16803
3.80129
1.99162
3.69967
3.20278
3.16800
2.07951
2.89037
1.71412
2.92987
3.50034
3.60236
3.65975
1.59476
3.68366
2.67898
3.68410
3.73268
3.18694
3.93309
3.93611
3.64546
3.75877
2.53950
3.25517
3.77553
3.53833
2.43542
3.58105
3.75411
3.15918
3.80825
3.18366
2.35219
1.11231
2.48035
3.58277
2.77967
3.68511
3.94695
3.43379
3.18065
3.72331
3.59316
3.58114
3.82131
2.39960
3.01475
3.47125
2.39061
0.03394
2.48198
2.11258
2.95548
3.05943
3.36008
2.88139
3.21206
2.90834
3.90871
3.47022
3.69131
1.55674
1.88533
3.60022
3.13777
2.71371
3.61756
1.85431
2.33218
2.90351
3.58780
2.51933
3.61917
3.25871
2.18333
3.66561
3.48760
3.04883
3.01798
3.72250
3.51322
3.51888
3.74952
3.45490
2.64999
3.22457
2.52440
0.82630
2.59483
3.80252
3.85610
3.14390
3.53921
1.32607
3.50370
3.37300
3.70371
3.55338
3.61398
3.87427
1.49143
3.95819
3.89672
3.83799
1.13598
3.56972
2.36498
3.52535
3.37906
3.28006
2.37881
3.20361
2.58628
3.00102
1.92358
3.15767
3.68586
1.78123
2.29655
3.47633
2.07781
2.11746
3.37481
3.60054
2.72204
2.83819
2.76056
3.99413
2.11350
1.83943
3.16749
3.83195
3.96256
4.05807
3.38321
3.84574
1.58843
3.44002
3.67449
3.93278
3.77180
4.07886
1.65051
3.70426
3.20983
3.71128
2.70625
3.49413
4.10813
3.79898
2.77193
1.41136
2.33375
3.58021
2.93806
2.86940
2.54548
2.17137
3.38515
3.44163
4.05113
1.64340
3.65416
3.83639
3.69473
0.73727
3.71530
1.31579
3.41799
3.40177
3.94884
2.04690
3.75758
3.50207
3.47179
3.34476
3.58895
2.28014
3.55730
3.04048
3.81097
2.72050
2.74571
3.48007
3.34614
3.70134
0.52356
3.72354
3.43292
3.07925
2.07640
3.57346
3.66449
2.81369
1.89161
2.07493
2.87890
3.78321
2.51274
1.85767
3.77712
2.82686
2.78381
3.56046
3.23905
2.41662
2.62932
2.98248
4.01318
3.11018
0.79206
3.66236
2.11247
1.75634
3.10421
2.29254
2.99217
2.45071
3.44431
3.93498
3.87958
2.23906
4.11111
3.49508
3.92285
3.35981
2.84210
3.65343
3.71647
2.54122
2.59491
1.93464
3.92775
3.64737
1.45259
3.09684
4.06449
3.71125
3.57426
1.76917
2.13613
3.76465
2.31541
2.57691
3.44505
3.10395
1.59063
1.13691
1.54405
2.92335
2.95929
3.07696
3.90707
3.11658
3.99893
2.75582
4.05220
3.59830
3.66984
3.86780
2.70589
3.91065
3.28978
3.49036
3.61381
2.95577
4.02009
2.61566
3.70310
3.99429
2.50395
3.90841
3.35157
2.86400
3.46032
3.48441
3.63158
3.28208
3.77614
3.66478
3.44367
3.24473
3.36302
1.12506
3.61171
3.51406
3.38252
3.98696
3.77484
3.31343
2.85013
1.10448
3.71830
3.28009
0.81796
1.87681
3.71805
3.93841
3.41642
3.67128
3.88617
3.61022
3.49258
3.77732
3.72243
1.50514
3.56127
2.41949
2.05946
3.66989
3.92662
2.88980
3.34610
3.75832
3.71696
4.15950
1.89612
2.49774
2.24115
1.71126
3.52749
3.83558
2.88401
3.48084
3.82740
3.45144
3.84058
2.79300
3.88842
3.16194
1.10988
3.89672
2.97491
1.32921
3.79892
3.69791
3.31238
0.85235
4.00775
1.90582
3.11855
3.77308
3.00350
3.34090
3.40768
3.60599
3.66382
2.48910
3.29828
3.70837
3.67902
3.58104
3.73998
3.94410
3.25359
3.27589
2.90892
2.45077
1.50978
0.75874
2.89711
1.79570
2.91670
3.21392
0.77626
3.60440
3.69998
3.90483
2.91680
3.56903
3.18425
3.66129
2.47637
2.44157
3.86624
2.94092
1.77951
3.73870
3.39276
2.42216
2.59005
3.97495
3.62705
3.93673
3.34388
3.73233
2.75583
1.71097
3.23082
3.57681
2.73352
3.05818
3.45194
3.36173
2.05602
3.69238
3.84285
2.63719
0.53660
2.26134
2.72373
2.48440
2.70971
4.03011
2.38415
2.76658
3.57014
3.38610
3.27240
3.06272
3.41200
2.89391
3.88450
3.48778
3.83130
3.04583
3.72630
3.70968
3.53063
1.52956
3.46157
3.71759
4.21838
3.31323
2.99131
1.44988
3.85957
3.74400
3.20798
2.88373
3.51738
2.05918
1.45374
3.53430
3.64355
2.36590
3.40677
3.26998
2.31563
3.81366
3.79395
2.03671
1.28028
3.97506
2.32075
1.77261
2.94655
2.85683
2.10807
3.45527
3.79579
3.29410
3.93364
3.39641
3.77726
3.70872
3.50639
2.51614
3.82290
3.59236
3.88641
2.12625
3.34384
3.83498
3.93558
3.94905
2.95745
2.13468
3.65160
2.74931
3.84582
2.81105
3.56316
3.87921
3.07030
1.87195
3.51962
3.70656
3.67242
3.54977
2.32996
3.76544
3.53389
1.84023
3.68072
3.55060
3.95657
3.41573
3.86719
2.19436
3.14861
1.97569
3.44738
3.57901
4.05786
3.03215
2.45598
3.96368
3.73664
3.60635
1.37043
3.16334
1.85966
2.37136
3.64396
2.94674
3.88665
3.55407
2.95233
3.67153
2.50943
3.59905
3.35535
3.81337
1.48547
3.21843
3.72301
2.99103
3.90286
1.86149
3.43672
3.81411
3.69322
0.06715
3.33179
3.92451
3.52107
3.67450
3.87071
3.38103
2.36093
3.87619
3.78255
3.93761
2.13348
3.95112
2.86361
2.32694
3.59995
3.51085
3.47676
1.16137
2.64828
3.62324
3.61272
0.99651
3.85081
3.53549
2.41132
3.90646
2.80528
2.28329
3.86685
2.36607
3.58832
3.08648
4.06187
3.85629
1.63876
0.78316
3.93560
3.57985
3.07267
2.81037
0.92173
3.25002
3.30439
2.40713
3.85639
4.23134
3.65086
1.86277
3.04889
3.07689
3.84949
3.73400
3.65167
1.72514
3.33075
3.44790
3.78219
3.20283
3.70032
3.98066
3.22880
2.03281
3.99651
2.80206
3.50872
1.75742
3.26041
3.34845
3.76168
3.53260
3.71475
3.49498
3.92790
3.47379
3.37826
3.89838
3.56290
3.84836
3.91639
3.42472
2.03984
0.52159
3.31420
3.10591
1.46751
3.86513
3.78655
3.31298
2.07633
2.11595
3.58082
2.62637
2.96660
3.85407
3.59636
1.55632
3.51707
2.78086
2.97950
3.46891
3.48306
0.94165
3.23041
3.84427
0.81549
3.53261
3.31589
3.99426
2.53861
3.19490
3.74960
3.51347
2.69328
1.90541
4.06784
3.02552
1.70655
2.88471
2.63216
3.81514
3.91236
2.99913
3.20675
4.15553
3.79007
3.54780
3.76585
2.51160
3.20855
3.50516
1.57283
3.83468
3.84146
3.56919
3.69335
3.43571
3.45165
2.61970
2.73731
1.59657
3.87687
2.10552
2.86412
3.21757
2.77600
3.70853
4.10216
3.61600
3.54092
3.22829
3.74928
3.27213
3.66906
2.94744
2.73181
3.69621
2.07289
2.78650
3.55466
0.53854
3.22471
3.61747
2.39129
0.61871
3.72773
0.91081
3.25561
1.80536
3.23478
1.26594
3.21575
3.84163
2.88223
2.48901
3.27374
3.45220
3.71000
3.99106
3.90108
1.66486
2.89360
1.68924
3.97351
3.17625
3.64633
3.21542
3.92177
2.30153
3.46561
3.50352
3.82270
3.87016
4.12126
3.02483
1.15819
2.92003
3.13632
1.91171
2.81360
1.80237
2.08101
2.84306
3.64787
3.14720
3.20885
3.83064
3.10623
1.88651
1.86426
3.19071
3.13440
2.56800
3.77293
4.01112
4.11668
3.81291
3.41045
2.61358
3.48006
3.04534
3.78869
4.13442
3.37019
3.35746
2.84118
3.49214
3.35030
3.62250
4.08209
3.93722
3.07066
3.00530
1.37552
3.28794
3.86947
3.62297
2.98208
2.50737
3.50342
3.88323
3.92344
3.33348
3.75152
4.02201
3.54537
1.42899
3.05354
4.16917
3.85678
3.77289
3.49843
3.94401
3.32993
2.00422
3.85395
4.08692
2.00924
1.26049
3.71622
2.33555
2.65234
3.18879
3.70874
2.82567
1.98022
3.73409
2.16463
3.68152
3.81894
2.76964
1.01806
3.88814
2.94394
2.83545
3.21298
3.59028
3.45810
3.48255
3.15649
4.04570
3.86573
1.96785
3.00933
2.94455
0.93166
3.44676
3.76821
3.93350
3.31578
3.98943
2.94833
2.50959
3.71449
3.02474
4.07408
3.13722
0.41840
4.10869
2.74948
4.00568
3.92269
2.19194
2.96524
3.98817
3.67265
3.97316
3.15725
3.87260
3.62452
1.26445
2.12119
3.75575
4.06546
3.77363
3.98717
3.42224
2.46139
1.10214
2.20126
3.59797
3.62588
2.36873
3.65498
3.81328
3.28804
1.99514
2.69100
3.13130
3.79785
0.72057
3.04963
1.44354
4.14106
3.74747
3.41112
4.19121
3.30068
3.72639
1.94401
4.14996
3.38352
3.63400
3.41952
3.34661
3.60278
4.04008
3.63409
3.56444
2.52496
3.51316
3.99287
4.15485
1.44527
3.56880
3.43110
3.57736
3.11717
3.86668
3.48446
2.52988
3.64879
0.46081
3.03344
2.67483
3.35730
3.71042
3.14605
3.52871
3.83644
3.47462
3.56529
2.19118
0.23983
3.66828
4.07724
3.69826
3.63893
3.19713
3.98211
3.73646
2.24674
2.99082
3.94501
3.04280
1.69359
3.38089
2.98094
3.51340
3.77933
3.57658
3.62451
3.64538
4.02652
3.51909
3.72729
3.63845
3.82994
3.39699
2.97172
3.05730
3.61048
3.80110
3.94893
3.27785
1.78095
3.54257
3.93357
3.41223
2.90187
2.74716
2.62147
3.58347
3.01469
2.85868
3.86605
2.90121
1.36742
0.24662
3.29081
3.87347
2.10494
2.79646
4.34148
3.44954
2.98109
1.90083
2.85108
3.56119
3.40527
3.00905
2.11933
3.13021
2.44080
3.77871
3.77625
3.55951
3.60646
3.19250
3.26901
3.67329
3.94295
3.32913
2.87063
3.72666
2.10446
3.72400
2.64899
2.43289
3.10985
4.15067
2.46983
3.74229
1.70573
1.04633
3.76459
2.37530
3.75192
2.46356
3.53607
3.67475
2.99284
3.71016
3.24229
3.46040
2.75506
3.27942
1.68981
2.56918
3.45002
3.52200
2.64870
3.17629
3.30556
3.05721
3.66687
2.57945
1.70215
3.79421
3.78034
3.34792
3.64749
2.04622
3.69624
3.26732
3.95526
3.80491
3.44237
3.08597
3.40813
3.43299
3.12610
3.69325
3.63688
3.12613
3.77924
2.53609
3.37009
3.78036
3.09087
3.49446
3.18906
2.04565
2.84922
3.48320
0.87999
3.77576
0.28535
3.02427
3.44287
2.37130
3.90484
3.75033
3.63585
2.77320
1.67718
3.87595
1.57763
3.80340
3.77975
3.11312
3.48844
2.86729
3.62249
3.41649
4.19829
3.04712
3.53358
3.11933
3.46820
3.59283
3.81517
0.63182
3.06997
2.67531
3.91104
3.79599
3.51193
2.80080
2.29458
1.72142
3.62345
0.88562
3.76061
3.01276
3.03254
2.72303
3.28486
3.48549
3.78321
3.69810
3.40042
3.78034
3.98628
1.90228
3.44834
3.93477
3.59512
3.21786
3.13816
2.37084
2.62315
2.86117
2.06815
3.80756
3.45237
3.87725
3.52831
3.08480
3.94647
3.07996
3.72026
2.55144
3.79967
2.99835
3.68898
2.97173
3.76083
1.61261
3.84181
1.62214
3.23949
3.89135
4.03816
3.86103
3.39256
3.92466
3.31381
3.53942
3.66944
3.81225
3.70273
2.30176
3.14304
3.95658
3.55908
3.45363
2.45956
3.66124
3.95816
2.68425
2.77600
4.11119
3.59383
2.97740
4.11009
2.81556
3.92458
3.74111
3.51181
3.04077
3.29620
2.82428
3.61320
2.59076
3.76584
3.63629
1.88061
3.50655
3.32514
4.15533
2.17285
3.59644
3.89702
2.90807
3.32484
1.50706
3.69588
1.81563
3.03567
3.52569
0.70121
2.11212
3.92554
3.30244
3.13579
3.95299
3.78271
3.58800
3.38960
3.92828
3.27796
3.94916
2.19697
3.82712
2.42943
2.82793
3.97922
3.52865
3.85227
3.94727
2.02025
2.81752
3.74904
3.79569
0.72224
1.60609
1.82653
1.93425
2.03014
1.10298
3.41207
3.75111
3.60057
3.31529
3.92133
2.19112
1.39654
3.35043
2.46442
3.44756
2.85256
3.58299
3.12997
0.86204
2.38211
3.41952
1.93056
2.98823
3.64559
2.83272
3.81230
1.47615
3.15293
3.77376
3.14913
1.79691
3.71358
1.88564
3.85536
3.96775
3.09128
3.62726
3.42225
3.50722
3.85223
3.67199
2.93995
3.86999
1.06471
3.87957
3.55132
3.84874
2.89951
1.22097
4.05761
3.13390
3.21059
2.00168
3.78321
3.15692
3.44545
3.50901
2.58993
2.48003
2.86329
3.41145
4.03084
4.01887
3.99011
3.71093
3.72220
3.10689
3.51609
3.03651
2.88736
3.31641
3.58546
3.79844
3.86684
4.04152
3.17821
2.56292
3.14308
2.79115
3.12695
3.43926
3.84580
3.48447
1.19834
2.07292
3.73795
4.14888
3.34792
1.77521
2.73171
3.82373
3.23101
2.80365
2.79510
1.90142
3.76636
0.54619
3.50969
3.75875
1.88560
3.56904
2.00452
3.12247
3.94288
3.64843
3.39111
1.82249
2.43361
3.62019
3.62401
2.04235
2.20951
0.80389
3.56761
3.40336
3.05407
3.26744
3.84955
3.70544
0.50200
3.69015
4.04932
3.43401
0.99702
3.46896
2.77167
2.96167
1.67052
3.99660
3.61245
3.70872
3.41828
3.70696
3.57210
3.90397
3.86396
1.68148
3.67643
3.63611
3.76030
3.59671
3.72788
2.59237
3.06375
3.26622
1.07341
3.60131
3.35775
1.51126
3.62449
3.28521
2.97777
3.32966
2.06273
3.60504
3.27901
3.57330
2.60302
3.41205
2.87018
3.86829
2.53890
3.34154
3.73052
3.60331
3.42789
1.38159
3.89302
3.41670
3.93926
3.25645
2.06613
1.85843
1.37416
2.87718
3.39817
4.25719
3.62673
2.63445
2.48429
1.81315
3.26209
3.71791
3.79970
3.36929
3.84310
2.26090
3.94326
3.59984
0.37315
1.72622
3.51776
3.07896
1.07024
2.65712
3.89873
3.55020
3.08169
3.72901
3.51153
3.64719
3.67605
3.25449
3.60126
3.10951
3.50368
3.85167
3.69568
2.33342
3.79436
1.93206
4.02935
2.75263
3.18503
3.74126
3.19845
3.46938
3.59405
3.87115
3.67262
1.65808
1.09776
3.39306
3.85712
4.20926
3.15796
2.94166
3.80590
3.10826
3.80183
1.08189
3.94913
3.61896
3.95130
3.95064
3.88754
3.12864
1.43998
3.79045
2.76377
2.29870
2.08647
4.08744
3.61160
3.98314
3.18843
2.79747
3.74283
2.71602
1.46133
3.04331
3.64270
3.58897
3.34146
2.86451
3.76311
1.77549
2.40771
3.71019
3.80350
3.82061
2.39164
4.05229
3.83294
3.61269
3.27436
3.66396
3.53991
3.50249
3.51795
3.35646
3.95933
3.27013
3.85689
0.43657
3.79084
1.93513
2.91983
3.81300
2.78365
3.51841
3.82605
3.85876
2.26162
3.60622
3.97124
0.36823
3.52893
3.83402
3.21465
3.96779
2.85256
3.66044
3.10714
3.46784
3.95059
3.21432
3.48924
3.95155
3.00467
3.47259
3.17145
3.53750
3.58440
1.97876
3.57457
3.90708
2.99814
3.47590
0.26176
3.82088
2.90589
3.26576
4.00243
3.54031
2.45608
3.88528
2.96450
1.40094
3.41418
3.83795
3.28760
1.94664
4.10715
3.64267
3.76579
3.13788
3.13974
3.40157
2.07543
4.05048
2.27731
3.58711
3.39364
2.35328
3.15434
3.76910
3.45926
3.65277
2.66484
3.64922
3.74827
3.19675
3.10314
3.85209
2.40016
2.93691
3.83282
3.56917
3.30271
3.02287
1.47790
3.18693
3.40791
3.12081
2.41429
3.73817
3.60117
3.69506
1.54713
0.79949
3.86070
3.17490
2.36691
3.52920
0.62980
3.79143
3.70006
3.32925
2.99679
4.06578
3.16480
4.07927
3.82231
2.55721
3.44341
3.62362
4.16804
1.72301
3.64838
1.54767
3.66205
2.78777
3.40762
3.81561
3.42113
2.02187
3.06430
1.97243
3.16489
2.84212
3.98423
3.05641
3.55755
3.88307
1.18790
3.49355
3.98427
3.15348
3.57367
1.71157
3.01463
3.72961
3.57334
3.91717
3.32863
3.61905
2.58427
3.77071
1.50283
4.01305
2.72299
2.77690
3.71869
1.44912
3.63127
3.20032
3.79585
3.25884
3.14424
3.43013
3.38751
4.08103
3.46271
3.19574
2.61868
3.00232
3.95387
1.64339
3.27032
3.49611
3.57302
3.32336
3.79471
3.66090
1.31781
1.66726
3.50895
3.43029
2.88958
2.52801
3.63931
3.55714
4.00817
3.52727
3.67582
3.43401
3.24742
1.45529
3.63933
1.58953
3.54601
3.60521
2.92593
2.79110
