4.10310
4.38240
4.47649
4.45873
4.01864
4.24013
4.43882
4.41467
4.23421
4.32095
4.30882
4.46589
4.48006
3.24307
3.81707
4.19829
4.34200
4.47108
2.55108
3.78505
4.12399
3.98037
3.78480
4.33226
4.42950
4.46459
4.25490
4.39294
4.45495
3.83760
3.95775
4.50033
3.96400
4.11162
4.37114
4.32035
3.99281
4.30889
4.28524
4.48774
4.34325
4.19402
4.02792
3.36346
4.39311
4.04592
4.41894
3.78670
4.33498
4.49803
4.47458
4.39994
4.08181
4.50120
4.32942
4.50481
3.06361
4.26376
4.42568
4.16460
4.38717
4.16165
4.31597
4.25952
3.74070
4.05183
4.40795
4.44753
4.41251
4.04663
4.48610
4.51254
4.40026
4.26734
4.31206
4.20263
3.26307
4.40827
4.14354
3.99946
3.84020
4.38553
3.90172
4.09840
4.06829
4.43653
4.15896
4.46098
4.36740
3.04214
4.24448
4.44168
4.44554
4.38047
4.48186
4.49464
4.21751
4.48415
4.49737
4.35322
4.33443
3.28661
4.45223
3.98816
4.28699
2.87921
4.32991
4.50679
4.34024
4.34313
3.95995
3.78051
4.34702
3.84979
4.00983
3.95509
3.88241
4.34081
4.39207
4.24221
4.46271
4.43616
4.34863
4.34883
4.15890
4.45268
4.41907
4.46724
4.46742
4.25859
4.26932
4.33927
4.44784
4.38830
4.40809
4.38719
4.37428
4.46074
4.36429
4.38637
4.32262
4.47832
4.42156
4.39631
4.40654
2.93926
4.45851
4.39444
4.34353
4.37551
4.40057
4.48597
4.38645
4.40947
4.33693
4.49618
4.26305
3.74910
4.25462
4.39665
4.44177
4.46975
4.33452
4.18688
4.46418
4.40421
4.16856
4.26956
4.34701
4.33101
3.98613
4.08822
4.32656
4.37229
4.01571
3.36380
4.42141
2.38010
3.72669
4.39721
4.40817
4.35837
4.20280
4.38679
4.32063
4.46433
3.86971
3.84464
4.00335
3.76844
4.24107
4.48726
4.35472
4.30293
4.30113
4.20779
4.36045
4.39860
3.97438
4.35840
3.10680
4.44835
4.32639
4.14546
4.46584
4.41254
4.03935
4.49298
4.46860
4.47813
2.88032
4.36959
4.26875
4.39283
4.48608
4.25587
3.97424
2.21165
4.37853
4.46620
4.46091
3.87017
4.25421
4.50146
4.48456
4.08886
4.23341
4.51248
4.37124
4.37461
3.90562
4.03267
4.44075
3.54088
4.49779
4.42702
4.44409
4.25328
3.65114
4.47519
3.71000
3.87913
4.44247
4.27045
4.28687
2.67545
4.36842
4.46630
4.30264
3.86652
4.44615
4.49967
4.26093
4.43195
4.12762
4.39051
4.36730
4.42342
4.23551
4.32811
4.40559
2.75946
4.49161
4.38342
4.29405
4.36532
4.30635
4.05394
4.07477
4.28631
4.07110
4.41787
4.32789
4.21929
4.37764
4.30183
1.97922
4.36973
2.83484
3.80258
4.27979
4.48674
4.23346
4.20965
2.94424
4.42821
3.95558
4.42490
4.32302
4.39072
4.37312
4.43241
4.37150
4.45927
3.98652
4.27793
4.18645
4.42662
4.41024
4.31479
4.09902
4.48946
4.50006
4.08681
3.90604
4.25963
3.91456
4.26865
4.36604
3.63355
4.38833
3.79527
3.53717
4.30170
4.44591
4.42621
4.36900
4.47466
4.42177
4.39280
4.46639
4.48257
4.43897
1.88417
4.34117
4.03412
4.33222
4.43434
4.45678
4.29223
4.46355
4.24381
3.60776
4.03788
4.43286
4.18134
2.48387
4.35260
4.46424
3.26377
4.19037
3.80001
4.19555
2.82626
3.46495
4.36232
4.40116
4.23407
4.30307
4.42668
4.37302
4.20068
3.82971
4.44000
4.27276
4.46476
4.36051
4.04391
4.43346
4.43851
4.40608
4.13501
4.50235
4.36211
4.37529
4.20809
4.26398
4.43811
4.40510
4.40997
4.45959
4.13470
4.18241
4.34403
4.49187
3.82512
4.22588
3.07867
3.99899
4.20762
4.42979
4.28785
3.63983
4.50647
4.28450
4.36724
3.99709
3.02014
4.40269
4.33517
4.34728
4.05075
4.53382
3.65418
4.43829
4.38497
4.41038
4.50403
4.28427
3.71795
4.14850
4.48159
4.46349
4.43127
4.27474
4.34963
3.81037
4.11286
4.44965
4.40961
4.43513
4.46562
3.00051
4.41016
4.41503
4.41124
4.37696
4.49031
3.43339
4.37813
4.45119
4.48504
4.43543
4.40838
3.79762
4.25911
4.21974
4.27274
4.37444
4.39132
4.19363
3.61655
2.43769
4.25069
4.45920
4.32328
4.52135
3.80650
4.08213
4.46275
4.12214
4.37613
4.05276
4.48788
4.18651
4.33442
3.98203
4.32650
4.19190
4.37321
4.07967
3.88067
4.29385
4.27954
4.36796
3.74475
4.26588
4.36174
4.47157
4.21401
4.44452
4.42355
2.55256
4.35148
4.15179
4.32112
3.95507
3.89872
2.31605
4.29865
4.17567
4.43106
4.26871
4.42179
4.38065
4.48752
4.39784
4.39619
4.41018
4.35235
4.39723
4.30905
4.37503
4.49056
4.30422
3.61936
4.15993
4.32029
4.26831
4.29045
4.30459
3.77483
4.31639
4.42337
4.45174
4.28101
4.43167
4.35546
4.41624
4.35458
4.39372
4.00419
4.42158
4.15660
4.46338
3.97324
4.34855
4.39413
4.32181
2.31637
4.42095
4.29897
4.05075
3.20017
4.09412
3.16210
2.01985
4.41653
2.31992
1.73099
4.27714
4.52182
4.45143
4.44226
1.75692
4.41456
2.59062
4.23860
4.37958
4.09518
4.45267
4.40273
4.42628
4.35154
4.33042
4.09414
4.47072
4.44744
4.10633
4.38600
4.27195
4.13207
4.24853
4.39619
4.42309
3.91334
4.34026
4.44874
4.01647
4.37805
4.43533
4.23933
3.06665
4.42326
4.24769
4.24257
2.23708
4.38714
4.43863
4.38129
4.15510
4.40718
4.21716
3.99254
4.33051
4.51425
4.28353
3.69460
4.29499
4.49095
4.38448
4.31902
4.45256
4.44101
4.12550
4.05182
4.29036
4.19425
4.51638
3.60559
4.45294
4.41124
3.30949
4.41701
3.61868
3.91114
4.37584
4.25985
4.30596
4.18163
4.38108
4.40154
4.10751
4.48177
4.30880
3.59611
4.49297
2.00465
4.10291
4.40902
4.07288
4.14968
3.58247
4.37973
4.52678
4.34996
4.37859
4.49650
4.46763
4.29992
3.25701
4.28292
4.34199
4.16142
3.98430
4.26501
4.24283
4.21441
4.49125
4.27536
4.01403
3.35201
4.47102
4.27792
4.37894
4.19744
3.90083
4.44026
3.78808
1.97829
4.06770
4.24640
4.37841
4.34227
1.90775
4.32132
4.25109
4.50916
4.10821
4.40674
4.52470
4.43595
4.41914
4.30039
4.48783
4.37054
4.46018
3.82613
4.08606
4.01199
4.38759
4.44633
4.36031
4.45221
4.39809
4.35307
4.48138
4.44236
4.28864
4.46967
3.97106
4.33433
4.30535
4.50795
4.30520
3.29551
4.29275
4.45872
4.38943
4.44787
3.71885
2.05671
3.95519
4.34693
4.38174
3.52150
4.16874
3.93016
4.37099
3.93416
4.32610
4.43306
4.43800
4.06197
4.41146
4.22754
4.05461
4.46069
3.55574
4.47791
3.93098
4.33217
4.05275
2.52891
4.45599
4.15537
4.37347
3.93267
2.38033
4.37053
4.49968
4.37156
4.45169
4.31378
3.80330
4.23740
4.36175
4.43209
4.31825
4.46474
4.42606
4.24085
4.45511
3.61579
4.31176
3.31281
4.22550
4.44834
4.20847
4.30147
4.44584
4.18423
2.78284
4.29219
4.35029
3.20223
4.41040
4.39334
3.09556
4.33106
4.28326
3.70587
4.42307
4.37956
4.11083
4.31695
3.81774
4.36127
3.40827
4.44119
3.86315
4.17133
4.24368
4.46024
4.26286
3.77511
4.26858
4.24750
4.33782
1.65295
4.31669
4.14642
4.36424
3.02745
4.38246
4.16016
4.45424
4.28627
4.27699
4.01207
4.20431
4.36893
4.33873
3.08584
4.34937
4.43699
3.67695
4.51626
4.24235
4.29439
4.17850
4.32430
3.92673
4.18053
4.45884
4.20288
3.26305
4.35211
4.52985
4.46514
3.78406
4.37383
4.43329
4.26311
4.30145
4.00290
3.97119
4.46316
4.15500
4.42362
3.83871
4.34777
4.51373
2.91312
4.47086
4.29906
4.45032
4.41001
3.00659
4.44401
4.05092
4.24036
4.41791
4.47624
4.16728
4.33912
4.45235
3.76010
4.41108
4.32443
4.05049
4.48542
4.08712
4.41962
4.38115
2.93249
3.50546
4.39342
4.49968
2.55294
4.37748
4.41092
4.45267
4.47091
4.04573
4.46111
2.92126
4.08668
4.36011
3.72050
3.95402
1.39245
4.33576
4.33608
4.38572
4.03636
3.95199
3.36455
4.40803
4.47013
4.46869
2.69355
4.40516
4.37907
4.41224
4.39891
4.46876
4.44341
3.59218
4.35602
4.35464
3.87957
4.46880
4.26248
4.37625
4.33967
4.39731
4.37044
4.09803
4.06754
4.12531
4.17269
4.25894
3.71511
4.38586
4.46396
4.11987
4.37412
4.26862
3.72780
4.47149
4.23738
4.24591
1.56058
4.17210
4.30767
4.37938
3.97768
4.30287
4.29106
4.22161
4.04771
3.66980
4.31920
3.93963
4.19410
4.38307
4.47224
4.36610
3.69758
4.23242
4.05893
4.48990
4.41173
4.37019
4.46137
4.11559
4.39090
4.12929
4.34136
4.34081
4.38654
4.39499
3.77705
3.68820
4.05750
4.51179
4.39321
3.10125
4.40973
4.48659
4.34433
3.89909
3.95000
4.16474
4.19008
4.39798
4.48008
4.47614
4.34828
4.35929
4.46993
4.44515
4.39090
4.40970
4.26600
4.02334
4.43771
4.40613
4.41543
4.25857
4.04916
4.08162
3.51152
4.35729
3.96580
3.95786
4.47386
4.14217
4.50049
4.04934
4.33579
3.01918
4.37651
3.72340
4.23769
4.44898
4.12753
4.09139
4.51218
4.45533
4.08616
4.36102
4.27106
4.35961
4.50736
3.30733
4.38189
3.69517
4.01031
4.36831
4.34177
4.21659
4.47526
4.41871
4.22503
3.31107
4.21849
3.63334
4.37976
4.14198
4.23251
4.38666
3.77276
4.49373
4.09845
4.35249
4.48411
4.33572
4.28866
4.45826
4.15363
4.36162
4.39008
4.48571
4.47288
4.40863
4.41824
4.51650
4.34048
3.79649
4.29483
4.45527
4.45556
3.84341
4.30545
4.30743
4.15437
3.55331
4.46690
4.50902
4.03251
4.18355
3.05823
4.42964
4.44011
4.00595
4.18091
3.05760
4.27053
3.90726
4.44572
4.45498
4.32669
4.40655
4.38771
4.43115
4.38835
4.13951
4.18606
4.41878
4.16605
4.41110
4.49992
4.25406
4.48078
4.41838
3.93738
4.37655
3.64064
4.46279
4.17369
4.31348
4.28698
4.48694
4.16956
4.48686
4.06699
4.23822
2.42964
4.13261
4.41579
1.97090
4.26683
4.09160
4.39016
4.20979
4.36274
4.47564
3.25880
4.33652
4.46337
4.43003
2.35438
4.13850
4.36558
4.32505
4.26534
4.39871
4.38365
4.26489
4.37176
4.18333
3.96896
4.13158
4.26004
3.67879
4.44538
4.47713
4.32866
3.68867
4.15595
4.40361
3.70879
4.44054
2.68563
3.73417
4.41926
3.68667
4.31356
4.22039
4.46744
4.15332
4.49693
4.26578
4.37385
4.19020
3.37781
4.31250
4.46348
4.12238
3.96393
4.41074
2.34528
4.19256
3.95514
4.04398
2.62525
4.39611
4.42687
4.10605
4.47291
4.41871
4.44650
4.24234
4.20414
4.23257
3.66252
4.13558
4.08930
3.92673
4.45341
3.86113
2.77222
3.85614
2.43887
4.37620
3.48458
4.34481
4.45027
4.26861
4.24170
3.70316
4.48982
4.36242
4.49219
4.29726
4.27979
4.39300
3.49031
4.37905
2.91491
4.43581
4.34643
4.00427
3.55405
3.26348
1.83926
4.45910
4.41133
4.45208
4.23299
4.08083
4.41613
4.30786
4.41511
4.39959
4.53740
4.47605
4.30286
4.33312
4.35130
4.30604
3.86847
4.35221
4.48008
4.19128
3.03612
4.32804
4.35113
4.40715
3.50091
4.41788
4.26554
4.32090
4.27074
4.17103
3.62505
4.39215
4.40769
4.47513
4.12186
4.38083
4.45503
4.43326
4.43501
4.39211
4.26632
3.79131
4.45466
4.11597
4.33387
4.25755
4.31244
4.41791
3.64747
4.37425
4.42894
4.41169
4.39434
4.44607
4.10324
4.35300
2.85468
4.44070
4.24519
4.08102
4.33675
4.39704
4.48657
4.35539
4.50074
4.51124
4.00867
3.92344
3.91469
4.35652
4.41814
4.52393
4.17333
4.42088
4.31219
4.42652
4.26800
3.98581
4.35475
4.43477
4.32740
4.25171
4.28740
4.45898
3.77173
4.41934
3.61149
4.24708
3.81112
4.48410
4.41532
4.21143
3.10681
4.47647
4.48878
4.32080
4.38656
4.21947
4.43975
4.32220
3.72060
4.51556
4.49915
4.12940
4.38558
4.51579
3.85845
3.56358
2.78792
3.73491
4.39030
3.87188
3.47622
4.14583
3.94122
4.29323
4.36305
4.30227
4.43762
4.13767
3.92340
4.28308
4.44811
4.49922
4.50102
4.40255
4.34216
4.43215
3.86038
4.26614
4.34111
4.44905
3.39424
4.33172
4.39400
4.40854
4.42439
4.42830
4.47203
4.36698
4.40607
4.42409
2.52135
4.32831
4.35400
4.50099
4.39994
4.45887
2.24700
3.75627
4.45923
4.35533
4.37580
4.36905
3.90216
4.34966
4.26168
4.42131
4.35547
4.50363
4.50969
4.07170
3.85506
4.47449
4.27846
4.49769
4.10785
3.93077
4.50058
4.42268
3.63285
4.18501
3.74105
4.20370
3.47240
4.28227
4.41743
4.11446
4.26031
4.10835
1.81386
4.36506
3.84537
4.38073
4.23926
3.82367
4.48512
4.28114
4.33543
3.52528
4.41917
4.50302
4.50144
4.26812
4.42259
4.06713
4.37663
4.51944
4.33173
4.49199
4.40825
4.42883
4.48065
4.33031
3.89399
4.34252
4.42491
2.86524
4.39237
4.43806
4.34746
4.27051
4.18165
2.69824
4.33714
4.41208
3.66561
3.84154
4.17500
4.37800
4.13955
4.38844
4.27611
4.27309
3.91294
4.02768
3.82461
3.77673
3.95959
4.46885
4.45470
3.27908
4.27607
4.16141
4.42171
4.13315
3.72361
4.43776
4.36831
4.33211
4.45991
4.38651
4.33782
4.07001
4.42035
4.44970
4.31237
4.09857
4.26474
4.44908
4.28613
4.14609
4.21123
4.43201
4.29768
3.61360
3.16516
4.43003
4.45493
4.11964
4.41346
4.15397
4.39013
4.41127
4.34945
4.28143
4.33335
3.73622
4.41691
4.38717
4.33664
4.53479
4.38782
4.40423
4.23153
4.31449
4.48707
2.81026
4.04199
3.86030
4.39805
4.37067
4.34320
3.94920
4.41413
4.27524
4.44306
4.24401
4.19358
4.13245
4.13110
4.15679
4.35695
3.89757
4.47616
3.53173
4.22888
3.96655
4.40336
3.77879
4.24351
3.83235
4.39976
4.39350
3.92133
4.38162
4.34870
4.50266
4.42023
4.34053
3.89413
4.48131
4.47019
4.44827
4.48460
4.42023
4.47638
4.37287
4.45210
2.87489
3.89267
4.45458
4.06381
3.81509
3.88679
4.34366
4.06915
4.46106
4.08155
4.29101
4.10361
4.50781
4.42274
4.25733
4.50894
4.27470
4.35674
4.40163
4.08391
4.42251
3.45952
4.46386
4.19758
4.38419
4.45736
4.49886
4.24495
4.51199
3.73745
4.35306
4.43205
4.51195
4.44885
4.46438
4.41933
4.11972
4.47175
4.01728
4.45542
4.31498
4.09056
4.41471
4.32616
3.96849
3.61743
4.41959
4.40808
4.34359
4.21205
3.99643
4.29829
4.21223
3.91397
4.46730
4.49584
2.82365
4.16898
4.34080
4.24808
4.40218
4.44900
4.24679
4.34103
4.38558
4.45476
4.41885
4.45815
4.46215
4.00756
4.51494
4.36598
3.99962
4.33958
4.44331
4.37004
4.45108
4.03711
4.18779
4.17881
4.47701
4.40248
4.42041
2.31257
4.24540
4.25654
3.86348
3.94067
4.32988
4.17662
4.46395
4.36545
4.45323
4.33238
4.04262
4.37889
4.46013
4.15481
4.01599
4.44757
4.36402
4.50447
4.34637
4.42594
4.44003
3.98996
4.37881
4.35434
4.48352
4.27677
4.17982
4.43528
4.38357
4.50114
4.39812
4.46751
4.41048
4.43327
3.44160
4.45666
3.53773
3.79284
3.23896
4.35304
4.04286
4.45933
4.04732
4.32884
4.25816
4.41949
4.21018
4.18651
3.90725
3.34186
4.02989
4.45050
3.93035
4.31849
4.34189
4.02151
4.44939
4.48652
4.10271
4.36736
4.29881
3.84374
4.46796
4.19014
4.35732
3.97092
3.93663
4.36870
2.82434
4.54277
4.43023
4.43942
3.94682
4.51016
4.43291
4.25229
4.39299
4.40650
4.20838
4.40413
4.34871
4.39658
4.35913
4.42716
4.34679
4.25028
4.38193
3.66987
3.94370
4.45736
3.75574
4.04504
4.48888
3.23981
4.48263
4.35671
4.36771
3.97542
4.37611
4.45143
4.42186
4.34114
3.52273
4.45716
4.09388
4.25286
4.30873
4.41061
4.17698
4.30259
3.65165
4.45854
4.06612
4.26766
4.18488
4.32111
4.21591
4.27873
4.42997
4.38206
4.29300
4.17001
4.41414
4.11853
4.44341
4.50786
4.39873
3.27370
4.45957
3.99445
4.48181
4.11046
4.40744
4.20509
3.67409
4.35359
4.36945
3.84008
4.45524
4.39101
4.26360
4.32320
4.09843
4.00780
4.48778
4.35637
4.46916
4.25333
4.34051
4.43966
4.04232
4.26915
4.42012
4.15514
4.37891
4.26011
4.42698
4.47029
4.39484
3.99713
4.46572
4.22507
3.31494
3.79632
4.02135
4.15792
3.90073
4.45913
4.20247
4.41433
4.19868
3.86070
4.18118
3.12922
4.31372
4.36100
2.15323
4.37835
4.32248
4.01773
4.24601
4.32773
3.64837
4.37989
4.18535
4.31181
4.04335
4.14804
3.99118
4.43295
4.38514
4.26619
4.45539
4.29260
4.44651
4.00716
4.49475
4.36058
3.95948
4.30401
4.34931
4.47658
4.24269
2.76522
2.70191
3.86500
4.48608
4.43460
3.70905
4.31560
2.31218
4.32740
4.32441
4.47118
4.44995
4.32444
4.43110
4.49040
3.95001
4.44276
4.22401
4.43423
4.26712
4.29658
3.77448
4.13434
3.94217
4.38078
4.07388
3.15171
3.52462
4.31054
4.34309
3.73843
4.42878
4.49254
4.46540
4.32947
4.51986
4.29031
4.34760
3.32733
4.05656
4.38748
4.10386
4.46190
4.16763
4.45279
4.39515
3.58836
4.43746
3.99443
4.16599
4.41786
3.97447
4.51076
4.45407
4.49238
4.14955
4.39508
4.35394
4.08018
4.41173
4.41913
4.32709
4.21594
4.03573
4.42914
4.12801
4.46939
4.04274
3.87035
4.03770
4.41840
4.43474
3.94912
3.69931
4.41865
3.92865
4.16838
4.34102
4.44537
4.34480
3.67947
4.45347
3.82684
4.09495
4.18463
3.27811
4.41392
4.22282
3.43206
4.10599
4.48766
4.37838
4.47705
4.30407
4.19050
4.48367
4.42928
3.77772
4.48871
3.56459
4.21025
1.99042
4.41036
4.22521
4.36374
4.33287
4.08185
4.41536
4.50840
3.21349
4.49318
2.36163
4.50592
4.32704
4.03826
4.43653
3.73921
4.23463
4.34542
4.40462
3.58846
4.46048
4.43506
3.51452
3.72081
3.80325
4.17193
3.54681
4.11989
4.29860
4.25388
4.40590
4.28614
4.48007
3.51625
3.91931
4.37714
4.44279
4.32700
4.31893
4.06949
3.50662
3.32857
4.45148
4.43303
4.30604
3.26933
3.69652
4.37142
3.91673
3.59134
4.36468
4.30113
4.04138
4.43763
3.86646
4.30844
4.20861
4.35826
4.28458
4.02181
4.43020
2.94986
4.46535
4.51912
4.45794
4.19395
4.23170
4.32706
4.32321
4.39371
4.15336
4.25482
4.36420
4.37533
4.30767
4.50767
4.37594
4.44920
4.43199
4.32290
4.30945
3.69707
4.23524
4.24321
3.94220
3.60915
4.31887
4.41126
3.73830
4.41870
4.45241
3.33769
4.48709
4.46508
3.96497
4.12601
4.50100
4.23494
3.67374
4.17423
4.47618
4.33313
4.44699
3.85457
4.16886
4.28919
4.08132
4.32497
4.40912
4.14518
4.45082
3.81016
2.62270
4.33710
4.15018
2.18882
3.90046
4.44950
4.16004
4.26838
4.39335
4.39291
2.16061
4.50351
3.93889
4.39187
3.87240
4.14781
4.13940
4.39814
3.40663
3.87163
4.40146
4.34363
4.50982
4.32706
4.49255
4.46353
3.83797
4.01019
4.49399
3.95496
3.12690
4.22105
4.04332
4.42966
3.91218
4.43718
4.21714
4.05794
4.31793
4.35230
4.41573
4.11462
4.33876
4.43417
4.29059
3.70823
4.19945
4.40625
4.30746
4.27093
2.87904
4.04041
2.79892
4.23052
4.40603
3.32716
4.04692
4.07736
4.44745
4.07057
4.53516
1.82676
2.99940
3.65340
4.38557
4.40318
3.88799
4.13208
4.31697
4.47120
4.38198
4.45564
4.05734
4.40407
4.10208
4.35083
4.49248
4.41388
3.70860
4.45195
4.47891
4.14949
3.73088
4.27875
3.17054
4.43414
4.17329
3.76259
4.33601
4.28240
4.41540
4.32675
4.35603
4.16627
4.41985
4.36350
4.07438
4.24534
2.79195
2.90429
3.85615
4.11521
2.19792
4.18559
3.13058
4.28132
4.31321
4.51809
4.35058
3.96738
4.11671
4.24128
4.45031
4.34107
4.51576
4.35797
4.15603
4.31576
4.51114
4.37160
3.26629
4.05594
4.36040
4.48334
4.47702
3.45498
4.35873
4.28470
4.43137
3.65273
3.73440
4.36664
4.22055
4.36184
4.34081
3.13739
4.45281
4.17415
4.10889
4.23853
4.35588
4.26915
4.01850
4.20222
4.47549
4.44326
4.39241
4.24530
4.18353
4.24880
4.49641
4.51538
4.05634
4.27571
4.32265
4.33597
4.03416
4.46462
4.44937
4.20761
4.33799
4.24582
4.16876
4.45475
4.32156
4.43213
4.41894
4.32704
3.98343
3.85240
4.36537
4.43603
4.46613
4.32380
4.39642
4.49121
4.36582
4.05597
4.33238
4.21331
4.30955
3.19774
3.28747
4.33129
4.06309
4.00740
4.28553
4.40453
4.46924
4.49474
4.42664
4.44615
4.42180
2.76774
4.40348
4.40349
4.34596
4.51338
4.38733
4.47558
4.32772
4.28551
4.12692
4.26470
4.25410
3.65510
4.17602
3.41077
3.70441
4.25166
3.77289
4.37589
4.42617
4.17980
4.50566
4.48776
4.39810
4.27917
4.13710
3.21975
4.44119
4.28193
4.45121
4.47857
4.39712
3.90742
4.44051
4.46691
4.31144
4.29921
4.43860
4.40025
4.39990
4.31302
4.28879
3.88696
4.49657
4.45925
4.35616
4.50118
4.36016
4.18195
4.35669
4.38741
4.36762
4.37928
3.87005
4.22340
4.38034
4.43287
4.35817
2.73013
4.09479
4.22160
4.32417
4.42471
3.77443
4.39553
4.43145
4.38665
3.41514
4.50078
4.18754
4.43087
4.23786
4.47518
3.97872
3.62900
4.23480
3.52573
3.31937
4.24515
4.42327
1.46462
4.23494
4.33734
4.44855
4.01719
3.83489
4.27081
3.97103
4.32446
3.57010
3.79199
4.14717
4.30386
4.46311
4.04256
2.96731
4.18527
4.08457
2.73482
4.41483
4.33826
4.50905
4.38933
4.44921
4.41494
4.15571
3.23748
4.09239
4.21774
4.43041
4.47291
4.48874
4.38270
4.35231
4.35422
4.42881
4.49501
3.84559
4.45305
4.41030
4.40433
4.12299
4.30156
4.12822
4.32732
1.68105
4.37363
4.44042
3.77036
4.39343
4.04184
4.02260
4.43658
4.37445
4.31441
3.53594
4.48280
4.34878
4.38523
4.17148
4.38015
4.49688
4.51288
4.16987
4.09891
4.47151
4.44376
4.48752
4.43892
4.49187
4.29712
4.07621
4.48076
4.41898
4.25609
3.04290
4.33620
4.26796
4.23020
4.25413
4.39811
4.34371
3.98994
4.45956
4.51561
3.07218
4.44011
4.33053
4.31131
4.29912
4.29080
3.86481
4.32746
3.13702
3.97938
3.71781
2.76983
2.69998
4.06005
3.99630
4.17572
4.34269
4.34363
3.98781
4.25378
4.06380
4.09775
4.46030
4.43920
4.33880
4.33031
4.48526
4.16847
4.33109
3.90039
4.40013
4.54140
4.08062
4.45099
4.20473
4.21391
3.52341
4.40521
4.43976
2.99769
4.21501
4.10462
4.17266
4.40483
4.30801
4.33606
4.44606
3.70731
4.33226
4.47549
4.32445
4.44898
4.31918
4.43191
4.32343
4.49865
4.44632
3.41335
4.46901
4.01768
4.23223
3.52363
4.51585
3.38461
4.24074
4.40376
3.53658
4.31422
3.52190
4.35064
4.40112
4.35470
4.22054
4.37496
4.47619
4.37017
4.39397
4.43030
4.46848
4.09219
4.47607
4.22646
4.47612
4.39316
3.64752
4.22062
3.83894
4.16528
4.31841
4.40481
3.15312
4.22518
3.41574
3.99004
4.42464
4.37234
2.94498
4.28278
4.46943
4.45158
2.85322
4.18450
3.67917
4.45679
4.19469
4.24174
4.21299
4.48514
4.39867
3.03820
4.43133
3.22143
4.45351
4.37027
4.22142
4.29217
1.55353
4.26518
4.32046
4.35897
3.77974
4.30993
4.19047
3.75592
3.79102
3.86194
4.40215
4.41369
3.32112
3.95768
3.87892
4.12880
3.56641
4.36240
4.24743
4.21667
2.83791
4.48073
4.46983
3.95211
4.21006
4.52928
4.45377
4.42934
2.92964
4.44577
3.70376
3.86640
4.37871
4.50432
4.34370
4.45075
4.24216
3.13523
4.16026
4.01196
3.80592
4.39945
4.29568
4.39722
4.32293
4.16265
4.39784
4.25798
4.17751
4.26251
4.40363
4.50596
4.41735
4.34651
4.45498
4.14250
4.11287
4.43089
2.81719
4.34163
4.38949
4.12784
4.44919
4.38042
3.60505
4.38890
4.41432
4.52199
4.50338
3.96589
4.10242
4.23566
4.23693
4.44882
4.21090
4.31700
4.46752
4.22557
4.04454
3.95961
4.31717
3.58457
4.20654
4.42992
4.33523
4.29655
2.84369
4.36131
4.45101
4.33612
4.40352
4.44342
4.32992
3.03861
4.23451
4.24378
4.38157
4.14551
4.48249
4.44737
3.72503
4.38158
2.06582
4.05998
4.28474
4.49008
4.42710
4.09964
3.47242
3.99970
4.27721
4.19008
4.44011
4.34408
4.39609
1.69577
4.44351
4.12605
4.41987
4.13883
4.48465
3.55967
4.36790
4.26352
4.32799
4.46925
4.48921
4.24625
4.47856
4.09947
2.69616
4.36317
4.44568
4.41945
4.33371
4.21154
4.39884
4.23449
4.42543
4.11946
4.44575
4.44425
4.10256
4.48559
2.66828
4.37479
4.16096
4.31035
4.35477
4.34220
4.40266
4.45631
4.00592
4.34338
4.44736
4.31184
3.68683
4.47715
4.38042
4.17146
4.34707
4.49270
2.22105
4.09711
4.37889
4.49308
4.22205
4.48095
4.50292
3.60166
4.51148
3.64733
4.41884
3.95055
3.24445
3.77098
4.43439
4.33332
4.32296
4.42384
4.46859
2.07426
4.45698
4.37386
4.37345
4.32535
4.32161
4.41315
4.38766
4.32981
4.45333
3.92454
4.35844
4.35108
4.48245
4.26625
3.69263
2.88934
3.87195
4.32997
4.01657
4.15504
4.48059
4.29178
4.46599
4.44116
4.36496
4.48636
4.31319
4.34675
4.33681
4.49642
4.22835
4.10079
4.00208
3.99390
4.37871
4.27959
4.06911
4.36555
4.39867
4.27872
4.52388
4.36882
4.48902
4.22429
4.54115
4.40423
4.40674
4.53411
4.39567
3.65580
4.48534
3.47942
4.27939
4.48246
4.28770
4.22624
3.77110
4.47539
4.19728
4.35903
4.48225
4.41887
4.16784
4.46905
4.35135
3.97697
4.36001
3.94087
4.13561
4.43842
4.12057
4.32829
3.64940
4.26990
4.15639
4.26774
4.10408
4.31262
4.36118
3.94094
4.42765
2.53558
4.19966
4.21616
4.12031
4.41670
4.37908
4.44467
4.07394
4.47040
4.47909
4.50436
4.25407
4.31309
4.40102
4.37004
4.37011
4.37098
4.28137
3.91980
4.32369
4.41447
4.21084
4.29349
4.47946
4.19074
4.29742
4.51069
4.29787
4.33482
4.48260
4.40606
3.86748
3.79073
4.42408
4.28867
4.49362
4.33270
3.70197
3.26333
4.30659
4.34716
4.33244
4.45684
3.67163
3.78739
4.38315
4.31011
4.43030
4.22558
4.28623
4.16046
4.36835
4.51437
4.10586
4.17681
4.42656
4.39893
4.48080
2.57690
3.51221
4.05496
4.33071
4.38096
4.49072
4.21499
4.42154
4.47843
4.18471
4.12350
4.22399
4.20539
4.41665
3.98622
3.02684
4.44613
4.31620
4.21285
4.22953
4.03852
2.91490
4.43101
4.28141
4.39635
4.45761
3.94698
4.26558
3.64548
4.16799
4.40924
2.89966
4.26950
4.10159
4.33155
4.46755
4.20516
3.78036
4.39230
4.43389
4.46976
3.99448
4.36485
2.33550
4.48889
4.47730
3.82649
4.50180
4.34946
4.31367
4.40501
4.41894
3.51044
4.43340
4.42793
3.96318
4.45251
4.24374
4.41034
4.45297
4.28423
3.98542
3.54091
3.21769
4.11050
4.36510
4.41498
4.04741
4.31865
4.43536
4.47478
4.41887
4.48801
3.43134
4.37073
4.38622
4.49303
4.49820
3.69101
4.26533
3.51265
4.50388
4.43162
4.39454
4.39523
4.44414
4.40175
4.00096
3.59894
4.45470
4.40499
4.33206
4.42988
4.31412
3.85129
4.43424
4.38098
4.02456
4.30071
4.45834
4.29066
4.36178
4.46970
1.10679
4.46331
3.67340
4.40355
4.06778
4.01751
4.32723
4.14688
4.25737
4.50003
4.45777
4.33465
4.43641
4.41386
4.32221
4.38772
3.91703
4.39349
4.33214
4.44739
4.26023
4.43735
4.14962
3.84746
4.18284
4.41379
2.16182
4.41295
4.15613
4.18732
4.40435
4.42874
4.30186
4.43800
4.43984
4.35997
1.96256
4.46519
4.36920
4.43851
3.98911
4.21074
4.22634
4.44238
4.44057
4.23441
4.47878
4.32881
4.47617
3.03260
4.28416
4.05448
4.20472
4.22516
3.71479
4.29895
4.48158
4.36459
4.48412
4.24179
4.37611
4.36878
4.37210
4.48247
3.85796
4.30096
4.21490
3.81818
4.45257
4.48135
4.49906
4.26142
3.74897
4.47616
3.93686
4.43927
4.40767
4.34508
3.27042
4.49739
4.43675
4.47261
4.42030
4.39773
3.49907
4.32443
4.44666
4.43599
4.39161
3.62598
4.49308
4.47068
4.44091
2.63893
4.38442
4.23754
4.03466
3.79458
4.46457
4.25339
4.33787
4.46992
4.46576
4.43899
2.01348
4.39814
2.79612
4.46765
3.55699
3.98587
4.32419
3.73372
4.35193
4.40003
3.85887
2.59066
4.37555
3.38700
2.57509
3.93562
4.24226
4.09584
3.95815
4.26975
3.88050
4.45691
4.34279
4.13889
4.18143
4.32207
4.34990
3.87724
4.31642
4.22751
4.29152
4.15910
4.33871
4.27622
4.44814
4.37163
4.47554
3.89297
4.45387
3.77516
4.47589
4.35966
4.32350
4.04744
4.08535
4.27038
4.40522
4.22536
4.35077
3.99555
4.46489
4.27671
4.44269
4.50053
4.44303
3.68399
3.57222
4.18419
4.46780
4.43221
4.37326
4.21929
4.44951
3.95612
4.53681
4.39287
4.21865
4.43565
4.45375
4.48150
3.73994
3.93968
4.17477
4.13028
4.38001
4.40535
3.81285
4.08619
4.37794
4.33898
4.32965
4.29265
4.21247
4.45375
4.11474
4.16079
4.37309
4.30007
4.50731
4.39209
4.40539
4.26033
4.38403
4.19326
4.33055
4.25327
4.03789
4.01417
2.17831
4.01156
4.30196
3.75780
4.45960
4.09363
4.38950
3.30204
4.51349
2.43379
4.17017
3.69027
4.49330
4.44360
4.36267
3.05995
4.52258
4.03938
4.14773
4.41203
4.33898
4.18043
4.40574
4.22169
4.29324
4.17950
4.49948
4.06178
4.25231
4.49387
4.47838
4.50219
4.37891
4.06490
4.45538
4.24323
4.43719
4.34597
4.33873
4.41614
4.49364
4.35344
4.45665
4.39737
4.42749
3.52929
4.40866
3.93513
4.51118
4.31643
4.42913
3.08589
4.49090
4.47516
4.32112
4.49792
3.74201
4.43750
4.37138
1.96639
4.37803
4.43642
4.47056
4.10969
4.28808
4.45822
3.84351
4.08385
4.00060
4.27053
4.45738
4.44324
4.22977
4.24292
4.39410
4.25960
4.30745
4.51308
4.44869
4.41461
4.38287
4.37906
4.29653
3.63717
3.99384
3.88770
3.19375
4.39958
4.10081
3.97653
4.41027
2.39807
4.37064
4.07605
4.40378
4.34872
2.95962
4.34541
4.28684
4.34829
4.01723
4.42955
3.42974
4.38288
4.43254
3.71949
4.32448
4.15057
4.38714
4.35772
4.40648
4.15917
4.35065
4.43314
4.41442
4.44816
4.36070
4.44667
4.03772
4.47097
4.47908
4.50590
4.47421
4.33404
4.46319
4.00485
3.85560
4.16549
4.28952
4.30290
4.32391
4.30332
4.01014
4.07885
4.20392
3.99642
4.31632
4.47027
4.46004
4.44825
3.74513
4.40458
4.42421
4.43282
4.42878
4.30718
4.27241
4.45718
3.85030
3.52337
4.37563
4.08138
4.43207
4.26729
4.31753
3.81690
4.14738
3.06164
4.16839
4.43990
4.00344
4.50705
4.43713
4.35559
4.21971
2.03455
4.46123
4.34477
4.50687
4.27839
4.28806
2.85833
3.71390
4.00638
4.22960
4.32465
4.38871
4.10017
4.23546
4.12347
4.31267
4.46210
4.17297
4.34479
3.74752
4.23575
4.46584
4.39103
4.11159
4.08390
4.40767
4.40294
4.21042
4.19297
4.37743
4.54059
3.66485
4.31339
4.41383
4.40138
4.11092
4.43403
4.25146
4.42525
3.64244
4.43410
4.33583
4.06606
4.45381
4.34649
3.71640
4.28138
4.40119
3.95515
4.43371
4.07947
2.63108
4.20700
4.29725
4.36905
4.48519
2.37543
4.41100
3.63991
4.34527
3.51401
4.43726
4.26883
4.36760
2.98130
3.64986
4.14971
4.49308
3.15789
4.32709
4.38261
4.04869
3.96098
4.45833
2.15983
2.58699
4.13154
4.30290
1.64761
2.80481
4.30627
4.25278
4.36686
4.38861
4.32063
4.27842
4.33166
3.77295
4.11125
3.91702
2.41125
4.36035
4.36965
3.88510
4.45478
4.13756
3.95124
4.21718
4.37947
4.36154
4.51680
4.49527
4.23378
4.31193
4.33547
4.40164
3.77104
4.39014
4.34192
4.46411
4.24736
4.14861
4.49589
4.45922
4.27077
3.87759
3.71569
4.42657
4.41577
4.06688
4.50698
4.22570
4.53450
4.31277
4.43538
4.45029
4.37317
4.47442
3.66964
4.37250
4.45453
3.97163
3.86125
4.41441
1.78534
4.38703
4.28140
3.75497
4.48009
3.61312
4.37276
4.19705
4.08311
3.64822
4.45681
4.44185
3.98247
4.49755
4.36065
4.13420
4.41167
4.37003
4.07405
4.53507
3.25873
4.47602
4.40089
3.99692
4.42628
4.14338
4.22638
4.46655
4.47919
4.28305
4.05167
2.67129
4.41202
2.59320
4.47436
4.22007
4.25052
4.21259
4.48317
4.30842
3.87431
4.17322
4.27186
4.52014
3.30447
4.17428
4.34161
3.73678
4.14601
4.38845
4.47143
2.77249
4.47006
3.15042
4.40386
4.29762
4.52419
4.49432
2.76309
4.19538
3.95105
4.44198
4.39508
3.60893
4.37906
3.55251
2.54941
4.42445
4.48072
4.30083
4.42348
4.41434
4.48418
4.34052
3.83265
4.53360
4.41481
3.51453
4.43112
4.45408
4.34489
3.91278
4.49427
4.30180
4.41913
4.35221
4.38424
4.36709
4.39386
4.07308
4.48739
3.88311
4.20157
4.48856
4.03766
4.27665
4.01547
3.49142
3.97856
4.49118
4.11535
4.50350
4.23851
3.97079
4.16681
3.53408
4.42446
4.38521
4.49812
4.46740
4.39988
4.07043
4.44965
4.25106
4.46241
4.23313
4.02768
4.07225
4.50728
3.42599
4.12705
4.42447
4.47622
4.40856
4.23706
4.35266
4.42666
4.44307
4.32956
4.47554
4.42400
4.16751
4.31493
2.66865
4.09526
4.35820
4.32801
4.26211
4.30855
3.71927
3.19977
4.46452
1.91484
4.38141
4.25270
4.40888
4.45475
4.17304
4.30836
4.27282
4.40660
4.39374
4.48906
4.40491
4.29515
4.31478
4.18087
1.53243
4.17993
4.44443
4.35923
2.83725
4.40674
4.29528
4.41949
4.31296
4.38106
4.40325
4.48298
3.58248
4.06884
4.31750
4.40137
4.37055
2.85378
3.90511
4.26203
4.49337
4.52923
4.41079
4.36073
4.42217
4.48345
4.46302
4.27995
4.20857
4.33182
4.17779
4.46195
3.98245
4.42857
4.45993
4.33363
4.32650
4.48501
4.42401
4.36131
4.44630
4.48137
4.42556
4.22743
4.48455
3.59032
4.36088
3.85680
3.14158
3.63241
3.98701
4.27940
4.36241
4.27605
4.02122
4.46779
3.37787
4.39730
4.40553
4.43964
2.67812
3.89397
4.30099
4.05168
3.74246
4.40736
4.30788
4.38351
4.25733
4.18911
4.32639
4.17207
4.47370
4.17097
4.20567
1.90101
3.51803
4.51968
4.39640
4.00626
3.14613
3.62536
4.36097
3.87013
3.89296
4.48025
4.39836
4.19054
4.23707
1.81313
4.01058
4.25284
2.36145
4.39615
4.38372
4.10499
4.43002
4.02755
4.38274
4.11876
3.42046
4.40195
4.22109
4.45037
4.41332
2.96399
3.83504
3.99509
4.35976
4.29951
4.13731
4.44324
4.38055
4.17911
4.25681
4.37496
4.45136
4.11553
4.52200
3.71312
4.31442
2.13649
4.42485
4.21733
4.38032
4.34571
4.16023
4.38377
4.47246
4.19678
4.39586
4.45471
4.37618
4.42929
4.01189
4.43186
4.13629
3.39949
4.12971
4.19146
4.39935
4.50173
4.39810
4.36596
4.40586
4.41726
4.47887
4.28627
4.37315
2.73070
4.17381
4.45226
4.43114
4.36707
3.73918
4.32057
4.22517
4.36894
4.50062
3.96835
3.72519
4.14988
4.30482
4.43054
3.75312
4.48951
2.50376
4.05146
4.30612
3.51383
4.36851
4.20803
4.45552
4.52491
4.06427
4.47329
4.32401
4.44002
4.37692
3.36792
4.44125
4.19368
4.47240
4.42610
4.33652
4.42630
4.13268
4.36309
4.42244
4.39827
4.38230
4.31638
4.40679
4.26751
4.19454
4.21409
4.19005
4.22624
3.82290
4.44712
3.83082
4.43346
4.49982
4.51940
4.20562
4.44755
4.32836
3.33436
4.42952
4.35736
4.19524
4.13191
4.47279
4.19788
3.74315
4.48998
4.37855
4.44016
4.30887
4.45377
4.41735
4.38938
4.26443
4.48933
4.38481
4.38206
2.01168
4.35598
4.45275
2.25155
4.37633
4.21283
4.04985
4.17524
4.12880
4.35259
4.35456
4.11510
4.37558
2.71535
4.17028
4.36377
4.48810
4.41682
4.50481
4.19624
4.49257
4.43354
4.48080
4.43884
3.45145
4.47349
4.38195
4.43229
4.29845
4.10237
3.81583
4.34241
3.81838
4.43065
4.36736
4.46416
3.88906
4.18631
4.31133
4.37741
4.28233
4.27178
4.36047
4.06714
3.92018
4.03824
4.47862
4.01637
4.20429
3.49846
4.38973
3.74384
3.99341
3.76634
4.42158
4.43466
4.44449
4.07908
2.99218
4.22657
4.38797
4.39559
4.34526
3.37483
4.43244
4.41511
3.97118
4.47944
4.13368
4.50422
4.45013
4.38683
4.17077
4.23529
4.51412
4.03316
4.44143
4.29106
4.21603
4.11196
4.36704
4.39533
4.34897
4.43055
4.33885
4.21306
4.48619
4.15072
4.44048
4.43002
4.40643
4.28410
4.43089
4.42563
4.24449
4.33470
4.31809
4.32327
4.06377
3.41725
4.27688
4.37874
4.26738
4.40809
4.41842
2.74863
4.51175
4.20299
4.46706
4.03763
4.33673
4.47962
4.22820
4.10155
4.40678
3.72149
4.33762
3.92896
4.00408
4.33251
4.44378
4.05377
2.40604
4.33572
4.44002
4.12316
4.10875
4.39504
4.41421
4.45474
4.36749
3.94496
3.84546
4.26624
2.52809
3.85599
4.46574
4.25938
4.32311
4.47898
4.21697
4.38960
4.46929
4.40298
4.45015
4.42784
4.21930
4.31358
4.42572
4.49518
4.48690
4.10582
4.39091
4.41243
4.19502
4.30567
4.48435
4.23266
4.16174
4.44720
2.99374
4.39991
4.39560
4.15019
4.33896
4.20819
4.35524
4.31768
4.25103
4.36384
4.43454
4.38130
4.28425
3.87885
4.17499
4.51585
4.44083
4.42925
4.23595
4.08543
4.37977
4.19041
4.50752
4.44849
4.37133
4.34760
4.07719
4.21457
3.43660
4.40945
3.64060
3.71093
4.44513
4.27671
4.34089
4.24162
4.40309
4.06937
4.46746
4.28354
2.82661
4.42171
4.28996
4.46993
4.39239
4.37413
4.16200
4.45127
4.21840
4.45533
4.46972
3.98615
4.10223
4.45130
4.46393
4.11232
4.46142
4.47235
2.89432
4.46680
4.04268
4.37373
4.45889
4.41103
4.35185
4.34209
3.85109
4.18217
4.44216
4.44056
4.26989
4.47712
4.45095
3.72916
4.45105
4.11316
4.45163
3.15123
4.34238
4.02194
3.80440
3.71497
4.31863
4.03165
4.18544
4.38157
3.93269
4.27518
4.22530
3.39100
4.48930
4.36622
4.39999
4.51468
4.26718
4.29153
4.16977
3.46672
3.17079
4.33553
4.38923
4.44428
3.64712
4.27490
4.19535
4.43097
4.42745
4.31949
4.42801
4.42884
4.44448
4.35735
3.88499
4.41464
4.49723
4.15279
4.24611
4.48559
4.37023
2.31057
4.50344
4.37590
4.06214
4.12486
4.44217
3.94402
4.40516
4.04830
4.49682
4.23773
3.73573
4.34992
4.40820
3.36391
4.46877
4.12630
4.41202
3.94925
4.39785
4.44108
4.38260
4.35465
4.35187
4.20218
4.35417
4.30321
4.43701
3.98161
4.39818
3.71088
4.21711
4.36520
4.45795
4.15171
2.69911
4.45573
3.77260
4.05267
4.30027
4.38820
4.37043
4.27075
4.47874
4.17186
3.34741
4.37829
4.45150
4.43924
4.35703
4.29335
4.41287
3.35050
4.07774
4.47326
4.17096
3.83983
3.67591
4.48135
4.43950
4.11769
4.35365
4.09134
4.25393
4.18081
4.37099
4.38764
4.32337
2.97433
4.23989
4.49499
3.13568
4.10550
4.48201
4.22516
3.94373
3.69073
4.30638
4.30435
4.13038
4.24488
4.28042
3.06306
4.16945
4.41780
4.30048
4.14316
4.42686
3.26430
4.44021
4.28766
4.32306
4.42404
4.33796
4.48740
3.84161
3.89895
4.41568
4.44978
3.84815
4.42252
4.29625
4.33502
4.09757
4.38811
4.43410
4.13681
4.18624
3.87793
4.41698
4.41770
4.15069
4.35054
3.54350
4.43632
3.88575
4.45468
4.32412
4.40410
4.45643
4.47586
4.22300
3.77594
4.04916
4.47567
4.26627
3.59191
3.61347
4.21872
4.13600
3.89171
4.29971
4.48034
4.29487
4.18675
4.37788
4.47429
4.23305
4.30591
4.38401
4.45204
4.46880
3.41346
3.83105
4.39442
4.37579
4.19581
4.45966
4.05576
4.15008
4.26944
4.35846
2.61841
4.44101
4.18381
4.04057
4.37392
3.68918
3.65335
4.39391
4.25090
4.20555
4.30409
4.26635
4.42949
4.28807
4.36189
4.40541
4.40174
3.73833
4.45943
3.73163
4.31883
4.37785
4.50556
4.07815
4.37525
4.41991
4.09893
4.47928
4.45602
4.44598
4.36932
4.28894
4.17981
2.84436
4.10572
4.30881
4.17158
4.40252
2.32354
4.05359
4.35107
4.35002
4.51025
4.26621
4.33327
4.03399
4.49660
3.93733
3.26889
4.45583
4.41034
4.34043
3.83074
4.36897
4.38865
4.09551
4.46656
4.15995
4.19032
4.23643
4.26758
3.92122
4.47652
4.33161
3.77452
4.37204
3.57665
4.50084
4.37697
4.44140
4.42725
4.12214
4.40018
4.30546
4.48711
2.75617
3.75607
4.44872
4.52401
4.41342
4.33097
4.27015
4.48814
4.31018
4.37222
4.39958
4.20896
4.42209
4.41100
4.13105
4.14871
4.06156
4.50258
3.58636
4.28506
4.38815
4.21465
4.29657
4.20087
4.20468
4.34876
4.33126
4.35845
3.72461
4.38565
3.97003
3.33470
4.49362
4.36085
2.56142
4.48141
4.19437
4.44534
1.86375
4.12026
4.40902
4.36553
4.41876
4.44607
4.32389
4.06318
4.30804
4.44897
4.27146
4.43076
4.30628
4.31083
4.45385
3.82902
4.36005
4.46199
3.97197
4.41975
4.35157
4.42144
4.39953
4.15633
4.51436
4.27794
3.77323
4.43439
4.50198
4.06337
3.78209
4.36125
4.37773
4.39977
4.50624
4.43468
4.45670
4.43173
4.46099
4.26263
4.31271
4.48427
4.23662
4.00158
4.36283
4.44270
4.35183
4.39753
4.40982
4.25408
4.36948
4.39581
4.16000
4.38915
4.36309
4.31900
4.35800
4.48919
2.84858
4.14765
4.44781
4.48781
4.34488
4.49122
3.80396
4.33176
4.02055
4.46533
4.42113
2.08798
4.45078
4.50058
4.32168
4.17249
4.13097
4.34664
4.37719
4.36745
3.55649
4.50819
4.30120
4.45795
4.46027
4.34822
4.42151
4.31050
4.17152
4.37741
4.24419
3.27381
4.40298
4.27788
4.28368
4.49744
3.01911
4.50773
4.42042
4.37454
4.05190
4.32349
4.23737
4.42601
4.44367
4.19519
4.40310
3.83244
4.24284
4.38751
4.40160
4.18385
4.24076
4.50353
4.41622
4.43892
4.00941
4.26876
4.44809
4.44768
3.67815
3.60562
4.21411
4.09525
4.49764
4.22955
4.47286
4.14077
4.41270
4.36293
4.50923
4.21814
4.46654
4.35891
4.17306
4.49120
4.33348
4.24190
4.25731
4.42324
4.48153
4.04806
4.20033
4.37638
4.48529
4.00564
4.44137
4.24028
4.43285
4.40423
4.23778
3.11153
4.26959
4.21132
4.40932
4.49178
4.03873
4.24844
3.94267
4.32481
4.21278
4.49936
3.72708
4.27128
4.00338
4.05031
4.39153
4.23392
4.02698
4.42193
4.30345
4.29674
4.16559
3.71513
4.06407
4.16256
4.49093
4.13251
4.39850
4.44011
4.36078
4.39265
4.20609
4.50864
4.24428
4.14726
4.29842
3.94050
4.39113
4.34429
4.42864
4.45956
4.33782
4.23595
4.12512
4.45198
4.43841
4.46997
4.37763
2.52112
3.77138
4.36920
4.46687
4.45481
4.51523
4.46554
4.17747
4.49247
4.06078
4.34211
4.39270
4.50980
4.17989
4.05235
4.49148
4.41228
4.02444
4.49242
4.43311
4.09885
4.50662
4.22867
4.14096
2.11078
4.32079
4.41410
4.46306
4.48926
4.33697
4.45698
4.39114
4.11079
4.50086
4.16410
4.40969
4.47000
4.30879
4.47316
4.48053
4.04652
4.34683
4.27526
1.97728
4.27133
3.07855
4.41963
4.42581
4.24547
4.23446
4.21932
4.32105
4.24844
4.37965
4.36198
2.68079
4.16761
4.24465
4.21586
4.23523
4.47222
3.70737
4.39808
4.30781
3.85162
4.18371
4.25421
4.48790
4.27711
4.50030
4.23892
4.37652
4.23823
4.22069
4.28069
4.35422
4.35630
4.23286
4.22162
4.45315
4.47963
4.50019
4.45958
4.40223
4.48276
4.05506
4.32367
2.58194
4.36810
4.43883
4.42317
4.44102
2.17292
4.17429
4.19389
4.43133
4.46996
4.25691
4.45328
3.90578
4.24839
2.92661
4.12638
4.20872
4.21223
4.40597
4.42879
4.51551
2.90315
4.38344
3.60454
4.26420
3.69773
4.13138
4.35619
4.32177
4.00544
4.17093
3.71562
4.13085
4.45878
3.42200
4.30754
4.41795
4.45826
3.58675
4.18931
4.21739
4.19642
4.27105
4.27682
4.38481
4.42310
4.36586
3.87092
3.23730
4.37322
4.28668
4.46193
4.39511
4.00013
4.41537
4.23926
4.34997
4.48070
3.78163
3.87294
4.40484
4.21135
4.44373
4.18420
4.49296
4.24357
4.32229
4.41010
4.34857
4.48921
4.42790
3.61793
4.52288
4.50017
3.97934
4.30258
4.34994
3.04763
4.47421
4.39497
4.40768
4.43118
4.32075
4.42867
2.97068
4.36181
4.06706
4.05526
4.41748
4.41912
4.07230
4.02229
4.51146
4.32886
4.44738
4.43771
3.82997
4.33166
4.49982
4.35173
4.31423
4.49398
4.14324
4.24351
4.45854
4.26023
4.24192
4.44784
4.50001
4.20545
4.24823
4.38134
4.31813
4.20183
4.50611
4.46693
4.27220
4.08954
2.70029
4.12486
4.41514
4.42356
4.29022
4.39163
3.55713
4.48799
4.37297
4.34029
4.29721
3.95813
4.40705
4.26862
4.34746
4.03588
3.98414
3.44382
4.44642
4.22639
4.42242
3.82355
4.11287
4.39866
4.48140
4.43732
4.34044
4.32912
4.20729
4.50012
4.22615
4.38201
4.42520
4.22907
4.27377
4.24913
4.37487
4.34439
3.66251
4.33494
4.35000
4.12856
4.31028
4.50776
4.47602
4.25747
4.41976
4.33904
3.16598
4.27572
4.19585
2.96737
4.34249
4.18138
4.24928
3.82422
4.45556
3.66209
4.20342
3.67943
4.36600
4.45272
4.40208
4.30034
4.32336
4.35738
4.47618
4.28083
4.01858
3.87731
4.13822
3.79260
4.36554
4.35402
4.45699
3.19409
4.08600
4.49331
4.49263
3.99740
3.25522
3.90385
4.38904
3.82958
4.49528
4.26148
3.89687
4.46623
4.46851
4.42925
4.51600
4.29017
2.74376
4.29209
4.42108
4.40547
4.44584
4.27746
3.70976
4.50297
4.45746
3.67833
4.44038
3.93789
4.37977
4.34426
4.10163
4.46143
3.64464
4.43118
2.67320
4.41579
3.47153
4.14641
4.26804
3.85217
4.47315
4.27899
4.46028
3.51703
4.33153
2.68781
4.45721
4.38446
4.24338
2.61087
4.47949
4.51020
4.33088
4.47047
4.09224
3.51317
2.79739
4.34404
4.49025
4.46856
4.44806
3.97909
4.35305
4.36198
4.14109
4.23467
2.52754
4.26481
4.16927
4.17280
4.45677
3.08343
3.92613
4.43149
4.20185
2.12654
4.48579
3.94252
4.12886
3.48666
4.34216
3.30577
4.24931
4.34517
4.47313
3.92850
4.51282
4.36151
4.29041
4.39796
4.32940
3.82660
4.43909
4.29494
4.19476
4.27310
4.43734
4.10675
3.98764
4.29184
4.38492
4.26042
4.41915
4.47233
4.42862
4.28274
4.33713
4.49311
4.42338
3.82836
4.34366
4.51186
4.15932
4.36514
4.42234
4.46278
4.18038
4.40300
4.42451
4.47598
4.13081
4.49873
4.45313
4.48268
4.45195
4.26588
4.40847
4.41526
4.41285
4.36836
4.24908
4.40848
4.46391
4.15460
4.25661
4.41434
4.24351
3.72871
4.08405
4.43995
3.89226
4.45136
4.36207
4.28654
4.46434
4.34785
4.04089
4.47242
4.39358
2.76780
4.37948
4.45993
2.81637
4.48740
4.02043
4.43950
4.01486
4.03282
3.61148
3.67359
4.13517
4.46078
4.45846
3.38523
4.19046
4.40625
4.35011
4.42872
4.50836
4.34659
4.34549
4.46326
4.45588
4.47045
4.12370
4.34556
4.34065
4.23016
4.00512
4.16763
1.98409
4.17204
4.49073
3.98798
4.00959
4.29435
4.07407
4.20141
3.77906
4.44673
4.45685
3.95791
3.95201
4.16062
4.46886
4.49700
4.05857
4.45568
4.42378
2.73527
4.49128
3.90356
4.42290
3.79087
4.24216
3.78042
3.71901
4.24558
4.25635
4.48923
4.22838
4.43769
4.45862
4.51593
4.29250
4.43894
4.37107
3.98685
3.22135
4.26865
4.47041
4.25748
4.32330
4.35621
4.36826
4.35645
4.26369
3.87058
4.20788
1.86797
4.07782
4.33924
4.29552
4.38836
4.39643
3.67495
4.44422
4.46275
4.17598
4.19412
4.45421
4.10407
3.70024
4.34073
4.43389
2.65481
3.70314
4.08338
4.47315
4.37674
4.26254
4.45949
4.43721
4.33031
4.15190
3.67274
4.39750
4.46760
4.30238
4.24417
3.93593
4.14519
4.20466
3.41562
4.45457
4.40086
4.47526
4.34406
4.49665
4.42088
4.31615
4.44923
3.78480
4.23853
4.42181
4.26943
4.51515
3.90402
4.36248
3.40501
4.45570
4.48534
4.12831
4.43157
4.36112
4.35064
4.40522
4.27933
4.12492
4.35302
4.27879
4.46881
4.29388
4.32132
4.43126
4.24533
3.95703
4.43939
4.12152
4.47813
4.41980
4.14079
3.89419
4.43679
4.33294
3.38675
4.39006
4.44626
4.44571
4.40876
4.30630
4.32671
4.48183
4.46487
3.69792
4.40581
4.43023
4.36531
4.46315
4.40825
4.43497
4.32979
4.04459
4.41402
3.96743
4.39551
4.50049
4.38095
4.37452
4.44154
4.30929
4.40409
4.41474
4.27358
4.42725
4.43533
3.85609
4.12401
4.43326
4.17667
4.05359
4.28444
4.43014
4.41908
3.44178
4.08152
4.08654
4.20603
4.29998
4.42558
4.50426
4.10970
4.35388
4.49408
4.48604
4.50806
3.79608
4.42946
4.23136
3.86348
4.13754
4.46882
4.35066
3.83650
4.40076
4.33291
3.52830
3.99964
4.38388
4.48364
4.48823
4.37789
4.49426
4.45810
4.17677
4.32197
4.34328
4.36517
4.16751
4.00322
4.51068
4.45141
4.42753
4.14969
4.37911
4.51529
4.13178
4.27090
4.52759
4.31298
4.29529
3.94174
4.49557
4.39742
4.36433
4.20411
4.46657
2.35478
4.22186
4.43347
4.23087
4.43867
4.47074
4.52211
4.35149
4.43800
4.49700
4.37098
2.99890
4.47515
4.43054
3.86600
4.20947
3.90876
4.33779
3.98682
4.49289
4.47160
4.41329
4.23192
4.45262
4.26440
4.45874
4.17632
4.53725
4.29473
3.60846
3.27876
4.46931
4.42268
3.75938
3.83083
4.31323
3.71831
3.68652
4.39972
3.30683
3.83835
4.40966
4.34199
4.23702
4.40899
4.17498
4.12209
4.28862
4.46679
4.09027
4.35036
4.39702
3.53346
4.21605
4.14199
4.42648
4.10428
3.59187
4.43999
3.83655
4.43408
4.31564
4.24671
4.29130
3.69324
4.30855
4.36018
4.28981
2.87930
4.07580
4.18716
2.21043
4.43539
3.78126
4.31189
4.21174
4.39706
4.26914
4.32690
4.10415
4.41956
4.39285
4.13574
3.94616
3.36743
4.34867
4.36625
4.36620
4.35704
3.66874
4.07939
4.24684
4.31032
3.41961
4.25172
4.30430
4.45587
4.26020
4.31593
4.18479
4.39356
4.41927
3.86784
3.70044
4.20641
3.33890
4.28382
4.21714
4.27188
4.31225
4.48231
2.55871
4.41459
4.31129
4.28306
4.48988
4.34830
3.30572
2.64485
4.34371
3.89939
4.18432
4.27619
4.11748
4.47046
1.48449
2.04606
4.24321
4.46265
4.42821
4.45308
4.43396
3.55859
4.21333
4.38522
4.19621
4.46811
4.37533
4.45755
4.28713
4.38547
4.33936
4.40152
4.23161
3.29642
4.43674
4.16062
4.16044
2.89094
4.16680
4.23245
3.48348
3.85022
4.33712
4.05057
4.35753
4.36313
4.42231
4.50589
4.43554
4.44598
4.40366
3.93032
4.36297
4.43181
4.39481
4.27684
3.48001
4.44802
3.23882
4.35462
4.03884
4.35118
4.35307
4.32352
4.43052
4.42257
4.36274
3.97807
4.30341
4.33070
3.77179
4.42683
4.36492
4.41512
4.43749
4.28086
4.45112
4.34884
4.41184
4.20090
4.17116
4.00823
4.05729
4.16542
4.35872
4.26676
4.44843
4.24110
4.35957
4.06809
4.39331
4.13077
4.45227
4.34134
4.30995
4.36124
4.42513
4.29823
4.33839
4.41360
3.71114
3.63829
3.59756
4.11889
4.24576
4.40209
4.48223
4.42522
4.41507
4.37191
4.46138
4.16842
3.12174
4.40159
4.04672
4.40689
4.17634
4.33479
4.49353
4.29508
4.47781
2.75902
3.08158
4.41707
3.91265
4.12552
4.28372
4.09179
4.41271
4.37004
4.46780
4.47378
4.42000
4.04252
3.92825
4.33128
3.27324
4.38463
4.43629
4.39431
4.41765
4.27692
4.43120
4.46863
4.41448
4.35663
3.89464
3.94385
4.43370
4.22607
4.15091
4.46185
3.82974
4.30313
4.30837
4.02538
4.32262
4.47178
4.07569
3.67670
4.25252
4.48017
4.46937
4.15311
4.49703
4.36941
4.51366
4.39531
3.39066
4.45158
3.65020
4.26309
4.40916
4.39125
4.11298
2.55561
4.21601
4.50350
4.40080
2.88228
4.48003
4.36201
3.98259
4.38030
4.33411
4.45942
4.29234
4.21485
3.79737
4.13743
4.30191
4.32358
4.49847
4.39314
3.64876
4.43120
4.18884
4.44005
4.49788
4.36275
2.80874
4.35795
4.31034
4.42850
4.33239
3.94464
3.90985
4.31653
2.65234
4.50201
4.13854
4.38118
4.48565
4.27942
4.32811
4.25853
4.11185
2.82791
3.90062
4.11680
2.59854
3.61532
4.38528
4.12977
4.40064
4.34782
4.35900
4.42088
4.13708
3.80741
4.43946
4.42804
4.30838
4.37184
4.49619
4.46141
4.51678
4.38306
3.23232
4.34569
4.16514
4.19624
4.33275
4.34735
4.40014
4.36341
4.38985
4.31440
4.41611
4.37702
4.34408
4.40501
4.28995
4.26334
3.72388
4.38360
4.35884
4.44558
4.36427
4.42627
4.45475
2.07615
4.51482
4.49079
3.95546
4.46846
4.51000
4.42857
4.48980
4.45204
4.02707
4.12043
4.38644
4.39858
4.13080
3.71270
4.46845
4.36475
4.35476
4.44615
4.28842
4.02837
4.48545
4.10747
4.17082
4.11209
3.38479
4.33678
4.44285
4.42086
1.25638
4.17774
4.24942
3.74024
4.36413
4.29837
3.87711
4.11870
4.45779
3.36282
4.16455
4.34182
4.43347
4.45297
3.95380
3.81035
4.42017
4.39891
4.19646
4.31611
4.06304
4.47127
4.47436
4.44265
4.48911
4.48291
4.36468
1.96814
4.27541
4.40412
4.06509
4.17618
3.95929
4.39985
4.26433
3.80488
3.20433
4.41517
4.41460
4.20995
4.23069
4.08166
4.29784
4.41959
4.24648
3.97944
3.82468
4.48771
4.38684
4.50426
3.52233
4.40484
3.89873
3.73903
4.52995
4.40054
4.49935
4.45736
4.30975
4.21883
4.19076
4.50011
4.49393
4.42606
2.23676
4.17293
4.34811
4.38528
4.27642
4.43822
4.29351
4.34833
4.35567
4.47629
4.46203
2.26410
4.43324
4.44731
4.17201
4.44530
4.32447
4.28137
4.23844
3.94670
4.49479
3.64924
4.35926
4.30804
4.52537
4.01881
4.49524
3.88438
4.38411
4.28847
2.62549
4.40585
4.20320
3.90540
2.76459
3.92726
2.84308
4.11601
4.52558
4.34150
4.39828
4.43940
4.34315
4.03695
4.05282
4.03496
2.77935
4.27714
4.28936
4.31583
4.31817
4.27278
4.25625
4.37704
4.39442
4.18418
4.46432
4.21218
3.58217
4.31168
4.46600
3.91890
4.42045
4.11208
4.43827
4.49325
4.43362
4.36951
3.99019
3.81988
3.46858
4.36726
4.48202
4.08667
4.37840
4.45544
4.43954
4.30403
4.45783
4.39739
4.34360
4.09804
4.32930
3.71820
4.46190
4.31124
4.42742
4.48384
4.46197
3.99802
3.85472
4.19233
4.46438
3.48997
4.26730
4.44657
4.42254
4.49972
4.38087
3.49105
4.33532
4.29033
3.76506
4.13737
4.42327
3.88523
4.42889
2.46070
4.46824
2.93587
4.43819
4.42563
4.22945
4.20725
4.45690
4.26635
4.44640
4.22959
4.20329
4.38621
4.18236
4.29240
4.34221
4.29601
4.34310
4.42252
4.49784
4.44210
2.38091
4.43193
4.38595
3.60043
3.23603
4.26035
4.40367
4.25790
4.39729
4.39894
4.10256
4.52023
3.18705
4.47717
4.43723
4.49202
4.14462
4.45095
4.30177
4.20715
4.24401
3.63705
4.43817
2.51228
4.10296
4.42342
4.46821
3.05722
4.52823
4.37213
3.90248
4.35647
4.44443
4.44238
2.65029
4.42317
4.41205
4.39597
4.50431
1.86934
4.07863
2.14384
3.63693
4.24678
4.41544
4.05828
4.36657
4.03992
4.39709
3.43741
3.01265
4.45342
4.33364
3.84354
2.04337
3.67624
3.92395
3.87424
4.45670
3.85355
4.49523
4.46706
3.80639
4.42240
4.24115
4.51191
3.98300
4.47959
4.48961
4.35385
4.11405
4.45466
4.44871
4.46285
4.03965
4.42388
4.47475
4.37488
4.39852
3.97903
4.35614
4.44678
4.27495
4.34852
4.37674
4.37157
4.15646
3.45989
4.33178
3.92598
3.02754
4.34201
4.25679
4.46685
4.33861
4.13924
4.32363
3.83854
4.33823
4.26600
4.27631
4.32249
4.35096
4.40509
4.29195
4.40271
4.25362
4.34274
4.26212
3.37607
3.90797
4.08948
4.24003
3.80179
3.63736
4.19867
4.46849
4.35355
4.32022
3.97496
4.44242
4.08557
4.31553
4.27089
4.34832
3.76823
4.44808
4.47370
4.22478
4.36726
4.45146
2.96949
4.38172
4.46399
4.41880
4.21152
4.44403
4.11820
3.18380
4.39290
4.22098
3.93680
4.32147
4.44899
3.76093
4.39181
4.28580
4.10806
4.20529
4.07814
3.97264
4.09243
4.46200
4.45893
4.17341
4.39143
3.76691
3.82210
4.49916
3.45605
4.45056
4.39569
4.44789
3.97926
4.23360
4.27876
4.45414
3.71171
4.33456
4.45693
4.48088
4.14674
4.34867
4.25372
4.20661
4.07824
3.92048
3.88572
4.51643
3.66617
3.96532
3.54463
4.40232
4.32671
4.46921
4.24933
4.40872
4.44466
4.38222
4.21349
4.41997
4.31132
4.28956
4.49864
4.28143
4.48342
4.14597
4.38465
4.34726
4.32346
4.40852
3.33919
4.37066
3.47378
4.36884
4.35821
4.27810
4.49531
4.41720
4.23404
4.47642
3.91308
4.50984
4.42134
4.22410
3.62164
4.51702
4.33821
4.14635
4.43150
4.43063
3.57505
4.18489
4.42657
4.48563
3.34075
4.35779
4.37773
3.78903
4.39559
4.40015
4.39291
4.43459
3.75391
4.33583
4.14251
3.66768
4.27881
4.11076
4.17735
3.48421
4.19965
3.95021
2.28424
3.85226
3.64967
4.39631
4.37326
4.16530
4.42221
4.34733
3.75751
4.41090
3.20625
3.45973
4.39395
3.80323
4.34824
4.39312
2.70369
4.38464
4.43562
4.36624
3.33278
4.24765
4.37383
2.83075
3.92619
3.46413
4.01593
4.11646
4.35874
3.27986
4.31559
4.39367
4.07141
4.41658
4.38262
4.38530
4.28313
4.25857
4.29535
4.41199
4.16003
4.37701
4.09557
2.29135
4.41723
3.43940
4.45248
4.37766
4.14491
3.01672
2.07092
4.48307
4.29250
3.90963
1.82633
4.22431
3.00366
4.47890
4.28218
4.41549
4.04694
4.07031
4.44201
3.37824
4.39102
4.25214
4.03030
4.33514
4.27019
4.44006
4.46754
4.06720
3.92188
4.24948
4.36931
4.37571
4.43714
4.36088
4.32136
4.21254
3.55940
4.49232
4.35591
4.51531
4.39042
4.16222
4.28222
4.45314
4.41538
3.95220
4.07263
3.66478
4.47151
4.32465
4.13720
4.48527
4.34868
4.47104
4.43536
4.40171
4.34633
4.02948
3.97476
4.41013
4.32914
4.31666
4.51379
4.41104
4.32379
4.28518
4.38345
4.35891
4.40056
3.99146
4.45735
4.27726
4.37429
4.38507
4.45415
4.31178
4.22150
4.24873
4.39874
4.44584
3.66426
4.42141
4.35013
4.45792
4.46596
4.43725
4.21067
4.37819
3.97933
4.46470
4.37361
4.13382
2.83000
4.45736
4.40494
4.41839
3.65166
4.44814
4.44501
4.26475
4.43715
4.36071
4.18379
4.39880
3.98318
4.07381
4.17233
4.38222
4.46860
4.30144
4.40729
4.28370
4.41935
2.85764
4.36096
4.25202
4.28671
4.35824
2.32148
4.30746
4.44378
4.46144
4.44392
4.34040
4.47645
4.38437
4.43489
4.32355
3.65754
3.71811
3.62048
3.03105
4.04814
4.13441
4.44413
4.42416
2.73980
4.41563
4.46050
4.39040
4.47442
4.30533
3.31260
4.22613
4.45711
3.86908
4.22507
3.23204
4.51758
4.34526
4.20185
4.09779
4.14483
4.38408
4.48714
4.32220
4.46936
4.47225
4.28596
4.45334
4.40712
3.89187
3.25800
4.40097
4.23082
2.97933
4.48758
4.45673
2.36790
4.01608
4.45806
4.32156
4.41774
4.31115
4.13790
3.96636
4.41633
4.18003
4.37719
3.40881
4.28734
4.34802
4.20998
4.46646
3.56548
3.69952
4.49432
4.34159
4.37084
4.35455
4.23664
4.39499
4.37276
4.41649
3.77657
3.90027
3.81725
2.43822
4.40331
4.36387
4.41275
4.14471
4.33408
2.66058
4.42997
4.42859
4.32249
4.10234
3.66149
3.96213
3.15145
2.24870
4.20435
3.73679
4.10361
4.30307
3.37853
4.29550
4.38809
4.47399
4.32093
3.83212
3.63156
4.39872
4.16344
4.50644
4.25797
4.18588
3.77652
4.40651
4.35089
3.99167
3.97251
3.92369
4.38583
4.05079
3.93122
3.72992
4.30200
4.20862
4.31984
4.42921
4.40663
4.52790
4.40038
4.13627
3.39042
3.90584
4.35459
4.30367
2.91333
4.33538
4.37108
4.46797
4.09278
4.46889
4.35479
4.47373
4.41818
4.42315
4.05266
4.31363
4.38625
4.49079
4.32937
4.50759
4.43552
4.26270
4.32083
4.29517
4.03485
4.26808
4.48478
4.41511
4.31402
4.51933
4.32445
4.21615
4.12226
4.37756
4.04745
3.07164
4.19327
4.25146
4.28681
4.51339
4.41981
4.42582
4.46816
4.29069
4.24002
4.33218
4.35125
4.34912
4.33096
4.40606
4.49278
4.44285
4.35987
3.89685
3.44648
3.94846
4.27054
4.45561
4.35360
4.01192
4.39881
4.42295
3.30594
4.47727
4.31026
4.33734
2.82377
4.43359
3.92638
4.25132
4.32375
3.09306
4.11028
4.21693
4.07211
1.93347
4.37890
4.48379
3.85726
4.33875
4.34843
4.07079
4.47589
3.77587
4.36373
4.51781
4.40867
3.47827
4.34455
4.34987
4.31374
4.26356
4.16284
4.32030
4.38468
4.27313
4.43779
4.09835
3.66980
4.37831
4.48318
4.34398
2.42166
4.27080
4.39177
1.78144
4.48453
3.83027
4.26247
2.88645
3.82646
4.27111
4.32131
4.43584
3.50983
4.39511
4.26735
4.34095
4.45210
3.62832
4.40761
2.97921
4.44212
4.44676
4.07080
4.21271
4.42085
4.34795
4.06148
4.42961
4.12581
3.92335
3.73002
3.73338
4.49880
4.37358
4.37842
4.44036
3.51745
4.42875
4.42861
4.27159
4.34396
4.47938
4.50996
3.90812
4.36077
4.27455
4.38920
4.41043
4.46086
4.34750
3.98398
4.49486
4.45560
3.69058
4.44869
4.33569
4.46721
4.38422
4.42169
4.43005
4.12509
4.16171
4.42506
3.89876
4.31622
4.41734
3.79572
4.05189
4.43024
2.78690
4.32640
4.29463
3.75105
4.39884
4.25565
4.49196
2.95771
4.16262
3.80106
4.16204
4.51519
3.21633
4.01909
4.46303
4.36314
4.29640
3.24218
2.30112
4.26640
4.48236
4.14157
4.00435
4.45596
4.20255
3.85958
4.30856
4.23772
3.97252
4.25532
4.36411
4.33643
4.50228
4.52548
3.69781
2.22753
4.14794
3.97423
4.37250
4.32330
4.44447
4.01273
4.31778
4.06621
3.77482
4.32745
4.11626
3.96921
4.31442
4.51924
4.45391
2.85066
4.44380
4.45754
4.27331
4.04564
3.19530
4.26435
4.32247
4.34102
4.25326
4.16259
3.30376
4.40005
4.14016
4.42584
4.13559
4.34367
4.49887
4.12187
4.40332
3.90425
4.25940
4.42820
4.43472
4.36075
4.39728
4.43158
4.07551
4.12363
4.41694
4.15584
4.17528
4.45101
4.49214
4.26475
4.42181
4.34553
4.22438
4.42175
4.42653
4.11147
4.45646
3.90883
3.98952
4.47598
3.96950
2.84569
4.27024
4.41369
3.93672
4.46306
4.46764
3.66218
4.22743
4.42809
4.50815
4.25822
3.98835
3.71913
4.10544
4.29392
4.18632
4.43153
4.32340
4.47081
3.76893
3.76616
4.38744
4.46808
4.22229
4.52621
4.49750
4.46865
4.03207
4.42032
3.97723
4.38826
4.43685
4.51381
4.32946
4.10095
4.31243
4.12208
4.23851
3.22319
4.41854
3.94239
4.21011
4.43475
3.63653
4.37762
4.01872
4.23823
4.04484
4.48143
4.46127
3.02065
4.20941
4.49596
4.20876
4.40691
4.49696
4.24436
4.44350
4.30713
4.24258
4.43724
4.28088
4.08592
4.03344
4.43544
4.25801
4.34842
4.43711
3.91032
4.24093
4.03108
4.43125
4.19713
4.41037
3.28633
4.40729
3.83902
4.28890
4.37454
4.34083
4.46744
4.34529
3.77540
3.77461
4.13186
3.75810
4.14698
3.17110
4.42641
4.49085
3.40350
4.46477
4.40487
4.43356
4.01382
4.31250
4.11798
4.31610
4.32705
3.55468
4.37265
4.44139
4.47275
4.20212
4.24052
3.90752
4.53458
4.44240
4.13901
2.94649
4.36143
3.89743
3.23201
3.98391
4.39948
4.33792
4.28748
4.28761
3.90100
3.66441
4.24367
4.35664
4.43390
3.63684
4.52314
3.98679
4.04482
4.40842
4.38594
4.22576
4.42494
4.32070
4.44955
3.49251
4.44806
4.39599
2.08692
4.46514
4.44446
4.31120
4.46018
4.30451
4.50336
4.47308
4.30775
4.43608
3.94364
4.44173
4.48542
4.30069
4.14518
4.18104
4.31888
4.32283
4.27006
4.22684
3.93353
4.47588
4.41748
4.39500
4.20533
3.77105
4.48118
4.45504
4.49368
4.52693
4.20047
4.50922
4.39463
4.41374
4.49425
4.05516
4.47938
4.37935
4.47477
4.44536
2.48302
4.40234
4.26765
3.73774
3.69894
4.15513
4.28163
4.46080
4.41222
4.25803
3.98630
4.30612
4.22584
4.49540
3.79979
4.43479
4.45676
4.40030
4.11600
4.44320
4.11665
3.74116
4.10463
3.80494
4.33589
4.43860
4.31502
3.95156
2.92985
3.28067
4.20523
4.43853
3.09946
4.31120
4.20352
4.48098
4.30846
4.45950
4.34477
4.40610
4.43098
4.18758
3.68525
4.38895
4.47945
4.45815
4.43392
4.49702
4.06213
4.34769
3.84744
4.44201
4.49142
4.43994
3.29193
3.98241
3.79023
4.02556
4.49901
3.97616
4.22147
4.42489
4.34576
4.50018
4.10010
4.29654
4.43477
4.51985
4.41500
4.22490
3.75282
3.99502
4.47657
3.85912
3.82235
4.33160
4.43869
4.37103
4.28586
3.77491
4.28912
4.45156
3.98496
4.25360
4.44313
3.51475
4.51272
4.32440
4.45448
4.46429
4.39782
4.45248
4.45491
4.43861
4.20408
4.39492
4.47156
4.49445
4.36124
3.65660
3.76167
4.01612
4.19778
4.45759
4.45200
4.46072
3.77286
4.49113
4.51426
4.17783
4.24042
3.60401
2.60931
4.13472
4.51586
4.48330
4.43953
4.06939
4.32076
4.29408
3.23901
4.46936
4.33218
1.99106
4.29988
4.35035
4.48340
4.42746
4.17847
4.40369
3.91129
4.46951
4.05280
4.19759
4.37928
4.36625
4.28047
4.07806
4.43263
4.47364
2.76961
3.98806
4.14087
4.24558
4.42787
4.37714
3.60194
4.45619
4.21062
4.28624
3.84742
4.47226
4.50157
4.35967
4.43057
4.46112
3.94651
4.48344
4.40179
3.58912
3.93065
4.52353
4.39760
4.03766
4.42589
4.41814
4.38600
4.12679
4.38514
4.42737
4.29997
4.42961
3.98138
3.93243
3.92269
4.19235
4.46228
4.15324
3.95754
4.44787
4.44870
3.56057
3.72142
2.07659
4.46666
4.45012
4.42280
4.43429
4.31835
3.80941
4.41843
4.41666
4.28609
4.00714
4.45902
3.91585
4.47890
4.23341
3.71401
4.42228
4.45819
2.75385
4.37647
4.37609
2.46616
4.41158
3.89248
4.49541
4.37294
2.53218
4.51899
4.37810
2.87214
4.46087
3.60866
4.21461
3.97466
4.17697
3.92753
4.47996
4.36214
4.26854
4.36050
4.36973
4.44291
2.43489
3.27825
4.42118
4.45442
3.85349
4.15252
4.46758
3.89276
3.38020
4.25210
4.01560
3.10827
4.50172
4.33680
4.33119
4.37948
4.43725
3.84771
4.43572
4.39420
4.44980
4.43921
4.32172
2.94572
4.37066
4.41116
4.42582
4.35761
4.49002
4.48243
4.49649
4.17812
4.44724
4.47947
4.20883
4.39944
4.27610
4.35262
4.33412
4.31682
4.45120
3.88752
4.47139
4.41409
4.34667
4.15491
4.41241
4.04107
4.43312
4.21030
4.23705
4.45361
4.41090
4.51482
4.52333
1.88645
4.35738
3.96174
4.44678
4.51278
4.43414
4.44134
4.50856
4.48944
4.30416
2.94868
4.30187
3.95310
4.38580
4.23671
4.43435
4.51137
4.38591
3.86968
4.45516
4.49932
4.46229
3.88269
4.43101
3.69597
4.44905
4.11187
4.37341
2.55110
4.44697
4.52522
3.85512
3.39356
3.78987
1.54863
2.20596
4.42324
4.39796
4.45988
4.39596
4.45695
2.84062
4.10275
4.29198
4.45358
4.22693
3.87659
4.22952
4.13586
4.02540
4.44760
4.50957
4.35594
4.24399
4.14478
4.40121
4.16461
4.40005
4.39639
3.90697
4.51411
4.42926
4.38921
4.48421
4.27480
4.13122
4.25804
3.51675
3.96953
4.43774
4.18972
4.41942
4.45305
4.25389
3.61549
4.02378
4.28047
4.52008
4.32013
4.49448
4.14914
4.50762
4.08614
4.38408
4.28847
4.47907
4.49787
4.48318
4.16239
4.06234
3.65468
4.33047
4.14013
3.54803
4.08301
4.45066
2.45348
4.54095
4.20620
4.45310
4.41548
4.34102
3.84294
4.48999
4.40497
4.28706
4.44921
4.48724
4.37893
4.03192
4.01688
3.82339
4.48597
4.01350
4.48966
4.32417
3.56229
4.44858
4.37480
4.06586
4.25163
4.43881
4.27323
4.05868
4.26643
4.49696
4.34788
4.32724
4.36498
3.88362
4.42824
4.38574
3.02266
3.96464
4.39836
4.43499
4.07055
4.19338
4.41872
4.46179
4.28080
2.68458
4.38353
4.47095
3.84818
4.44255
4.33162
3.71479
4.49321
4.52030
4.40123
4.11044
4.33359
4.37715
4.34862
4.45450
3.82429
4.33946
4.26806
4.23254
4.13027
4.12486
4.34948
4.36562
4.46192
4.27967
4.50461
4.44270
4.41787
4.41139
4.19639
4.05715
4.35573
3.70402
4.13088
4.46789
4.17323
4.02722
4.44125
4.02597
3.98001
4.48775
4.35311
3.59659
4.09407
4.35241
4.31635
4.29445
4.44739
4.40716
4.05683
4.05912
3.59338
4.38851
4.31560
4.31569
2.61777
4.33474
4.47883
4.48977
4.28756
4.13841
3.75196
4.25186
4.46847
3.76950
3.82825
4.42116
4.07723
4.11658
3.92920
3.66639
4.26035
4.36395
4.49208
4.28888
4.28479
4.44040
4.39528
4.26589
4.46825
4.47584
4.33571
4.46913
4.37528
4.16296
4.49026
4.50248
4.03826
3.83816
4.20936
4.06596
4.50004
4.31804
4.17776
4.09289
4.32020
4.03480
4.19710
4.21651
4.41276
4.49197
4.21809
3.87500
4.33189
2.30419
4.12977
2.19181
4.32575
4.40427
4.41110
3.37023
4.25484
4.05787
1.76758
4.42089
4.38406
4.10136
4.35704
4.35248
4.42338
3.66613
4.12152
4.51062
4.32468
3.72806
4.37438
4.47434
4.36409
4.45495
3.74027
4.35006
4.20311
4.28216
4.49735
4.43787
4.28418
4.35285
4.47676
4.51313
3.41314
3.95129
4.47976
4.39915
4.28942
4.39328
4.36215
4.47121
3.77576
4.46031
4.42404
4.46702
4.44436
3.48322
4.41485
4.43083
4.28147
4.23027
4.26819
4.04084
4.25491
4.29614
4.06981
4.38093
4.53073
4.25732
4.38636
4.48423
4.10648
4.25488
4.33495
1.80216
4.46032
4.38421
4.32453
3.09891
3.12963
4.21154
4.47962
4.35766
4.35500
3.74497
1.78840
4.46448
4.32966
3.21877
4.13783
4.38089
4.17689
4.26811
4.29843
4.35860
3.54507
3.53797
4.14883
4.38003
4.22526
4.25588
4.11911
4.43516
4.39513
3.63364
4.38961
3.98760
4.51620
4.43724
4.40592
4.21942
4.41352
4.28288
4.20200
4.30368
4.45905
3.96135
4.43339
4.14301
4.29115
4.30475
3.35456
4.37250
4.47645
4.42260
4.30330
4.29384
3.86122
4.40835
4.47654
4.40336
4.46314
4.44422
4.03964
4.25183
4.18084
4.00977
4.19527
4.46112
4.43369
3.53126
3.95045
4.45531
4.39798
4.49002
4.41184
4.46627
4.49489
4.37135
4.31867
4.39825
4.47306
4.47011
4.48678
4.44031
4.43339
4.01166
4.07861
2.80148
4.45787
4.24751
4.17708
3.02976
4.37392
4.25256
3.96267
3.33834
4.39694
4.40096
3.88848
4.37575
4.05434
4.41821
4.23824
4.31842
3.93251
3.82218
3.56318
4.42837
3.56042
4.35632
4.27580
4.12677
4.27909
4.49697
4.48108
4.48437
4.25663
4.48594
4.34227
4.46630
4.02613
4.22113
4.37514
4.40443
4.31239
4.48106
4.35436
3.81435
4.35034
4.16654
4.38853
3.88666
4.33823
4.24825
4.43895
4.38443
4.23089
3.70868
4.28728
4.39538
4.48659
4.09990
3.41345
3.36678
4.23953
4.01866
4.07392
4.29467
4.31696
4.43798
4.38433
1.98156
4.45530
3.99424
4.33250
4.21505
4.40391
4.29106
4.09983
4.45176
4.40340
4.39253
4.37016
3.78392
2.39526
3.34196
4.19886
4.52359
4.36784
4.33075
4.38720
4.36359
4.48864
3.93050
4.30794
4.45000
4.23964
4.25560
3.93821
4.48177
4.09939
4.08796
2.84563
4.53274
4.46138
4.17523
4.02422
4.47536
4.17689
4.29904
4.25885
4.39186
4.49260
4.19494
4.45473
4.17173
4.45658
4.43648
4.42219
3.86355
4.34617
4.46177
4.36208
3.77578
4.39367
4.36756
4.51201
4.38770
3.79817
4.41032
4.22274
4.21797
4.34376
4.38298
4.50764
4.34129
3.91689
2.74125
4.16573
4.17692
3.87445
4.42057
4.44970
3.83844
4.16111
2.31104
4.16813
3.55490
4.22975
3.90071
4.41815
4.39594
3.54066
3.96308
4.03194
4.46102
4.31426
4.18097
4.45472
3.99321
4.41711
4.05232
4.39636
4.14384
4.47222
4.36936
4.31831
4.30119
4.41767
4.09856
4.25509
4.15986
4.21003
3.96167
4.04936
4.48041
4.22649
4.11760
4.29453
2.99399
4.50063
4.45634
4.27692
4.49514
4.51343
4.25234
4.43479
4.34205
4.43732
4.45735
3.97537
4.07252
4.44876
2.49274
4.41601
4.43083
3.17274
4.46543
3.55192
4.23213
4.45730
3.63458
4.34559
4.14557
4.34270
3.52431
4.34294
3.95702
3.83078
4.13506
3.81659
4.24283
4.34736
4.27165
4.50717
3.87495
4.45403
4.37542
4.35444
4.42266
4.41359
2.93179
4.43241
4.30927
4.25429
4.39019
4.45881
4.51169
4.44616
2.85515
3.82788
3.62234
4.00509
4.37307
3.81206
4.30947
4.37635
4.09871
3.82324
2.79494
4.00636
4.07533
4.41198
3.97695
4.36513
4.39873
4.23777
2.67484
4.45789
4.05447
3.80168
4.42959
4.26632
4.44721
4.46327
4.04183
4.49451
3.60809
4.38249
3.50124
3.32217
3.92800
4.36506
4.02018
4.40752
4.26707
4.46924
4.40297
4.31317
4.11430
4.25590
4.46345
4.50113
4.36170
4.40930
4.44526
4.36580
4.39891
4.44062
4.14475
4.28326
4.20622
4.47943
4.48175
1.36485
4.50899
4.44431
4.21653
4.46792
4.30499
4.47287
4.06143
4.42311
4.36333
4.23253
4.38307
4.44453
4.17681
4.41188
4.24145
4.20806
4.18211
4.12016
4.44876
2.82270
4.25673
4.23259
4.48473
3.87252
4.34721
4.47696
4.39005
4.48679
4.29571
4.38283
4.48182
4.46298
3.95606
4.48773
4.49280
4.30180
4.21493
3.72767
3.79399
4.46329
3.49597
4.41310
4.33783
4.39153
4.48932
4.04624
3.81653
4.38127
4.44107
4.30058
3.65526
3.77428
4.35606
4.31659
4.40787
4.38246
4.38982
4.28082
4.33382
4.46325
3.40885
4.37132
3.81249
3.91045
3.89304
3.40188
2.95763
1.79509
4.48275
4.45012
4.37165
4.32189
4.31282
4.37288
3.57994
3.01318
4.30752
4.46873
4.18934
4.36463
4.48086
4.44803
3.36464
4.18343
4.39622
4.38459
4.43803
4.31643
4.10470
1.80433
4.39434
3.20096
4.45818
3.88035
4.49026
4.13137
3.61775
3.58869
4.42591
4.10601
4.47984
4.45044
4.45790
4.43480
3.92912
4.44091
4.16220
4.41571
4.00444
4.44404
2.48173
2.74131
4.43927
3.39310
4.25155
4.47037
3.83894
4.44420
4.20166
4.35309
4.45880
4.37006
4.32582
4.38704
4.26184
4.03146
3.93171
2.63501
4.35549
4.46480
4.49371
4.40455
4.50301
2.47127
3.78167
4.26164
4.39287
4.26081
3.96913
4.50396
3.62660
3.93630
4.16199
4.35723
3.18861
3.95489
4.47429
4.44819
4.19382
4.25718
4.04923
4.46567
4.34198
4.37151
4.15458
4.43998
3.45415
4.48326
4.30126
4.47633
4.20597
4.26445
4.47589
3.94171
4.32496
4.21519
4.43740
4.14390
4.40696
4.23179
3.66369
4.47584
4.50037
4.47496
4.39588
2.95602
4.13745
4.42342
4.32146
4.41703
2.60486
3.14628
4.40528
4.37370
3.97569
4.32057
4.42661
4.51926
3.74964
2.40220
4.48989
4.29682
4.27311
4.46488
4.45181
4.37531
4.52277
4.51314
4.37492
4.46108
4.46019
4.17246
4.35098
4.05699
4.41390
4.34413
4.21048
4.23492
4.27915
4.45607
3.64414
4.35673
4.38660
4.06644
4.44880
4.30867
4.37897
4.49102
4.47661
3.65498
4.39083
3.42370
4.15345
4.41826
4.41536
4.40812
4.31133
3.89467
3.88032
2.80726
4.26900
4.32224
4.50278
4.10009
4.47695
3.94097
4.52018
3.47230
4.07400
2.85816
4.51133
4.45821
4.18118
3.39909
4.26630
4.35284
4.48447
4.33212
2.46728
4.16314
3.92595
2.82754
4.45078
4.34880
4.43990
4.38702
4.51326
4.28025
4.20837
3.54198
2.92992
3.76911
4.38338
4.47152
4.05452
3.86887
4.15196
4.45417
4.47146
4.48475
4.45499
3.66585
4.22430
3.58583
2.37554
4.51542
4.45868
4.40011
4.39482
4.46198
4.39921
3.91261
4.01826
2.39979
4.07513
3.87654
4.43470
3.69400
4.16055
3.88377
2.73780
3.69184
4.38301
4.42879
4.21171
4.09427
4.09138
3.97265
3.71492
4.08971
4.24555
4.45094
4.31454
4.27221
4.43973
3.74458
4.02347
4.43347
4.46163
2.01805
4.46096
2.97880
4.45604
4.22462
3.87514
4.03656
4.14441
4.08792
4.44941
4.46182
4.12191
4.31635
4.08331
4.28413
3.75647
4.52185
4.37865
4.24703
4.00031
4.43726
4.47623
4.18079
4.41975
3.93022
4.46616
4.41356
4.38184
4.35999
4.17572
4.41976
4.39649
4.34782
3.91719
4.30650
4.41834
2.68236
4.51948
4.00140
4.38073
3.14263
3.95675
4.44162
4.41912
4.39729
4.40108
3.95011
4.45710
4.34203
4.43115
4.44510
3.78450
4.24117
4.14190
4.36497
4.10471
3.11776
4.08851
4.46751
2.93555
4.37086
4.46376
4.37067
2.93383
4.19049
4.39036
4.27546
3.96533
4.28436
4.41929
4.29591
4.08381
2.75710
4.31525
4.47238
4.36292
4.48840
4.52309
4.41187
4.37059
4.42770
4.42468
4.48731
4.44694
4.43066
3.82008
4.38677
4.34195
4.13967
3.92958
4.30842
4.43923
4.51947
4.41033
4.44202
4.43115
4.48139
4.49469
4.43990
3.82812
4.32173
4.02226
4.41166
4.27450
4.30697
4.27181
4.52043
4.09560
4.46001
2.92907
2.45456
4.30985
4.30777
4.36119
3.94409
4.24766
4.39800
4.32177
4.47507
4.44956
4.15514
4.16570
3.91636
4.43513
4.31136
3.63986
4.39472
4.30684
4.41694
4.23401
4.33905
4.39483
4.44418
4.17757
3.87297
4.31125
3.93373
4.46191
4.49485
4.39627
4.13535
4.39984
3.46569
4.27287
3.87860
4.21909
3.65650
3.20108
4.30505
4.35206
3.92512
3.82941
4.48248
4.44576
4.10250
4.16759
4.09493
4.49758
4.44088
4.42993
4.35408
4.31120
4.22613
4.47889
4.02862
4.38276
4.34280
4.35443
4.48171
3.82340
4.40930
2.70933
4.37968
4.44901
4.23826
4.44338
3.85628
2.22730
4.13344
3.06183
4.40363
4.20374
4.16362
4.21866
4.16465
4.22784
3.82797
4.05016
4.47713
4.50519
4.43189
2.91508
4.19435
4.35998
3.84189
4.32402
4.35592
4.11448
4.44808
4.02747
4.33102
4.15993
4.25413
4.36239
3.93853
4.44166
4.48092
4.20563
3.22024
4.38731
4.38855
4.46291
4.37629
4.17610
3.92417
3.10783
4.45746
3.58020
4.35273
4.28169
4.46204
4.38626
4.42571
4.38681
4.35526
4.26289
4.13091
4.28497
4.31378
4.43747
4.46178
2.24224
4.28798
4.34822
2.76721
4.48233
4.36815
4.31286
4.09880
4.25034
4.45806
4.44102
4.36959
4.21651
4.11067
4.15500
4.26724
4.48861
3.74293
4.30389
4.23724
4.46352
4.52927
4.49342
2.58005
4.21965
3.69071
4.48206
4.44653
3.90434
4.20916
4.19764
3.52084
4.44804
4.50398
3.99978
4.37530
4.35170
4.40751
4.46229
3.98368
4.47485
4.45347
4.37906
4.46438
4.03429
4.35325
3.79763
4.38224
4.28641
4.36748
4.02095
4.38963
3.98184
4.37689
4.37046
4.22003
4.45565
4.27695
3.54844
3.69261
4.30648
4.44434
4.34258
4.06063
4.43638
4.15842
4.07101
4.29268
3.76698
4.18937
4.27814
3.91611
4.47832
4.41720
4.37586
4.42037
3.90113
3.04903
4.52031
4.37736
3.88181
3.56255
4.02462
4.53943
4.26932
4.27920
4.24761
4.50573
4.48767
4.13384
4.12966
3.85835
4.20574
4.42629
3.35339
4.42757
4.42840
4.41190
4.37418
3.62734
4.14378
4.35752
4.39810
4.11736
4.37199
4.12709
4.42953
4.06650
4.36379
4.28222
4.10533
4.05398
3.42300
4.41303
4.44427
4.38622
3.66002
4.42641
4.30022
3.95184
4.06358
4.14445
4.34855
4.48945
4.43430
4.44493
4.44946
4.20424
3.36928
4.50953
4.13016
4.51523
4.26510
3.94330
4.46006
4.44007
4.00606
3.66456
4.29801
4.40945
4.31794
4.20287
4.51715
4.13402
4.37803
4.20999
4.35704
2.62086
4.25019
4.29993
3.70439
4.04771
4.42200
3.43784
4.08661
4.22959
4.34096
4.27665
2.88658
4.39370
4.40716
4.41073
4.45210
3.93074
4.45878
4.49470
4.43262
4.43696
3.69388
4.44131
4.29215
4.46651
1.96533
4.50438
4.10027
3.65172
4.12241
3.64268
4.27107
1.20891
3.53307
4.27822
4.29343
4.35726
4.46607
4.42287
3.95645
4.34061
4.49399
4.37348
4.22768
4.49480
4.30136
4.32822
4.26269
4.16302
4.16249
3.84336
4.45374
4.42013
4.24528
4.32443
3.82705
2.34273
4.38336
4.45416
3.67588
4.31304
2.00850
4.46155
4.45491
3.94036
4.41566
3.89850
4.15634
3.96021
4.47985
4.29690
4.29927
4.36405
2.58193
4.29637
4.18268
3.88543
3.99374
4.44146
3.85991
4.45060
4.19126
4.38520
4.42666
4.10654
3.80262
4.10186
4.11841
4.24527
4.49870
4.14315
4.25543
3.93801
4.39552
4.46576
4.11583
4.35740
4.38596
4.47234
4.04980
4.28948
4.33460
4.31978
3.95682
4.45555
3.04704
4.41456
2.93551
4.40547
3.65158
4.39714
4.31754
4.27285
2.55161
4.15919
4.42360
4.26543
3.17412
4.39091
4.11256
2.29448
4.51301
4.30796
3.39534
4.27065
4.20293
4.42578
4.34189
4.47219
3.49742
4.37688
4.43207
4.27963
4.37370
4.38032
3.35869
4.32063
4.08682
4.34855
4.36030
4.40382
3.82742
4.47101
3.88682
4.31870
3.88216
4.30075
4.43202
4.20355
3.18108
3.68549
4.08427
4.44911
4.22750
3.09768
2.77199
4.38564
4.30446
3.92099
4.46854
4.39006
4.41549
4.43099
4.28435
4.31552
4.33499
4.30251
4.02614
4.36750
4.43777
2.83589
4.26810
4.26293
4.35730
3.95402
4.24679
4.41944
4.19590
4.15571
4.50031
4.40277
3.65790
4.30841
4.38765
4.42781
1.60149
4.33853
4.40797
4.27812
3.88997
3.99719
4.43619
3.89101
4.26139
4.37337
3.83534
4.48596
4.26960
4.49333
4.44191
3.55279
4.12578
4.45181
4.40285
4.17597
4.00412
4.15318
4.47032
3.82233
4.34191
4.33385
3.58416
4.23922
4.08642
3.72721
3.73227
4.46312
4.11095
4.26286
4.49104
3.24924
4.48177
3.96135
4.39567
3.95694
4.16483
4.45778
4.30118
4.40738
4.41782
3.65614
4.41619
4.48782
3.39091
4.35048
4.41827
4.28988
4.31978
3.86165
4.35261
4.36382
3.65392
4.40255
4.20178
4.39145
2.20096
3.91895
2.14289
4.50537
2.83999
4.47311
4.17479
4.13618
4.39525
3.59062
4.25913
4.45280
4.10577
4.30532
4.51737
4.41571
3.90119
4.39301
4.17466
4.35668
4.50063
4.29952
4.30474
4.28043
4.18851
4.47143
4.19329
4.24951
4.27620
4.13404
4.42287
4.11598
4.43914
4.40352
4.33258
4.34956
4.47917
3.92035
4.23538
4.18628
4.08160
4.52323
4.10059
4.47889
4.10497
4.30784
4.22826
4.46716
3.10746
4.36456
4.35834
4.45348
3.94086
4.23430
4.41187
4.47710
4.13899
4.44263
4.41269
2.25881
4.23508
4.35292
2.27549
3.93655
4.43906
2.49547
4.48730
4.49630
4.41644
4.44386
4.40860
4.28622
4.12047
4.11393
4.41325
4.06728
4.32168
4.41365
4.51587
4.42603
4.47804
4.39396
4.48509
4.21620
4.13978
4.38613
4.17121
1.64706
4.41789
4.16286
4.32117
3.65196
4.30387
4.39024
4.30693
4.33265
3.87675
3.99245
4.26786
4.39896
4.29995
4.43890
4.45310
4.45629
4.32238
4.47527
3.77244
4.28124
4.34332
4.02921
4.23852
3.79099
3.86980
2.86552
3.65282
2.09912
4.37977
4.44809
2.88670
4.17739
4.41772
4.42110
4.44167
4.33116
4.45821
4.47099
4.44295
4.29538
4.22193
4.14069
4.28744
4.35270
4.22351
4.36976
4.13728
4.42894
4.48441
4.42577
4.46553
4.43810
4.35600
3.58256
3.83291
4.45747
4.35412
4.50554
3.93869
4.14347
3.66113
4.01527
4.04161
4.38634
3.32650
3.76919
4.07667
4.21399
4.39767
4.28466
3.28516
3.53119
4.35285
3.53759
4.36404
4.41204
4.16663
3.27223
4.41355
3.88462
4.45698
4.16973
4.43927
4.48396
3.96102
3.86022
4.13627
4.48638
4.47267
4.33721
4.48084
2.64909
4.40837
4.32117
3.98349
4.19580
4.36905
4.02605
4.35444
4.25225
4.23296
2.89375
3.91757
4.20527
4.39827
4.25696
4.24846
3.29251
3.81423
4.48990
4.32149
1.97046
4.50086
3.98366
4.40712
4.43747
4.33024
4.15733
4.48797
4.19750
4.40059
4.48893
4.43869
4.33671
4.38972
4.47252
4.48336
3.59318
4.14597
4.43087
4.27172
4.38553
3.76715
4.16477
4.36431
4.00167
4.49212
4.35724
3.82073
4.41798
3.83976
3.87390
4.28828
4.48411
4.49342
4.30125
2.88877
4.49527
4.41600
3.91202
4.27388
4.44450
4.36206
4.10739
4.44389
4.32276
4.05508
4.41320
3.93928
4.47620
4.47549
3.95819
3.99787
4.48700
4.43948
4.28605
3.70610
4.41128
4.29392
2.98772
4.39565
4.45058
4.32186
4.35818
4.10045
4.44315
4.09570
4.15379
4.42430
4.25568
2.25766
4.26215
4.46890
4.05358
4.45197
3.81291
4.20343
4.37012
4.03454
3.74190
4.31859
4.48304
4.22884
4.33507
4.24196
4.08319
4.42484
4.19560
4.46770
4.40314
2.19785
4.21116
3.23192
3.58138
4.40928
4.48880
4.46792
3.82915
3.93422
4.38898
3.20465
3.87891
4.47995
4.26599
3.13253
4.48746
4.34134
4.13335
4.41920
3.16767
4.45396
4.28119
4.30429
4.42384
3.64267
1.98342
4.43913
4.36395
3.76716
3.88419
4.28571
4.09666
3.55878
3.86698
4.44758
4.24824
4.39720
4.31191
3.90620
3.94369
4.50478
3.86695
4.50399
2.87831
3.61685
4.42013
4.20426
4.07375
4.40073
4.27649
3.95909
4.44891
4.41439
4.33010
4.02881
4.26353
4.13764
3.75948
4.38831
4.22766
4.32782
4.37724
4.49653
4.06520
4.07563
4.01483
4.40204
4.45935
4.43450
4.25297
4.40850
2.47978
4.44265
4.35476
3.92676
4.30253
3.52330
4.24741
2.73581
4.17135
4.15567
3.81385
4.43736
4.42733
4.34596
3.28924
4.39120
3.79191
4.36955
4.40796
4.24588
3.31866
4.46093
4.51219
4.13659
3.97785
4.40107
4.50608
3.18450
3.95926
4.44743
4.22711
4.33899
4.05746
4.11502
4.15948
4.09004
4.28641
4.30709
4.11009
4.50605
4.26075
4.20671
4.45245
4.43280
4.41137
4.17624
3.96336
4.46399
4.51611
2.02443
4.41908
4.39653
4.41455
4.27873
4.41484
3.90615
4.39532
4.23891
2.37712
4.45193
3.86277
3.88699
4.48608
3.89113
4.37243
4.41001
4.31649
4.34861
4.40878
4.39969
4.25047
4.33099
4.44574
3.93354
4.15625
2.31844
4.09247
4.49897
4.20853
4.00095
4.45226
4.03965
3.85946
3.76091
3.54133
4.42868
4.09600
4.44998
3.67888
4.47184
4.30335
4.16829
4.34122
3.92832
4.31483
4.24738
4.44700
4.36863
4.09072
4.24124
3.61371
4.23951
4.33080
4.38562
3.97554
4.50463
3.73696
4.34335
4.38337
4.32613
4.41405
4.40026
4.13778
3.72785
4.31444
4.17145
3.89095
4.05672
3.99020
3.57480
4.04619
4.39386
4.17325
3.63176
4.44676
4.14065
3.17010
4.10994
4.45566
4.05100
4.02146
4.04631
4.44843
4.49358
4.45416
4.31412
4.31176
4.18294
3.93397
4.23280
4.47558
4.35560
4.34110
3.26055
4.12570
4.09509
4.28227
4.46008
4.42378
4.16682
2.63314
3.94122
4.08330
4.47086
4.18207
4.31425
4.43226
4.43142
4.15946
4.40382
4.51586
4.51415
4.15058
4.38074
4.25556
4.41743
4.46486
4.39440
4.08720
4.40910
4.20070
4.28332
4.29452
4.36568
4.44770
4.27038
1.86604
4.48488
4.31805
3.38235
3.22178
4.28734
4.16112
3.66888
4.44240
4.18537
4.43384
4.40801
4.21256
2.72257
4.35862
4.44320
4.15539
3.93332
4.46404
4.13952
4.47637
3.66138
4.48704
4.12171
4.27714
4.45689
4.20507
2.88915
4.37502
4.42327
4.33510
3.86645
4.27157
4.35623
3.85067
4.25012
4.50191
4.49027
3.68883
3.77976
4.35725
3.97712
4.48230
4.43610
4.45572
3.64106
4.36532
4.37460
4.31394
4.35423
4.49173
4.02942
4.15140
3.46007
4.40838
4.45825
4.16492
4.41650
4.38855
4.37983
4.03622
3.34310
4.42601
4.43440
4.47427
4.40543
4.48968
4.39027
2.41317
4.41358
3.63710
4.47405
4.06989
4.07408
4.08701
4.42600
4.48655
4.32717
4.22446
4.40224
4.44477
4.20621
4.44967
4.25552
4.33631
4.50343
4.36321
4.11957
4.28511
4.40084
4.46425
4.33455
3.98585
4.51483
4.18812
4.27874
4.16142
4.31853
4.44633
4.36702
4.39381
4.29200
3.96148
4.39900
3.54041
4.33352
4.13037
4.39657
4.27003
4.08609
4.47549
3.97032
4.52325
4.45568
4.35482
3.06794
3.98654
4.38909
4.38807
4.39896
3.64548
4.43580
4.43691
4.48958
3.63036
4.37511
4.45992
2.20488
4.47087
4.00010
4.42058
4.27165
3.63046
4.28999
4.06081
4.39292
4.35299
4.38043
4.34138
4.34958
4.49028
4.51599
3.96642
4.31719
4.36338
4.25601
3.92003
2.35044
4.30310
4.49565
3.72455
4.49190
4.13927
2.71690
4.29926
4.03598
4.09252
4.43709
4.01848
3.88117
3.91650
4.02588
4.37431
3.71430
4.30341
4.42184
4.42284
4.17049
2.45224
2.90048
3.10987
4.39100
4.25507
4.20979
4.42580
3.47864
4.14457
4.37966
4.38256
4.10074
4.47819
4.19975
4.46209
4.53110
4.42658
4.43508
4.39298
4.43602
4.31096
3.59418
4.28106
4.11593
4.44882
3.31137
4.36282
4.41681
4.10464
4.26599
4.48751
4.25030
4.25654
4.38268
4.38131
4.43958
4.38729
4.20024
4.33592
4.47563
3.72333
2.21503
3.83581
4.43288
4.19367
3.37541
4.36670
4.28439
3.85215
4.32426
3.53675
3.39679
4.38655
4.39400
4.39104
4.47616
3.39297
4.43080
4.35041
4.44561
4.41026
4.36333
4.23005
3.87029
4.41244
4.43902
4.43552
4.34611
3.97944
4.39063
3.95092
4.41025
4.17740
4.51461
4.41905
4.42220
2.26168
2.89609
4.51036
4.24264
4.28577
2.58970
4.37206
4.37116
4.32924
4.44543
4.48293
4.41484
3.99807
3.05417
4.44885
4.34543
4.40264
4.44295
4.10009
4.39587
4.39896
4.39980
3.84008
4.35368
4.46107
4.25607
4.18462
4.16039
4.40698
4.39258
3.69175
4.13614
3.39689
4.24963
4.40535
4.48672
4.43200
4.30904
4.10792
4.49953
2.90882
4.40495
4.18943
3.79487
3.44508
4.35341
4.48259
4.48386
4.34880
4.40083
4.45420
4.31953
4.14868
4.05146
4.40491
4.29029
4.32232
4.45867
3.74087
4.33233
4.21186
4.14721
4.32836
4.47088
4.41824
4.40375
3.86144
4.30911
4.46819
4.37297
2.39969
4.38983
4.41524
4.43694
4.54701
4.23757
4.24810
4.06936
3.86771
3.98792
4.17139
4.41065
4.43314
4.48307
4.36159
4.43791
4.11384
4.37427
4.43882
4.20390
4.39135
3.45620
4.45204
4.28151
3.88102
4.47119
3.79864
4.42149
4.06027
4.49164
4.35036
4.05340
4.00760
4.43962
4.44053
4.52764
4.25586
4.32856
4.36089
4.48748
4.46075
4.31214
3.54181
4.33352
4.29216
4.44028
4.22928
4.23859
4.53731
4.36334
4.42836
4.48531
4.45571
4.25656
3.39308
4.45115
2.07953
4.39003
3.58691
3.79802
2.77700
4.06424
4.43829
4.01814
4.33723
4.46500
4.29793
4.17659
4.44420
4.36838
4.46947
2.29767
4.27461
4.33413
4.44622
4.42038
4.49001
4.34643
4.34640
2.77706
4.44442
4.41381
4.50592
2.57101
3.19595
4.48715
4.16745
4.38793
3.30839
3.57572
4.23584
4.29587
4.15353
4.32132
4.22620
4.43179
3.61445
4.01591
4.41144
4.37302
4.43568
3.56156
2.20847
3.93848
4.21037
3.39163
4.28708
4.25915
3.54806
4.30277
4.19410
4.41241
4.38188
4.33114
4.33902
4.50776
3.01861
4.47569
4.50394
4.16618
4.31196
4.45100
4.48606
4.28598
4.32722
4.43023
4.41357
3.61387
4.36571
4.37722
4.37572
4.27961
3.64055
4.48700
4.34387
4.19477
3.47404
4.36416
4.00589
4.00872
4.53414
4.34032
4.47069
3.91125
4.13582
4.45309
4.44222
4.45886
4.45170
4.20615
4.14104
4.37136
3.91935
4.32086
4.46437
4.41014
4.34360
4.25993
4.41842
4.47963
4.30107
4.10907
3.76992
4.24768
3.43016
4.40574
4.41486
2.47441
4.10896
4.00735
4.45563
4.27699
2.51254
4.06795
4.24913
3.71257
4.46122
3.85322
2.88436
3.92964
4.03174
4.35829
4.38743
2.65619
4.22616
4.33332
4.47062
4.01123
4.45384
4.46882
4.27910
4.01753
3.79552
4.05193
4.28312
3.63829
4.15817
4.33863
3.54944
3.77475
3.21319
4.51887
4.36692
2.61679
4.45086
4.46172
4.31541
3.50351
3.57548
4.20113
4.07647
3.80049
4.38291
4.21980
4.49681
4.46008
4.37701
4.41685
4.50335
4.45323
1.49677
4.39939
4.46308
4.22127
4.46945
4.07456
4.45958
4.48363
4.35213
3.15434
4.32854
4.35167
4.12054
4.46158
4.49109
4.49124
3.42797
3.92495
4.46504
3.58610
4.30227
4.49441
4.00665
4.33572
4.39225
3.89445
4.39742
4.42616
4.47711
4.38364
3.10022
4.34149
4.50385
4.21732
4.41616
4.34281
2.21509
3.44592
4.20063
4.41222
4.31563
4.34325
4.50328
4.44633
3.41674
4.15225
4.35360
4.38640
4.51116
4.43510
4.28914
4.22309
4.47728
3.96117
3.56728
4.44692
3.44686
4.20780
4.28863
4.47828
4.37627
3.76683
4.35642
4.46914
4.43862
4.31158
4.32838
4.35659
4.38708
4.02614
4.42963
4.46492
4.38485
4.35739
4.37990
4.48590
4.45196
4.43742
3.97397
4.08615
4.42740
4.43098
4.47772
4.43170
3.11732
4.44051
4.41256
4.49341
4.39703
4.48691
4.41191
4.49365
4.27346
4.44508
2.41169
4.43360
4.46908
4.12746
4.02392
4.47093
3.74184
1.96700
4.39963
4.43519
3.87477
3.56615
4.40877
3.70124
3.98879
4.39563
4.12228
4.21544
4.40125
2.29830
3.51198
4.27464
4.40702
4.48853
4.26540
3.73163
4.30522
4.39188
4.43608
4.30253
4.42411
3.65976
4.46429
4.51663
4.49499
4.45819
4.46764
4.08851
4.40210
4.29912
4.35637
4.44654
4.44155
4.40333
4.27801
4.44537
4.21224
3.26017
4.41352
4.42013
4.42930
4.22090
4.37112
4.40434
4.38450
4.41043
1.64417
4.28458
4.48131
3.86415
4.15238
4.50217
4.30020
4.46175
4.49781
4.32466
4.32143
4.33404
4.35819
4.11951
3.86519
4.44627
4.30926
3.87085
3.78148
4.48318
4.42964
3.77513
4.28702
3.80749
4.50535
3.94018
4.45674
4.45688
4.15809
3.35476
4.27994
3.67099
2.60269
4.27453
4.43214
4.42785
4.09051
4.41678
4.44141
3.92408
4.45599
4.00368
4.41792
1.41510
4.46365
3.58302
4.43905
4.03794
3.88557
4.36315
4.28341
4.31881
4.25684
3.88420
4.34902
4.44641
4.47791
3.77168
4.39499
2.43049
4.21256
4.20419
4.26959
3.83478
4.06532
3.19314
4.20073
4.19935
3.20633
4.28125
4.24974
4.44469
4.46586
3.42219
3.15797
4.34761
4.23666
2.63482
4.39451
4.24101
4.08296
4.34510
4.29016
4.38625
4.36979
4.46829
4.42642
4.48917
4.37228
3.95208
4.36836
4.53406
4.33173
4.40852
3.65076
4.34466
4.31291
4.31365
4.26134
4.48578
2.01309
4.42902
4.29890
4.27293
3.76609
4.45907
3.80459
4.53054
4.45926
4.14627
4.24906
4.50290
3.04629
4.08079
4.02245
3.84694
4.36481
4.45683
4.47387
4.09744
4.39776
4.07380
4.48885
3.02679
4.24045
4.15855
4.17615
4.43827
1.81196
4.09982
4.30619
4.27410
4.13589
4.38797
4.42808
4.32805
4.47761
4.00911
4.42220
3.47223
4.46761
4.02357
3.96414
4.41384
3.89157
4.17281
4.13875
4.49812
4.31239
2.83955
4.28978
4.41142
4.15868
4.37980
4.51340
4.29393
4.34878
4.46735
4.48415
4.38263
3.73591
3.80633
3.60257
4.37973
4.07183
4.20492
4.01846
4.35374
4.09188
