2.90143
2.74821
3.55251
4.15722
0.68499
3.03872
3.88607
3.82907
1.58565
2.26726
3.99244
3.88515
2.36358
0.70690
2.03565
2.35232
1.95502
3.86994
0.57215
0.62007
3.24178
2.82399
3.34465
4.01642
3.46384
0.75050
0.12654
1.00668
3.44150
3.73406
0.59143
1.68422
2.97319
3.75962
3.08393
3.69409
3.34114
4.03509
3.89691
2.20070
3.37396
3.34996
2.35756
2.07919
0.40761
1.13507
3.11114
2.66041
3.95969
3.94376
4.12928
3.94534
0.30633
3.73500
2.70015
3.71559
2.30957
1.25103
3.49820
2.21190
3.50554
3.54468
3.75046
3.18471
3.61386
2.66260
3.26933
3.17872
3.57152
1.85152
3.95267
3.99553
3.98850
3.61693
3.06065
3.27211
0.11501
2.55832
3.40511
2.35356
1.46331
3.02861
0.93946
3.01701
3.46693
3.11787
1.26894
3.35672
3.77888
2.56123
1.76029
2.06199
4.01425
3.32165
3.11870
3.97616
3.91597
4.09014
3.11347
3.97783
3.61787
2.59014
3.49951
3.68722
3.63265
0.24052
0.11929
1.74327
3.51620
3.67434
2.33561
1.13704
3.89898
2.85056
2.86841
1.94432
2.00814
3.11428
2.99472
0.11033
3.41871
3.99445
3.16792
2.95553
1.62530
2.27125
3.86575
3.69968
2.74602
3.90138
2.85092
1.40585
2.89218
3.62065
3.84898
2.21358
1.87258
3.96651
1.91856
0.56711
3.57295
3.07642
1.79053
3.83844
3.42713
1.42109
3.37407
0.00797
2.81370
3.59216
3.22231
3.66855
3.83366
3.32548
3.82374
3.84662
2.62204
0.25514
3.70559
2.81637
3.75650
2.55314
3.23876
2.54030
4.02045
2.31387
1.70772
4.07019
3.48753
3.09629
3.30709
3.96597
3.98769
3.92901
1.94119
3.19442
3.64830
2.04368
2.35463
2.55800
1.41069
3.84481
2.15046
3.28727
3.78453
3.16333
4.06475
1.80973
3.28605
2.43552
2.64712
3.28854
3.57198
1.89062
0.79078
1.53021
2.99605
3.55222
2.68143
1.61202
2.09573
2.69036
0.73817
0.70981
3.62808
2.38575
3.78719
0.99074
3.63319
4.04038
2.83455
3.34037
3.78931
3.80326
3.01721
3.40591
3.26145
2.03665
3.17303
2.68232
0.93462
3.46285
3.31059
4.13296
3.88983
3.68331
0.89861
0.71619
3.95137
2.51275
3.86716
1.41375
2.59321
1.36546
3.93466
3.35431
3.99066
3.69763
0.02423
3.15450
0.59573
0.67886
3.76485
3.94339
3.43272
2.69657
3.40602
4.06664
3.82590
2.53860
3.57927
2.70249
3.67489
0.57206
3.59934
3.81212
3.31849
4.02039
3.66547
2.67592
3.25367
1.78078
3.59556
3.67741
3.83309
4.08741
3.31957
3.40777
3.26932
3.26055
2.74974
3.84897
2.95662
3.52894
3.69372
3.17101
2.36020
3.90713
2.09569
1.86505
3.05858
1.76227
3.45064
3.48747
1.86753
3.83745
2.93159
3.88966
3.41992
3.58349
3.42084
3.42370
2.58492
3.41952
3.03786
2.91426
3.16270
3.60410
3.38338
3.33001
3.34100
3.65022
3.09419
3.63381
3.32367
3.43127
0.57535
3.77245
3.75408
1.99760
3.87339
2.68778
0.98801
3.29994
3.44676
4.11249
3.95483
3.85348
1.39097
1.22704
2.60816
3.65417
4.01535
1.05074
2.86573
3.67938
3.73098
3.46686
1.93494
4.04650
1.64144
3.85219
2.06527
3.21319
3.77534
0.78367
2.28754
3.93890
2.92877
3.19803
2.48303
4.10257
2.56603
2.23531
2.32738
3.68102
2.75440
3.71015
3.65793
4.07681
3.07175
3.90694
3.55924
3.20892
2.26209
3.52294
3.51214
3.68035
3.70228
3.94326
3.31125
0.12903
3.22431
1.12638
2.96654
2.24184
3.87628
3.09250
3.88346
3.80260
3.29417
0.53159
3.53260
3.18845
2.75661
3.66991
2.17602
0.38256
0.16883
3.84889
3.61602
2.88008
0.73990
3.94602
1.80355
3.73883
3.19494
2.45550
2.99829
3.42817
3.76142
2.71859
3.93207
1.99047
3.93412
3.57974
3.84848
3.27117
1.97687
2.89309
3.97352
3.81278
3.93546
3.93090
3.73916
3.54443
1.50370
2.37014
3.96287
3.79838
3.43705
3.93561
1.73321
4.26489
3.77798
3.84480
4.12470
2.67589
2.68772
3.39095
3.95511
3.67576
3.66793
3.30770
1.84143
1.63354
3.85163
2.77680
3.63151
3.40311
3.47819
3.57768
2.02930
3.78306
3.89294
3.93603
3.68019
2.84075
3.19936
3.55877
2.08156
1.54693
3.76629
3.24847
3.42898
2.42923
3.49710
2.63521
3.06920
3.26081
2.55692
3.73515
1.74454
2.22463
3.97056
3.01910
3.81193
3.75323
3.20570
2.92090
2.79629
0.46692
2.24793
3.94971
2.50344
3.64923
2.73569
2.53141
2.26271
2.70976
2.35935
3.59241
3.64457
3.43397
3.73829
2.73521
3.44183
3.46397
4.03117
2.80377
2.53372
3.72607
3.65037
3.94227
3.28827
3.06951
3.06099
1.97981
3.88499
3.48632
3.63884
1.86800
3.47286
3.79805
3.50848
3.63961
3.82741
3.55036
3.48654
1.21977
3.68872
3.57965
3.71895
3.20003
3.17401
1.45006
3.12168
3.33723
0.74855
3.08481
2.07586
3.38943
3.64223
3.58642
1.68761
0.30901
2.30014
3.65199
2.11555
2.51663
3.63401
4.16646
4.09446
3.97478
1.30096
3.06751
1.62013
3.27311
2.95139
3.11940
4.20160
2.77919
1.12708
1.06427
3.13321
3.08277
2.48416
3.81434
1.94151
3.52875
3.67583
3.53771
2.94816
3.34488
3.60477
3.24014
2.23420
3.72243
2.43021
2.64874
3.48658
3.65877
1.35747
3.94745
3.07942
3.01119
2.27594
2.26814
3.75255
1.39042
4.00637
3.55232
2.42006
3.41023
4.10695
3.39173
1.97396
2.52503
3.34380
4.05480
3.58939
1.28072
4.06175
3.12344
3.70210
3.63042
3.91373
2.91685
4.01615
2.00516
3.89522
3.17475
1.53273
1.91727
2.45966
1.93021
3.13314
3.58837
3.34319
3.87046
3.64499
2.87679
1.99414
0.76189
3.03181
3.22887
4.02187
2.23624
3.47203
3.83803
4.15276
1.71924
2.43196
4.11288
3.78114
3.64554
4.05045
3.88462
3.58635
2.95327
3.16427
1.33359
2.86339
3.34349
2.76194
1.26250
3.74398
3.13947
0.89686
2.75249
3.44133
0.09199
1.60083
3.40546
2.96679
3.76797
1.86587
4.16728
2.85614
0.22946
4.04514
3.52549
3.65828
3.92076
2.36505
2.63209
2.02920
3.31826
3.45603
3.23559
4.02759
3.97521
3.54318
2.89856
1.83407
2.79169
4.19486
0.13755
3.17998
1.96536
3.73771
3.96941
2.39017
3.84024
3.70214
2.69814
3.71519
3.45750
3.80324
3.86975
3.40741
4.08969
1.90359
4.08978
1.49137
0.00114
2.50851
3.65708
3.24739
3.80344
3.48081
2.53952
1.48127
3.68948
4.14629
2.54385
3.92888
1.58361
4.09325
1.11462
3.15123
3.61755
3.60168
2.98952
3.03701
3.45880
2.98894
3.59389
3.40660
3.73475
3.49750
3.76991
2.69793
1.91845
3.77878
3.91615
3.83546
1.33324
2.52062
2.40026
3.41533
3.62596
3.70560
3.76791
3.51136
3.41497
3.21041
3.19182
3.94032
3.66815
3.83899
2.87525
3.70135
3.70108
0.19088
1.25792
3.72357
4.01508
2.57710
1.80732
4.03137
1.94756
0.51824
4.01884
3.78382
2.36208
1.45655
3.83169
1.17154
3.07721
1.91416
3.83031
3.79144
3.18108
0.16953
2.98549
2.82719
3.74181
2.26621
3.73862
3.25970
3.71848
3.54203
4.06271
2.71662
2.00487
3.72687
2.52489
3.81228
0.11604
3.60594
3.90972
2.65871
3.43480
3.88082
1.63675
3.79419
3.86390
3.83705
3.03530
3.97506
3.02186
3.24655
1.15289
3.75035
3.41206
3.13108
3.74721
0.97967
3.67497
1.91911
1.39341
1.21056
2.61085
3.34636
3.88925
1.92455
3.32510
3.38878
3.38712
1.99773
3.85757
3.97480
3.45896
2.39247
1.19787
1.12515
3.68757
0.38060
3.83584
1.20767
3.81390
3.51605
2.69405
3.83403
3.35030
2.78423
3.11125
2.51979
3.98956
3.51867
0.54742
2.95896
2.43135
3.08912
2.34308
2.71463
0.55617
3.67623
3.20287
3.37245
4.10655
3.91279
1.73138
3.48804
3.03979
2.98694
1.77005
4.14625
1.91670
2.57252
3.82625
3.49677
3.73725
3.30503
2.89839
1.73506
4.01545
3.36583
4.01200
2.73874
1.19681
3.97693
3.30963
3.34326
1.91580
2.86326
0.72965
3.96979
1.36188
3.20539
1.06457
3.36338
3.83009
3.40297
3.55422
3.84467
3.77137
1.59613
3.89361
3.30701
2.59589
3.72880
2.00921
3.97958
3.81014
3.66941
4.05573
3.66420
3.53100
4.07158
2.00908
1.15867
3.14168
1.45218
2.91462
3.77605
3.02362
1.14054
2.95210
3.92847
3.50199
3.69044
0.10250
3.14119
2.67377
3.58365
4.05997
2.38173
3.08663
3.86744
3.08260
1.73604
3.43495
3.14968
3.21362
4.05100
2.57695
3.40100
1.24166
2.47961
0.77621
3.38192
3.95109
1.60895
2.72601
0.27960
3.90714
3.24349
3.27317
3.20466
3.81207
3.85642
2.75681
3.29976
0.81146
3.81482
2.66152
2.31999
3.54307
3.55824
2.34359
2.27696
1.15230
2.05921
4.05423
3.44493
4.23202
3.81161
3.57117
3.96741
3.45570
3.12627
3.23201
3.06495
2.65063
3.61122
3.25140
3.44335
3.67699
3.36594
1.16589
3.08115
1.60145
3.39822
0.11095
3.78466
3.68276
1.50259
3.74528
1.26352
0.43649
2.30156
1.33790
1.54053
1.25963
2.47082
3.80699
3.72672
2.68933
3.03583
3.99174
1.97701
3.42775
2.93745
3.47997
1.85198
3.42920
1.33723
3.38068
3.72108
2.06911
3.46190
3.79806
2.80780
3.50519
1.56527
2.68260
2.85941
3.26521
0.36908
3.62716
2.30589
2.08811
3.59527
2.60703
4.04311
1.72234
1.99488
4.20840
3.69636
2.44743
2.46836
3.48374
3.03852
3.53332
3.69450
3.66500
4.26890
3.68148
2.00634
2.93794
3.69343
3.23024
3.78156
4.10020
3.66419
3.62143
1.39283
3.96166
4.05077
1.55750
1.95679
2.98627
3.65298
4.21576
2.50743
3.91344
1.10576
3.61407
2.95512
3.38606
3.47222
4.02109
3.38997
1.71968
3.36546
4.06874
3.22536
2.19624
3.98171
1.42260
3.88425
2.68535
1.21766
3.37687
2.67618
0.52901
3.97070
1.62678
3.04896
2.98994
3.26841
3.78900
3.76534
3.52549
2.41371
2.90145
3.30041
2.10427
3.50839
2.60715
2.05878
2.04767
3.18510
2.20582
3.72771
4.03460
2.67727
2.65862
3.35909
3.43071
3.61049
2.50567
2.05268
3.72373
2.16002
3.44256
3.72225
3.97293
3.77812
3.94072
2.44838
2.38219
1.83734
3.73146
2.03455
3.73621
3.14432
3.00678
2.46312
3.63554
3.83806
1.89804
3.53099
2.36680
1.54877
2.88792
2.00823
3.94501
3.36122
3.50265
3.49396
1.74358
3.70680
3.70187
0.52026
3.56339
3.27909
1.89353
3.56779
3.93288
4.07486
2.59940
3.86266
2.11763
1.56829
0.94999
3.70256
2.53872
3.18872
3.62908
4.10332
3.37403
0.02673
3.96400
1.63260
1.11208
3.51963
1.81409
2.94708
2.98942
3.37549
2.41303
3.60772
2.14636
2.91446
3.17597
3.97311
3.25785
3.60782
3.54570
3.66629
4.01718
3.17350
3.84091
4.02531
3.48153
2.37137
3.25469
2.62286
3.55026
3.62046
3.77416
3.13603
3.03362
0.62584
2.74045
3.87718
3.71331
3.89893
3.01444
1.85899
3.63716
1.30017
2.27742
3.49429
3.67045
3.27342
3.39827
3.06242
3.06801
3.36650
2.48713
3.82227
1.76204
4.14048
1.51875
1.55403
1.70644
4.03192
2.80911
4.01842
2.94746
3.06588
3.74721
2.80827
3.22075
3.57365
3.67669
3.64047
3.07616
3.33882
2.71496
2.79696
3.96763
3.76674
3.23266
0.32717
3.66546
2.80284
3.01005
3.60734
3.60994
3.54283
3.16625
3.61766
4.18174
3.00656
3.32551
3.71498
3.35921
3.72955
1.96598
3.01897
3.31631
3.31050
3.42799
1.72640
2.54682
3.09545
3.99843
3.79834
3.54838
1.40745
2.36973
2.15172
3.49397
3.98612
2.39657
3.53168
3.76212
2.86516
1.00737
2.87115
3.41354
4.07433
3.85278
3.34130
3.90481
3.46681
2.05045
3.13540
1.13729
3.21229
0.99829
3.45410
3.34304
2.53100
2.02703
3.63334
2.83947
2.48880
3.44273
2.45334
0.87949
1.38733
2.37541
3.02903
3.93064
3.47787
3.99295
3.12258
3.38365
2.56226
2.83656
2.67824
2.50722
2.96704
2.73787
3.55363
3.07802
3.71633
3.92964
3.39508
2.45678
3.23202
3.81191
2.29696
3.17790
3.66441
3.34498
3.16777
3.93834
0.00483
0.62445
3.62312
4.03465
1.72266
0.89701
2.98889
2.37369
3.54374
4.14314
3.09299
3.29147
3.27418
3.77215
3.40608
2.05964
3.96665
3.93269
3.40975
3.91127
2.69162
1.41638
1.25775
3.99735
3.13488
2.39804
3.67744
2.83566
2.17066
2.58574
3.28631
2.71688
3.52180
3.78939
3.83229
3.59973
3.80192
3.45758
3.53370
2.94815
3.66473
3.75113
1.54894
3.01647
3.05212
2.03987
3.40394
3.28672
3.69436
3.53949
3.63474
3.86507
3.52321
1.26061
0.53665
3.89731
2.67132
2.70875
2.72305
2.24537
1.23472
3.43472
2.94244
2.72069
3.98071
3.00245
3.26309
3.07714
3.68922
2.45175
3.96283
1.59117
4.09295
1.91747
1.78229
3.94206
3.52260
0.23968
2.27048
3.96942
0.18204
3.66415
3.84731
2.69798
3.40248
3.43233
2.81097
3.76020
3.96086
3.96404
0.92042
0.26663
3.18388
2.08546
3.46412
3.71485
1.05170
2.29190
0.08389
2.40077
0.93325
2.50348
3.81535
3.59745
2.45421
2.08786
3.62405
3.99927
3.89473
0.84038
3.05010
3.90578
2.92639
3.83177
3.72281
3.80842
1.32287
3.27501
2.68226
3.72722
3.36608
2.72437
4.00160
3.23939
3.51727
2.77058
3.11885
3.35629
2.72942
1.36983
3.80308
3.23933
3.66514
1.91382
1.77203
3.68577
3.86010
1.64222
3.77636
3.37786
1.81588
3.64039
2.83407
3.36963
4.01874
3.10084
3.51356
3.62712
4.00363
3.80535
0.81543
0.44099
2.58551
1.31174
3.88837
2.43422
3.51005
3.38452
2.41770
3.96680
2.85311
3.51589
2.82003
3.05114
1.10394
3.52564
3.94911
3.73891
3.41426
2.96220
0.97302
1.65034
1.89117
3.43111
0.97741
3.71499
3.77461
2.58668
3.62880
3.82279
3.35606
2.62202
3.06849
2.38118
3.35646
3.59131
3.57417
2.00069
3.63087
4.06936
3.59863
2.26293
1.91622
0.75961
3.30827
1.99976
3.93245
2.75907
3.87661
3.51191
2.98966
3.28375
2.75782
3.65304
3.53339
0.88122
0.40698
3.00981
2.71327
3.06542
3.88756
2.46264
3.90477
2.41278
2.50043
3.51541
3.27652
2.87529
4.17064
3.51337
3.96246
0.94831
2.43147
2.53224
2.59969
3.28360
3.95952
2.76851
3.41419
3.79414
2.61836
0.34915
3.61825
2.83567
3.93480
3.86775
3.66803
2.89157
3.64033
4.06686
3.66777
3.67502
2.56084
2.39315
1.01544
3.55566
3.11568
3.84140
3.26175
3.63362
0.94206
3.31691
3.22171
3.74832
3.11676
3.60430
3.60855
3.72966
3.75683
4.05495
4.09214
0.44885
3.17224
4.05293
0.61976
3.86000
3.90710
3.67188
4.10942
1.81066
2.78280
1.86226
3.25450
2.57705
3.92280
2.04992
1.76063
3.15304
3.11007
3.27606
3.02465
3.34439
0.93687
3.92647
2.88353
3.68415
3.03646
3.29657
2.58795
3.76643
2.04221
3.44112
3.34868
3.11032
3.28092
3.37988
1.93538
3.59227
1.77109
2.47135
3.71640
3.28017
1.97789
3.88141
2.04901
3.64234
3.80753
3.50749
3.92045
3.72363
1.95851
2.98261
3.28336
2.75050
1.27586
2.22133
2.83042
3.74084
1.45223
3.71678
3.68180
3.83842
2.98993
3.68423
3.91409
1.68887
3.33652
4.01427
1.07559
1.48224
3.20215
1.29176
2.54899
3.46267
3.05479
0.36844
2.68623
3.40785
3.93831
3.79238
2.24053
3.41415
0.09019
2.80799
2.83498
3.11951
3.88842
3.80860
2.31975
3.91140
3.23015
4.16498
3.46384
2.77946
3.57307
3.68317
1.64948
3.06941
3.78316
3.86584
4.07781
0.93738
3.29737
1.40127
1.26768
3.61130
2.40439
2.75492
4.03495
2.92608
3.69382
3.68887
2.84465
1.10876
2.54828
2.83627
2.85171
0.75117
3.25259
3.86145
3.20052
3.82173
2.90249
3.24911
3.58966
3.88888
1.55340
3.68464
0.21138
3.07463
4.01997
3.96592
3.82726
1.74266
1.16259
0.36781
2.07618
3.79296
2.43947
3.00370
3.80574
2.96352
2.38255
1.03783
3.74395
3.58023
4.00997
2.06642
3.82298
4.16400
1.31505
0.35570
3.98573
1.66533
3.43962
3.49628
3.01923
2.70441
3.50646
2.60448
2.08574
4.00910
3.48876
4.01269
3.53900
4.16355
2.03524
2.76279
3.40437
1.84475
3.84811
1.43921
3.30932
3.51650
3.64824
2.12405
3.03369
2.20871
2.99552
3.55262
4.09431
4.00439
0.37161
3.10400
3.22528
3.10489
4.05057
3.70698
3.09456
0.38185
1.37907
3.94219
1.96780
3.92521
2.30840
2.81863
2.94703
3.94069
1.41892
3.81444
2.58836
3.57667
3.33385
3.70440
2.99242
3.79674
3.61603
3.77775
3.67696
3.52027
2.21143
3.52143
2.44278
3.69600
0.57987
2.87406
2.91998
2.82557
0.91308
1.02135
2.44468
2.49171
3.84369
3.78620
2.32907
1.31726
2.10393
2.68688
3.70906
3.34163
3.46155
3.56172
3.71053
4.11892
3.08413
3.33567
3.66470
3.00627
3.92794
1.94305
3.36372
2.90098
1.91344
3.73290
2.67418
2.64844
2.41989
2.99412
3.36539
2.36734
3.41386
3.26279
2.23564
3.46368
3.76840
3.74586
3.80104
0.52753
2.35979
3.90221
3.19155
3.27572
0.79224
3.76623
3.77220
2.65969
4.07273
2.92189
3.06725
3.78299
3.69896
3.98661
3.48148
2.81035
3.83010
3.90561
3.84552
4.05844
0.85060
2.06674
3.83024
4.06635
3.65803
3.06185
2.58006
3.54572
3.55812
3.94286
3.53746
2.44962
3.32966
4.02710
1.51014
3.51524
2.48972
2.33101
3.72995
3.86993
3.32150
1.92304
3.91382
2.00036
4.07771
3.10151
1.99438
3.58274
1.96385
2.70149
1.79104
2.78435
3.83885
2.54057
3.42408
0.75714
3.75279
3.13314
1.27485
3.51525
1.95887
3.93493
1.98539
2.10602
0.24618
3.90295
3.63009
2.21653
3.77163
3.08931
2.58359
2.53883
2.97792
2.85319
0.08158
3.78995
3.03358
0.63774
1.45198
4.04712
2.71016
0.84598
3.54070
3.55471
2.96360
3.11401
3.42514
3.12387
1.30284
1.24156
2.72833
2.88702
2.10391
3.96159
1.96725
1.83473
2.17101
1.24567
3.27441
3.28123
3.87703
3.66142
3.02183
2.21454
3.10823
3.86429
3.24281
3.48298
0.13241
1.41598
1.91302
3.64566
3.91897
0.81266
3.06910
2.87881
3.47459
3.44757
3.73889
3.81435
3.97035
1.10650
2.87494
2.17933
3.70517
3.63358
1.95088
0.76958
1.60969
1.86443
3.78630
3.76699
3.35965
2.70789
3.57631
3.69177
1.85806
4.04241
3.68739
3.23846
3.83087
3.72366
3.83887
0.44406
2.78701
3.14648
3.25602
2.99289
3.09261
2.00628
1.94223
0.89723
3.79995
2.11505
3.90139
3.57240
3.22693
2.84056
3.31931
3.44314
3.67160
1.22757
1.33284
3.64751
3.78682
1.39062
3.55073
3.57329
2.89550
3.87752
3.89550
3.08132
3.66712
2.79339
3.34181
3.92559
3.28492
1.24390
3.89090
3.55127
2.21237
0.05290
3.95687
3.95157
0.07705
2.11746
1.29312
3.21578
1.40019
2.87406
3.04172
3.88887
1.31726
1.56736
3.44105
3.92886
3.00832
3.86412
3.67485
3.68080
0.65515
2.98068
3.23313
2.83486
2.65406
3.51267
1.80089
3.86099
3.63832
3.57599
2.43797
3.58882
3.36001
3.77751
4.05541
2.31591
3.09083
2.26386
1.25639
2.18814
3.18554
3.94775
1.73412
3.72436
1.25482
3.20640
2.24237
3.69339
2.91731
1.94073
2.78986
1.79235
3.17568
2.73780
3.31514
0.04899
2.34175
2.18586
3.26755
3.65925
3.56789
0.49410
3.18169
3.25957
3.86948
3.79900
4.07364
3.51866
2.58124
2.31847
2.33430
2.72383
3.58268
3.83117
3.67152
0.36681
2.36149
2.55093
2.35572
3.71065
3.28476
3.22275
2.20942
3.91141
2.13519
1.48130
3.68685
3.75050
4.01888
3.71438
2.83176
1.09721
2.75123
0.02036
2.57778
3.58225
0.17053
3.77716
0.83921
2.86678
2.86286
4.11530
3.96969
3.39649
2.33374
3.55151
2.47904
3.33591
3.13379
3.68697
3.21206
2.89360
3.53321
3.72701
2.73066
1.74184
2.83512
3.84171
3.85390
1.89777
3.82650
1.78226
3.19282
2.48070
0.34750
2.03313
2.79322
3.15041
3.82572
1.44102
3.54610
3.44086
3.80680
3.58918
2.45762
3.79487
2.60828
2.55422
2.92820
3.41819
3.72181
4.04691
3.59173
3.22261
3.87509
3.61651
0.70131
4.09119
3.62097
1.47937
3.53234
3.71694
2.50471
0.89804
3.05266
3.67012
1.76711
4.08172
3.31944
2.46078
3.98757
3.45880
3.31828
3.49199
3.66804
3.94932
3.74615
2.66454
3.85358
3.86624
2.87942
2.49749
2.19651
1.01330
3.35881
1.52165
1.79093
3.06424
2.23422
3.35487
3.59894
2.77789
2.99737
3.52292
3.19578
3.71455
3.19669
1.48142
2.63436
4.15647
3.58469
0.55358
1.34558
3.57924
4.04883
3.70924
3.53595
1.59653
3.36786
0.25855
3.79867
2.38803
2.69671
3.29363
3.22265
4.02849
3.89729
3.32786
4.01619
3.19928
3.21710
3.52337
1.75299
2.60656
1.46419
3.59763
3.02804
3.95463
3.97619
2.11434
2.87947
0.56298
3.71337
2.67021
3.90337
3.31646
3.42920
1.92138
3.62827
2.03576
3.47474
0.77712
3.50053
1.64220
3.23310
3.67338
3.57553
3.98742
3.63363
3.62775
0.82262
2.51074
2.61699
3.34969
4.14222
3.31106
3.75704
3.78490
3.79764
3.55484
2.71078
1.29994
1.99492
3.60604
3.00375
4.01785
3.77005
2.71312
3.45596
3.74292
1.54993
2.01091
3.34874
3.17789
3.13142
3.97061
3.97884
0.65732
3.96696
2.52902
3.90678
3.27917
2.10981
0.34454
0.50903
3.71192
2.32670
1.06349
1.75359
3.46974
3.03550
3.20772
2.70489
2.30977
3.70330
0.48414
3.07534
3.07637
3.71701
2.52507
1.83788
2.74192
2.22664
0.99046
3.81009
1.55400
1.89684
2.85606
1.67449
3.67012
1.16060
2.43295
3.10690
3.41108
3.49359
3.64408
3.81949
2.53353
1.56578
1.14873
3.29276
3.99378
1.86648
3.92874
3.40469
2.17308
3.72495
3.65827
3.64361
3.73800
3.61351
2.28547
2.85545
3.61281
1.26708
2.64980
3.68317
3.05273
3.80092
2.64406
3.25105
2.28901
1.69296
2.37783
3.87705
2.77558
2.90023
3.72341
3.87895
3.18016
3.04534
3.81964
1.36802
3.95334
3.67885
0.30727
3.85184
4.09860
3.91635
3.34264
4.01947
1.56296
1.44301
3.16568
3.34432
3.46149
4.01855
3.99991
2.57024
3.28299
2.02707
1.33870
2.92219
2.10381
1.33735
3.10897
1.85660
3.79578
3.86351
3.77640
2.78608
3.81117
3.70863
0.33756
3.28807
3.74629
3.05525
4.07302
3.56232
2.94834
3.90516
1.86090
3.82406
4.16206
2.73642
3.95649
2.53829
3.64008
0.51881
3.87535
3.92560
1.82466
1.33913
1.68661
3.27872
3.68941
3.79171
3.25389
3.21525
2.76704
1.11697
3.56839
2.55739
3.77376
3.50981
3.13219
2.26464
3.53230
3.78008
3.02211
2.70716
1.04370
3.53223
0.61878
2.85801
3.34160
1.46328
2.95689
1.39997
3.93032
2.23068
1.77494
3.76952
2.53463
3.16505
3.19708
3.32155
2.46979
3.83654
2.84574
4.08857
3.04727
0.59143
2.75237
2.30336
2.37062
2.84701
0.98975
2.35095
3.72935
3.26332
4.05596
3.00533
3.83853
2.13489
1.24572
1.76883
3.66567
1.18109
2.30376
1.03746
3.74805
1.61026
3.84444
3.80030
3.79859
2.63774
1.53926
3.41313
3.28442
2.55256
2.50256
3.94381
3.17852
1.21837
4.12385
3.88190
3.70565
0.24746
3.43854
1.47601
3.89452
3.42005
3.32826
3.62202
2.56068
3.51944
2.31464
3.90930
2.44030
0.98772
1.97734
2.93105
2.22368
0.78720
2.69842
3.19776
3.97239
3.09395
3.49253
2.40107
1.15697
3.37120
3.94265
3.89243
3.43121
0.71749
1.23526
0.91290
3.74363
3.80968
1.25755
3.68047
3.92320
3.52861
1.81648
3.42233
2.68678
1.36444
3.69293
2.86132
4.23277
3.66316
3.39361
4.11539
3.18252
1.83684
4.03883
3.80016
3.90292
3.81031
3.20790
3.76459
2.91087
3.19794
2.66109
0.19700
3.44409
3.63052
2.55371
3.84170
3.25832
1.92935
2.32498
2.80882
3.12917
4.01434
2.80508
1.49152
2.96866
3.71550
3.79396
0.74501
1.16988
3.04748
3.95719
2.01702
3.62223
0.77539
2.77648
2.96096
4.00902
3.58116
3.88169
2.45123
3.73723
3.60436
4.04793
3.56316
4.14435
2.85653
0.53406
3.00530
3.16876
1.53457
3.54539
3.87827
2.64886
1.79565
3.01604
2.48182
2.10163
3.65183
2.72000
3.47781
3.01196
0.67660
0.19105
4.01787
3.08641
3.66570
3.85843
3.82010
0.07096
3.60633
2.66821
3.80549
2.71219
1.94783
1.52352
3.35727
3.22093
3.82372
3.80272
2.91961
2.22114
2.63645
3.46071
2.02893
3.23989
0.88087
3.60983
3.78841
3.06813
2.54973
3.63218
3.60302
3.98080
2.35702
2.45958
2.36920
4.13199
1.83355
1.30581
1.66046
2.23893
2.93013
3.51795
3.54711
3.43286
2.43704
4.11837
3.59424
3.34556
3.29393
3.98023
2.52798
1.81574
3.87673
2.92488
2.10027
3.67864
1.33718
3.74444
3.70487
3.65427
3.88272
3.58646
2.50851
2.99933
3.49186
2.71032
1.84752
2.89738
3.34810
2.73456
3.74951
3.04229
3.84863
2.13097
2.88416
3.73933
4.10206
3.81344
3.65625
3.73391
3.71617
3.73114
3.99651
2.58191
3.67341
3.96741
3.54088
3.59788
2.71686
2.78222
1.84798
2.53078
4.05917
2.08214
3.82582
2.57777
3.65457
3.65273
3.36292
3.05019
3.89162
1.67108
3.71276
3.84482
1.58392
2.64468
3.11034
2.65328
3.69763
3.45092
0.98049
1.53487
0.24338
1.66735
3.84112
3.47094
3.74163
3.99395
3.50504
3.19667
2.27556
3.77690
3.25796
0.78418
2.46628
3.43002
3.54226
3.20516
3.40779
3.55884
2.11223
3.90185
3.92945
3.63085
2.46706
3.90532
2.52598
3.60487
2.30424
3.73015
3.91401
3.04787
3.83675
3.79925
3.34060
2.89849
0.48324
3.85260
1.01351
3.93180
2.11256
3.30945
3.50467
2.78775
3.53497
2.07641
0.67031
3.79736
1.91683
3.04977
1.41353
3.66517
2.65353
3.01154
3.87473
3.75660
3.68692
3.87569
3.75590
3.41106
2.54182
0.83194
2.09852
3.66197
3.87058
3.82504
2.52455
0.94899
2.56297
1.89193
3.91750
3.22401
3.62103
3.40349
3.48925
3.77018
2.12470
3.61947
3.10375
2.50509
3.78482
2.50164
2.44557
1.53364
3.58253
3.61527
2.68112
2.50270
3.34703
2.36162
3.47721
3.51907
3.71600
2.37697
3.41021
3.79018
3.43226
3.93943
3.71385
3.98138
2.70915
2.56748
2.15473
3.06166
0.79460
2.62964
3.61925
3.78605
3.41278
2.51380
3.94161
3.90268
3.20035
3.63897
2.65137
3.76926
4.00805
3.20469
2.65783
4.00689
4.02061
3.75129
1.33317
1.79639
3.12288
3.69425
3.66183
4.01132
3.94701
3.08825
3.49147
1.42704
3.34779
3.93083
1.58616
3.87987
2.93009
0.40944
3.83960
1.97017
2.62413
2.12736
2.95562
3.67695
2.28538
3.50522
2.10754
3.21044
3.14159
2.73075
4.18232
3.73875
2.66621
0.54712
1.97471
3.33378
4.11887
2.20006
3.01456
3.76910
3.63963
3.54719
0.80458
3.92239
0.69042
1.03344
2.36602
3.72516
2.63453
1.28023
2.96522
2.86855
3.24761
3.13646
1.25791
3.91479
3.12694
3.71945
3.77375
4.07270
3.77475
3.46094
3.82651
0.96580
3.65472
4.12094
2.42551
3.80404
2.00163
3.74721
2.63286
1.23466
3.60184
3.77612
3.44608
3.68602
3.59889
2.89346
3.93108
3.37279
3.98991
3.74595
1.58110
1.34203
3.18267
3.96792
0.23175
3.52155
0.18398
3.34042
4.06274
2.65917
3.87335
3.36333
3.09374
3.66928
3.00487
3.44222
3.51348
3.53729
3.53079
3.86918
3.55983
2.39113
3.40381
3.05080
4.04036
0.95812
2.97940
1.73930
3.03362
3.87314
1.42648
2.69561
2.72298
4.05363
3.57003
2.91179
3.42606
3.53333
3.75384
0.99527
0.60464
3.88543
2.43780
3.59402
3.07491
3.71980
3.78205
3.52280
3.93708
2.85559
2.31019
3.52747
3.82071
0.13772
3.72976
3.63803
2.85330
1.49203
1.68326
3.32561
3.30832
3.91100
3.96172
1.21823
3.79666
1.16193
1.52496
4.02217
2.06450
3.71992
3.67872
0.36879
2.26242
3.41661
3.97352
3.97918
2.44902
4.04305
2.31310
2.53094
3.74452
1.87920
1.16794
3.62347
3.87258
2.93385
1.53051
3.78680
3.59415
3.61390
1.98838
3.81169
3.92541
2.12402
3.50613
3.91647
3.85986
2.42848
2.87017
3.66372
2.27576
1.65904
3.80238
3.06420
1.85748
3.75851
3.55119
3.71901
1.88679
3.92155
1.08691
4.00564
3.50789
3.68288
1.78367
0.25433
3.98453
3.66921
2.24974
2.41380
3.71768
3.38417
2.61117
2.74576
3.70673
2.30480
3.12705
2.36939
3.68217
3.88666
3.90874
1.10968
3.11814
3.75351
4.06336
2.45563
3.82207
2.15579
1.10093
2.97981
3.64248
1.70653
2.77072
3.35392
3.27290
1.17082
3.75226
3.23675
3.93048
3.16339
4.00430
2.86045
1.70760
3.35212
4.10656
0.40073
3.89584
3.15830
3.71115
3.73199
3.92299
3.75303
3.77632
2.29430
1.94917
2.88527
4.05399
3.72090
3.92873
3.88919
3.89724
1.29550
3.18142
3.70710
3.61419
3.32272
2.11731
2.74831
2.87782
3.78339
1.36052
3.79361
0.87106
3.82798
1.04863
1.36422
3.74546
3.38436
3.78844
3.45565
2.57637
3.54044
1.43315
3.33903
3.99263
3.94708
3.14815
3.60525
4.15489
3.59223
3.61703
3.55843
3.34748
1.86435
3.27366
2.30209
0.56138
3.57043
3.64978
3.17428
3.13252
3.23380
3.93221
1.05831
3.31213
1.96182
0.87088
3.81594
3.05885
4.01765
3.50387
2.44219
4.01726
1.68257
3.28426
3.02079
3.29260
3.64514
3.97621
2.92870
3.21526
3.14289
3.66222
1.46889
3.09333
3.84077
3.50365
4.02394
3.75919
0.83971
3.07116
3.82865
3.59162
2.65097
4.02737
3.95110
1.98390
3.89622
3.64387
3.73086
3.13339
3.11229
4.15117
3.52561
2.72300
1.59126
4.19802
2.15774
1.93419
1.72033
2.94218
1.97452
2.78785
3.55099
3.60776
0.18301
3.68073
3.21437
3.89764
2.46926
3.17236
3.32966
0.88477
1.54331
3.85390
3.18197
3.13122
3.88980
2.69952
3.14495
3.66471
0.90108
3.88964
3.29901
3.75128
3.23728
3.64418
1.97146
3.74489
1.56552
1.64307
3.49059
3.79103
3.63282
3.51076
2.34925
3.55913
1.84328
3.52161
0.40150
3.12053
3.53755
0.82091
3.50381
1.87578
3.65051
3.42783
3.11881
2.59401
2.48413
3.42839
3.42054
2.09231
0.23931
1.97313
2.72546
3.60322
2.41609
3.99654
4.02001
3.81698
3.34603
3.50376
2.50508
3.31137
3.50561
3.82948
3.78022
3.58259
2.56044
3.69625
2.34755
2.95245
3.67314
3.96485
3.92306
2.75794
3.34200
1.34099
2.58340
3.65132
3.60537
3.42510
4.16277
4.13544
2.26272
1.62338
3.42149
3.73190
4.06022
3.62040
3.79991
3.32170
1.36752
1.14352
1.74391
2.28803
1.95151
3.93115
3.89789
1.07659
3.20503
4.06571
2.18971
3.47826
3.83331
1.82462
2.97072
2.03101
3.42205
3.53431
2.62625
3.72128
4.10654
3.82184
3.64655
3.56145
2.89989
1.62748
3.30848
3.59840
3.47957
3.18922
3.36344
3.57446
3.69026
1.79267
4.08209
3.47713
3.68768
1.73105
3.63800
2.72607
3.40183
1.79969
3.96413
2.80338
2.11892
2.99452
3.64261
3.87015
3.66486
2.97305
3.31829
3.35405
3.73002
1.65111
3.42219
3.67632
3.72067
3.16969
3.97459
3.65242
3.96976
4.01219
3.66922
3.21363
3.20041
2.78723
2.33141
3.92492
0.66481
2.66114
4.05316
3.89682
3.06425
2.79420
1.50895
3.55723
3.38074
1.76037
3.67854
1.52584
3.63016
3.16468
2.96550
3.14807
3.75623
3.23412
2.48069
1.35500
3.44030
2.57704
2.69049
3.27752
2.28764
2.75206
2.48675
0.14307
3.33396
2.36067
3.39154
1.59997
0.38230
1.52701
3.60031
3.94488
3.41033
3.27205
2.77353
2.40696
1.82964
1.78351
3.10074
2.17006
3.71380
3.37070
1.25103
2.52596
2.97865
0.66284
3.02857
4.03451
0.45469
0.88238
3.80680
3.13631
2.11705
3.81321
3.52235
3.25654
3.39094
3.83723
3.12782
1.72320
2.11597
3.63284
2.99633
3.65770
3.12592
3.64445
3.50127
3.70122
3.88689
3.39998
3.46396
4.06023
0.25022
3.34554
1.15219
3.49782
4.04630
3.19679
3.27333
4.16824
0.41988
3.78052
2.57497
0.62223
2.55784
3.58905
3.15949
3.44756
2.77687
2.50723
3.82829
3.72467
3.11274
3.49525
3.65697
4.11957
4.09925
3.97263
2.56919
2.97513
2.87272
2.90571
3.27897
1.90619
3.45185
3.57264
3.91241
3.89336
1.99736
3.58530
3.51367
2.78168
3.22975
1.76855
3.25271
3.81756
3.50688
1.75848
3.05979
2.98596
2.82223
3.61505
3.67525
3.78647
1.83589
3.23170
3.92973
0.10898
3.30801
3.67442
4.08123
2.07084
1.22233
2.70150
3.60387
3.73314
3.73786
3.34480
1.19550
1.72079
0.17446
2.75747
3.40174
2.26310
4.09811
3.68504
2.53077
4.05586
4.01034
2.70071
4.14709
2.93868
3.83360
3.92804
1.93469
3.91945
2.40576
2.98117
2.69045
2.88838
2.54725
0.26884
4.21401
3.87954
0.81140
3.27499
2.93952
3.38777
3.82773
2.74387
4.03456
2.05107
3.88317
3.60586
3.73739
2.35467
1.43420
1.52390
2.17292
4.00264
2.96307
3.92926
3.05471
0.99228
0.91462
0.95438
3.41718
3.73462
2.00765
3.58512
2.11824
2.73434
1.96047
3.82210
3.61082
0.27196
0.86302
2.60788
3.66607
2.89571
3.88345
2.64157
2.81120
2.67854
1.51896
3.68260
2.87912
2.59495
3.89457
3.48096
3.06974
3.12502
3.53606
2.14460
2.26347
3.90341
3.79948
2.84058
3.84545
1.86417
3.17919
3.67503
1.12275
3.81563
2.63754
2.23976
3.60808
3.16620
3.96524
3.77528
3.50822
3.72634
4.12949
3.71519
3.75781
1.11739
3.10202
1.82918
2.04733
3.90478
3.10800
2.33984
3.91692
2.35855
3.48085
3.46098
2.73515
2.46266
3.63484
3.45493
1.48145
4.02737
3.63136
2.74523
3.15617
2.17941
0.84924
2.30011
3.38572
3.87171
4.12366
3.80374
2.20456
3.86310
3.94109
2.83845
1.36918
2.24304
3.62428
2.54621
3.44192
3.66860
2.94928
3.16786
3.63017
3.92174
3.53185
3.74625
2.04823
4.00574
0.60679
3.29663
3.20458
2.88964
2.74078
3.13204
3.20926
2.95076
2.75995
3.24928
3.99819
3.73957
3.44983
2.48184
4.07183
3.07370
3.34477
0.45787
3.47814
3.31399
2.23515
1.83277
3.92913
3.62253
0.21308
3.64634
2.83731
1.63848
3.06651
3.74923
3.64039
0.03528
2.36080
2.85396
3.53033
3.84779
0.52139
0.86620
0.67079
3.75975
0.19661
3.70358
4.04100
3.46253
3.67881
2.33185
1.52259
3.61368
3.47935
1.76471
3.25021
2.90656
1.67821
3.64018
2.44063
3.55801
3.05020
0.54593
3.84948
2.78594
3.68453
3.89089
2.31973
3.07976
4.06843
2.56229
3.27368
2.44937
0.26896
2.10329
2.02124
3.69483
1.18860
3.50539
3.17188
3.45698
3.06056
2.88859
1.65823
3.35727
1.82231
3.77761
3.79287
3.48565
3.91949
2.23968
2.93775
3.24519
3.46950
3.49602
3.12703
3.14096
3.90474
1.89068
2.64122
2.20175
2.19177
1.66882
3.42787
3.11543
3.07628
3.60433
3.86374
3.23104
3.59579
3.73614
2.11875
2.78954
3.57113
3.96288
3.35625
3.40626
3.64797
3.60809
3.91474
2.50130
0.91355
1.14466
3.27180
3.75754
2.31423
2.47249
3.76698
0.59615
3.40152
3.90520
3.57322
3.65119
0.75146
3.76897
3.99251
3.29142
3.98604
3.83402
3.57034
3.97992
2.21736
3.66764
0.00470
3.74736
3.63678
2.83654
3.66614
3.12314
3.59671
2.50957
2.86832
1.64093
3.04938
1.04656
1.56701
3.00629
3.40021
3.28169
3.71018
2.71441
4.24774
0.39629
3.33184
3.46680
2.20586
0.58885
3.40445
3.80389
1.56696
3.61767
2.73838
3.18055
2.43308
3.36423
1.12418
1.87553
3.10452
1.79630
3.71445
2.51710
2.40966
2.99196
3.47475
3.35491
2.26103
3.55894
3.69478
2.27359
4.28188
2.94559
2.14668
3.96806
1.66015
3.10311
3.80838
3.95295
3.97089
4.20499
3.65281
3.53295
1.30170
2.61176
3.19982
3.20201
1.20743
3.77491
3.98921
3.22931
3.63500
3.93621
3.82112
2.15535
2.92539
2.47277
4.12393
3.48894
3.23031
2.76679
3.41816
1.46744
3.96597
3.98567
2.74556
1.15220
2.84527
3.27501
2.58212
3.47242
3.88956
1.84129
3.23795
2.50981
2.46989
3.41304
3.41555
3.67988
0.36769
3.73886
2.34324
3.45446
1.60688
3.03329
3.18653
2.78011
3.31844
2.12494
2.98973
3.84646
4.14828
3.63000
2.17127
4.18300
3.88334
1.01818
3.42093
0.23194
3.52059
2.19783
3.21441
2.96898
1.77461
3.99463
2.55098
3.17129
3.44727
3.67012
3.89939
2.66356
3.49203
3.51509
3.43553
2.55191
3.76848
4.02840
2.29266
3.64389
3.47592
2.93067
3.09811
3.72866
2.86734
1.37312
2.44901
3.54027
2.86744
1.64957
2.07957
1.68583
1.70174
4.15920
3.79983
2.59224
2.23437
3.38999
3.39255
4.14291
3.49335
2.61778
3.94615
2.77208
1.34219
3.59984
2.85079
3.82717
2.56483
1.31009
1.47936
4.11359
3.52849
2.81949
3.23482
3.62178
3.81664
2.86184
3.22967
2.46778
1.72381
3.55327
3.25958
1.27134
3.57005
0.28964
0.47592
3.70002
3.66349
4.18828
3.47056
2.86092
3.53752
3.51456
3.03102
3.57444
3.50344
3.71400
1.28506
3.94145
3.29248
3.21540
3.68957
4.13228
3.06980
4.29400
3.28479
2.86104
2.47338
3.38635
2.65331
3.10286
3.46646
3.94027
2.76331
2.74610
3.38059
3.30242
0.70349
1.71205
2.74558
3.71576
2.08206
3.64950
1.74536
0.42276
3.88007
3.53535
3.54745
3.57693
1.99280
3.47935
3.54658
3.38970
3.86364
3.94678
3.75577
1.06303
2.45847
3.91755
3.86686
0.73401
2.62851
4.01121
1.86236
2.32207
2.68790
3.41341
0.76255
3.67433
2.14718
0.16090
3.65970
3.87330
0.60185
3.08054
3.79924
3.02603
3.56436
3.20249
3.50714
4.10333
1.02233
0.88520
3.66093
3.44216
2.40474
1.89805
1.28922
1.94209
3.58636
3.31935
3.56921
3.91309
3.87832
3.70618
3.38062
0.95737
1.63356
3.73753
3.72490
3.41215
2.60751
3.31364
0.97932
3.91665
2.61724
3.28744
0.90374
3.57083
3.08708
2.05947
3.64996
3.74956
2.62270
3.69978
3.70843
3.69376
3.58152
3.80188
2.91955
3.22006
3.96862
2.94800
3.44600
1.63891
3.37284
3.53848
2.63039
3.27363
3.03193
2.98615
2.09232
1.77065
3.00883
3.70182
3.75321
3.79457
3.57483
3.34465
2.76206
3.90013
3.68927
2.04126
3.70568
2.88262
3.38592
1.44011
3.55904
3.36817
2.22824
3.64971
3.00353
3.40723
3.39252
3.06435
1.07458
3.05400
1.78582
2.73601
3.10599
2.46546
3.63812
3.54101
1.47956
3.12081
3.78885
2.00403
2.09202
3.90945
3.17964
3.75014
3.55561
3.79579
0.93367
3.24992
3.75355
4.08668
2.57119
3.77195
2.00523
0.92288
3.55517
3.80986
3.60277
2.30318
1.91783
2.11522
2.93706
3.35000
3.27151
3.83273
3.73623
1.76880
1.32917
2.18548
2.55587
4.05403
3.68887
3.58344
4.05869
3.65941
2.92960
2.70778
3.19609
1.57670
1.61291
3.52499
3.51043
3.33554
1.34817
3.75227
2.06812
2.65871
4.00308
3.25819
3.94294
3.29245
3.51542
1.79767
3.34700
1.39027
3.53964
3.63077
3.56994
1.43776
0.23909
2.76316
2.83254
3.00072
2.44890
3.87675
2.53742
1.19526
3.93418
4.16769
0.05557
3.26992
2.71514
1.40480
4.10198
3.79323
3.09932
4.04566
2.00860
3.45271
2.27846
3.00206
3.59964
3.03925
3.74982
3.67836
4.08004
3.32348
3.47117
2.33631
4.02089
2.14487
2.14292
3.86875
3.57537
3.14207
3.65717
0.86805
3.36035
2.45874
2.72369
3.03280
3.94376
3.02508
1.49890
3.14001
3.74324
1.48553
3.13680
3.07131
2.59250
0.78809
3.50533
3.98498
2.21166
3.88724
3.33480
2.32830
3.77707
3.75171
3.91801
3.66886
3.72835
2.33490
3.96108
3.82399
2.35876
2.10601
2.92694
0.94878
3.58128
2.77130
2.89293
3.70403
1.55622
3.86193
2.02634
3.30244
1.21877
0.91376
2.52332
2.32084
2.65945
3.86052
3.66987
2.76484
3.61162
3.48157
3.21056
3.97791
2.53025
3.98800
2.67740
2.86099
2.14015
3.42597
1.33653
3.64140
3.54576
2.34112
2.93330
2.14368
3.45605
2.77473
3.83999
4.13327
3.77368
3.24001
3.37725
1.10085
3.58733
3.79275
1.86461
2.03342
0.89108
0.26572
3.43457
2.73302
3.03975
1.30202
2.73380
2.25831
3.31579
0.90625
1.13604
3.82534
3.95539
3.82770
2.34106
3.48255
4.03071
1.19342
3.91959
2.49341
3.55717
2.50284
3.36950
1.44657
1.51686
2.46585
2.02409
3.26096
1.07604
3.72531
2.17846
3.83724
1.38893
4.15114
3.80412
3.86159
3.75298
2.75924
0.58123
3.83275
3.51849
3.81093
3.68715
3.11719
1.25387
1.72638
2.87970
3.90439
2.84504
2.57335
3.11751
0.90410
0.42869
3.85717
3.12085
1.96405
3.61149
3.69132
4.01383
3.67598
3.80741
2.79227
3.69345
0.35383
3.76428
2.80524
3.71574
3.39062
2.77241
1.95682
3.88547
3.02974
3.94193
2.51004
2.90797
2.48674
3.93229
3.86703
2.54749
3.77218
4.00054
3.75983
1.04710
4.08078
2.98728
3.41362
3.79896
3.18480
3.54642
2.93635
0.93079
3.85639
3.36594
3.94224
4.11105
3.78009
3.33172
3.73686
3.34938
2.13298
1.66629
3.80580
2.81547
1.63886
3.44195
2.65812
3.60098
3.55720
2.23724
2.08278
3.99313
3.85372
3.72743
3.36141
3.83717
1.79003
3.51838
3.69710
3.68450
3.63262
2.55766
3.94461
1.66003
3.05468
1.60067
3.72827
2.77052
4.05196
2.49791
2.91180
3.92472
3.76871
2.85627
0.46067
3.38539
3.72607
1.38416
3.57933
3.76355
2.59080
4.06274
3.56761
3.95486
4.16041
2.02282
3.68507
4.19298
3.29902
2.70665
3.68812
3.29146
2.98780
4.09741
1.35998
1.29704
0.45286
3.90172
3.62124
3.81325
4.04043
2.67667
3.04573
2.61210
1.48700
3.01296
3.89157
4.04382
2.42440
3.40542
0.63645
3.96565
3.61691
3.21119
3.31344
1.84108
1.65249
3.92873
3.00903
3.90367
4.16574
3.40527
2.93232
3.46144
3.30710
3.99121
1.38295
2.73352
3.95113
3.88049
2.89258
3.82623
3.20249
3.05958
2.57000
3.40579
3.07365
2.66961
2.34727
3.61723
3.45418
3.01565
1.86636
2.35669
4.00382
2.77155
3.56038
4.16773
3.86731
3.76735
3.19043
4.09929
2.02887
3.57348
3.62370
1.03511
3.27638
3.74777
3.95952
1.12187
3.88174
4.12484
3.71582
3.70577
3.77918
2.87903
1.11575
1.77811
3.48223
3.99809
3.54728
2.28763
2.67564
1.51429
2.19317
3.79813
3.87383
0.70908
0.30506
3.86847
4.02563
3.12151
2.82529
2.85474
3.55927
3.51445
3.83894
2.05891
2.80112
4.06234
1.30648
3.83342
3.62671
3.80327
2.54514
3.51157
2.17506
2.51657
3.09097
2.14556
1.03134
3.69318
3.04684
3.73681
3.59584
3.11718
3.07678
3.89543
3.47941
1.99761
4.04315
4.01894
3.79482
3.02796
3.42069
3.87204
3.63101
3.94606
3.25677
3.78454
3.75664
2.00808
3.12101
2.87108
3.85657
3.91306
1.66536
3.59922
3.72548
3.79401
1.30196
3.88938
3.01168
2.84176
4.04067
3.71046
3.09075
2.89886
3.79534
3.79182
1.80243
3.56001
3.10579
3.91541
3.94931
2.79169
3.60645
1.97398
3.97045
2.88793
3.82257
4.09509
3.18238
3.43425
1.23211
3.02254
2.31596
4.02460
1.51875
4.24152
3.19942
3.48554
2.80217
3.86050
2.88519
3.85131
3.79692
3.71633
0.99887
0.93900
2.28237
4.16211
3.55665
3.98418
3.38507
3.16014
1.70403
3.07070
3.16815
3.97754
4.18472
3.76804
3.46050
3.59850
3.28427
3.39120
3.30730
2.24289
3.31198
1.27678
1.26118
2.50011
2.61815
3.85096
3.01885
2.50655
1.75836
3.97575
2.62698
3.62355
2.07726
3.38372
3.28628
3.52482
3.80175
2.82662
0.30769
3.42936
3.46129
2.13559
3.11985
3.45089
1.22960
3.98105
1.09499
2.53475
2.69572
3.47535
4.17522
2.47110
3.74099
1.92640
1.47527
3.54513
2.25894
1.58855
3.19530
1.47227
3.66290
1.39291
2.54204
2.53457
1.34084
3.74552
2.62684
4.06942
2.03334
3.63897
3.10938
2.10688
2.98107
2.50498
2.68912
2.37172
2.91119
1.46415
3.67227
2.67440
2.89056
1.13338
3.51153
2.36665
3.39624
1.73574
3.91017
3.65187
3.79795
4.10460
2.72157
2.16322
3.83442
3.72607
3.96281
1.47829
3.43065
0.73943
3.15853
3.02890
3.41022
3.55376
3.37014
1.20207
3.15098
3.93222
1.07764
3.36015
2.54008
2.01783
3.34865
3.27131
3.36388
2.96651
3.78208
4.05087
3.08449
0.76915
3.48569
3.56187
3.60925
2.31264
3.32661
1.49154
2.64510
3.87682
3.98718
1.03637
3.40738
2.29277
1.12749
3.23437
3.85194
3.45793
1.01996
2.77194
2.62806
2.73436
3.57569
3.20822
3.83748
3.40006
3.47039
3.78428
3.22583
3.47687
2.47708
2.26467
2.43967
1.96236
2.97379
3.08043
3.30145
3.66819
3.67635
2.77743
2.79522
2.54357
3.92960
3.79891
3.58881
2.18221
3.95537
2.68933
3.52979
2.98226
3.63452
2.92861
3.76760
3.26549
3.83637
3.10616
3.87427
3.42213
3.78515
3.92078
3.99891
2.80454
3.01458
3.34315
3.73822
3.63839
3.92278
0.25282
3.56170
3.83191
4.03842
3.21118
1.16886
3.08172
3.52115
2.72967
3.85487
3.68980
4.04561
1.85916
1.97323
2.93755
2.02761
3.52609
0.11700
2.68526
3.81162
3.58580
4.16643
2.62328
2.89252
1.32716
3.72925
1.51717
1.43251
3.96558
2.55536
2.87475
3.90412
3.86200
3.41593
3.70004
3.68796
3.20207
3.36874
3.12138
3.15275
3.69207
4.12751
1.12035
2.95281
3.98163
3.70564
1.66929
1.85957
1.13007
3.92429
3.30595
2.59932
3.95794
2.48442
3.79303
3.73058
3.88434
3.47727
3.49849
2.72668
0.96852
3.21477
3.98043
3.31212
1.35739
0.50507
3.65097
3.49321
0.33197
3.82859
3.96809
1.98675
3.67430
2.97923
3.71969
2.19422
1.64471
0.56747
1.87533
1.11987
1.95009
3.95148
0.98958
0.07213
3.75519
2.37998
1.41926
3.61870
2.69407
2.81346
3.20979
3.73430
3.03736
3.52839
3.94940
3.61673
3.45055
1.73149
0.78925
0.68275
4.19075
3.41581
3.46649
3.71335
3.57916
1.41554
3.69210
3.90575
1.88174
2.96233
3.79572
2.43961
3.88337
2.65498
3.06993
3.18429
4.01526
3.08112
1.99275
3.48103
3.48636
3.13939
3.00532
3.67557
1.31946
3.91914
4.00961
2.44092
1.60244
3.80144
3.66486
1.01210
1.66379
3.78639
0.51981
3.85762
3.76833
4.02503
3.20236
4.14307
3.57486
0.92382
2.06553
3.09343
3.78061
3.56945
4.07021
3.07886
3.78833
0.86937
3.82701
3.38727
3.36485
3.79261
3.92690
1.17889
3.36573
3.17335
3.18182
3.00230
3.55709
4.19826
3.22057
2.76734
3.58030
3.87743
3.72269
4.02455
4.10842
4.05766
2.81023
3.39215
3.48022
2.11889
3.49499
3.77250
2.53562
3.91908
3.85276
2.77602
3.51547
4.03495
4.17163
3.00549
3.99327
3.63066
4.04068
2.97122
3.36033
1.06444
3.83522
2.90797
2.96360
1.68358
3.82951
2.46950
1.62228
3.59707
3.81318
1.15327
3.19978
0.56547
3.66834
1.28486
3.50408
1.57896
1.92021
2.29447
1.50073
3.95185
1.63910
3.99448
3.82347
3.11501
2.72242
3.74812
1.69157
2.48592
3.98506
3.47925
2.86186
3.30526
2.72793
2.13918
3.22245
3.94779
3.86503
3.86469
3.74766
3.74137
0.27258
3.57958
2.89764
2.48499
3.82702
2.75195
4.09320
3.20672
3.53876
3.29056
2.25977
4.08400
3.28153
3.81551
2.27099
3.84240
3.44577
3.33677
0.94986
3.69248
1.89555
3.03656
3.95625
3.74201
3.13127
3.72827
3.65529
3.89608
2.83522
3.81577
2.50235
2.65667
3.89561
2.70801
3.37890
4.03834
3.25765
3.99736
1.67024
1.64211
1.69110
2.26005
2.32523
1.74604
3.16315
1.78216
2.49803
4.15021
3.84823
3.99212
3.49106
3.57058
0.00014
1.36005
2.08042
0.65564
3.79466
1.91011
0.00812
2.13078
3.82566
3.13986
3.67397
2.22179
3.31793
3.95257
3.60802
0.84594
3.09733
3.35933
4.05948
0.49182
1.07287
3.35334
3.74115
0.55868
0.09131
4.03580
2.99915
2.74923
2.20245
3.86617
3.20264
0.33233
3.44956
3.65734
3.44945
3.47443
3.34353
3.85800
3.42255
3.28515
1.25977
3.17103
2.47015
1.37766
3.42669
3.06853
1.12687
3.67353
3.39589
1.26066
3.31945
3.80121
4.04799
2.77794
3.10866
3.77032
3.45001
1.86589
3.80135
3.14268
1.50947
3.96270
2.91583
0.36952
3.31617
3.28417
1.70735
2.07499
3.83694
3.42859
3.87918
3.60574
3.58271
3.67457
1.26776
1.32951
2.85983
3.25518
3.97066
3.73856
3.80795
3.64552
3.13330
1.50108
1.83481
3.68713
3.62422
3.70356
2.90712
3.08746
3.89595
3.21976
3.48731
2.94521
2.49465
2.69107
3.58094
1.24305
3.56463
0.89970
3.75296
0.88246
3.10018
3.71457
3.41944
2.17009
3.61323
3.57198
4.01768
3.68696
4.06824
2.66724
3.08590
3.29432
3.82557
3.80322
2.31008
2.27619
3.94341
2.94647
3.28868
3.04702
3.30999
3.51761
2.33453
2.79213
3.84166
3.82275
3.60432
3.91258
2.23657
3.10448
3.88996
3.20166
4.04036
3.72311
3.56841
2.94390
4.09064
2.63076
4.20021
3.00251
2.60869
4.12602
3.89033
3.98019
1.24854
3.11553
3.99218
4.10494
2.97848
3.89915
1.01463
3.82640
3.82279
3.68532
1.21202
4.04202
1.24171
1.26093
3.70555
3.77061
3.76949
2.02543
2.43570
3.65796
3.87017
4.07460
3.19304
3.71308
3.72978
3.57357
0.89469
1.92233
3.15314
3.38661
2.35847
3.50561
3.13318
3.83058
1.67909
3.75588
3.48845
3.99600
4.03521
2.44250
3.44891
1.41691
2.20747
2.83585
2.43876
3.84233
3.37035
1.43525
2.47622
1.00660
3.61360
1.07535
3.64692
3.77554
2.55772
3.76836
3.11557
1.96925
3.49657
3.23657
3.43080
3.28142
3.60498
4.03012
1.78083
3.95292
3.16477
1.73070
2.44373
3.50790
1.91522
1.63033
3.96278
3.81451
3.50195
3.74125
2.43940
3.75362
2.26556
2.55199
2.59334
2.93734
0.34507
1.00099
1.37703
1.52440
0.82271
1.93765
3.62880
2.29982
3.73851
2.64379
2.33360
3.40505
1.57093
0.85240
2.23936
3.63581
3.67346
3.63885
0.78724
0.85025
3.08460
1.36067
3.49033
0.28580
1.23470
4.05664
3.76379
3.58637
3.98957
2.86531
3.86131
3.42910
3.89849
0.19158
3.70516
2.94285
3.03116
1.24778
2.12573
2.73373
3.56841
3.38535
2.39799
0.75844
3.68076
2.49004
3.94154
3.32784
1.46731
3.80558
3.32702
1.90488
3.66521
3.10292
3.35923
0.37256
1.94325
3.69990
3.90931
3.36704
2.92443
3.67997
2.70430
3.57576
3.86440
3.52397
3.86377
2.58036
3.73468
3.79227
2.93631
3.72311
4.16828
3.60137
1.63361
2.59075
3.26835
3.54349
2.15126
1.43661
3.71622
3.39339
1.43081
3.81536
0.68596
3.76883
1.99706
3.26132
1.87926
3.03305
2.74947
2.61763
2.72764
3.90320
3.05723
4.08040
1.96556
3.52861
3.49655
2.95926
3.93601
3.72751
3.56462
3.53558
3.69544
3.07942
1.59697
3.77834
3.14789
4.00589
3.94967
3.82847
3.91108
3.89845
3.94049
3.34808
3.61227
2.94835
3.84803
1.22561
4.00693
3.56276
3.20324
0.88085
3.27990
3.25254
3.24453
3.66060
0.47266
3.81409
0.73562
2.93743
3.88973
3.19252
3.89251
3.36736
3.74316
4.00729
2.52103
3.50867
3.51880
2.62723
1.61476
1.00873
3.39037
3.68343
1.77281
3.74803
3.96913
3.76044
3.82131
0.11573
2.93579
2.23997
3.89946
3.50834
3.76484
1.42908
3.66262
4.01357
2.99131
3.57711
2.01524
2.17319
4.14713
1.50198
2.02398
1.29345
2.90855
3.85722
3.72232
4.05294
3.46534
2.38935
2.86286
2.34868
3.62972
3.17071
1.05558
3.59519
3.59707
3.92720
3.27874
2.39132
2.74509
3.91728
2.00094
3.74357
2.90672
3.65060
3.15021
3.68746
3.36495
2.71060
3.64603
3.30406
1.74391
3.76460
3.55080
3.11115
2.47105
1.08013
2.27580
1.96365
1.90942
3.23741
3.88316
3.40236
3.91993
3.21751
3.22481
2.88015
1.58478
0.74506
3.33049
2.95008
1.84642
2.71198
3.20801
3.57327
2.90343
0.71780
3.53623
2.18168
3.64590
3.87836
3.29947
1.74263
3.24296
2.25508
2.73020
3.90622
2.74601
1.43909
3.31848
3.37750
1.66729
3.83296
3.77598
2.99462
2.91314
1.69307
4.10157
2.10290
3.67990
3.44736
1.22091
3.78237
3.43301
1.33633
2.32743
3.76436
3.62282
3.64613
3.37735
1.71534
3.48914
3.57997
2.87784
4.01598
1.69927
1.73069
3.40659
4.23059
3.18662
3.76689
2.24727
3.55867
2.64596
0.76732
2.88908
3.92587
3.38467
3.79401
2.26812
3.84925
3.09471
3.65298
1.41828
3.27508
3.22537
4.11462
2.73155
3.81379
3.20818
3.93385
3.64722
2.80820
3.72843
3.73121
1.93819
2.21119
3.00203
2.07650
3.34102
2.38920
2.53222
2.86145
2.84870
3.97610
0.78346
3.80393
1.24472
3.43740
2.02526
3.76224
3.53408
4.22467
3.18059
3.17601
2.66009
1.70684
0.60558
3.93573
3.63676
2.93024
3.48994
3.01519
3.40113
3.78902
3.12361
4.10623
3.43015
3.32283
1.20733
3.90869
2.68103
3.03572
3.18335
3.05092
3.37914
1.03637
1.47514
3.62051
1.22202
3.41500
1.76899
3.94398
1.52905
3.87641
0.53008
2.25827
3.35052
3.89945
3.51372
2.91693
1.96460
3.05993
3.35498
3.16142
3.67395
3.06015
4.09944
3.30789
2.43632
3.68439
0.69202
2.17933
1.83135
3.92679
3.80320
4.02213
3.47514
3.74420
3.93826
3.38564
2.00011
2.49784
3.38408
3.77756
3.82161
4.01671
4.04868
4.01936
3.88127
3.80833
0.55851
2.40671
3.89975
3.02000
1.05421
2.88988
3.05724
1.13344
1.64305
2.08235
2.95455
3.80427
2.37220
1.89055
3.70255
3.37689
3.57178
3.81897
3.75319
1.27570
3.45318
3.80107
1.74231
3.45309
3.89725
3.45178
2.68925
0.69233
3.31410
2.09409
0.00354
3.11030
2.71480
2.99472
2.45861
2.92049
3.35220
3.91174
0.57494
3.96053
1.60677
3.31916
1.06053
4.08812
2.99190
3.09959
3.00132
1.66043
3.09053
0.48662
3.68095
2.51457
3.25486
0.66045
0.71436
2.16057
3.43419
1.62730
2.54742
3.04941
4.00308
3.75494
3.46236
0.47473
3.03892
1.68170
1.86875
3.69480
2.98151
3.39868
3.44987
3.76486
1.37425
1.34011
0.94096
3.04334
1.07883
2.75039
3.83765
4.01729
0.79232
2.87724
2.91581
2.29829
3.98615
3.84276
2.39134
3.42411
2.29267
3.60127
3.63160
2.69480
2.69837
3.37075
3.42872
2.86125
3.13795
3.70808
3.78673
3.98994
1.09788
3.09242
3.32819
3.15463
3.74311
2.69330
3.91070
3.64846
3.35837
3.50542
3.01022
3.53484
1.77007
1.98492
3.62193
3.70685
3.94045
3.71182
2.58646
1.31083
2.90406
1.45508
3.53245
3.94183
0.98829
2.43000
2.35428
3.45078
0.54018
3.37409
3.91828
3.85469
3.80139
2.64657
3.84323
3.86761
3.74745
2.10029
2.94997
3.50797
1.09952
3.45041
3.85770
4.09620
3.46544
2.99050
2.03817
2.54161
3.57003
4.09116
2.54428
2.70767
4.04571
2.27471
2.43339
0.69103
3.52083
3.12894
3.53935
3.31904
2.95933
1.11405
2.63271
3.49000
3.69051
3.66726
3.56704
2.65039
3.71415
1.52246
1.94248
3.43113
3.50784
3.66770
2.51573
3.82562
3.55428
3.62295
2.57376
3.41109
3.85521
2.01793
3.24185
4.14858
3.83247
3.59467
1.21462
2.81598
1.10073
1.07108
3.73123
3.59317
2.59601
1.41582
4.14831
3.81596
2.76099
1.97816
3.76467
3.02739
1.82393
2.47913
3.47596
0.99627
1.48172
3.82463
2.45296
3.31955
2.53719
3.78424
2.53920
2.08955
3.96310
2.15014
2.65946
3.41569
4.04433
3.46499
3.48562
3.61274
3.65197
3.56997
1.69967
3.96804
0.54542
3.22003
3.43852
3.51090
3.83915
3.93757
3.85109
3.66635
2.92238
3.25952
2.46054
3.51810
0.97420
1.02459
2.35773
4.09338
3.66712
3.94022
1.86852
3.81476
2.29736
3.82557
3.95860
3.38998
3.78870
4.01613
1.46677
1.69418
1.67621
3.65587
1.21279
3.04197
2.91280
2.93051
2.82606
3.50664
2.97492
0.95162
1.15422
3.58046
3.84171
2.23822
3.92939
3.66232
3.87154
3.52823
3.32829
3.72209
0.71603
3.13960
2.79423
3.59714
2.02544
1.65247
3.04000
3.43770
3.97234
3.60543
1.33328
3.04629
1.99792
2.04323
3.62971
3.86431
2.54744
3.47956
3.47518
3.25539
3.35821
3.38063
3.53740
2.10157
2.89012
1.86784
3.90592
2.98641
3.66011
3.40015
0.85491
3.07382
2.76079
4.04703
2.17391
3.77675
3.95924
4.10888
0.55105
1.12155
3.89253
3.59132
1.41547
3.42028
1.92841
3.13667
3.12302
3.73211
3.68564
3.40315
3.46193
1.96654
2.30477
3.82260
1.55745
1.13650
2.86637
2.25921
3.97871
4.02118
3.21011
3.74241
2.83463
3.85905
2.17808
0.62714
1.74064
4.02574
3.84161
3.77660
3.74364
3.21804
4.12300
3.62355
1.61594
3.80834
1.78332
1.68009
2.75483
4.00273
3.93047
3.73688
3.64112
3.81275
1.61298
4.24115
3.15308
4.00246
3.90007
2.92557
0.56537
4.05152
3.20315
3.18038
3.20923
4.21165
3.62082
3.90608
3.59172
3.51679
2.19170
2.57012
3.90811
0.71533
3.48581
3.20380
3.55619
3.81947
1.13859
3.50724
3.34210
1.32032
3.30582
3.81465
3.02691
1.44187
1.57355
3.60601
1.00871
3.12180
1.88286
3.50210
2.59625
3.40573
3.84005
3.33858
2.05660
4.04733
0.25814
1.14781
3.66605
2.45273
3.39074
3.74443
3.01084
4.01403
2.23189
1.88653
2.87568
3.40762
0.27542
2.76488
2.04761
1.78189
3.15844
3.17229
3.07693
2.33499
3.52769
4.01217
4.04352
2.73019
3.61585
1.15147
3.84728
2.19178
2.99664
3.93189
3.37952
3.61256
3.05033
2.05113
3.32608
0.95870
3.20233
3.48284
3.95401
2.77699
1.23098
3.70069
3.56189
0.42189
1.64778
2.20616
2.08479
2.98814
2.64922
3.48793
3.26096
4.11637
2.67775
2.23189
1.74094
3.28605
2.19207
3.00522
3.21614
3.54671
3.81440
2.39897
3.47197
2.59689
3.33041
3.79370
3.73837
2.96599
2.93080
3.63736
2.62085
3.52118
2.27442
3.19065
4.21582
2.55169
1.59025
3.97341
4.03001
3.01015
0.77875
2.22521
3.80295
3.22675
3.41009
3.95729
0.70954
3.89557
3.62678
4.00965
4.15551
2.21414
2.77113
3.48964
2.27446
3.36357
3.51727
3.09856
3.45399
3.33611
2.90155
3.55191
3.69516
0.21214
0.58869
2.94423
3.42446
2.16388
3.97799
0.97141
3.94104
2.48608
3.75677
3.42640
0.03157
3.91534
3.00311
2.06205
3.43803
3.21346
2.91453
3.13119
3.25802
3.51082
3.63049
4.04033
3.70937
2.14611
1.27965
3.20842
3.02411
2.18384
3.74787
3.22024
2.60134
3.19836
2.73232
3.64813
1.75471
3.74968
3.39404
1.27539
3.64495
3.50189
3.77995
3.65446
3.41776
2.79461
3.57190
3.61765
3.58126
3.61433
1.87821
3.98889
3.91612
3.42914
3.77078
3.79011
1.63994
3.75268
3.61600
3.14596
2.49290
3.05847
3.17186
2.56745
2.66450
3.60125
3.94062
2.87479
3.13564
1.36332
3.46952
2.79235
3.71348
4.03191
0.62321
1.89871
2.88585
3.53149
4.14823
3.05749
4.20107
3.56806
3.77134
0.05214
3.11863
4.03561
1.07203
3.99603
3.50673
3.79208
3.51141
3.84999
1.65766
1.93798
1.14701
3.34568
3.40440
3.43055
3.85242
3.01795
1.12767
4.09758
3.94497
3.03914
3.80788
3.20486
3.98807
3.50791
2.45736
2.83877
3.97260
2.56739
0.34159
0.45729
3.94938
2.27576
3.53910
1.86658
3.99641
1.95199
2.82235
1.56310
3.55385
3.76134
3.71562
3.59235
3.76537
2.21045
1.18024
1.28000
0.70375
2.91976
4.09477
0.92824
0.96756
2.24928
3.00296
3.99142
3.57213
3.79143
0.43526
2.85664
3.26109
1.93187
1.92247
1.98792
3.90058
2.80379
0.26477
3.78315
3.11696
3.92308
2.34148
0.93232
0.96825
2.92846
1.32931
2.91984
0.99420
2.58367
3.61953
3.80019
1.68332
3.61653
2.05900
3.99203
3.72013
3.05912
3.84469
3.25933
1.11881
3.65605
3.00614
3.66396
2.56639
3.84658
4.18484
2.06312
2.11075
3.42870
3.20987
3.64715
2.94307
3.56494
0.92603
3.77787
3.15601
4.02234
3.75978
3.86489
2.35705
3.35998
0.01313
4.03365
1.95146
3.82163
3.00239
3.46674
4.08779
3.78265
3.99725
3.70559
3.65201
2.50942
3.87948
3.51593
3.79571
3.50753
3.49170
3.64957
2.00999
3.90583
3.75407
3.18624
3.18656
3.79191
3.68482
2.91907
3.54488
3.92813
3.33271
3.90097
3.73799
3.62061
2.67023
3.70682
3.74432
2.81644
2.76206
2.19847
3.52889
1.74486
0.59488
1.79472
2.01635
2.34467
2.75830
0.79322
3.84232
3.28105
1.81412
3.73487
3.82294
3.07214
0.98091
3.03762
2.95236
2.42187
3.54035
3.55502
3.65585
3.72820
4.03284
2.10809
2.96967
3.35974
1.23901
2.11214
4.09062
2.28870
3.91185
2.75235
3.04269
2.70928
2.72282
1.94810
3.85684
3.32514
3.46939
2.92969
2.41345
2.61841
3.50773
4.06593
3.59073
3.45217
2.07139
2.77631
3.82295
3.62718
2.21065
3.52114
3.52847
0.27793
3.70298
0.80321
3.64417
2.90666
3.65896
2.40351
3.81309
3.91313
2.56386
3.43181
3.58899
3.59836
3.07865
1.57917
2.11707
1.88456
2.72536
2.87210
3.03765
2.37250
3.85385
3.42075
1.83950
3.81758
1.20842
2.39261
1.14679
2.52673
3.76409
3.37669
0.19083
3.34970
3.13143
2.89952
3.81873
2.74990
0.80088
1.90841
4.08541
3.84380
3.29851
3.29075
3.39723
3.51361
3.44921
2.84539
3.72626
3.72427
3.70141
2.38515
3.99848
0.77048
3.73226
3.83514
3.02931
0.80157
2.05412
3.66142
3.72653
2.79885
3.45193
3.51614
2.86766
3.61288
3.35700
3.44342
2.53693
3.30648
1.12817
3.74047
3.91950
3.55224
1.31029
1.98034
1.58535
2.45274
3.53723
1.57368
3.61153
3.61337
3.32180
3.74438
1.93446
1.85164
3.87800
3.61385
3.47290
2.60130
2.90383
2.72760
2.07598
3.04964
2.45069
0.97406
4.02504
2.94911
3.88354
4.13841
2.82774
3.31799
2.51671
0.77814
2.23657
3.45640
3.78398
3.72227
1.13393
3.57359
1.96271
3.55987
3.87570
1.71146
2.85934
3.53892
3.73987
2.73201
3.28472
3.63303
2.20834
3.84892
3.95905
2.42676
3.39101
1.25771
3.89976
4.08824
3.53957
0.35314
2.02978
3.69067
3.40614
3.62764
3.45249
2.65475
3.81631
4.09642
3.04300
3.85256
3.50552
3.92774
3.12200
3.47828
3.65096
3.70234
3.35659
4.01125
3.03185
0.94983
3.38578
3.78997
3.79847
3.74581
3.88759
3.70734
0.92353
3.87857
3.90603
4.04954
2.26686
0.77012
2.65699
3.17029
1.17077
3.96866
2.60659
2.77945
3.12647
3.21263
3.21680
3.76127
1.97426
3.73745
3.76983
1.57371
1.44960
3.79332
3.95188
3.10411
2.79558
3.17632
1.53093
2.09498
2.16830
1.32820
3.81736
2.57631
4.07297
3.95592
3.85340
3.64579
3.01783
3.74520
4.13163
2.58535
3.98133
2.92391
3.74467
2.55108
2.52114
3.27479
1.95036
2.55160
1.76512
3.57734
2.53967
1.53309
3.78313
3.55338
2.01204
0.51864
3.52456
4.10207
2.48533
2.88176
3.98283
2.98255
3.47478
3.07343
1.60696
3.83256
3.98897
3.88139
3.13010
2.11438
3.53366
1.90469
2.46722
3.70671
3.41041
2.05617
2.04886
1.94592
2.61710
4.12891
3.64955
2.85241
2.57297
3.81195
2.31442
3.08159
3.24375
2.47452
3.54787
3.65945
1.26471
3.38796
0.94535
1.30902
3.56778
2.47610
3.05460
3.91477
2.85203
4.01785
2.69294
3.70379
3.97816
3.67110
0.76179
3.75592
3.59016
1.86774
4.02569
3.46791
3.73278
2.66052
2.42142
2.92830
1.84786
3.92520
2.79584
0.17033
1.93351
3.22443
1.61110
3.49961
3.64152
3.68350
3.16827
3.59755
3.49921
0.89859
1.31133
3.51584
2.11548
0.81791
3.18136
3.51121
3.46871
4.04349
3.76675
3.60675
3.72051
3.80233
1.60990
2.12558
3.62796
3.98232
0.11167
3.92199
1.14876
3.37301
3.60137
3.40167
4.03786
3.70226
2.26461
2.98679
3.27581
3.20396
3.95934
3.70617
3.50934
3.56975
3.54147
3.79765
3.77263
4.15539
3.20750
2.94481
3.60925
1.53743
3.66591
2.26105
3.41917
3.71503
3.76169
3.11310
1.05831
3.63321
2.57379
4.11358
3.61228
3.74708
3.64683
3.12815
2.52350
3.72666
1.17078
3.29079
2.90759
1.68060
3.72326
3.91764
3.61521
2.34967
3.71443
3.62135
2.30214
3.03433
1.10232
2.09260
0.97706
2.15225
2.35388
0.84565
3.14880
3.79255
3.85597
2.16024
3.11903
1.81876
3.70021
3.45140
4.00398
1.92861
1.35820
2.99180
3.92995
3.10741
2.48529
0.02715
4.05412
3.07581
3.98541
2.72033
3.69899
3.76917
3.73898
1.59391
3.43950
3.78231
3.62697
2.96872
2.78695
3.99126
3.99768
3.60895
0.16818
3.87279
3.72108
2.97018
0.02752
0.88073
2.55970
3.71403
2.63866
3.11815
3.17493
1.90678
3.82867
2.68637
2.73245
3.69182
3.31562
3.97746
1.83132
3.91055
2.35007
3.27511
1.45556
2.04130
3.72132
3.57906
2.69851
3.16947
3.77117
1.00898
3.80806
1.31654
0.88545
2.91168
3.59069
2.92180
3.78936
3.76092
3.73920
3.62641
4.04746
3.86235
3.17968
1.43828
2.57709
3.70740
0.85310
3.51089
2.44707
2.85151
1.26834
3.59571
2.50873
3.87926
1.28732
4.04387
1.13583
3.67283
2.35680
3.59447
3.57213
3.74090
2.22769
2.70538
3.73874
4.06053
4.03638
3.54598
1.00009
2.54880
1.20562
1.27098
3.01599
2.42458
3.73527
3.79330
2.83761
3.39516
3.95156
3.99170
2.96976
3.07167
3.25423
2.86111
4.05399
3.78237
2.01548
2.76163
3.50143
3.07911
2.36524
3.75033
2.33531
0.65366
3.68833
2.88557
2.72177
3.16956
2.45330
2.72961
3.18848
3.71961
3.79377
3.68161
1.90483
3.30728
3.20864
1.23759
3.65134
0.80262
2.46076
3.70827
3.23571
0.86773
4.04042
0.90123
3.08383
3.58816
4.05887
2.92677
3.18693
3.63979
2.08616
3.40005
1.52389
3.88865
3.19962
2.14698
4.16392
3.26444
2.82375
0.30703
4.01982
1.58471
3.48878
4.12318
3.63042
2.35630
3.96672
3.21216
3.00164
3.95769
4.09151
2.78845
3.87544
1.36462
3.50929
3.54810
3.54429
1.94233
2.35605
1.77361
3.36527
3.61005
0.60230
3.64993
1.62911
2.74393
3.02880
3.30899
3.82258
3.00186
1.33224
4.08947
3.49101
2.19433
0.66172
2.33036
1.60524
2.93483
3.72436
4.04075
3.30850
0.87072
3.51860
1.76095
0.82869
3.45081
4.10250
2.86376
1.44623
3.05550
2.98407
1.76083
3.17842
0.94045
1.72176
4.13167
3.65834
0.86670
3.21659
3.99206
3.69921
3.54430
2.16547
3.97418
1.52208
2.92576
1.16929
3.82791
3.29314
2.37859
3.15249
3.59292
3.44260
3.86106
1.68171
4.05227
4.13703
3.44581
3.33742
3.73577
3.79137
3.89478
4.06550
3.04307
2.49151
3.72616
2.68288
3.79863
3.87295
3.30575
3.74942
3.93923
2.89296
3.83308
3.71255
3.33415
3.43841
4.03686
1.16197
3.56616
3.76062
3.84592
3.43231
1.26193
2.49669
3.90966
3.69040
2.71456
1.80279
3.39154
1.93034
3.45315
3.67372
4.04194
3.82416
3.42915
2.82161
1.89171
3.62369
3.87497
3.16467
2.13743
2.97666
3.83315
3.53982
2.86399
3.71653
3.62795
3.92773
3.14993
2.25246
2.89116
0.02770
2.11378
3.60349
3.79442
3.22284
3.05307
3.96683
2.53086
2.75141
3.31850
3.16808
2.71938
3.51904
3.37795
3.50877
3.25956
4.16517
3.01478
3.15368
3.61591
3.92240
3.06820
1.69969
3.11583
2.75426
2.27036
3.29506
4.00111
2.16392
3.83795
3.83342
0.90754
3.64624
3.15078
3.94243
3.24746
3.82872
2.93942
2.48382
3.28157
2.93983
2.36443
4.01266
4.13022
3.82509
3.65730
3.89685
3.93909
3.05628
2.45222
4.20396
3.73479
3.90062
4.11531
3.76094
0.42386
2.83533
1.30580
3.91927
0.55373
3.19790
3.71204
0.28037
3.97614
2.49625
3.83041
1.72092
2.47453
1.20623
3.56733
3.65866
3.85976
3.46107
3.84008
3.08510
3.05761
2.65394
3.28288
2.34262
2.24992
2.54354
2.36528
0.18739
3.17351
3.86087
2.77148
3.77693
3.37824
2.91232
3.18741
2.97450
2.28191
3.12820
3.45702
3.37840
2.92783
3.13600
3.84632
1.93655
3.89295
3.77129
3.75362
2.83927
3.89412
0.68980
3.88822
3.20852
3.06899
4.08976
3.94509
2.83271
3.62860
2.09093
0.72461
3.82384
4.04906
2.73912
2.14573
3.95334
2.55519
3.93480
3.68659
3.61215
3.64177
3.01331
3.29997
1.79329
3.60424
4.00188
3.92585
2.32931
2.98252
4.09929
1.85860
2.32487
0.50992
3.94026
3.84091
3.91452
1.91761
3.24441
4.18768
3.87349
2.29563
4.01195
1.55245
3.58975
3.77770
3.58492
2.38161
0.77716
2.49387
2.60558
2.21368
3.87976
3.95047
3.14259
3.69007
2.66990
3.74853
1.87698
4.02868
2.71093
2.27024
3.62324
3.29460
2.28355
4.06676
1.48348
2.60465
3.41435
0.85841
1.33950
3.37548
3.32930
3.76301
2.20831
2.82484
2.98743
2.80673
2.98935
4.07225
3.06818
1.87774
3.71082
3.48882
2.96665
3.77690
3.68336
3.91229
3.13835
3.45129
3.73003
0.98832
3.82790
2.81120
3.75008
3.02251
3.65836
3.74048
3.50947
1.07558
3.16068
3.99462
2.04125
3.44388
3.89161
3.44940
2.90819
3.22367
3.84578
1.57712
1.42224
1.79919
3.71457
3.91507
3.81860
2.20589
2.39878
3.20273
2.00193
0.74307
3.67517
3.56142
3.95790
3.86911
3.44580
1.39201
3.73727
3.86632
3.69274
3.05717
3.22787
1.85149
3.94699
3.94070
1.02609
3.49122
3.96245
3.59608
0.86009
2.32827
3.34573
3.49644
3.00669
3.32196
2.83355
3.35744
3.08396
2.78206
3.81633
4.17612
3.50755
3.92064
1.33096
3.81042
3.85714
3.05259
3.57042
3.51324
4.10833
4.18088
1.89632
3.44119
3.77786
3.91254
2.36144
3.83866
3.59082
4.02480
3.75495
2.56676
3.24719
3.83824
3.58874
2.95420
3.30699
2.39635
2.99947
3.64513
3.79602
2.15167
2.90926
4.04339
3.27510
3.85627
2.40907
1.60426
2.06349
2.31927
1.46022
2.25465
3.97534
3.82646
2.16474
3.66284
2.60656
3.48140
2.99775
3.21323
3.46726
3.77523
4.10508
1.13879
3.26141
4.01048
3.44194
2.24028
1.57081
2.54885
3.99506
3.31378
3.07243
3.10863
4.19836
3.70469
3.38468
3.57505
3.80625
0.58661
2.77785
1.45454
2.56083
4.07739
1.55077
2.53506
2.21090
3.87559
2.69340
3.35178
1.80278
3.83296
3.72604
3.96629
3.37236
3.43245
3.52495
0.78815
3.85939
3.59323
2.58181
3.14278
3.03845
1.96224
3.39819
3.79292
3.71747
3.56211
3.65591
3.68155
3.81141
3.23556
2.51747
3.93994
3.69646
3.27191
3.75267
4.02335
3.75297
3.98238
2.07687
0.09820
3.92862
3.76121
2.87315
2.88002
2.44497
3.76396
2.78269
3.36335
2.71030
4.09403
3.55288
2.75818
2.60938
4.09380
3.50194
3.11910
2.02363
1.79229
2.94202
2.03949
1.85805
3.43293
3.77938
3.76401
3.38974
1.96716
3.80120
4.27404
2.58558
3.86227
3.53065
3.88483
3.55196
3.94262
0.38719
2.15760
2.81280
3.54770
2.30183
2.03685
3.36921
3.31202
3.84508
1.94260
3.88805
3.44715
3.83698
0.93205
2.97648
1.32840
3.49488
3.44846
3.31964
0.31469
2.37004
2.08463
2.09880
2.75624
3.55475
3.06412
3.61961
3.46758
3.76965
2.22706
3.86409
3.48656
1.88547
3.05026
3.35819
4.04113
3.85275
2.28932
3.90162
2.82273
3.34109
3.19025
0.28020
3.68237
3.89743
3.70836
3.77668
3.68028
3.87466
1.86475
3.50278
1.76402
3.47594
3.94359
3.82809
1.82137
1.10468
4.09577
3.71168
2.21269
2.95703
2.43853
2.96360
1.48321
3.10148
3.69805
3.45620
2.66502
2.28902
3.48944
3.43704
1.51630
3.69235
1.53592
3.49257
3.42798
3.41748
2.02127
3.26246
2.60442
4.13373
1.18645
3.28979
3.80222
3.41417
3.73655
2.83864
3.60271
3.62302
0.22019
3.82674
2.34002
3.63377
2.96993
2.37050
1.87770
3.72020
3.91942
0.27678
2.99820
1.53478
1.60286
2.35744
1.44572
3.76925
0.50784
4.20273
3.61247
4.14946
3.58758
2.87316
3.04113
3.50362
3.94836
2.69298
2.53088
2.88928
3.24175
3.89335
2.17873
4.17135
3.90106
3.84739
2.62615
4.08535
3.58936
4.00889
3.86012
1.41255
3.69635
2.74360
3.79806
1.19833
2.91260
0.74702
4.16437
3.59659
1.57419
3.90043
3.86370
3.59987
2.84856
3.45661
3.13247
1.84580
3.93907
3.78783
3.91795
3.38124
1.36037
3.86043
2.73337
2.67089
3.59405
2.26795
1.65017
2.56049
3.40613
3.42623
3.00836
1.67547
1.12612
3.55606
2.31983
3.56678
1.45875
1.30643
1.00259
2.78412
1.01559
0.86130
3.24753
4.15270
3.43949
3.07261
3.50370
3.80595
3.53408
3.50638
0.21830
3.79239
3.61776
3.90630
3.92381
3.61612
3.36338
3.89050
1.75784
2.60946
1.30603
3.65038
3.40263
2.57605
3.83432
1.66923
3.37535
3.57070
2.60039
4.00691
4.15006
2.80357
3.08442
3.79390
2.10412
3.52916
2.04548
3.92935
3.29488
3.55969
2.94135
2.44308
1.53466
2.22852
3.54035
3.67731
1.56009
3.18239
3.35670
0.92515
3.02094
3.28244
2.79601
4.22977
3.54148
3.23755
4.10631
2.24966
3.55453
3.73284
2.27918
3.93097
0.04022
3.89924
3.74268
3.03026
3.17462
3.90268
3.84640
3.51919
2.45306
3.99856
3.88193
0.45254
3.65917
2.89198
3.52018
2.31756
2.40006
3.52614
1.08726
3.29236
3.60731
4.24247
2.75404
2.91109
3.54403
3.33975
1.23436
3.15878
3.31581
3.13595
2.59068
1.16014
3.93189
3.37927
3.39812
1.95795
3.24661
4.06687
3.77157
3.53518
3.34296
2.69496
3.93656
3.88771
3.80802
3.81507
4.06520
3.87954
1.43404
2.72930
0.97947
3.33527
0.65617
3.38935
3.93849
3.54622
3.86032
3.51237
3.89727
3.75507
3.34013
3.49650
2.09797
2.81586
4.00893
3.31109
3.45502
3.57044
3.18342
1.40064
3.64090
0.93813
2.31181
2.86209
3.26424
3.68084
1.85969
1.94202
0.75768
1.68526
1.00420
3.52135
3.36522
3.93514
3.41997
3.45844
2.77865
1.68214
3.78634
3.82344
3.65046
3.73996
3.75666
2.43474
1.42377
3.79901
3.85139
3.59692
4.13092
3.10923
3.38227
1.89972
3.86187
1.58359
3.65716
3.40940
3.72240
3.81756
1.52766
1.34303
4.04436
2.83959
3.41891
0.74885
3.40404
3.98045
2.09193
3.62026
3.53740
3.74285
3.11389
3.70981
1.59342
1.83794
2.94992
3.90990
2.18640
3.56978
1.85269
3.98016
3.86266
3.38962
3.62768
3.78295
3.80372
3.67980
3.59323
3.96281
2.05786
2.94968
3.82625
4.06512
3.37743
3.85302
2.01480
2.14635
2.11425
3.89988
1.92411
3.63525
1.48581
3.53385
1.82657
1.61402
3.40436
2.69543
1.02172
2.37248
3.46272
1.33916
0.70183
3.89576
4.10781
3.38485
4.00963
3.86885
2.03245
4.18288
1.00274
3.99490
1.59786
3.70855
3.72125
3.52377
1.14941
2.67074
1.01613
3.41296
4.02244
3.66064
3.74185
4.04015
1.86577
2.78431
3.67761
3.76918
3.68659
3.46862
3.20409
1.92977
3.68107
4.00903
1.16780
2.06396
3.68159
3.45243
3.40860
3.57730
3.91239
2.43074
0.26645
0.75250
3.93382
3.81504
2.17542
3.86415
3.62637
3.78395
3.88128
3.90424
3.81646
3.91403
2.17144
3.49672
3.62470
2.03769
2.91148
3.50774
2.21645
3.45495
3.58912
3.64175
1.50701
3.75914
3.87487
2.16241
3.93116
3.18515
1.47436
4.07712
3.86799
2.83929
3.56178
0.65272
2.86311
3.77322
3.69554
3.84068
3.85041
3.65467
3.45290
2.30100
0.06036
3.64639
3.57578
2.02400
3.56113
3.87642
3.88461
2.14801
2.42955
0.34750
3.17389
3.85850
3.49463
2.70095
3.52135
3.88406
3.99209
3.72493
1.24573
3.42401
2.71270
1.03541
3.44963
1.87155
3.33382
3.64539
3.97529
3.12291
1.82960
3.30768
1.91485
1.53515
3.51153
3.62341
2.62685
3.01017
3.90912
1.31149
2.95586
0.60905
3.32708
2.09447
3.58117
2.58451
2.27060
3.24763
1.72091
2.71037
3.53732
2.27071
3.60183
3.75823
3.64643
2.38806
3.28948
2.43029
3.81329
3.07977
3.08996
2.66605
0.95260
2.78906
4.06863
3.79533
3.98012
1.94719
3.21712
3.48402
2.34087
3.89558
3.99437
3.95074
3.83736
3.65992
3.87262
3.56301
2.21750
3.98843
3.54106
1.15164
3.98441
0.24255
2.42972
3.85897
3.29641
2.60202
3.35707
3.61042
3.63747
3.53722
3.58950
3.57270
3.71828
3.66973
2.96185
4.08166
4.12789
3.75373
4.05480
4.06329
3.19193
3.91346
3.74008
3.26866
3.01160
3.67033
2.77371
3.89354
2.92034
2.57535
2.54430
1.17012
3.62437
3.81461
2.36890
0.24141
2.07204
0.34472
2.78348
2.50000
1.70832
3.58661
3.70565
3.59221
3.43103
2.68161
2.36355
4.25837
3.97640
3.67919
2.24643
3.73399
3.33192
2.74813
2.86447
0.68915
3.88508
3.82587
2.48348
3.68740
1.76676
3.66526
1.88764
2.06863
3.07082
2.37503
0.68771
3.63268
2.76101
3.84738
3.48852
1.11994
3.33610
3.56368
3.90119
2.32905
3.61144
1.63099
3.28591
3.87244
4.03173
2.34080
2.72489
4.03860
2.30889
1.73372
3.88511
4.10787
3.70169
3.60449
3.94498
3.99754
2.67362
3.48822
3.53401
1.79250
3.43237
2.18273
2.26888
3.22365
3.44992
3.95397
3.33762
3.32701
3.03919
4.06086
2.98788
2.83589
2.42723
1.54455
3.58156
3.47268
2.59322
0.93271
4.00696
3.68768
3.00109
4.07316
3.88158
2.97439
1.19681
2.18838
3.63674
3.81584
1.82751
3.17996
1.48134
3.94891
3.42531
3.89253
2.71813
2.19260
3.74953
2.94450
3.95496
2.40783
3.61105
3.61498
0.09437
1.29675
4.18626
1.91856
3.76341
3.36379
3.49702
1.52818
3.13938
3.54878
3.88090
2.85346
3.30648
2.98030
3.25431
3.94218
3.87538
3.80644
3.78697
3.26406
2.85618
3.68902
3.86398
3.82702
3.39928
3.94082
3.76111
3.89216
4.03556
3.32800
3.83158
3.32513
1.94038
3.46479
3.78893
1.12976
4.01313
2.95889
0.03066
3.75204
3.25536
3.93701
1.62484
3.54692
2.44335
2.48147
0.74919
0.62591
1.35636
4.18781
3.49788
3.83443
1.70898
3.41096
3.58812
2.20492
3.79934
3.81085
2.84920
3.00654
3.45841
3.74965
2.37634
2.02890
3.65829
3.84205
2.86851
1.41309
0.73976
2.58118
3.81299
3.69163
3.95585
3.24283
2.38043
1.95705
1.15177
3.88504
3.63605
3.36812
2.82013
1.55224
4.03228
1.63934
3.10127
3.93832
2.89819
0.24730
3.63987
2.46334
2.11603
3.93390
1.99994
2.81801
3.56333
2.39469
4.06785
3.83037
3.93517
2.71029
3.58902
3.89604
4.02646
3.35985
3.69185
3.24403
1.26025
3.95835
3.47486
2.89138
4.10314
2.46133
2.77042
3.95546
3.74613
1.44388
4.19118
0.48579
4.07854
3.48864
3.01629
3.55076
1.93155
1.82451
3.93880
3.09785
3.52007
3.58678
2.06820
2.96153
3.92113
1.47464
3.66721
4.00957
3.69547
3.05842
3.08932
3.65116
1.58935
3.28611
3.03296
3.01127
2.85216
4.02292
3.00646
3.75229
3.44699
3.45668
4.10513
3.80481
2.60559
3.31922
2.51149
2.54466
4.16786
3.78755
2.51161
3.80515
2.05485
3.72988
1.72203
2.91490
2.93020
2.58728
2.95695
3.66740
3.87066
3.88704
3.37993
1.53853
3.90488
3.81531
1.27074
2.91076
0.76167
3.57216
3.94916
3.53296
1.86974
3.80676
2.17016
0.89077
3.99438
1.93938
2.43773
3.53371
1.07260
3.25152
3.80725
1.81148
3.64511
2.77978
3.50979
3.31358
3.30498
3.26635
2.93465
3.91695
3.82260
1.08309
3.66327
2.92924
3.43869
3.83995
1.30551
3.93627
1.32928
3.53217
2.30909
2.49207
3.75106
3.67421
2.09252
1.76057
3.38820
3.19844
2.72044
3.74152
2.31721
2.81758
2.49882
4.13163
0.73706
3.89477
3.78133
2.80394
3.25901
3.52051
2.24959
3.28522
3.26942
3.63110
2.97871
2.11364
3.42742
3.41984
3.92835
2.22512
3.86587
2.20862
2.40910
1.71612
2.96690
1.16580
3.09555
0.53108
3.25884
3.00168
3.90599
3.43105
0.52567
3.70676
2.43390
3.74070
3.05509
3.27223
3.23447
3.97367
3.74158
3.58250
2.50949
3.30908
3.85859
2.73910
2.20633
3.36485
3.75627
3.58584
3.77676
3.47260
1.65460
1.03981
2.02194
3.79145
1.58722
3.79021
2.43240
3.41404
2.54875
3.79875
3.20662
3.83578
2.81376
2.14653
3.34766
3.04002
1.47863
0.17792
0.77071
1.16998
3.26919
2.95854
3.67539
2.48406
3.43072
2.24403
3.85026
3.61309
3.62556
1.74301
1.93608
3.94861
2.86420
3.00118
3.45261
1.91692
0.94736
1.97806
2.90405
2.26378
3.56230
3.24627
2.22447
3.86751
4.00415
2.52936
2.43925
3.91137
1.71775
3.07362
3.93311
3.64104
2.19607
3.16248
2.29665
0.00129
2.62189
3.79250
2.87526
3.21876
3.69626
1.36214
3.74878
3.53873
4.07923
3.99945
4.08190
3.78484
1.44744
3.95496
3.95312
4.10805
1.09710
4.00503
1.08839
3.12710
3.37080
3.60131
2.24430
2.72673
2.54569
2.94006
2.48866
2.87908
2.63299
1.05274
2.03537
3.40045
1.14215
2.59768
3.51426
3.17975
0.57803
3.09253
2.27887
2.48348
1.62678
1.52737
3.29876
4.09543
3.38245
4.10854
3.65899
3.44520
1.88767
2.56848
3.73141
3.97326
3.70402
4.08807
1.90807
3.09804
2.53700
3.57752
2.96812
3.29163
2.51166
3.37852
2.65644
2.48513
3.10485
3.39188
1.94110
2.46104
0.58189
2.28177
3.24504
3.64501
3.93918
0.83838
3.74737
3.94116
3.00979
0.55771
3.93097
0.35151
2.77742
3.41131
3.65082
1.40421
3.98409
3.44056
3.63854
2.88708
3.45172
2.17432
3.67431
1.77722
4.02346
3.25771
2.16945
3.67631
2.91521
3.41512
0.05982
3.54312
3.30444
2.23885
1.72119
3.18452
3.62914
2.42088
1.60336
1.64053
2.84472
3.55935
1.61488
0.90690
3.21976
2.19193
3.56313
3.63536
3.32802
2.63778
1.11036
1.49938
4.02850
3.05577
1.26624
3.78530
0.89480
0.66401
3.20206
2.13721
2.29135
1.70205
2.66703
3.92060
3.71711
2.77819
4.00981
3.34692
3.92218
3.54607
0.57157
3.66305
3.89844
2.69256
2.02870
2.80590
2.89026
3.55026
0.63397
3.34746
4.08206
3.90021
3.65129
1.46629
1.11900
3.64533
2.32058
2.99417
3.48787
2.95924
1.52483
0.57268
1.70791
2.88558
2.59673
2.98197
3.61654
2.85961
4.22021
2.09220
3.85130
3.34699
3.68159
3.70804
2.72465
4.10167
2.53046
3.68036
2.71660
2.72824
3.58186
1.07959
3.82968
4.05121
1.32189
3.54224
2.11116
2.66392
3.61306
3.05240
3.90839
3.20428
3.37427
3.56642
3.67108
3.45682
3.39613
1.19479
3.85107
3.68192
3.20008
4.18228
3.86330
3.03108
1.35028
0.99004
3.71115
2.03524
0.53270
0.87658
3.87254
3.91832
3.06312
3.77635
4.10198
3.93743
3.09342
3.62142
3.69231
1.03392
3.36062
2.88208
2.30175
3.42717
3.99521
2.81826
3.22704
3.90404
3.63444
4.01667
1.07839
2.25957
2.89389
1.56677
3.86036
3.85079
2.62657
2.74049
4.00666
3.89117
3.70960
2.04103
3.08354
3.42044
1.14303
3.82265
2.71401
1.59887
3.91283
3.15225
3.44282
0.36942
3.70853
1.28574
3.15231
3.78213
2.36091
2.90505
3.34318
2.73676
3.67887
2.49222
1.82614
3.47839
3.82129
3.23695
3.71339
3.76980
0.99116
1.55837
3.19225
2.02685
1.67091
1.02537
2.50800
2.04850
2.65489
3.42980
0.05485
3.60622
3.71729
2.10259
0.70133
3.71492
1.49868
3.73767
2.28762
1.68753
4.11557
2.67091
1.13219
3.19913
3.11038
2.04989
0.83072
4.02913
3.56056
3.89019
3.50735
3.17403
2.53117
0.66617
1.60173
3.75137
2.67737
2.88277
2.82462
3.71902
2.07690
1.66901
3.98095
0.78077
0.74590
0.57056
2.83211
0.95037
2.53889
3.93702
2.44207
2.99759
3.75202
3.73055
3.44618
2.41354
3.04070
3.42678
3.78054
3.06804
3.94277
3.07014
3.70520
3.61234
3.66414
0.42881
3.44103
3.66999
4.12924
2.61426
1.58511
1.42844
3.32096
4.00520
2.92738
1.44744
3.54616
2.33681
0.90201
3.38773
3.86184
1.89540
3.81602
3.64119
2.48517
3.96434
3.68219
1.97562
1.32805
3.75639
2.27544
1.70681
1.42104
3.24773
1.75956
3.66387
3.86782
3.16493
3.86113
3.54190
4.03133
3.84650
3.76922
1.87918
4.11385
3.17178
3.49066
2.05873
3.07195
3.78746
3.36292
4.13742
0.62537
2.23157
3.58989
3.05154
3.75689
3.01396
3.83792
3.78833
1.98318
1.06206
3.40051
2.68064
3.66434
3.65956
1.44784
3.68675
3.71606
1.45597
3.76392
2.03713
3.97721
3.61800
3.79671
2.57213
3.30078
1.91223
3.82631
3.94335
3.89949
1.67661
1.28117
3.74554
3.78761
4.06328
0.64698
2.85898
2.38095
1.54787
3.86221
2.85458
3.66246
3.60554
2.67929
3.44681
2.79384
3.43685
3.78135
3.53876
1.05013
1.39560
3.72925
3.45176
3.54029
2.07098
3.66351
4.15903
3.41461
0.05974
3.51987
3.93421
3.86217
3.63900
3.76511
3.34068
2.68002
4.03411
3.94472
3.97453
1.09400
4.12879
1.99093
1.68660
3.70047
3.76617
3.39364
0.50367
3.31929
2.83916
3.81039
0.73262
3.76131
3.20407
2.93477
4.11496
2.91325
1.50706
3.62371
2.73947
3.26503
3.54841
3.84883
3.97462
1.52016
0.19603
3.74464
3.75677
3.10298
1.19105
0.82808
2.58102
3.69104
2.65469
4.04283
4.13260
2.42788
1.77359
2.89270
3.07754
3.95908
3.58879
3.48197
1.24630
3.47024
3.33260
3.58774
3.14211
3.29372
3.82962
3.46055
1.16254
3.78909
1.23616
3.33251
1.73082
2.83487
3.76287
3.48252
3.42038
3.86802
3.34985
3.77260
3.78226
3.63347
4.12766
2.80692
3.77054
4.02252
3.45104
1.95495
0.19261
2.45379
3.61126
1.14139
3.72984
3.66234
2.98999
2.22085
1.48485
3.19224
0.97772
3.14197
3.70166
3.71663
0.23187
3.87978
2.55507
2.51352
2.64294
3.28792
0.48264
3.35081
3.60546
0.02301
3.92526
3.54954
3.94707
2.54945
2.77560
2.92023
3.52736
2.43601
0.88145
4.15943
3.09857
1.81783
2.74052
2.54151
3.45280
3.90059
2.11859
3.68343
4.16724
3.54932
2.19592
3.87226
1.12425
3.17072
3.02054
1.75440
4.02199
3.73932
3.50224
3.96347
2.82187
3.39474
2.50344
3.02192
1.33841
3.24766
2.01151
3.26327
3.59354
3.03154
3.61114
4.09981
3.91499
3.30358
3.66864
3.66386
2.71897
3.91377
2.34692
2.90642
3.58005
2.08692
3.50701
3.09220
0.67549
3.47551
3.71620
1.24268
0.28057
3.81208
0.31690
2.84618
2.09806
3.38716
1.41733
3.75171
3.52476
2.77348
2.47278
2.71993
3.13960
3.89649
4.14701
4.04849
1.43687
2.90143
1.61002
3.91105
3.56739
3.75682
3.10244
3.72168
1.68363
2.56825
3.72427
4.01248
3.75226
3.74983
3.69908
0.74628
3.42264
3.23342
0.66650
2.86224
0.51320
2.16030
3.13250
3.51706
3.42334
3.41799
3.86173
2.01720
1.20677
0.11957
2.67006
3.34750
2.31993
3.90322
3.93408
4.13627
3.91501
3.61726
1.18150
3.44743
3.26297
3.75828
4.14756
3.34788
3.04613
2.84902
3.51373
2.59385
3.72492
4.04187
1.91477
3.41150
2.72395
0.27763
3.66949
4.07881
3.63301
2.96128
2.00473
3.13660
3.88180
4.11652
3.50277
3.50244
3.87980
3.40528
1.26247
2.69899
4.13684
3.83166
3.67589
3.76605
4.11777
3.37938
2.30365
2.57482
4.01002
2.10189
1.33263
3.09937
2.03555
2.60696
3.29607
3.66273
3.37038
2.10185
3.70026
1.57476
3.63078
3.90598
1.36545
0.49079
3.89882
3.15519
2.71273
1.06656
1.79841
3.33251
3.17146
2.94423
3.83407
3.90757
1.20249
1.72312
2.13888
0.24575
3.26070
3.20519
3.99108
2.88034
3.96735
3.19224
1.84570
3.72501
1.20963
3.44518
2.07278
0.22931
4.04910
3.30343
4.07500
3.30879
1.72085
3.14994
3.97651
3.48947
3.84571
3.37433
3.69856
3.87657
1.97319
0.89184
3.88959
3.87864
3.53489
3.79002
3.83040
2.90589
0.80436
2.09710
3.61191
2.62716
2.51524
3.75934
3.94744
3.79917
1.86482
2.36704
2.76330
3.80528
0.75534
3.60566
0.71580
4.11742
3.78352
3.39754
4.20417
3.31934
3.42730
2.51103
3.91035
2.96695
3.92275
2.75519
2.94524
3.38609
4.11047
3.56594
3.17620
2.64610
2.20416
3.93499
4.22327
1.20049
3.83886
2.21955
3.43801
2.41890
3.95587
3.59280
3.33026
3.57746
0.16277
3.43022
0.80487
3.14171
3.81056
0.74104
3.57539
3.88258
3.06890
3.39047
1.78336
0.00126
3.75991
3.89775
3.89570
3.46673
3.30707
3.29698
3.76832
1.50588
2.83735
3.81791
3.13501
1.33795
3.25221
1.93508
3.54986
3.35552
3.67734
3.50613
3.64978
3.74874
3.70643
3.72769
3.81421
3.88064
2.95629
2.92851
3.09150
3.03383
4.01461
3.88816
2.72792
1.52581
3.53439
3.64410
3.12032
2.09788
3.24672
2.54590
3.66379
3.15018
1.78865
4.02088
2.47704
1.29828
0.29843
3.41172
4.08057
1.48463
2.43296
3.87880
3.25842
1.52221
1.26906
3.54020
3.45083
3.45356
3.04450
1.52872
3.18324
2.61636
3.67110
1.21707
3.72566
3.43251
2.77603
2.93375
3.78520
3.66205
3.57190
3.08862
3.78882
2.55514
3.46207
2.93420
2.30961
3.01359
4.00246
0.37981
3.69884
1.64593
0.28298
3.09382
2.81490
3.83325
0.99627
3.86127
3.35225
3.22460
3.78037
3.44911
3.07111
3.56615
3.14318
1.71473
2.85989
3.49510
3.28459
2.75512
3.23027
1.72182
1.91641
3.46973
2.58105
1.26822
3.72671
3.67039
3.75705
3.96590
1.66811
3.93904
3.24027
3.66336
3.84284
3.55962
1.72877
3.35707
3.53510
3.42364
3.45755
3.70366
3.52391
4.09378
2.17158
3.62434
3.89321
2.93733
3.57802
3.09211
2.51894
2.41949
3.21142
0.57508
3.99220
0.03203
2.61867
3.63408
1.57679
3.90126
3.70290
3.28164
2.71410
0.60192
3.96302
1.12306
3.95589
3.25737
2.37952
3.12347
2.51121
3.66261
2.85674
4.24090
2.66605
3.01686
3.43768
3.11456
3.72226
3.67297
0.26943
2.18025
2.93066
3.99027
3.91880
3.52196
2.09595
2.53549
1.23604
2.78812
0.17058
3.66340
3.27271
2.87575
3.04197
2.28608
3.21852
3.84218
3.71361
3.53321
3.93799
3.94827
1.97259
1.73779
3.89815
3.25619
2.71797
2.07026
1.02332
3.28543
2.51554
1.71470
3.80215
3.46368
3.88928
3.22515
2.63793
3.88311
3.29045
3.86762
2.88108
3.81852
3.60218
3.95251
1.93809
3.65396
0.95786
3.59069
0.63849
2.70828
3.99619
3.74176
3.70113
2.70200
3.66408
3.03587
3.79543
3.92919
3.65242
4.16256
2.12855
3.27820
3.75058
3.57994
3.58055
1.16407
3.82315
4.05285
1.46221
2.97204
4.13792
0.91659
2.73185
4.11155
3.16249
3.94383
3.58970
3.68074
2.87879
3.26642
1.56211
3.91785
3.07908
3.76465
3.56140
1.13873
3.73108
3.16224
4.16490
1.90557
3.21338
3.89003
2.25718
3.49735
1.25759
3.84650
1.79983
2.62738
3.55040
0.63286
2.25545
3.81762
2.74055
2.96976
3.94480
3.87608
3.76676
3.24501
3.90083
3.19615
3.87675
0.66309
3.97168
0.96808
3.35072
3.80688
3.44051
3.62817
4.09884
2.35051
3.09171
3.71563
3.53341
0.04641
0.70221
1.96956
0.88767
2.36785
1.14599
3.18257
3.78800
3.55448
3.32760
3.77959
0.96522
0.42470
3.05556
1.04099
3.71528
2.71169
3.78027
3.44391
0.59121
1.57275
2.74036
1.06674
3.23057
3.66007
2.98380
3.61813
0.43840
2.59460
3.95202
2.75324
2.05690
3.87923
1.32586
3.96612
3.39323
3.67509
3.35475
3.53529
3.72252
3.29516
2.72413
1.87328
3.68865
0.46017
3.88012
3.57149
3.67926
1.53821
0.35955
4.06559
3.04192
3.09618
1.83173
3.86576
1.56062
2.78083
2.85014
2.52672
2.03067
2.74639
3.25540
4.00501
4.00965
3.63858
3.82467
3.82694
3.91025
3.48775
1.63450
3.47158
2.79441
3.96785
2.60672
3.61488
4.03941
3.34988
0.74530
3.01075
2.37982
3.45480
3.09643
3.36215
3.72170
1.02557
0.26072
3.73381
4.06867
3.83448
1.55441
1.54365
4.01010
3.24081
2.95692
3.43051
1.40713
3.69979
0.07873
2.54441
3.66678
2.14376
3.82222
0.76342
2.55917
4.03897
3.41081
3.66084
1.25147
2.88138
3.03782
1.85101
1.35888
1.30233
0.41879
3.54134
3.09134
2.81680
2.95059
3.58874
3.95462
0.15173
3.67997
3.53723
3.00014
0.93937
3.39039
2.43987
0.67370
0.68294
3.63656
3.75863
3.07764
2.20205
3.70761
3.06001
3.77245
3.54960
0.46758
3.66035
4.13599
3.89608
3.49845
3.96080
2.21497
1.84434
3.61158
0.15516
3.80306
3.80898
1.67812
3.45653
3.68495
3.21965
3.49941
1.02758
3.56049
3.34394
3.92366
2.77978
3.27206
2.11034
3.78623
2.32483
3.07416
3.55459
3.37447
2.10151
0.12479
3.91259
2.65217
3.43756
2.63888
0.90576
2.05263
0.49735
2.20802
3.96953
4.16583
3.30182
2.52248
1.64461
2.16075
3.30978
3.42351
3.76396
3.36610
4.08655
1.63342
4.21525
3.65130
0.13500
0.98423
3.38785
2.46692
1.01727
3.57386
3.91380
3.62412
2.89425
3.85855
3.57882
3.67173
3.37418
3.42378
3.63775
2.86177
3.54026
3.79672
3.19797
2.61485
3.84748
0.52652
3.89166
1.43279
3.77357
3.67834
3.13080
3.57483
3.74914
3.28274
3.90044
1.61793
0.02583
3.50611
3.92740
4.22542
3.58144
2.52840
3.95779
1.76453
3.51318
0.18539
3.94350
3.71964
3.80153
4.03174
4.05893
2.05135
1.95132
3.72008
3.71000
1.05860
1.35410
3.92753
3.00973
3.97736
3.29070
1.47740
3.82992
2.05053
1.13960
3.13649
3.47135
3.72562
3.79252
3.34630
2.82220
2.02005
0.99199
3.64327
3.86516
3.72710
2.28688
3.61135
3.86576
3.47941
3.32035
3.90777
3.36892
3.53374
3.78834
2.94344
3.94946
3.38950
3.74754
0.08015
4.01291
1.70504
1.97547
3.71593
2.25157
3.42720
3.91120
3.76089
1.60792
3.57771
4.19399
0.04478
3.88398
2.30459
2.65579
3.37751
2.85865
3.69969
3.57678
3.23768
3.72624
2.67950
3.41579
3.47055
2.77808
3.16428
3.61254
3.49790
2.01242
2.12681
3.63785
3.91838
3.43741
3.57684
0.35597
3.69337
2.69363
2.89688
3.84908
3.99338
1.67067
3.70042
1.96090
2.09994
3.33197
3.68038
2.97791
1.48372
3.53838
3.72348
3.84288
2.56849
2.61521
3.79993
2.20379
4.14088
0.11292
3.80862
3.32601
2.73879
2.84194
3.90455
3.34104
3.46934
2.92514
3.67403
3.63443
2.64515
3.15473
3.96805
2.32903
2.10009
3.92067
3.73223
2.00662
3.44106
1.20168
3.26770
3.05687
3.72171
2.23198
2.55540
3.64953
3.31768
0.94904
1.06054
4.06912
3.72309
1.88223
3.41950
0.35238
3.74545
3.81251
3.23858
3.23555
3.71289
3.27972
4.01692
3.44986
1.63988
1.54132
2.64320
4.12145
1.36631
1.07204
0.43771
3.21033
2.82704
1.31947
3.80782
3.27465
2.05043
1.17483
2.65532
3.22896
3.38195
3.92771
2.88082
3.45169
3.69064
0.04094
3.54551
4.04662
2.79441
3.72392
3.34994
3.10877
3.77969
3.51083
3.83638
2.03347
3.63770
3.05396
3.80911
1.44534
3.74472
2.53602
3.17338
3.83276
1.73553
3.70181
3.02519
3.24731
1.50682
2.11404
3.30712
3.51300
3.89556
3.47220
3.26589
2.66221
2.98439
3.71004
1.27346
3.70574
3.28121
3.66444
3.21411
3.78241
3.22452
0.94478
1.52321
3.63299
3.48314
3.30932
2.61349
3.10854
3.56364
3.89196
3.65456
3.82775
3.38229
3.15359
1.06132
3.93277
1.68478
3.60167
3.66075
2.71345
2.76962
