4.11773
4.40276
4.45718
4.40808
3.89561
4.23409
4.44956
4.39263
4.23294
4.32137
4.27751
4.45413
4.41485
3.25095
3.66092
4.23300
4.28125
4.41946
2.59718
3.74064
3.97306
3.91151
3.81310
4.34091
4.40721
4.45914
4.18800
4.36783
4.44852
3.70969
3.86025
4.49904
3.82594
4.10058
4.39003
4.36175
3.96327
4.31325
4.25568
4.44831
4.36774
4.24510
4.00356
3.39183
4.35789
3.95392
4.41528
3.74770
4.31157
4.48727
4.47594
4.42719
4.10776
4.50762
4.29427
4.48012
3.08968
4.22175
4.42634
4.19212
4.36207
4.16412
4.27214
4.27660
3.74236
4.03450
4.40142
4.42185
4.39772
3.98707
4.47895
4.50233
4.34424
4.21496
4.33153
4.19689
3.24988
4.36289
4.10947
3.89327
3.78285
4.37542
3.88063
4.08457
3.86903
4.43389
4.14666
4.43561
4.34258
3.06072
4.22135
4.40641
4.47357
4.34290
4.47108
4.49413
4.21510
4.46355
4.50185
4.33768
4.32436
3.09608
4.45879
3.86647
4.26964
2.84901
4.27112
4.48885
4.35556
4.34322
3.85361
3.64559
4.35426
3.81230
3.96305
3.94567
3.77316
4.34858
4.39088
4.20173
4.47328
4.41852
4.37000
4.34779
4.11078
4.44984
4.42418
4.44841
4.44365
4.22657
4.19403
4.32271
4.45484
4.37948
4.35819
4.33613
4.38666
4.45275
4.31732
4.29880
4.28758
4.46226
4.39182
4.41756
4.42466
2.97988
4.44733
4.33772
4.33136
4.36777
4.39034
4.47949
4.34698
4.38899
4.35374
4.49591
4.23603
3.63520
4.22419
4.37571
4.44943
4.47305
4.34775
4.19622
4.46447
4.40265
3.88971
4.26784
4.33196
4.32399
3.92414
4.04842
4.33072
4.35588
3.92862
3.30625
4.38104
2.42374
3.66149
4.39056
4.42842
4.35150
4.16670
4.38973
4.32526
4.48341
3.80944
3.89190
3.99724
3.71660
4.15392
4.45723
4.34429
4.31112
4.25969
4.23241
4.33350
4.40913
3.96732
4.34208
3.12612
4.44970
4.34027
4.11518
4.48740
4.38763
4.00035
4.49168
4.46143
4.48172
2.94519
4.32452
4.20306
4.37340
4.48136
4.22595
3.89848
2.30384
4.39892
4.44088
4.42869
3.90113
4.22524
4.49719
4.47533
4.11699
4.23839
4.50661
4.32610
4.24419
3.93366
4.03136
4.43005
3.33541
4.49757
4.38711
4.40679
4.24529
3.62456
4.48134
3.69591
3.78106
4.44357
4.27522
4.21879
2.74008
4.37401
4.46110
4.29360
3.74910
4.42704
4.47032
4.29866
4.42842
4.09288
4.41465
4.40941
4.44130
4.17742
4.30359
4.44113
2.82762
4.46937
4.39243
4.31191
4.38075
4.30407
4.02065
4.02439
4.30168
4.09134
4.38428
4.34774
4.21565
4.35222
4.17082
1.96500
4.37997
2.78091
3.73373
4.25857
4.47540
4.20984
4.15758
2.97978
4.42330
3.94705
4.41581
4.35358
4.37023
4.40452
4.45528
4.36752
4.46153
3.98364
4.26666
4.12477
4.44217
4.41539
4.31798
4.08201
4.47965
4.49284
4.02233
3.84924
4.28120
3.86437
4.24581
4.39305
3.70819
4.36873
3.73608
3.32346
4.26712
4.46414
4.39548
4.37382
4.46420
4.42693
4.38297
4.42506
4.48809
4.43763
1.87969
4.33526
3.97559
4.34633
4.41365
4.46240
4.23522
4.42523
4.15909
3.58830
3.98972
4.41914
4.13071
2.49548
4.35257
4.43677
3.25492
4.20294
3.79359
4.18275
2.79650
3.38418
4.37253
4.40642
4.23077
4.29726
4.42341
4.39206
4.20501
3.85688
4.44205
4.21290
4.46858
4.38046
3.97278
4.42396
4.46097
4.41166
4.10697
4.46918
4.36744
4.39970
4.23575
4.26343
4.39321
4.40988
4.39148
4.42034
4.06441
4.21308
4.31987
4.48976
3.72673
4.23072
2.98431
3.89067
4.18584
4.43127
4.26017
3.43227
4.50247
4.30573
4.35541
3.77363
3.08933
4.35032
4.35731
4.35100
3.97763
4.52709
3.63354
4.40841
4.39128
4.38455
4.50653
4.28624
3.66851
3.97438
4.47319
4.43295
4.41738
4.22034
4.35591
3.80541
3.97999
4.41885
4.40170
4.42203
4.48520
2.99326
4.41314
4.43269
4.37167
4.37723
4.46760
3.42257
4.36013
4.43504
4.46831
4.43739
4.42307
3.75890
4.20496
4.23826
4.26609
4.41330
4.36494
4.19046
3.56952
2.40185
4.23475
4.43147
4.30618
4.52004
3.80917
4.06580
4.47393
4.06254
4.36522
4.12414
4.48076
4.16724
4.26494
3.97264
4.28614
4.08293
4.30009
4.06135
3.79102
4.21701
4.26340
4.37058
3.54640
4.25019
4.34624
4.45576
4.19111
4.43182
4.40652
2.64400
4.30741
4.05669
4.32029
3.97376
3.93090
2.38818
4.25893
4.15186
4.41328
4.28907
4.41776
4.37204
4.48522
4.40224
4.35314
4.43183
4.36252
4.36702
4.30531
4.35210
4.50203
4.28006
3.52253
4.18245
4.28715
4.32040
4.30268
4.29583
3.65167
4.36086
4.41791
4.42551
4.28473
4.41979
4.35218
4.41080
4.32958
4.38394
3.95020
4.40825
4.14002
4.44652
3.85693
4.35640
4.37275
4.33896
2.36636
4.43127
4.23027
4.02030
3.32702
4.16172
2.84736
2.12653
4.43225
2.21809
1.76614
4.29532
4.51416
4.44154
4.42164
1.68378
4.44830
2.63664
4.22339
4.40212
4.03735
4.46330
4.38985
4.40017
4.36140
4.30029
4.06903
4.48200
4.42084
4.15097
4.36693
4.27747
4.11561
4.20289
4.38323
4.43457
3.93352
4.31445
4.41947
4.03255
4.36982
4.43888
4.20106
3.06383
4.40970
4.19825
4.23610
2.15080
4.43121
4.43709
4.38474
4.13054
4.39908
4.10601
3.98435
4.35077
4.50602
4.26746
3.66298
4.28109
4.47368
4.38968
4.35844
4.42732
4.41323
4.20446
4.07372
4.25629
4.21495
4.51893
3.63322
4.44650
4.39822
3.28597
4.37136
3.49107
3.76068
4.37630
4.28145
4.28935
4.16038
4.39879
4.33807
4.00606
4.43889
4.32820
3.36402
4.47281
2.05227
4.07210
4.37750
4.02297
4.18746
3.56460
4.36336
4.53197
4.31803
4.37980
4.48693
4.46888
4.26330
3.19504
4.27131
4.32307
4.14992
3.94746
4.27702
4.17963
4.20279
4.47355
4.22050
4.06472
3.51613
4.46688
4.25880
4.39990
4.17492
3.81219
4.42456
3.87416
2.04571
3.91219
4.19970
4.35767
4.32139
1.86062
4.34919
4.29342
4.49268
4.04889
4.41969
4.52513
4.41653
4.38006
4.30045
4.47203
4.37198
4.45249
3.68734
4.05283
3.94611
4.37791
4.42432
4.34143
4.44264
4.37736
4.33220
4.48986
4.42615
4.24037
4.43090
3.87094
4.28570
4.28217
4.49867
4.34655
3.35903
4.20804
4.46909
4.37822
4.44896
3.73985
2.03393
3.93141
4.38451
4.33017
3.27366
4.17099
3.80728
4.37864
3.97442
4.30488
4.41301
4.42919
4.03671
4.38833
4.23457
4.03850
4.45947
3.57603
4.45868
4.00657
4.33971
3.98348
2.55423
4.43248
4.16187
4.35436
3.83658
2.47384
4.30929
4.47985
4.32838
4.45603
4.31463
3.76132
4.17580
4.39597
4.42378
4.28998
4.42871
4.44771
4.19282
4.41874
3.71473
4.31336
3.31156
4.23386
4.43824
4.18985
4.30361
4.46175
4.25937
2.54747
4.24594
4.31375
3.33710
4.35886
4.37139
2.98959
4.31550
4.25838
3.61223
4.45006
4.35654
4.01738
4.33101
3.80351
4.38288
3.21841
4.43140
3.95708
4.08617
4.23327
4.47270
4.07857
3.61554
4.20059
4.24553
4.32339
1.76447
4.31873
4.02655
4.34272
2.96177
4.36825
4.12875
4.45264
4.27892
4.22987
3.91826
4.15049
4.38449
4.36334
3.07222
4.33130
4.44362
3.63485
4.48692
4.20672
4.28967
4.16010
4.26518
3.88697
4.15611
4.45545
4.12146
3.24143
4.31265
4.51226
4.46074
3.77013
4.39864
4.43545
4.26812
4.27078
3.94658
3.89578
4.46066
4.12578
4.37851
3.82619
4.33705
4.50410
2.62692
4.45859
4.28229
4.42352
4.42494
2.89511
4.46488
4.02665
4.27758
4.38003
4.46388
4.19787
4.32575
4.44129
3.73665
4.37291
4.29915
4.00447
4.47440
4.07765
4.38222
4.39942
3.04956
3.47380
4.38593
4.49987
2.60291
4.34268
4.41533
4.46842
4.46867
4.05240
4.43183
2.82813
4.08318
4.33584
3.73496
3.96339
1.22048
4.32640
4.31346
4.36467
4.08042
3.98024
3.34581
4.39899
4.46194
4.47086
2.58109
4.35982
4.40586
4.40663
4.40930
4.45907
4.42038
3.46719
4.40115
4.32743
3.84691
4.47353
4.16968
4.34273
4.35904
4.38685
4.38794
3.99253
4.09447
4.11155
4.19912
4.22136
3.79107
4.36694
4.46169
4.08073
4.40188
4.26522
3.66431
4.47538
4.19139
4.22016
1.41455
4.11309
4.27628
4.35611
3.83133
4.28724
4.28105
4.19331
3.97285
3.74311
4.30937
3.89054
4.19138
4.40047
4.40737
4.36805
3.78415
4.21111
4.06146
4.47509
4.40874
4.35415
4.42032
4.16900
4.40749
4.14869
4.33998
4.37831
4.38701
4.36291
3.57447
3.68732
4.04092
4.51630
4.32995
3.13673
4.40862
4.48887
4.25128
3.90140
3.95981
4.10051
4.06734
4.37231
4.41809
4.45751
4.36146
4.32505
4.47744
4.42998
4.35934
4.36637
4.25706
4.04681
4.44691
4.38909
4.42400
4.24296
3.98599
4.01330
3.47925
4.30451
4.01004
3.93200
4.47873
4.08994
4.48400
3.92295
4.28659
2.93166
4.37108
3.66130
4.17799
4.43846
4.10789
4.08777
4.51029
4.40372
4.11412
4.33103
4.25364
4.37716
4.49490
3.29428
4.33677
3.63370
4.04039
4.38046
4.30310
4.17766
4.45981
4.38839
4.24438
3.29889
4.17909
3.57788
4.39339
4.10599
4.24252
4.41244
3.59225
4.47566
4.13658
4.33389
4.46996
4.33626
4.26716
4.44452
4.14828
4.36353
4.42636
4.45957
4.47511
4.39038
4.40642
4.51214
4.32138
3.79108
4.27413
4.45176
4.44627
3.81546
4.32720
4.32197
4.18340
3.40744
4.47649
4.49271
4.08667
4.17578
2.93634
4.43698
4.39534
3.89163
4.18790
3.08034
4.24388
3.89643
4.45342
4.44727
4.32633
4.40071
4.34069
4.43629
4.39272
4.13523
4.17826
4.43318
4.07772
4.41258
4.46181
4.24985
4.45855
4.37836
3.85661
4.31933
3.42134
4.45651
4.16629
4.25535
4.24616
4.45804
4.21556
4.44478
4.10943
4.21441
2.41590
4.03882
4.38505
1.89785
4.28399
4.07938
4.39451
4.24771
4.34440
4.46813
3.13867
4.30128
4.43920
4.43537
2.54453
4.05790
4.32764
4.25047
4.29489
4.40262
4.36762
4.23667
4.35216
4.17267
3.97664
4.14746
4.28304
3.71463
4.42486
4.40664
4.31512
3.50547
4.16593
4.40061
3.54490
4.40403
2.74436
3.58458
4.42398
3.51371
4.32634
4.18632
4.45108
4.08579
4.48925
4.24710
4.38380
4.18827
3.31353
4.32360
4.45012
4.06640
3.82117
4.39296
2.46755
4.21412
3.87505
3.96166
2.58374
4.40708
4.42271
4.12570
4.46727
4.38548
4.46140
4.24727
4.18051
4.18513
3.63954
4.11063
4.02921
3.86267
4.44675
3.77512
2.82259
3.66252
2.41537
4.36990
3.45086
4.34721
4.45971
4.24620
4.25304
3.79240
4.48249
4.36540
4.49455
4.15842
4.24488
4.33004
3.55745
4.37808
2.88819
4.47458
4.34752
3.89323
3.31089
3.15319
1.78714
4.43444
4.43618
4.41290
4.25574
4.00108
4.37632
4.29686
4.40127
4.37432
4.51900
4.45013
4.26809
4.35450
4.37734
4.29560
3.90439
4.35207
4.45492
4.19530
2.97473
4.28265
4.36563
4.39763
3.49819
4.38275
4.30874
4.33983
4.29888
4.14015
3.38900
4.36627
4.40178
4.47244
4.09502
4.37256
4.42510
4.41817
4.43923
4.36806
4.25702
3.60888
4.44005
4.14251
4.33725
4.22288
4.28765
4.42813
3.74818
4.38338
4.44901
4.39543
4.43563
4.46241
4.05216
4.35336
2.76092
4.43375
4.20569
4.02921
4.34111
4.35582
4.49105
4.33629
4.49890
4.51210
3.98684
3.87292
3.90846
4.35202
4.41917
4.51405
4.19815
4.43749
4.33069
4.41350
4.27019
3.95892
4.32619
4.43412
4.34081
4.21501
4.29758
4.46909
3.64951
4.44783
3.57627
4.22694
3.75918
4.45922
4.40143
4.18194
3.24175
4.48407
4.47940
4.29557
4.34116
4.24877
4.41645
4.30628
3.64597
4.51109
4.50113
4.12321
4.38454
4.51153
3.68544
3.34744
2.78720
3.56546
4.40032
3.78609
3.22699
4.12209
3.95635
4.29050
4.28281
4.27862
4.42020
4.03827
3.98698
4.28710
4.46124
4.47962
4.50465
4.40565
4.28475
4.39480
3.86331
4.28513
4.33507
4.42121
3.15593
4.24017
4.35215
4.39378
4.42047
4.40924
4.46320
4.38057
4.36574
4.42444
2.62473
4.33593
4.35103
4.47559
4.37463
4.42455
2.34727
3.55555
4.39227
4.29314
4.40067
4.37224
3.94380
4.36403
4.29637
4.41581
4.33656
4.49805
4.50223
4.09695
3.82730
4.47595
4.28085
4.47580
4.01780
3.96273
4.50582
4.39525
3.68839
4.16139
3.74950
4.15257
3.51371
4.23542
4.40018
4.09363
4.23375
4.11199
1.75778
4.33774
3.66462
4.40349
4.18183
3.81325
4.45942
4.21902
4.31009
3.31815
4.37704
4.49905
4.49576
4.24337
4.41653
4.05303
4.39245
4.50638
4.36658
4.49547
4.42070
4.38504
4.48015
4.28890
3.72164
4.30954
4.42064
2.67630
4.35109
4.43822
4.30257
4.24675
4.19614
2.58092
4.31837
4.41236
3.75511
3.90916
4.15740
4.38312
4.07056
4.35928
4.28739
4.27491
3.93000
3.94142
3.82628
3.78450
3.80663
4.47266
4.45078
3.28000
4.28603
4.13281
4.40092
4.10330
3.57299
4.42998
4.35434
4.33033
4.45637
4.38869
4.34034
4.07447
4.41794
4.43150
4.31513
4.08471
4.17824
4.46122
4.25017
4.17628
4.16861
4.45141
4.29082
3.58552
3.09916
4.44353
4.41648
4.09504
4.42188
4.02670
4.39212
4.42385
4.32418
4.24938
4.33978
3.56409
4.41260
4.38851
4.31410
4.52467
4.37052
4.38490
4.21351
4.21723
4.48747
2.82694
4.02244
3.78223
4.38211
4.36583
4.33827
3.77583
4.44134
4.26503
4.43583
4.25670
4.20249
4.12879
4.06346
4.12700
4.37722
3.96780
4.44967
3.49102
4.19424
3.84908
4.38435
3.65111
4.28949
3.58059
4.40394
4.38489
3.76968
4.39843
4.31376
4.49040
4.36988
4.32651
3.72014
4.48026
4.47112
4.45763
4.46918
4.39955
4.47338
4.39474
4.42982
2.86101
3.80104
4.45304
4.03477
3.73335
3.86221
4.37152
4.04414
4.42943
4.09684
4.23831
4.11023
4.50128
4.40614
4.25463
4.50196
4.21389
4.35869
4.38540
3.92504
4.41348
3.49474
4.39301
4.08401
4.37319
4.40432
4.48665
4.23882
4.47712
3.70608
4.36181
4.43249
4.50975
4.42099
4.45322
4.41199
4.05314
4.47958
3.96806
4.42210
4.33636
4.07824
4.42688
4.30730
3.92664
3.54664
4.41016
4.43940
4.29299
4.19119
3.86992
4.25648
4.15911
3.81850
4.47635
4.46852
2.89598
4.15000
4.30677
4.25443
4.37806
4.45995
4.19941
4.31792
4.39450
4.47466
4.42869
4.46217
4.47142
3.86774
4.51033
4.30879
3.88383
4.32839
4.45597
4.34982
4.43238
4.00594
4.18627
4.17605
4.46858
4.39232
4.40358
2.34901
4.21927
4.27145
3.81644
3.89122
4.31238
4.12510
4.47501
4.34120
4.43534
4.34735
4.01488
4.38714
4.45552
4.16101
4.02398
4.44316
4.31683
4.48468
4.32288
4.40280
4.41132
3.83632
4.39093
4.38910
4.48723
4.28707
4.14226
4.42877
4.33236
4.49648
4.40111
4.44236
4.42049
4.45833
3.39599
4.42432
3.58551
3.81905
3.22422
4.34788
4.06978
4.42842
3.96677
4.29404
4.21941
4.37908
4.19255
4.16865
3.94768
3.28299
4.01785
4.44991
3.92934
4.29625
4.35672
4.00753
4.45263
4.47434
4.02695
4.36100
4.31745
3.80318
4.46714
4.17142
4.40005
3.93290
3.97225
4.35690
2.75892
4.53137
4.43221
4.41076
3.82326
4.50485
4.43127
4.21062
4.37662
4.38219
4.22528
4.38096
4.31609
4.41790
4.32365
4.44822
4.28964
4.25661
4.40374
3.50594
3.92522
4.46858
3.72623
4.01041
4.48148
3.19641
4.45253
4.33709
4.40687
3.92151
4.37076
4.44180
4.39104
4.32105
3.34997
4.44070
4.08432
4.21202
4.31038
4.41075
4.12761
4.27305
3.58675
4.44983
3.93485
4.22677
4.18082
4.32777
4.10586
4.25766
4.42182
4.38710
4.28913
4.19080
4.33185
4.07749
4.41028
4.46490
4.41869
3.16764
4.44704
3.96204
4.45895
4.04642
4.39259
4.19478
3.56144
4.34384
4.36124
3.72957
4.44382
4.36870
4.22542
4.26405
3.92198
4.03017
4.44580
4.39511
4.43079
4.25811
4.34356
4.42800
3.97348
4.26677
4.43627
4.08044
4.39282
4.24008
4.44160
4.46594
4.40072
3.99002
4.45863
4.16423
3.18882
3.60376
3.99337
4.09021
3.78579
4.47730
4.20895
4.38623
4.17480
3.80063
4.15190
3.13552
4.28016
4.35880
2.28977
4.37572
4.30472
3.92562
4.17192
4.31672
3.68791
4.38103
4.14030
4.25624
4.00480
4.18565
3.98092
4.40766
4.35681
4.25617
4.43350
4.27486
4.43248
3.80804
4.47788
4.39066
3.91934
4.34497
4.35999
4.45689
4.21357
2.63737
2.77759
3.82781
4.49413
4.41984
3.78161
4.24828
2.40851
4.33692
4.29167
4.48506
4.46475
4.33566
4.39932
4.48097
3.94344
4.45642
4.19536
4.42927
4.24179
4.24691
3.71162
4.09469
3.82114
4.36443
4.07730
3.24516
3.54733
4.30560
4.34584
3.54471
4.45611
4.47215
4.47920
4.31247
4.50341
4.27337
4.34348
3.34252
3.97896
4.37509
4.07138
4.46370
4.12203
4.44141
4.37466
3.44322
4.43170
3.94385
4.13170
4.41040
3.95453
4.50092
4.45335
4.45342
4.13984
4.38294
4.29370
4.01456
4.40571
4.37873
4.30590
4.20635
4.01645
4.40859
3.98084
4.43532
4.08247
3.78696
4.00077
4.40149
4.45898
3.95356
3.69784
4.39950
3.90845
4.15110
4.29401
4.40948
4.32519
3.66241
4.45917
3.83023
4.06199
4.08996
3.27611
4.37757
4.15220
3.45729
4.12837
4.50093
4.34538
4.48252
4.35412
4.08160
4.47118
4.40985
3.78369
4.47972
3.43903
4.19488
2.01251
4.42604
4.22353
4.35297
4.29743
4.06581
4.42064
4.49875
3.25265
4.48992
2.23154
4.49478
4.25675
3.81830
4.43278
3.68359
4.21161
4.34437
4.35055
3.44142
4.44256
4.45735
3.55146
3.65169
3.80180
4.16747
3.46365
4.09834
4.33080
4.30422
4.41790
4.25262
4.49103
3.48408
3.90039
4.36421
4.40828
4.31216
4.31876
4.05428
3.46241
3.37026
4.43717
4.43199
4.28578
3.16407
3.68136
4.34117
3.79288
3.55488
4.38748
4.29881
4.06560
4.44455
3.94979
4.31089
4.20445
4.35484
4.25611
3.98753
4.44280
3.11351
4.46768
4.51364
4.43097
4.15400
4.24764
4.32098
4.34657
4.38048
4.12280
4.22244
4.36798
4.38054
4.25356
4.50299
4.37838
4.42659
4.43124
4.34823
4.31195
3.62666
4.24091
4.28123
3.81913
3.58456
4.33509
4.40982
3.53880
4.39193
4.42115
3.31840
4.47854
4.47054
3.99596
4.11709
4.49551
4.19683
3.63973
4.14184
4.47245
4.32563
4.44392
3.67066
4.13028
4.27332
4.04131
4.33505
4.39012
4.13865
4.46478
3.74748
2.70706
4.35725
4.19237
2.08545
3.81611
4.44286
4.18622
4.22057
4.38647
4.34847
1.94558
4.50115
3.78370
4.38156
3.81069
4.12530
4.11159
4.37085
3.40036
3.74453
4.34609
4.33448
4.50549
4.31708
4.47231
4.48284
3.87175
3.98750
4.45431
3.84544
3.14410
4.21327
3.93264
4.40991
3.88243
4.42177
4.19375
4.00548
4.28157
4.39641
4.43267
4.11057
4.31137
4.42768
4.23089
3.54264
4.14906
4.38890
4.33305
4.28664
2.56249
4.02485
2.88985
4.20879
4.41928
3.10029
4.03318
4.10230
4.46435
3.99085
4.52233
1.71729
2.87298
3.71478
4.36457
4.41099
3.72997
4.12665
4.27940
4.44008
4.32903
4.46359
4.04589
4.40378
4.03712
4.30910
4.47844
4.42679
3.68096
4.46292
4.47565
4.17839
3.61578
4.26908
3.23856
4.38492
4.17579
3.71016
4.35006
4.26755
4.42157
4.35453
4.34995
4.11345
4.40583
4.36428
4.12524
4.26833
2.82215
2.91397
3.84068
4.04686
1.92814
4.19538
3.18228
4.24634
4.28931
4.52493
4.34612
3.98941
4.04185
4.27897
4.42720
4.35466
4.52271
4.32918
4.15499
4.25521
4.50169
4.40096
3.28755
4.03063
4.36377
4.45469
4.48522
3.31165
4.36037
4.25962
4.42400
3.65761
3.62156
4.35805
4.18893
4.35504
4.37680
3.12749
4.42927
4.15257
4.09609
4.17890
4.38341
4.21676
3.98074
4.20078
4.47975
4.43844
4.39758
4.23867
4.21449
4.23598
4.49001
4.51170
3.92930
4.25492
4.34698
4.36242
4.06636
4.44242
4.44184
4.17137
4.35887
4.25385
4.15716
4.45598
4.32614
4.38512
4.40985
4.31068
3.84227
3.77938
4.37238
4.43107
4.46498
4.26955
4.36751
4.48076
4.35726
4.05871
4.30325
4.14372
4.29659
3.13897
3.27706
4.35467
4.09096
3.89632
4.28496
4.40814
4.46864
4.47363
4.42060
4.42439
4.43123
2.90246
4.36836
4.43094
4.36383
4.51552
4.37680
4.44707
4.32217
4.30552
4.15602
4.24367
4.22259
3.43447
4.16098
3.18803
3.65041
4.25319
3.78720
4.33932
4.42783
4.16796
4.49739
4.46121
4.43726
4.20065
4.06213
2.93080
4.41023
4.28562
4.41004
4.46203
4.40614
3.90915
4.44929
4.48157
4.34273
4.29233
4.41011
4.38892
4.38018
4.35600
4.25799
3.95112
4.48925
4.44514
4.33200
4.49294
4.38314
4.16999
4.34513
4.38584
4.35439
4.37577
3.93992
4.20208
4.36300
4.42119
4.31187
2.74417
4.15131
4.23398
4.31492
4.39881
3.69717
4.38558
4.43358
4.36323
3.20955
4.49727
4.21041
4.39051
4.21267
4.46217
3.87879
3.57770
4.22163
3.56596
3.43060
4.20186
4.42179
1.62246
4.22097
4.31682
4.42787
3.87007
3.77505
4.25185
3.93001
4.32196
3.47048
3.77712
4.16088
4.30165
4.44939
3.99812
2.97974
4.16272
3.94533
2.69120
4.41350
4.33759
4.50367
4.36600
4.45060
4.42531
4.23513
3.26168
4.09283
4.14561
4.44459
4.46227
4.48790
4.39695
4.29075
4.35368
4.41107
4.46331
3.84717
4.45473
4.40542
4.39639
4.10559
4.28382
4.11247
4.35310
1.65074
4.38638
4.45908
3.83679
4.39223
4.10773
4.06456
4.44127
4.40839
4.28513
3.61141
4.47912
4.30885
4.37781
4.15778
4.36461
4.47901
4.51747
4.05370
4.03754
4.41929
4.43488
4.47536
4.39718
4.49586
4.30689
4.04896
4.46978
4.42120
4.21384
3.05705
4.33867
4.21467
4.26021
4.22467
4.37107
4.32013
4.00863
4.42764
4.51294
3.11895
4.43984
4.29654
4.29221
4.30869
4.31615
3.93749
4.28644
3.14112
4.01868
3.69186
2.79469
2.83199
4.00884
3.94199
4.15528
4.36206
4.32219
3.89805
4.23052
4.04022
4.10391
4.42858
4.41150
4.31404
4.35529
4.46865
4.16782
4.31070
3.83600
4.40635
4.53856
4.09025
4.44652
4.20427
4.16187
3.56793
4.43565
4.41528
3.10015
4.24216
4.10987
4.19216
4.39970
4.23667
4.31501
4.43440
3.76340
4.27380
4.46490
4.33427
4.42914
4.33642
4.38774
4.34186
4.50338
4.40689
3.37414
4.44637
4.03220
4.23136
3.44654
4.49545
3.46978
4.18566
4.35249
3.33912
4.30863
3.33828
4.33906
4.34490
4.34188
4.16588
4.32505
4.46611
4.32698
4.41487
4.40925
4.47589
4.04927
4.48688
4.22251
4.46812
4.39679
3.53216
4.18418
3.79844
4.14058
4.30908
4.36357
3.19317
4.21598
3.34052
4.00529
4.42747
4.38381
2.92630
4.27077
4.45618
4.42720
2.69876
4.14772
3.69977
4.42983
4.19065
4.20373
4.22680
4.48236
4.39869
3.10369
4.42589
3.13805
4.47284
4.36283
4.22048
4.31862
1.39855
4.24700
4.28660
4.33979
3.60691
4.31079
4.16693
3.74624
3.79649
3.87433
4.39596
4.36410
3.31350
3.84048
3.95516
4.08437
3.51659
4.39622
4.25543
4.23791
2.92870
4.50173
4.47291
3.82121
4.17023
4.51820
4.44364
4.41990
2.88779
4.45088
3.49546
3.89479
4.36082
4.48552
4.34453
4.44963
4.26318
2.86273
4.17518
3.96360
3.67616
4.39511
4.29320
4.41740
4.34965
4.15885
4.41493
4.29894
4.11860
4.20180
4.38197
4.50338
4.43280
4.34219
4.43845
4.12238
4.12964
4.42811
2.73230
4.35259
4.40028
4.06399
4.41319
4.36750
3.38624
4.36275
4.43837
4.49962
4.49209
3.98766
4.15115
4.22890
4.21437
4.44560
4.18899
4.28361
4.46368
4.16688
3.91555
3.94700
4.28957
3.31125
4.19061
4.41863
4.37313
4.28308
2.74300
4.37855
4.42860
4.33482
4.35327
4.43004
4.30705
2.73871
4.24788
4.20810
4.37157
4.14264
4.47135
4.46993
3.61044
4.38781
2.06402
4.03237
4.31021
4.46611
4.42446
4.07315
3.43753
4.03733
4.29946
4.18835
4.41464
4.35171
4.39080
1.83292
4.41166
4.06433
4.44001
4.16276
4.47116
3.46159
4.33704
4.25381
4.29334
4.42541
4.46795
4.16816
4.46375
4.11781
2.64236
4.33678
4.43676
4.39472
4.33736
4.17075
4.37562
4.25390
4.41207
4.17127
4.43494
4.44534
4.06447
4.47216
2.71160
4.39958
4.14167
4.30304
4.33892
4.31887
4.39031
4.40878
3.85606
4.32942
4.44944
4.28767
3.55127
4.47687
4.34733
4.19140
4.33792
4.46466
2.28861
4.04802
4.37416
4.48418
4.19209
4.46323
4.50826
3.49997
4.49219
3.57827
4.40216
3.92450
3.02789
3.73482
4.44189
4.34516
4.25285
4.42895
4.43369
2.24164
4.47760
4.40406
4.34700
4.35033
4.30250
4.39482
4.37017
4.26562
4.47126
3.89634
4.38602
4.28780
4.47613
4.24493
3.70328
3.01010
3.90436
4.33033
3.95083
4.15393
4.47203
4.28182
4.41971
4.43825
4.31791
4.47459
4.31971
4.28484
4.34472
4.48477
4.15016
4.05413
3.96036
3.96317
4.38219
4.28917
3.97711
4.39896
4.34984
4.27779
4.51445
4.37692
4.49584
4.24953
4.52869
4.41983
4.42201
4.51700
4.37173
3.48937
4.47843
3.47396
4.28044
4.49018
4.25452
4.22486
3.59217
4.45614
4.16403
4.35163
4.47904
4.39402
4.12855
4.46301
4.34313
3.96224
4.34082
3.91918
4.04872
4.41051
4.09070
4.32844
3.56176
4.24040
4.16105
4.27500
4.00453
4.30603
4.33632
3.94131
4.44258
2.46045
4.15687
4.23385
4.05788
4.39829
4.34066
4.43954
4.10084
4.46907
4.48660
4.49518
4.26970
4.25127
4.40910
4.36508
4.31375
4.38011
4.28391
3.74978
4.33365
4.40436
4.21210
4.26458
4.47233
4.13943
4.32448
4.51532
4.27548
4.33285
4.45375
4.40446
3.86739
3.76189
4.40805
4.29244
4.46595
4.26339
3.53070
3.26218
4.31660
4.38534
4.34901
4.46852
3.54548
3.66389
4.36993
4.29432
4.41240
4.23225
4.32386
4.15656
4.37089
4.49881
4.15948
4.16284
4.41578
4.40486
4.47408
2.46774
3.50525
4.04243
4.36340
4.34587
4.49513
4.21297
4.39290
4.46422
4.20788
4.14111
4.20367
4.17023
4.40958
3.99540
2.84597
4.44432
4.36460
4.23760
4.14915
3.99934
3.00127
4.42007
4.26092
4.23883
4.45351
3.92883
4.22539
3.66173
4.06862
4.41101
2.76661
4.21787
4.08958
4.28780
4.47210
4.13825
3.67689
4.38483
4.43064
4.47066
3.97957
4.37122
2.39697
4.50806
4.45591
3.70041
4.49729
4.36584
4.29071
4.37118
4.41202
3.46332
4.43412
4.40177
3.95832
4.43729
4.23381
4.39390
4.46321
4.28376
4.00114
3.56432
3.21371
4.09053
4.34571
4.43126
4.04661
4.30359
4.44081
4.47199
4.39551
4.47963
3.36435
4.36718
4.40441
4.48409
4.47401
3.74797
4.04075
3.48902
4.49897
4.41380
4.36929
4.37948
4.43025
4.42820
3.95801
3.56562
4.44354
4.38447
4.33423
4.39189
4.30720
3.79822
4.41071
4.34311
3.82483
4.32126
4.45254
4.31297
4.37166
4.47194
0.91063
4.43819
3.62567
4.41909
3.99084
3.95947
4.34682
4.11387
4.29728
4.48684
4.44620
4.30573
4.41033
4.41866
4.25426
4.39357
3.87065
4.37086
4.34822
4.44804
4.24633
4.44990
4.07829
3.78025
4.16534
4.40047
2.11516
4.41007
4.13872
4.12373
4.40492
4.39946
4.28032
4.41345
4.42959
4.37698
1.91134
4.40311
4.39489
4.38885
3.98444
4.18079
4.17854
4.40261
4.36594
4.20818
4.48629
4.34103
4.46563
2.96181
4.26129
3.97996
4.18005
4.26706
3.70788
4.27316
4.47287
4.33492
4.48470
4.19400
4.38301
4.35236
4.42605
4.47862
3.78776
4.26887
4.18231
3.88961
4.46336
4.46659
4.50628
4.16389
3.58603
4.46903
3.81718
4.42831
4.38631
4.34100
3.21040
4.48385
4.44715
4.45310
4.40896
4.36768
3.40171
4.29572
4.44322
4.41896
4.37855
3.41785
4.49067
4.49046
4.39454
2.63391
4.37496
4.20949
3.99008
3.56735
4.45811
4.22606
4.36166
4.44352
4.43362
4.46538
2.11832
4.38463
2.72749
4.46334
3.54859
3.94850
4.36499
3.58425
4.33848
4.35828
3.73536
2.68252
4.39268
3.20404
2.50828
3.70974
4.24761
4.04463
4.00708
4.26167
3.85149
4.46568
4.35342
4.04816
4.21199
4.33093
4.34932
3.68729
4.29757
4.15018
4.24839
4.13034
4.35577
4.25174
4.39511
4.37497
4.34275
3.89880
4.44502
3.79485
4.47049
4.33455
4.30225
3.96894
3.98539
4.18719
4.36415
4.17916
4.34834
3.95545
4.46076
4.25060
4.45026
4.49335
4.39240
3.67729
3.54497
4.16934
4.43157
4.40962
4.38421
4.19856
4.42630
3.95414
4.53083
4.40064
4.23533
4.43355
4.38516
4.46041
3.68961
3.92911
4.20135
4.13471
4.32928
4.41508
3.76507
4.07494
4.40597
4.30785
4.35486
4.25218
4.19045
4.45680
4.05156
4.17943
4.33474
4.22782
4.50506
4.40945
4.35165
4.25100
4.34890
4.22030
4.26931
4.25497
3.97614
3.88701
1.83913
3.97814
4.33868
3.71387
4.43899
4.10473
4.39281
3.32734
4.50146
2.57863
4.11430
3.68427
4.49723
4.42987
4.35384
3.19973
4.52053
4.00075
4.14594
4.44796
4.30539
4.02499
4.38939
4.18734
4.32135
4.18366
4.51039
3.99073
4.20645
4.47566
4.46515
4.47996
4.35998
4.08121
4.44734
4.23500
4.41399
4.29621
4.31675
4.39256
4.49924
4.40226
4.45583
4.37088
4.41184
3.27636
4.39653
3.79820
4.48761
4.30216
4.44048
3.05028
4.47603
4.47415
4.31701
4.49224
3.65081
4.44393
4.38061
1.79999
4.36677
4.44915
4.45410
3.99948
4.28290
4.44121
3.74274
3.97636
3.79914
4.27036
4.44027
4.42684
4.22215
4.22292
4.42288
4.24019
4.27528
4.50686
4.42824
4.42786
4.37243
4.37502
4.26211
3.59233
3.99571
3.79121
3.25088
4.38488
4.08695
3.91006
4.40023
2.57369
4.35311
4.04898
4.37454
4.33214
2.91422
4.32430
4.25431
4.38195
4.07041
4.38952
3.47248
4.38170
4.40858
3.70323
4.30501
4.14405
4.38630
4.31894
4.43227
4.16021
4.32870
4.41541
4.38032
4.42320
4.40354
4.45895
4.03100
4.44176
4.45862
4.48193
4.46160
4.31660
4.47297
3.88488
3.86026
4.18586
4.25661
4.28501
4.29514
4.27373
3.97374
4.03950
3.99480
3.91461
4.31849
4.47238
4.43988
4.46063
3.57020
4.37319
4.41913
4.44241
4.42131
4.28187
4.19629
4.45600
3.86846
3.57236
4.35997
4.06330
4.44219
4.25426
4.25378
3.74023
4.12691
3.12101
4.14830
4.43085
3.93526
4.49102
4.37702
4.33645
4.27053
1.98995
4.44833
4.28724
4.50751
4.27649
4.24348
2.85037
3.65385
3.98467
4.22586
4.29971
4.40734
4.02418
4.27248
4.04185
4.29012
4.46997
4.10741
4.33245
3.64054
4.15730
4.44238
4.36239
4.11533
4.03790
4.36158
4.41724
4.17126
4.10690
4.37527
4.53715
3.62526
4.31511
4.41732
4.35899
4.03998
4.43485
4.24093
4.41514
3.58768
4.38107
4.32781
3.98382
4.40712
4.35486
3.70927
4.26626
4.39273
3.95160
4.41821
3.97685
2.57947
4.18141
4.30668
4.37490
4.47660
2.40532
4.42418
3.39349
4.35388
3.49642
4.43875
4.26767
4.33874
3.00445
3.59960
4.10704
4.48143
3.18837
4.28830
4.36455
3.88733
3.90659
4.46618
2.26247
2.72243
4.00675
4.26288
1.47014
2.90553
4.34548
4.23587
4.32354
4.33990
4.27612
4.27588
4.31053
3.76150
4.09750
3.96202
2.48266
4.34527
4.34321
3.84550
4.43416
3.95138
3.84010
4.24455
4.40433
4.36172
4.49076
4.50936
4.21027
4.32866
4.35237
4.37312
3.71688
4.36924
4.35631
4.44290
4.17384
4.12776
4.48200
4.47649
4.20412
3.87240
3.64158
4.41258
4.43681
4.08688
4.50193
4.22669
4.51040
4.29111
4.45990
4.43465
4.33305
4.45611
3.49255
4.37204
4.46168
3.93318
3.83572
4.40559
1.63854
4.38796
4.27234
3.63143
4.45747
3.57673
4.35728
4.19569
4.08650
3.42066
4.44883
4.44761
3.94395
4.48736
4.35883
4.04343
4.37763
4.34773
4.04679
4.51541
3.17154
4.44828
4.36473
3.92324
4.42072
4.18754
4.25508
4.45927
4.49190
4.23085
3.94234
2.57780
4.40851
2.50497
4.45743
4.20194
4.23616
4.17274
4.46954
4.30951
3.83515
4.19686
4.24483
4.52492
3.08499
4.18802
4.30000
3.73221
4.10181
4.37846
4.48158
2.72537
4.46755
3.22849
4.37129
4.28360
4.51851
4.49091
2.71170
4.18498
3.94648
4.42118
4.39712
3.46280
4.20506
3.47131
2.61344
4.38726
4.48588
4.29090
4.41670
4.36247
4.48823
4.34369
3.74215
4.52892
4.37218
3.61533
4.40804
4.43233
4.32427
3.84200
4.42185
4.32570
4.44099
4.27353
4.36801
4.30859
4.41733
4.05858
4.45270
3.76332
4.18583
4.49175
4.03341
4.30124
3.92612
3.32343
4.00613
4.48027
4.06172
4.48640
4.28138
3.84780
4.03193
3.44742
4.41132
4.34682
4.44203
4.47171
4.39159
4.14019
4.45081
4.21898
4.43116
4.26663
3.98670
4.02174
4.50662
3.41414
4.10949
4.43634
4.43391
4.35254
4.21831
4.36121
4.39966
4.45146
4.31927
4.47790
4.39920
4.09000
4.27034
2.69054
3.99402
4.37160
4.29864
4.25481
4.28543
3.74649
3.15758
4.45726
1.85681
4.38164
4.25248
4.37482
4.47303
4.12302
4.25153
4.24060
4.44072
4.40311
4.49428
4.39238
4.26194
4.28126
4.22226
1.48944
4.20176
4.43866
4.36801
2.82844
4.40206
4.28929
4.39296
4.27157
4.37881
4.41963
4.49262
3.58031
4.06722
4.33042
4.37480
4.37860
2.57365
3.84696
4.23903
4.46490
4.50619
4.39375
4.34920
4.41002
4.47674
4.45662
4.27892
4.17102
4.33055
4.13012
4.41257
3.79531
4.39736
4.42485
4.34177
4.29287
4.44988
4.41021
4.30250
4.39736
4.47313
4.41239
4.26075
4.46488
3.38264
4.35073
3.79758
3.20206
3.41967
3.98705
4.25817
4.31780
4.21979
3.91770
4.47132
3.13702
4.39615
4.39619
4.43667
2.65631
3.73802
4.31902
3.90652
3.54896
4.38662
4.32976
4.36833
4.30257
4.18915
4.33210
4.14330
4.47604
4.15791
4.17488
1.92866
3.50696
4.52440
4.38746
4.03791
2.91083
3.57741
4.39837
3.88530
3.76524
4.47170
4.36337
4.11211
4.26762
1.72472
3.92536
4.24929
2.37586
4.37723
4.33495
4.12176
4.43569
3.83766
4.39643
4.14914
3.30186
4.38275
4.20051
4.45161
4.37719
3.05628
3.69117
3.96627
4.37091
4.32495
4.12168
4.46291
4.34421
4.15458
4.25299
4.35997
4.43968
4.05178
4.51385
3.67537
4.30667
2.16755
4.32576
4.15532
4.38030
4.30310
4.17431
4.36399
4.48267
4.12669
4.39921
4.41896
4.36741
4.41119
3.95762
4.44276
4.03401
3.44418
4.10240
4.12597
4.39093
4.49495
4.41770
4.35973
4.37339
4.43446
4.45662
4.22560
4.36393
2.84721
4.21567
4.41019
4.44501
4.36904
3.81683
4.28369
4.25384
4.35805
4.49750
3.84385
3.70770
4.11237
4.29359
4.37475
3.56918
4.47488
2.54959
4.01352
4.24982
3.51217
4.39440
4.13201
4.44547
4.51086
4.04266
4.47278
4.15585
4.44772
4.39089
3.32918
4.43836
4.13547
4.44944
4.42992
4.32784
4.42336
4.15612
4.37066
4.41685
4.32237
4.35872
4.33639
4.38049
4.23266
4.14407
4.22994
4.17254
4.20271
3.79240
4.40407
3.72839
4.45225
4.48105
4.51638
4.19871
4.40657
4.35126
3.36770
4.42645
4.35338
4.17593
4.08992
4.44395
4.15394
3.78384
4.48718
4.37830
4.44512
4.32058
4.41665
4.35798
4.36884
4.24991
4.47568
4.39137
4.38646
2.06382
4.33608
4.43815
2.36967
4.37534
4.21830
3.97976
4.24544
4.08555
4.37113
4.33381
4.09790
4.41804
2.48593
4.09208
4.36670
4.47019
4.35098
4.51300
4.19653
4.45778
4.43087
4.47299
4.43927
3.21353
4.46721
4.35745
4.40965
4.26947
4.11586
3.80746
4.33156
3.68360
4.38124
4.36810
4.46113
3.93184
4.16979
4.33283
4.37828
4.31536
4.23988
4.32191
4.04986
3.80121
3.98222
4.48405
4.02060
4.23280
3.27097
4.38024
3.67394
3.86961
3.77388
4.37479
4.41481
4.44956
4.02537
2.97819
4.22212
4.39885
4.32972
4.33579
3.20138
4.43926
4.42058
3.83900
4.48122
4.06504
4.48730
4.44897
4.38083
4.23609
4.22870
4.51942
4.02567
4.43946
4.30032
4.21120
4.09934
4.34353
4.39984
4.27676
4.43524
4.24986
4.16390
4.49831
4.08787
4.43095
4.38424
4.40862
4.23065
4.40464
4.44130
4.24323
4.35459
4.24879
4.29891
3.99737
3.47779
4.26155
4.38716
4.27884
4.40040
4.42485
2.74147
4.49382
4.20073
4.47410
4.02402
4.31157
4.47954
4.24592
4.08796
4.43380
3.65286
4.32090
3.89201
3.97023
4.31306
4.43880
4.05576
2.48627
4.36882
4.44213
3.81987
4.04567
4.44488
4.43292
4.47080
4.34329
3.78642
3.64682
4.29037
2.43148
3.78525
4.46362
4.18561
4.35629
4.46803
4.19448
4.35535
4.47646
4.37937
4.44585
4.37571
4.20785
4.27690
4.40823
4.47180
4.47776
4.12996
4.33752
4.38269
4.19196
4.26601
4.46623
4.21503
4.14715
4.41910
2.99534
4.41217
4.37862
4.07499
4.36323
4.10199
4.30643
4.32453
4.23080
4.34663
4.40126
4.40880
4.21442
3.90675
4.07929
4.51768
4.43158
4.40616
4.25089
3.95969
4.32782
4.21969
4.50133
4.45536
4.36395
4.34694
4.04280
4.17158
3.60246
4.37831
3.65287
3.81655
4.46697
4.28222
4.29648
4.23558
4.41157
4.10344
4.48145
4.28618
2.86244
4.40909
4.23407
4.43917
4.40295
4.36848
4.08688
4.44177
4.17679
4.42071
4.45837
4.03358
4.13986
4.44998
4.43793
4.05340
4.47475
4.44253
2.96463
4.47875
4.02486
4.36963
4.46027
4.38412
4.33824
4.37845
3.83372
4.22097
4.41137
4.40137
4.23637
4.51052
4.41900
3.51639
4.41595
4.13590
4.43232
3.19910
4.35143
4.00103
3.73920
3.77115
4.26596
4.02676
4.19294
4.41236
3.88278
4.21547
4.24207
3.14504
4.47894
4.36428
4.36860
4.51002
4.29838
4.26911
4.21993
3.44261
3.02247
4.30271
4.39558
4.38443
3.65421
4.29300
4.12471
4.41875
4.42613
4.30932
4.40426
4.42133
4.41063
4.33205
3.76251
4.41382
4.48827
4.13893
4.19279
4.48922
4.38448
2.37807
4.49408
4.31315
3.95008
4.05638
4.41275
3.96767
4.39611
4.09794
4.48684
4.23046
3.58490
4.29126
4.39833
3.13493
4.44396
4.09920
4.40513
3.97500
4.42630
4.41306
4.38072
4.35441
4.33251
4.24426
4.37257
4.25542
4.44916
4.04392
4.39917
3.51757
4.22446
4.38372
4.44746
4.11890
2.65673
4.47479
3.69001
3.93414
4.31742
4.39183
4.37375
4.30037
4.42557
4.07413
3.27979
4.36844
4.43954
4.43476
4.35406
4.27044
4.37172
3.07267
4.07532
4.44622
4.16307
3.83964
3.70884
4.45964
4.40510
4.06629
4.36098
4.07945
4.23726
4.14089
4.36605
4.37954
4.33646
3.25490
4.22802
4.48633
3.17890
4.08136
4.47178
4.15901
3.98856
3.72081
4.32987
4.29350
4.16383
4.19826
4.25470
3.01118
4.14601
4.39233
4.30532
4.19330
4.38973
3.28609
4.44164
4.26696
4.31312
4.41252
4.30536
4.48470
3.81292
3.86814
4.39115
4.42018
3.66280
4.43554
4.28419
4.35955
3.99195
4.39521
4.45092
4.11600
4.15801
3.80804
4.41535
4.42674
4.11849
4.34513
3.53196
4.44530
3.85320
4.43292
4.29851
4.38436
4.44016
4.46548
4.27724
3.71814
4.04677
4.47110
4.27987
3.36458
3.53917
4.18828
4.11488
3.81639
4.28390
4.49293
4.25637
4.17018
4.37195
4.47605
4.19266
4.30247
4.41579
4.46117
4.46203
3.29146
3.83265
4.38390
4.30312
4.13222
4.44877
4.09857
3.97885
4.27550
4.33819
2.73507
4.41533
4.10024
4.04357
4.32516
3.60158
3.60575
4.36334
4.19648
4.17045
4.27420
4.29577
4.39860
4.26669
4.34555
4.39547
4.36866
3.61288
4.46123
3.68959
4.32538
4.32547
4.49878
4.16033
4.35162
4.41814
4.08879
4.46032
4.46555
4.43514
4.38057
4.24886
4.11311
2.89085
4.07024
4.22559
4.13042
4.40398
2.33317
3.97778
4.34480
4.32027
4.50100
4.30489
4.29991
4.00189
4.47756
3.89539
3.02795
4.43972
4.42013
4.35212
3.79420
4.38981
4.34496
4.06356
4.46237
4.11885
4.17316
4.24399
4.24602
3.76252
4.48420
4.32919
3.76539
4.37432
3.55488
4.49178
4.38335
4.45733
4.41683
4.08426
4.35980
4.28287
4.47423
2.84615
3.63011
4.46515
4.52559
4.41540
4.30218
4.29101
4.48923
4.33551
4.37725
4.40049
4.24885
4.41256
4.39330
4.00744
4.05248
4.07777
4.51000
3.60754
4.31659
4.36643
4.16560
4.26404
4.18185
4.20113
4.30653
4.32586
4.36964
3.72156
4.39512
4.00999
3.44470
4.49228
4.34283
2.60609
4.48439
4.16997
4.39811
1.97311
4.00293
4.39842
4.40587
4.43351
4.46242
4.28707
4.03529
4.31253
4.41000
4.31248
4.41590
4.25957
4.28031
4.45543
3.87548
4.35597
4.41017
4.03143
4.40236
4.26557
4.43324
4.39303
4.15650
4.51195
4.25710
3.65374
4.44205
4.47870
4.05128
3.91535
4.34949
4.39447
4.38901
4.48959
4.41943
4.46812
4.43531
4.44452
4.20349
4.23035
4.45577
4.18459
3.72527
4.37068
4.44933
4.34593
4.39336
4.42807
4.20236
4.33389
4.35695
3.85686
4.35381
4.34351
4.30802
4.30547
4.48791
2.68605
4.13767
4.46974
4.50150
4.35769
4.46083
3.69870
4.34620
3.89139
4.45741
4.38426
2.15662
4.44888
4.46943
4.32918
4.06664
4.10751
4.36502
4.41176
4.35440
3.39372
4.49533
4.31878
4.46888
4.44380
4.33697
4.42251
4.27963
4.14378
4.36329
4.21646
3.46572
4.38755
4.26350
4.27232
4.49970
2.98854
4.50203
4.40508
4.38289
4.14500
4.32801
4.20423
4.41296
4.42507
4.17091
4.38428
3.78235
4.22965
4.38228
4.37456
4.17544
4.23877
4.49102
4.39695
4.44679
3.95386
4.22979
4.39542
4.43049
3.52057
3.57340
4.24028
4.05951
4.47965
4.19412
4.48860
4.15129
4.39083
4.35571
4.52909
4.18637
4.44904
4.38912
4.22094
4.47602
4.34916
4.24367
4.23937
4.40870
4.47507
4.07819
4.15794
4.35759
4.45896
3.87260
4.43063
4.23829
4.42823
4.40532
4.21120
3.12245
4.26075
4.20084
4.41131
4.48412
4.02718
4.26813
3.92609
4.27925
4.24100
4.48297
3.68249
4.21967
3.89906
4.02783
4.39129
4.20466
4.02963
4.41513
4.27251
4.32148
4.13202
3.65797
4.05659
4.11037
4.47337
4.17352
4.40228
4.42819
4.31927
4.38689
4.13963
4.49986
4.19106
4.15226
4.26680
3.74984
4.35541
4.34564
4.42198
4.45503
4.34672
4.17279
4.09839
4.45183
4.42251
4.48024
4.38127
2.66948
3.68290
4.35908
4.45406
4.44637
4.50652
4.43906
4.17743
4.48620
4.06790
4.29158
4.32368
4.48725
4.17360
4.03092
4.47574
4.41093
3.97696
4.48572
4.40804
4.12350
4.51815
4.21709
4.12381
2.21364
4.30794
4.40957
4.37872
4.49195
4.37361
4.46667
4.30579
4.05413
4.47347
4.05963
4.41060
4.45164
4.32646
4.45110
4.43059
3.89234
4.34381
4.27818
2.03612
4.23897
3.07429
4.34704
4.42117
4.27201
4.21210
4.16091
4.34733
4.20983
4.39720
4.38451
2.48557
4.07238
4.24025
4.14170
4.16066
4.48410
3.70468
4.41133
4.21889
3.77336
4.13172
4.26042
4.48751
4.29241
4.47443
4.19535
4.38763
4.22248
4.20763
4.25211
4.33713
4.28197
4.23387
4.20137
4.46603
4.49765
4.51897
4.41252
4.27075
4.48519
4.11614
4.32420
2.63290
4.37892
4.44433
4.36765
4.44660
2.25291
4.05479
4.21644
4.42785
4.44242
4.22264
4.45388
3.74885
4.19356
2.95611
4.09861
4.19019
4.19296
4.39125
4.40986
4.50915
2.86370
4.37379
3.46629
4.26029
3.57251
4.11538
4.35420
4.25993
3.91318
4.17977
3.81932
4.05568
4.43023
3.37161
4.32911
4.39552
4.43417
3.56361
4.20797
4.23893
4.19356
4.25342
4.22948
4.39891
4.39630
4.33977
3.82077
3.34174
4.38756
4.28843
4.44278
4.39975
4.01125
4.44333
4.18384
4.35488
4.45574
3.74866
3.67317
4.38617
4.23536
4.46573
4.09393
4.49712
4.25268
4.31900
4.41299
4.33322
4.48811
4.41855
3.61280
4.51489
4.50009
3.94603
4.29328
4.34868
3.10031
4.44909
4.40309
4.36081
4.43539
4.30132
4.40429
3.01047
4.35648
4.13457
4.00470
4.39446
4.42439
3.99951
3.99199
4.49228
4.32326
4.45956
4.38207
3.80827
4.35704
4.49283
4.33189
4.32263
4.48593
4.06359
4.27097
4.45319
4.22492
4.22874
4.43092
4.49228
4.18008
4.22418
4.37577
4.30865
4.20492
4.48104
4.44339
4.26388
4.05415
2.60888
4.12546
4.42221
4.41170
4.29624
4.40223
3.59887
4.47346
4.39323
4.30495
4.27451
3.78784
4.38505
4.23732
4.26805
4.00116
3.98440
3.39012
4.43351
4.21328
4.37079
3.74578
4.10834
4.42904
4.44259
4.41961
4.32772
4.31218
4.20342
4.48264
4.18895
4.41095
4.39614
4.26522
4.31207
4.26383
4.36510
4.35419
3.44026
4.31024
4.30891
4.02695
4.31649
4.50228
4.44763
4.25410
4.35488
4.27603
3.14785
4.30695
4.18471
2.92769
4.32448
4.22469
4.21035
3.78483
4.39648
3.44579
4.19636
3.70531
4.32449
4.42968
4.39898
4.29878
4.34072
4.35944
4.48227
4.26978
3.96331
3.88253
4.12944
3.64169
4.33830
4.36879
4.44978
3.20264
4.02275
4.47038
4.48357
3.96948
3.21029
3.84501
4.38215
3.77076
4.47852
4.26980
3.91955
4.44505
4.43887
4.41437
4.52434
4.24649
2.78202
4.32357
4.45872
4.37981
4.41185
4.30646
3.69494
4.47586
4.42827
3.53916
4.42675
3.88545
4.31605
4.31159
4.07682
4.44726
3.62886
4.37747
2.71446
4.35724
3.25270
4.13351
4.30166
3.76209
4.44025
4.31925
4.42361
3.49143
4.26160
2.75659
4.44124
4.39245
4.20786
2.77943
4.45259
4.51745
4.36824
4.46784
4.07692
3.37101
2.78303
4.34940
4.48120
4.46165
4.45240
3.93095
4.34613
4.34273
4.06197
4.23694
2.58268
4.24468
4.18787
4.13062
4.45362
2.99341
3.82726
4.39457
4.16193
2.21620
4.49369
3.85758
4.07874
3.41815
4.34298
3.21400
4.23861
4.30964
4.46975
3.91930
4.49626
4.34432
4.27432
4.38221
4.35255
3.85261
4.42771
4.25572
4.20661
4.25542
4.44989
4.11748
3.89998
4.26071
4.32171
4.27865
4.38095
4.48731
4.39421
4.26363
4.36320
4.48527
4.39281
3.77962
4.35787
4.50722
4.05489
4.34037
4.42983
4.46708
4.14649
4.42273
4.40550
4.45083
4.04718
4.49537
4.47813
4.46891
4.43008
4.09292
4.39166
4.33952
4.40583
4.38993
4.23003
4.40485
4.45683
4.16620
4.21359
4.41277
4.18297
3.74141
4.01499
4.39824
3.87622
4.46290
4.36750
4.32851
4.44167
4.35022
4.02531
4.45552
4.39248
2.79808
4.39670
4.45115
2.74625
4.44714
4.01182
4.43863
4.01934
4.04988
3.43105
3.76452
4.15263
4.44262
4.47171
3.16214
4.08211
4.33978
4.36147
4.37805
4.50980
4.32402
4.32363
4.42619
4.47557
4.45846
4.03779
4.34471
4.34962
4.19592
4.02745
4.14660
1.96323
4.14572
4.48850
4.00873
3.93112
4.32643
4.02581
4.13938
3.66036
4.45118
4.43423
3.82633
3.99273
4.22675
4.48145
4.48035
4.03838
4.45571
4.40529
2.72948
4.50305
3.85958
4.41706
3.77082
4.26477
3.59800
3.51999
4.14586
4.20254
4.47598
4.21380
4.44024
4.42708
4.50526
4.28922
4.45489
4.38170
3.95322
3.19257
4.26360
4.46025
4.28868
4.32451
4.38237
4.40907
4.38583
4.23017
3.87625
4.17985
1.89628
4.01809
4.37170
4.24351
4.36346
4.36197
3.53162
4.40313
4.47682
4.13937
4.17645
4.40636
4.09484
3.67207
4.32932
4.44590
2.69042
3.65195
3.98605
4.44841
4.37292
4.25181
4.45389
4.38196
4.35173
4.15074
3.68585
4.37133
4.45695
4.33044
4.24581
4.00848
3.92773
4.18131
3.46527
4.44525
4.40739
4.44154
4.35535
4.46675
4.40895
4.34425
4.45741
3.77100
4.25000
4.42795
4.23263
4.51490
3.80098
4.36932
3.33486
4.46693
4.47260
4.16294
4.41447
4.33954
4.38047
4.42061
4.25458
4.09044
4.33749
4.30625
4.47056
4.33819
4.32503
4.43268
4.26127
3.81272
4.38344
4.10696
4.46614
4.43507
4.12801
3.95001
4.42470
4.31912
3.32653
4.36002
4.43966
4.44278
4.43146
4.28405
4.31795
4.48347
4.44192
3.68245
4.42851
4.44138
4.38743
4.45692
4.42317
4.44010
4.24760
4.01690
4.39031
3.94321
4.38352
4.48043
4.39763
4.36481
4.43605
4.30716
4.38095
4.41583
4.30486
4.40504
4.46614
3.68820
4.09067
4.45173
4.14882
4.04695
4.27943
4.41622
4.40977
3.48019
4.11740
4.07331
4.16266
4.31089
4.41346
4.48381
4.08278
4.29263
4.48836
4.47716
4.50470
3.80319
4.42156
4.19862
3.94279
4.00646
4.44113
4.38619
3.74609
4.37293
4.31924
3.32449
4.04312
4.38518
4.47868
4.46464
4.36775
4.47696
4.46125
4.04705
4.35191
4.32967
4.38263
4.13955
3.76501
4.49971
4.44263
4.44019
4.13425
4.38216
4.50227
4.04793
4.24786
4.52384
4.31821
4.33014
3.94925
4.47222
4.39875
4.30296
4.19903
4.44341
2.47995
4.19041
4.44773
4.20890
4.42701
4.46263
4.49907
4.33712
4.45208
4.50136
4.38479
2.77493
4.44408
4.42083
3.85280
4.22450
3.99101
4.23428
3.97482
4.47120
4.47198
4.40398
4.15970
4.44586
4.23777
4.47300
4.07763
4.50662
4.29268
3.59557
3.32484
4.48673
4.40616
3.80435
3.77091
4.34701
3.77568
3.54736
4.37292
3.23835
3.67346
4.39208
4.32292
4.22998
4.35051
4.06482
4.06419
4.30955
4.47261
4.08062
4.34908
4.41388
3.46747
4.27021
4.13519
4.41693
4.05819
3.39690
4.43196
3.76967
4.40991
4.30072
4.22060
4.28413
3.78205
4.25346
4.30949
4.27211
2.89914
4.03152
4.18090
2.31846
4.39394
3.76219
4.29509
4.20667
4.39794
4.24657
4.31849
4.15931
4.37910
4.38301
4.02067
3.79911
3.34459
4.37380
4.35927
4.38404
4.33782
3.68977
4.08213
4.26202
4.31726
3.42825
4.23442
4.30253
4.40968
4.27273
4.31098
4.18821
4.38689
4.42272
3.92881
3.68079
4.17505
3.43328
4.27181
4.20002
4.28930
4.27879
4.48329
2.64543
4.40489
4.33291
4.28457
4.50621
4.28606
3.29699
2.65405
4.33155
3.85016
4.17619
4.23366
4.16583
4.47510
1.31132
2.12474
4.26404
4.45134
4.43899
4.44647
4.40866
3.52059
4.24769
4.38191
4.16792
4.46807
4.36611
4.43987
4.25613
4.37698
4.32793
4.32596
4.21761
3.33053
4.41974
4.25611
4.14701
2.95174
4.11230
4.20774
3.31465
3.68065
4.33002
3.97142
4.36328
4.41220
4.38632
4.49787
4.41592
4.42089
4.40015
3.89264
4.38153
4.35260
4.39985
4.26299
3.25517
4.46327
3.05765
4.36765
3.95983
4.35728
4.36206
4.30652
4.39256
4.41894
4.34926
3.92192
4.28613
4.34702
3.52177
4.42075
4.33299
4.42559
4.43039
4.25104
4.45848
4.34307
4.42582
4.16694
4.14981
3.97206
4.00977
4.12326
4.33389
4.28452
4.43740
4.27392
4.34397
4.05155
4.34641
4.02651
4.41427
4.33503
4.34427
4.38689
4.41093
4.33068
4.32755
4.37346
3.71300
3.48423
3.55596
4.14667
4.20024
4.39065
4.48355
4.40359
4.40353
4.35880
4.44973
4.07375
3.09320
4.37343
4.03099
4.40518
4.20307
4.36915
4.44492
4.28745
4.49014
2.77500
3.08340
4.44526
3.94146
4.09617
4.28836
3.98033
4.43237
4.35364
4.44385
4.44254
4.41001
3.98518
3.92508
4.33195
3.21471
4.36432
4.43826
4.40078
4.39290
4.31892
4.39925
4.46158
4.41020
4.35503
3.85811
3.79071
4.40634
4.23356
4.08657
4.43921
3.86390
4.33119
4.32038
3.99128
4.33103
4.44441
3.98099
3.61704
4.20712
4.46528
4.45767
4.12712
4.47065
4.36398
4.50049
4.38612
3.33654
4.43391
3.59984
4.23295
4.39913
4.37688
4.04818
2.62012
4.22551
4.50051
4.35577
2.89820
4.48347
4.35100
3.95332
4.34708
4.33754
4.45789
4.23557
4.22923
3.64340
4.03841
4.31844
4.34722
4.48308
4.39339
3.68457
4.40208
4.12931
4.43308
4.48783
4.29427
2.80069
4.35167
4.30821
4.42950
4.33888
3.80746
3.87121
4.29185
2.54561
4.50136
4.14155
4.37154
4.48089
4.31081
4.32671
4.28174
4.06340
2.75768
3.98565
4.09953
2.64568
3.59376
4.40460
4.14868
4.42345
4.32768
4.35261
4.40407
4.08769
3.81536
4.42211
4.43992
4.32962
4.36426
4.48985
4.45784
4.49821
4.34434
3.20574
4.32984
3.97336
4.18558
4.33059
4.36138
4.35140
4.36059
4.24925
4.29326
4.40792
4.37301
4.35004
4.36937
4.26832
4.24059
3.58384
4.41942
4.35382
4.42511
4.37742
4.42704
4.45618
2.13394
4.50888
4.48679
4.05143
4.44072
4.50957
4.42051
4.45710
4.45507
3.98375
4.13717
4.39270
4.40682
4.07322
3.72169
4.43499
4.34384
4.33904
4.46463
4.32634
3.89690
4.48332
4.10984
4.17449
3.92171
3.44409
4.25232
4.43864
4.34151
1.43261
4.21830
4.27478
3.66765
4.39753
4.25068
3.86824
4.08378
4.44723
3.28823
4.14567
4.33486
4.43604
4.44766
3.95148
3.78122
4.42811
4.42144
4.21850
4.29217
4.03342
4.47362
4.48718
4.44943
4.48244
4.47335
4.32681
1.98253
4.12619
4.40130
3.96276
4.23227
3.96137
4.39943
4.25374
3.64133
3.16277
4.41762
4.38049
4.25846
4.22361
4.07065
4.29010
4.40751
4.23470
3.85026
3.81935
4.49177
4.36947
4.49996
3.43411
4.41599
3.91324
3.80367
4.52111
4.37151
4.49148
4.43182
4.29167
4.11314
4.17434
4.50011
4.48937
4.38944
2.25774
4.06144
4.36407
4.33487
4.24658
4.40550
4.24973
4.25653
4.38462
4.43255
4.44234
2.32431
4.41229
4.39184
4.18199
4.42112
4.30861
4.24527
4.25183
3.96475
4.48222
3.44378
4.36503
4.29039
4.52879
3.92533
4.48157
3.81511
4.33873
4.25848
2.62880
4.35823
4.13339
3.78954
2.84125
3.81345
2.82988
4.11063
4.53219
4.35949
4.38763
4.45950
4.30668
4.03095
4.01940
4.04802
2.76236
4.27460
4.32412
4.33069
4.34382
4.26148
4.24206
4.34572
4.37493
4.18936
4.44395
4.16672
3.55167
4.35151
4.47665
3.82660
4.43284
4.13481
4.41364
4.50481
4.42043
4.37621
3.97320
3.70198
3.41645
4.33893
4.46536
4.12724
4.33307
4.44615
4.42036
4.30142
4.42670
4.42824
4.38220
3.98902
4.12288
3.53313
4.41738
4.23372
4.43802
4.45788
4.46539
3.95703
3.63581
4.15640
4.44086
3.56813
4.24462
4.41322
4.42285
4.50303
4.40163
3.46293
4.27636
4.30465
3.73809
4.07328
4.42792
3.78508
4.43487
2.50700
4.45352
2.84705
4.41854
4.36087
4.23016
4.16216
4.45749
4.20643
4.43476
4.22455
4.18726
4.37640
4.18061
4.30609
4.31961
4.29532
4.34748
4.40801
4.47720
4.43496
2.45596
4.41613
4.36651
3.67437
3.22715
4.29811
4.37033
4.23922
4.38018
4.39714
4.09415
4.53476
2.98602
4.45525
4.44567
4.47949
3.88528
4.40916
4.29577
4.21713
4.19400
3.63819
4.42236
2.55857
4.08011
4.37997
4.44987
2.90678
4.52055
4.38582
3.83100
4.34160
4.42565
4.41950
2.65896
4.43236
4.39164
4.40640
4.49862
1.81169
4.13550
2.21808
3.47926
4.16239
4.39627
4.04789
4.36683
3.90113
4.36708
3.27633
3.01674
4.44766
4.35508
3.88421
2.03635
3.73816
3.78583
3.82336
4.44286
3.80933
4.49572
4.42430
3.69124
4.40446
4.25718
4.48870
4.00660
4.44758
4.46631
4.31214
4.08129
4.40366
4.42665
4.46496
3.99769
4.39511
4.45876
4.32774
4.38002
3.95888
4.37275
4.44010
4.29332
4.34650
4.35526
4.36903
4.03904
3.48612
4.28183
3.79286
2.94440
4.34001
4.21747
4.47202
4.36168
4.15658
4.32488
3.94620
4.33301
4.11475
4.30559
4.35009
4.34132
4.38587
4.27963
4.38096
4.24591
4.36731
4.24049
3.33192
3.90542
4.06585
4.24741
3.65431
3.53596
4.18459
4.43933
4.37483
4.26503
4.00042
4.45999
3.96583
4.26509
4.23741
4.32483
3.63465
4.43919
4.45305
4.26900
4.28103
4.44312
2.90114
4.38602
4.45135
4.38065
4.16898
4.46563
4.10937
3.15851
4.39671
4.15670
3.72899
4.32573
4.41368
3.78465
4.39325
4.23953
4.06814
4.20946
4.09993
3.82370
4.12187
4.42973
4.47395
4.15752
4.35480
3.71705
3.86885
4.50298
3.48174
4.42869
4.41334
4.45713
3.93203
4.19354
4.27473
4.44960
3.66081
4.33069
4.45794
4.44644
4.09522
4.33659
4.20183
4.25692
4.10599
3.86625
3.81343
4.51423
3.64169
3.94704
3.50864
4.40618
4.32279
4.48515
4.28368
4.42591
4.43641
4.35799
4.15899
4.39712
4.30159
4.32565
4.48218
4.27155
4.48301
4.15181
4.41692
4.35490
4.27897
4.42988
3.39602
4.36465
3.48572
4.32364
4.34578
4.25009
4.49963
4.40771
4.19522
4.46554
3.98786
4.49763
4.42253
4.20712
3.55472
4.51759
4.25216
4.10603
4.40478
4.39255
3.57319
4.19176
4.42791
4.47512
3.27267
4.37688
4.39250
3.67494
4.37636
4.39304
4.40337
4.43886
3.54311
4.33429
4.08347
3.63387
4.22557
4.05013
4.12608
3.28680
4.15768
3.93843
2.18176
3.82221
3.41027
4.38705
4.38497
4.14360
4.44577
4.34876
3.76952
4.41420
3.22677
3.39364
4.37611
3.83695
4.27972
4.33324
2.69227
4.36052
4.40722
4.33788
3.24465
4.17832
4.33633
2.87602
3.91818
3.17926
4.00858
4.19445
4.33882
3.29810
4.28431
4.40378
3.93355
4.39157
4.39815
4.37938
4.29747
4.27657
4.32331
4.41076
4.18407
4.39404
4.05842
2.33956
4.42210
3.40451
4.43302
4.40061
4.10077
3.14346
2.10736
4.47211
4.28515
3.85281
1.75664
4.18679
2.94444
4.47739
4.30345
4.41754
4.02558
4.17322
4.40197
3.10689
4.37801
4.29293
4.02866
4.30381
4.31114
4.44929
4.48173
4.02587
3.84677
4.22955
4.35966
4.31049
4.44928
4.30651
4.15497
4.18889
3.33443
4.47815
4.36270
4.48574
4.35360
4.12138
4.21558
4.42941
4.39313
3.86984
4.11097
3.47049
4.47300
4.32608
4.02560
4.48409
4.31974
4.47129
4.43654
4.36284
4.36675
3.98990
3.90439
4.41290
4.34587
4.27616
4.50755
4.41910
4.26659
4.28940
4.39706
4.33974
4.43312
4.00041
4.45522
4.18466
4.37457
4.35015
4.44842
4.33054
4.25938
4.26175
4.39932
4.41099
3.61139
4.42967
4.31884
4.44603
4.46306
4.40513
4.18423
4.38245
3.98019
4.47387
4.35609
4.07908
2.95452
4.45364
4.36021
4.40728
3.61300
4.43712
4.44579
4.22883
4.42330
4.35691
4.16926
4.39829
3.82929
4.08796
4.16607
4.36252
4.44039
4.31088
4.41318
4.27927
4.40788
2.85659
4.35615
4.22498
4.29028
4.38773
2.40539
4.29297
4.46004
4.46543
4.44592
4.33756
4.47565
4.40268
4.40259
4.33421
3.51274
3.64671
3.59578
2.91002
3.98893
4.16059
4.43364
4.43957
2.84897
4.41357
4.44581
4.34506
4.46367
4.30317
3.35660
4.21964
4.47235
3.87431
4.19061
3.36965
4.50742
4.34273
4.18511
4.10226
4.16105
4.40478
4.48401
4.29447
4.47928
4.46537
4.22956
4.43064
4.40015
3.84990
3.04448
4.41624
4.20823
3.06459
4.48280
4.45898
2.49595
3.91590
4.44707
4.33705
4.38103
4.21930
4.14965
3.92553
4.42663
4.15430
4.37184
3.39050
4.28794
4.31420
4.20122
4.47075
3.53704
3.61541
4.49758
4.37481
4.34925
4.33729
4.19269
4.37444
4.37033
4.40319
3.50065
3.97439
3.61779
2.40054
4.42069
4.37996
4.42338
4.13120
4.31274
2.69206
4.43039
4.43515
4.34826
4.10567
3.53699
4.01541
3.01378
2.29611
4.21794
3.73792
3.88972
4.30251
3.27994
4.29378
4.40291
4.48019
4.32662
3.69697
3.62951
4.42517
4.14154
4.47214
4.19068
4.17596
3.76146
4.34733
4.32879
3.94782
3.88528
3.63328
4.38880
4.00752
3.81068
3.80315
4.28617
4.23577
4.33825
4.42340
4.35817
4.51432
4.39705
4.12433
3.34298
3.84291
4.37148
4.34532
2.95472
4.37416
4.36120
4.45826
4.05160
4.46935
4.34283
4.46531
4.36814
4.40622
4.06490
4.30944
4.35370
4.48129
4.31227
4.49293
4.41706
4.24567
4.28862
4.28091
3.92556
4.21533
4.46792
4.43444
4.29271
4.49431
4.33307
4.15528
3.96830
4.41033
3.89559
3.11466
4.18317
4.26246
4.23145
4.50549
4.40448
4.42461
4.46859
4.28448
4.20914
4.31348
4.27822
4.30807
4.31382
4.42707
4.49479
4.45350
4.38505
3.81423
3.41087
3.80259
4.21996
4.43896
4.34423
3.99990
4.39287
4.40045
3.27016
4.47570
4.26656
4.31656
2.70218
4.41558
3.76310
4.24752
4.28818
3.06982
4.11517
4.21626
3.95193
2.00068
4.37381
4.46735
3.74681
4.35228
4.37514
4.01457
4.46862
3.66438
4.36960
4.48634
4.41847
3.39503
4.34681
4.30895
4.30049
4.24448
4.17996
4.33002
4.35841
4.27179
4.40118
4.08847
3.70865
4.38914
4.45840
4.32096
2.53487
4.33254
4.38698
1.92753
4.46131
3.79494
4.25824
2.88004
3.77747
4.26549
4.33302
4.40824
3.47555
4.39402
4.29258
4.34143
4.44084
3.66288
4.35386
3.04571
4.44404
4.47294
4.09641
4.21468
4.41243
4.35296
3.98590
4.41502
4.08140
3.86112
3.65747
3.63404
4.48293
4.40888
4.34563
4.47553
3.63540
4.41847
4.40074
4.24202
4.37342
4.45640
4.48947
3.73795
4.34170
4.29922
4.38703
4.41013
4.43118
4.36484
3.85669
4.48788
4.47073
3.50048
4.44816
4.27594
4.47407
4.36683
4.38592
4.44259
4.13102
4.13696
4.38079
3.84665
4.29463
4.38729
3.59983
4.07143
4.38910
2.85641
4.30882
4.33418
3.68431
4.38652
4.25649
4.47960
2.93579
4.11997
3.76172
4.09436
4.50347
3.32244
3.97017
4.46124
4.33996
4.24319
3.32610
2.40765
4.21683
4.46124
4.15154
3.94508
4.43294
4.17832
3.85938
4.27385
4.23617
3.96583
4.23074
4.35725
4.31960
4.49198
4.52277
3.36341
2.37716
4.14239
3.87665
4.40139
4.31728
4.43653
3.85914
4.32283
3.94737
3.76182
4.31678
4.03961
3.97238
4.30098
4.51390
4.46310
2.73826
4.40316
4.44913
4.26646
3.89836
3.24833
4.23470
4.30130
4.30187
4.28842
4.14545
3.08874
4.36877
4.18444
4.41614
4.07596
4.31415
4.48218
4.18275
4.36694
3.78961
4.28183
4.40325
4.40039
4.31925
4.36607
4.43592
4.06731
4.13678
4.37875
4.12228
4.17278
4.43451
4.50280
4.24231
4.37615
4.32591
4.24388
4.42064
4.41511
4.11204
4.45016
3.83489
3.98153
4.46420
3.94313
2.73638
4.29035
4.38214
3.91528
4.46171
4.44794
3.66375
4.23213
4.27765
4.49088
4.22004
3.95645
3.74008
3.98959
4.28939
4.11609
4.43478
4.31983
4.48191
3.67638
3.62638
4.38218
4.46799
4.21443
4.50297
4.49900
4.43722
4.08155
4.41451
4.05297
4.35533
4.42185
4.50295
4.31074
4.07246
4.35438
4.03750
4.25761
3.25659
4.42287
3.78782
4.22481
4.44745
3.45878
4.37645
4.03478
4.23904
4.02924
4.44752
4.43470
2.94981
4.18803
4.50126
4.16643
4.43934
4.47050
4.26111
4.43076
4.26778
4.27530
4.41663
4.22087
3.97240
3.92046
4.39681
4.21037
4.28064
4.38129
3.81239
4.18821
4.07401
4.45233
4.18670
4.40164
3.28245
4.42829
3.68176
4.24884
4.34120
4.33160
4.47545
4.32610
3.61303
3.77211
4.07642
3.81393
4.11120
3.22077
4.44178
4.46884
3.37099
4.43283
4.44067
4.42388
3.96435
4.31952
4.11105
4.24977
4.27559
3.60882
4.39212
4.41713
4.43718
4.18533
4.18913
3.76779
4.51883
4.45333
4.12514
2.70196
4.32593
3.88982
3.19816
3.97719
4.35086
4.35676
4.28889
4.25235
3.76539
3.65999
4.25320
4.32797
4.43075
3.66956
4.50775
3.95634
3.88153
4.41645
4.36044
4.25738
4.37971
4.34558
4.40478
3.53576
4.45695
4.37488
2.15921
4.46462
4.40560
4.34045
4.45813
4.30382
4.50089
4.43760
4.26041
4.41585
3.92804
4.44237
4.49076
4.26060
4.17464
4.15987
4.31143
4.32141
4.27383
4.21736
3.95187
4.48133
4.39446
4.38199
4.17564
3.77348
4.45793
4.41576
4.48609
4.53048
4.18032
4.50236
4.37530
4.41792
4.48173
3.95752
4.49524
4.39478
4.46673
4.44513
2.57549
4.43485
4.20003
3.63233
3.70410
4.10725
4.24094
4.45778
4.42128
4.26702
3.95468
4.26906
4.19910
4.48719
3.72847
4.38296
4.45109
4.34371
4.11789
4.43494
4.07789
3.75098
4.05665
3.58874
4.34107
4.44728
4.32293
3.86650
2.87241
3.36858
4.19393
4.42300
3.19003
4.27330
4.14337
4.48898
4.29133
4.43481
4.34843
4.40575
4.45042
4.15746
3.69312
4.40257
4.45364
4.46750
4.43313
4.45365
4.05265
4.34897
3.78256
4.44004
4.48321
4.43053
3.37394
3.85645
3.71350
3.94364
4.47849
3.94263
4.20518
4.42596
4.32775
4.48549
4.05924
4.25821
4.41861
4.50166
4.37724
4.23938
3.58983
4.02962
4.45380
3.72456
3.74900
4.33897
4.45153
4.39559
4.20390
3.57609
4.26083
4.43950
3.96172
4.28044
4.42462
3.60389
4.52719
4.26312
4.43660
4.47746
4.40015
4.46183
4.43183
4.38881
4.13123
4.37156
4.44350
4.48077
4.34514
3.42554
3.58965
3.95802
4.21376
4.44703
4.43356
4.43267
3.73245
4.48486
4.50305
4.21167
4.20514
3.69734
2.57833
4.14309
4.51537
4.46049
4.44336
3.95125
4.29609
4.25955
3.20744
4.45441
4.34156
2.01135
4.28271
4.30767
4.48422
4.44845
4.15495
4.39147
3.92866
4.45206
4.02163
4.18093
4.37391
4.36877
4.28312
4.10449
4.43304
4.48058
2.85465
3.90263
4.13570
4.26704
4.41184
4.35224
3.70581
4.43662
4.15438
4.08983
3.80062
4.47361
4.49784
4.35697
4.45533
4.45489
3.94428
4.44557
4.34345
3.33829
3.75973
4.51190
4.37929
3.98641
4.42208
4.44046
4.33340
4.08918
4.39513
4.39666
4.28827
4.40711
3.90387
3.81364
3.79564
4.16177
4.44970
4.00746
3.87371
4.43230
4.41755
3.62696
3.65458
2.07983
4.44139
4.43635
4.41501
4.43222
4.33321
3.82444
4.44183
4.41781
4.27192
3.98492
4.45649
3.79204
4.45970
4.21011
3.69515
4.40375
4.43580
2.73791
4.36644
4.32381
2.22200
4.42045
3.88385
4.48505
4.37038
2.21845
4.51338
4.39619
2.78404
4.46080
3.59798
4.22074
3.86932
4.12404
3.90678
4.47764
4.36215
4.21565
4.35046
4.31983
4.41643
2.56413
3.26055
4.39436
4.46417
3.82339
4.11117
4.41975
3.81645
3.17375
4.22390
3.88127
3.14355
4.47669
4.32254
4.32565
4.37718
4.43199
3.84798
4.40821
4.37207
4.42824
4.43313
4.34875
2.58318
4.33931
4.44783
4.42979
4.37837
4.49301
4.46776
4.46913
4.10916
4.45036
4.47611
4.21637
4.33159
4.28008
4.33895
4.33782
4.32167
4.47494
3.85926
4.43996
4.41225
4.31263
4.16122
4.37290
3.97876
4.39952
4.22351
4.24438
4.44946
4.38112
4.51030
4.49979
1.88356
4.32831
3.73226
4.41930
4.51138
4.42906
4.45177
4.49060
4.48043
4.31922
2.88881
4.33614
3.92210
4.40156
4.22638
4.43998
4.52292
4.36571
3.82039
4.43320
4.47470
4.47084
3.84528
4.43754
3.62516
4.45492
4.00951
4.40227
2.39427
4.40330
4.52479
3.67129
3.39091
3.76326
1.34573
2.20331
4.40716
4.38850
4.47098
4.37753
4.43586
2.86598
4.06688
4.27998
4.42513
4.17905
3.69998
4.16587
4.00997
4.00207
4.46416
4.53038
4.34160
4.22821
4.01941
4.37497
4.11984
4.40658
4.39350
3.85304
4.50204
4.39242
4.38868
4.47507
4.27690
4.12477
4.23735
3.28407
3.95405
4.41559
4.10541
4.38093
4.44911
4.22956
3.65528
4.03606
4.27203
4.52441
4.34191
4.48993
4.13742
4.47831
4.09577
4.36911
4.33723
4.46114
4.47517
4.48799
4.15811
4.02847
3.63033
4.31117
4.12729
3.56533
4.05185
4.46722
2.48734
4.52793
4.17511
4.46111
4.40646
4.35566
3.70925
4.48194
4.39397
4.30959
4.41863
4.47588
4.41306
4.00356
3.97498
3.77576
4.47089
3.98626
4.47175
4.30584
3.29890
4.43776
4.36350
3.94772
4.23576
4.42649
4.23280
4.03499
4.25974
4.47465
4.34983
4.23826
4.35496
3.81044
4.41174
4.35569
2.93662
3.81916
4.42277
4.45796
4.04372
4.14460
4.43299
4.43997
4.28132
2.70911
4.34189
4.48098
3.84264
4.42826
4.33572
3.72649
4.47675
4.51689
4.41219
4.01355
4.29486
4.35592
4.36582
4.44941
3.85913
4.32990
4.24673
4.23872
4.14953
4.14500
4.32068
4.38837
4.43666
4.24782
4.50135
4.44276
4.40639
4.36777
4.18706
3.96863
4.35630
3.74131
4.09778
4.45344
4.16922
3.93278
4.45767
4.00256
3.96314
4.48632
4.31683
3.32908
4.11352
4.35643
4.35800
4.28711
4.40824
4.41104
4.00598
4.07968
3.52669
4.38723
4.28919
4.27660
2.52948
4.32139
4.48185
4.49556
4.28410
4.08863
3.63124
4.26692
4.44136
3.71378
3.66970
4.42430
4.05847
4.16785
3.96945
3.65081
4.25934
4.38321
4.45883
4.30064
4.27071
4.41139
4.40496
4.30317
4.44201
4.47143
4.31834
4.47840
4.24336
4.12096
4.47740
4.49769
3.98177
3.82096
4.20532
4.02029
4.48080
4.29214
4.19777
4.08488
4.32132
3.82750
4.20732
4.23289
4.43241
4.47803
4.20227
3.81731
4.30541
2.21151
4.15341
2.26158
4.34510
4.34594
4.40280
3.37082
4.23273
3.97967
1.77475
4.39842
4.40998
4.11862
4.37413
4.30769
4.44009
3.49459
4.17175
4.47220
4.30733
3.79399
4.31917
4.47120
4.32548
4.46692
3.65266
4.36760
4.26557
4.28222
4.48828
4.39636
4.29344
4.34465
4.45008
4.48537
3.38418
3.80744
4.46075
4.37611
4.30170
4.38243
4.36533
4.48355
3.71951
4.47366
4.41001
4.46218
4.46688
3.59175
4.42646
4.44004
4.23502
4.25992
4.26984
3.99814
4.24686
4.31806
3.85660
4.37810
4.52311
4.27748
4.33385
4.45648
3.99791
4.26502
4.37829
1.91119
4.43969
4.40043
4.32765
3.13084
3.07397
4.20561
4.47880
4.32541
4.38389
3.72317
1.84985
4.42298
4.32341
3.23168
4.05205
4.33504
4.19722
4.24997
4.31263
4.36565
3.67382
3.31541
4.12398
4.41567
4.11187
4.24164
4.01262
4.40177
4.38894
3.66737
4.39678
3.70996
4.50573
4.43527
4.40338
4.21983
4.42849
4.25578
4.15800
4.31650
4.40621
3.92471
4.42143
4.14708
4.30774
4.27131
3.23492
4.37034
4.42477
4.40820
4.28258
4.29212
3.83566
4.43260
4.47724
4.37949
4.45642
4.42152
3.85703
4.29351
4.16657
3.97439
4.21566
4.43102
4.43268
3.61033
3.84808
4.47045
4.37957
4.45853
4.39618
4.46920
4.48980
4.31295
4.29129
4.41811
4.44247
4.47620
4.48373
4.44138
4.44446
3.89776
3.99280
2.72221
4.45166
4.21445
4.18305
3.01416
4.31395
4.22135
3.92385
3.38307
4.38730
4.39168
3.90908
4.34463
4.04423
4.40260
4.23097
4.30971
4.01818
3.64255
3.47457
4.39561
3.29351
4.35908
4.23721
4.10736
4.30489
4.49749
4.49940
4.42920
4.22065
4.46232
4.29592
4.45770
3.92849
4.26421
4.35651
4.39342
4.31099
4.46083
4.33281
3.81164
4.32310
4.09829
4.38789
3.87138
4.35745
4.22983
4.43033
4.39818
4.21705
3.73151
4.28373
4.38243
4.45334
3.97111
3.32956
3.11825
4.22326
3.93195
4.09184
4.29891
4.30358
4.38157
4.37394
2.03418
4.43602
3.95608
4.32307
4.11346
4.37502
4.31256
4.12806
4.42079
4.38500
4.38348
4.37059
3.91127
2.37753
3.24324
4.11893
4.50899
4.37276
4.31689
4.33951
4.35192
4.49119
3.90458
4.24861
4.44477
4.23453
4.21949
3.91527
4.47895
4.15546
4.10058
2.88900
4.54104
4.47223
4.10216
4.02141
4.47587
4.17079
4.28703
4.23042
4.37673
4.48028
4.09764
4.44969
4.18744
4.46968
4.40628
4.41784
3.64742
4.32384
4.47352
4.35605
3.65372
4.39972
4.36835
4.51667
4.38317
3.77979
4.40856
4.17385
4.23496
4.32071
4.35905
4.49951
4.33601
3.89314
2.72844
4.18078
4.23831
3.77690
4.44816
4.40316
3.77316
4.07229
2.08474
4.18775
3.38966
4.22605
3.79636
4.39253
4.39314
3.53526
4.00523
3.90142
4.46671
4.29321
4.14284
4.43621
3.79295
4.41924
4.01724
4.39840
4.03991
4.47137
4.38054
4.29511
4.21318
4.42035
4.16897
4.20692
4.16847
4.14141
3.98109
4.05213
4.45217
4.22482
4.09681
4.30997
3.04790
4.49732
4.45103
4.31505
4.49130
4.51316
4.20630
4.41140
4.33905
4.43438
4.44860
3.87892
4.03267
4.41337
2.38971
4.42319
4.43358
3.07501
4.45410
3.54110
4.21595
4.43585
3.54557
4.31242
4.12738
4.26964
3.56014
4.35805
3.95947
3.66567
4.08835
3.66026
4.22363
4.33625
4.22837
4.49398
3.85774
4.45357
4.36029
4.33294
4.39558
4.41487
2.92840
4.42710
4.30067
4.23220
4.39222
4.46746
4.50262
4.44812
2.80755
3.66203
3.59299
3.96017
4.39416
3.76774
4.28323
4.36129
4.08404
3.65775
2.83083
3.96241
3.94749
4.40180
3.96901
4.35190
4.38361
4.26648
2.53992
4.43058
4.02891
3.80951
4.41481
4.24979
4.44669
4.48024
4.06235
4.49265
3.60099
4.36934
3.45761
3.20070
3.86111
4.34412
3.81684
4.40694
4.29173
4.41517
4.39653
4.31818
4.06901
4.23399
4.42409
4.50168
4.34418
4.41495
4.44336
4.37990
4.39419
4.44711
4.03545
4.26573
4.15154
4.49443
4.45197
1.20979
4.49795
4.44852
4.15609
4.45044
4.29053
4.47444
4.02352
4.42064
4.36878
4.20654
4.36625
4.44353
4.18303
4.36938
4.19216
4.17615
4.20498
4.06882
4.41206
2.74078
4.29267
4.25560
4.49197
3.86420
4.38766
4.46876
4.39248
4.47179
4.25627
4.38182
4.48653
4.42386
3.80189
4.48870
4.49509
4.32570
4.18890
3.76856
3.62834
4.46393
3.43608
4.38035
4.31816
4.39044
4.47940
4.09177
3.68307
4.34094
4.43779
4.26216
3.48859
3.65003
4.36320
4.34131
4.39636
4.35872
4.39443
4.30024
4.31581
4.45980
3.40178
4.40113
3.80400
3.81194
3.87811
3.40263
2.95858
1.77545
4.47329
4.45930
4.38147
4.31895
4.31461
4.38598
3.50088
3.01998
4.31324
4.47908
4.18086
4.33896
4.44180
4.44391
3.10504
4.15891
4.38801
4.38116
4.45045
4.33202
4.03601
1.89335
4.31789
3.12967
4.46650
3.78138
4.48346
3.99301
3.47416
3.49543
4.44378
4.06997
4.49051
4.43650
4.48406
4.45401
3.87788
4.43830
4.13216
4.43264
4.00767
4.42446
2.29685
2.80974
4.44650
3.20522
4.23762
4.41564
3.69792
4.41779
4.22973
4.38172
4.46452
4.35550
4.32464
4.36302
4.28963
3.94114
3.90969
2.72925
4.38945
4.42521
4.46246
4.39453
4.47732
2.53201
3.74750
4.26581
4.34546
4.28952
3.89331
4.49471
3.40929
3.87277
4.13527
4.33217
3.18664
3.93195
4.44472
4.38685
4.19515
4.25414
3.99962
4.45923
4.35164
4.32923
4.15457
4.43238
3.47524
4.46899
4.30392
4.45823
4.23832
4.27179
4.44716
3.92612
4.28924
4.24382
4.42434
4.18084
4.41595
4.21680
3.44826
4.45035
4.49937
4.44082
4.38361
2.86454
4.15242
4.40042
4.34401
4.42870
2.66478
3.10502
4.35791
4.34346
3.96550
4.30844
4.44706
4.51211
3.77624
2.04941
4.46821
4.28735
4.28070
4.44384
4.40536
4.35881
4.50821
4.47553
4.36056
4.45538
4.43841
4.14487
4.37282
3.94860
4.37529
4.33261
4.21559
4.14517
4.24901
4.43511
3.43963
4.38620
4.38933
4.07892
4.45158
4.28397
4.36496
4.49936
4.47156
3.43240
4.38199
3.19268
4.14684
4.40156
4.43709
4.39874
4.30123
3.85007
3.80210
2.49961
4.27088
4.30147
4.46964
4.08035
4.45826
3.81720
4.52537
3.36438
4.07047
2.91114
4.50469
4.47199
4.20896
3.23535
4.25019
4.32798
4.46085
4.31520
2.59292
4.12668
3.91778
2.82628
4.44987
4.36492
4.45014
4.40539
4.51192
4.28610
4.10718
3.30376
2.92107
3.69168
4.32458
4.47596
4.04036
3.77570
4.17103
4.46976
4.48812
4.46760
4.44925
3.59398
4.22375
3.65220
2.47809
4.46959
4.40916
4.39349
4.39427
4.46346
4.36340
3.88910
3.98427
2.44293
4.06169
3.72388
4.43439
3.53511
4.15462
3.86244
2.73499
3.47529
4.36897
4.44903
4.22947
4.09315
3.97162
3.97468
3.65718
3.99443
4.24864
4.44303
4.28179
4.27218
4.44310
3.54536
4.01523
4.42785
4.44994
2.11950
4.43928
2.96715
4.46413
4.22423
3.82460
4.01578
4.12671
3.97391
4.42009
4.44193
4.11218
4.34250
4.01940
4.27687
3.60113
4.51320
4.36114
4.21772
3.86963
4.41843
4.46842
4.11372
4.42534
3.91739
4.47274
4.40168
4.33174
4.35244
4.11373
4.41472
4.35841
4.33978
3.82258
4.29075
4.43987
2.57465
4.51310
3.94302
4.34494
3.08699
3.92675
4.41535
4.42957
4.40783
4.38149
3.92501
4.45834
4.31907
4.41756
4.42972
3.83801
4.24321
4.12576
4.37694
4.14360
2.99631
4.05573
4.45129
3.05295
4.35033
4.44728
4.35175
2.99411
4.17322
4.40582
4.30822
3.89984
4.27729
4.41258
4.27185
4.04316
2.77398
4.34245
4.47788
4.37734
4.49522
4.51594
4.42347
4.33959
4.43029
4.41324
4.47569
4.46951
4.45258
3.71301
4.40559
4.31273
4.12785
3.85248
4.32500
4.45119
4.51007
4.37694
4.41942
4.44683
4.40610
4.49157
4.42486
3.65934
4.30445
4.01925
4.41983
4.29333
4.26943
4.27129
4.49809
4.04230
4.46361
3.09055
2.43209
4.28522
4.30541
4.36330
3.99271
4.26377
4.39221
4.28617
4.45079
4.41141
4.14972
4.23373
3.76423
4.40205
4.35875
3.50367
4.36098
4.29108
4.40815
4.18587
4.33594
4.41721
4.41797
4.15920
3.82262
4.31701
3.77069
4.47268
4.48743
4.41754
3.92910
4.40119
3.40931
4.28764
3.85055
4.23753
3.57133
3.20421
4.29695
4.33206
3.77924
3.80832
4.44745
4.43381
4.05174
4.16297
4.06699
4.49001
4.42129
4.41271
4.32665
4.28601
4.15802
4.48086
3.96392
4.37130
4.30630
4.34388
4.46561
3.67285
4.37614
2.74619
4.37854
4.44218
4.20390
4.42800
3.83207
2.29264
3.99861
2.95353
4.41537
4.17641
4.18675
4.14262
4.16339
4.21091
3.89690
3.92724
4.45153
4.45127
4.41482
2.86401
4.19868
4.37158
3.72882
4.35866
4.35614
4.07422
4.44647
4.00432
4.32168
4.17471
4.18661
4.34269
3.91487
4.46870
4.47223
4.17529
3.23321
4.38053
4.36238
4.45257
4.36077
4.13833
3.85579
3.05569
4.47226
3.37951
4.35051
4.31423
4.45320
4.40648
4.38594
4.36313
4.38653
4.20645
4.15781
4.23093
4.29731
4.38797
4.47840
2.31448
4.29419
4.36504
2.76308
4.48713
4.35648
4.32164
4.10148
4.23430
4.45028
4.41729
4.39178
4.17814
4.07324
4.17977
4.28190
4.47609
3.60325
4.27666
4.22934
4.43714
4.52065
4.48017
2.53782
4.19227
3.73533
4.47137
4.46108
3.95007
4.11254
4.06591
3.61763
4.45025
4.48304
3.98765
4.36486
4.38570
4.37783
4.45497
3.82700
4.49581
4.44648
4.35188
4.46938
3.96764
4.33586
3.82539
4.35748
4.23914
4.34497
4.03646
4.40829
3.92405
4.38823
4.41361
4.22898
4.43120
4.26429
3.61142
3.79662
4.27881
4.42360
4.34545
4.05881
4.38037
4.12202
3.96340
4.26907
3.78045
4.18557
4.30587
3.84212
4.44006
4.38540
4.33923
4.40547
3.83404
2.98190
4.51449
4.37852
3.86366
3.53483
3.97581
4.54191
4.30164
4.26448
4.21134
4.48528
4.46582
4.09994
4.09396
3.71320
4.22222
4.41562
3.13476
4.40954
4.42788
4.37778
4.37967
3.59277
4.15059
4.37290
4.40628
4.16321
4.33048
4.16390
4.42084
4.00583
4.36020
4.22313
4.07101
3.99387
3.42550
4.41119
4.42322
4.38649
3.61581
4.40953
4.21506
3.90547
3.94187
4.13301
4.31681
4.48468
4.42860
4.45796
4.43330
4.20888
3.29236
4.49358
4.16603
4.48893
4.26993
3.98084
4.46795
4.44946
3.92394
3.68292
4.26795
4.41804
4.31756
4.16467
4.51153
4.13385
4.39624
4.17293
4.34302
2.73881
4.25856
4.24579
3.68321
4.03635
4.41060
3.40307
4.07262
4.26096
4.34381
4.24533
2.80512
4.40347
4.41722
4.40240
4.39947
3.90756
4.44408
4.48039
4.41847
4.41933
3.73353
4.42047
4.27075
4.46543
2.00702
4.49782
4.04075
3.45984
4.06284
3.59604
4.24363
1.38614
3.63448
4.23188
4.31438
4.34881
4.45606
4.40443
3.80474
4.34887
4.46361
4.35320
4.19940
4.48061
4.29132
4.22169
4.25287
4.04911
4.17184
3.68474
4.46177
4.36149
4.26631
4.35191
3.83268
2.40963
4.39440
4.40226
3.63745
4.27454
2.06058
4.46510
4.44315
3.92286
4.40783
3.78085
4.12887
3.78022
4.47099
4.27565
4.31922
4.33508
2.62864
4.23345
4.15830
3.81027
3.95184
4.42520
3.80930
4.40839
4.08958
4.34609
4.44984
4.07823
3.75432
4.02418
4.06352
4.24258
4.48582
4.15479
4.24477
3.95009
4.34375
4.47392
3.85002
4.36684
4.36469
4.46595
4.08184
4.28002
4.30665
4.29030
3.98245
4.42757
3.11976
4.39676
2.82395
4.41766
3.55172
4.39356
4.27286
4.29051
2.37407
4.14766
4.41867
4.20778
3.25419
4.36689
4.10619
2.18416
4.50710
4.30441
3.22269
4.24525
4.12679
4.42177
4.33541
4.46925
3.61029
4.35970
4.38430
4.24825
4.36484
4.39544
3.25262
4.28365
4.09266
4.34336
4.36797
4.34511
3.85698
4.46712
3.88936
4.28662
3.89255
4.30940
4.43551
4.22598
3.27688
3.65513
4.05111
4.42274
4.26055
3.19642
2.81766
4.40377
4.30397
3.90953
4.45921
4.38584
4.41659
4.40833
4.32537
4.30326
4.33709
4.32133
4.04059
4.32893
4.46500
2.55816
4.18060
4.25234
4.34754
3.88949
4.28509
4.40058
4.18030
4.14646
4.48995
4.40600
3.63447
4.28696
4.36725
4.42021
1.45678
4.27926
4.39897
4.23230
3.87702
4.07911
4.41849
3.77116
4.25684
4.32903
3.81293
4.46938
4.24346
4.49077
4.36090
3.32951
4.12091
4.43631
4.39804
4.08649
3.92162
4.08189
4.48063
3.82302
4.38936
4.31765
3.49896
4.21672
4.02132
3.70551
3.69372
4.47134
4.06569
4.23910
4.48073
3.36686
4.48422
3.92777
4.40550
3.92098
4.15291
4.46645
4.30746
4.36595
4.38811
3.45641
4.40140
4.48306
3.42901
4.34518
4.43836
4.33036
4.32594
3.82593
4.34578
4.38688
3.65127
4.36089
4.13531
4.37796
2.29887
3.85715
2.10521
4.49215
2.72093
4.45133
4.21783
4.12965
4.41396
3.51064
4.25945
4.47365
4.08347
4.30683
4.50491
4.40486
3.91338
4.41606
4.07402
4.35598
4.48650
4.33563
4.28700
4.19234
4.15954
4.47513
4.11543
4.25842
4.32144
4.17951
4.44859
4.07069
4.45750
4.43434
4.34125
4.29549
4.47779
3.95219
4.18618
4.20501
3.97974
4.50752
4.12465
4.46481
4.00894
4.31686
4.26407
4.46595
3.16738
4.33984
4.34802
4.43598
3.90496
4.20738
4.40322
4.45245
4.02044
4.44538
4.37960
2.15596
4.18496
4.37743
2.39257
3.98821
4.43372
2.51823
4.47403
4.46481
4.40023
4.42737
4.41040
4.27453
4.14612
4.12057
4.43138
4.08157
4.27800
4.41276
4.50668
4.40570
4.48226
4.37194
4.48900
4.20199
4.15485
4.34040
4.18047
1.47720
4.39414
4.11686
4.32479
3.57493
4.23270
4.31604
4.27289
4.32572
3.61093
3.98376
4.30126
4.41766
4.28478
4.38957
4.46343
4.45366
4.33054
4.46396
3.61543
4.30528
4.34598
3.89707
4.18384
3.75216
3.82791
2.78304
3.58446
2.18730
4.38966
4.46916
2.91612
4.14922
4.40266
4.43929
4.44136
4.33538
4.46517
4.44470
4.46157
4.28581
4.11316
4.13266
4.28110
4.34437
4.20061
4.37831
4.11197
4.42786
4.48341
4.42971
4.46837
4.42250
4.37191
3.37394
3.65312
4.45043
4.33559
4.48805
3.93377
4.14752
3.76366
3.88347
3.93574
4.34965
3.26208
3.65005
4.02981
4.19693
4.35945
4.27837
3.30397
3.58579
4.35080
3.54453
4.34478
4.43708
4.13718
3.29569
4.39330
3.90464
4.42667
4.17934
4.43547
4.46751
4.04666
3.83926
4.12146
4.45742
4.47513
4.29701
4.48604
2.59292
4.40216
4.29246
3.98073
4.19028
4.34557
3.95796
4.28379
4.19100
4.22950
2.91947
3.86148
4.21566
4.35849
4.29915
4.16768
3.19653
3.78745
4.47605
4.34059
2.01944
4.50414
4.01420
4.41733
4.43612
4.29917
4.20298
4.48134
4.16632
4.37333
4.48826
4.41278
4.30923
4.39735
4.48886
4.47125
3.66272
4.12467
4.42175
4.26262
4.36201
3.65484
4.05724
4.36614
3.85876
4.50357
4.32410
3.76703
4.43268
3.66922
3.82054
4.29988
4.44231
4.49741
4.27624
2.99322
4.49116
4.43144
3.87578
4.25524
4.42874
4.36163
4.15822
4.39896
4.31297
4.04359
4.37663
3.95564
4.48373
4.46869
3.77249
3.99459
4.47302
4.42846
4.26006
3.66791
4.39042
4.25882
2.98419
4.38027
4.43784
4.33840
4.35251
4.07829
4.41856
4.03533
4.11381
4.41430
4.25668
2.16688
4.24312
4.46441
3.98129
4.46227
3.75930
4.19418
4.36040
3.81308
3.54905
4.31082
4.44800
4.19612
4.31191
4.25738
3.95435
4.37100
4.17733
4.45970
4.39023
2.03817
4.17003
3.28586
3.56287
4.39451
4.46692
4.47901
3.88375
4.02162
4.38262
3.00908
3.81659
4.44414
4.25604
3.19174
4.44285
4.33522
4.09506
4.36856
3.12798
4.44404
4.26853
4.28544
4.33949
3.52838
1.79213
4.46141
4.34487
3.79703
3.82184
4.24468
4.01209
3.33636
3.77241
4.45318
4.26537
4.39636
4.25000
3.97140
3.90331
4.50440
3.83486
4.52053
2.81811
3.65708
4.41923
4.15313
4.08393
4.39845
4.26608
3.93161
4.41221
4.42604
4.29702
4.04394
4.27323
4.05206
3.70547
4.36911
4.23335
4.31631
4.35194
4.49139
4.09194
4.06783
3.96006
4.39784
4.45655
4.42778
4.29238
4.34682
2.59879
4.46958
4.34465
3.85809
4.29453
3.41914
4.22305
2.79764
4.14766
4.12640
3.77877
4.44844
4.45933
4.32545
3.27022
4.35038
3.78490
4.38111
4.41943
4.22594
3.31197
4.46145
4.50006
4.07773
3.96707
4.39442
4.48949
3.19519
3.73944
4.44146
4.17981
4.30815
3.91144
4.13788
4.13568
4.04624
4.24122
4.34197
4.08425
4.47925
4.25552
4.17823
4.44514
4.41613
4.42817
4.12799
3.92439
4.41811
4.51439
2.09766
4.39939
4.40470
4.38916
4.26427
4.45003
3.80325
4.37860
4.22832
2.42614
4.43241
3.91493
3.82916
4.48008
3.85711
4.38979
4.36116
4.28200
4.34113
4.37672
4.37644
4.13855
4.33917
4.46060
3.83098
4.04235
2.45814
4.07887
4.50354
4.15883
4.02702
4.42987
3.99155
3.92323
3.91782
3.57271
4.41108
4.07838
4.42803
3.57201
4.48081
4.31549
4.15939
4.31682
3.87543
4.32397
4.22138
4.44230
4.37623
4.08877
4.23998
3.44853
4.21384
4.31781
4.35421
4.03381
4.48906
3.73068
4.30450
4.37538
4.31421
4.41827
4.38095
4.14195
3.75483
4.33967
4.16369
3.76446
4.03789
3.85834
3.64060
4.04179
4.39931
4.21067
3.43187
4.45529
4.13111
3.06246
4.11375
4.45647
4.00684
4.05051
3.95092
4.44828
4.49157
4.43284
4.22487
4.28755
4.20750
3.89391
4.23879
4.48208
4.33398
4.34813
3.39533
4.12526
4.09688
4.26793
4.48433
4.41975
4.13889
2.72135
3.86068
4.02459
4.43198
4.15909
4.28515
4.44470
4.38108
4.22611
4.39284
4.51566
4.50756
4.18175
4.38631
4.20597
4.34748
4.47877
4.39076
4.06591
4.41129
4.14298
4.26935
4.28950
4.35915
4.41074
4.22173
1.80239
4.48181
4.28450
3.36023
3.11036
4.27833
4.13697
3.65211
4.46591
4.17759
4.43178
4.39827
4.23448
2.61127
4.34802
4.43132
4.09692
3.96752
4.47985
4.14442
4.43850
3.56837
4.46362
4.07576
4.27752
4.44885
4.10541
2.90490
4.35710
4.42025
4.34997
3.69536
4.30755
4.34037
3.65512
4.25352
4.48725
4.49745
3.51174
3.71707
4.26099
3.93521
4.48486
4.44488
4.44036
3.61983
4.36360
4.40198
4.32816
4.34108
4.46423
3.98741
4.16721
3.21611
4.43126
4.44634
4.11867
4.43433
4.36870
4.34216
3.99639
3.36973
4.42153
4.45580
4.44952
4.38243
4.49512
4.36900
2.47124
4.34764
3.60246
4.46492
4.06675
4.06454
4.03187
4.40553
4.48606
4.25939
4.18830
4.27910
4.45307
4.17949
4.40626
4.23093
4.31147
4.49228
4.37000
4.07283
4.27664
4.36082
4.46177
4.29740
3.85326
4.49713
4.12358
4.26625
4.13946
4.32455
4.42891
4.39757
4.41363
4.28215
3.93775
4.39864
3.56088
4.30613
4.11742
4.39512
4.29116
4.07632
4.47946
3.78145
4.51475
4.43939
4.31422
3.01237
3.88487
4.41591
4.37821
4.41799
3.45801
4.40763
4.46431
4.47673
3.60967
4.41284
4.43296
2.13916
4.43617
3.91300
4.43431
4.28265
3.54054
4.25604
4.07338
4.40346
4.32193
4.38631
4.32699
4.36778
4.47923
4.49946
3.91321
4.33529
4.40763
4.27907
3.95719
2.09797
4.28184
4.49570
3.67586
4.46129
4.10027
2.79560
4.26572
3.95733
4.09252
4.42985
3.94122
3.81644
3.82268
4.03881
4.31839
3.54340
4.32736
4.40541
4.40667
4.17011
2.38879
2.90783
3.20540
4.36906
4.26698
4.19739
4.37296
3.27648
4.12255
4.41635
4.38840
3.98110
4.46624
4.15080
4.41498
4.52843
4.42532
4.40541
4.37369
4.43576
4.30809
3.65825
4.24051
3.84657
4.45806
3.33616
4.39281
4.39502
4.14815
4.19774
4.44690
4.22925
4.21363
4.36561
4.39092
4.41208
4.43583
4.17113
4.34165
4.47830
3.71696
2.19358
3.87546
4.39300
4.23963
3.30476
4.39742
4.33896
3.68150
4.33299
3.32715
3.40292
4.39080
4.38844
4.34303
4.44960
3.31933
4.43477
4.37970
4.42130
4.36991
4.36882
4.20019
3.81093
4.39966
4.42468
4.42736
4.36143
3.95602
4.40392
3.84147
4.38890
4.16320
4.50338
4.39864
4.40948
2.31011
2.96631
4.50010
4.20079
4.28467
2.60580
4.37849
4.38064
4.30366
4.46449
4.47831
4.40273
4.00856
2.99126
4.47378
4.30907
4.37613
4.42571
3.98444
4.41595
4.40614
4.39060
3.82258
4.29909
4.44664
4.24810
4.16101
4.11393
4.35812
4.40708
3.57535
4.05492
3.37261
4.23748
4.35600
4.49920
4.43097
4.26309
4.10455
4.46593
2.89632
4.38311
4.20009
3.85601
3.34620
4.38409
4.48761
4.48474
4.31902
4.38731
4.44944
4.29369
4.10915
4.00882
4.37991
4.28834
4.27917
4.45287
3.65432
4.28322
4.15832
4.08550
4.26830
4.44450
4.41803
4.40108
3.90296
4.25950
4.47897
4.35949
2.49687
4.39114
4.38560
4.39780
4.53605
4.26375
4.20429
4.05660
3.70946
3.95620
4.13685
4.39165
4.40734
4.45682
4.41510
4.44969
4.04976
4.35816
4.43463
4.14670
4.31138
3.44965
4.46506
4.30564
3.89786
4.46213
3.64954
4.42520
4.05609
4.48243
4.33692
4.01199
3.90893
4.45767
4.39042
4.53098
4.25135
4.31756
4.38376
4.48228
4.44937
4.28919
3.49678
4.32098
4.29240
4.44519
4.22310
4.29086
4.53039
4.29957
4.43370
4.44933
4.45940
4.31610
3.38053
4.39531
2.04607
4.36743
3.39885
3.80433
2.82196
4.02296
4.44791
4.05885
4.32013
4.46881
4.31597
4.14612
4.44119
4.36846
4.45778
2.30827
4.28071
4.29585
4.43107
4.45336
4.49297
4.34448
4.34967
2.83071
4.43355
4.39045
4.51002
2.50922
3.18878
4.45737
4.04897
4.33927
3.26989
3.35824
4.22923
4.25951
4.14014
4.33150
4.17863
4.46453
3.59697
3.99926
4.37853
4.35305
4.46124
3.54374
2.11674
4.02157
4.20019
3.18744
4.28537
4.20706
3.32633
4.24711
4.14540
4.37662
4.39655
4.33397
4.31964
4.49643
2.98146
4.45381
4.48595
4.12878
4.34564
4.44638
4.45113
4.25951
4.33316
4.41245
4.38661
3.47574
4.38324
4.38984
4.38555
4.25899
3.42378
4.48328
4.32790
4.10198
3.35966
4.39243
3.95526
3.93983
4.53347
4.36336
4.46184
3.72348
4.09837
4.44995
4.45475
4.45918
4.44390
4.16811
4.07022
4.36192
3.86232
4.26295
4.42371
4.39583
4.32041
4.26510
4.42411
4.45347
4.29009
4.13000
3.78069
4.23974
3.42568
4.40676
4.40352
2.49855
4.00589
4.00902
4.47483
4.27532
2.51592
4.01976
4.23058
3.68187
4.42796
3.79067
2.80334
3.81238
4.06577
4.33252
4.40554
2.60847
4.22475
4.32507
4.46242
3.87415
4.46759
4.44345
4.29219
4.00060
3.87579
3.98609
4.24674
3.60189
4.11416
4.35700
3.52205
3.70902
3.19424
4.51808
4.34425
2.62462
4.45212
4.48205
4.31468
3.47906
3.43492
4.23125
3.98361
3.66590
4.35759
4.20845
4.49299
4.45965
4.36534
4.40135
4.49875
4.43306
1.37677
4.41366
4.46680
4.16620
4.46463
4.05270
4.45480
4.46527
4.32629
3.00130
4.31555
4.29117
4.07274
4.46656
4.46357
4.48725
3.42284
3.92168
4.48132
3.59748
4.28065
4.49481
3.99339
4.27373
4.38606
3.89092
4.39467
4.41251
4.47505
4.33078
3.14263
4.37616
4.48107
4.12502
4.42256
4.31376
2.25345
3.36842
4.26153
4.37638
4.26086
4.34162
4.48846
4.36358
3.35097
4.16207
4.35060
4.39150
4.49618
4.42760
4.32672
4.25218
4.45309
3.87613
3.39149
4.40676
3.24081
4.23829
4.30486
4.48392
4.32385
3.74463
4.35859
4.45802
4.42482
4.33472
4.32676
4.31573
4.37094
3.90690
4.43977
4.45408
4.36365
4.33926
4.37580
4.48545
4.40548
4.44642
3.98190
4.04561
4.42017
4.44387
4.45301
4.43582
3.08940
4.39986
4.41136
4.48919
4.39393
4.48956
4.37968
4.48970
4.23876
4.40510
2.47177
4.43220
4.48336
4.07825
3.94659
4.45775
3.74571
2.03162
4.41048
4.42882
3.89252
3.58126
4.39132
3.51884
3.90871
4.39293
4.13490
4.20937
4.41991
2.20489
3.55536
4.23602
4.38861
4.49904
4.24678
3.57600
4.19757
4.37421
4.43337
4.31914
4.41319
3.42051
4.44753
4.52160
4.48623
4.44862
4.46680
4.05812
4.42533
4.23894
4.31375
4.43574
4.40393
4.39589
4.29162
4.45078
4.23573
3.29492
4.39958
4.45338
4.42661
4.19508
4.33183
4.37650
4.40073
4.39699
1.57183
4.22532
4.44261
3.73111
4.10608
4.49943
4.28703
4.42295
4.49779
4.28883
4.30227
4.33818
4.32885
4.11453
3.75168
4.45892
4.29850
3.72863
3.75289
4.44649
4.44115
3.66828
4.28259
3.72466
4.51707
3.75142
4.39347
4.45065
4.15728
3.36563
4.30124
3.53479
2.59865
4.25041
4.41501
4.43378
4.12339
4.40014
4.41384
3.91559
4.44829
3.88499
4.42610
1.61717
4.45214
3.55622
4.45852
4.01842
3.85567
4.32278
4.29353
4.34074
4.24623
3.77470
4.37042
4.43785
4.47763
3.72357
4.35620
2.47696
4.18458
4.17478
4.25355
3.66506
4.09388
3.12984
4.20779
4.18127
3.21895
4.27276
4.26015
4.45407
4.46242
3.30059
3.09182
4.32627
4.18737
2.44490
4.36655
4.17092
4.04606
4.32991
4.29312
4.42475
4.38024
4.43186
4.43746
4.50747
4.37007
3.95377
4.37853
4.54300
4.33808
4.43648
3.67979
4.34215
4.25553
4.31270
4.19458
4.48284
2.11749
4.42199
4.30314
4.28631
3.62529
4.46803
3.77253
4.51476
4.44752
4.11359
4.26219
4.48707
3.06394
4.08352
4.02461
3.87072
4.34106
4.44830
4.47719
4.09780
4.40635
4.07325
4.46116
3.08304
4.25827
4.12510
4.16760
4.44249
1.90550
4.10754
4.26476
4.26391
4.02773
4.39017
4.42529
4.32622
4.48868
3.97389
4.40058
3.46783
4.46386
3.93281
3.96299
4.34758
3.87816
4.11708
4.05889
4.48929
4.32506
3.00080
4.22995
4.41676
4.15357
4.35678
4.50902
4.28055
4.34246
4.45763
4.45901
4.39756
3.77918
3.80020
3.65504
4.37557
4.02215
4.21226
3.98434
4.31695
4.07309
