4.16288
4.40311
4.39205
4.40484
3.22709
4.22794
4.41970
4.30789
3.81189
4.26629
4.24888
4.45258
4.37061
3.20517
3.66266
4.16647
4.14452
4.42264
2.38664
3.72512
4.01815
3.90434
3.90629
4.36612
4.37607
4.36322
4.23879
4.35713
4.43653
3.75740
3.88807
4.40653
3.91911
4.02324
4.25831
4.35359
4.01545
4.24464
4.18527
4.44622
4.26100
4.21740
4.05396
3.40182
4.39499
3.99910
4.35754
3.66799
4.24876
4.48249
4.44619
4.46191
4.03017
4.50537
4.20946
4.48295
3.02423
4.20708
4.37666
4.19609
4.30206
4.12962
4.25279
4.12718
3.65348
4.06741
4.34946
4.39567
4.16587
3.72776
4.43377
4.45481
4.33897
4.01719
4.31943
4.19869
3.25144
4.37218
4.03425
3.75644
3.43346
4.38267
3.90384
4.04048
3.85985
4.43622
4.09585
4.18915
4.25919
3.08290
4.18310
4.24275
4.44931
4.29930
4.47667
4.44794
4.27140
4.35181
4.46052
4.32473
4.15455
2.99432
4.43861
3.95634
4.22975
2.67176
4.19295
4.47410
4.33438
4.16141
3.86000
3.72838
4.31689
3.60780
3.62331
3.61120
3.88557
4.32462
4.36171
4.22892
4.47452
4.40849
4.31233
4.29412
3.99029
4.25071
4.35165
4.33366
4.42442
4.17058
4.13027
4.23465
4.45036
4.38069
4.16345
4.38006
4.34098
4.42259
4.30348
4.28708
4.15966
4.47294
4.34654
4.40009
4.43686
2.95266
4.46242
4.32998
4.26945
4.33828
4.39579
4.46353
4.31176
4.37474
4.38442
4.47607
4.27931
3.55238
4.00232
4.09525
4.45357
4.44342
4.23413
4.14985
4.43190
4.35012
3.92202
4.24275
4.23691
4.29039
3.73937
4.02029
4.26053
4.33127
3.90257
3.20333
4.30193
2.34748
3.75428
4.21367
4.41561
4.29356
4.19684
4.39228
4.27905
4.45309
3.71253
3.95102
3.98446
3.46852
4.15107
4.30510
4.32589
4.27108
3.90681
4.19625
4.32481
4.11566
3.93345
4.34582
3.18038
4.45039
4.33935
4.18062
4.47944
4.27048
3.97726
4.48237
4.48228
4.46379
2.93865
4.36181
4.23431
4.25974
4.46696
4.10421
3.90793
2.32065
4.37217
4.39981
4.21513
4.02300
3.87861
4.46494
4.47414
4.24005
4.10444
4.40012
4.26988
4.01837
3.99055
3.79427
4.45536
3.46913
4.47186
4.33944
4.40632
4.24078
3.55148
4.44409
3.74087
3.87878
4.42546
4.26293
4.24238
2.74797
4.27276
4.48099
4.23934
3.80361
4.30170
4.41434
4.20093
4.43371
4.12872
4.35503
4.40654
4.40950
4.17955
4.08259
4.26481
2.86661
4.49666
4.36981
4.26651
4.34105
4.29177
3.98371
4.02668
4.28210
4.08858
4.38545
4.38149
4.17928
4.08601
4.15284
1.84807
4.35017
2.66833
3.55714
4.09330
4.34996
4.17210
4.20716
2.75562
4.41335
3.90365
4.33097
4.12817
4.24102
4.31374
4.42446
4.35625
4.38278
3.91768
4.10007
4.17087
4.42677
4.42360
4.29123
4.04033
4.42889
4.31517
3.91790
3.88491
4.29990
3.61124
4.22631
4.37605
3.59202
4.29808
3.74582
3.45265
3.97638
4.45771
4.40989
4.38767
4.44071
4.41353
4.37512
4.34475
4.46950
4.44600
1.75474
4.33802
3.98976
4.32907
4.32626
4.34978
4.28063
4.09550
4.10653
3.67353
3.84285
4.41768
3.83461
2.41808
4.36542
4.43623
3.05987
4.16036
3.74206
3.80547
2.78162
3.44064
4.32078
4.35633
4.28916
4.30774
4.41668
4.34489
4.17302
3.91499
4.43468
4.14007
4.44377
4.29084
3.88098
4.39060
4.40627
4.36956
4.15821
4.45362
4.23212
4.24755
4.24631
4.16252
4.40211
4.33943
4.34669
4.43562
3.87187
4.25833
4.32916
4.45446
3.83747
4.16546
2.68703
3.40908
4.08134
4.32736
4.16518
3.56541
4.47539
4.22638
4.25995
3.76484
3.10430
4.38160
4.36058
4.26743
3.98864
4.52135
3.62284
4.30803
4.26013
4.40484
4.49929
4.29695
3.59904
3.91324
4.46535
4.39280
4.41474
4.26983
4.12627
3.69993
4.02266
4.38184
4.22439
4.15630
4.40437
2.91595
4.41401
4.40511
4.34379
4.37545
4.40144
3.40665
4.10242
4.38416
4.44499
4.27343
4.31284
3.32402
3.76601
4.20733
4.23776
4.34246
4.34584
3.96551
3.49881
2.21781
4.24393
4.34699
4.33322
4.47850
3.82180
4.05987
4.46574
4.12187
4.35447
4.15433
4.46623
3.98792
4.31174
3.90650
4.32040
4.04821
4.28568
4.08976
3.78283
4.20833
4.20844
4.37588
3.59150
4.06519
4.29060
4.33713
4.09626
4.43555
4.23686
2.64323
4.33143
3.86116
4.31927
3.96527
4.00067
2.38825
4.08057
4.23547
4.34284
4.22605
4.41928
4.37494
4.44012
4.35952
4.09431
4.42479
4.30401
4.38323
4.23307
4.34795
4.38347
4.21524
3.20794
4.16900
4.31362
4.32078
4.30796
4.22110
3.03911
4.42118
4.44152
4.36264
4.24777
4.38341
4.28022
4.38636
3.84834
4.30602
3.81328
4.42678
4.05972
4.44650
3.93956
4.19214
4.37916
4.35499
2.33218
4.41263
4.23516
3.93520
3.19960
4.14333
2.93532
2.04919
4.39134
2.05604
1.50827
4.27269
4.50157
4.39034
4.43219
1.77677
4.46806
2.41835
3.99656
4.33705
4.01733
4.45102
4.19930
4.30924
4.04690
4.31044
4.03844
4.47876
4.31563
4.19269
4.36278
4.21782
4.08409
4.12337
4.16592
4.40244
3.87603
4.38279
4.41363
3.97610
4.15985
4.22558
4.14844
2.92074
4.42625
3.82483
4.07072
2.07706
4.46152
4.39285
4.36896
4.10234
4.42451
4.06524
3.94972
4.26700
4.50913
4.29108
3.31581
4.28656
4.44280
4.40051
4.38613
4.43183
4.36517
4.13281
4.07330
4.23218
4.19066
4.51492
3.62813
4.26094
4.24176
3.20995
4.40924
3.49808
3.82535
4.38845
4.10763
4.17966
4.17453
4.25688
4.35527
4.07632
4.39571
4.27748
3.46038
4.47352
1.92818
4.04312
4.32415
4.10381
4.11663
3.47868
4.34448
4.51128
4.27316
4.34381
4.42910
4.44334
3.89389
3.16231
4.24316
4.26609
4.18928
3.84930
4.26262
4.08587
4.08052
4.47263
4.22936
4.10488
3.57377
4.41632
4.25056
4.40829
4.09675
3.88175
4.36335
3.85205
2.08545
3.86637
4.17804
4.38106
4.35917
1.88049
4.30521
4.29984
4.48233
4.11352
4.40579
4.51411
4.44150
4.40293
4.32398
4.34115
4.33390
4.43300
2.89292
3.87680
4.00357
4.26476
4.40738
4.35598
4.39747
4.33184
4.29263
4.45791
4.38173
4.18896
4.44433
3.96132
4.29834
4.05986
4.47407
4.28287
3.25114
4.19790
4.46038
4.36377
4.41474
3.75673
1.97364
3.89153
4.32646
4.30761
3.32853
4.05955
3.89215
4.36855
3.99635
4.24850
4.23678
4.39636
3.85115
4.33426
4.18661
3.91111
4.44821
3.51929
4.32400
4.08848
4.32884
4.05506
2.54195
4.36628
4.18048
4.31730
3.85266
2.43225
4.26093
4.18838
4.24034
4.40174
4.12786
3.72911
3.98004
4.39103
4.39997
4.26744
4.41163
4.43815
4.19590
4.42288
3.71903
4.29526
3.27880
4.07296
4.33537
4.16472
4.25245
4.45949
4.28383
2.83398
4.14994
4.33548
3.28640
4.31737
4.34360
2.82156
4.33296
4.30553
3.66565
4.44300
4.36715
3.73929
4.21244
3.68742
4.31428
3.12296
4.40057
3.97237
4.07381
4.18978
4.46534
4.09659
3.71095
4.24754
4.28089
4.34541
1.85515
4.15624
3.82385
4.27582
2.85654
4.21107
3.89494
4.37078
4.28260
4.20365
3.94806
4.22216
4.32664
4.24148
2.92611
4.36930
4.42456
3.58067
4.46145
4.17302
4.32626
3.91418
4.27610
3.89517
4.20094
4.28048
4.10866
3.06654
4.15834
4.49442
4.42041
3.58284
4.39993
4.39310
4.22474
4.24790
3.48379
3.96485
4.46836
4.15465
4.32327
3.91449
4.15790
4.49688
2.99320
4.45454
4.34216
4.38851
4.41218
2.90204
4.45821
3.95194
4.33429
4.28015
4.46985
4.15315
3.96108
4.41785
3.72228
4.38101
4.32999
3.91544
4.45244
4.09615
4.40909
4.28437
3.04798
3.32229
4.37275
4.45387
2.68444
4.35814
4.27779
4.48976
4.33855
3.94498
4.45495
2.53256
4.15242
4.35227
3.68689
4.00834
1.46004
4.23206
4.25805
4.36554
3.92965
4.13710
2.96294
4.40336
4.42965
4.48376
2.89850
4.34744
4.32865
4.36208
4.37090
4.47337
4.39749
2.93645
4.38929
4.30516
3.82350
4.41383
3.79260
4.29822
4.25175
4.38644
4.24413
4.06028
4.16991
4.04741
4.16224
4.11968
3.83540
4.30409
4.19520
4.00155
4.40426
4.24540
3.88259
4.47869
4.17591
4.28666
1.78851
4.10735
3.89420
4.30212
3.92273
4.16321
4.30311
4.22451
4.07795
3.88728
4.20728
3.81933
4.16313
4.39387
4.40594
4.23246
3.76016
4.18507
4.03377
4.48730
4.39798
4.35078
4.41135
4.19397
4.36127
4.14424
4.26528
4.36129
4.31835
4.35641
3.60316
3.58739
4.02808
4.40206
4.29282
3.07201
4.21470
4.45332
4.23320
3.98491
3.96289
4.07622
4.00401
4.37369
4.33416
4.36849
4.29767
4.35972
4.42890
4.44283
4.35288
4.39844
4.11592
3.98853
4.33743
4.34577
4.42661
4.25691
3.14812
4.03719
3.16391
4.33413
4.11901
3.93284
4.48486
4.11282
4.45522
3.44284
4.30090
2.84419
4.37388
3.45299
3.69034
4.44020
3.97912
4.03420
4.48835
4.39565
4.22085
4.01879
4.28655
4.37630
4.47822
3.13947
4.36625
3.48496
3.99454
4.36508
4.23440
4.09774
4.26527
4.34056
4.14547
3.37048
4.16856
3.57917
4.32208
4.00781
4.07903
4.39207
3.70837
4.46515
4.03954
4.31337
4.45154
4.25512
4.21490
4.33347
4.14083
4.33892
4.24675
4.43486
4.45327
4.30879
4.40368
4.50963
4.32613
3.78224
4.15890
4.44236
4.43542
3.83621
4.28941
4.30731
4.17531
3.25810
4.47595
4.50256
4.11752
4.11961
2.88040
4.42753
4.42657
3.97979
4.18882
2.83129
4.05947
3.84922
4.42704
4.43931
4.26942
4.39348
4.33652
4.43730
4.41082
4.18579
4.20841
4.41634
4.04996
4.38445
4.43100
4.06668
4.43071
4.37016
3.54744
4.22965
3.53532
4.45545
4.19606
3.74664
4.11699
4.46272
4.12723
4.41504
4.09610
4.25399
2.34390
4.09202
4.36800
2.10904
4.33003
3.99801
4.33253
4.31789
4.29316
4.39726
3.30860
4.30694
4.43797
4.26560
2.60851
4.09283
4.25865
4.27271
4.22745
4.35901
4.39031
4.19593
4.20259
4.10528
3.86615
4.14676
4.32620
3.74130
4.38739
4.40697
4.32351
3.60632
4.13874
4.35350
3.63602
4.35538
2.68222
3.71709
4.32247
3.63512
4.35417
3.88203
4.35746
4.10702
4.44056
4.15795
4.36433
3.97541
3.07352
4.26521
4.36138
4.16966
3.81572
4.38078
2.41851
4.09654
3.87645
4.05089
2.68203
4.36166
4.41572
3.92721
4.38694
4.39088
4.25265
4.03883
4.11322
4.21172
3.31235
4.01010
3.88912
3.74964
4.43111
3.65550
2.79525
3.70349
2.41875
4.31441
3.43358
4.33779
4.46325
4.19414
4.11682
3.66364
4.37681
4.30837
4.46309
4.16725
4.27262
4.34696
3.59482
4.25331
2.81173
4.49283
4.20399
3.55372
3.36853
3.06612
1.81397
4.30355
4.40604
4.33081
4.16797
3.89348
4.40661
4.28088
4.41647
4.38212
4.51205
4.43293
4.01963
4.32020
4.38264
4.21261
3.95128
4.32364
4.41839
4.23472
2.81770
4.25763
4.34071
4.32732
3.39356
4.39395
4.22926
4.30723
4.25741
4.19711
3.47677
4.31929
4.24186
4.46052
3.98004
4.36415
4.30195
4.39573
4.43981
4.35101
4.30136
3.59841
4.30561
4.03798
4.15969
4.10946
4.32000
4.40000
3.80511
4.28009
4.45203
4.39706
4.44799
4.41580
4.02434
4.31599
2.92736
4.44274
4.16301
3.66360
4.33583
4.32406
4.47545
4.19886
4.46185
4.50247
3.94293
3.97111
3.95054
4.32021
4.42701
4.50846
4.21685
4.42580
4.22085
4.43935
4.16761
3.96941
4.29417
4.45536
4.30752
4.08697
4.35069
4.45487
3.13432
4.32028
3.08324
3.98050
3.47099
4.41764
4.40137
4.19410
3.27051
4.41189
4.46947
4.10893
4.01239
4.16833
4.45832
4.30452
3.79618
4.49619
4.48691
4.01370
4.36930
4.46969
3.74318
3.49772
2.85291
3.57216
4.44110
3.94166
3.30118
4.12009
3.85027
4.21405
4.27032
4.10043
4.40010
4.10526
4.01201
4.27231
4.35758
4.42636
4.47027
4.36101
4.31655
4.24954
3.82953
4.19104
4.29655
4.37877
3.20539
4.25639
4.35580
4.39521
4.40408
4.36305
4.45412
4.33394
4.18124
4.41043
2.57034
4.08294
4.34129
4.46929
4.32633
4.41188
2.33253
3.66841
4.36993
4.08503
4.37645
4.34648
3.99870
4.36043
4.31843
4.38582
4.29650
4.47388
4.51260
4.07354
4.02328
4.43340
4.15594
4.47049
4.08416
3.96935
4.49102
4.27897
3.65348
4.06084
3.66819
3.91349
3.36046
4.05030
4.24337
4.07320
4.20869
4.05020
1.76046
4.27490
3.61791
4.35829
4.10761
3.54873
4.39486
3.74284
4.11630
3.41364
4.38585
4.47606
4.45543
4.07137
4.40359
3.84595
4.30060
4.45979
4.39839
4.44855
4.16053
4.30061
4.46527
4.27365
3.81866
4.02766
4.28639
2.82518
4.33141
4.44736
4.12365
4.16078
4.03695
2.78016
4.21596
4.40361
3.81964
4.07252
4.02963
4.38401
3.99914
4.10691
4.28815
4.30546
4.01651
3.05657
3.81375
3.67629
3.87718
4.48403
4.45284
3.18660
4.27427
3.96322
4.36664
4.12359
3.20265
4.35670
4.38376
4.25839
4.47048
4.34481
4.29094
4.00748
4.35892
4.41996
4.26421
4.14260
4.21042
4.45080
4.04387
4.12413
4.19112
4.46012
4.28306
3.56812
2.90900
4.44450
4.36244
4.12659
4.34933
4.04798
4.36204
4.33557
4.20022
4.25753
4.21260
3.68341
4.32667
4.34111
4.24977
4.49989
4.15009
4.35697
4.01508
4.22443
4.42620
2.79329
3.82803
3.68331
4.39202
4.31094
4.37989
3.73772
4.39425
4.23902
4.41923
4.25690
4.16133
4.11481
4.13416
4.18546
4.32065
4.00389
4.35767
3.43873
4.11678
3.85891
4.35693
3.79012
4.32313
3.51747
4.23358
4.34890
3.55319
4.24377
4.27500
4.46368
4.40285
4.32729
3.84480
4.43072
4.48148
4.44216
4.46490
4.32613
4.41061
4.39111
4.35869
2.72533
3.82419
4.32689
3.88715
3.84006
3.84775
4.35088
3.97794
4.43048
3.86332
4.22084
3.94274
4.51066
4.31542
4.12163
4.45417
4.07969
4.33907
4.28218
3.88784
4.41780
3.54259
4.41484
4.05578
4.39149
4.29509
4.48393
4.23274
4.40353
3.56438
4.28341
4.29474
4.39736
4.42239
4.46640
4.39812
4.11943
4.38470
3.93753
4.39368
4.26284
4.00368
4.41650
4.34322
3.95964
3.50821
4.34948
4.46013
4.19588
3.99116
3.99198
4.29361
3.74953
3.78156
4.46427
4.41270
2.84440
4.09636
4.04141
4.23871
4.40405
4.39736
4.04588
4.23701
4.37558
4.46606
4.42936
4.45187
4.44623
3.84124
4.47957
4.31897
3.95336
4.19432
4.42728
4.33656
4.44023
3.90223
4.17089
4.08334
4.37607
4.21013
4.38733
2.30410
4.14355
4.26029
3.72856
3.78307
4.27099
4.16281
4.45816
4.28278
4.36691
4.30449
3.96889
4.36273
4.40223
3.90303
3.91122
4.34083
4.09202
4.48040
4.33512
4.40853
4.33138
3.87647
4.29968
4.42719
4.47587
4.31504
4.02994
4.40813
4.31248
4.48460
4.34684
4.29483
4.34641
4.44287
3.31925
4.42710
3.64905
3.74845
3.21895
4.20042
4.13705
4.42285
3.95368
4.21335
4.18527
4.31974
4.18455
4.13350
3.87259
3.07521
3.96447
4.45281
4.00429
4.21286
4.36741
4.08178
4.43055
4.48503
3.94358
4.34032
4.32685
3.71057
4.46440
4.17830
4.36750
3.79313
3.99796
4.15829
2.69338
4.52749
4.41883
4.31305
3.95390
4.50430
4.46902
4.16012
4.32662
4.37135
4.21825
4.39038
4.00844
4.42058
4.29329
4.44194
4.32611
4.23147
4.31011
3.62689
3.81801
4.44823
3.61984
3.93660
4.48367
3.25416
4.40056
4.31442
4.42425
3.70225
4.23655
4.46226
4.32879
4.19896
3.40163
4.40756
3.81767
4.18913
4.25058
4.26924
4.19843
4.29851
3.53783
4.38960
3.91668
4.06615
4.18420
4.32786
4.12948
4.25696
4.39330
4.34719
4.21767
4.14045
4.36586
4.02595
4.41593
4.38441
4.42998
3.05782
4.39943
3.94967
4.38069
4.08774
4.28282
4.17254
3.71760
4.34423
4.31740
3.74726
4.39300
4.27116
4.25497
4.23199
3.93220
3.93713
4.44990
4.32299
4.36904
4.13451
4.22404
4.39383
3.98033
4.26022
4.41234
4.14014
4.42484
4.11372
4.41889
4.40615
4.28708
3.96471
4.42712
4.21120
3.29505
3.73386
3.64421
4.06681
3.73076
4.37967
4.16984
4.41172
4.16742
3.83136
3.96089
3.04551
4.31184
4.33765
2.25266
4.34407
4.20762
3.81857
4.19596
4.25639
3.60596
4.39560
4.09167
4.10998
3.87782
4.14477
4.05965
4.32183
4.33993
4.18568
4.42542
4.23092
4.39669
3.81040
4.44945
4.35658
3.56188
4.20626
4.26329
4.46730
4.14103
2.61674
2.70815
3.77624
4.47997
4.45248
3.86799
4.05499
2.33745
4.31963
4.24477
4.47387
4.42790
4.32711
4.42212
4.46716
3.98433
4.43490
4.03788
4.40943
4.29766
4.19875
3.83546
3.92836
3.84207
4.35827
4.04797
3.21485
3.51166
4.12741
4.37464
3.61697
4.39732
4.47011
4.46249
4.21449
4.48920
4.24657
4.28926
3.28825
3.81349
4.38609
4.14752
4.46608
4.18582
4.40614
4.23151
3.37950
4.41780
3.92825
3.86261
4.32072
3.95642
4.49421
4.29022
4.45349
4.20054
4.33831
4.27915
4.09808
4.22184
4.34426
4.25103
4.16830
4.03186
4.28520
3.98324
4.42615
4.06041
3.87199
4.04695
4.39543
4.47667
3.96153
3.71224
4.35194
3.83630
4.14812
4.10327
4.39363
4.05739
3.63352
4.38318
3.84728
3.98977
3.99063
3.27794
4.35252
4.11998
3.53723
4.10387
4.49945
4.31501
4.46306
4.25668
3.86822
4.40036
4.40112
3.86094
4.35872
3.36779
4.17062
1.89897
4.37897
4.17827
4.30616
4.30603
4.00702
4.23932
4.48748
3.32874
4.47008
2.03983
4.45771
4.24701
3.76420
4.45768
3.62976
3.97188
4.38663
4.17855
3.53121
4.41995
4.43430
3.48118
3.57733
3.82816
3.97891
3.45572
4.15940
4.28079
4.33912
4.34701
4.29129
4.48126
3.42936
3.85732
4.11214
4.31887
4.19876
4.33812
3.95650
3.47075
3.38727
4.44275
4.35054
4.16792
3.30934
3.88831
4.26219
3.89264
3.50734
4.36113
4.24527
4.06029
4.44910
3.99968
4.30297
4.24605
4.24687
4.30629
4.08548
4.41966
3.25000
4.48243
4.50532
4.40194
3.61970
4.13192
4.07947
4.34419
4.36711
4.11614
4.14858
4.37671
4.36327
4.11485
4.51073
4.21298
4.30317
4.39078
4.26434
4.32117
3.29737
4.15910
4.19715
3.92241
3.59472
4.13930
4.32048
3.56222
4.39486
4.28767
3.30702
4.47451
4.45845
4.02198
4.00670
4.48415
4.20075
3.61377
4.14983
4.43669
4.20494
4.33145
3.65991
4.05478
4.16568
3.91422
4.22284
4.38353
4.02802
4.45639
3.70961
2.67447
4.19063
4.13478
2.05634
3.71877
4.43760
4.13135
4.19391
4.35414
4.34730
2.27532
4.43810
3.87154
4.33530
3.84776
3.91878
4.07952
4.29764
3.28955
3.83581
4.29079
4.34639
4.48739
4.32722
4.45179
4.44999
3.96945
3.89811
4.36493
3.93930
2.98058
4.27842
3.93890
4.39266
3.86638
4.41657
3.93939
3.94477
4.01598
4.40345
4.42897
3.79096
4.28549
4.37571
4.01503
3.67090
3.93603
4.33895
4.35273
4.16281
2.26834
4.00141
2.84503
4.22971
4.24078
3.15825
3.95546
3.97438
4.43354
3.93313
4.51281
1.96278
2.67854
3.79404
4.34293
4.29272
3.83460
4.16671
4.25741
4.45481
4.27947
4.45967
4.05924
4.35932
4.04510
4.34847
4.45804
4.39919
3.66949
4.43962
4.45105
4.10665
3.74813
3.97255
3.22620
4.38560
4.15026
3.66605
4.21695
4.29716
4.24924
4.34000
4.20354
4.09340
4.42202
4.31020
4.04568
4.33555
2.77777
2.79582
3.80857
3.98893
2.10174
4.15440
3.18489
4.19888
4.29409
4.51577
4.34915
3.76201
4.08108
4.23876
4.42242
4.31392
4.50740
4.30034
4.10135
4.09174
4.40376
4.37876
3.18809
3.91917
4.31761
4.46957
4.44595
3.43417
4.36744
4.29641
4.36980
3.71639
3.66251
4.29938
4.23913
4.08876
4.34637
2.99782
4.40283
4.03291
4.10781
4.13701
4.33451
4.27086
4.04925
4.16490
4.48157
4.39271
4.39766
4.15077
4.28939
4.20453
4.44414
4.50862
3.91770
4.16424
4.20819
4.39625
4.06569
4.32175
4.40658
3.99241
4.21456
4.23690
4.15500
4.44693
4.28079
4.34464
4.41789
4.27524
3.91434
3.84531
4.35041
4.43909
4.46093
4.29470
4.32988
4.45826
4.38101
4.10858
4.23042
3.60455
4.16620
3.07901
3.27599
4.27314
4.00404
3.93576
4.23647
4.38571
4.45873
4.45157
4.42822
4.37644
4.42322
2.89343
4.36913
4.42965
4.32922
4.49953
4.37028
4.39300
4.32817
4.35418
4.14731
4.22284
4.20843
3.49821
4.14643
3.30323
3.64065
4.27864
3.83929
4.35588
4.42651
4.17994
4.48596
4.46894
4.41567
4.14239
4.11835
3.06251
4.32750
4.25842
4.41682
4.41427
4.38864
3.86655
4.44131
4.49269
4.27367
4.28713
4.24634
4.38673
4.19843
4.27355
4.26846
3.99204
4.46245
4.25552
4.18249
4.42732
4.41743
4.09018
4.33178
4.36225
4.28759
4.29607
3.86757
4.22813
4.37679
4.39335
4.33508
2.70964
4.19724
4.16753
4.35612
4.18364
3.77585
4.36565
4.42403
4.26289
3.29737
4.49298
4.03774
4.38358
4.05027
4.41322
3.96601
3.53335
4.12675
3.53070
3.42379
4.19024
4.39747
1.69722
4.16173
4.29563
4.34514
3.97069
3.62403
4.08690
3.71040
4.34445
3.27954
3.66171
4.07565
4.23069
4.44564
3.90094
2.66698
4.11591
3.91685
2.30552
4.34878
4.18520
4.48682
4.32579
4.44306
4.27153
4.23162
3.23965
4.01499
4.16414
4.45945
4.40883
4.45646
4.34514
4.29551
4.36941
4.38441
4.48079
3.79464
4.44382
4.40998
4.32158
4.10676
4.16862
3.98477
4.37088
1.70468
4.35345
4.42516
3.62077
4.39813
4.12246
4.11834
4.43628
4.37088
4.25047
3.67302
4.46288
3.79990
4.38497
4.16458
4.37158
4.47957
4.50325
3.41374
3.71375
4.41328
4.10379
4.45621
4.40296
4.48137
4.28752
4.01572
4.41275
4.36520
4.16832
2.83388
4.34907
4.24291
4.20846
4.17212
4.38074
4.28334
4.07272
4.38726
4.48360
3.13213
4.38574
4.34505
4.12487
4.31361
4.32270
4.02472
4.00082
2.99533
3.90765
3.72590
2.70249
2.84394
3.92303
3.52237
4.13653
4.33329
4.15640
3.73591
4.28207
4.02812
4.17611
4.42693
4.43318
4.33982
4.35717
4.46510
4.14832
4.33606
3.59238
4.35040
4.53356
4.08124
4.41338
3.97968
4.04839
3.68272
4.41813
4.43760
3.04626
4.13874
4.07732
4.09605
4.26001
4.23137
4.34529
4.40114
3.73350
4.20019
4.47539
4.19343
4.41800
4.35208
4.40552
4.29798
4.48659
4.32063
3.16402
4.46439
4.10715
4.09467
3.23028
4.48563
3.45598
4.13643
4.36774
3.47996
4.31278
3.34493
4.26846
4.26256
4.22672
4.15057
4.30816
4.36827
4.26363
4.44219
4.41826
4.35038
3.92671
4.47288
4.13289
4.46081
4.31802
3.54684
3.97887
3.70368
4.17159
4.10355
4.26194
3.13494
4.22882
3.13667
3.72429
4.41403
4.08979
2.70725
4.07725
4.44817
4.42866
2.71667
4.18621
3.84408
4.44143
4.22357
4.24715
4.12418
4.45173
4.38312
3.08171
4.39212
3.08898
4.45779
4.34298
4.16254
4.29578
1.69046
4.16905
4.09913
4.38850
3.62343
4.30408
4.14584
3.78376
3.71060
3.70676
4.42762
4.26508
3.36372
3.80016
4.03439
4.16024
3.61599
4.29696
4.28896
4.15645
2.83719
4.49612
4.46522
3.73666
4.18003
4.50214
4.41271
4.41158
2.92634
4.43935
3.61793
3.92227
4.35929
4.47624
4.29764
4.44741
4.22245
2.91103
4.10654
3.70000
3.77264
4.30269
4.30146
4.40866
4.35637
4.16958
4.44873
4.28605
3.95607
4.20709
4.36098
4.49485
4.41423
4.24873
4.37217
3.85122
4.05563
4.39864
2.36249
4.31540
4.30812
3.75737
4.41078
4.40166
3.45383
4.38728
4.39119
4.45033
4.47914
4.04183
4.10204
4.21843
4.12290
4.44603
4.02464
3.96598
4.46443
4.07812
4.01334
3.92327
3.98760
3.34098
4.15187
4.40059
4.41513
4.20683
2.77202
4.36606
4.41171
4.27543
4.37858
4.38924
4.17143
2.87918
4.30529
4.09863
4.36195
4.16685
4.43118
4.34106
3.30958
4.35427
2.01182
4.05799
4.15435
4.41872
4.28436
3.97408
3.40893
3.98629
4.24326
4.18240
4.39447
4.32680
4.28579
1.93626
4.26739
4.02696
4.43043
4.17047
4.44575
3.09157
4.33526
4.03311
4.29606
4.35277
4.44529
4.09906
4.46149
4.13028
2.54473
4.19269
4.42089
4.39369
4.23672
3.94871
4.40347
4.11351
4.40206
4.20666
4.14997
4.31620
3.97745
4.43368
2.58253
4.32663
3.99138
4.33934
4.28733
4.25116
4.34492
4.40924
3.81464
4.35874
4.43349
4.09908
3.70463
4.28900
4.31101
4.08397
4.23648
4.48258
2.14077
4.12208
4.34292
4.39592
4.17900
4.45621
4.50677
3.67879
4.45477
3.81412
4.40922
3.90624
3.15006
3.74302
4.42445
4.31506
4.23616
4.43964
4.41978
2.23936
4.43754
4.29313
4.27499
4.31449
4.27224
4.39009
4.36736
4.13670
4.45987
3.86021
4.33370
4.26801
4.49000
4.04015
3.70541
2.98821
3.86185
4.31630
3.92402
4.04803
4.48489
4.27655
4.31023
4.40766
4.34322
4.44428
4.29917
4.31738
4.39222
4.46648
3.99757
4.05276
3.91313
3.86107
4.24496
4.21461
3.79337
4.38076
4.15554
3.91933
4.50730
4.38780
4.48913
4.26846
4.48827
4.42777
4.22197
4.46373
4.27330
3.54610
4.45995
3.45320
4.28784
4.42818
4.12729
4.26101
3.67795
4.45052
4.20840
4.20385
4.43213
4.34051
4.13408
4.40356
4.23810
3.92214
4.34764
3.83005
3.96775
4.26977
3.76371
4.32170
3.68930
4.09144
4.09740
4.25412
4.09050
4.18799
4.34972
3.94492
4.43126
2.46405
4.15717
4.23918
3.46413
4.34866
4.37479
4.46978
4.05183
4.44438
4.46524
4.48794
4.05621
4.20721
4.36873
4.39849
4.29858
4.39567
4.30249
3.84167
4.33536
4.39330
4.02069
3.99281
4.45457
4.09793
4.35831
4.51612
4.27049
4.28689
4.33913
4.40035
3.86427
3.87598
4.21157
4.14451
4.45491
4.27321
2.98737
3.06747
4.30199
4.27599
4.29181
4.45093
3.67263
3.56389
4.39803
4.23333
4.36903
4.03853
4.27802
4.11550
4.38430
4.48097
4.20162
4.07377
4.40884
4.39674
4.14281
2.46358
3.38016
4.10819
4.35251
4.28232
4.45052
4.21015
4.37512
4.43963
4.11826
4.13338
3.99832
4.13040
4.38891
3.86749
2.85034
4.41343
4.36301
4.20952
4.12050
4.07053
2.91134
4.42465
3.99979
4.18513
4.38904
3.80801
4.06938
3.63739
4.14304
4.39424
2.61056
4.20345
4.02345
4.29881
4.43983
4.15326
3.73560
4.29291
4.33735
4.46582
3.66113
4.27009
2.33185
4.49097
4.40101
3.75173
4.48369
4.25069
4.24767
4.36828
4.37562
3.31715
4.37532
4.17243
3.96220
4.46587
4.21681
4.30052
4.43070
4.27405
4.07173
3.29998
3.16426
3.99972
4.32566
4.41032
3.98122
4.28909
4.33682
4.44483
4.24902
4.46506
3.33816
4.21278
4.29009
4.41878
4.41186
3.77477
4.08512
3.32973
4.49118
4.43586
4.37984
4.32647
4.42068
4.39258
3.95272
3.47541
4.46233
4.35220
4.30669
4.34196
4.19661
3.71253
4.40488
4.26924
3.81573
4.21663
4.42419
4.38944
4.33204
4.44357
1.44402
4.44027
3.52413
4.23147
3.97772
4.03455
4.25267
3.94894
4.28744
4.49018
4.40248
4.17305
4.36212
4.36558
4.27580
4.42259
3.75926
4.34825
4.22077
4.40827
4.18682
4.44852
4.10524
3.72876
3.85213
4.31448
1.91865
4.19341
4.16296
4.15443
4.35501
4.38344
4.11102
4.42564
4.36881
4.33752
2.03904
4.37564
4.32097
4.29066
4.02120
4.20401
4.00569
4.40057
4.35085
4.13229
4.48132
4.09803
4.45297
2.88560
4.23511
4.02628
4.10818
4.28344
3.45052
4.08007
4.47766
4.36518
4.46575
3.99030
4.35660
4.27829
4.41243
4.47611
3.49532
4.18343
4.01788
3.87105
4.43761
4.45844
4.50634
4.23965
3.73742
4.40413
3.79202
4.42378
4.31665
4.30368
3.07703
4.48244
4.42096
4.41171
4.40119
4.24911
3.62179
4.25548
4.36644
4.25733
4.28152
3.52292
4.46388
4.49403
4.39356
2.60421
4.35862
4.24416
3.92701
3.64390
4.46224
4.14158
4.30820
4.40090
4.43882
4.42278
1.92319
4.37057
2.69387
4.44297
3.50125
3.92769
4.27506
3.69128
4.31238
4.34265
3.87709
2.63724
4.35675
3.20494
2.57827
3.67689
4.26493
3.76973
4.01762
4.21832
3.92233
4.39342
4.30498
4.04902
4.20302
4.26969
4.29364
3.75787
4.26511
4.12411
4.16063
4.08208
4.32583
3.71201
4.41501
4.37292
4.09327
3.85309
4.45829
3.71635
4.31752
4.12395
4.21941
3.94934
4.02224
4.18407
4.35267
4.12496
4.35753
4.02973
4.38887
4.01817
4.45167
4.48725
4.37589
3.52515
3.44466
4.21200
4.43913
4.37624
4.38490
4.02335
4.37139
3.51029
4.51533
4.25303
3.94694
4.46360
4.36328
4.45724
3.56973
3.98522
4.20365
4.07048
4.07465
4.38409
3.71201
4.05437
4.38972
4.21138
4.31363
3.88287
4.21171
4.43389
4.11884
3.86883
4.35492
4.20123
4.49010
4.39872
4.34264
4.14254
4.20499
4.18505
4.18020
4.07242
3.95374
3.97010
2.08564
4.07908
4.24411
3.64039
4.44244
4.03465
4.32613
3.34583
4.49145
2.62138
3.83052
3.73539
4.50785
4.42731
4.14747
3.18661
4.50734
3.92381
4.21122
4.27706
4.34285
3.82289
4.38913
4.08684
4.22559
4.08963
4.47128
4.03230
4.16265
4.40978
4.33906
4.47847
4.32253
4.03889
4.39529
4.22182
4.43842
4.27216
4.29780
4.40899
4.48200
4.38390
4.40773
4.15172
4.40376
3.27742
4.34731
3.89723
4.37946
4.32122
4.44795
3.06336
4.46227
4.36658
4.31124
4.46805
3.80751
4.36275
4.33254
2.02579
4.38131
4.43907
4.41047
4.08111
4.26294
4.41263
3.57405
3.91438
3.78956
4.26185
4.39379
4.32340
4.08223
4.03017
4.35373
3.90443
4.21028
4.50531
4.42837
4.32158
4.36180
4.27324
4.21149
3.58303
3.92695
3.73953
3.10134
4.31352
3.97566
3.99517
4.36877
2.55374
4.36641
3.93854
4.37224
4.32564
2.78880
4.31568
4.21702
4.27068
4.06798
4.39275
3.44172
3.99640
4.41141
3.62446
4.34733
4.13206
4.34532
4.36491
4.41512
4.14939
4.35728
4.43311
4.32341
4.25012
4.35528
4.45679
4.09232
4.39877
4.44847
4.30026
4.38342
4.15948
4.46481
3.95810
3.79844
4.08787
4.28053
4.28290
4.26091
4.26662
4.03775
4.03624
3.96792
3.99690
4.30294
4.44752
4.45981
4.42795
3.70903
4.37380
4.37419
4.44479
4.22659
4.31122
4.01714
4.31445
3.66103
3.54057
4.20692
4.10317
4.42086
4.18261
4.26648
3.81281
4.03214
3.05975
4.10556
4.40007
3.77515
4.47066
4.38744
4.35962
4.25559
1.89623
4.41864
4.24835
4.49260
4.16781
4.20518
2.68392
3.47805
3.90075
4.17524
4.28328
4.34910
3.85755
4.20830
4.08576
4.25649
4.45507
4.16574
4.31526
3.75174
4.24417
4.44392
4.33496
4.02857
3.91839
4.36726
4.30902
4.11021
4.09363
4.31483
4.53255
3.76727
4.31633
4.21943
4.32059
4.10927
4.39925
4.23699
4.38139
3.64488
4.22579
4.33725
3.86355
4.36356
4.34452
3.65099
4.28600
4.38870
3.88787
4.35483
4.03875
2.59090
4.11499
4.32638
4.20345
4.41167
2.20993
4.40209
3.40953
4.27485
3.51277
4.44228
4.12885
4.33767
3.01060
3.32225
4.18004
4.48406
3.10956
4.21544
4.30657
3.92315
3.83026
4.32398
2.24618
2.58755
4.06737
4.25753
1.68531
2.84132
4.32785
4.11249
4.32453
4.06644
4.11100
4.24899
4.26028
3.66892
4.03796
4.03245
2.51673
4.32038
4.35874
3.64135
4.42062
3.88921
3.83124
4.21900
4.43393
4.26698
4.48646
4.46383
4.11239
4.25214
4.35124
4.32204
3.35355
4.28774
4.36672
4.42900
4.22200
4.10080
4.47065
4.46644
3.72498
3.78289
3.54017
4.21615
4.42710
4.03998
4.44865
4.18117
4.48216
4.25129
4.44968
4.42419
4.31699
4.43755
3.46177
4.26577
4.44627
3.81306
3.81579
4.39587
1.75479
4.40232
4.24242
3.50354
4.45948
3.64975
4.29423
4.13721
4.10802
3.51582
4.44055
4.43850
3.83084
4.41969
4.28328
4.12299
4.38455
4.30793
4.06094
4.46890
3.10578
4.41482
4.34670
3.78027
4.24372
4.22393
4.21210
4.27010
4.45599
4.13160
4.05896
2.69286
4.33968
2.35128
4.44409
4.13766
4.25252
4.20270
4.42491
4.31726
3.83061
4.21810
4.26463
4.50699
3.18418
4.21639
4.30180
3.68594
3.93270
4.32157
4.46587
2.56827
4.45276
3.18373
4.36706
4.24569
4.49026
4.47461
2.64262
3.85598
3.91249
4.40240
4.35570
3.60001
4.20655
3.57606
2.62666
4.37088
4.46334
4.13577
4.40710
4.25625
4.44987
4.27921
3.76084
4.47738
4.37390
3.66773
4.36144
4.43012
4.08088
3.82524
4.42196
4.31242
4.28777
4.28572
4.34432
4.26638
4.43867
3.83692
4.36651
3.87698
4.11941
4.48026
4.02198
4.31294
3.83542
3.41635
3.97515
4.46885
3.75832
4.48215
4.29893
3.72532
4.09299
3.26879
4.13663
4.29012
4.31985
4.47415
4.39941
4.20516
4.38512
4.17178
4.45201
4.22242
3.39006
3.93724
4.50374
3.29836
4.09689
4.38321
4.42677
4.37183
4.23294
4.36339
4.38162
4.40534
4.21962
4.47054
4.39009
3.85147
4.25244
2.54506
3.86917
4.36476
4.26875
4.15940
4.20730
3.60740
2.97387
4.44464
1.95606
4.28231
4.18841
4.38267
4.39067
3.88399
4.29157
4.14518
4.22996
4.39923
4.48767
4.38768
4.26331
4.21035
4.27882
1.62115
4.25141
4.42358
4.30016
2.53445
4.37017
4.08480
4.40833
4.29005
4.28246
4.32365
4.50173
3.52308
4.12280
4.33114
4.39151
4.38152
2.88445
3.84948
4.19092
4.42694
4.49499
4.33356
4.36803
4.41851
4.46862
4.44445
4.31828
4.17277
4.15317
4.11820
4.42615
3.81876
4.37174
4.45524
4.32212
4.12473
4.32457
4.39585
4.24902
4.32073
4.40655
4.39439
4.19786
4.43846
3.50134
4.35542
3.64702
3.28089
3.47793
3.93630
4.11403
4.34867
4.17462
4.01081
4.45830
3.20667
4.40009
4.40413
4.43911
2.61245
3.79942
4.29992
3.77134
3.66033
4.38919
4.24693
4.34878
4.35558
4.15873
4.24659
4.16356
4.45300
4.19775
4.17383
1.89783
3.36758
4.50575
4.35866
4.08216
3.01269
3.28731
4.42056
3.96916
3.87027
4.44734
4.23950
4.13921
4.17511
1.60965
3.89443
4.17984
2.28163
4.33758
4.33128
4.09803
4.36402
3.72361
4.35530
4.15081
2.66275
4.25200
4.22362
4.44686
4.31629
3.05230
3.82852
4.03254
4.31882
4.30327
3.88541
4.41369
4.21891
3.94691
4.21433
4.33954
4.36905
4.08398
4.49848
3.59563
4.28702
2.10284
4.31634
4.14652
4.37477
4.21427
4.22446
4.29325
4.46876
4.17147
4.41131
4.40380
4.26452
4.42360
3.67265
4.44454
4.12857
3.38397
4.13460
3.97597
4.38320
4.44462
4.35367
4.37108
4.19741
4.38381
4.42887
4.08624
4.30169
2.82936
4.25353
4.30794
4.31499
4.32684
3.90782
4.32035
4.18254
4.34392
4.45728
3.91446
3.33521
3.92913
4.20847
4.38216
3.71416
4.37746
2.51551
4.09299
4.23637
3.43682
4.36213
4.18442
4.36478
4.50939
3.94815
4.44302
4.16004
4.44535
4.30954
3.22186
4.41990
3.79346
4.42236
4.45881
4.31783
4.32482
4.22357
4.24932
4.31873
4.35868
4.34590
4.20958
4.37065
3.88902
4.14462
4.09024
4.15040
4.02607
3.81839
4.38207
3.19059
4.44443
4.18333
4.50450
4.29136
4.37241
4.34425
3.41002
4.39196
4.34136
4.06427
4.12760
4.39538
3.78320
3.78733
4.47756
4.39554
4.40130
4.29257
4.39448
4.37368
4.03525
3.95884
4.43050
4.28504
4.22898
2.01197
4.26688
4.44308
2.24808
4.33923
4.08689
3.74877
4.31364
4.02986
4.35437
4.36529
3.98478
4.38074
2.38816
3.94146
4.32796
4.37237
4.31097
4.50067
4.21478
4.45610
4.34737
4.44743
4.41994
3.26541
4.45311
4.39502
4.40999
4.29215
4.15675
3.71182
4.34169
3.67801
4.24479
4.33240
4.47560
3.99525
4.08399
4.22799
4.21108
4.37182
4.18158
4.26997
4.07819
3.23210
4.06320
4.37284
3.79371
4.24045
3.00106
4.31881
3.70642
3.87999
3.67081
4.39748
4.42561
4.39304
4.08191
2.86556
4.25460
4.37281
4.36795
4.24096
2.82517
4.42203
4.38417
3.92460
4.39059
3.60829
4.46122
4.32025
4.36077
4.26402
4.18545
4.50528
4.00191
4.22030
4.30633
4.12728
4.17506
4.35958
4.39817
4.29583
4.42353
4.23148
4.05293
4.48592
4.16228
4.43309
4.37541
4.26503
4.27771
4.25171
4.45626
4.21770
4.34004
4.26758
4.19189
4.02694
3.10755
4.30524
4.37076
4.27407
4.26506
4.42152
2.68688
4.47987
4.21754
4.47906
4.04083
4.21054
4.48116
4.03068
3.85451
4.43277
3.67869
4.21717
3.88799
3.88400
4.29784
4.44442
3.97974
2.22142
4.38771
4.39359
3.80902
4.01764
4.47652
4.29731
4.36749
4.38052
3.76372
3.53895
4.29386
2.22489
3.92351
4.40793
4.21279
4.26813
4.44897
3.96885
4.35017
4.34685
4.07213
4.33343
4.25993
4.19935
4.07651
4.40964
4.47942
4.41319
4.10162
4.32237
4.39726
4.08838
4.30472
4.46321
4.14867
4.07984
4.42984
2.97910
4.30538
4.38786
4.05687
4.36443
4.05760
4.07000
4.21025
4.03296
4.29900
4.34673
4.39390
4.27555
3.84190
4.14047
4.49586
4.44071
4.35525
4.21864
4.04523
4.18402
4.18061
4.46973
4.38614
4.36246
4.23193
3.62248
4.10935
3.59195
4.30756
3.66361
3.88337
4.45711
4.31499
4.33168
4.22779
4.44070
4.14262
4.46632
4.23186
2.81093
4.41421
4.26749
4.29450
4.42047
4.35291
3.99026
4.21640
3.86519
4.41700
4.46438
3.94523
4.17197
4.45243
4.40484
3.83019
4.46693
4.38387
3.02854
4.44458
4.06348
4.36114
4.46478
4.28381
4.28021
4.29349
3.68531
4.13594
4.39434
4.27131
3.99870
4.50388
4.44107
3.61446
4.33499
4.13096
4.41424
3.16064
4.29581
3.97302
3.69048
3.71122
4.27683
3.96809
4.12914
4.42085
3.88182
4.25555
4.21183
3.24474
4.42072
4.36180
4.37083
4.50398
4.31919
4.25728
4.14928
3.45363
3.00032
4.29526
4.36853
4.38918
3.44542
4.32418
4.19979
4.32753
4.15899
4.21209
4.41765
4.42555
4.27171
4.32873
3.83660
4.39341
4.48484
4.02942
4.17017
4.48467
4.40824
2.30191
4.50017
4.33745
3.81324
4.05241
4.40953
4.01096
4.20448
4.12993
4.40560
4.20600
3.71704
4.32252
4.14422
3.41711
4.46193
3.98130
4.26412
4.02245
4.40086
4.28983
4.39324
4.18905
4.27046
4.15779
4.26935
4.29025
4.43881
4.08168
4.41018
3.60819
4.09235
4.26946
4.44107
3.94187
2.48496
4.35647
3.50750
4.03101
4.30668
4.33764
4.30224
4.25352
4.40472
3.98384
2.97672
4.35353
4.45175
4.36053
4.31387
4.25472
4.36540
2.90864
4.10775
4.44246
4.16961
3.78314
3.69827
4.40122
4.37456
3.71239
4.29151
3.97539
4.16249
4.06435
4.33676
4.35999
4.11358
3.38025
4.16464
4.44097
3.10829
3.91677
4.43676
4.01693
4.05756
3.59538
4.33689
4.27113
4.16158
4.16088
4.20748
2.85281
3.92065
4.38379
4.35424
4.17179
4.41274
3.24684
4.45431
4.23194
4.25316
4.31927
4.27604
4.46743
3.75252
4.00792
4.31913
4.43419
3.66728
4.47474
4.16691
4.26376
4.07694
4.31972
4.43237
4.19472
4.21477
3.85389
4.33170
4.41021
3.96761
4.34674
3.20458
4.16347
3.61443
4.38542
4.33232
4.23027
4.45873
4.47925
4.23566
3.70522
3.89158
4.37215
4.27926
3.43326
3.04059
4.19139
4.08154
3.91814
4.20079
4.48281
4.10894
4.14946
4.40182
4.47810
4.24741
4.27870
4.26533
4.45383
4.47177
3.26156
3.62906
4.24030
4.25174
4.14029
4.45606
4.08718
3.90082
4.01230
4.24166
2.60015
4.43833
3.89505
3.98022
4.32055
3.65892
3.45185
4.40184
4.01540
4.09970
4.29246
4.33568
4.39477
4.27374
4.32810
4.35875
4.36295
3.60258
4.44012
3.51377
4.30274
4.26535
4.49359
4.11356
4.36888
4.44383
3.99978
4.45545
4.46165
4.35827
4.00014
4.25010
4.14790
2.68537
4.09352
4.28591
4.16362
4.25444
2.35201
3.72631
4.35083
4.34328
4.48623
4.30472
4.13063
4.06673
4.24091
3.77544
3.39338
4.38654
4.35146
4.41042
3.78097
4.33943
4.36617
4.12154
4.45570
4.11738
4.19801
4.17184
4.17735
3.76403
4.44783
4.25009
3.72611
4.32912
3.37852
4.48283
4.27669
4.45765
4.38753
4.16846
4.30697
4.18076
4.48334
2.72348
2.81498
4.37769
4.51672
4.39751
4.30878
4.23159
4.49419
4.27477
4.32462
4.39524
4.19871
4.37816
4.34963
4.06716
3.88324
3.93977
4.50530
3.56345
4.32913
4.29043
4.18835
4.27922
4.09748
4.10878
4.19312
4.27086
4.35168
3.67845
4.36263
4.07972
3.34490
4.46418
4.30579
2.58212
4.43120
4.05716
4.32865
1.87272
4.06189
4.35496
4.34814
4.35806
4.40564
4.02709
3.64774
4.30229
4.41299
4.22569
4.34015
4.14548
4.23947
4.46000
3.89821
4.33824
4.41335
4.11336
4.41705
4.18420
4.32818
4.10764
4.13522
4.47200
4.27284
3.73739
4.38511
4.36992
4.12586
3.77806
4.29105
4.29181
4.32882
4.48315
4.37442
4.42235
4.38051
4.21179
4.24869
4.23594
4.40955
4.14878
3.63241
4.27600
4.45284
4.32046
4.38744
4.41441
4.19342
4.31433
4.18926
3.82002
4.37779
4.21337
4.24650
4.32290
4.47473
2.37722
3.88873
4.35493
4.47319
4.40948
4.44851
3.78576
4.29259
3.84346
4.45034
4.39084
2.10562
4.34876
4.46626
4.24904
4.08859
3.96779
4.11484
4.34910
4.37643
3.36965
4.48502
4.31593
4.46894
4.44513
4.30153
4.41577
4.27184
4.11318
4.27217
4.20793
3.53949
4.33739
4.26785
4.17607
4.42422
3.01612
4.49614
4.39209
4.40493
4.22711
4.38231
3.91223
4.37149
4.39107
4.12850
4.38986
3.77404
4.27510
4.40085
4.29922
4.21536
4.27369
4.41250
4.33330
4.30156
3.87168
3.94397
4.42887
4.44960
3.62009
3.51044
4.10458
3.83623
4.48833
4.10895
4.48573
4.15525
4.37254
4.35577
4.48887
4.16035
4.31558
4.38987
4.22202
4.49475
4.31070
4.24598
4.25775
4.39388
4.45970
4.00484
4.02908
4.28391
4.46174
3.93500
4.41188
4.17809
4.42334
4.34387
4.12121
3.05605
4.17951
3.83757
4.38245
4.47349
3.99034
4.30968
3.84693
4.20754
4.19936
4.41814
3.55387
4.27377
3.89471
4.06476
4.41994
4.15709
3.97769
4.24026
4.16192
4.23744
4.10082
3.62826
4.04121
4.07951
4.47736
4.12062
4.36589
4.42209
4.28396
4.35257
3.98798
4.42772
4.16327
4.12138
4.06222
3.84411
4.36473
4.32832
4.26057
4.44570
4.22753
4.07309
3.96776
4.40581
4.38967
4.49084
4.27928
2.60611
3.57578
4.26318
4.33701
4.42344
4.50288
4.38202
4.18342
4.46735
4.02682
3.96082
4.32465
4.44652
3.89013
3.97896
4.48769
4.37050
3.98580
4.47119
4.41320
4.03541
4.51522
4.08428
4.10218
2.18932
4.32203
4.33567
4.39720
4.43894
4.40679
4.43620
4.32899
4.10970
4.42290
4.14390
4.37977
4.46393
4.22030
4.33246
4.41396
3.45720
4.00694
4.32961
1.88841
4.09753
3.01034
4.32743
4.40424
4.22214
4.16837
4.09179
4.29081
4.10133
4.34062
4.11877
2.53239
4.15144
4.23027
4.10953
4.19633
4.48194
3.70719
4.27977
4.22963
3.66233
4.12588
4.24471
4.46334
4.26253
4.41732
3.96021
4.29480
4.11241
4.17381
4.25837
3.99807
4.16784
4.24167
4.17504
4.45246
4.49009
4.51185
4.30517
4.27333
4.48932
4.13509
4.18770
2.63234
4.37378
4.36655
4.10748
4.41422
2.05663
4.00730
4.16602
4.40565
4.46195
3.78660
4.41390
3.84588
4.18598
2.81397
3.85180
4.24025
4.02684
4.39554
4.43092
4.49757
2.89252
4.37596
3.57785
4.28358
3.73068
3.86551
4.12738
4.30059
4.00569
4.12611
3.87638
3.57548
4.25456
3.26653
4.36018
4.35519
4.33642
3.53251
4.10419
4.20723
4.05113
4.09138
3.82648
4.39119
4.10750
4.31156
3.72838
3.42156
4.40198
4.14185
4.42807
4.37968
3.94359
4.42676
4.03184
4.23046
4.36810
3.70436
3.77127
4.21724
4.10397
4.47017
4.10126
4.47799
4.19703
4.30306
4.40302
4.36023
4.48725
4.39445
3.58084
4.48607
4.49516
3.61848
4.25770
4.37023
3.01138
4.43549
4.42563
4.33713
4.39386
4.34336
4.41658
3.03965
4.31122
4.20175
3.98175
4.40778
4.36793
4.03251
4.03695
4.44516
4.21119
4.45178
4.27835
3.77588
4.39123
4.42172
4.17597
4.28022
4.49343
4.01626
4.27056
4.26510
4.12404
3.95032
4.23787
4.47292
4.13243
4.01786
4.32806
4.33985
4.17532
4.48116
4.43673
4.26735
3.83111
2.50515
3.99499
4.18427
4.29900
4.25780
4.38482
3.59540
4.46870
4.38513
4.19514
4.27651
3.87389
4.29893
4.06396
4.11338
4.04080
3.92953
3.25250
4.43550
4.16707
4.37830
3.66473
4.02621
4.33209
4.34209
4.43479
4.27817
4.29103
4.08819
4.41157
4.29107
4.35256
4.38254
4.21601
4.29834
4.23200
4.27134
4.28016
3.48947
3.98842
4.27270
4.08238
4.17097
4.48751
4.44243
4.18713
4.28377
4.25619
3.18884
4.17479
3.63305
2.43737
4.33395
4.19685
4.20005
3.81096
4.35713
3.56322
4.10365
3.55386
4.35425
4.44361
4.35430
4.20520
4.32807
4.26200
4.46865
4.14149
3.74430
3.82893
4.05784
3.64687
4.28836
4.36341
4.44723
3.15197
3.90176
4.42586
4.41947
3.61790
2.91429
3.93143
4.37227
3.82413
4.42396
4.30851
3.93063
4.45931
4.43616
4.38079
4.51546
4.15033
2.78426
4.29432
4.29797
4.36839
4.41393
4.34124
3.36183
4.48906
4.43715
3.65121
4.40776
3.90734
4.35753
4.29112
3.94000
4.35879
3.55582
4.37200
2.68624
4.27413
3.39243
4.03202
4.30207
3.85915
4.35402
4.37480
4.42387
3.26628
4.28960
2.46967
4.36581
4.37354
4.22310
2.78941
4.44548
4.50987
4.32396
4.44225
4.07980
3.58572
2.83034
4.35174
4.45201
4.44334
4.42984
4.02842
4.25116
4.24346
4.13799
3.99956
2.54708
4.09182
4.16208
3.97654
4.45863
2.80237
3.83565
4.38283
4.17744
2.27637
4.48301
3.94300
4.12398
3.06085
4.24962
2.75951
4.21649
4.24519
4.40429
3.94035
4.50894
4.33556
4.02587
4.38468
4.30177
3.78698
4.40079
4.07463
4.09178
4.26367
4.42046
4.09811
3.56837
4.24333
3.99985
4.17582
4.34172
4.48697
4.42677
4.30461
4.37431
4.46272
4.26767
3.69522
4.34128
4.41169
4.14377
4.35579
4.41328
4.30171
4.10367
4.37306
4.41124
4.42262
4.00102
4.49265
4.48135
4.48536
4.36924
4.07285
4.40948
4.33681
4.39603
4.35607
4.09399
4.28853
4.44338
4.17190
4.18965
4.39747
4.18170
3.72042
4.10238
4.42188
3.75602
4.35410
4.33299
4.33342
4.44541
4.36422
3.92143
4.43454
4.35143
2.81643
4.36814
4.38269
2.55699
4.43271
3.91579
4.32549
3.67218
4.06546
3.49721
3.82457
4.10952
4.45211
4.45343
3.22718
4.05362
4.28136
4.31020
4.37478
4.45084
4.24199
4.35204
4.39006
4.44544
4.41970
4.05007
4.20197
4.25107
4.19570
4.00009
4.13856
1.88280
4.18646
4.47124
3.91437
3.96318
4.35642
4.16710
3.75637
3.76531
4.26463
4.43998
3.86731
4.14280
4.14936
4.35886
4.48723
4.01360
4.36152
4.32637
2.68406
4.49846
3.91571
4.39854
3.60645
4.28748
3.43563
3.57014
4.08552
4.14980
4.44137
4.23124
4.23671
4.35444
4.49970
4.13655
4.42472
4.39601
3.91349
3.11892
4.26454
4.31876
4.30717
4.31865
4.29611
4.35083
4.37260
4.28082
3.77454
4.26786
2.02264
3.96902
4.32220
3.67572
4.29469
4.32184
3.31959
4.42069
4.43612
4.19921
4.09882
4.41951
4.15715
3.60253
4.26596
4.37828
2.72121
3.32674
4.01139
4.46800
4.36396
4.21090
4.45371
4.32448
4.29439
4.16683
3.72903
4.09181
4.43877
4.31371
4.26130
4.07257
3.92645
4.04985
3.63236
4.42187
4.37940
4.42793
4.31221
4.44117
4.38934
4.20464
4.44335
3.79502
4.08739
4.34550
4.25141
4.48909
3.90590
4.27164
2.99533
4.32875
4.41047
4.22383
4.35242
4.30496
4.41980
4.36243
4.22863
4.13106
4.28166
4.24957
4.41188
4.16971
4.23868
4.43114
4.28004
3.93501
4.26829
4.13250
4.40208
4.42406
4.08293
3.85965
4.39901
4.34668
3.40297
4.33210
4.40203
4.28101
4.36539
4.26756
4.29623
4.41736
4.42069
3.82032
4.24080
4.43795
4.39011
4.40368
4.42295
4.41801
4.26273
3.98213
4.35983
3.83343
4.29566
4.47019
4.40030
4.28537
4.43967
4.16115
4.40075
4.42469
4.21685
4.38922
4.38686
3.75969
4.11488
4.43466
4.12260
3.84539
4.26485
4.34911
4.33799
3.46375
4.17693
3.92343
4.20113
4.24125
4.39075
4.47402
4.08898
4.30060
4.43563
4.44117
4.48993
3.72451
4.42413
4.24465
4.01458
3.94390
4.43385
4.37202
3.56813
4.34925
4.29070
3.38568
4.07756
4.36578
4.47204
4.44914
4.36970
4.46797
4.48544
3.84405
4.33736
4.30244
4.41188
3.90630
3.76838
4.41958
4.40059
4.44910
3.98486
4.38325
4.47103
4.11148
4.21549
4.45528
4.34552
4.33541
3.97507
4.47271
4.35784
4.15252
4.09893
4.45459
2.41838
4.19794
4.41178
4.19758
4.40246
4.47706
4.49143
4.31033
4.38574
4.48683
4.37986
2.73644
4.44047
4.46073
3.94376
4.16973
4.05947
4.24519
4.00377
4.46700
4.44785
4.35625
4.18867
4.43017
4.19263
4.38716
4.05447
4.48027
4.16841
3.13553
3.27434
4.45203
4.36283
3.92779
3.83751
4.39991
3.77327
3.00155
4.33584
2.82165
3.78609
4.31443
4.09469
4.12168
4.32538
4.06128
4.00425
4.34490
4.46996
4.03804
4.25533
4.29395
3.29166
4.35988
4.10927
4.41011
4.05081
3.45800
4.31394
3.82237
4.40526
4.30028
4.05339
4.30930
3.88447
4.29006
4.29989
4.28972
2.86191
4.03685
3.88911
2.21258
4.38097
3.60600
3.68584
4.06682
4.37902
4.04257
4.35398
4.18695
4.38248
4.13895
4.03270
3.29241
3.11931
4.28983
4.24777
4.35914
4.37687
3.80592
4.19160
4.29864
4.33352
3.24357
4.14565
4.26383
4.34401
4.26811
4.30815
4.15355
4.37095
4.38041
3.88557
3.65190
4.11958
3.43993
4.16213
4.02772
4.29766
4.29729
4.46359
2.61076
4.34344
4.33096
4.24028
4.45319
4.34424
3.24757
2.65837
4.35147
3.83981
4.15815
4.13906
4.23966
4.45333
1.56628
2.02355
4.08511
4.44699
4.37133
4.46019
4.39680
3.57824
4.31907
4.36736
4.09614
4.43067
4.34873
4.42628
4.28420
4.27205
4.25172
4.31894
4.17620
3.08392
4.39159
4.26679
4.09466
2.85511
3.92414
4.14153
2.73627
3.58401
4.28688
4.01755
4.31919
4.44875
4.39443
4.48879
4.12980
4.41410
4.38066
3.94973
4.32385
4.34247
4.40748
4.03358
3.37324
4.44283
3.00689
4.29833
4.00681
4.32896
4.36985
4.23909
4.34949
4.27722
4.29141
3.94990
4.23591
4.30671
3.46160
4.33073
4.23145
4.41242
4.41499
4.22404
4.39604
4.32467
4.41598
4.15079
4.16830
3.90738
4.07175
3.96331
4.35424
4.23261
4.35924
4.28407
4.21812
4.10940
4.28183
4.09500
4.11500
4.32236
4.30585
4.39105
4.31658
4.24831
4.01848
4.39265
3.58102
3.63251
3.22913
4.10364
4.26165
4.33286
4.49099
4.33633
4.40939
4.28982
4.40670
4.05019
3.09818
4.38030
4.07569
4.26145
4.27801
4.23851
4.40050
4.18521
4.42204
2.79457
3.08808
4.43834
3.78731
4.03232
4.16497
4.08099
4.42913
4.34634
4.46224
4.29315
4.42528
3.99636
3.82827
4.32148
2.99076
4.22147
4.22899
4.39251
4.42681
4.19269
4.42455
4.44525
4.35426
4.13288
3.82553
3.81330
4.37037
4.28757
4.13960
4.38273
3.77896
4.30374
4.27410
4.01542
4.29507
4.44194
4.04944
3.51640
4.24774
4.46466
4.41060
4.05592
4.43939
4.26774
4.48105
4.33993
3.09271
4.45169
3.38874
3.90978
4.20541
4.16969
3.94667
2.50368
4.13607
4.47492
4.27343
2.81724
4.48789
4.20127
3.67370
4.31368
4.32997
4.38279
4.26276
4.18130
3.73713
4.12767
4.29269
4.39746
4.48752
4.36525
3.48803
4.40528
4.17545
4.44536
4.45965
4.13838
2.81457
4.33714
4.31672
4.30594
4.26077
3.91551
3.87912
4.16077
2.44097
4.44988
4.05116
4.18571
4.39905
4.30909
4.28421
4.26186
4.01051
2.55341
3.97876
4.14463
2.57745
3.56216
4.35970
4.14462
4.42397
4.14997
4.35762
4.33460
4.02159
3.66270
4.42567
4.38066
4.27855
4.36380
4.46495
4.35191
4.47621
4.39493
3.18175
4.31872
3.93612
4.04075
4.25395
4.28073
4.36822
4.25433
4.25338
4.11209
4.40585
4.26372
4.25150
4.37347
4.18392
4.27984
3.56537
4.36617
4.31452
4.40193
4.35783
4.25432
4.42230
2.19588
4.48155
4.39946
4.02473
4.39586
4.45703
4.42402
4.43300
4.44020
3.95321
4.10033
4.34425
4.30230
4.10709
3.63476
4.41507
4.10602
4.24824
4.48901
4.32366
3.92284
4.46248
4.08356
4.22706
3.56519
3.40354
4.27434
4.26340
4.33753
1.51002
4.20633
4.22505
3.56842
4.32452
4.26100
3.73035
3.95112
4.44996
3.02618
4.13970
4.12043
4.44285
4.44252
4.03474
3.61193
4.38849
4.43928
4.13126
4.32476
4.06764
4.41870
4.49232
4.44732
4.47427
4.33399
4.28948
1.84109
4.02574
4.38444
4.02072
4.22844
3.87755
4.37210
4.19718
3.72696
3.17314
4.42342
4.40589
4.23991
4.28531
4.14856
4.32167
4.31400
4.17499
3.92967
3.76982
4.49393
4.22234
4.48074
3.30680
4.39142
3.78628
3.87214
4.51847
4.04663
4.46854
4.45017
4.22554
4.04833
4.13014
4.42315
4.41917
4.27315
2.24897
4.02100
4.38819
4.34226
4.19944
4.36108
3.96329
4.28593
4.36452
4.40583
4.41014
2.24555
4.36096
4.30014
4.18217
4.41354
4.24799
4.31263
4.28360
4.06301
4.49170
3.55707
4.32233
4.15784
4.51633
3.96217
4.46413
3.81611
4.20644
4.18399
2.61804
4.37347
4.17615
3.51077
2.65223
3.27327
2.82543
4.03899
4.50364
4.32283
4.31545
4.45688
4.12829
4.05022
3.66982
3.90983
2.57117
4.27948
4.32667
4.24342
4.35464
4.28956
4.18424
4.29159
4.37954
4.26186
4.45252
4.02561
3.46469
4.33808
4.47765
3.90747
4.38373
4.15490
4.25673
4.49637
4.44150
4.32267
4.04366
3.80033
3.43414
4.21601
4.44976
4.21963
4.35277
4.45104
4.10466
4.29130
4.43965
4.34430
4.36936
3.50769
4.07953
3.66483
4.40517
4.20678
4.45003
4.45738
4.34836
3.99118
3.66366
4.07786
4.45826
3.61781
4.05768
4.40404
4.40567
4.48100
4.38864
3.31723
4.31509
4.06555
3.81983
4.05308
4.46513
3.75054
4.38406
2.42190
4.34956
2.72695
4.43068
4.39162
4.17508
4.21529
4.40246
4.18575
4.43450
4.26108
4.20103
4.27497
4.14045
4.29472
4.19837
4.28644
4.27674
4.38891
4.45786
4.43019
2.39685
4.41415
4.32783
3.74803
3.27760
4.23492
4.38791
4.24394
4.39678
4.39335
3.97315
4.51375
2.97513
4.45057
4.39975
4.48491
3.81879
4.33090
4.19363
4.25978
4.03679
3.66685
4.26424
2.52889
4.13163
4.38875
4.45790
2.72723
4.51762
4.37412
3.72682
4.21819
4.41614
4.33128
2.68799
4.29163
4.36371
4.34511
4.49021
1.60331
4.21092
1.97323
3.69119
4.16476
4.29582
4.03706
4.37076
3.83426
4.37559
3.21294
2.97735
4.37309
4.31294
3.81877
1.94284
3.68829
3.87391
3.44210
4.40534
3.62681
4.39495
4.42642
3.59309
4.41675
4.15295
4.49973
4.02292
4.46342
4.45555
4.33492
4.06460
4.39974
4.36970
4.45922
3.87168
4.16622
4.41576
4.34004
4.39980
3.93643
4.25325
4.42796
4.27629
4.32649
4.35705
4.36729
4.04505
3.45047
4.06427
3.89426
2.72130
4.28093
4.24076
4.37555
4.29343
4.13595
4.34715
4.02501
4.30935
4.04356
4.19080
4.32411
4.21394
4.34231
4.25269
4.38435
4.23346
4.41324
4.13951
3.24444
3.88673
4.02408
4.25230
3.53121
3.14601
4.06265
4.44512
4.39115
4.22652
4.08190
4.43506
3.98432
4.01881
3.98840
4.20893
2.87409
4.45745
4.41550
4.30034
4.23415
4.44800
2.73822
4.34448
4.44623
4.37423
4.03451
4.40117
4.05215
2.98050
4.38980
4.13199
3.65431
4.22993
4.44226
3.72520
4.39628
4.06157
4.04858
4.15521
4.09831
3.63024
4.16323
4.24605
4.46536
4.07769
3.84196
3.67391
3.76360
4.49438
3.43904
4.44120
4.38139
4.44950
3.46839
4.11152
4.22536
4.40549
3.59230
4.17176
4.42312
4.44924
4.03918
4.32780
4.16530
4.16092
4.10485
3.79952
3.32894
4.39163
3.53562
4.02009
3.33977
4.40064
4.28997
4.44722
4.22464
4.39476
4.44105
4.34581
3.81075
4.40307
4.08588
4.36435
4.47544
4.08386
4.47538
4.14463
4.34365
4.33594
4.04901
4.45623
3.41400
4.25235
3.42123
4.12471
4.32076
4.08342
4.50974
4.41928
4.19837
4.44530
4.04567
4.49788
4.42084
4.17758
3.11430
4.51493
4.23161
4.17840
4.39945
4.38462
3.56104
4.10821
4.34207
4.45427
3.11982
4.18976
4.39999
3.83822
4.23905
4.40184
4.22654
4.34819
3.62346
4.33107
4.13782
3.62254
4.23560
4.08500
4.16272
3.39487
4.18379
3.90790
1.82126
3.77102
3.50447
4.38402
4.38045
4.09738
4.41831
4.28669
3.72917
4.41149
3.06731
3.31288
4.35548
3.82965
4.22385
4.22004
2.58924
4.38465
4.41742
4.23407
3.24676
4.14359
4.30286
2.91365
3.78882
3.20847
3.82406
4.26396
4.35833
3.32736
4.22782
4.35354
3.85783
4.24891
4.42572
4.34453
4.32285
4.27895
4.26069
4.35585
4.19641
4.42341
3.88731
2.29379
4.43508
3.22353
4.25928
4.38768
4.12953
3.15821
2.14306
4.45740
4.32157
3.74251
1.74070
4.17397
2.85089
4.43699
4.21550
4.38153
4.03712
4.26901
4.27580
3.21015
4.24541
4.15711
3.68131
4.29209
4.32919
4.44512
4.49661
3.98092
3.87340
4.25569
4.10786
4.23913
4.32198
4.33248
4.04213
4.20246
3.40926
4.44821
4.26556
4.47524
4.34449
4.06004
4.22502
4.41804
4.36883
3.66179
4.20322
3.55541
4.46698
4.21363
4.11942
4.45242
4.03897
4.42637
4.41495
4.34777
4.40549
3.95770
3.76488
4.38892
4.33111
4.30130
4.47345
4.42243
4.31855
4.17787
4.13740
4.27727
4.39406
4.02817
4.45520
3.97184
4.09504
4.15515
4.35771
4.36615
4.22764
4.14601
4.36072
4.43176
3.68313
4.40122
4.33402
4.32871
4.41722
4.43805
4.11733
4.39312
3.93775
4.44201
4.22809
4.14032
2.92041
4.43405
4.35636
4.38213
3.60487
4.40998
4.40737
3.87018
4.32633
4.15627
4.21386
4.26385
3.92098
4.13545
4.14589
4.40822
4.42813
4.26420
4.40247
4.24354
4.41759
2.70821
4.26350
4.12489
4.30522
4.28631
2.46871
4.22934
4.44337
4.45251
4.33754
4.34502
4.43051
4.38530
4.22346
4.35838
3.67674
3.61527
3.57676
2.82315
3.41554
4.05041
4.39204
4.42825
2.83117
4.39979
4.44649
4.28717
4.35688
4.27259
3.34692
4.23162
4.46317
3.93117
4.12954
3.33584
4.47372
4.28183
4.22193
4.15745
4.00907
4.38970
4.30583
4.26518
4.44678
4.46765
4.17441
4.44638
4.40624
3.82571
3.06464
4.40837
3.91211
3.03619
4.47979
4.44369
2.35315
3.85972
4.41003
4.31151
4.33240
3.96603
4.06175
3.88009
4.34559
4.22186
4.33917
3.22147
4.04830
4.18892
4.14977
4.44241
3.57115
3.43706
4.48629
4.36003
4.36183
4.26653
4.19523
4.22690
4.35617
4.40609
3.42820
4.05356
3.69951
2.25850
4.40008
4.37437
4.40206
4.17748
4.00845
2.53794
4.41218
4.37544
4.21633
4.05817
3.65418
4.09040
3.03429
2.25681
4.20670
3.50749
3.89302
4.27217
3.12340
4.20750
4.37738
4.47424
4.28834
3.83845
3.61390
4.45307
4.07649
4.44092
4.09701
4.14502
3.72251
4.25849
4.34863
3.89657
3.98614
3.64623
4.36861
3.95815
3.78329
3.90662
4.05380
4.19805
4.21759
4.36715
4.34838
4.47679
4.42949
3.98014
3.12265
3.81927
4.35005
4.28744
2.88562
4.36223
4.35091
4.45010
3.94247
4.46835
4.21626
4.48217
4.31928
4.38920
4.01268
4.31340
4.33919
4.44059
4.30790
4.49128
4.38397
4.21479
4.29615
4.16904
4.04259
4.08950
4.42920
4.41571
4.32521
4.47023
4.32842
4.15207
3.41673
4.43701
3.88250
3.13340
4.15034
4.04748
4.30122
4.50753
4.39218
4.41663
4.38021
4.20167
4.19779
4.36040
4.15338
4.13563
4.22130
4.42865
4.47750
4.40419
4.35455
3.86134
3.25959
3.87469
4.26089
4.44265
4.09828
4.05246
4.36465
4.19632
3.31073
4.46263
4.23866
4.21021
2.37920
4.40027
3.75431
4.23443
4.31607
3.06902
4.09889
4.17770
3.91444
1.87066
4.31263
4.47043
3.84211
4.37810
4.34854
4.04713
4.44106
3.53816
4.40708
4.43582
4.21645
3.56737
4.39167
4.15385
4.28660
4.18644
4.12853
4.21536
4.27930
4.26192
4.35428
4.03549
3.70131
4.39397
4.46771
4.12108
2.51071
4.33894
4.37902
2.03061
4.44926
3.74382
4.11665
2.75596
3.64341
4.25078
4.25434
4.37241
3.39713
4.39396
4.30533
4.29292
4.25093
3.62609
4.34881
2.97281
4.41884
4.47227
4.13500
4.11481
4.33097
4.31499
4.06458
4.38464
3.89878
3.65089
3.55669
3.68528
4.48270
4.36082
4.28677
4.46498
3.49715
4.41321
4.35761
3.83760
4.22359
4.43612
4.45679
3.79618
4.07816
4.31686
4.31580
4.38710
4.43842
4.41370
3.96228
4.46838
4.44568
3.65651
4.39267
4.26214
4.42305
4.24484
4.25217
4.29145
4.13911
4.02447
4.40563
3.96074
4.28733
4.32922
3.57354
4.02107
4.29756
2.77270
3.77108
4.27672
3.66894
4.39722
4.26104
4.45889
2.81976
4.18010
3.75621
4.14192
4.31021
3.27906
3.92563
4.26437
4.14961
4.29568
3.22328
2.35147
4.25434
4.45975
4.10861
3.92500
4.35191
3.87484
3.87326
4.32187
4.08966
4.03528
4.22263
4.34468
4.35057
4.48231
4.49362
3.33587
2.33421
4.12325
3.92569
4.38613
4.33045
4.35977
3.94525
4.24919
4.04763
3.60029
4.29337
4.12312
3.88912
4.33236
4.50484
4.43843
2.83460
4.36471
4.22058
4.37045
3.91060
3.13888
4.28521
4.15199
4.28668
4.29888
4.16417
3.17199
4.36054
4.07534
4.38932
4.04284
4.18422
4.48137
4.20098
4.38907
3.86922
4.27910
4.32218
4.39374
4.31694
4.17423
4.29578
4.03048
4.19496
4.30923
4.11331
4.15759
4.45293
4.46857
4.14106
4.28775
4.32703
4.05301
4.41715
4.24853
4.18622
4.42990
3.92304
4.02204
4.40919
3.88863
2.76911
4.21215
4.37323
3.81352
4.40774
4.45025
3.59094
4.18878
3.96187
4.34916
4.25586
3.77076
3.62930
3.93290
4.24150
3.53458
4.41043
4.29915
4.48777
3.71501
3.68879
4.21594
4.44225
4.18548
4.44897
4.49977
4.38750
3.92182
4.33084
4.08827
4.31259
4.30934
4.49666
4.35650
4.02303
4.41791
3.94686
4.16150
3.17073
4.39100
3.83480
4.16216
4.28179
3.50354
4.23521
4.05723
4.12689
3.99171
4.41105
4.43010
2.87160
3.94375
4.49027
4.22686
4.42110
4.46872
4.30745
4.42784
4.31253
4.29923
4.42064
4.16916
3.78797
3.88851
4.30201
4.25460
4.27450
4.29484
3.86271
4.23088
3.89035
4.45622
4.09865
4.41005
3.19700
4.40167
3.82321
4.26154
4.34226
4.36350
4.41021
4.26086
3.70586
3.71872
3.42572
3.86671
3.86066
3.20960
4.42797
4.45475
3.38693
4.46332
4.45463
4.41219
3.96282
4.36471
4.03802
4.22599
4.21550
3.56004
4.39183
4.41225
4.42838
4.09615
4.22974
3.82459
4.50356
4.45117
4.17267
2.72480
4.22790
3.88245
3.12436
3.91618
4.37362
4.25105
4.26611
4.10581
3.86799
3.22556
3.84785
4.33853
4.36760
3.74857
4.41564
3.92138
3.86590
4.41431
4.23347
4.22840
4.27167
4.33506
4.39326
3.53436
4.41047
4.38486
2.25598
4.43677
4.37108
4.31696
4.44696
4.02270
4.41022
4.33791
4.15184
4.42971
3.88302
4.46575
4.47196
4.16005
4.19471
4.20965
4.30982
4.27800
4.12761
4.20073
3.91883
4.47413
4.40778
4.40355
4.15289
3.76450
4.36439
4.43634
4.49979
4.52711
3.77397
4.49110
4.38090
4.40074
4.43234
3.98047
4.47764
4.36056
4.46691
4.31817
2.44726
4.33279
4.18939
3.71887
3.56028
4.16244
4.11133
4.42851
4.42784
4.31373
3.89722
4.22819
3.91378
4.46452
3.79639
4.39632
4.47567
4.37273
3.71294
4.43173
3.91758
3.87935
4.09284
3.56785
4.24268
4.24687
4.29193
3.45959
2.56357
3.48111
4.11103
4.41294
3.13617
4.28770
4.22578
4.48780
4.28130
4.37097
4.28216
4.34815
4.35894
4.15711
3.53485
4.30218
4.44412
4.44876
4.43145
4.44806
4.00734
4.36652
3.86070
4.44755
4.39816
4.38734
3.51429
3.94554
3.63139
4.03057
4.44711
3.89700
4.18395
4.31610
4.29293
4.47332
4.11647
4.15108
4.37891
4.44228
4.34853
4.18077
3.71448
4.09218
4.44478
3.87082
3.64439
4.29993
4.36057
4.38653
4.16150
3.35608
4.22352
4.33222
3.80291
4.26364
4.37190
3.66357
4.53059
4.26075
4.38770
4.44209
4.38735
4.40006
4.38151
4.37253
3.91690
4.39145
4.26641
4.47152
4.16889
3.47426
3.36253
3.99998
4.26796
4.44688
4.40915
4.39510
3.70627
4.46217
4.49404
4.15469
4.19362
3.74012
2.60861
3.94020
4.49183
4.45306
4.30253
4.05759
4.31569
4.20051
3.04239
4.40167
4.23204
1.92649
4.25616
4.30775
4.46663
4.42161
4.11774
4.32751
3.86619
4.40543
3.92465
4.10341
4.35358
4.32910
4.21888
3.91625
4.38821
4.48137
2.86027
3.98042
4.09083
4.27600
4.41519
4.31452
3.77534
4.41664
3.87072
4.09581
3.88845
4.44090
4.43496
4.20448
4.45336
4.35911
3.94958
4.42188
4.36851
3.38423
3.74522
4.41505
4.33715
4.07886
4.39798
4.38639
4.35854
4.12767
4.37047
4.22816
4.20081
4.22663
3.79602
3.92544
3.90733
4.19535
4.46665
3.93653
3.86419
4.43320
4.37870
3.75394
3.72461
2.01241
4.36625
4.40843
4.40338
4.35564
4.24062
3.80179
4.38736
4.41668
4.31444
3.99631
4.42235
3.81227
4.40353
4.07838
3.73805
4.24012
4.43461
2.65205
4.27349
4.27120
2.39903
4.33348
3.83123
4.46050
4.35782
2.51740
4.46560
4.34651
2.52575
4.45009
3.57730
4.05060
3.79171
3.84797
3.91515
4.46768
4.36851
4.26958
4.21143
4.30919
4.33982
2.59298
2.87561
4.38666
4.46765
3.74377
3.70866
4.25130
3.82683
3.28703
4.25001
3.95347
3.22151
4.45250
4.27436
4.16678
4.38964
4.38024
3.79718
4.30708
4.19553
4.36043
4.43055
4.24168
2.65302
4.29927
4.31421
4.44351
4.38086
4.45663
4.45818
4.47053
4.02490
4.41613
4.45355
4.15239
4.33951
4.31846
4.24428
4.23261
4.12915
4.46243
3.55397
4.41389
4.39854
4.29286
4.08988
4.31206
3.94274
4.42606
4.24067
4.20437
4.32332
4.15949
4.46595
4.47608
1.98672
4.28528
3.70521
4.36844
4.49922
4.16881
4.45017
4.48457
4.39534
4.33607
2.92907
4.29346
3.72428
4.15484
4.25801
4.41920
4.51207
4.32565
3.87977
4.42539
4.44096
4.44648
3.86063
4.35807
3.56896
4.39270
4.05809
4.39612
1.90388
4.33156
4.51357
3.77655
3.24182
3.65925
1.56905
2.15519
4.40926
4.31428
4.44867
4.38041
4.39795
2.83411
3.89468
4.16784
4.31842
4.23800
3.75220
4.13644
4.09603
3.92696
4.43802
4.50465
4.33701
4.12226
3.91157
4.38155
4.13643
4.38894
4.26727
3.64073
4.48192
4.40589
4.28744
4.44229
4.16894
4.15445
4.16802
3.33160
3.79024
4.42710
3.92949
4.17159
4.42271
4.26202
3.72209
4.05230
4.24589
4.51894
4.34469
4.46042
4.11651
4.43544
4.15580
4.18092
4.31479
4.43188
4.47351
4.47995
4.17995
4.01691
3.60113
4.20725
4.16544
3.57388
4.06917
4.45899
2.44172
4.52635
3.96325
4.46824
4.42820
4.32806
3.81649
4.46993
4.38825
4.20381
4.42361
4.45009
4.36385
4.00605
4.00656
3.77423
4.45672
3.89698
4.44472
4.21652
3.07045
4.42506
4.36399
4.00322
4.12897
4.40524
4.05163
4.10136
4.24711
4.47190
4.24819
4.09714
4.41993
3.86121
4.39142
4.35886
2.71200
3.77761
4.42311
4.44640
3.87870
4.14285
4.44029
4.39892
4.23072
2.67756
4.37006
4.41166
3.82564
4.41855
4.27104
3.76114
4.47382
4.49673
4.39759
3.95459
4.29847
4.38201
4.35820
4.23662
3.90886
4.39079
4.01183
4.15706
4.09026
4.11737
4.33170
4.34923
4.41074
4.25187
4.48048
4.47080
4.36661
4.38205
4.09033
3.97062
4.25951
3.52517
3.97952
4.44236
4.17136
4.04308
4.42998
3.82272
3.93837
4.50126
4.08029
2.93938
4.12675
4.33837
4.29207
4.22106
4.27833
4.36263
3.69823
4.12949
3.43086
4.38856
4.21874
4.31159
2.42450
4.07300
4.46439
4.46621
4.27187
3.98291
3.74474
4.29286
4.40439
3.10060
3.79666
4.42017
4.06062
4.20181
3.99620
3.51292
4.23855
4.26131
4.35054
4.27341
4.23424
4.41729
4.39053
4.25483
4.45814
4.44901
4.16950
4.39345
4.19053
4.09872
4.30511
4.46639
3.98098
3.85806
4.11941
3.80392
4.47126
4.33172
4.18921
4.13427
4.23883
3.77010
4.17542
4.21212
4.44276
4.43709
4.24915
3.81684
4.14481
2.14860
3.96892
2.16273
4.31680
4.31800
4.40375
3.29720
4.27251
4.04358
1.78961
4.32338
4.40382
4.06042
4.32579
4.33132
4.37578
3.30221
4.29278
4.48401
4.31986
3.83260
4.07548
4.41544
4.31431
4.46687
3.82152
4.29959
4.27119
4.26002
4.41749
4.28155
4.09263
4.36872
4.44170
4.46226
3.45231
3.89529
4.41791
4.33220
4.22748
4.35444
4.30393
4.46594
3.79073
4.46622
4.33258
4.35426
4.40895
3.59124
4.39491
4.45851
4.13194
4.27776
4.28158
3.96114
4.28231
4.25394
3.85320
4.23551
4.51917
4.32839
4.17951
4.44412
4.08890
4.16296
4.18501
1.60716
4.40854
4.33446
4.20694
2.79642
3.02010
4.15320
4.46611
4.23290
4.36706
3.57137
1.60241
4.10090
4.29280
2.93164
4.02057
4.30972
3.93623
4.25115
4.21432
4.26139
3.74271
3.39747
4.07879
4.39312
4.08986
4.03100
4.01501
4.39962
4.39928
3.57860
4.34665
3.62174
4.49366
4.39446
4.38614
4.04392
4.43011
4.15682
4.21143
4.30404
4.41544
3.98798
4.35586
4.12299
4.30422
4.23016
3.10013
4.38597
4.20258
4.41813
4.14388
4.26454
3.74908
4.39854
4.43448
4.34445
4.38024
4.44648
3.84345
4.27789
4.10074
4.04138
4.19592
4.38358
4.34129
3.65442
3.96189
4.43874
4.39732
4.46045
4.40459
4.45883
4.47854
4.29452
4.18109
4.40845
4.42354
4.44430
4.49025
4.45182
4.43018
3.99590
4.04492
2.53655
4.44162
4.14063
4.05237
2.98818
4.01511
4.10394
3.87632
3.37318
4.32440
4.35806
3.85779
4.24433
3.95611
4.42146
3.85650
4.28492
3.96203
3.74221
3.41498
4.32853
3.31178
4.31055
4.15189
4.12527
4.23476
4.44365
4.50415
4.44017
3.95595
4.42123
4.10848
4.44181
3.97976
4.16938
4.05667
4.31409
4.32478
4.31488
4.36909
3.54276
4.20853
4.17823
4.34682
3.80305
4.32883
4.27333
4.36381
4.32838
4.22769
3.75311
4.23446
4.33626
4.46243
3.98897
3.24168
3.21419
4.15392
4.01829
4.10039
4.29565
4.25498
4.21094
4.35829
1.96679
4.39197
3.81258
4.20244
4.19427
4.34415
4.25077
4.14483
4.43978
4.26351
4.20877
4.36078
3.93552
2.32194
3.28081
4.16206
4.48798
4.30251
4.36280
4.25855
4.29464
4.47669
3.81916
4.17214
4.43696
4.19161
3.94656
3.90548
4.43076
4.09444
3.94988
2.91732
4.52216
4.42527
4.15744
3.95211
4.47852
4.11614
4.22456
4.03970
4.35710
4.39343
4.13834
4.42024
4.08722
4.41737
4.42022
4.36045
3.73251
4.32699
4.45000
4.33137
3.47857
4.38109
4.32738
4.45902
4.32346
3.74290
4.36850
4.14688
4.20919
4.24025
4.29867
4.49628
4.34758
3.85638
2.61469
4.21005
4.30451
3.77623
4.40428
4.41126
3.72101
4.15160
2.28458
4.18301
3.36557
4.21505
3.89054
4.35280
4.39958
3.45785
4.08422
3.97546
4.47240
4.28920
3.72238
4.39016
3.87585
4.41730
3.66654
4.22672
4.02662
4.45949
4.27305
4.28313
4.26225
4.36227
4.13596
3.75292
3.95025
4.20987
3.92378
4.11147
4.44810
4.25982
3.98105
4.24179
2.84575
4.49280
4.43288
4.29989
4.47021
4.50652
4.12854
4.39045
4.24080
4.37790
4.39946
3.98348
3.92458
4.43547
2.32128
4.44520
4.42995
2.93186
4.42552
3.50639
4.17327
4.38674
3.34430
4.34108
4.13416
4.20458
3.56979
4.28673
3.86474
3.77989
3.99282
3.76652
3.86401
4.14684
4.14889
4.45649
3.84440
4.45853
4.32645
4.28475
4.27438
4.29519
2.92378
4.33749
4.20439
4.14497
4.40608
4.33421
4.46557
4.42702
2.64417
3.69036
3.73964
4.06380
4.33832
3.63995
4.26060
4.34513
3.71825
3.75394
2.86007
3.89837
3.88188
4.38299
3.93147
4.25247
4.38950
4.10895
2.22764
4.41811
4.01893
3.72053
4.39806
4.15879
4.44918
4.46215
4.11996
4.49176
3.49592
4.31435
3.41545
2.81619
3.95570
4.28584
3.89345
4.38592
4.32222
4.42316
4.39699
4.33766
4.08694
4.23922
4.39267
4.46056
4.37820
4.35723
4.41395
4.29430
4.37609
4.37707
4.08366
4.19905
4.00789
4.44706
4.39781
1.61753
4.49534
4.36700
4.19842
4.42853
4.31428
4.45631
4.06434
4.31982
4.24878
4.23073
4.26960
4.39602
4.21311
4.37358
3.75181
3.93282
4.19450
3.82070
4.33375
2.56241
4.23490
4.28201
4.31144
3.66534
4.34994
4.43105
4.38617
4.44544
4.15601
4.38674
4.47240
4.38389
3.83931
4.35706
4.49352
4.31242
4.06317
3.84201
3.74219
4.18376
3.25312
4.39990
4.32158
4.27946
4.47754
4.12725
3.76218
4.26926
4.39301
4.31088
3.46346
3.57156
4.30601
4.35340
4.36390
4.18276
4.35408
4.34504
4.32356
4.42830
3.17282
4.39889
3.79997
3.83901
3.79470
3.36700
2.96469
1.62416
4.43553
4.42738
4.30340
4.20244
4.25061
4.34514
3.25821
2.97055
4.20983
4.46898
4.23373
4.20506
4.38548
4.44079
3.14665
4.17828
4.37503
4.28760
4.46064
4.36864
3.97998
1.72869
3.94208
2.69454
4.38452
3.66354
4.47675
4.06257
3.50727
3.57972
4.42305
4.08014
4.46832
4.32100
4.40255
4.38849
3.56372
4.41929
4.03500
4.38650
4.05649
4.37019
2.30651
2.70986
4.37711
3.32990
4.22873
4.41874
3.58280
4.42728
4.18285
4.41697
4.45179
4.35881
4.24560
4.30808
4.01964
3.97126
3.97554
2.64487
4.40695
4.38591
4.36085
4.38405
4.48451
2.56621
3.67869
4.22767
4.38018
4.31632
3.98564
4.50165
3.46111
3.92122
3.94397
4.30670
2.77829
3.75199
4.42345
4.37893
3.86615
4.13699
3.93371
4.42123
4.35663
4.30905
4.12867
4.41743
3.29092
4.46258
4.29632
4.42036
4.11888
4.07304
4.42967
3.72950
4.03432
4.26693
4.40986
4.15485
4.42489
4.20858
3.45869
4.45703
4.46939
4.45116
4.20666
3.01555
4.14126
4.41572
4.34193
4.42519
2.51869
3.03558
4.36019
4.35669
3.93112
4.27094
4.42660
4.51048
3.84068
2.18440
4.47109
4.21593
4.18378
4.35648
4.41239
4.22634
4.49838
4.44477
4.36391
4.37836
4.43085
4.09305
4.34550
3.97887
4.38382
4.32017
4.04121
4.15069
4.07233
4.42431
3.57302
4.40697
4.38064
3.99814
4.33687
4.19199
4.24624
4.49574
4.44404
3.51652
4.39290
3.21329
4.21750
4.38328
4.43451
4.39897
4.08302
3.87295
3.51899
2.68794
4.26112
4.32820
4.45922
4.14923
4.39648
3.92530
4.51339
3.51934
3.94601
2.91101
4.49405
4.48474
4.15736
3.33481
4.28294
4.14654
4.44133
4.25065
2.50556
4.16947
3.87702
2.84566
4.43042
4.11796
4.44352
4.33233
4.50388
4.27729
4.10117
3.41758
2.88306
3.74899
4.34441
4.43637
3.87089
3.83920
4.21909
4.44993
4.48265
4.47259
4.24611
3.38589
3.96015
3.64867
2.32981
4.48066
4.18704
4.42081
4.35663
4.42334
4.17528
3.89430
3.93358
2.39525
3.99551
3.74480
4.33738
3.59683
4.13431
3.79676
2.74432
3.55776
4.35113
4.41086
4.22047
4.10064
3.97535
4.10065
3.51253
3.96559
4.25879
4.42950
4.32301
4.26173
4.43845
3.61787
3.92249
4.42371
4.45888
2.23423
4.37562
3.06551
4.44507
4.25500
3.60396
4.03448
4.14695
4.03008
4.42592
4.33533
4.09337
4.31609
3.98261
4.33118
3.47832
4.51059
4.33555
4.08018
3.99766
4.44616
4.42393
4.07912
4.42540
3.85058
4.46026
4.34416
4.31787
4.32588
4.19615
4.31651
4.20142
4.33193
3.91293
4.27796
4.41164
2.60177
4.49893
3.64380
4.36207
2.98153
3.86736
4.33312
4.28067
4.40788
4.25473
3.83131
4.36157
4.26879
4.42122
4.42081
3.89159
4.25189
3.82832
4.32946
4.08149
2.59897
4.03031
4.42032
3.03803
4.17118
4.38313
4.23456
3.06127
4.08509
4.35010
4.29464
3.97748
4.25253
4.23280
4.27599
4.11332
2.85070
4.36065
4.46706
4.35757
4.48412
4.48247
4.30017
4.27654
4.43295
4.40136
4.36992
4.39046
4.44011
3.86761
4.19255
4.19426
3.94442
3.90208
4.29368
4.46754
4.50505
4.36921
4.27754
4.38791
4.38356
4.48827
4.36731
3.70157
4.32984
4.03956
4.43156
4.28838
4.22728
4.28115
4.49051
4.13610
4.39639
3.03889
2.13306
4.23311
4.16446
4.34353
4.09176
4.21340
4.34206
4.29443
4.46436
4.40691
4.00214
4.21241
3.52037
4.41963
4.29312
3.65227
4.21740
4.28660
4.41004
4.14095
4.27409
4.41595
4.38890
4.12617
3.87528
4.29878
3.85199
4.42859
4.48120
4.40968
3.44865
4.38438
3.33700
4.25319
3.68849
4.22856
3.34668
3.24797
4.35308
4.27498
3.70973
3.70313
4.44187
4.30904
3.94533
3.98265
3.98122
4.49074
4.44600
4.39838
4.33174
4.17914
4.19137
4.43741
3.86071
4.34441
4.34528
4.31199
4.17849
3.79838
4.37216
2.60815
4.37026
4.31809
3.92844
4.32191
3.78455
2.31161
4.11424
2.99515
4.40066
3.83860
4.13231
3.97162
4.12188
4.17817
3.95185
3.97592
4.47501
4.41302
4.31344
2.78022
4.20359
4.31780
3.84496
4.35621
4.36556
3.95062
4.47251
3.90554
4.28556
4.10050
4.18738
4.14272
3.88012
4.41339
4.42937
4.01368
3.04764
4.38114
4.32769
4.42895
4.27243
4.10029
3.72568
2.61335
4.44776
3.47146
4.20583
4.26607
4.43995
4.38021
4.37501
4.38956
4.28589
4.09422
4.23355
4.09856
4.27448
4.37288
4.40195
2.23771
4.13371
4.33980
2.70967
4.48874
4.32474
4.34522
4.04234
4.23038
4.44048
4.38150
4.34837
4.15895
4.03281
4.20044
4.21863
4.41898
3.76031
4.22826
4.26988
4.41350
4.51200
4.48039
2.46876
4.16037
3.86735
4.46987
4.40962
3.89421
4.08888
4.06942
3.54126
4.42207
4.46160
3.97064
4.29850
4.30429
4.35170
4.42184
3.94976
4.46215
4.41857
4.27161
4.40404
3.66359
4.36984
3.67937
4.33143
4.28006
4.34869
4.00996
4.40365
3.93112
4.20266
4.38303
4.06245
4.46138
4.30498
3.62432
3.79834
4.27070
4.41151
4.31187
3.91756
4.38757
3.98025
3.99179
4.12385
3.66110
4.21528
4.32694
3.72275
4.38870
4.31150
4.18015
4.30714
3.84883
2.73871
4.50994
4.38117
3.94966
3.59795
3.59388
4.53579
4.31437
4.22605
4.24397
4.43190
4.48082
3.81351
4.06016
3.79585
4.21513
4.24831
3.06618
4.34886
4.41403
4.30503
4.32319
3.45818
4.09993
4.38122
4.21731
4.12051
4.20326
4.11666
4.44450
3.86687
4.32596
4.24889
4.07132
3.93049
3.11525
4.38379
3.87933
4.37712
3.30770
4.41534
4.16502
3.90596
4.00616
4.08255
4.32215
4.45741
4.40492
4.43567
4.41558
4.23699
2.95338
4.46066
4.01798
4.48521
4.21992
3.84743
4.45804
4.45327
3.97644
3.65178
4.31157
4.43622
4.34953
4.20365
4.46794
4.12459
4.39125
4.07632
4.32242
2.59066
4.20214
4.23104
3.65030
4.11110
4.15933
3.42149
4.04116
4.26586
4.30414
4.29785
2.85545
4.38433
4.40869
4.26034
4.36500
3.79828
4.39520
4.40936
4.29548
4.44677
3.77091
4.30118
4.25513
4.43099
1.97833
4.48199
4.00844
3.07653
4.11904
3.58197
4.14480
1.43958
3.54352
4.12394
4.32300
4.16327
4.43588
4.23195
3.84593
4.19558
4.46116
4.22087
4.13321
4.37673
4.25096
4.15419
4.15155
3.63595
4.11334
3.79093
4.45829
4.35878
4.07643
4.35659
3.80933
2.34551
4.30658
4.21130
3.59287
4.03853
2.01629
4.45675
4.44646
3.87131
4.35478
3.73557
4.07364
3.80782
4.45153
4.28183
4.15287
4.18456
2.57577
4.23175
4.17378
3.60048
4.05341
4.38957
3.84657
4.39207
4.05620
4.37125
4.42577
3.90559
3.55367
4.08405
3.93539
4.26872
4.49418
4.16910
4.10420
3.72901
4.30943
4.27553
3.82031
4.32018
4.32276
4.44952
3.73363
4.24621
4.29600
4.21151
3.92663
4.42271
3.08965
4.41028
3.00898
4.40288
3.53002
4.30684
4.29100
4.06397
2.43396
4.10322
4.44624
4.21159
3.27601
4.22960
3.95432
2.15459
4.50238
4.26342
3.33886
4.13313
3.71456
4.44221
4.29465
4.34296
3.60898
4.32817
4.36440
4.22518
4.21829
4.35089
2.93919
4.30266
4.02072
4.26904
4.35999
4.35129
3.91025
4.43600
3.77733
4.33117
3.88685
4.22123
4.41841
4.15915
3.26988
3.40422
3.92881
4.41677
4.31299
3.20482
2.81474
4.38404
4.25316
3.82894
4.45343
4.34941
4.41720
4.30903
4.28212
4.04605
4.30423
4.29599
4.03918
4.34318
4.35921
2.55541
4.12650
4.24066
4.32952
3.72123
4.18978
4.38209
4.14737
4.14914
4.37758
4.33905
3.57633
4.14426
4.28985
4.30019
1.72305
4.29418
4.38086
4.25971
3.98638
4.17610
4.39142
3.88323
4.25768
4.33472
3.68290
4.37578
4.25875
4.36696
4.35219
3.40330
4.01201
4.37432
4.34901
4.12887
4.02193
4.12603
4.45909
3.72102
4.19224
4.21736
3.36558
4.22761
4.03345
3.63355
3.70376
4.36570
4.13064
4.24759
4.46140
3.46887
4.45947
4.02573
4.34100
3.86070
4.02444
4.34605
4.31905
4.26460
4.40383
3.59689
4.37875
4.39896
3.45172
4.31050
4.43287
4.29941
4.30781
3.80704
4.28727
4.40362
3.60483
4.36057
4.19541
4.35774
2.18849
3.94699
1.97886
4.47027
2.86466
4.39052
4.28519
4.08987
4.39261
3.35205
4.21515
4.44998
4.12466
4.22084
4.49391
4.39260
3.90407
4.37098
4.14406
4.35911
4.43707
4.32526
4.18511
4.19165
4.03983
4.37495
4.14015
4.16515
4.27358
4.17862
4.44525
4.00904
4.42749
4.37030
4.29068
4.17071
4.40997
3.99090
4.05774
4.18749
3.94770
4.45710
4.10718
4.47767
3.67193
4.18426
4.33041
4.44232
2.88880
4.30294
4.34441
4.40588
3.86467
4.19091
4.26929
4.28369
4.01937
4.40480
4.37861
2.37850
4.11911
4.01640
2.30533
4.01197
4.44981
2.50078
4.45519
4.35303
4.39669
4.42499
4.10273
4.29934
4.20133
3.97518
4.41998
4.09716
4.21437
4.40927
4.49131
4.42239
4.42927
4.30995
4.47166
4.10577
4.14809
4.34737
4.08560
1.58436
4.39986
4.09619
4.23346
3.22244
4.27947
4.33673
4.22725
4.28359
3.58359
3.95113
4.28831
4.41591
4.28344
4.35487
4.32432
4.43033
4.20120
4.45786
3.68608
4.32024
4.24026
3.96622
3.74806
3.58238
3.83672
2.67862
3.55311
2.11522
4.30533
4.44715
2.93228
4.11821
4.35716
4.42052
4.36888
4.28857
4.39140
4.38363
4.44705
4.20620
3.99764
4.14336
4.32446
4.35712
4.21406
4.28856
4.04639
4.41955
4.33515
4.43825
4.41312
4.40616
4.27580
3.45251
3.73588
4.39073
4.10708
4.45192
3.87312
4.11335
3.52659
3.98665
3.96979
4.37846
2.64581
3.77873
3.84505
3.97611
4.32384
4.25308
3.36856
3.58130
4.39525
3.51237
4.18471
4.40699
4.12962
3.30105
4.37349
3.88617
4.43361
3.95150
4.37129
4.37741
4.09712
3.78294
4.12716
4.35264
4.44592
4.32077
4.45804
2.27772
4.39284
4.29425
3.92648
4.14626
4.35943
3.09627
4.19169
4.16071
4.23882
2.93750
3.79596
4.03914
4.33640
4.37805
4.13714
2.70267
3.92401
4.47441
4.29893
1.83970
4.48467
3.96806
4.36725
4.43293
4.28961
4.13912
4.45549
4.19516
4.33766
4.44838
4.38490
4.26324
4.39064
4.46663
4.46705
3.56459
3.99633
4.35532
4.30746
4.32680
3.77714
4.06576
4.31769
3.93249
4.42785
4.29866
3.72077
4.43381
3.76891
3.77415
4.17027
4.40664
4.48901
4.14472
3.09331
4.42110
4.39632
3.65760
4.13948
4.45558
4.30198
4.21078
4.39475
4.08089
3.90082
4.37771
3.94552
4.48822
4.47973
3.62291
3.97532
4.46542
4.39556
4.17872
3.72408
4.33458
4.15598
3.01053
4.36522
4.40075
4.28869
4.35913
4.03265
4.42224
3.90773
4.18149
4.25134
4.16770
1.98341
4.13962
4.46091
4.03586
4.41164
3.70845
4.06882
4.33845
3.80434
2.35738
4.14279
4.37115
3.89824
4.29400
4.20047
4.04091
4.34399
4.11430
4.37489
4.36367
2.08810
4.01968
3.33139
3.57079
4.28210
4.41460
4.46810
3.82036
4.03511
4.34651
2.83481
3.11116
4.45456
4.19611
2.96544
4.43027
4.36479
3.91819
4.36888
3.12966
4.42022
4.10951
4.28494
4.32354
3.27947
2.14066
4.44104
4.35382
3.76862
3.91150
4.07621
4.04876
3.27466
3.54441
4.43429
4.30618
4.42207
4.17416
3.86127
3.92174
4.49565
3.76557
4.51224
2.64718
3.57809
4.38826
4.14401
3.94645
4.37250
4.29741
3.85086
4.39568
4.40752
4.26913
4.02517
4.20938
4.11951
3.62385
4.40551
4.10083
4.25878
4.26022
4.43642
4.02781
3.99208
3.92096
4.35640
4.31538
4.39718
4.13169
4.33872
2.55575
4.40802
4.23130
3.75856
4.20994
3.49703
4.21399
2.71578
4.16787
4.08901
3.87060
4.25235
4.48623
4.20166
3.26783
4.31775
3.79914
4.35724
4.41548
4.25568
2.99477
4.43287
4.46940
4.12074
3.90887
4.26024
4.46422
3.29921
3.70470
4.35826
4.12222
4.12744
3.92969
4.09792
4.07009
3.50798
4.15390
4.22502
4.08984
4.43498
4.18595
4.19366
4.45824
4.36017
4.36869
4.18530
3.98940
4.40084
4.42779
1.81228
4.36301
4.32358
4.40065
4.19065
4.44824
3.88958
4.28691
4.18772
2.19904
4.40732
3.91671
3.77933
4.46617
3.84810
4.36872
4.38127
4.17418
4.31573
4.28402
4.38161
4.15594
4.23566
4.35709
3.61658
4.10909
2.43896
4.06686
4.43122
3.74584
3.93063
4.32409
3.74484
3.93053
3.99678
3.61914
4.39713
3.85719
4.34371
3.07216
4.47572
4.35250
4.16695
4.22462
3.68317
4.23124
4.12902
4.44431
4.34767
3.97662
4.20556
3.16256
4.23797
4.10389
4.35535
4.10853
4.38824
3.70985
4.21103
4.42637
4.30365
4.42693
4.39507
4.00860
3.86854
4.31358
4.09052
3.76573
3.89987
3.96977
3.54941
4.03291
4.35564
4.17433
3.48424
4.39636
4.17507
2.83003
3.91092
4.40947
3.87266
4.08008
3.93573
4.39120
4.47406
4.28638
4.10384
4.08537
4.17712
3.96893
4.17949
4.46563
4.17575
4.25418
3.45788
4.01536
4.14655
4.31166
4.44530
4.40913
3.99212
2.63110
3.88650
3.82309
4.35365
4.14055
4.19271
4.45230
4.37480
4.20457
4.40198
4.51213
4.47349
4.20489
4.33303
3.98944
4.34325
4.46046
4.34587
4.03574
4.37741
4.04842
4.23066
4.26920
4.33944
4.40777
3.99430
1.67474
4.43537
4.19197
3.28508
3.04408
4.34446
4.12709
3.52313
4.45862
4.06115
4.38045
4.32555
4.19345
2.29586
4.37105
4.20745
4.11455
4.07045
4.47681
4.23111
4.43311
3.58339
4.46532
4.20379
4.11692
4.43132
4.08346
2.91643
4.37082
4.36509
4.31990
3.75868
4.32712
4.34640
3.75340
4.14061
4.37273
4.49126
3.63142
3.12084
4.32033
4.05344
4.48752
4.43583
4.46167
3.53065
4.34851
4.39511
4.30554
4.30902
4.37546
3.99023
4.02693
3.21896
4.42220
4.42172
4.03462
4.42638
4.38410
4.16561
4.03303
3.34546
4.39021
4.45251
4.44508
4.35928
4.47418
4.37764
2.38343
3.96362
3.44813
4.33142
3.57145
3.93185
3.63901
4.41821
4.37829
4.25919
4.17532
4.27374
4.44226
4.05379
4.42834
4.23959
4.34885
4.48326
4.36970
4.18463
4.25291
4.38826
4.48315
3.90837
3.90970
4.47647
4.20523
3.77903
4.05376
4.30399
4.40858
4.43235
4.42259
4.13624
3.88207
4.39320
3.61886
4.31137
4.16328
4.35381
4.30247
4.03761
4.33645
3.74582
4.51382
4.44904
3.93562
2.90649
3.86231
4.40597
4.37378
4.35892
3.57287
4.42203
4.31433
4.41840
3.61796
4.35472
4.40301
2.12538
4.44303
3.99445
4.42908
4.28949
3.66106
4.07939
4.03788
4.40784
4.08510
4.39100
4.17942
4.36820
4.42742
4.47563
3.95538
4.28009
4.41884
4.27028
4.04561
2.15827
4.15146
4.47489
3.50212
4.45783
3.99072
2.81807
4.23066
3.98278
4.07915
4.44607
3.83072
3.56321
3.20409
3.95991
4.35457
3.66184
4.34669
4.40562
4.38737
4.20091
2.43752
2.97048
3.37623
4.23325
4.12351
4.08096
4.34789
3.25018
4.13177
4.38773
4.30288
4.06258
4.47440
4.18404
4.36089
4.51037
4.38670
4.21249
4.31469
4.19376
4.23082
3.77106
4.03811
3.87216
4.47948
3.33370
4.40042
4.35260
4.22179
4.15047
4.44175
4.25942
4.11944
4.37907
4.32674
4.38507
4.33017
4.17822
4.22130
4.43161
3.68544
2.31175
3.82218
4.25815
4.14526
3.29133
4.34110
4.34636
3.80669
4.31571
3.36257
3.38685
4.30186
4.38904
4.24478
4.40072
3.27518
4.25037
4.11293
4.42658
4.38195
4.22239
4.22041
3.76065
4.37495
4.43198
4.34351
4.19059
3.98548
4.42462
3.70244
4.38615
4.04519
4.48087
4.35236
4.32000
2.23634
2.88768
4.48497
4.18332
4.29423
2.55696
4.33687
4.34710
4.31504
4.44613
4.48516
4.34403
3.90386
2.74743
4.46006
3.93362
4.32959
4.45123
3.99512
4.38654
4.41874
4.37084
4.02677
4.27527
4.15753
4.23187
4.19479
4.13205
4.22701
4.36925
3.44270
4.00489
3.20992
4.19851
4.35550
4.45553
4.40768
4.02345
4.05997
4.46672
2.88145
4.27778
4.06004
3.91285
3.33102
4.35641
4.47039
4.48352
4.28488
4.36677
4.43096
4.30044
3.96480
4.08300
4.40969
4.23892
4.30050
4.47161
3.57569
3.91083
4.16529
4.08387
4.23619
4.43863
4.39437
4.44515
3.92385
4.30151
4.36177
4.27374
2.47077
4.36898
4.02126
4.33360
4.44340
4.25300
4.02495
4.06571
3.82815
3.85776
4.10640
4.35371
4.43552
4.45524
4.42779
4.46705
3.96794
4.34483
4.43224
4.04560
3.96239
3.37517
4.46578
4.16766
3.89840
4.47218
3.74500
4.39497
4.07825
4.24209
4.29911
4.05320
3.87127
4.44091
4.41005
4.52743
4.27570
4.28038
4.41941
4.46982
4.24341
4.24803
3.26638
4.32469
4.35833
4.40386
4.21227
4.40533
4.52098
4.30379
4.41495
4.38124
4.41323
4.38263
2.94080
4.39001
1.97323
4.37285
3.50721
3.70292
2.75367
4.17529
4.43034
4.06916
4.35224
4.45143
4.26213
4.20789
4.43821
4.40115
4.41576
2.42380
4.37999
4.26672
4.37794
4.44878
4.48086
4.25487
4.30266
2.68844
4.13597
4.32682
4.49808
2.59775
3.16409
4.44842
4.09672
4.02116
2.72622
3.43991
4.12023
4.12972
4.08249
4.36266
4.09044
4.44728
3.58885
4.01434
4.36213
4.30445
4.42650
3.48677
1.88033
4.11158
4.12158
3.12526
4.26694
4.05552
3.39574
4.21865
3.92074
4.38688
4.41036
4.30327
4.02037
4.47961
2.95979
4.40546
4.48400
4.03546
4.33668
4.45138
4.44805
4.25511
4.34998
4.42947
4.40166
3.54285
4.37979
4.37479
4.37421
4.24664
3.47330
4.41766
4.22767
4.06276
3.06062
4.32945
3.68371
3.94367
4.42677
4.37646
4.43800
3.74186
4.15928
4.42565
4.46148
4.44291
4.30024
4.12206
3.81592
4.29454
3.91317
4.26911
4.40505
4.38674
4.27008
4.30113
4.38382
4.42349
4.22644
4.07104
3.83235
4.22736
3.30698
4.35774
4.33372
2.26043
3.94311
3.94209
4.40396
4.15201
2.41135
3.59302
4.28147
3.65356
4.16747
3.46844
2.70852
3.91304
4.17958
4.29018
4.39097
2.46462
4.17194
4.32718
4.37543
3.92518
4.39277
4.27107
4.25918
3.99805
3.93503
4.06652
4.13833
3.53148
3.41334
4.36541
3.40886
3.70567
3.21674
4.49483
4.34384
2.61705
4.36673
4.46255
3.99257
3.48636
3.56947
4.06499
4.06367
3.62355
4.29230
4.12448
4.50479
4.42436
4.30522
4.41458
4.42187
4.43702
1.73170
4.30637
4.44868
4.11341
4.46852
3.99624
4.40558
4.43543
4.13560
2.97563
4.14421
4.10474
3.90134
4.40704
4.45757
4.32344
3.44527
3.86184
4.43750
3.53022
4.22734
4.44812
3.89452
4.27016
4.39467
3.73899
4.34129
4.34095
4.48139
4.34761
3.14229
4.38678
4.46651
4.20760
4.36573
4.12319
2.05065
3.02479
4.29947
4.38569
4.21696
4.34750
4.48045
4.31425
3.12120
3.92648
4.34735
4.39985
4.47830
4.35676
4.36705
4.21455
4.45486
3.22800
3.50441
4.31970
3.22018
4.12931
4.27072
4.46958
4.30518
3.71514
4.33296
4.42725
4.38834
4.27846
4.34791
4.25992
4.30644
4.02935
4.41962
4.44169
4.33699
4.24903
4.27441
4.46313
4.31087
4.39858
3.93365
3.80969
4.37687
4.42812
4.43149
4.43849
3.05619
4.30572
4.40096
4.49272
4.38018
4.49314
4.37513
4.41942
4.26403
4.39782
2.53071
4.44046
4.45741
4.10754
3.91963
4.40213
3.72185
1.82763
4.33263
4.39977
3.79217
3.62307
4.41808
3.61184
3.97917
4.36311
4.01498
4.16872
4.42074
2.24963
3.33629
4.21352
4.27401
4.50503
4.25293
3.66168
4.20144
4.20794
4.32181
4.23368
4.39451
3.53358
4.43892
4.48195
4.46049
4.29219
4.42914
3.79849
4.39855
4.16629
4.30282
4.41523
4.39799
4.37605
4.25292
4.38591
4.23475
3.33157
4.36595
4.44369
4.32097
4.10367
4.34002
4.28395
4.41597
4.39517
1.79176
4.22264
4.39992
3.85065
4.14545
4.47463
4.33222
4.38100
4.48350
4.31833
4.33637
4.22654
4.35139
4.15828
3.51762
4.40893
4.20855
3.80659
3.62593
4.43343
4.42262
3.75820
4.20449
3.65116
4.49578
3.80781
4.38806
4.39191
3.96534
3.47113
4.31610
3.56454
2.54618
4.26881
4.35523
4.26856
3.99712
4.39065
4.35806
3.90270
4.43731
3.70279
4.42551
1.84541
4.41113
3.68047
4.43254
3.97386
3.81857
4.34952
4.22405
4.38100
4.19560
3.81397
4.34433
4.45470
4.45706
3.60204
4.33827
2.45522
3.97132
4.14412
4.10899
3.75809
3.98324
2.94164
4.11133
4.19054
3.26519
4.23696
4.34587
4.42185
4.44158
3.24045
2.61172
4.30865
4.13023
2.34091
4.37011
4.22946
3.99981
4.37041
4.31353
4.26038
4.34552
4.42103
4.44924
4.50528
4.04652
3.95950
4.35755
4.50012
4.31759
4.34034
3.72030
4.30733
4.28080
4.32637
4.25258
4.46755
2.02145
4.24923
4.19791
4.19428
3.53735
4.46785
3.70771
4.46364
4.33591
4.09678
4.18437
4.45204
3.03426
4.06419
3.84312
3.85674
4.33921
4.35503
4.42141
4.04061
4.30461
4.04209
4.42143
2.89579
4.23870
4.02365
4.07763
4.41447
1.66908
4.15933
4.21006
4.26556
4.10118
4.35446
4.35376
4.07855
4.49446
3.81820
4.39170
3.40162
4.47283
3.95583
3.96130
4.30564
3.89124
3.77837
4.01517
4.37698
4.26080
2.84717
4.21398
4.37935
4.05434
4.32412
4.50559
4.15097
4.12180
4.45131
4.28566
4.39874
3.81000
3.78819
3.50912
4.37281
4.01655
4.09954
3.96338
4.17685
3.91352
