1.77329
0.67046
1.87807
1.50051
0.42218
2.14649
2.96648
2.69853
1.17030
0.91714
2.58280
2.23903
0.88837
0.01200
0.04911
0.00879
0.01788
0.87601
0.00054
0.00433
0.05749
0.10875
1.38321
3.41778
1.27457
0.01222
0.00002
0.00250
0.44459
3.34599
0.04794
0.85960
1.39384
2.44682
1.03374
2.97019
0.80995
2.20535
1.56643
1.05137
1.06264
2.58618
1.36265
1.64081
0.00024
0.51048
0.23518
0.08165
2.92663
2.97275
0.84573
1.06222
0.00038
0.70505
0.11124
0.59706
0.39003
0.15150
0.31573
0.51910
0.10353
1.25131
2.12469
2.17873
2.23076
0.67883
0.40122
1.43446
1.11406
0.19015
0.57905
2.00443
1.65086
2.15582
0.32783
0.32876
0.00033
0.03771
0.11934
0.85442
0.11550
0.07815
0.00310
0.62712
1.22820
0.11208
0.16556
2.14094
1.30971
1.57982
0.13228
0.31669
2.98967
0.56893
0.87648
2.36527
2.39971
1.72060
1.18816
3.42992
0.92816
1.06351
1.48612
2.82439
1.92253
0.00030
0.00178
0.06785
0.77751
0.83398
0.56834
0.06807
2.08077
1.16439
0.05287
0.15114
0.70552
0.60422
0.52999
0.02955
1.03934
2.76308
0.63777
0.72188
0.08428
1.14890
2.52791
2.39697
0.10905
2.63633
1.75513
0.15771
0.18853
1.59627
3.18320
0.25152
0.20051
2.63185
0.29482
0.01546
1.25334
0.89329
0.07982
3.34702
0.77581
0.28495
1.61979
0.00002
0.08135
0.46245
0.80280
0.26250
2.68321
2.59472
0.97067
0.83694
0.25601
0.53527
2.57429
0.89991
0.27043
0.01139
1.61293
1.68171
2.71797
1.33953
0.00070
2.59888
0.15754
0.93677
0.99633
2.81848
3.06470
1.36684
0.17570
0.61103
2.35267
1.04401
0.09268
0.04876
0.09342
1.88744
0.07604
0.10349
1.30352
0.25722
2.91291
0.31947
1.02819
0.23803
0.15627
1.36223
1.13808
0.05813
0.00923
0.09614
1.06519
1.45761
0.03455
0.29165
0.04981
0.12746
0.02624
0.02252
0.14185
0.32099
0.17141
0.00171
0.05489
2.64805
2.08768
1.80072
1.70522
2.86103
0.00415
2.22940
1.52788
1.08141
1.40804
1.24027
0.15179
2.69673
2.84180
0.05619
2.78947
2.45636
0.04355
0.08473
1.23064
0.85342
2.09971
0.07460
1.43299
0.02579
0.65233
2.35855
2.33236
1.11203
0.00001
0.08633
0.01121
0.01243
0.15664
2.54841
1.51016
0.37811
0.03763
1.18504
3.36197
0.16430
0.24576
0.78123
1.42446
0.00101
0.96438
2.21463
1.26474
1.14820
0.86163
0.43525
0.34127
0.09701
2.89870
0.81399
2.20975
2.37543
2.08272
1.95729
0.63522
0.87186
0.49983
0.14492
1.55906
1.80758
2.21795
1.06347
0.68133
2.66630
1.57078
0.00706
0.75196
0.11334
0.71685
0.20928
0.83799
0.06954
1.31356
3.03910
0.34827
0.29449
2.67480
2.77635
0.50740
1.30301
1.24681
0.08373
1.01055
0.14714
0.66516
1.60953
1.58197
0.59225
1.29612
1.72678
2.04508
2.24706
0.01799
0.04365
2.24478
0.55963
2.31796
0.44060
0.02257
1.16667
2.18700
3.68824
1.00502
1.10324
0.03584
0.03065
1.30861
1.96706
3.03391
0.05007
0.05743
0.60334
2.89970
0.04406
0.42949
2.99648
0.03856
0.31373
0.18857
1.01039
0.57548
0.71996
2.14335
2.07841
1.13282
1.58890
0.51936
3.32728
0.25860
0.05282
1.03733
0.37506
0.58034
1.11429
2.68474
2.52456
1.33278
2.87936
2.29063
1.09981
0.10422
0.59415
1.08744
1.19812
1.26174
2.51930
0.03126
0.00022
2.71395
0.07613
0.03227
1.08737
2.94173
1.09905
2.87979
2.24427
1.23974
0.00458
0.11226
1.34962
1.99678
3.15562
0.61579
0.00868
0.00050
2.98262
0.25874
0.06271
0.00323
2.88143
0.07095
2.52843
0.59824
1.86138
0.89056
1.25538
1.57680
0.74443
2.56992
0.25817
2.91567
0.74609
2.87219
0.27231
0.64123
0.83624
2.25537
2.57423
2.45530
3.05570
0.56251
0.96210
1.54146
0.08537
2.46634
2.84702
0.85017
2.47898
0.16809
2.89132
2.26884
1.39681
3.08648
0.10606
0.06252
2.23920
3.11020
2.66834
1.55328
0.84097
0.74896
0.03783
0.55552
0.40225
2.77711
0.51501
3.14545
0.47971
2.63346
0.30136
1.39785
0.57521
1.24824
1.56468
0.53297
1.44624
0.26417
0.00326
2.46317
0.16738
1.23221
0.21541
0.60384
0.52066
0.92736
2.34211
1.28602
2.37840
0.48584
0.07101
2.64149
1.77018
2.32371
0.83128
0.74051
0.65919
1.64075
0.00017
0.59876
2.66216
1.47408
2.57146
1.09187
1.52057
0.70331
0.33311
0.16944
0.17423
1.62512
0.11685
1.95225
1.25406
1.06815
2.71328
2.33993
0.81924
0.17540
0.00662
2.35043
3.39894
0.08265
1.11937
0.57065
0.73508
2.66426
2.60636
1.24719
0.87387
0.65891
1.22224
0.19130
3.08994
2.45978
3.11225
1.81878
0.07749
1.24312
0.58289
0.78254
0.87897
2.04869
0.04912
0.72929
0.33453
0.03239
1.14764
0.05750
0.76897
2.22864
2.53269
0.29695
0.00015
1.79456
0.40699
1.36803
0.01341
0.32077
1.62505
2.95127
1.97875
0.20340
0.27584
0.68294
2.04657
1.64617
2.24479
3.29131
0.04650
0.00526
1.00943
1.23275
2.01609
0.23532
1.26893
0.05003
1.30695
0.96039
2.01648
0.20482
0.10787
2.49812
1.35237
0.26068
2.27426
1.41329
1.46173
1.73170
1.85668
0.73848
1.94837
1.32312
0.31240
0.55251
0.37093
2.93143
0.41983
2.36417
0.78367
0.21071
1.35954
3.37090
0.91306
0.79134
0.83665
1.43763
3.52347
0.82091
0.06115
3.34107
0.87903
2.77425
3.03762
3.04506
0.17136
3.05129
0.44798
2.89767
1.40148
0.02352
0.74689
0.09600
0.11844
1.64472
2.58858
0.28621
2.11253
2.73862
1.94995
0.02737
0.01495
0.60906
2.26665
2.78461
0.62097
1.71374
1.79318
2.78801
0.66698
0.02341
3.55796
1.05591
0.35195
2.98272
1.31719
1.32507
0.97090
2.01191
0.00979
1.22839
2.23744
0.13552
0.05382
2.22285
1.05192
0.06298
0.68575
1.48175
0.00001
0.08181
0.55046
0.31848
2.85133
0.04113
3.55743
0.54207
0.00127
3.53052
1.94192
0.94816
2.41579
1.74379
0.60863
0.24572
0.01404
0.23966
1.01687
2.80216
2.02091
1.24754
0.74098
0.02044
0.32678
3.66712
0.00069
2.62026
1.43145
0.14148
0.05451
0.02939
2.16443
1.17344
0.96309
1.05248
0.31626
2.50842
0.55809
1.74804
1.84893
0.26982
3.41745
0.32783
0.00000
0.33352
1.95896
0.41539
1.69360
0.61312
2.09698
0.00955
2.30898
1.86787
0.03766
1.49689
0.00646
3.28854
0.04349
0.03298
0.00878
0.37247
0.91653
0.01767
0.79844
1.76437
0.00484
0.32381
2.05223
1.74048
0.04559
0.10701
0.35530
2.25193
3.37963
2.53039
0.00314
0.62578
0.08536
2.40803
1.14025
2.79914
1.87301
2.58883
1.66435
0.26726
1.22424
2.86492
2.71302
2.22892
1.26698
0.71306
0.30524
0.00001
0.91310
2.21552
2.00878
1.03457
0.10431
1.96748
0.10010
0.00908
3.24796
1.28991
0.79303
0.10634
0.58508
0.02803
0.49484
0.15018
1.84494
2.76690
0.77859
0.00027
0.05178
2.08761
2.48814
0.00849
1.77113
1.83155
2.81452
1.80648
2.52687
0.77468
0.04570
0.00435
0.06023
0.97756
0.00020
1.57475
1.87152
0.13392
1.15645
2.86217
0.03837
1.07648
1.18274
1.64565
0.54942
3.33937
2.19995
0.43037
0.43856
2.59892
0.07258
0.54991
0.84763
0.00443
0.83349
0.15727
0.00623
0.10105
0.05398
0.41230
0.71762
0.35558
0.64785
0.67348
0.36629
0.42674
0.32557
2.73214
0.52319
0.62925
0.07426
0.24351
2.31308
0.00077
1.03130
0.00866
2.66998
1.49352
0.38511
3.10085
0.16768
0.73897
1.52518
0.64800
2.48643
2.10119
0.03509
1.19723
0.01146
0.63241
0.71077
1.46519
0.00183
1.50430
0.87337
2.63078
2.24532
2.63099
0.22468
0.94578
0.19571
2.21598
0.09303
2.35875
0.11758
2.31034
2.25549
2.36139
2.40020
2.46515
0.02775
1.39151
1.78529
1.08015
2.39548
0.34166
0.80695
3.16182
1.40302
0.01335
0.47833
1.11819
0.27756
2.54919
0.07617
1.20890
0.02957
0.91591
1.25829
1.32557
2.52091
2.09664
2.10081
0.14593
1.42183
0.54197
0.02896
1.78090
1.39388
3.18823
2.88814
1.72686
3.46869
1.98047
0.34549
3.13869
0.58977
0.10013
1.01217
0.00036
1.78781
2.11406
0.62619
0.04627
1.25718
2.94166
2.60967
2.80781
0.00006
0.29079
1.69417
0.05459
0.58619
0.03509
2.61978
1.41249
0.38709
0.73073
1.77876
2.50620
0.11096
3.28925
0.44111
1.43187
0.08630
0.00976
0.00482
1.49629
0.41666
0.80572
0.30087
0.00022
2.19123
0.64819
0.52649
1.78301
2.55300
2.68364
1.96042
2.86240
0.00463
3.12611
0.66312
0.75233
0.01810
2.16488
0.20548
0.03551
0.08070
0.79001
3.44919
1.02323
0.51590
2.62469
0.79995
2.30197
0.07648
0.22178
0.53054
1.53080
0.03744
2.11331
1.50359
1.14805
1.50635
0.08153
1.17503
0.59272
0.02580
2.88902
0.00139
3.21942
2.82842
0.00809
0.39685
0.64114
0.01124
0.31797
0.02431
0.06631
0.04229
0.85464
3.22700
2.65823
0.46204
1.01227
3.12125
0.00602
0.94022
0.88996
2.52765
0.25654
1.67009
1.72141
0.73762
2.25427
1.15633
2.33860
3.19802
0.01855
1.33128
0.12393
1.00350
0.18187
0.02678
0.00425
2.32242
0.84290
0.38953
2.34046
0.53300
3.62578
0.00887
0.19076
3.78011
0.47675
0.05712
0.04856
2.46468
1.55591
2.42954
1.79679
1.91681
3.37964
1.88479
0.11557
1.43808
1.28145
0.39379
1.41029
3.23234
0.14630
1.85261
0.03573
0.22519
3.32669
0.44809
0.05165
1.06749
2.05482
3.18988
0.26981
3.19398
0.76400
1.15233
0.10692
2.18519
1.09813
2.71007
2.13568
0.01058
1.18958
3.04433
0.41032
0.16655
2.05754
0.10322
2.80142
0.89299
0.36638
0.33597
0.05488
0.00801
1.39673
0.32254
0.06262
2.11783
1.49638
2.45461
1.77966
2.92454
0.42585
0.94304
1.32199
0.41548
2.22262
0.74776
0.84536
0.12185
0.09773
0.06417
1.53688
1.82333
0.18137
2.12925
0.22370
2.28711
2.85225
0.64429
0.41034
1.31086
0.20536
0.57740
2.64914
1.48311
1.38240
3.37988
0.01191
0.65557
0.25307
0.74930
0.64989
2.32575
1.20850
0.99337
1.33484
2.06355
2.60701
0.81902
0.21658
0.70337
0.43894
1.16361
0.00044
2.49567
0.68968
0.28159
0.83882
0.03062
2.19404
2.62668
0.02136
1.61515
2.43435
0.88539
2.07128
2.68334
2.09620
0.14154
2.82650
0.00924
0.04055
0.10332
1.09556
1.73750
0.62912
0.44593
2.10209
0.54367
0.00001
3.11253
0.06127
0.53219
2.34244
0.02383
0.06390
0.36523
2.39038
1.81766
2.14216
1.42145
0.22809
1.93980
3.21427
1.21050
0.36224
1.52706
1.44757
3.19553
1.68277
0.45846
2.72425
2.52940
0.10916
2.05439
0.73157
0.13646
1.07321
2.29705
1.85726
1.95663
0.01669
1.33678
1.27046
2.64857
2.16400
2.65340
0.09809
1.98472
0.09484
0.32509
1.80853
0.05680
0.53062
1.39243
1.23755
1.04055
0.87621
0.34415
1.58335
0.70247
3.52290
0.33194
0.81232
0.00421
1.51663
1.82506
2.79307
0.26827
0.37701
2.81685
0.73345
1.42958
0.31883
1.82415
0.50095
1.63503
2.06241
0.16777
1.08212
2.56197
2.14788
2.43923
0.00557
2.30359
1.75270
1.24346
2.36212
1.86770
0.40048
1.48078
1.74565
2.67179
1.92894
0.74369
1.23565
1.83992
2.89408
0.69538
0.36255
0.04358
2.39188
0.83266
0.95948
0.25231
0.11323
2.78021
2.07421
2.36960
0.01060
1.16698
0.70627
0.80863
0.60380
0.04876
0.04304
0.19665
0.03690
0.03883
0.09275
1.85925
2.00399
2.00902
0.30961
0.17463
0.87257
0.99846
1.85298
0.36943
1.36300
0.02703
1.30774
0.00306
0.28718
0.67810
2.02969
0.00151
0.04397
0.58180
0.03999
0.00173
0.35462
1.52875
1.57113
3.03613
2.43458
2.24115
2.07835
1.22817
1.64204
0.28642
0.21804
0.08797
1.61011
1.31891
0.50854
1.60148
2.59643
1.11266
1.01697
0.08329
0.63420
1.26556
0.51547
0.17194
1.01197
1.29252
0.03628
2.65253
0.00001
0.00235
0.45277
1.87548
0.07568
0.10737
0.70945
0.06006
2.08321
2.26844
0.45163
0.17407
0.25743
2.89717
0.53189
0.04526
3.25212
2.73766
0.60857
2.13830
0.71773
0.43095
0.04631
2.82923
0.56515
0.05650
2.10412
1.15436
0.12701
0.81674
1.47440
1.11825
1.95974
0.09581
2.80686
0.45509
1.69333
1.02165
0.98576
0.82605
1.64602
0.18894
0.06826
1.24138
0.60725
1.72728
2.42705
2.28668
2.74204
2.54896
2.63181
2.16213
1.87144
0.77677
0.00005
3.10120
0.09408
0.30618
1.57902
0.24161
0.75725
2.69996
0.01434
0.24990
2.46454
0.83927
0.05836
1.31807
2.75940
1.02130
1.88842
0.57983
2.64918
0.12080
0.45778
2.32168
1.26510
0.01334
0.03577
1.67367
0.00005
0.24411
2.36287
0.09982
0.70278
2.59969
0.77681
1.22404
1.85671
2.58177
0.03793
0.00006
1.33264
0.11191
1.20109
1.38078
0.01746
0.15602
0.00072
0.91080
0.03088
0.10840
0.74893
1.46970
0.42805
1.03438
0.56818
3.07782
2.66636
0.02913
0.24057
0.30558
0.07241
1.97322
1.87733
1.27064
0.01000
2.07949
0.04520
0.71537
2.54300
1.44734
2.28887
1.80430
1.79981
1.33871
0.66111
0.24566
0.66477
0.43312
1.50833
2.44243
1.64782
0.00298
0.19658
2.09604
2.78342
0.08443
2.39715
0.23099
0.03419
0.56877
1.07032
1.23432
0.56248
0.07256
2.68426
0.81972
2.59645
1.98779
0.39253
0.00754
2.22487
0.07341
2.27139
0.86105
2.08176
1.18247
0.46473
0.60355
1.07791
1.56968
0.02576
0.09706
0.05709
2.04334
3.02702
2.13765
0.93072
1.94191
0.37453
0.19815
0.04341
2.15182
0.01080
2.52774
1.38677
0.08538
2.14409
2.52077
0.36859
1.19722
0.38081
0.16339
0.57036
2.26352
1.50797
0.10251
0.58075
3.14142
0.44814
0.02182
0.35421
0.00536
1.80621
0.07205
2.41830
1.12932
2.46966
2.84455
1.81776
2.55145
2.23990
0.02318
1.09549
0.11884
0.03351
1.23627
1.01593
0.54911
2.23917
0.07461
2.41104
1.56871
0.62185
1.36627
1.61147
0.00064
2.81272
1.11995
0.29662
0.12352
1.15938
0.73276
0.13250
2.26819
1.95763
0.49433
1.37332
2.53735
0.33111
0.00805
2.87111
1.86069
2.52823
0.21096
2.88595
1.26761
1.31765
0.49401
2.73174
0.44852
1.23275
0.07736
0.11145
1.82380
0.03545
3.18862
0.83670
2.33726
0.02659
0.68435
1.34761
2.26156
0.09587
2.72314
1.78689
2.62967
1.35357
1.25431
2.88823
0.03815
0.25314
3.59730
0.00494
3.12210
2.22485
2.42634
0.57069
0.35016
2.46260
0.74784
1.00273
0.93112
2.19733
1.17762
0.09604
0.08861
1.67571
3.06341
0.73816
1.64919
0.00292
0.36716
0.27579
2.33735
2.64784
1.40645
0.05093
0.80150
0.96740
1.05351
0.49063
0.86617
0.36913
0.88293
0.65380
1.17961
0.04470
0.07716
0.96201
0.99070
1.09298
0.42306
0.22643
2.23482
1.28390
2.45704
1.92645
0.54453
1.33966
0.30519
1.80528
1.70993
0.00487
0.11608
0.91223
2.76428
0.12537
2.17009
0.40666
2.95357
1.56273
1.66148
1.69397
0.02679
0.51258
2.18829
0.37263
0.07891
1.73734
0.46994
0.69576
0.47963
1.58346
0.00001
1.11267
2.86180
1.34986
3.46167
0.14287
2.33011
0.00808
0.05928
0.88543
1.42675
1.34857
0.28439
0.28443
1.85387
0.35806
3.06783
2.27889
0.70528
1.08143
1.42479
0.05578
0.01070
1.95702
2.51173
0.12287
0.00947
2.23637
0.06200
0.26795
0.36998
0.22715
0.37747
2.94701
0.80619
2.07877
0.44462
0.89014
0.03566
0.36657
0.25721
1.89996
0.00993
2.28446
2.09117
2.13444
2.73767
0.05988
0.13692
2.85815
1.34643
0.01758
2.25146
0.00933
1.61798
3.32394
2.23613
2.10914
0.00830
0.32213
0.01794
0.09947
1.33062
0.87667
0.93668
1.45591
0.51815
0.11327
0.03319
2.42423
0.27796
2.98667
0.02781
1.57546
3.55085
0.17286
0.00037
2.31692
0.06669
0.31823
0.46441
0.89423
0.96595
2.38976
1.17968
0.15585
1.01583
0.10814
1.51955
2.21568
3.18460
1.02416
2.26143
2.23027
0.33174
0.35707
0.10696
1.07500
1.60131
0.75707
0.15852
0.16079
1.22884
0.37712
0.55436
2.92432
2.27710
0.00038
0.06968
2.12498
1.57910
3.02311
3.43487
1.15161
0.00452
0.75635
2.52136
0.94760
3.12743
0.79820
0.31245
0.27096
2.92888
0.52192
0.35934
1.33304
2.30379
0.56608
1.55283
1.86785
0.54649
1.64654
2.82040
0.24232
1.79644
1.05951
2.45095
0.47287
1.84085
0.02881
0.99482
0.22087
0.26512
0.01530
0.20165
0.57083
0.42962
2.24646
1.88025
0.14371
0.18140
0.66071
0.44822
1.22572
1.77720
1.06769
1.29135
2.77832
2.92274
1.31421
0.02100
2.87479
0.17880
3.04943
0.33396
0.73174
1.61539
0.09900
1.32094
1.73635
1.46974
0.09343
0.53556
0.88058
0.38786
1.30078
0.11929
0.00682
0.33472
2.11514
1.80551
0.20578
0.20187
1.50318
2.51595
0.28476
0.68850
0.06119
0.99027
2.74817
0.59606
3.30025
1.58296
0.48314
0.66390
2.30052
0.73970
2.53772
0.16883
2.59067
0.39132
1.46206
3.03874
0.04529
1.19893
1.24425
1.87655
1.52202
1.49552
1.47640
1.13149
1.87861
0.41928
1.86063
0.25399
2.33132
2.55905
0.00517
1.79279
0.59526
0.09351
3.04253
2.21805
1.59816
0.15293
0.87151
0.04553
3.22526
0.61265
0.14083
0.53029
1.16581
1.69679
0.07874
1.10995
2.32382
0.19571
2.87864
0.11276
1.36351
0.45362
0.00260
2.62785
0.28873
2.82839
0.98691
0.56395
0.00075
2.28896
1.19725
0.01916
2.51883
0.14878
1.57680
0.04302
1.38832
0.85438
0.00003
1.75698
1.65829
0.00745
0.46818
2.43023
0.79506
0.00157
1.21745
2.35823
0.40218
0.60786
2.48275
2.85918
0.10645
0.78758
0.01571
1.54885
0.57115
1.34434
0.32236
0.09908
0.00509
0.00884
0.57705
0.04165
2.62830
2.98379
0.50101
0.84181
0.73573
1.57560
1.02405
2.32071
0.00206
0.24800
0.10676
2.47575
2.42903
0.00205
1.49423
0.13621
0.35132
2.36900
1.50904
1.95273
0.53041
0.01519
1.26012
0.13371
1.18774
1.20816
0.26815
0.02015
0.33716
0.15821
2.82406
1.46242
3.17030
0.02821
3.21160
1.09880
0.08968
3.06559
0.79766
0.32251
1.80641
1.26074
3.06791
0.00228
0.43774
0.06730
0.48647
1.98686
1.85176
0.04138
0.80986
0.00032
2.44885
0.48876
1.54140
0.49751
0.62854
2.29010
0.12153
0.72831
2.30623
0.26317
0.93925
2.29412
2.34488
0.35208
0.60535
2.03044
0.83377
2.25192
1.25340
0.42112
1.35686
1.85576
2.98176
2.99507
0.35326
0.00552
2.98509
0.18220
0.19862
0.00000
2.42656
0.79576
0.00001
0.35369
0.03276
0.66403
0.75470
0.04183
1.12092
3.32319
0.71684
0.04887
1.90301
2.78941
0.11735
2.87956
1.81842
0.12082
0.00012
2.14571
1.15138
0.65747
0.68316
0.72016
0.16574
2.56523
0.82572
2.12820
0.26159
2.83649
2.39334
2.62971
0.37025
0.63509
1.91777
0.00885
0.03527
0.07486
2.42851
1.47930
0.17124
2.90499
0.03438
1.29697
1.09985
2.01566
0.18393
1.61582
0.08823
0.22538
0.06419
0.01422
1.11717
0.00001
0.60623
0.66185
1.22531
0.49100
1.42112
0.00349
0.08725
1.02898
3.38190
1.94885
3.27184
0.06778
0.79081
0.02548
0.31164
0.12473
0.61588
2.92600
2.20678
0.00191
1.03325
0.29995
0.04933
0.16035
2.48567
1.19586
0.11000
2.39506
0.00566
0.35139
3.43567
0.23891
3.09716
1.99920
1.53689
0.02446
1.69388
0.00006
2.07650
2.89529
0.00003
2.41268
0.00019
0.13741
0.24905
0.11555
0.32424
1.41224
0.33053
0.81464
0.00399
1.32312
0.54713
1.29190
2.19123
0.11893
1.27749
2.88456
1.81425
0.20351
0.38560
0.63837
2.10715
0.40199
1.15790
0.02761
1.36533
1.42338
0.04782
0.95421
0.51426
1.78982
2.51180
0.22498
0.74408
2.47621
0.64008
0.45028
0.31948
2.35950
0.25610
1.32550
0.16078
0.28527
0.36832
2.17105
3.14362
2.11750
2.94037
1.94704
0.05133
2.51006
1.86401
0.02455
2.39444
0.32974
0.08556
0.00849
1.43378
2.40034
0.00602
2.98868
0.41855
0.52241
2.33298
0.14879
2.17116
0.66722
1.52519
1.75056
0.57454
0.20618
2.40657
2.46310
0.07393
0.73545
0.64934
0.18938
0.74990
0.05022
0.25728
1.25843
0.18517
1.94866
0.24014
0.67135
0.01487
0.38733
1.68971
2.48261
0.02571
0.34807
1.02142
2.83201
0.45787
0.00969
0.09246
1.87740
3.50141
2.77077
1.87935
0.09258
0.44311
0.01994
2.37016
0.16363
1.50609
2.11267
0.56303
3.82022
1.18367
2.15994
2.67722
0.10359
0.24518
2.01823
0.02839
0.28233
0.12352
2.52111
0.00539
2.05202
1.76560
0.53017
0.10956
0.00182
2.22065
0.20360
1.43057
1.43444
1.87680
0.45756
0.22592
0.13342
1.31808
0.02675
1.00960
0.20783
0.25286
0.04147
2.17204
0.57674
2.92187
0.08259
0.01561
0.65231
1.18686
0.89972
1.93681
2.50031
1.99920
3.18915
1.07772
1.36201
0.47596
0.14506
0.03778
2.38785
2.53690
2.01951
1.55620
0.02895
0.95918
1.66759
0.00034
0.08573
1.43397
1.54945
1.82268
3.19021
2.52736
0.97575
2.90509
0.00736
0.68727
0.56558
0.41520
0.01145
0.00066
1.28926
0.02767
0.80750
0.02199
1.62321
0.02691
1.21257
0.62989
0.51599
2.22636
0.03011
1.49220
0.13432
1.96236
1.07157
0.05804
0.59086
0.35412
0.52615
2.23862
0.19654
0.02619
0.00011
0.15602
3.02961
0.01501
0.65624
0.41913
0.43481
1.92822
0.78233
0.32208
0.84798
0.07848
0.23424
0.85212
1.98015
0.47423
2.06649
0.06938
1.03702
2.64505
2.66460
0.14928
0.39968
2.21735
0.70240
1.75117
2.31942
0.42412
0.26114
2.24869
0.86778
0.88092
0.26238
1.86577
0.61457
0.05403
0.72923
0.73986
0.36352
0.07277
3.40062
2.99204
2.00427
0.96360
0.77887
0.13465
0.78694
2.23238
0.01217
2.17902
2.98221
1.92691
1.20428
3.33313
0.07665
0.14391
0.09355
0.19966
1.27180
2.41132
2.42511
0.25929
0.16716
1.01250
0.42791
0.45217
0.07220
0.20123
0.31008
0.92629
2.75102
2.71197
0.82372
0.07376
2.38045
1.46956
0.00706
0.00405
0.28335
0.11112
3.00250
1.22520
1.02494
2.57819
1.01633
3.53899
3.30916
0.67984
2.04401
1.37855
1.88154
0.00707
2.84726
2.54191
0.08034
0.05214
0.93139
0.40809
2.69220
2.37466
0.01667
0.33226
1.68288
0.81048
1.27523
0.08871
3.13722
0.69325
1.43328
0.37487
2.44853
2.41371
2.46660
0.32713
0.01071
1.62249
0.00679
0.87375
2.61899
0.09452
0.29367
0.14956
2.97553
0.18764
1.37826
2.96461
0.01090
0.83309
1.08319
0.94318
0.41066
0.46760
0.78571
1.52135
2.04953
0.01546
0.02820
0.08460
0.08005
0.97764
0.05495
0.60343
3.26262
1.23509
1.42577
0.08798
1.51980
0.02542
0.23019
0.31849
1.42776
0.16621
0.18464
0.24335
2.85905
0.37561
0.69431
0.58252
0.88721
0.83994
0.07218
2.65937
0.18921
0.21051
0.79470
2.92925
1.30739
1.03282
3.13918
2.08805
1.92972
0.00057
0.74084
0.03391
1.57715
1.26915
0.27210
1.26337
1.18996
2.89459
1.21211
0.80607
0.03924
0.04181
0.95036
0.97761
0.67345
0.03683
0.24168
1.56974
1.08549
2.41002
0.70733
0.79477
0.06962
0.04530
2.76219
2.83871
0.45385
0.02908
0.03507
0.01009
1.95750
0.78548
0.25673
1.75583
3.07277
1.60835
0.02195
1.77667
1.07166
0.20768
1.12493
0.25127
2.92913
2.50582
2.64062
3.04721
2.04804
0.81003
1.88152
2.72195
2.23503
1.75797
0.39303
2.78402
2.39744
1.92669
0.51701
0.00052
0.93578
3.03416
1.10602
2.62748
0.87019
0.66636
0.32967
1.41084
1.29948
3.35986
0.01176
0.64458
0.21472
1.17116
2.84499
0.00657
0.01650
1.85278
1.12511
0.08591
2.34500
0.04655
0.89371
0.31166
2.20498
1.69544
2.21317
0.25960
3.31244
0.20401
3.54539
1.61093
2.03290
1.37022
0.00403
1.67018
0.25748
0.49493
0.03114
0.42629
0.08505
0.83837
0.87978
0.49509
0.00409
2.59694
2.37569
1.45976
0.06581
0.04427
0.00246
2.24860
1.61526
2.66507
2.16206
2.89884
0.00067
0.54851
0.08813
2.39801
1.15293
0.65223
0.08789
0.64758
0.35408
0.64143
2.71645
0.84767
0.79652
0.14172
1.16629
0.85793
0.00992
0.00092
0.15545
2.94556
2.08994
0.19319
2.90572
0.55826
3.34322
0.10872
0.51935
0.04826
3.33702
1.10656
0.81870
0.45453
1.31499
0.73117
0.57083
0.85578
1.86297
0.04127
3.18055
1.61513
0.14659
0.02805
2.04978
0.70406
0.17751
0.23663
0.20636
0.26187
1.91526
0.26148
2.13137
1.68666
1.77848
1.61479
0.44457
1.18819
0.43491
2.10782
0.25163
0.14853
0.31470
1.78675
0.24505
1.44912
1.02185
1.60734
0.99345
1.09968
2.71960
3.40816
2.92922
0.25198
0.38311
1.05978
2.97326
2.96501
0.87201
0.18559
2.51921
0.95394
2.62529
1.06815
0.10382
1.35106
0.11252
3.37644
0.45203
2.68128
0.75391
0.17802
0.28123
0.92314
0.04115
2.57514
0.05303
2.12088
2.93903
0.20642
0.62048
1.42871
1.31806
2.51682
0.07460
0.00630
0.00822
0.00276
0.35232
3.27482
1.59153
2.34610
1.66811
0.97986
0.68122
0.04646
2.03371
1.46608
0.04088
0.11929
1.53645
2.40818
0.21583
2.41144
2.14748
0.65297
0.41640
2.96544
1.87036
0.28471
2.18887
0.13458
0.28212
0.09405
3.18175
2.37749
2.43357
0.84686
2.49023
2.39829
0.25902
0.01815
2.93580
0.09530
1.11332
0.01107
0.44156
1.27316
0.13682
0.35236
0.33565
0.00420
1.68664
1.02382
1.44068
0.38454
1.87721
0.49852
0.19223
2.64625
2.80388
3.24234
0.59646
0.24454
1.70410
0.00104
0.12784
0.16491
0.04267
2.31702
2.45978
0.75878
0.01640
0.96072
0.02684
1.90536
1.68737
1.38923
2.50820
1.94362
0.68737
0.47589
1.75751
1.42301
0.07948
2.73637
0.43517
2.15350
0.23180
1.47743
2.09438
1.21602
1.48235
1.44234
0.00135
0.29921
0.74890
1.39425
0.07026
2.57676
1.34132
1.44549
2.07728
1.90620
2.81491
0.91114
0.04782
1.91188
2.46627
0.04008
0.42867
2.85456
2.98161
0.08989
0.60080
2.42499
2.65288
1.04076
3.22826
0.22008
0.29620
3.07789
2.07895
0.01160
3.00692
0.59085
3.18511
0.03048
0.15254
1.59317
0.08502
0.65577
1.93604
3.05554
1.11235
1.16940
0.02248
1.02760
3.48332
0.19526
0.64212
0.07127
0.00362
2.28151
1.33039
0.08076
1.73802
1.71090
0.63679
0.60135
0.26064
1.45713
0.71769
0.11535
1.29819
1.43164
1.94920
1.07548
0.00477
0.02959
1.70640
2.52665
0.00541
0.21108
1.35982
2.56076
2.40196
0.00307
1.95132
0.07993
0.01115
0.19400
2.79478
0.52326
0.26432
1.86550
0.00349
2.33632
0.55151
0.02571
0.35825
2.64801
0.33296
2.85563
2.47342
1.26798
2.16465
1.28916
0.00923
2.21934
3.35842
0.00429
3.16465
1.36434
2.95666
0.18299
0.06677
1.09331
2.43090
0.93044
2.67209
2.32168
2.26199
2.44660
1.67438
3.17805
2.15882
0.05331
0.04571
0.30082
3.46013
0.00035
0.09960
0.00028
0.05048
3.36927
1.18130
2.97999
1.48821
0.10372
1.49916
0.19165
0.46037
1.89562
0.61889
0.75658
2.07191
1.81997
0.10918
2.15384
0.11487
1.70029
0.00754
0.93928
0.53027
1.51889
0.93188
0.23349
0.65142
0.21433
1.88422
2.70283
0.07868
1.68725
0.89862
1.52631
0.00678
0.00487
2.56801
0.10222
1.12955
1.64837
2.29233
1.35142
0.04897
2.68186
0.86711
0.26177
2.24523
2.60348
0.00113
0.38427
0.05915
0.01144
0.00093
0.46818
0.16147
0.85682
1.87574
1.32050
0.60671
0.39811
0.09978
0.39040
2.61833
0.02636
2.60163
2.39484
0.00003
0.27782
1.42416
2.90710
2.40481
0.92444
1.39667
1.47126
0.12570
1.29183
1.33434
0.07532
0.05014
2.64691
1.50717
0.00556
1.03956
2.06764
1.98833
0.01384
2.66845
3.48909
0.84843
1.40188
1.44833
0.83555
0.29339
1.63246
1.90016
1.49342
0.14650
1.68948
1.55343
0.48785
2.20322
0.67453
2.78095
1.22848
1.39482
0.02404
0.28886
2.49984
3.10989
0.00529
0.00795
2.36357
2.01079
0.05945
0.64107
1.09289
1.50804
1.39701
1.26350
0.13469
0.06063
1.68012
1.07878
2.59878
0.52360
1.15404
0.07584
1.46595
1.77047
0.32287
0.16876
0.68631
0.31283
0.01943
0.56683
1.54932
0.37841
1.52878
0.50563
2.48032
0.09533
1.29045
1.44552
2.84967
1.13605
2.54738
1.55240
0.00139
0.69986
2.91751
0.00215
2.04113
2.12740
1.65829
2.14009
2.35753
1.28166
1.62507
1.72772
0.36803
1.81171
2.65793
1.13842
3.42978
2.62135
3.18507
0.68738
0.33644
1.72640
2.34627
0.75628
0.61787
1.75935
1.10114
1.24299
0.04655
2.80092
0.06070
1.41820
0.16699
0.03014
0.52897
0.57163
1.62685
2.77261
0.74589
0.95517
0.08945
2.32562
2.52858
1.47013
1.66783
0.04972
2.18150
2.85541
1.28085
0.31785
0.74335
0.95723
0.03767
0.29265
0.01103
0.00096
2.12979
2.38336
0.70901
1.33629
1.63492
0.09691
0.86157
1.23640
0.02315
1.55788
0.76161
3.04837
1.62318
0.60999
1.57002
0.51154
1.03509
1.85544
1.22402
0.78236
3.23120
1.52580
1.36268
1.89919
0.87028
0.52029
2.53669
0.97047
1.39264
2.58109
2.29195
0.00273
0.00326
3.10919
0.05657
0.72667
2.94233
1.78381
0.03963
2.37172
0.23656
3.22774
1.61134
2.60609
3.07353
2.60193
0.03359
0.07408
3.36084
0.17415
0.01688
0.08521
2.19213
0.03823
0.04497
2.50805
1.52023
0.00425
0.84392
1.15436
1.68590
0.12867
1.65383
1.52332
0.00171
0.01641
2.98854
0.47985
0.95261
2.60127
0.23583
0.07717
0.55422
0.00075
3.12740
0.95606
2.16030
0.16612
0.24597
0.59947
2.74598
0.21213
0.08585
0.58098
1.89875
0.79414
1.54004
0.37452
1.75028
1.40914
1.15866
0.00363
2.89529
1.29380
0.00284
0.98523
1.05695
1.59667
1.49739
1.45189
0.68363
0.74456
1.38603
2.22599
0.00905
0.00850
1.02114
0.60015
0.42449
0.27959
1.09668
3.34644
0.92776
0.82560
0.09669
0.02738
1.39285
2.32352
2.60652
0.16764
1.40951
0.01682
0.55885
0.10526
0.31386
2.32323
3.06802
3.03986
1.13723
0.51058
0.00011
0.29185
0.23916
2.27200
2.39757
2.23148
2.33827
1.03909
0.30261
1.45208
1.89249
3.19631
1.96296
2.31284
1.94011
0.16818
0.04423
0.05647
0.99524
0.13509
2.05034
2.82812
0.01452
0.04954
2.98175
0.61577
0.55936
1.72969
0.12459
1.20723
0.51579
0.05637
2.36771
0.47934
2.33395
2.56926
2.00837
0.36496
0.19626
0.08439
0.02193
1.76436
1.09511
1.96465
1.07897
2.26447
1.87831
2.91750
0.50178
2.26434
2.08544
2.94279
0.07067
0.72453
0.09226
0.28293
0.76035
2.58876
0.31932
0.12855
2.75827
0.57984
1.57860
0.07054
2.42357
0.86185
2.03308
2.47524
0.01520
0.63041
0.68275
0.21166
1.03725
2.80576
0.85443
3.17957
2.78436
2.63417
2.78292
0.35271
1.45157
0.12894
2.76617
0.00165
1.19708
1.37745
2.44810
0.03027
0.26831
0.01429
0.24192
3.06118
0.09441
2.23368
0.03963
0.20159
1.65207
1.89402
1.76484
2.04189
2.01827
0.83436
0.02325
0.41553
0.85746
0.76377
0.32157
1.59608
1.34607
0.17929
0.00003
1.60960
0.54219
1.44394
0.00849
0.00962
0.03712
2.55518
3.41920
1.49641
2.17829
0.18242
0.88121
0.81296
0.47252
1.29368
0.10104
2.63947
2.85161
0.08170
0.06552
0.19898
0.00429
0.53363
1.83533
0.01545
0.01262
1.70919
2.26026
0.79964
1.06671
2.47874
0.54465
0.85004
2.72328
0.24127
0.22642
0.05069
1.22170
0.25995
1.67037
0.60811
2.44826
0.78184
2.98072
2.76871
0.40680
1.55000
1.47255
0.15601
0.94252
0.61048
1.89493
3.00304
1.34960
0.61409
0.47297
0.00791
2.29841
0.98683
0.00873
1.02875
1.13166
0.42898
2.04012
0.32624
1.79763
2.51626
0.94120
0.52127
1.53645
2.17638
1.91820
2.46712
2.91645
1.11754
0.64221
0.48409
0.10670
1.08941
0.04320
2.17006
2.38288
3.28348
3.38653
0.11186
1.55813
1.69916
0.71702
0.26877
0.63712
0.40182
2.79974
1.99007
0.40872
0.13577
0.30636
1.62063
1.95111
2.98126
1.26026
0.06257
0.64965
1.78157
0.00244
0.74724
0.47579
2.70996
1.10837
0.00602
1.02972
1.26212
3.04515
2.49833
0.23470
0.36950
0.23174
0.00106
1.86599
0.68434
0.72385
2.85607
1.24913
0.18467
1.04444
2.58429
0.70908
2.51646
1.68766
0.50734
1.24174
0.06550
2.69914
1.02148
0.04015
0.23662
0.04774
0.07575
0.00457
3.34958
3.03960
0.03243
0.79246
1.31482
0.10231
1.35323
1.00207
0.31425
0.31211
0.45135
1.44288
1.70139
0.02498
0.03227
0.74419
0.11931
2.85033
2.44169
2.92218
1.23715
0.01970
0.00147
0.09515
0.21491
0.01249
1.34125
2.07621
0.74113
0.26400
0.04579
2.09755
1.32930
0.00001
0.09630
0.36118
0.82516
2.48741
2.64851
2.34818
0.07385
1.04502
0.66139
2.16812
1.09405
0.36456
1.33295
0.79707
0.26009
1.75903
0.82381
0.66711
0.70198
1.77016
2.54073
0.32720
3.38166
0.69165
0.48055
0.71880
0.08266
2.81086
0.03972
0.04420
0.27708
0.19791
2.72118
2.41710
0.88298
2.54047
1.95485
2.20313
3.31991
0.00818
0.79483
1.53248
0.16311
1.69485
1.95424
1.69648
3.10658
0.06506
1.74616
1.27799
0.06871
0.95699
2.01628
2.95286
0.05393
2.36756
0.80698
1.51984
2.11808
0.57074
0.00017
0.24265
2.27898
1.80585
1.88312
1.82036
0.12524
2.02423
1.74824
0.09492
0.80984
0.02389
1.46911
0.37350
1.73507
0.41954
0.05151
1.97794
1.52565
1.34209
2.37115
3.01002
0.20695
2.00061
0.13739
1.65653
2.98475
0.06116
0.98430
0.85003
1.56749
0.45627
0.98559
2.27917
0.43622
1.48520
2.93124
0.92767
2.43393
0.21230
1.46729
0.03360
1.65309
0.33807
0.44082
0.10329
2.57370
2.80164
0.00021
1.68986
0.04827
0.60777
0.24963
0.65428
1.58919
0.01118
0.12108
0.82785
0.76894
3.05883
0.01710
0.05950
0.02343
2.44683
0.04781
2.03540
2.66173
0.78022
0.81703
0.19658
0.81053
1.79209
0.75412
0.45642
0.02285
0.22474
0.21685
0.86285
0.09314
0.20622
0.67576
0.14760
3.06071
1.10312
1.90328
1.77093
1.51446
1.86245
1.80820
0.20776
1.07986
1.38875
0.00018
0.58135
0.98497
2.55002
0.03004
0.33436
0.31217
0.40308
1.36404
1.51768
0.85773
1.25647
0.90028
2.03128
1.32700
2.79219
0.43276
0.05238
1.66686
0.92764
2.22123
1.21083
1.34733
1.38269
3.11394
0.13477
1.97649
0.03870
0.83189
0.04519
1.38595
0.63323
0.69136
2.59238
3.19745
0.71753
2.61773
0.93971
0.23825
0.44756
0.37456
2.94378
1.04364
1.98034
1.85429
1.56476
0.11748
0.18963
0.01800
0.98041
1.44526
2.58882
0.87635
0.76728
1.29248
0.05506
1.81657
2.40101
1.63809
0.51533
0.00004
0.03896
0.07902
0.09498
2.90411
2.26338
0.23103
1.17750
0.87974
2.03375
0.00005
1.81906
0.66060
0.38921
2.74710
0.10743
0.85638
0.18337
0.74981
0.13404
1.78611
0.20573
0.32366
0.49080
1.49193
0.49599
2.81699
0.99868
3.38904
0.01174
0.02983
0.86728
0.18707
0.00022
2.35566
2.41044
0.01218
1.77926
1.77189
1.70363
0.92043
1.00896
0.01950
0.12831
0.09182
0.58580
2.03091
0.34091
0.01208
2.04666
1.40213
0.37576
1.10941
2.21208
3.26272
0.74998
3.65278
1.29997
1.10405
0.35089
0.02572
0.93569
1.78391
3.28145
1.57061
2.60534
2.10687
0.99393
0.00350
0.23225
0.07451
0.46044
0.61709
0.73188
3.30803
2.43131
1.12192
2.64085
2.59663
0.05187
0.10935
0.06838
1.68600
2.31369
1.22900
0.04437
1.41955
0.02229
1.61796
1.69099
0.93397
0.00093
0.24347
0.83866
0.05874
1.76591
3.38460
0.12335
0.56510
2.13802
0.92759
1.76257
2.19782
0.90458
0.00656
0.58875
0.02547
1.88410
1.00564
0.82686
0.26197
0.02656
1.15987
0.96461
0.78624
2.62228
3.03266
0.25659
0.07801
2.19476
2.99397
0.00070
0.11905
0.00154
2.52393
0.08766
0.02040
1.01234
0.06243
2.10753
1.30714
2.16532
0.30771
1.39879
1.17595
2.14056
1.47153
1.02865
0.40234
0.20552
1.57759
3.17467
0.07156
0.33922
0.12391
0.19328
0.87806
2.25830
0.42279
0.16651
0.09653
1.57253
0.66414
1.09841
0.01033
0.05198
0.00124
3.31098
0.73377
0.71838
1.42818
1.22795
0.60610
2.51196
2.82840
1.57269
1.19781
2.32626
0.01398
1.03811
1.78476
3.31555
0.14368
0.06811
0.07832
2.48334
2.89132
2.30446
2.27760
1.18549
2.48563
0.08648
1.07743
0.03953
0.65102
0.42036
1.33408
0.01551
1.53756
0.00034
0.01073
2.34500
1.11870
3.29088
1.82897
2.22721
1.79982
1.28120
1.53061
1.48355
2.38232
0.67884
0.07502
2.82273
1.32798
1.25374
1.98863
2.65489
0.26359
3.98691
1.22022
0.17419
0.74020
0.74668
0.57201
0.94259
2.18871
1.33444
0.98458
0.21038
0.32893
1.83140
0.09130
0.17989
0.82103
1.18331
0.09487
0.21259
0.11246
0.04267
1.47456
1.38781
1.81028
2.21659
0.56986
0.10757
1.54631
0.83726
2.02098
2.99303
0.94116
0.14814
0.05124
3.41898
1.43961
0.03536
0.22773
2.46398
0.03015
0.04575
1.35614
1.44196
0.01864
2.10910
0.04019
0.01477
0.80941
0.56164
0.00076
0.02578
3.09971
0.55746
1.68167
1.76988
1.14985
0.33474
0.04082
0.03380
1.78386
1.40188
1.46885
0.02480
0.01220
0.15726
0.00643
1.51963
1.09529
1.66311
3.04608
2.30955
1.50548
0.02359
0.15237
0.98396
0.55832
2.15389
0.47788
0.39005
0.00648
2.80351
0.31406
1.65367
0.25780
1.78230
1.63383
0.45341
0.33718
1.42155
1.50186
2.41533
0.05535
2.84415
1.73785
2.00823
2.06581
2.28308
1.85264
0.97389
0.57367
0.31572
2.10756
0.40433
0.36362
2.05273
0.55804
0.28730
0.56697
0.04810
0.26494
2.54660
0.77016
2.12271
0.58068
1.98079
1.13074
0.87977
2.22793
0.50587
0.06045
0.65314
1.87762
0.12478
0.74308
1.28630
2.01871
2.35193
2.25364
2.03162
2.75185
0.00824
0.04451
0.50005
0.05659
1.87539
1.58269
0.86713
1.64940
2.28921
0.02127
0.13506
2.02119
0.16107
1.02199
1.66861
0.27451
0.24694
1.52029
1.30327
0.03769
0.44932
2.34059
3.61901
0.24615
1.48395
0.14061
0.00149
0.68072
2.55320
2.71149
0.68615
0.89449
0.25139
1.30983
1.87238
0.18465
2.44606
2.49749
0.16365
0.06256
1.19956
0.13351
0.28611
1.31645
0.25695
2.31032
2.87068
2.00050
1.09928
1.57599
0.01225
0.11743
2.48062
0.95347
2.17206
0.40709
2.35171
0.26706
0.11521
1.80146
1.27843
0.95938
2.01711
2.92466
1.13780
1.27585
0.01120
1.86683
1.86501
1.91106
0.18703
0.00059
0.29428
0.28405
0.43647
0.06653
1.12665
1.38300
0.12448
2.96518
2.39451
0.00050
1.88579
0.36783
0.02242
1.73828
0.80309
0.16437
3.03318
1.28283
0.47946
0.91178
0.34041
1.26770
1.95455
0.86180
0.46940
2.35619
1.32950
1.28505
0.22336
0.92533
0.30167
0.51363
2.31103
0.17784
1.34266
0.19993
0.03267
2.65821
0.34392
0.65343
1.39405
3.46972
0.29802
0.01424
1.93778
1.15525
1.15815
1.59272
0.51993
0.13164
0.04459
2.35105
3.26925
0.05342
0.02340
0.87531
0.58295
2.40186
2.36166
0.84360
2.56519
2.22483
0.19600
2.75981
0.75593
0.58944
0.04047
0.48403
0.05865
1.98468
0.02424
1.40988
1.48925
0.05959
2.87380
0.77782
0.34093
0.03040
0.00512
0.71302
0.89882
0.12802
3.11113
2.99957
0.02953
1.98978
1.86781
0.01563
2.27960
0.04128
2.12881
0.89200
1.55002
0.11273
1.51130
0.01890
1.10132
2.33929
0.27644
0.80668
0.02607
2.16980
1.43643
2.49009
3.47419
3.05567
2.20398
1.28260
0.38993
1.72342
2.72369
0.04803
0.31366
0.02937
0.00034
2.18377
0.51575
0.10077
0.16708
0.38515
0.20900
1.42731
0.12337
0.02059
1.45435
2.13117
3.31117
2.08000
0.53975
2.33179
0.03271
2.91837
0.04431
1.31042
0.50301
1.59323
0.01487
0.00673
0.16127
0.13954
0.03993
0.05394
1.76615
0.25498
1.81131
0.01204
3.28647
0.40901
2.73240
0.57326
1.51724
0.01592
2.36811
1.45046
0.81395
2.45839
0.02875
0.01226
0.88280
0.77352
1.89144
0.54213
1.24973
0.04000
0.04948
0.17025
2.20382
1.65146
0.64062
1.73369
0.79295
2.57929
2.46616
2.60881
0.21967
1.46627
0.00018
2.56922
1.11590
2.58343
1.24691
1.46749
0.05353
2.60725
2.27571
1.46816
0.04740
0.84994
1.98931
0.34912
2.67515
0.62921
1.45444
2.46178
2.23937
0.03432
2.20872
0.65436
0.38718
0.07013
1.04539
1.77335
1.08715
0.11936
1.73307
0.19308
2.90629
2.04290
2.91910
0.47938
1.88831
0.53957
0.01881
0.01374
0.23815
0.51595
0.25742
1.34131
1.32731
0.65321
2.41817
0.00292
0.62382
1.68478
3.14872
0.19403
1.89894
2.47588
0.07112
1.26948
2.10615
2.35090
0.23623
0.46245
2.42060
0.02701
1.39670
0.13608
2.75428
1.10839
2.22567
1.06599
1.24683
2.14289
2.31641
0.86860
0.01228
2.58299
0.59277
0.12549
2.64629
1.83376
1.44069
3.31045
0.49414
2.56848
3.12443
0.55123
3.06805
3.46116
0.77838
0.73803
2.16725
2.56252
0.05180
3.05921
0.13395
0.03573
0.01933
2.37201
0.18438
1.97616
2.76983
1.34374
0.08962
0.00382
0.17976
0.06944
0.67212
3.20039
0.12994
1.92819
0.00051
1.76469
1.07336
2.24984
1.17594
0.06107
0.40466
1.89975
0.52530
0.67545
2.23127
1.42942
1.15229
0.28377
1.59295
1.67252
0.26201
0.08740
2.49369
3.53855
0.58957
3.24840
1.67016
0.85521
0.70526
2.02669
0.56490
0.00352
0.01189
2.29514
2.84025
0.46739
0.05165
0.10753
1.84640
0.03320
2.46133
0.97575
3.29206
2.84035
0.08397
2.34566
0.35928
2.37875
1.04737
0.02045
0.21734
2.07430
0.00248
0.00445
2.09428
2.64391
0.87922
2.15548
1.29334
2.10915
0.04283
0.50531
2.80111
0.57955
2.55142
0.14207
0.38213
0.09323
0.03162
0.36412
1.95874
0.04474
0.01911
0.19082
2.60812
0.42237
2.53494
0.01701
0.40430
2.60015
2.59604
0.02753
1.26512
0.76478
0.01143
3.24781
0.16391
0.09425
0.49060
0.46928
0.08468
0.13069
1.69254
0.03280
0.03215
1.16726
0.18739
0.48603
0.38471
0.73674
0.23531
2.33365
1.92403
0.14363
3.35182
2.53302
0.59635
1.75981
1.05788
0.06344
2.26135
1.15972
0.81735
2.02937
1.91407
0.15340
1.61407
0.13114
3.08405
2.28832
0.16743
2.62177
2.59388
1.66027
0.00566
2.92262
0.95774
0.53914
2.83176
0.61845
0.94241
2.21659
0.95951
1.33915
0.07243
1.03344
1.64013
2.01592
2.27556
1.02699
0.08755
0.34894
2.98222
0.44528
3.14963
1.00794
1.53375
1.76526
0.01834
0.24899
1.89071
3.33722
1.01156
3.21822
2.01652
1.79766
0.02037
1.90551
1.06883
3.28241
2.51314
2.40502
0.01083
0.00078
0.12702
3.59315
0.52746
2.58478
2.70219
2.05066
0.42747
0.89631
0.92244
3.21685
2.52097
1.60038
1.59944
2.14631
1.61901
0.55511
0.04791
0.04182
0.89002
0.48881
0.10397
0.00544
1.65222
1.52556
0.76075
0.02272
0.08947
1.13524
0.34524
2.94013
1.28022
0.33719
0.98141
1.30652
0.74866
1.12768
0.00741
0.44292
1.48098
0.27998
1.80071
1.05246
0.01374
0.95707
0.56653
0.19212
0.88380
2.76631
2.67614
0.09134
1.74676
0.84857
0.02287
2.71183
0.02522
0.02511
1.03351
0.13298
0.05521
0.13162
2.02556
0.20631
0.00728
0.54469
0.53060
3.51684
0.01061
1.81084
1.35951
0.19276
1.46684
0.40645
0.43285
0.35904
0.40516
0.06625
2.32242
0.42351
0.81773
0.57485
1.33189
0.85117
0.06024
0.31966
2.74852
2.32940
2.23522
2.03186
0.63326
0.19957
1.85066
3.68878
1.52960
0.61645
1.38659
0.00603
0.35616
1.47664
1.57816
0.40621
0.94272
0.02459
1.13917
0.99399
0.02451
0.32496
0.23616
1.50540
0.26801
0.44476
0.11360
0.56951
2.08477
2.58040
2.59870
0.00783
0.69115
1.03187
1.37072
0.17461
2.36600
0.08521
0.69261
1.65634
2.36042
0.62685
2.24350
0.16942
0.10169
1.64189
2.44509
1.65541
0.75841
0.03332
1.70844
0.08674
2.54698
1.41335
1.25257
0.11323
2.30823
1.39046
1.21274
2.72924
0.93207
0.16534
1.67348
0.76425
2.73296
2.03719
1.66449
0.72709
1.71104
1.22471
0.01842
0.01498
2.75979
2.14408
0.84466
0.04212
2.93913
0.25846
2.76020
1.27121
1.93834
0.76904
1.49827
0.38719
2.22230
0.06046
3.43286
1.74040
2.75798
1.81505
3.51575
0.06801
1.03187
2.90145
2.54537
2.88630
0.88209
0.00179
2.13723
2.15080
2.13201
0.03091
0.15758
2.03009
1.70766
0.67975
2.99779
0.39578
3.30209
0.69340
0.12343
0.91705
0.30607
1.71862
0.00403
0.00279
0.83384
2.74145
2.52890
0.61653
0.90072
0.02065
0.75143
0.28127
0.06086
2.05799
0.05003
0.14468
2.70544
2.94834
0.86650
1.07457
2.18194
1.15773
1.81887
1.32951
2.03754
1.82203
1.02404
0.02774
1.63954
2.93918
1.46791
1.81688
0.98500
0.07198
3.31579
0.83323
0.90060
3.06742
0.52244
1.80900
0.03701
2.27119
1.02588
1.39987
0.73139
0.12007
0.34074
1.29183
1.22902
0.00841
0.01375
2.22750
2.52949
0.01103
1.32663
3.11309
0.36263
0.55743
0.02661
1.22675
0.03369
0.01109
0.00900
1.18146
0.05216
0.79681
2.54637
0.02519
0.00383
1.81421
0.21661
0.17633
2.17483
1.79015
1.22942
1.27185
1.91842
0.97889
0.41740
2.66453
1.57226
1.75154
0.58769
0.12017
0.00424
2.49197
0.31500
1.90559
1.78944
2.34552
0.07798
2.86333
1.82099
1.36610
0.98031
3.15983
0.54580
2.40890
1.59568
2.03506
2.16998
3.29345
0.96019
0.85977
0.91472
2.32123
2.11278
2.14509
2.59535
0.12784
2.42408
1.35853
0.04521
0.59907
1.92922
0.94934
0.02342
0.05091
2.78787
0.01332
2.30449
3.32149
0.88392
0.54049
2.48972
0.75076
0.10182
0.11183
0.01359
2.92655
1.64737
3.40492
0.16568
1.85081
0.04689
2.58852
0.00322
1.27422
2.85198
2.32867
0.01153
0.65558
1.84882
0.33296
1.13940
2.67631
2.59736
1.02367
1.41644
0.13464
1.05164
2.65768
1.70834
2.85205
2.34710
0.30530
1.54058
1.87611
0.52935
2.38479
0.73435
0.92276
0.54135
2.62573
0.02559
1.36601
1.07738
1.43585
0.89776
3.36904
2.77865
3.06538
0.43012
1.42573
0.80047
2.66443
0.10938
1.90926
0.26531
2.09727
2.06831
0.11249
0.17768
2.99584
0.03576
1.08433
0.07774
0.58131
0.07877
1.79614
0.15729
0.72191
0.97260
0.03169
0.38186
0.04617
1.87480
2.78453
1.68758
1.00240
1.65729
0.03414
1.37737
2.80970
2.28871
1.38587
0.15353
0.05953
1.86088
0.34373
2.27229
2.49753
0.01226
2.54479
2.30016
0.00069
1.49621
0.11105
1.36463
3.23569
0.22057
2.21296
1.07103
1.37902
1.96088
1.08492
1.52110
0.71344
0.78537
0.01402
0.50161
0.68889
0.46832
0.01232
0.37811
1.06226
0.30540
2.35904
2.92015
0.90527
2.90631
2.28999
3.03078
0.81620
0.31964
0.11450
0.53715
2.93822
0.05141
2.52314
0.36148
0.00147
1.14053
0.05356
1.12919
0.46975
0.11068
0.83376
0.15170
0.05676
0.04702
0.44367
3.61791
1.97025
3.07958
1.38391
2.55242
0.00000
0.13722
0.00779
0.03701
1.15742
0.02309
0.00000
0.75748
3.35885
0.22639
0.41785
0.15444
0.10187
3.23165
2.59688
0.07878
1.36423
1.15542
3.12882
0.00220
0.02562
2.71746
0.85306
0.01680
0.00058
3.39507
0.12352
1.11527
0.01299
0.33887
0.00408
0.00008
1.11330
2.75925
0.59995
0.04727
1.01008
1.32315
1.60116
1.43102
0.59194
2.07550
0.20547
0.23590
0.59644
0.02646
0.00376
0.91310
2.35676
0.00950
2.48167
2.91340
2.62682
0.87174
0.76728
2.87657
0.67996
0.05425
2.66769
0.33294
0.00360
0.07082
0.68481
0.00778
0.08732
0.56651
0.00839
0.01659
1.38880
2.47112
2.04806
0.01519
3.32895
1.90596
0.61241
0.36324
1.56404
0.70809
2.56689
2.01387
0.09453
1.49997
1.63700
0.39269
0.87134
0.87611
2.24161
2.27368
1.70269
0.06915
1.10035
0.06330
1.54053
0.29796
0.17986
0.54771
2.60365
0.77929
0.48179
0.03465
1.06175
0.01060
0.03444
0.90498
2.23066
0.08843
2.44709
3.19310
0.10350
1.67107
0.75980
0.08985
1.84666
1.15937
1.96616
0.32222
0.21674
0.95405
1.62287
1.29696
0.41921
0.05258
1.45176
1.26609
0.15775
0.45503
0.90856
2.26641
1.08038
3.21757
0.08420
0.47443
2.84104
1.27320
3.17918
1.75526
0.05210
0.22690
2.83061
1.23924
3.33579
0.67776
2.06706
3.02118
2.87309
0.31800
0.14434
1.34906
3.08770
1.94863
1.03018
0.03823
0.00874
0.09249
2.45138
0.91878
0.00391
1.97614
0.61673
0.07960
2.68707
2.77765
0.63577
0.15523
0.66287
1.98421
2.20445
3.21503
0.35694
2.24430
1.74817
0.95763
0.01103
0.16278
2.33869
0.38459
0.72265
1.79464
0.11761
2.07204
0.05225
2.93088
2.41376
2.83732
3.36758
1.20248
0.26927
0.93276
0.32723
0.71699
0.24721
2.52783
0.91412
0.04522
0.09029
0.27881
2.55175
0.49545
1.48238
1.56529
0.02991
1.06832
2.39728
0.70489
0.71055
1.27317
1.47973
2.80151
0.91596
3.16728
1.13129
2.80679
0.81317
0.83727
1.35573
2.42008
1.29743
0.17078
0.81702
1.83701
0.06344
1.95099
0.42484
3.08956
1.03215
0.68400
0.84199
1.67310
0.00020
0.00308
0.00240
0.14186
0.00635
1.22847
0.41142
0.09886
2.44265
0.09738
0.97490
1.53100
0.06648
0.07037
0.72285
2.72661
0.91466
2.35450
0.00900
0.00393
1.22283
0.31049
0.24169
0.00324
0.06727
3.14684
2.28772
0.65010
3.07781
1.54196
1.78948
1.31182
2.83741
0.00126
3.25047
1.35208
1.35072
0.12248
0.97951
0.76312
0.98848
2.77290
0.48035
0.00267
1.09254
0.70432
1.87218
1.61998
1.34921
2.05322
0.69410
0.46002
0.91581
0.74022
1.40213
0.02208
1.22581
2.61135
1.26747
0.50248
0.53262
0.10923
1.32019
2.54855
1.87344
2.46132
3.05417
0.12055
0.70834
1.08050
0.97093
0.65514
2.51450
1.35985
0.25796
0.77190
0.13470
0.09046
0.68995
0.02336
0.88072
1.62838
0.16248
0.08964
0.02204
2.90771
0.08840
0.04082
0.05023
0.26028
2.22226
1.34113
0.10704
1.14798
0.48070
3.63964
0.95437
2.87791
2.27536
0.16189
2.53585
3.46709
1.87420
2.11192
1.45083
1.04557
0.02459
1.88852
1.03036
1.99337
0.50025
2.73854
1.69663
1.89784
0.65426
0.65241
1.53285
1.30315
2.93972
0.24577
2.28457
1.63520
0.90205
0.48860
1.00972
0.35142
1.19790
2.50562
0.00523
1.09497
0.02941
0.16581
2.38130
2.28769
1.68816
0.28334
2.38018
1.74438
0.93398
0.31348
1.00462
0.76590
0.20837
0.01542
0.13318
2.13448
0.12569
2.12783
0.84363
0.88111
2.87314
0.00389
0.28694
0.28788
3.23087
2.56713
3.00958
0.42832
1.37201
0.04141
0.33719
1.45139
0.19652
0.06246
2.80722
0.21264
0.00529
0.00488
0.79325
2.78151
0.55883
1.66976
0.77523
1.38445
0.14783
1.68729
0.65358
1.28767
0.02259
2.76449
0.97596
2.06501
2.03403
0.80408
0.93663
2.03676
0.36880
0.38938
0.38755
2.69354
1.73906
2.31904
0.96595
1.00969
1.09753
2.36837
0.02338
2.29520
0.12936
1.57438
0.93687
0.03486
0.00713
0.27061
0.16829
2.13252
2.23171
1.77730
0.63350
0.28193
0.21438
1.93516
0.30614
0.00626
0.11646
0.62459
1.74284
2.02941
1.96829
1.88281
2.06858
0.01856
2.17241
1.27104
3.03921
2.43248
0.18951
0.05041
1.41766
0.13225
0.92444
2.15289
0.10324
0.02355
0.88871
1.99455
0.93554
2.32827
2.69441
0.29700
0.58985
0.47590
2.57002
1.34291
0.59712
0.40683
0.03804
2.04241
0.93856
0.01663
0.11645
2.53756
2.48705
1.18821
0.81096
0.02468
0.64281
0.85991
0.30075
2.78486
0.01226
0.10387
2.42721
3.44508
1.96978
2.80648
0.00831
0.57078
0.91900
0.00363
2.24187
2.90248
0.78290
1.69868
0.04016
1.32747
2.80887
1.13734
0.02241
2.16516
0.98760
2.54234
0.19107
0.73366
0.24546
2.33950
2.23102
0.04883
1.70626
0.18929
0.01682
0.18958
0.68850
0.22708
2.19026
0.25358
1.22870
0.20902
0.05927
0.54777
0.03127
2.12718
0.01871
2.22728
0.21548
1.37730
2.17917
2.69650
1.08042
0.23364
0.26399
1.11000
0.02332
2.14236
2.38589
0.52371
0.96433
1.18513
1.94228
0.23292
0.63907
2.90688
0.29091
0.06835
0.01328
3.08749
0.90404
1.17287
1.28519
0.00387
1.29515
0.20351
0.63880
0.30433
0.15577
1.93840
1.44813
2.89867
0.13552
1.67645
0.01077
0.27531
2.76559
1.71960
0.29149
0.51247
0.03846
0.34371
1.58124
0.27317
0.53292
1.10047
2.92350
0.63734
0.48292
2.03574
0.00805
1.36043
1.51403
3.25086
2.24963
3.40950
2.33476
1.07962
2.52564
0.69875
0.19372
0.01046
1.86744
2.56769
1.37418
2.02583
1.69981
2.38068
1.74121
2.85562
0.01132
0.17723
1.70038
0.07987
0.12704
2.38490
1.55811
0.12871
0.12384
0.01301
0.09689
2.11750
0.01357
0.13612
1.18875
2.26334
1.37053
2.49960
1.86612
0.02297
0.46760
2.30470
0.38610
1.89681
1.76633
1.84690
1.82287
0.01167
2.65792
0.99010
0.00000
1.62682
1.33678
1.39099
0.73859
2.02416
1.29423
1.21509
0.06786
1.56715
0.02494
1.77841
0.01187
2.95278
0.43951
2.56380
1.59302
0.13982
1.26676
0.05505
2.64071
0.78697
1.12056
1.04610
0.03043
0.36858
1.77360
0.04287
0.40126
1.22108
3.10935
1.42079
0.46520
0.00224
1.08749
0.10466
0.58574
0.91253
0.28541
2.27375
2.50073
3.30608
0.04700
0.23677
0.01578
0.13006
0.25652
0.54038
2.55402
2.47361
0.33902
0.21569
0.30500
0.12978
3.18563
0.30628
0.33909
0.53868
0.44466
0.73890
1.84198
0.01124
0.48231
0.26921
0.45226
0.82243
1.06161
0.71852
2.07767
2.64152
0.05694
0.16341
1.93107
0.18075
1.32686
0.03515
2.20262
2.43735
0.40398
1.40874
1.26972
0.69340
0.02560
0.94353
1.58974
1.64543
2.49754
2.41590
1.64023
0.27453
1.70942
0.04713
2.50683
0.62074
0.00954
0.58361
0.37346
0.05771
0.00960
1.45400
1.73110
2.20479
1.66855
0.05469
0.16817
1.76064
2.81601
0.31580
1.11489
2.08322
0.04529
1.55901
3.20711
2.75655
2.53302
1.21825
0.07695
0.97944
1.55305
2.41242
0.04114
1.78048
2.54439
0.49511
0.18543
0.00070
0.90041
0.42116
0.09315
1.76385
0.41641
0.57693
0.18923
1.28703
2.35150
0.59847
1.51565
0.64601
0.89660
0.15410
0.53173
0.80395
1.50936
1.35578
0.49484
1.64071
0.59131
0.80987
0.71047
2.37343
2.22537
0.08849
0.95184
3.10468
1.57300
1.28223
0.11643
0.30172
0.36868
0.11637
2.11498
0.01141
1.87625
0.04240
3.61912
2.48252
2.28308
0.04817
2.17054
0.91358
0.94913
0.49212
2.47185
0.00546
0.28866
2.78376
0.67519
1.32357
0.29531
2.70479
0.75484
0.03660
1.74251
1.29865
0.87320
1.85727
3.39612
0.17392
0.16398
2.14444
2.58517
1.11066
0.54539
1.97032
0.00365
0.11477
1.70616
3.10168
3.05227
1.87118
1.21845
1.68429
1.50969
0.72333
0.47842
2.54238
0.01084
0.02377
0.90275
2.67350
2.16432
1.87708
0.00252
2.44746
1.12255
2.00642
1.22578
0.87525
2.01317
3.27926
0.04369
0.11206
0.02018
2.11279
0.00148
2.42696
0.99919
1.18446
0.32988
1.56041
0.31820
0.69493
0.30630
0.71620
1.35041
0.99354
2.57484
0.46005
3.39368
1.03473
0.57592
0.65802
0.79474
0.03169
0.04266
0.44135
0.76086
0.02820
1.23942
0.71346
0.31397
1.20309
0.05801
0.73438
0.00033
0.14113
0.29411
1.45351
0.43427
0.63034
2.25400
1.16620
1.23294
2.15358
2.19348
0.54850
0.07572
0.05132
2.26198
0.66925
2.70468
0.13445
0.01240
0.87313
0.66464
1.83843
1.35509
1.93990
0.15094
2.97624
0.00463
0.00441
2.99965
2.68939
0.41632
0.49474
1.13475
1.12594
1.00806
0.55366
2.66341
0.27788
1.54044
1.22195
0.81547
1.45825
0.40540
0.17522
1.46748
0.09949
1.44410
2.83693
0.47471
1.19818
1.14094
0.61248
0.53725
0.00250
0.81584
2.62806
1.76210
0.83318
2.52232
1.70581
3.73910
1.22059
0.01120
2.03445
0.38457
1.02671
0.62920
3.48777
2.98286
2.55667
0.42579
1.73851
1.32124
3.81617
2.30058
2.60006
0.53101
0.15192
0.01433
2.34166
0.25594
0.23601
1.31805
3.83344
2.21319
2.90680
0.40804
2.80957
0.14385
1.39852
2.29439
0.00035
2.38973
1.10622
2.82028
3.05069
1.13699
2.65192
2.35958
0.07437
2.16031
2.42260
0.23212
0.02393
0.00139
0.81589
0.00638
0.11659
0.31842
1.74533
0.92468
0.74754
3.16206
0.23770
0.37725
2.60061
0.06532
0.19183
2.53574
0.59766
0.88391
1.94620
2.19341
2.81184
0.04134
0.24775
0.94797
1.84687
0.00100
1.97842
1.43641
0.41675
0.49170
2.29504
1.36502
0.09285
1.79300
2.29293
2.40564
0.08681
0.38049
0.00366
2.65058
0.03141
0.04598
1.32239
1.47342
2.61228
2.14882
0.00357
0.25576
0.00259
1.44356
1.48310
2.45680
0.16813
0.02857
0.70348
0.78105
0.00127
0.34031
0.90005
0.67389
0.66009
1.66973
1.15686
2.34876
3.47770
0.50810
0.06166
0.33084
0.82167
0.40169
0.20536
1.50672
2.03536
0.13557
0.57823
1.60667
0.72531
1.81135
3.01553
1.38613
1.80209
1.38618
0.73469
0.31670
2.43622
0.08476
0.33662
3.31327
0.73681
0.11313
2.22673
1.96344
1.26694
0.00114
0.06846
1.00849
1.01049
2.55303
2.07919
0.00852
2.84648
1.90397
2.42128
0.61316
0.31695
1.25551
1.77400
0.22989
1.71116
0.19862
0.08363
0.46269
1.09292
2.02034
0.16036
0.59982
0.00163
0.01677
1.74907
2.13543
0.26130
2.46738
0.31294
3.51641
1.06131
0.96251
1.03773
0.00001
2.99473
0.06491
1.12216
1.16991
1.08179
0.42858
0.15337
1.46587
1.36289
3.04351
3.24156
2.53609
1.10938
0.68309
0.20916
0.20879
0.90275
1.87865
1.72734
1.07918
1.58113
1.35363
0.49858
0.20660
1.71006
0.86351
0.04522
1.11018
2.03626
1.06720
2.20975
0.21637
2.19410
0.65981
1.25447
0.17628
2.76703
0.08370
2.84302
3.14690
0.25773
1.05654
1.85306
0.28971
0.22988
0.12415
0.63319
0.08886
0.44421
0.77336
1.09728
1.43886
1.08430
2.56033
0.75052
0.69036
0.12392
1.39541
1.56903
1.79368
3.34735
0.00031
1.04918
0.04198
2.48353
2.46986
0.04146
3.27461
2.16148
2.46425
0.00135
1.36458
2.06236
0.01194
2.11300
2.05003
0.46426
2.35929
2.88056
0.00343
0.03413
0.03289
1.03078
1.85990
1.99631
2.63307
1.28935
0.54663
3.22498
3.52286
0.06883
2.72495
2.99253
3.11235
2.54125
0.70740
1.06505
2.84847
2.59242
0.00032
0.00013
0.75340
0.24991
2.48176
0.12731
0.52882
0.90051
0.69076
0.02142
2.04806
0.88433
0.47793
1.13942
3.28471
0.08292
0.13389
0.26154
0.00505
1.84721
1.70718
0.00014
0.00322
1.25676
0.16476
1.91678
1.95806
3.14689
0.04517
1.79709
0.81067
0.73337
0.79200
0.25558
1.00169
0.61021
0.01081
1.86256
1.04797
2.51278
0.12695
0.00830
0.57808
0.70776
0.19949
1.54893
0.57202
0.24903
2.06626
3.38758
0.02681
1.96655
1.24838
3.37983
0.56597
0.82779
2.42411
0.47212
0.46935
2.15231
0.74150
0.17330
0.60840
2.58915
3.35394
0.07559
1.66416
2.46326
1.34289
0.46692
1.08925
1.99600
0.00447
2.38182
1.00306
2.74496
1.33811
0.82410
0.43995
0.30934
0.00000
3.21561
0.09585
1.45124
0.34558
0.06943
2.76435
3.06599
1.99874
1.10790
0.97725
0.31923
1.78400
1.54290
0.94743
0.61579
2.01168
0.26548
0.75061
2.86556
1.19085
2.28693
1.46186
2.89390
0.67538
0.01241
2.34817
0.45849
1.85062
2.26911
2.95381
0.33237
0.46713
1.95496
0.13077
0.70195
1.27343
0.65068
0.00981
0.50134
0.01072
0.12566
0.10348
0.37015
0.78722
0.00875
0.51333
2.74697
1.15880
0.74605
3.14978
2.84430
0.04260
0.71179
0.03916
0.15316
1.42876
2.56690
0.95986
1.75703
3.21573
0.24982
1.15315
1.06566
0.03447
0.77714
0.24587
0.13213
2.87366
0.08752
1.04947
1.77938
0.37708
0.27366
2.56032
0.82984
1.69450
0.98761
0.14246
0.31070
0.67415
3.27370
0.11990
0.03620
0.96995
0.04586
3.32502
0.75701
1.30055
1.73476
0.22323
0.00342
2.51795
0.05281
2.49007
1.58198
0.65701
0.08887
1.27215
2.27063
1.88340
0.14919
0.69388
0.22124
1.10617
0.02702
0.27980
1.13081
1.10647
0.10834
0.46779
0.75445
1.52888
1.36179
0.02792
0.29100
0.06164
0.84912
0.86620
0.15997
2.54697
1.24004
0.00033
1.22295
1.60302
0.16276
2.59903
0.75024
0.00704
0.66084
2.06883
2.44431
1.25745
1.08938
1.44849
0.63764
0.73944
1.47683
2.30789
1.78919
2.58455
0.06705
2.11447
0.00046
0.35947
0.31095
1.38007
0.03779
0.02673
1.99544
1.50563
0.14438
0.83062
2.40287
0.48936
2.95161
1.81873
2.62240
1.09040
0.04326
0.06760
2.27318
0.90161
1.09414
0.05195
0.74929
0.05177
0.70769
0.89437
0.03044
2.45014
1.89729
1.20963
0.10783
0.78414
1.35145
2.83814
0.74326
0.83558
0.18229
1.23468
0.57818
1.44898
1.60716
0.28719
0.00005
3.46391
0.77312
2.43959
3.13726
0.06386
1.24244
0.58087
0.00223
0.21607
2.69139
1.04331
2.72585
0.00765
2.56491
0.05867
1.90269
2.85127
0.00112
0.17439
1.42540
0.51862
1.30281
1.83706
2.28335
0.58402
0.20862
2.67255
2.47511
0.76757
0.01472
3.16524
3.47123
2.98879
0.00157
0.05606
1.21386
2.54929
0.98337
1.63978
1.05599
2.24570
1.61852
0.76300
2.60499
1.84649
1.43738
1.49772
2.95245
0.69736
1.92163
1.41851
2.04554
0.93553
0.01834
1.73198
2.23128
2.86293
0.99103
2.37441
2.83212
0.09954
2.68541
0.26244
3.44753
0.07567
0.02924
0.48770
1.61078
0.79779
3.35526
0.03576
0.20495
0.70178
2.55962
1.96223
3.29439
0.57707
0.27423
2.57937
0.70547
0.33251
2.32201
3.19235
0.99361
0.29087
1.92399
0.01559
0.41013
0.86068
0.05638
1.78606
0.43891
0.70808
3.00062
1.39092
2.74716
0.46011
2.99357
3.47344
0.05812
2.85159
0.42772
1.71237
1.06290
0.57727
2.18499
1.10316
0.30746
0.91990
1.34269
0.07260
1.26698
3.12586
2.44071
0.02872
0.00074
0.41271
3.50547
1.03607
2.54348
1.47187
0.34862
0.29885
0.96016
0.48562
2.16482
3.12188
3.20625
1.36344
0.70811
0.55827
0.23300
1.11463
0.82824
0.85631
0.04984
0.14997
1.01313
1.29389
3.47181
1.31053
0.87319
2.17624
0.73434
0.62423
0.11649
0.44030
0.45344
0.34662
1.13404
0.04765
1.57755
0.74281
0.02819
2.46574
0.02991
0.04057
2.79064
0.64852
2.14923
0.85201
1.41284
3.45198
1.95944
0.01219
0.95391
2.82968
0.88684
2.86811
0.33522
1.55415
0.11005
0.40296
0.69274
0.24874
0.41589
0.50542
0.00012
0.12922
0.34838
0.00140
2.85377
0.12387
0.08928
0.05259
0.07398
1.37129
0.00913
0.51387
1.18973
0.17646
0.01931
0.08980
0.30656
0.62184
2.66666
3.00669
2.10412
2.31229
2.12618
0.02731
0.10908
2.74749
2.65048
0.00021
0.13699
0.07017
1.03990
0.04600
1.94265
1.72883
1.49884
1.57078
0.07368
0.49013
0.72557
0.19343
2.73600
1.12330
1.92791
0.51919
1.38725
2.58777
0.83560
1.25947
0.24332
1.37072
0.33744
2.73076
1.30023
0.43044
1.65033
0.73300
1.32647
0.11715
0.04829
0.07254
3.11248
2.23577
2.17065
0.19857
0.07997
0.13647
2.33468
0.16063
0.81020
0.06470
0.14262
2.49018
2.22446
0.91072
0.53460
2.80377
1.80260
0.04205
0.68983
0.27136
0.35063
0.01350
0.49912
0.75260
0.02433
2.66642
1.86393
3.15155
0.68694
0.50851
0.02506
2.79636
2.44343
0.73680
0.17440
0.01704
1.31473
1.58997
0.63316
0.88923
0.00000
1.13405
0.41102
2.91562
0.51493
0.80253
2.51353
1.12522
0.83542
2.53592
3.10917
0.83627
0.53291
0.14777
1.23143
2.39190
1.32458
0.00872
0.11045
0.24901
0.02886
0.00672
0.01286
0.64056
2.85188
0.02722
1.47244
0.33906
0.00586
3.28274
0.74659
1.72997
0.45201
0.33400
0.76354
0.09826
0.06068
1.17187
1.36484
0.51562
0.02882
2.89158
0.12772
0.65485
0.34705
1.36296
0.00556
0.55831
0.71104
0.03221
0.89505
0.50243
0.17199
2.26513
1.76327
0.90092
2.67626
1.54384
2.92665
0.78306
0.05977
1.60080
0.72897
0.06432
0.21641
0.67961
0.12533
0.37800
2.60318
0.20951
1.39379
0.12594
2.07608
0.57605
0.81385
0.90571
2.26488
0.09111
2.44424
1.08773
0.19036
2.27553
3.33093
3.49842
0.07604
0.00314
0.69302
0.37555
0.00717
0.39105
1.48049
2.56374
1.55368
1.10091
1.75268
2.63967
2.49726
0.65239
1.44281
1.07087
2.17239
2.96122
1.47858
0.47423
0.62081
0.18998
0.08703
0.34237
1.49926
0.09140
0.05743
2.31256
1.47044
0.29064
0.87966
0.81585
0.04639
0.12726
1.48995
2.83848
2.20731
0.04084
0.05474
2.20349
0.19265
2.54937
0.01183
0.11702
0.16252
1.96865
0.02224
2.66883
0.04502
2.08955
1.55463
3.14973
0.99913
1.90383
2.82913
0.67655
0.92307
0.00022
0.96604
0.97201
0.90158
3.08782
0.72280
1.04578
0.00898
3.13444
1.28731
0.05695
2.75339
1.28508
0.38026
2.61566
1.75930
0.19122
2.34544
3.32177
0.31023
2.57384
0.07489
1.82030
1.07467
2.03667
0.33541
0.16447
1.03057
0.78578
1.93911
0.01340
0.12293
0.17755
0.21555
0.08101
0.37688
2.38958
0.39476
0.24969
0.98290
0.46148
0.05864
0.45697
0.78455
0.58088
0.96027
2.96482
3.11589
1.89798
0.00058
1.16609
0.43889
0.22973
1.56826
1.27810
0.25075
0.56691
0.35525
1.32349
0.24827
0.42179
0.00175
0.04811
2.96679
1.94882
0.01136
0.04871
1.52989
0.21470
1.27858
0.69808
2.93859
0.34962
1.39466
0.05395
0.12549
1.47365
0.20895
2.34238
1.37843
2.64158
0.64256
0.69240
2.16880
3.21106
1.40622
1.35937
2.50047
1.48116
3.13352
2.70887
2.44208
0.23594
1.20121
0.30553
2.67586
1.71453
0.09725
1.55087
1.06423
0.02194
2.96402
0.26548
2.16600
0.94072
1.05383
0.00325
2.32281
2.05214
2.40223
0.50147
0.16353
0.01567
2.32887
1.35881
0.13155
0.30271
2.42000
0.00820
1.09564
2.61603
0.42904
1.48958
0.57293
0.45813
0.46540
2.62769
1.66917
1.14237
0.20958
2.09605
0.51076
2.17130
0.95868
2.76152
1.05172
3.00079
1.53520
1.03364
0.45998
0.00000
1.09626
0.39527
1.11219
2.31970
0.86153
3.12382
0.76014
0.09602
0.85892
0.81489
0.08906
2.82244
0.64813
0.17896
0.28089
3.28731
0.02627
0.77951
2.50957
1.56235
0.28303
0.18023
0.02572
0.17615
1.56634
1.63470
1.25275
1.05957
1.74146
3.18960
0.00739
1.06677
1.91589
2.54876
0.13563
2.49421
0.30710
0.02341
0.14928
2.01913
0.28723
2.66650
3.54030
2.05023
0.23188
1.41044
2.71815
0.99715
1.98709
0.31644
2.18176
1.95734
2.75921
1.22855
0.00240
0.02623
0.09209
0.33973
0.09683
0.98535
0.64073
0.00812
2.49775
0.90626
2.79867
0.06150
0.10447
0.02775
0.56642
0.44083
2.17701
0.01543
3.08822
0.13160
0.07623
0.00756
0.27447
0.73891
0.17631
0.03373
0.03364
0.00203
0.04920
0.07015
0.05539
2.38944
0.13394
0.63933
0.68622
1.57136
0.05537
1.05990
2.84373
0.81061
0.95311
2.35372
2.79706
0.54923
3.76022
2.49369
1.93330
1.78025
2.76833
0.00327
2.01344
0.43858
2.02352
1.31586
2.73318
0.56655
0.31247
0.04828
0.01893
2.25094
0.93353
0.31046
1.39462
2.75380
0.12631
3.08051
3.05132
0.92755
0.79271
0.38335
0.56020
0.44994
0.09297
3.34625
1.60750
0.73672
2.03336
3.30440
0.70346
0.08606
0.00095
2.65254
2.85969
3.08479
1.33717
1.34936
3.46540
1.83201
1.11466
3.14743
0.50581
0.45902
1.49304
0.88808
0.11164
0.00653
0.29578
0.07622
0.01536
1.84893
1.35656
0.43460
1.88457
0.72642
0.94856
0.90396
3.06394
1.10510
0.63480
1.27025
0.59339
0.87472
2.95488
0.01736
1.47598
1.30335
0.16548
0.50006
2.69842
2.39470
1.45054
0.11387
1.37735
0.01721
0.53257
2.23558
3.35557
0.88622
0.31328
2.75689
1.77300
1.33225
1.59080
0.03897
3.09880
0.21441
0.27022
2.09131
0.00136
0.57803
1.66636
2.49094
0.18655
1.29869
2.75553
1.14923
0.05405
0.27532
2.72617
0.48697
1.74809
0.44150
0.02872
0.77288
1.50228
2.55654
0.66887
0.01025
0.75655
2.65043
2.84897
1.62825
0.03263
0.54220
0.71806
0.02486
0.04848
2.10695
1.12394
2.87001
2.06118
1.10877
0.07714
1.08451
2.73730
0.89022
0.09391
2.92352
0.11957
2.77436
2.01588
0.03480
0.00100
2.45492
1.49450
0.00070
0.11235
0.11963
0.47838
2.35734
1.26817
1.32228
0.23432
0.00335
0.37753
2.42132
3.30513
2.46148
1.88209
0.00094
2.10807
2.52142
0.38453
1.93140
1.67458
2.68226
3.16032
0.01672
1.05002
2.44439
0.90465
0.12152
3.00949
1.91879
2.60535
2.96499
0.19455
1.47566
2.64494
0.30208
1.77352
0.41037
1.39547
1.07991
0.82352
1.95665
0.31943
0.29769
2.64723
0.05113
0.29778
0.31520
0.06173
0.90933
0.82006
0.71244
1.29798
2.93243
0.10927
0.04179
1.44034
0.03902
1.78555
1.54182
0.92737
2.70855
1.19041
3.15034
0.14496
0.42261
2.15610
0.72010
0.29297
0.60818
0.07292
2.88155
1.99795
0.07630
0.11729
3.12288
0.41080
1.57326
1.21047
1.34838
0.02817
0.68008
0.69536
0.09789
2.04483
0.53351
0.24966
0.16711
1.67580
1.06545
2.40107
0.31155
2.06107
1.21950
2.51397
1.02093
1.45387
0.39073
0.03790
2.11277
2.84747
0.21398
2.69834
1.15701
0.48122
0.06035
0.88801
0.24432
2.77671
1.06799
3.00990
2.81030
0.55535
1.57268
0.25025
0.84231
1.54853
2.07689
3.15225
2.28294
2.47734
0.03701
0.00128
2.71564
2.70184
2.21178
0.53335
0.31654
1.94182
1.60265
1.40681
0.74167
1.89511
1.45400
1.20989
0.13251
2.71476
2.55546
0.79185
0.37734
0.20373
2.29267
0.20853
0.19315
2.97032
2.06236
2.01565
2.20049
0.19429
1.51402
2.74275
0.07471
3.17847
2.48978
1.21464
0.16948
2.82304
0.08034
0.45026
0.42036
0.95724
0.02882
0.28949
1.14937
2.32857
2.18884
0.19387
0.02157
2.05005
0.36739
0.00290
2.21927
0.00204
0.94835
1.15086
1.97138
0.02036
0.15224
0.14916
0.32236
0.48077
2.72305
2.37140
2.12590
1.51895
1.35721
1.34662
2.35344
1.00825
0.65297
0.46315
0.61695
2.77212
2.38585
0.02704
3.33064
0.17457
1.97293
1.99226
0.01493
3.73783
2.90440
0.16350
0.10728
0.18185
2.85551
0.53434
0.34908
0.07628
1.17470
1.19375
2.86859
0.70719
0.01366
2.69850
1.97198
1.41875
1.03959
0.55472
2.02252
0.00688
1.55449
0.19228
1.97445
0.00863
0.38171
1.64054
0.56191
0.02482
1.72815
0.66756
1.80751
1.71686
0.11070
0.25022
1.26617
0.81222
3.00251
0.00717
1.53046
2.77215
0.61698
0.94516
0.18733
0.89382
0.61845
0.00345
1.79982
0.31546
0.20851
0.73127
0.01236
1.03469
2.39807
2.67616
0.02886
1.10350
0.06937
0.03090
0.00223
0.09607
2.88280
0.02917
3.36276
0.54761
2.83263
1.95225
0.35979
0.76661
0.09041
1.73701
0.27749
1.69514
0.59869
0.66271
0.48122
1.56374
3.31735
1.53679
1.02038
0.01794
3.34089
0.05091
3.18090
1.78643
0.41637
2.19035
2.26210
2.29777
0.18115
1.48068
0.01473
2.79368
1.76369
1.70495
1.15488
2.72466
0.83495
0.33554
1.61871
2.13011
0.16873
3.44303
2.91725
1.47034
0.58860
0.03252
0.70395
0.79531
2.00556
0.19728
0.97837
0.18440
0.08476
1.13077
0.31744
1.04982
0.01241
0.15992
1.98519
0.29451
1.95503
0.01627
0.01243
0.05529
0.10440
0.06614
0.06278
1.13161
2.95505
2.29471
0.36645
2.26675
2.41127
2.65919
0.89638
0.01290
2.64706
0.02122
3.29661
1.39586
3.04341
1.04618
2.68641
0.40226
0.79253
0.52162
2.64665
0.14436
0.92818
3.04055
0.21151
2.56809
1.09733
0.19395
3.28505
2.00924
1.11298
0.87250
3.05973
0.02417
2.17342
0.58274
1.49380
0.89954
2.93193
2.39099
0.35359
0.35671
0.39541
2.34603
0.40493
0.12797
0.65823
1.91606
0.11075
1.92852
0.60284
0.54166
3.62403
1.02694
2.52918
1.87423
0.04941
0.83430
2.69115
0.33214
0.08973
0.00011
1.14668
1.28928
1.55410
0.90735
3.17272
0.65484
0.36243
0.33992
2.22413
0.40912
0.00281
1.14071
0.20540
0.99418
0.54459
0.04694
1.64669
0.02197
0.75997
0.38210
2.34595
0.15453
0.80185
1.95923
0.27678
0.02831
0.56694
2.29566
1.90281
0.26567
0.26532
2.17255
1.13591
1.40873
0.56495
0.29064
3.15679
2.19771
1.96349
1.84907
1.73566
2.84488
2.97308
1.11194
2.94518
3.13181
3.03960
0.05593
1.59995
0.01326
1.20838
0.00393
2.60825
0.83939
1.26953
1.86944
2.18377
2.82171
1.93994
0.32197
0.58039
0.10358
0.15364
2.24352
2.24377
1.40781
2.94602
0.75535
1.21499
0.83557
0.00008
1.95731
0.39767
0.15647
3.06659
0.63260
1.20694
0.05365
0.63172
0.01628
2.31285
0.39016
3.13446
0.35676
0.12331
0.31504
0.62492
2.71102
2.84255
2.92603
2.29560
1.73294
0.30377
0.10892
2.71818
1.18069
0.09330
2.81194
0.17102
0.74818
1.09426
3.31680
0.02799
2.45157
2.38800
1.53903
0.65533
0.02673
0.04325
1.80255
0.23731
1.85609
0.05202
0.02609
3.23638
0.53972
0.53699
2.39672
2.18760
1.30651
2.63093
0.47640
0.40034
0.37429
1.00095
0.38024
2.14434
0.10371
2.57812
0.98325
2.11100
0.12637
1.50573
2.01709
0.26151
3.11293
1.93786
0.39666
2.39438
2.56674
2.92069
0.23134
1.53677
0.01048
1.27770
0.04267
2.90905
0.02643
2.21534
0.02307
2.54082
0.01749
0.42988
1.51510
1.47920
0.21140
0.50433
1.31259
0.10436
0.00510
3.63866
3.52565
1.48813
0.67992
1.05268
0.68513
3.29426
0.28717
1.97576
0.00294
1.99054
2.60649
0.24890
0.00253
0.82002
0.04003
1.84593
3.00801
1.19115
1.72006
2.63152
0.21598
0.69868
1.75120
0.60812
1.36671
0.60675
1.61383
0.04224
2.29795
2.29981
0.01296
0.49367
0.96225
1.25352
2.02957
0.34456
2.42578
0.88473
0.00003
0.00225
2.79582
0.24485
0.74513
2.02211
3.30528
3.00927
2.82367
1.18725
2.83152
2.18670
0.08668
1.17117
1.58138
0.67382
0.27662
1.44878
1.46202
0.11321
1.72116
2.53022
0.23895
2.44295
1.71696
0.91042
2.98169
2.41356
0.12525
2.62478
3.47902
0.09641
2.14352
0.57873
0.86264
0.01870
1.20346
1.71389
0.79764
2.43865
2.13503
1.04475
0.00065
0.01180
1.95546
0.04412
0.15908
2.26833
2.31362
0.71110
1.14666
0.02212
0.63383
3.22984
1.97768
1.17098
1.74254
2.60940
2.42883
1.45102
0.14204
1.83130
0.26721
0.09382
2.05270
0.17595
0.11753
0.55266
0.27902
0.20440
1.19657
3.03004
0.41645
0.03888
1.29339
2.81495
0.82163
1.51157
1.89771
0.01459
1.70184
0.00080
0.96563
1.06743
1.05723
0.54608
1.12398
0.09817
0.27775
0.24717
0.82739
0.75204
0.96232
3.23037
0.69637
1.06412
0.75510
1.05007
1.62541
0.30667
1.18707
0.18301
0.17885
0.98241
2.41975
2.29397
3.08248
0.02865
0.62073
2.74083
1.59780
2.76991
2.85674
0.68709
2.97641
2.87250
2.58659
2.28278
1.14432
0.88688
1.17483
0.06138
0.66998
0.00058
0.91906
2.73587
2.95159
0.27040
0.02360
2.05384
0.72574
1.17201
2.45607
0.85013
2.56089
2.19331
2.49167
1.67486
2.75178
2.76594
0.21185
1.09421
0.00648
0.98898
2.64780
1.42538
0.39750
0.04550
0.52270
0.45290
0.02601
0.82259
0.04331
0.04583
2.55459
2.32717
0.12003
0.00022
0.03469
0.00167
0.37115
0.06013
0.87486
0.72682
3.13237
0.64529
1.24012
0.94747
0.04004
3.13042
2.56002
1.31649
0.10368
1.64740
1.60631
0.08285
1.06811
0.08716
3.09056
0.90061
1.40050
2.03383
0.01269
3.06494
0.66213
0.08668
1.36792
0.01993
0.00374
1.91270
0.18523
1.23330
2.48316
0.06728
0.86916
1.59927
1.82446
0.23687
0.24071
0.18334
2.16214
1.89295
2.66262
1.02129
2.42568
1.71128
0.01119
0.26048
3.10787
1.62213
1.90058
2.30770
2.38777
3.08706
0.03112
2.03214
0.24685
0.33558
0.02098
0.07144
0.16568
1.87204
0.73147
1.61251
2.44130
0.02551
1.80936
3.32796
0.39554
0.92830
1.28482
0.08143
0.93497
0.91077
1.64033
0.00110
2.26005
2.50064
0.23161
3.16354
0.07206
0.08418
0.03041
0.60313
0.67482
2.81914
0.38946
1.93252
0.28174
2.19799
1.68172
1.70080
0.02213
0.10860
1.34440
0.77662
2.30925
0.02311
2.52131
0.88140
0.00004
0.84144
3.33142
0.22136
1.35737
2.85544
1.86820
0.14721
2.00753
0.84718
3.05401
1.27994
0.92544
0.10185
1.89949
2.62489
1.65639
1.43143
3.18227
0.23326
0.16962
0.78041
2.67992
1.63656
0.10585
1.31555
2.31766
2.81336
1.33735
2.49635
1.28885
1.76434
1.62614
0.12151
0.17466
0.09090
3.49708
1.63551
0.00012
3.18671
1.34058
1.67283
0.10227
0.41435
1.21780
0.52073
0.10344
0.07536
0.00039
2.11440
0.09551
2.65581
0.07537
1.86004
1.49308
0.10842
2.13490
1.57948
1.35841
0.17904
0.13274
2.93331
0.01840
0.00618
2.66679
1.71154
1.58557
0.20329
0.04183
0.76902
2.51050
0.57685
3.24706
2.62854
0.09849
0.08084
0.07124
2.73198
2.50290
2.44912
1.22999
0.27473
3.31551
0.05902
1.38824
2.33818
1.99133
0.02219
2.75409
0.38316
0.24401
1.59952
0.55044
2.02783
1.83281
1.26310
2.44400
2.16880
2.92575
0.44697
2.59672
0.64493
1.71956
0.53150
0.94851
0.10801
0.02900
3.36066
2.09077
0.70745
3.22680
0.02284
2.45206
2.15265
2.69807
0.81636
2.87337
0.00999
2.65088
0.16288
0.79284
0.28134
0.21922
0.09301
0.82427
0.98947
0.40257
0.10907
0.18357
0.07644
3.30408
0.01005
2.24534
3.43541
2.50702
0.48846
1.14127
2.26031
0.28321
1.50410
0.46966
1.00609
2.64556
2.86117
0.93439
0.78969
0.38358
1.17703
2.16083
2.86096
1.98797
0.38759
0.42473
0.86996
3.66086
2.45686
0.22502
2.47395
0.56574
2.62352
0.49537
0.16862
1.19089
1.42081
2.17220
0.98263
2.54180
2.22026
1.76464
0.88502
1.87232
0.07373
0.28901
0.33033
0.01436
0.10402
1.54095
2.75657
0.03917
1.76471
0.91781
0.00441
2.85595
0.03432
0.42134
0.72415
0.00375
0.87114
1.94883
0.31060
2.62039
0.17452
2.57524
0.07508
0.76887
1.79278
0.04083
2.33003
0.14722
0.18461
1.02943
0.37420
1.62046
1.56883
0.15879
2.78678
1.04330
1.72519
0.92019
0.77621
2.47663
1.39113
1.32475
0.27277
0.64233
1.69722
0.01114
3.25440
1.14707
0.03238
0.34544
3.33262
0.00471
1.22473
0.12600
0.26106
1.30162
1.30440
0.39090
0.45872
1.17356
1.20381
1.14058
0.17820
0.47811
2.19443
1.67475
0.48264
0.63030
0.35059
0.25391
0.02331
0.93740
0.02028
2.28767
0.00044
1.79677
0.52556
2.91778
0.67769
0.00199
1.54321
0.38535
2.67710
0.05973
2.42651
0.05266
2.32048
2.67059
1.34229
1.36673
1.77851
2.91287
0.11046
0.13638
0.52250
3.27103
2.09306
1.15765
2.97700
0.56782
0.05822
1.65569
1.81521
0.12239
1.89243
0.00003
0.06356
0.20271
1.16765
1.79779
1.30037
0.71033
1.18388
2.35977
1.52102
0.14682
0.00118
0.00691
0.03292
0.35653
0.10218
2.83703
0.31991
1.98723
0.39819
2.27666
1.56737
1.64567
0.57281
1.39717
2.83533
0.03014
0.74385
0.53115
0.06166
0.01231
0.07536
0.02730
0.87893
1.52940
0.96972
0.59991
2.46301
2.70645
0.42131
0.34803
2.66141
0.00513
0.03596
3.43796
1.76694
0.72290
1.10925
0.18655
0.00000
0.20477
2.00662
0.09983
2.37806
0.59472
0.13032
0.81453
0.39709
3.57029
3.28584
3.21606
1.84840
0.96738
1.89224
2.73928
3.47644
0.00251
1.56790
0.00353
0.06848
1.73795
0.05621
1.25981
0.29036
0.27318
1.31678
0.19131
1.01949
0.67021
0.05181
1.02908
0.68369
0.06985
1.89778
2.03853
1.12588
0.01647
0.03146
0.60055
1.09003
0.01094
0.49617
1.50343
3.20129
1.00963
2.59038
0.32320
1.84366
1.43141
0.42572
2.46449
1.19965
0.23902
2.77586
0.11589
0.23020
0.03389
0.72871
1.24744
0.07499
0.78194
0.60468
1.49730
1.80766
0.49144
0.21977
0.97196
0.10346
0.01465
0.61726
1.71999
0.25657
2.67707
0.01947
0.95641
2.25998
0.52274
0.01407
1.77551
0.00865
1.70495
0.70162
0.76668
0.11901
1.93417
0.77288
2.40927
1.70731
0.93641
1.00448
2.96387
0.04753
2.10179
1.15047
0.33563
2.08528
0.01054
1.46872
0.00002
1.58663
2.56218
0.97697
0.47818
0.36368
1.78395
0.19175
0.06525
0.12572
1.69267
0.11487
0.03892
0.02720
0.09655
0.29533
1.25783
0.10868
1.47079
1.55708
0.03248
0.01161
0.82813
0.37527
0.70005
3.09750
0.15451
0.06664
0.69951
0.06516
0.08902
0.02575
0.43294
2.45148
1.93736
0.14180
2.42685
1.44938
2.95884
1.38938
0.00048
0.24662
1.61693
0.23941
0.13329
1.65601
0.11474
1.53776
0.00875
0.27999
1.98346
2.96462
0.12619
0.60852
0.20386
0.47824
1.07549
1.69447
0.31767
0.80569
0.37966
0.00260
0.07016
1.11565
0.93086
1.28683
0.03959
0.77854
2.23258
0.28848
2.57455
2.12930
1.00488
0.64736
1.30991
1.08004
0.46743
1.27025
1.89324
0.51798
1.72755
0.08963
3.30040
1.60161
0.28287
1.88415
0.62673
2.11619
1.10729
1.32738
3.12229
1.28097
0.06035
1.42895
2.87107
2.30515
0.15250
0.01869
2.83586
3.03062
0.07686
2.87884
1.11550
1.23944
0.12510
0.03497
2.27925
0.47102
0.23606
0.04035
2.84065
3.13911
1.95131
2.60645
3.71148
2.89936
1.29301
1.92788
1.35803
0.00824
0.57825
0.45185
0.40724
1.36025
3.17341
0.06736
2.23471
3.02330
1.55751
1.16815
0.03830
0.96070
1.77749
0.86551
1.24524
0.52015
0.04240
0.02631
2.24546
0.77324
2.57542
0.60575
0.06492
1.77130
0.21334
0.63186
0.43002
0.25477
1.19018
0.06835
1.39699
0.01246
2.49720
0.06253
2.40707
1.16375
0.38746
0.31475
1.62729
0.00809
1.60046
0.03855
0.24381
1.78743
2.89664
1.51840
1.59240
1.63693
0.08310
0.04784
0.20807
0.78533
0.00478
0.00067
0.08027
0.46760
0.00171
0.93843
0.00021
0.02623
0.03685
0.03904
0.01045
0.07942
0.00042
0.06880
1.00533
0.03575
3.65356
0.38301
0.01272
2.06990
1.16396
1.14144
0.16663
3.00630
0.95793
2.50001
1.69565
0.18337
0.14892
0.07202
0.04067
2.42623
0.00945
0.99790
0.00329
2.22763
1.32565
0.00088
2.15799
0.00085
0.53460
0.00033
0.71553
0.00455
0.82794
2.43026
1.26716
1.07150
2.56255
1.38395
1.80122
0.53499
0.05439
3.14772
0.01512
1.06958
0.99496
2.52357
0.12231
0.12069
2.30515
0.00034
1.24433
0.60745
2.71687
1.58282
0.09093
0.62079
1.15028
1.93404
0.22972
0.02792
2.25833
0.05796
0.03051
0.94066
3.18666
0.88200
1.45339
2.19236
1.79968
3.11458
2.92122
1.35156
0.62225
1.88847
1.33444
0.76117
0.00309
1.32585
0.42437
2.35365
1.83499
2.09724
1.54673
2.64108
3.31207
2.41837
1.99647
1.15126
3.04979
1.70733
0.39002
0.27218
1.73603
0.77408
1.21231
3.19834
0.00543
1.39729
0.17390
0.42987
2.72873
0.95401
0.68939
0.10967
0.26964
0.01293
0.33085
0.01370
2.31255
1.38375
0.12784
1.37965
1.99879
0.70899
2.25193
0.05396
1.38892
2.18923
2.45616
0.18687
2.29126
0.29018
2.12905
2.19488
0.71043
0.00866
0.09130
2.05065
2.27884
3.35225
0.04060
0.21325
0.38196
0.07289
2.58389
0.83879
1.19864
1.31111
1.14068
0.51587
1.52093
1.80385
2.67439
0.41231
0.01671
0.00074
2.02612
1.50902
0.29064
0.94643
1.78827
3.29616
0.13860
0.00027
1.59132
2.95372
2.52017
2.35544
2.56156
2.78889
0.53901
2.80196
1.83393
0.77657
0.26477
1.00285
0.23289
0.16796
2.60089
2.25065
1.32336
0.06392
0.45209
0.16433
1.83695
0.02899
1.92120
0.41151
1.34177
0.19035
2.76619
0.00578
0.18076
1.85481
1.66200
2.55703
2.77220
2.39421
0.10274
0.00035
2.04110
2.57667
0.89024
0.00436
0.01339
1.40302
2.66781
1.26875
2.52993
1.77315
0.13070
1.08392
0.65449
1.94553
1.08393
1.81197
0.39964
0.42846
2.93796
2.11057
1.54651
1.62476
1.74676
2.76316
1.30022
0.09145
2.05313
0.00234
0.09366
0.10004
0.25814
2.44831
0.58853
2.20672
1.49196
0.49733
0.44386
2.69898
2.05927
3.03714
0.02900
2.81774
3.00842
2.16334
0.30703
0.00640
0.85152
1.58327
0.05701
0.02045
0.50418
0.39743
1.62194
0.43062
0.22794
0.00546
2.33530
2.22791
1.05800
0.00120
0.68314
0.11981
0.24300
0.10117
0.10675
0.00139
0.66800
1.30241
0.00000
3.27441
2.02748
2.26291
0.25576
0.42885
0.59972
1.20239
0.08485
0.05937
3.03849
0.97929
1.34701
0.07600
0.37523
2.21389
1.93486
0.23744
1.35684
3.24283
1.16794
0.07657
2.94149
0.04780
1.86133
0.63372
0.91429
3.31266
0.73457
2.94718
2.07517
0.81143
0.66151
0.91749
0.86158
0.66193
0.36754
0.79221
2.80537
1.28994
2.33096
2.28978
1.37758
2.33621
1.73164
1.08854
0.80501
0.29685
2.60586
0.17962
0.90202
0.23635
1.63587
2.26923
0.54663
0.38588
2.80370
2.74598
0.09442
0.08778
2.82437
0.01036
1.52072
1.21330
0.25996
0.13967
2.89596
1.60980
2.10748
0.24434
0.66529
0.31593
1.72643
2.27953
3.36230
0.10484
1.75977
0.10697
3.33161
2.88430
2.47607
2.48286
2.14104
0.50850
0.47567
2.50654
0.87302
0.34494
1.17280
0.94963
0.10037
2.22133
1.15958
0.06678
1.52948
0.01494
1.13125
1.70958
0.73916
2.59627
1.64970
3.31980
0.15716
0.30449
0.00033
0.98133
2.65544
1.10905
3.11077
2.75057
3.26633
2.31229
1.69304
0.04726
1.82641
1.27546
0.91973
2.56351
0.42780
0.13956
1.33603
2.07334
1.68742
2.71608
0.42661
0.00214
2.16079
0.29179
0.03344
3.09181
3.01646
1.84412
1.08570
0.49465
0.53249
1.77198
2.99360
1.09166
1.15540
2.97953
0.60399
0.81540
0.13608
3.11071
1.88089
1.76780
2.15380
3.75059
0.25342
0.77211
0.13135
1.60502
0.03755
0.15709
0.35565
1.07908
1.16575
1.93376
2.26192
1.37888
0.93220
1.46900
0.15107
2.19927
1.29649
0.02963
0.08688
1.82992
0.98208
0.01368
0.03857
0.24670
2.83344
1.38335
0.81887
1.44246
2.13441
0.56353
0.00542
0.46805
0.00465
2.10686
0.46190
0.57333
0.43096
2.52379
0.62957
0.11557
2.12446
0.05826
0.56805
0.03864
0.00123
1.46399
1.26351
2.28084
0.43400
0.04472
1.85872
0.62489
0.56972
0.67784
2.33745
2.36658
3.06172
0.16119
0.02008
2.94673
0.15706
1.11328
1.11672
0.20144
1.09635
0.00243
0.51651
2.91483
0.16389
0.29395
2.36929
1.64919
3.27835
0.58477
0.21476
2.27956
0.85212
0.14356
0.66216
0.03266
2.87503
2.30528
1.62496
1.43278
0.57572
1.02057
2.54550
3.09275
1.66772
2.23686
0.46636
0.13654
1.11209
0.98940
0.02768
0.19585
0.23919
0.01274
2.38423
3.16977
0.47538
1.99671
0.20572
0.35883
0.31354
3.25901
3.02180
1.34639
1.92445
0.00298
1.17688
0.03201
1.24256
1.64057
0.00497
1.65533
1.61495
0.10220
2.01386
0.12260
0.00000
2.89563
1.90303
3.13095
1.88619
2.38067
0.36383
1.70447
0.28402
1.32314
0.32988
0.48436
0.02711
1.05263
0.21433
1.46242
0.37138
1.51547
2.53686
3.22899
0.00657
0.63180
2.81969
2.93370
1.68197
0.22310
1.67497
1.78917
0.43082
2.33106
2.07740
1.36502
0.00038
1.97653
0.87309
0.99461
0.62106
1.62836
0.12208
0.98104
1.43121
0.84603
0.99428
0.08381
0.27360
0.01019
0.00746
3.55712
0.07359
0.68391
0.81814
0.30011
0.00092
0.05388
1.97308
2.78175
1.27261
1.57053
0.70661
0.55356
0.14140
2.40316
0.00209
3.11111
0.05205
0.39125
1.24870
2.72296
0.50927
1.78697
0.36553
2.33101
1.05724
1.21979
0.66536
1.09990
1.41335
2.43330
0.00721
0.00381
0.91459
0.00212
0.72681
2.38553
1.20354
0.00976
2.25243
1.47925
1.90079
1.66308
1.99310
0.91024
1.43134
1.75627
0.21664
0.32253
1.20610
1.00770
1.13458
0.01987
0.00445
0.16772
1.20610
2.52870
0.75824
1.78232
2.42808
1.91889
1.18556
0.02694
2.14967
0.11420
0.26095
3.18952
1.89164
0.03811
0.19591
1.59871
0.39268
1.65308
2.30238
2.49781
3.10992
0.50653
2.60444
1.78331
0.42110
1.45811
0.13742
0.72397
0.24641
0.11802
0.01021
3.37915
0.00010
0.86706
1.31181
0.01403
0.16083
0.36944
0.88003
0.91305
0.02436
2.29191
0.00771
2.00468
1.82508
0.35931
1.14201
1.52783
0.51307
0.61778
3.54210
0.20568
2.10424
0.58670
1.43698
2.72673
1.88039
0.01324
0.77008
1.45209
2.27309
1.63229
2.19426
0.61528
1.46612
0.04660
0.22116
0.00399
1.48864
2.05566
0.07342
1.64938
0.00477
0.01639
0.45830
1.32954
0.29538
2.69314
1.39780
0.68397
0.82188
0.55236
0.42173
0.12132
1.01580
0.00577
2.92449
0.26422
0.13154
2.16803
1.00812
2.55445
0.12319
1.24857
1.34745
1.82204
2.34128
1.65927
1.46845
2.77898
2.96119
0.18358
2.39302
0.10962
0.02751
0.00308
0.33993
3.33380
0.65754
0.64838
0.08530
0.58817
0.01508
2.10037
1.89325
0.52248
2.08173
0.24257
1.07920
1.69603
1.82766
1.03019
0.01851
2.31435
3.08050
0.02119
0.20645
3.46823
0.22481
0.01547
3.42295
1.49752
1.79105
0.23756
2.41218
1.30725
1.58206
0.57577
2.54200
2.34689
3.12284
0.23141
0.02479
2.43583
0.89546
2.66053
0.55409
0.58792
0.13396
1.29467
2.15646
0.08597
1.86682
1.26171
0.65458
2.17628
0.02663
1.10322
0.17900
0.04738
0.22988
1.20168
2.18610
1.67943
0.95703
0.18022
0.18937
0.83096
0.02155
0.08669
0.05437
0.99368
1.73628
0.72809
1.83621
3.05149
1.13205
1.35330
0.86541
0.78333
0.00000
0.02505
0.39392
0.01627
1.38846
1.11944
0.41726
0.22214
1.60531
1.73544
0.30469
0.03701
0.00417
1.57744
0.01041
2.80453
1.55551
2.25522
1.58108
0.01511
0.04014
0.38110
0.12923
2.77246
2.00873
1.63536
0.46581
0.00938
0.19806
1.52733
0.27248
0.03259
2.89672
0.67714
1.77532
0.38996
2.14838
1.55209
0.02589
2.52080
0.86618
0.01922
0.05236
0.04203
0.00046
3.31266
2.15083
1.77803
0.84071
0.02753
0.76624
0.91514
0.22864
1.38154
2.68830
0.05058
0.80129
0.25671
0.76484
0.85168
0.36814
1.27304
2.96756
2.74260
2.85997
2.73386
1.74544
3.28042
1.49973
0.63462
2.50484
0.41125
0.76527
0.50929
1.24573
0.52752
2.55895
0.02800
0.74229
1.18158
2.66887
0.71691
0.57592
1.37350
0.17911
0.00063
0.33696
3.13377
2.14671
0.14127
0.22207
1.75863
1.83247
0.37050
2.68616
0.02052
1.56658
0.00013
0.04508
0.71988
0.08053
1.90842
0.00913
0.05055
1.04813
0.04121
1.61604
0.02379
1.50328
0.10626
0.09945
0.13274
0.22622
0.02636
0.80055
0.37965
0.19316
0.94891
0.36295
1.20272
0.00373
2.36851
0.97867
2.03755
0.12664
1.48058
0.44662
0.00115
0.01149
1.48114
1.07543
0.22756
0.21516
2.15530
0.10780
1.51056
2.16829
0.00072
1.85032
1.73377
1.38118
2.75932
2.38076
0.44566
0.42732
1.63054
0.00033
1.89941
1.95724
0.08900
0.64766
2.55347
2.24810
0.76855
0.01067
1.11425
1.18937
1.07237
0.29202
1.24093
0.07155
0.46476
1.79527
1.16869
0.96463
0.70577
0.22196
0.00000
0.46639
0.50825
0.39806
0.50402
0.02325
0.18662
0.00176
0.00790
2.49137
2.73507
0.23760
0.06864
0.19968
1.80995
0.93397
1.74588
2.95721
2.50783
3.68280
1.26007
3.47246
0.96926
0.00054
0.01614
1.53488
0.00657
0.01873
2.77693
2.13182
1.60594
0.85989
2.40680
2.25673
1.87328
0.27644
2.04897
2.61285
0.02400
0.51482
2.27098
0.48965
1.76051
2.21820
0.00233
1.85253
0.13451
3.69862
3.24527
1.04104
2.44715
0.46108
1.04831
1.16101
0.41195
0.00055
2.07400
2.30989
3.55416
2.04270
0.82542
2.62495
0.08049
1.34442
0.00846
2.49315
0.72761
0.50466
3.10617
2.76068
0.01290
0.95484
0.18293
0.29060
0.02290
0.03278
0.13210
0.40747
0.10631
0.13658
0.53425
2.11244
0.16645
0.03677
1.56987
1.34372
0.60244
2.60981
1.16582
0.01518
1.74472
0.00205
0.04906
0.22919
2.78066
0.83038
1.41104
1.90679
1.96095
0.57338
3.14012
2.13306
2.79877
1.64425
0.88893
0.80187
1.85293
0.28925
0.00004
1.59381
0.73396
0.17586
0.30060
1.25533
1.21817
2.28442
2.43144
0.60615
2.89541
2.58220
0.00001
2.25764
0.22591
0.13620
0.06506
0.22996
2.82988
1.46855
1.62320
0.33647
0.18107
1.15332
1.56930
0.47774
0.03659
2.06997
0.50330
0.04753
0.56594
2.15832
2.40659
0.27668
2.01569
0.01860
1.58157
1.54977
1.35944
2.42543
3.60744
0.06887
0.16575
0.06884
1.09575
0.06181
0.68258
1.41981
0.07608
1.53383
1.78704
2.63649
0.78364
0.42052
1.51687
1.42778
2.83956
0.00019
1.36228
0.47287
1.47510
0.77137
3.07479
0.88402
1.66759
2.36423
2.42200
0.01881
1.14860
1.98718
0.40557
1.27279
0.75955
2.79984
3.18062
0.12498
2.97094
0.81587
0.20662
0.06374
2.20850
1.19734
0.38362
1.19654
0.03146
0.02808
1.14058
2.87524
2.02307
0.86755
0.93517
0.00065
2.78201
0.83332
0.67485
1.24957
1.89233
2.18021
0.57044
0.28915
0.01834
0.00629
0.17018
0.36813
0.40522
0.14691
0.00634
0.34727
0.09848
0.02156
2.68576
0.68477
1.48107
0.01869
2.64892
1.65919
1.32366
2.62748
0.57982
0.90709
0.16119
0.00011
1.48573
2.22648
1.04406
1.65514
2.61914
2.30101
1.92806
2.06431
2.79709
0.03397
0.14753
1.86609
1.32720
0.30023
1.07905
0.36437
0.74192
3.21162
0.63722
1.95257
0.26925
1.05766
0.07681
0.11700
0.01645
0.13275
1.70134
1.76678
1.35608
1.65298
1.18599
0.39274
0.01979
0.39765
1.45186
2.89416
0.85750
1.72645
0.24979
0.41221
0.61120
1.99433
1.74798
1.97592
1.32922
0.11000
0.82002
2.37995
1.28675
0.31328
0.90272
0.58795
0.05887
3.11003
1.10780
2.65942
0.23353
0.03854
1.73561
