3.97862
4.16346
4.12647
4.09653
1.82161
4.03160
4.23701
4.07023
3.00425
4.11594
4.15064
4.28734
3.79447
2.98317
3.44998
3.89942
3.75621
4.26311
1.70542
3.55409
3.78954
3.54440
3.67549
4.17648
4.20954
3.86109
3.51055
4.16133
4.36757
3.61041
3.25329
4.24636
3.72319
3.84276
4.05106
4.15091
3.80911
4.13158
3.95461
4.07589
3.98384
3.87800
3.76923
2.99405
4.13118
3.64537
4.24152
3.69112
4.07954
4.38182
4.31309
4.38305
3.39584
4.40503
3.90726
4.35238
2.75069
3.56801
4.18353
3.92754
4.14233
3.87387
3.98339
3.81922
3.53198
3.83380
4.10778
4.21369
3.87836
3.38454
4.26168
4.34140
4.15753
3.84798
4.08242
4.06517
2.85845
4.13699
3.86118
3.29339
2.14899
4.16892
3.68508
3.70863
3.78888
4.29242
3.90014
3.80122
3.81549
2.77573
3.85057
3.42314
4.30145
4.13854
4.28705
4.23419
4.20859
4.15379
4.33185
4.17790
3.91011
2.54557
4.34212
3.74223
3.94743
2.25639
3.05008
4.26254
4.17468
3.89889
3.55402
3.58173
4.24121
3.32563
3.18862
2.76791
3.65862
4.04444
4.27168
4.03277
4.33964
4.27826
4.06881
4.16940
3.75103
3.77387
4.22284
4.08758
4.27942
4.05957
3.74997
3.92335
4.32130
4.15863
3.87891
4.26468
4.03611
4.22878
3.86274
4.04704
3.87084
4.32033
4.08404
4.21527
4.31870
2.65751
4.34629
4.10489
3.99295
4.21053
4.22671
4.30226
4.00272
3.91276
4.26663
4.31223
3.82798
1.94222
3.69875
3.62814
4.36720
4.26748
4.09944
4.00602
4.32507
4.18269
3.63275
4.11984
3.94175
4.05213
3.50186
3.89244
4.03180
4.21303
3.43640
2.97798
4.11358
2.39485
3.40139
3.97573
4.19722
4.08419
4.02842
4.24359
4.10287
4.30073
3.63520
3.56416
3.86881
2.81573
3.63051
3.98101
4.21096
4.20224
2.81955
4.00410
3.94953
3.61866
3.59301
4.09215
3.00701
4.31389
4.13806
3.73183
4.35812
3.90579
3.71022
4.32882
4.43311
4.36695
2.79862
4.23714
4.20800
3.98044
4.35079
3.85060
3.64436
2.52606
4.17860
4.18628
3.09090
3.56386
3.55309
4.31674
4.33528
3.99248
3.75988
3.79905
4.05133
3.61025
3.80368
3.42849
4.29128
3.30180
4.38761
4.11175
4.18796
4.05113
3.26647
4.27608
3.55859
3.74280
4.29647
4.23526
4.13778
2.69983
4.03340
4.33250
4.07126
3.54260
4.02579
4.03474
4.08137
4.30477
3.83879
4.10664
4.20235
4.31648
3.95310
3.71153
3.95303
2.68578
4.32345
4.21978
4.14669
4.29335
4.07749
3.88258
3.85417
3.83234
4.00422
4.27154
4.19207
3.91528
3.67325
4.10166
1.99592
4.20149
2.41738
2.68573
3.69877
3.74504
3.97364
3.98077
2.42756
4.23247
3.59411
4.17607
3.82150
4.11099
3.99428
4.15036
3.87267
4.11686
3.73735
3.88593
4.01638
4.26497
4.29832
4.14565
3.87990
4.22369
3.92746
3.78524
3.40732
4.12515
2.08222
4.03275
4.23763
3.59491
4.12785
3.47273
3.30140
3.67085
4.31637
4.29886
4.21753
4.28410
4.30576
4.18879
3.89701
4.39804
4.32566
1.86999
4.21436
3.78595
4.11542
4.04303
3.90218
4.17966
3.45196
3.87788
3.44412
3.61204
4.30185
2.77717
2.26430
4.15495
4.23113
2.87310
4.00069
3.52306
2.95416
2.50514
3.22337
4.13413
4.22162
4.20595
4.17849
4.17552
4.19533
4.05311
3.77114
4.23438
3.89952
4.33419
4.04730
3.70741
4.27042
4.16226
4.17114
4.02310
4.01053
3.40760
4.01094
4.04903
3.90090
4.19287
4.15658
4.07335
4.13326
3.19157
4.13833
4.14905
4.15259
3.71226
3.76933
2.44126
1.80364
3.89841
4.08642
3.81652
3.38311
4.35511
4.00611
4.02447
3.68302
2.85144
4.03897
4.13234
4.12180
3.82279
4.42194
3.08732
4.11008
3.95375
4.29749
4.36923
4.02210
3.25071
3.87193
4.34813
4.24717
4.15226
4.04504
3.82430
2.76643
3.76012
4.29892
3.90664
3.87010
4.33021
2.57614
4.33942
4.26136
4.19937
4.21245
4.26200
3.31011
3.74441
4.23861
4.26737
4.03925
4.07202
2.03714
3.10336
3.98606
4.08336
4.14856
4.15602
3.71084
3.25007
2.05943
3.98086
4.18444
4.20043
4.32841
3.47896
3.78863
4.33028
3.97074
4.18039
4.13205
4.26009
3.79723
3.95203
3.74810
4.08652
3.76548
3.70981
4.00999
3.63161
3.90562
3.99035
4.16770
3.45430
3.85920
4.08413
4.11492
3.82790
4.11165
3.24967
2.68216
4.11673
3.36334
4.15606
3.64842
3.65797
2.26511
3.84936
4.04694
4.08851
3.97495
4.19091
4.19508
4.24546
4.19210
3.69021
4.28871
3.92634
4.07990
4.06364
4.17053
4.16674
4.08774
3.20972
3.98533
4.07041
4.21364
4.08494
3.98378
2.22630
4.30343
4.33494
4.14567
3.95435
4.18903
4.09950
4.26016
3.38875
4.05886
3.65709
4.35998
3.76979
4.31741
3.58092
3.99914
4.25820
4.05529
2.52828
4.22122
4.07823
3.72346
3.00336
4.03310
2.32392
2.04015
4.26471
1.77340
1.18817
3.97877
4.40990
4.18190
4.25539
1.69027
4.34981
1.93686
3.69620
4.11817
3.82285
4.39203
3.90862
4.05525
3.08114
4.13783
3.78538
4.37621
4.09588
3.99254
4.20890
4.07207
3.89161
3.86413
3.82664
4.30131
3.76224
4.01086
4.27957
3.78763
3.88651
3.90595
3.98708
2.27822
4.27556
3.25289
3.96315
1.73611
4.37408
4.14132
3.93962
4.06165
4.25923
3.78514
3.80554
4.02600
4.43162
4.05490
2.85741
4.08261
4.29092
4.21865
4.22012
4.28968
4.18110
3.88585
3.82053
4.15966
4.02666
4.47109
3.42708
4.09343
3.93697
2.95174
4.31957
3.23795
3.72569
4.25287
3.85530
3.99773
4.03063
4.05757
3.83831
3.74576
4.29365
4.02155
3.33335
4.37833
2.06597
3.73495
4.12587
3.97559
3.62638
3.06777
4.07753
4.40510
4.06353
4.12300
4.19613
4.24782
3.34217
2.97234
3.96985
4.07991
4.06614
3.52489
3.99668
4.06691
3.93425
4.31859
3.87554
3.93053
3.38661
4.02600
4.01281
4.31504
3.90548
3.58732
4.19910
3.75436
1.70003
3.84942
4.03858
4.18048
4.28407
1.64327
4.03037
3.93004
4.39911
3.99694
4.24518
4.43764
4.36303
4.12603
4.04011
4.06429
4.13990
4.35390
1.40112
3.71908
3.44773
3.97607
4.16185
4.20343
4.12863
4.17231
4.09976
4.32276
4.20848
3.90395
4.32829
3.77236
4.05470
3.49051
4.33323
4.06552
1.61034
4.02623
4.28543
4.18450
4.28038
3.60147
2.04309
3.22163
4.08715
4.24585
3.23538
3.91405
3.82749
4.25371
3.85704
4.04510
3.97695
4.23303
3.39416
3.89466
4.08731
3.52321
4.32996
3.14567
4.09124
3.89873
4.05539
3.77850
2.40231
4.15806
4.13599
4.02233
3.55614
2.41471
4.10970
3.79308
3.96758
4.21002
3.87781
3.35098
3.61363
4.24397
4.11421
4.07415
4.08424
4.24138
3.63905
4.24419
3.65705
4.23373
3.08969
3.86945
4.09242
3.64885
4.08863
4.34122
4.10720
2.86406
3.89956
4.17181
2.89550
4.04105
4.26198
2.48255
4.01338
4.07607
3.52912
4.31766
4.07701
1.96034
3.92161
3.47285
4.05118
2.90520
4.24049
3.92334
3.88393
3.91541
4.29123
3.96996
3.55967
4.11475
4.03942
4.18891
1.50851
3.85618
3.35846
4.05740
2.74284
3.95011
3.19433
4.21905
4.09133
4.11613
3.84711
3.99612
3.91000
3.84582
2.12483
4.10810
4.27042
3.43929
4.34165
3.82656
4.02358
3.48200
4.02845
3.22711
4.06573
3.94441
4.12882
2.42488
3.86516
4.33380
4.23000
3.03193
4.23615
4.27764
4.11523
3.62377
1.99723
3.63530
4.35788
4.05982
4.25092
3.56980
3.97840
4.33863
2.63414
4.38102
4.26415
4.21111
4.14980
2.69626
4.32620
3.73039
4.14610
4.08390
4.36570
3.96180
3.32868
4.18009
3.47945
4.24511
4.09660
3.66388
4.32923
3.91563
4.03090
4.01482
3.11438
3.04381
4.12177
4.34239
2.66913
3.91748
4.01538
4.32119
4.13679
3.73026
4.30249
2.22630
3.94249
4.27482
3.39657
3.86582
1.09467
4.04831
4.02034
4.19007
2.75097
3.70531
2.07559
4.31089
4.10014
4.33391
2.68123
4.15990
4.18302
4.23002
4.10393
4.34607
4.23241
2.86716
4.20920
4.17420
3.40854
4.22550
3.19294
4.14390
3.97956
4.02496
4.04210
3.94085
4.16791
4.02709
3.87911
3.77186
3.63584
3.84991
3.90680
3.64906
4.20774
3.91517
3.79035
4.38315
3.99853
3.95507
1.28050
3.99499
3.38858
4.16522
3.79780
3.82317
4.12744
4.03806
3.89580
3.63104
4.01860
3.52037
3.87232
4.21682
4.18308
4.03151
3.69773
3.95888
3.80479
4.28221
4.11208
3.86642
4.15602
4.06487
4.21694
3.79663
3.73103
3.99317
4.05184
4.18818
3.34778
3.31697
3.56480
4.10949
3.98571
2.96079
3.88423
4.25630
3.59439
3.62838
3.47144
3.20280
3.97500
4.27968
4.04114
4.15879
4.06786
4.24646
4.32732
4.25409
4.20304
3.97249
3.96455
3.77307
3.96918
4.19822
4.20870
4.04596
1.36194
3.93692
2.74034
4.18523
3.89971
3.79786
4.37494
3.99710
4.24710
2.54413
4.14005
2.60771
4.14952
2.95021
3.24671
4.28604
3.78331
3.98059
4.37296
3.98641
3.96944
3.63822
4.10064
4.14709
4.33392
2.46958
4.05397
2.66361
3.79365
4.16881
3.83482
3.43810
3.95741
4.10464
3.99325
3.00248
3.66650
3.48910
4.09719
3.17310
3.80999
4.19495
3.57843
4.29472
3.77542
4.25199
4.32677
3.70673
4.09461
4.07802
3.76023
4.11735
3.84619
4.22796
4.26911
4.13690
4.24419
4.39877
4.23945
3.42480
3.87406
4.31005
4.24091
3.75389
4.19457
4.11590
4.02278
2.76864
4.36109
4.36906
3.93437
3.87646
2.61999
4.31799
4.29521
3.76149
3.99813
2.10464
3.80623
3.71432
4.28372
4.29210
4.11478
4.29230
4.09513
4.20827
4.28582
3.80591
3.97052
4.21850
3.14138
4.20652
4.21622
3.73410
4.15047
4.14732
3.13213
4.13926
3.32429
4.33517
4.05096
3.02331
3.81967
4.28768
3.85387
4.24769
3.71443
4.09714
2.35761
3.93916
4.25531
1.85388
4.20914
3.84783
4.15350
4.15585
3.84915
4.21970
2.90416
4.22535
4.33173
3.94035
2.56025
3.85440
4.06192
3.70316
3.90429
4.11884
4.27652
4.04524
3.98326
3.79032
3.62161
3.67482
4.24807
3.49391
4.17935
3.97763
4.18873
3.46165
3.90117
4.19864
3.47793
4.16959
2.51869
3.52862
4.08276
3.28529
4.25476
3.43977
4.21801
3.77310
4.27903
3.93143
4.16034
3.74262
2.87977
4.01471
4.17684
4.05479
3.78242
4.19184
2.49791
4.00086
3.48143
3.85482
2.36910
4.24646
4.24212
3.32541
4.12711
4.33724
3.89337
1.79309
3.86239
4.03898
2.52446
3.66284
3.61671
3.67492
4.13977
3.66555
2.52440
3.58827
2.33338
3.85697
3.12456
4.21467
4.34770
3.89599
3.64189
3.35745
4.16430
4.01109
4.27030
4.04598
4.14146
4.13028
3.55754
3.94504
2.68472
4.39188
3.90508
3.43679
3.30294
2.72997
1.64714
4.09263
4.14473
4.22673
3.72962
3.57296
4.27096
3.98407
4.16802
4.06356
4.29754
4.29533
3.72250
4.22587
4.31354
4.04704
3.45177
4.12487
3.91159
4.11063
2.10392
3.60561
4.17243
4.19022
3.16934
4.23714
3.42377
4.05202
3.99556
3.93015
3.31251
4.24133
3.92361
4.37642
3.69550
4.13860
4.11249
4.16033
4.31004
3.99328
3.96514
2.88720
4.09042
3.67305
3.89288
3.90073
3.98306
4.26514
3.54145
4.04252
4.38961
4.13434
4.26160
4.21048
4.03367
4.07127
2.77678
4.24356
3.99244
3.36950
4.19062
3.67110
4.29709
3.98727
4.30193
4.35219
3.65323
3.80233
3.63415
3.89885
4.30095
4.37011
3.81397
4.31495
3.95138
4.27209
3.72143
3.75654
4.09146
4.35080
4.04531
3.82553
4.21993
4.27017
2.79417
3.84985
2.28686
3.55617
3.13565
4.24635
4.24862
3.89148
2.98132
4.20597
4.37321
3.87250
3.59628
3.94619
4.34066
4.15904
3.25116
4.37523
4.34957
3.71499
4.16996
4.22917
3.63216
3.31488
2.73350
3.35702
4.37008
3.66788
3.18810
3.99811
3.66367
4.09092
4.18510
3.83701
4.20449
3.91689
3.76736
4.12557
4.21185
4.28304
4.19046
4.17660
4.18990
3.96413
3.58867
3.88192
4.13663
4.00783
2.92734
4.06416
4.00197
4.22311
4.28454
4.04753
4.28722
4.17173
3.95623
4.29161
2.61800
3.75531
4.20545
4.33511
4.18368
4.23025
2.26877
3.49565
4.08208
3.79377
4.15167
4.10654
3.88826
4.22683
4.02021
4.26788
4.09470
4.37647
4.37705
3.90626
3.68096
4.29789
3.95854
4.35719
3.83247
3.84072
4.32818
4.04833
3.35680
3.73856
3.09265
3.73504
3.07040
3.74783
3.93442
3.88279
4.08578
3.87553
1.59637
3.83253
3.50632
4.15068
3.89763
2.79781
3.83262
2.96747
3.80041
3.27271
4.07334
4.33253
4.28648
3.81074
4.24223
3.68839
3.69657
4.32679
4.18210
4.34433
3.71967
4.07806
4.40198
4.17475
3.46044
3.71557
4.14668
2.50102
4.18132
4.30603
3.81728
3.99935
3.63969
2.57933
4.03200
4.27327
3.79738
3.84155
3.62030
4.20528
3.31066
3.85008
4.14536
4.05597
3.80470
1.89415
3.53529
3.26879
3.72839
4.38526
4.29278
2.98319
3.67823
3.77091
4.19959
3.74686
2.48334
4.10214
4.29665
4.04500
4.35035
4.17978
4.01174
3.77814
4.05752
4.23418
4.07432
4.06834
4.01885
4.29459
3.78428
3.92506
3.76426
4.35994
4.14775
3.44281
2.44016
4.30217
4.10276
3.73392
4.09776
3.61286
4.18722
4.04531
3.74686
4.12313
3.96115
3.43175
4.01851
4.24010
3.85125
4.37591
3.88890
4.15780
3.85081
4.14685
4.28600
2.41414
2.80790
3.35770
4.08805
4.15711
4.24959
3.70341
4.17574
4.06226
4.27104
3.94772
3.91222
3.80383
3.90136
3.94126
4.15974
3.89569
4.16813
3.22940
3.70872
3.38184
3.84063
3.64440
4.22302
2.95283
3.91459
4.20698
3.26627
3.96706
4.18661
4.34271
4.17308
4.03841
3.66952
4.25471
4.35394
4.25599
4.23181
4.16098
4.21216
4.24581
4.14669
2.42989
3.51680
4.13527
3.69231
3.74356
3.70934
4.23128
3.78297
3.87155
3.11781
3.73851
3.70153
4.40240
4.03892
3.57895
4.13881
3.46050
4.18807
4.10545
3.53532
4.15658
3.13028
3.97391
3.93871
4.23981
4.00416
4.33053
4.00524
4.24432
3.07473
4.08587
3.99181
4.04076
4.26873
4.33293
4.28610
3.88408
4.16188
3.48793
4.09125
3.99886
3.70549
4.18456
4.17468
3.63840
3.03521
4.08330
4.37685
4.02502
3.79427
3.82422
3.92478
2.87283
3.58593
4.28804
4.26574
2.55288
3.92397
3.69707
3.88479
4.23325
4.16939
3.81239
4.03505
4.16835
4.36734
4.27204
4.33821
4.19756
3.24706
4.31845
4.08822
3.57445
4.02695
4.25547
4.12554
4.28224
3.35558
4.07553
3.25861
3.98041
4.02242
4.20813
2.23174
3.80312
4.07747
3.49918
3.64107
3.99813
3.93235
4.19310
4.20012
3.96982
4.16522
3.63202
4.21021
4.27258
3.60094
3.50978
4.14452
3.83205
4.35489
4.08964
4.19335
4.08306
3.74358
4.02083
4.31365
4.30855
4.16226
3.71501
4.23584
3.67410
4.26547
4.15046
4.04706
4.13749
4.34136
2.90898
4.25524
3.22792
3.23931
2.96276
3.87403
3.83878
4.27492
3.16159
4.02099
4.00916
4.13605
3.95640
3.86913
3.73310
2.94069
3.77026
4.30337
3.70009
3.89133
4.28471
3.74618
4.28770
4.28849
3.70380
4.10423
3.99054
3.53335
4.36341
4.03987
4.13595
3.43290
3.61748
3.91297
2.43145
4.41390
4.21197
4.16167
3.77983
4.40755
4.32063
3.93886
4.05356
4.23689
3.99968
4.21368
3.49874
4.24247
4.18641
4.28456
4.11342
4.00523
4.00890
3.39049
3.54523
4.30185
2.96154
3.40409
4.36752
2.91158
4.23718
4.14092
4.30311
3.13950
3.97840
4.31681
4.02102
3.39915
3.34544
4.21577
3.40899
3.96566
4.08287
4.02861
3.87844
4.17420
3.30594
4.21704
3.13696
3.79918
3.99972
4.13612
3.45076
3.90803
4.06710
4.08266
3.96826
3.98733
3.88773
3.90518
4.20107
4.22138
4.23697
2.51124
4.12314
3.79498
4.11628
3.85440
4.08898
4.14914
3.41869
4.06731
4.15951
3.48823
4.13821
4.03957
4.08145
3.62534
3.74300
3.69602
4.09593
4.16694
4.15648
3.93638
3.82021
4.30447
3.77920
3.97438
4.21817
3.93377
4.35164
3.62731
4.26877
4.18960
3.99031
3.76743
4.17249
3.91260
3.25801
3.60625
3.32036
4.02467
3.53187
4.14280
3.70161
4.33817
4.04127
3.59438
3.75398
2.94639
4.09785
4.26020
2.16055
4.19795
3.95248
3.63007
3.94323
4.07853
2.79203
4.23552
3.89385
3.77565
3.64315
3.67254
3.80151
4.12763
4.08797
4.04931
4.24928
4.04523
4.21971
3.79362
4.22876
4.24180
3.03259
3.87747
4.00523
4.21768
3.81301
2.28276
2.45625
3.54155
4.28469
4.35738
3.50262
3.57918
2.17170
3.98961
3.97259
4.36969
4.19991
4.27341
4.29502
4.36786
3.90523
4.29608
3.90374
4.15238
4.05270
3.63927
3.67738
3.85564
3.72736
4.20657
3.76838
2.82331
3.33107
3.83734
4.16485
3.50238
4.12687
4.30732
4.30326
3.94983
4.36801
4.01076
4.11557
2.75334
3.51286
4.26157
3.91128
4.37367
3.87662
4.18734
3.93251
3.22238
4.22107
3.67779
3.33079
4.12393
3.81643
4.36124
4.00296
4.24626
4.02935
4.14208
3.96955
3.99132
4.06098
3.64408
4.13195
4.13435
3.87820
4.00156
3.85464
4.32958
3.78073
3.73700
3.90337
4.10547
4.42232
3.81892
3.36991
4.17404
3.71120
3.98148
3.77414
4.29379
3.47863
3.14314
4.24622
3.34908
3.96975
3.57398
3.05395
4.15757
3.48727
3.20808
3.80883
4.39795
4.07108
4.35884
3.93916
2.71784
4.24563
4.20024
3.64528
4.08951
2.74936
4.08056
1.95102
4.26377
4.06346
4.14198
4.23626
3.72777
3.96003
4.35228
2.88413
4.24394
1.78593
4.29188
4.00342
3.67273
4.31669
3.44870
3.19522
4.30786
3.51566
3.20819
4.24367
4.30822
3.27893
3.12135
3.63088
3.64490
3.03789
4.02955
3.99104
4.27657
4.22559
4.07300
4.32629
3.30254
3.85743
3.46832
4.13192
4.07426
4.09710
3.69702
3.25352
3.26496
4.08934
4.13785
3.83467
3.06528
3.32276
4.08500
3.70484
3.28332
4.25186
4.00712
4.02405
4.26794
3.84286
4.23928
3.96767
4.01063
4.19413
3.85133
4.31824
3.33225
4.34682
4.39203
4.21031
2.64114
4.01545
3.14579
4.21909
4.17237
3.54674
3.89825
4.22540
4.25197
3.78373
4.43236
4.05006
4.04202
4.21114
4.00774
4.04219
2.65158
3.86584
3.79250
3.76501
3.06732
3.63636
4.20405
3.30983
4.24799
3.99427
2.78492
4.35237
4.33831
3.82371
3.81497
4.30201
4.04582
3.60674
3.75580
4.03587
3.92454
4.09617
3.36101
3.91474
3.86269
3.36611
4.03810
4.28957
3.83618
4.29166
3.50477
2.85572
3.97873
3.89050
1.91317
3.52333
4.28813
4.04491
3.94711
4.14965
4.12315
1.76711
4.09696
3.70707
4.08054
3.70134
3.74346
3.76328
4.06575
2.96532
3.54551
4.06205
4.27663
4.36291
4.19392
4.34762
4.15842
3.62013
3.48290
4.20878
3.76463
2.45268
4.16183
3.37914
4.19535
3.52110
4.26014
3.54956
3.75568
3.65750
4.24979
4.23611
3.54216
3.87889
4.19973
3.35065
3.44072
3.59920
4.14836
4.14762
4.00303
2.24531
3.41064
2.52346
4.09606
3.93443
3.02591
3.87364
3.52194
4.18057
3.65070
4.36402
1.63085
2.42027
3.50891
4.17219
4.11257
3.70049
3.98087
3.85185
4.34297
4.13075
4.38691
3.80572
4.17869
3.45208
4.16502
4.11799
4.25427
3.17136
4.29841
4.33323
3.48631
3.69975
3.66728
3.02391
4.19765
3.83153
3.60199
4.05552
4.16610
3.94857
4.07425
3.89595
4.01679
4.30723
4.09932
3.73344
4.23321
2.60748
2.26393
3.43847
3.82385
1.43922
4.01830
2.95941
3.96435
3.82805
4.42421
4.18407
3.40998
3.89167
3.98470
4.25142
4.08371
4.39773
4.15342
3.86433
3.81790
4.01090
4.13205
2.75774
3.51209
4.13500
4.34207
4.32571
3.29557
4.24305
4.14618
4.19723
3.15477
2.98064
3.96522
4.09613
3.74125
4.13213
2.55207
4.21535
3.78843
4.01442
3.86052
4.16608
3.94416
3.84282
3.95106
4.31118
4.18424
4.15036
3.89176
4.12661
3.93096
4.17090
4.38642
3.65184
4.02590
3.89810
4.21889
3.93471
4.03817
4.18909
3.02636
3.97531
4.13465
3.98578
4.20894
4.06102
4.07893
4.30075
4.17200
3.61772
3.66657
4.09036
4.35744
4.29885
4.10302
4.09583
4.29784
4.25738
3.77065
3.62541
2.87612
3.98268
2.79495
3.00387
4.01331
3.75500
3.76045
3.98337
4.20570
4.29591
4.33141
4.23224
4.20496
4.26750
2.58764
4.11996
4.30430
4.18782
4.42522
4.19024
4.24223
4.20290
4.27814
3.91778
3.99707
3.93153
3.12509
4.02007
3.14357
3.34351
4.17417
3.81917
4.13831
4.31806
3.95906
4.38260
4.28928
4.25120
3.86433
3.88467
2.69817
4.12194
4.03458
3.96765
4.28269
4.21920
3.73847
4.36959
4.37659
4.00427
4.12157
4.08273
4.23741
3.89415
4.05494
4.08090
3.73660
4.31381
3.60534
4.02368
3.93686
4.24806
3.91427
4.19790
4.25798
3.91646
4.03824
3.58229
3.98524
4.17238
4.20045
4.32560
2.43959
3.96103
3.99441
4.19946
3.87088
3.54891
4.21034
4.12885
4.00214
3.17180
4.34720
3.87470
4.10450
3.88823
4.25976
3.79168
3.27896
3.96090
3.38841
3.23619
3.87747
4.17527
1.47316
4.00290
4.11814
4.16036
3.80551
3.45680
2.22032
3.39201
4.12653
3.18970
3.38696
3.79530
4.06474
4.33056
3.76561
2.18457
3.81889
3.81482
1.50514
4.19728
3.89563
4.28619
4.01648
4.24730
4.04862
4.07577
2.82276
3.80927
4.00994
4.33133
4.28066
4.17631
4.09923
3.66831
4.20602
4.14531
4.33112
3.63470
4.36587
4.27589
4.13528
3.37314
3.89532
3.69456
4.26187
1.59824
4.22736
4.22734
3.20993
4.22183
3.90732
4.03472
4.32590
4.03062
3.84188
3.74442
4.31112
2.07251
4.09697
4.08434
4.16927
4.34057
4.44623
2.51502
3.20008
4.19608
3.67487
4.27307
4.11220
4.43296
4.08291
3.89148
4.19947
4.22248
4.00459
2.22762
4.22944
3.96085
3.98706
4.09311
4.21955
4.12142
3.92825
4.23072
4.30956
3.04155
4.27503
4.07942
3.91586
4.19338
4.16390
3.94407
3.55311
2.72085
3.54611
3.72932
2.48480
2.66478
3.83745
2.58942
3.77951
4.22018
3.87951
3.47679
4.10968
3.82475
3.15180
4.28700
4.32878
4.17340
4.28314
4.23448
3.78649
4.12726
3.09282
4.13261
4.46256
3.70228
4.22815
3.41751
3.81228
3.17601
4.27532
4.30461
2.72277
3.97935
3.61862
3.86093
3.95486
4.09860
4.19670
4.26314
3.42578
3.65860
4.36991
3.52471
4.23713
4.02656
4.22286
4.19943
4.35646
4.13783
2.72196
4.29182
3.82920
3.75800
2.86030
4.22610
3.44325
3.34713
4.25960
3.26082
4.22577
3.04770
3.76228
3.94568
3.90594
3.83843
4.17258
4.20475
3.99793
4.35792
4.24997
4.11667
3.39905
4.24304
3.95187
4.31611
3.90217
3.36960
3.43870
3.43723
3.91904
3.89603
4.03376
2.92496
4.03723
2.48345
3.31479
3.98339
3.84163
2.10138
3.77384
4.26232
4.23936
2.43494
3.97991
3.70844
4.27474
4.12044
4.03270
3.89250
4.35978
4.10009
2.88536
4.14797
2.71749
4.10351
4.24686
4.00943
4.15952
1.27018
4.04954
3.18103
4.32881
3.58007
4.11000
3.96969
3.32940
3.44112
3.10862
4.33275
3.97843
2.87298
3.40690
3.76001
3.98258
2.91416
4.04412
4.10261
3.91425
2.68168
4.38843
4.29464
2.64346
3.99864
4.36364
4.28595
4.23199
2.59450
4.16980
3.40986
3.78295
4.19316
4.30336
4.12572
4.25477
4.01210
2.71009
3.86641
3.47340
3.41816
4.12724
4.11722
4.33111
4.15996
4.07407
4.29646
4.07635
3.65694
4.02752
4.15714
4.38142
4.26922
4.05846
4.15862
3.51263
3.82119
4.16771
2.00106
4.09953
4.04632
3.22427
4.04262
4.33920
3.34079
4.11466
4.19210
4.29856
4.36241
3.67907
3.81583
3.99688
3.94671
4.32081
3.46194
3.58854
4.17497
4.03740
3.87930
3.73760
3.58429
3.23761
3.99047
4.22770
4.31569
4.01832
2.51500
4.26035
4.24317
4.17818
4.25909
4.21947
3.84235
2.48519
4.12710
3.76611
4.24909
3.92766
4.26077
3.95171
2.49035
3.99341
2.19001
3.79992
3.92646
4.19327
4.02076
3.68323
2.88379
2.98251
4.03227
3.85981
4.13109
4.09324
3.96621
1.66879
4.00323
3.61747
4.23463
3.84949
4.21352
2.46332
4.12756
3.83074
3.98579
4.17566
4.28063
3.45449
4.26395
3.95183
2.40994
4.00322
3.86003
4.18444
3.96094
3.50806
4.18448
3.81370
4.21723
4.12987
3.67712
3.68312
3.63876
4.26391
2.19868
3.98799
3.60864
4.12693
4.15520
4.11400
4.18705
4.09874
3.60371
4.30011
4.10004
3.83791
3.46873
3.71199
3.77615
3.86809
4.02773
4.27077
1.86107
3.92982
3.88817
4.22588
3.92137
4.31823
4.39466
3.39093
4.23041
3.59649
4.27146
3.82252
2.86902
3.50961
4.24879
4.12580
4.14714
4.27076
4.17629
2.25920
4.36446
4.18071
4.02017
4.12156
4.07722
4.24288
4.16689
3.77365
4.30671
3.74761
4.18523
4.19346
4.36511
3.68570
3.58856
2.86420
3.32613
3.90655
3.80457
3.67931
4.39184
4.02034
4.08022
4.24626
4.15087
4.28086
4.11477
3.95253
4.27493
4.21138
3.69985
3.75421
3.80344
3.27994
4.01214
4.06405
3.54207
4.24841
3.87952
2.82022
4.40104
4.18396
4.33366
4.04645
4.33854
4.31621
3.79829
4.35361
4.02801
3.35094
4.32919
3.13651
4.09669
4.00876
3.72106
4.13131
3.28956
4.30248
3.88116
3.98693
4.26911
3.91030
3.91062
4.28966
4.12799
3.50924
4.12566
3.60858
3.95397
4.09222
3.21129
4.19429
3.28996
3.85950
3.73486
4.06118
3.95059
3.99740
4.08570
3.81066
4.26851
2.34680
3.76769
4.09824
2.90839
4.09791
4.05528
4.33821
3.66729
4.21789
4.38461
4.34680
3.74204
4.14347
4.16165
4.25530
4.16394
3.90942
4.13091
3.73563
4.21051
4.18528
3.71541
3.20330
4.26597
3.85277
4.20296
4.40841
4.08143
4.07911
3.94556
4.21759
3.50008
3.66799
3.99229
3.76847
4.29936
4.15089
2.78556
2.74353
4.22092
3.93427
3.95160
4.34136
3.27363
3.29029
4.15491
4.00704
3.96300
3.84465
3.98118
3.82376
4.26574
4.38701
4.09199
3.79653
4.20345
4.21631
3.64066
2.45381
3.27240
3.89288
4.12054
4.04408
4.33992
4.14616
4.15964
4.29362
3.88030
3.87896
3.33171
4.03284
4.24612
3.63429
2.73912
4.20736
4.28031
3.91091
4.01689
3.83046
2.57575
4.32502
3.70689
3.92728
4.25740
3.38483
3.81236
3.40840
4.07045
4.32369
2.37487
4.02307
3.75901
4.12072
4.32164
3.30119
3.59949
4.09543
4.15607
4.34212
3.33945
4.05441
2.24443
4.41131
4.27667
3.57886
4.35172
4.00454
3.97110
4.01446
4.19975
3.04824
4.22462
3.85174
3.80216
4.41451
3.78343
4.04407
4.12891
4.14123
3.75913
2.75648
3.02221
3.78250
4.11632
4.12535
3.74211
4.10561
4.07149
4.30678
3.88099
4.34431
3.07089
4.02766
4.03837
4.28036
4.20908
3.88183
3.88823
3.06649
4.27792
4.32340
4.23038
4.07668
4.17523
4.14897
3.78325
3.12248
4.35651
4.11097
4.03798
3.84496
3.97811
3.24625
4.31132
3.98151
3.69602
3.97378
4.07842
4.27642
4.12214
4.22646
1.02308
4.21660
3.23695
4.02084
3.90824
3.63521
4.02247
3.75385
4.05496
4.38379
4.24755
3.94590
4.13322
4.11967
4.14108
4.24664
3.55247
3.96472
3.86141
4.23973
4.02858
4.26214
3.79974
3.06759
3.50935
4.17094
1.63725
3.95129
3.84121
3.88376
4.02454
4.25953
3.80045
4.18974
4.22582
4.10727
1.85542
4.14447
4.07005
4.10478
3.84797
4.01506
3.71853
4.20521
4.10850
3.78104
4.31193
3.72577
4.33187
2.64812
4.04897
3.87812
3.82445
4.10191
3.08176
3.74353
4.37759
4.30218
4.31135
3.16334
4.15607
3.53268
4.22272
4.35169
3.03152
3.95523
3.64225
3.56398
4.22833
4.34540
4.37571
4.14254
3.58146
4.29207
3.42453
4.13073
4.07852
3.88649
2.33224
4.39343
4.32569
4.21915
4.11683
4.06047
3.49943
4.09150
4.11053
4.02002
4.09250
3.40128
4.33901
4.25578
4.33783
2.48143
4.18120
4.05774
3.62688
3.46324
4.34002
3.96732
4.03946
4.22761
4.30795
4.30990
1.83273
4.23859
2.44985
4.27063
3.27454
3.54875
4.05841
3.36231
4.09902
4.08167
3.71481
2.59208
4.18340
2.92382
2.39383
3.44205
3.95081
3.57894
3.75058
3.81963
3.74099
4.19131
4.16036
3.85372
3.91306
4.18333
4.20208
3.52662
4.05319
3.91373
3.98552
3.93511
4.12617
3.35303
4.09591
4.25686
3.58460
3.48898
4.34618
3.48538
4.13215
3.85664
4.06213
3.78944
3.90564
4.11262
4.11960
3.92129
4.22541
3.69575
4.12951
3.73500
4.31522
4.35790
4.20228
3.21967
3.27315
3.89561
4.36472
4.26098
4.27807
3.79443
4.25796
2.57275
4.44354
4.01826
3.65937
4.21594
3.95018
4.36528
3.23361
3.68207
3.97746
3.80673
3.23928
4.30909
3.16395
3.76728
4.24743
3.99936
4.14557
3.37895
3.86951
4.23172
3.87217
3.51225
4.21832
4.10180
4.30471
4.24605
4.19537
3.81589
3.89263
3.96425
3.97923
3.48017
3.34362
3.71671
1.67871
4.03968
3.79120
3.54102
4.13630
3.67853
4.06823
2.92082
4.32874
2.69475
3.43430
3.50642
4.42460
4.32370
3.94391
2.95312
4.43622
3.38598
4.09190
3.84846
4.02708
3.64109
4.16550
3.90472
4.08021
3.85513
4.31745
3.72290
3.61234
4.28911
4.09159
4.34198
4.09337
3.87904
4.18296
3.84471
4.31570
4.13471
4.13634
4.24795
4.29607
4.05241
4.28984
3.83928
4.21466
3.05423
4.24579
3.68296
4.19643
4.16053
4.29421
2.70059
4.32160
4.16072
4.19377
4.42648
3.63931
4.08668
4.16853
1.73833
4.25040
4.24847
4.25106
3.92111
3.98423
4.23131
3.07261
3.65594
3.72653
4.01011
4.17722
4.11078
3.86381
3.81218
4.12067
3.44515
4.02781
4.39793
4.13620
4.07784
4.25921
3.83705
3.83400
3.08017
3.52415
3.53203
2.89239
4.06101
3.67493
3.73184
4.26869
2.43917
4.15513
3.61188
4.02570
4.16085
2.22181
4.15690
3.94383
3.95567
3.73654
4.15525
2.99325
3.60480
4.22353
3.39802
4.24298
2.54317
3.97952
4.31928
4.25899
3.75082
4.30403
4.31924
4.16247
4.15434
4.03705
4.33296
3.92545
4.20023
4.32601
4.15935
4.21647
3.97292
4.32545
3.77699
3.31992
3.69547
4.13150
4.06776
4.01946
4.02508
3.86078
3.85526
3.80253
3.62749
4.12908
4.36213
4.35120
4.22824
3.47034
4.19369
4.12887
4.26929
3.92288
4.15201
3.70552
4.00090
3.26365
3.33962
3.75088
4.00870
4.32118
4.02617
4.04480
3.61258
3.92461
2.74643
3.85642
4.27029
3.38841
4.31488
3.88918
4.17633
4.03346
2.04387
4.25082
4.21841
4.41294
4.04820
3.93583
1.73883
3.16581
3.64462
3.99600
4.06866
3.96688
3.61177
3.98369
3.85107
4.00440
4.35969
4.05090
4.05317
3.47052
4.12617
4.26520
4.19536
3.81311
3.80030
3.95888
3.99141
3.38090
4.07864
4.17869
4.42592
3.52403
4.13946
3.84844
4.19510
3.91633
4.27484
4.05730
4.16753
3.54360
3.97807
4.21958
3.69235
4.22045
4.15104
3.25314
4.14746
4.23684
3.72638
4.16100
3.67217
2.69333
3.92045
4.21912
3.81015
4.12426
1.95341
4.15058
3.21622
3.85984
3.52939
4.20890
3.86649
4.00140
2.76594
3.18670
4.02896
4.35668
2.98800
3.92179
4.12780
3.65068
3.40120
4.12413
2.35446
2.61164
3.91808
4.02968
1.12682
2.63209
4.24807
3.78795
4.13476
3.73443
3.83165
4.12346
4.13333
3.50988
3.82446
3.64672
2.16481
4.09588
4.09636
3.10510
4.30967
3.79743
3.62504
3.97113
4.38255
3.85021
4.24138
4.34020
3.19680
3.85309
4.17278
4.00408
2.28992
4.14809
4.19729
4.16559
4.11011
3.87130
4.35446
4.28304
3.27423
3.62150
3.33406
3.91535
4.19223
3.74495
4.29503
3.69179
4.26040
4.08197
4.31498
4.18754
3.52180
4.33432
2.88087
4.02526
4.32425
3.43012
3.57123
4.26105
1.29390
4.31529
3.75727
3.07226
4.35989
3.55244
3.88567
3.82690
3.99127
3.30156
4.29318
4.26913
3.66535
4.25439
4.15587
4.12093
4.16046
4.17337
3.85980
4.00866
2.86929
4.30330
4.14492
3.48169
3.97171
4.08396
4.04650
3.93032
4.27944
3.93435
3.91274
2.43303
4.14728
2.01766
4.27693
3.93918
3.99287
3.86977
4.04054
4.15550
3.01182
3.98470
4.15630
4.42991
3.05455
4.03583
4.06175
3.28002
3.69791
4.17233
4.25139
2.30195
4.35385
2.87511
4.14811
4.14635
4.36202
4.29810
2.44732
3.24100
3.75312
3.97874
4.17452
3.45673
4.15856
3.43805
2.60119
4.21533
4.37652
3.56452
4.17872
3.75137
4.26379
4.04467
3.69117
4.34689
4.25447
2.89801
4.19441
4.24940
3.76247
2.58506
4.28498
4.07986
3.73627
3.75701
4.10267
4.12585
4.37268
3.46643
4.19923
3.68983
4.02462
4.27157
4.00551
4.11191
3.25259
3.19391
3.79330
4.36064
3.34228
4.36954
4.06497
3.37713
4.02397
2.80820
3.82377
4.17177
4.01697
4.37985
4.06016
4.07326
4.24725
3.96564
4.23478
3.94912
1.70277
3.75180
4.32068
2.55266
3.88406
4.13906
4.17127
3.69684
3.93068
4.19368
4.16925
4.14137
4.09880
4.33690
4.18226
3.65303
4.07061
2.46095
3.12010
4.15421
4.03184
3.94820
4.03812
2.96651
2.68403
4.35276
1.64672
4.03605
3.92113
3.98352
4.14200
3.55015
4.14243
3.94635
3.81725
4.28219
4.40185
4.28964
3.90987
3.76305
4.10190
1.53148
4.08437
4.35768
4.10435
2.11165
4.14375
3.93444
4.14834
4.21077
4.06448
3.96911
4.41879
3.50629
3.83140
4.06890
4.28871
4.15644
2.51447
3.37958
4.06646
4.23527
4.39715
3.99103
4.18620
4.26026
4.22955
4.21413
4.23564
3.94855
3.70936
3.86314
4.27696
3.71596
4.18714
4.23069
4.07360
3.87584
4.06762
4.14398
3.82481
3.97207
4.22021
4.32030
4.11967
4.29326
3.34943
4.18327
3.32799
3.22809
3.32708
3.60405
3.82030
4.07610
4.05449
3.87449
4.28496
3.12633
4.31855
4.18892
4.31747
2.51290
3.63531
4.08483
3.49857
3.52503
4.21162
3.93233
4.11824
4.24299
3.97905
3.89523
3.71763
4.25824
3.96626
3.76791
2.20218
2.73078
4.39287
4.18014
3.71150
2.44573
2.98158
4.26695
3.68178
3.58160
4.31920
4.00601
3.76707
3.90557
1.34830
3.85444
3.96195
2.31451
4.21089
4.13463
3.84828
4.16815
3.24260
4.07525
3.85170
1.42601
4.06131
4.02011
4.33100
3.98727
2.72356
3.64299
3.81998
3.93007
4.09036
3.18361
4.26717
3.83375
3.34417
4.00282
4.16117
4.24574
4.01251
4.38206
3.10169
4.15114
2.01166
4.03083
3.49898
4.21094
4.01475
4.03914
4.15224
4.38181
3.94471
4.27938
4.20126
4.04996
4.13212
3.45741
4.28505
3.96712
3.06425
3.84216
3.57647
4.17879
4.30602
4.25961
4.17191
3.87131
4.23032
4.25165
3.73938
4.07914
2.67861
3.99679
4.13253
4.13153
4.21162
3.80629
4.13903
3.84953
4.28876
4.28776
3.66384
2.39443
3.49522
4.08235
4.14225
3.49807
4.00924
2.28874
3.85482
4.05009
3.53698
4.20397
3.93782
4.03220
4.38684
3.89495
4.29775
3.36355
4.37332
4.12516
2.72736
4.30819
3.29579
4.23932
4.35325
3.98904
4.19020
4.09516
3.89343
4.14284
4.02568
3.99177
4.00858
4.22754
2.72394
4.01576
3.93823
4.03504
3.81591
3.35589
4.12270
2.70932
4.34283
3.87715
4.36800
4.06581
3.77271
4.11921
3.25579
4.21305
4.17859
3.67197
3.91547
4.21271
3.47186
3.22923
4.41350
4.29412
4.20102
4.13248
4.08991
4.04889
3.64023
3.74957
4.25723
4.01966
3.94465
2.31636
4.23588
4.21686
2.08299
4.16552
3.79511
3.43961
4.03550
3.88271
4.24915
4.27650
3.67846
4.12274
2.13664
3.69511
4.23116
4.13917
3.73762
4.39493
4.09616
4.05992
4.07339
4.26226
4.29662
3.15821
4.26250
4.27625
4.27695
4.07982
3.99692
3.22981
4.03240
3.44825
4.09274
4.10706
4.39656
3.81189
3.93652
3.64245
3.91178
4.13872
3.94352
4.00093
3.89684
2.88273
3.72694
4.09345
3.38559
4.10527
2.08453
4.07747
3.47543
3.61301
3.30612
3.95426
4.28408
4.28973
3.90757
2.42422
4.04242
4.21836
4.07374
4.11947
2.66408
4.25380
4.17807
3.80358
4.11192
2.44410
4.23412
4.16772
4.15496
4.16271
3.98672
4.40331
3.79109
3.72536
4.08148
4.01628
4.06737
4.03804
4.18991
4.14279
4.19725
3.70438
3.79986
4.38276
3.98111
4.32364
4.24357
3.85152
4.16499
4.06797
4.34772
3.91011
4.11501
4.10102
3.97578
3.66322
2.64412
4.06766
4.21505
4.19742
4.09173
4.27682
2.60243
4.38817
4.04557
4.32712
3.83585
3.91420
4.38577
3.74195
3.58785
4.29343
3.50610
4.02989
3.68559
3.67424
4.15797
4.33577
3.73965
1.96159
4.11312
4.21595
3.64472
3.87078
4.18819
4.03996
3.87239
4.09416
3.56762
3.23016
4.10283
1.81138
3.69469
4.24455
4.06074
4.20682
4.26213
3.39487
4.13191
4.13551
3.57714
4.07755
4.02303
3.96239
3.69969
4.12137
4.35341
4.19788
3.84050
4.17822
4.21811
4.03473
4.15918
4.16651
3.66880
3.63471
4.26926
2.86001
3.98426
4.30483
3.76836
4.18507
3.95953
3.66211
3.78652
3.75962
4.17894
4.13940
4.25418
4.14063
3.50700
3.79414
4.39883
4.34433
4.13189
4.07785
3.93122
3.99933
4.08746
4.35960
4.24757
4.21226
3.97193
2.59363
3.83010
3.45847
4.11130
3.52343
3.57058
4.20651
4.10905
4.22291
3.75870
4.36193
3.97378
4.24783
4.10566
2.45942
4.31183
4.14097
3.33284
4.09343
4.16443
3.72336
3.91222
3.55656
4.21769
4.36182
3.12450
3.79988
4.25579
4.21233
2.85390
4.27035
4.24303
2.83651
4.24895
3.75251
4.12940
4.37087
3.98762
4.11904
3.95649
2.74028
3.78381
4.27506
4.12175
3.66871
4.33692
4.19445
3.34259
4.10023
3.94089
4.32064
2.56319
4.05015
3.57948
2.66601
3.64465
4.04836
3.48675
3.86996
4.29486
3.61234
3.95811
4.16897
3.12877
4.27678
4.21068
4.17615
4.43878
4.10231
3.96558
3.93600
3.23019
2.80616
4.04253
4.28152
3.82727
2.72411
4.18055
4.00966
4.07746
3.91555
3.99657
4.25002
4.34960
4.01921
4.05507
3.52579
4.17415
4.37723
3.73604
3.63270
4.36908
4.24450
2.37478
4.40330
4.06987
3.57501
3.68140
4.20516
3.70540
4.02885
3.79750
4.20678
4.05606
3.48189
4.07757
3.71541
3.32509
4.22192
3.74085
3.49184
3.71471
4.11426
4.15158
4.31574
3.87181
4.07432
3.50194
4.10214
4.05579
4.29148
3.08023
4.32953
3.51115
3.85023
4.07705
4.30300
3.64093
2.14307
3.87616
3.04694
3.85402
4.12152
4.11392
4.16603
4.06057
3.99768
3.45703
2.55194
4.19586
4.24815
4.17698
4.23062
4.01710
4.22284
2.75073
3.92615
4.32950
3.89877
3.55230
3.61510
4.24254
4.10519
3.30976
4.05591
3.79067
3.50930
3.94264
4.23516
4.22923
3.68050
3.28196
3.77526
4.20581
2.89994
3.74350
4.27275
3.73677
3.56833
3.17189
4.13656
4.17101
3.93297
3.97721
4.00945
2.58409
3.56698
4.20778
4.27870
3.70238
4.06841
3.27097
4.33575
4.19285
3.98584
4.16265
4.05869
4.31513
3.48462
3.73478
4.08217
4.23324
3.52570
4.29981
3.95776
4.12197
3.61175
4.12727
4.21666
4.07187
3.88842
3.58765
4.05235
4.21094
3.77089
4.16793
2.40124
3.66616
3.04070
4.26134
3.99199
4.09262
4.34571
4.38189
3.90647
3.52110
3.32149
4.01594
3.88802
3.33002
2.73798
3.94872
4.03799
3.65082
4.06522
4.32393
3.74049
4.06449
4.21536
4.37784
3.90422
4.01800
3.92076
4.29243
4.35433
2.94601
3.08907
4.05169
3.66832
3.84813
4.27455
3.79176
3.79778
3.59746
4.01110
2.19756
4.34107
3.06918
3.68347
3.93542
3.38672
3.09255
4.30240
3.75966
3.92751
4.08368
4.28385
4.19957
4.15685
4.15781
4.22079
4.15971
3.41590
4.21073
3.42381
4.07024
4.11609
4.34684
3.88476
4.14213
4.23392
3.77745
4.10997
4.31876
4.21117
3.60918
3.67019
3.97498
2.10932
3.82924
4.24631
4.00103
3.75787
2.20098
2.63433
4.08236
4.00872
4.36621
4.04256
3.94370
3.82675
3.89370
2.93998
2.98400
4.15338
4.13962
4.35743
3.53372
4.10156
4.26213
3.89260
4.28313
3.83451
4.03203
3.88197
3.91545
3.35575
4.32993
4.03395
3.17555
4.15543
3.04238
4.32668
4.03142
4.24790
4.16028
4.02108
4.16039
3.93456
4.37843
2.45750
2.31920
4.14978
4.43418
4.25891
4.12216
4.03620
4.42881
4.06883
4.08460
4.24862
3.97128
4.06006
4.14220
3.84957
3.02196
3.45237
4.38853
2.95776
4.16143
4.08918
4.09830
4.11718
3.83800
3.86723
3.95408
3.54381
4.09675
3.07773
4.15624
3.97317
2.97983
4.34720
4.13929
2.72383
4.22895
3.73887
4.11358
2.07134
4.01967
4.15446
4.07427
4.15380
4.29920
3.70496
3.28724
4.15073
3.99137
3.86451
4.06332
3.86231
4.02573
4.31287
3.56881
4.16803
4.00686
3.95213
4.26684
3.93289
4.13451
3.78219
3.76976
4.17972
3.94196
3.58814
4.21001
3.84135
3.78289
3.60029
4.16592
4.03541
4.12367
4.24920
4.22356
4.20837
4.13292
3.78730
4.12262
3.47414
4.15025
4.10661
3.50389
4.00474
4.31635
4.20414
4.23037
4.19601
3.85390
4.15565
3.95762
3.63821
4.21472
3.93603
4.03719
4.16431
4.23855
2.19483
3.58854
4.20858
4.30478
4.30710
4.30651
3.59763
4.15303
3.64810
4.31192
4.21142
2.13077
4.12149
4.35401
4.00257
3.98428
3.74612
3.66619
4.09869
4.27462
3.01201
4.35713
3.96359
4.34030
4.26504
4.08765
4.32225
4.11216
3.86053
4.05872
3.86414
3.34002
4.20290
4.08329
4.02113
4.13304
2.70787
4.39646
4.09687
4.22118
4.15867
4.12003
2.95701
4.09784
4.19272
4.00823
4.23770
3.74492
4.13467
4.31966
4.08601
4.12889
4.18597
4.21847
4.17872
3.95014
3.47760
3.66688
4.15815
4.30887
3.54835
3.34527
3.89210
3.51574
4.34930
3.94182
4.38833
3.93465
4.31999
4.15699
4.29590
4.03790
3.99719
4.25630
3.99262
4.39088
4.11360
4.03130
4.04457
4.24649
4.21824
3.70269
3.86833
3.99143
4.23918
3.71130
4.28327
4.16056
4.33223
4.08749
3.94926
2.92418
3.86897
3.46451
4.10016
4.38329
3.82449
3.98776
3.40659
3.99003
3.93442
4.30275
3.41939
4.03402
3.01487
3.86634
4.31764
4.02603
3.74033
3.98210
3.92891
3.92580
3.81165
3.37264
3.66049
4.03740
4.20177
3.92106
4.26524
4.28388
4.09737
4.20023
3.33416
4.08309
3.81890
3.70839
3.37154
3.73270
4.01831
4.16004
3.99812
4.31019
3.94019
3.81183
3.77091
4.23488
4.23181
4.36323
4.08384
2.61348
3.41992
4.13427
4.03675
4.25015
4.39596
4.15440
3.95078
4.39505
3.75671
3.28863
3.76428
4.30823
3.24709
3.78730
4.39659
4.22183
3.49481
4.32178
4.30344
3.63594
4.40411
3.81541
4.05648
2.27226
4.16234
4.16931
3.78004
4.21905
4.31490
4.29969
3.94652
3.67099
4.30441
4.04028
4.18922
4.03927
4.00620
4.13850
4.02037
2.91659
3.78124
4.11462
1.94337
3.95350
2.47521
4.10703
4.22348
4.09730
3.98180
3.80907
4.03181
3.91269
4.09249
3.65654
2.20578
4.07237
3.96284
4.08705
3.94056
4.36991
3.49946
4.04399
3.66669
3.19664
3.82919
4.00177
4.36802
4.10197
4.20516
3.57800
4.11212
3.89583
4.10114
3.80568
3.45986
3.86965
3.91147
4.03920
4.31542
4.40354
4.26489
4.12918
3.85950
4.41237
3.97244
3.91480
2.57941
4.17041
4.16199
3.70340
4.21134
1.85246
3.83110
3.82473
4.25425
4.36587
3.19179
4.19589
3.62672
4.06504
2.23483
3.08723
3.99456
3.80355
4.30978
4.21420
4.41440
2.72388
4.20765
3.35739
4.09890
3.57988
3.29534
3.62371
4.16228
3.83322
3.77825
3.60259
2.80464
4.03339
3.02681
4.21295
3.88758
4.05730
3.32089
3.89196
3.88828
3.85485
3.84806
3.16800
4.33013
3.58754
4.04052
3.54035
3.35330
4.21967
3.79303
4.10726
4.12800
3.81751
4.29542
3.72938
4.07201
4.20932
3.55054
3.66689
3.98935
3.92610
4.38284
3.88228
4.31256
3.85605
4.16588
4.20622
4.20556
4.38892
4.20918
3.29471
4.36971
4.41099
3.23991
4.12438
4.07286
2.71524
4.26212
4.33231
4.06975
4.05500
4.20784
4.22137
2.89694
4.08955
4.12681
3.79002
4.29685
4.17415
3.44680
3.62489
4.21592
4.09704
4.40295
3.76147
3.68381
4.27305
4.29035
3.96897
4.13419
4.34652
3.59906
4.01750
4.07326
3.82285
3.68947
3.98459
4.32819
3.88907
3.79852
4.17724
4.16884
3.79546
4.25131
4.18292
4.05034
3.48276
2.47839
3.79599
3.73392
4.07574
4.05195
4.19427
3.63882
4.29136
4.26741
3.99533
4.11818
3.75380
4.13341
3.82161
3.62764
3.64183
3.73906
3.11909
4.26463
3.95034
4.22479
3.27542
3.89717
4.05647
4.12521
4.36751
4.10943
4.03131
3.89632
4.02420
4.09228
4.11116
4.23039
3.75729
4.13403
4.06939
4.05689
4.22142
3.36210
3.38939
4.00895
3.83383
3.94631
4.32897
4.35930
3.36203
3.67228
3.95705
3.05753
3.97654
1.76771
1.63467
4.22759
3.93440
4.18110
3.67002
3.69068
3.46403
3.92038
2.68330
4.16339
4.27687
4.27179
3.87472
4.14345
4.08852
4.35925
4.01745
3.13986
3.77663
3.90292
3.44106
3.89321
4.20910
4.33995
2.63751
3.56742
4.37323
4.31555
2.25875
2.25187
3.64621
4.12536
3.74743
4.24863
4.11589
3.27766
4.33877
4.33428
4.17855
4.41662
4.01648
2.65616
4.20866
3.83668
4.19569
4.20908
4.17577
3.09148
4.32388
4.08887
3.42066
4.21866
3.63314
3.99638
3.84457
3.76335
4.21966
3.19812
3.73561
2.40380
3.82783
3.25584
3.65687
4.06241
3.64539
3.49724
4.16907
4.16290
2.48592
4.03377
2.12050
4.02872
4.16718
3.99503
3.04491
4.28414
4.41449
4.15807
4.28141
3.73513
3.38674
2.71509
4.17689
4.34554
4.31439
4.16777
3.73724
3.89981
4.06534
3.95361
3.37806
2.55287
3.84324
3.82613
3.78180
4.29088
2.51867
3.57083
4.25139
4.07318
2.19103
4.39408
3.73006
3.61520
2.39031
3.99483
2.35977
3.94344
4.00035
4.17394
3.59094
4.41488
4.19814
3.61478
3.98959
4.08136
3.12208
4.29788
3.67810
3.99843
4.03247
4.27339
3.85801
3.28544
3.86706
3.46511
3.89777
4.11332
4.41976
4.29066
4.06455
4.20855
4.34401
4.00168
3.48363
4.15161
4.27128
3.95773
4.25348
4.17968
4.01211
3.82526
4.08951
4.32877
4.05471
3.78611
4.35952
4.36156
4.37434
4.20016
3.95246
4.23590
3.92951
4.12710
4.26551
3.67965
4.02955
4.33738
3.77186
4.01660
4.25820
4.00364
3.63677
3.98842
4.36158
3.57534
4.10490
3.60627
4.17542
4.15214
4.19554
3.74366
4.31052
4.20827
2.85452
4.09343
4.18520
2.42307
4.25140
3.71650
4.09644
3.13332
3.82093
3.14746
3.82188
3.81785
4.28167
4.31330
2.92238
3.81507
4.00908
4.14904
4.19541
4.30584
4.01411
4.01618
4.02050
4.25451
4.07503
3.78685
3.98886
3.91713
3.81730
3.77962
4.01437
2.00919
3.81678
4.30388
3.76522
3.78635
4.11682
3.94447
2.49294
3.52720
3.96500
4.03224
3.71678
3.93032
3.91581
4.22437
4.32868
3.89887
4.13144
4.15946
2.69220
4.40528
3.49109
4.31255
3.43229
4.18902
2.93845
3.41727
3.73878
3.70260
4.23961
4.06068
3.89611
4.20649
4.37526
3.92499
4.09594
4.20275
3.72973
2.72938
4.07632
4.02729
4.20887
4.20136
3.95352
4.21245
4.17679
4.05932
3.20860
3.96031
1.87070
3.23084
4.09955
3.05162
3.99300
4.23949
3.27735
4.31697
4.24724
3.93456
3.82736
4.01663
3.97554
2.72965
4.12758
4.25609
2.37393
2.59635
3.87605
4.26759
4.12785
4.06743
4.36680
4.11572
4.00852
3.91536
3.38741
3.73392
4.36061
4.07806
4.04959
4.03350
3.86068
3.79795
3.11949
4.30459
4.28217
4.23959
4.04455
4.24621
4.20922
3.86058
4.24768
3.73248
3.85159
4.04984
3.92902
4.41470
3.68272
4.14048
1.83597
3.96841
4.24050
4.00159
4.16637
4.13496
4.17526
4.24897
4.09314
3.55522
4.01342
4.09528
4.23943
3.86120
4.08000
4.31336
4.07148
3.75795
3.96258
3.96817
3.99107
4.31956
3.84418
2.66335
4.05647
4.14753
3.26154
3.95723
4.18950
4.04929
4.18451
4.12055
4.07997
4.17972
4.26267
3.54376
3.85225
4.31854
4.29694
4.22320
4.31992
4.17222
3.82426
3.26732
4.07915
3.72910
4.11665
4.36443
4.26774
4.16603
4.25091
3.83401
4.23014
4.28982
4.01315
4.18168
4.10173
3.55183
3.98230
4.32292
3.98307
2.94115
4.09004
4.23258
4.13191
3.13850
4.03042
3.69507
4.07564
3.99939
4.26425
4.30046
3.82002
4.03227
4.25523
4.32209
4.27076
3.53661
4.32205
3.91407
4.10142
3.93453
4.10668
4.10938
3.19513
4.21578
4.11910
3.30694
3.85137
4.18428
4.31989
4.22692
4.18994
4.29543
4.41671
3.81849
4.20453
4.12471
4.33305
3.47900
3.70708
4.05783
4.26263
4.35655
3.75254
4.33529
4.25260
3.88173
4.03722
4.31580
4.17106
4.13226
3.72022
4.38088
4.08868
3.84979
3.94330
4.35444
2.18235
3.87585
4.19782
3.89525
4.25492
4.32900
4.35203
4.08136
4.14407
4.36420
4.29292
2.69977
4.19361
4.34067
3.76651
3.95090
3.63899
4.03742
3.70599
4.21185
4.30045
4.18167
3.99737
4.30954
4.07762
4.17622
3.92075
3.95110
3.85701
2.78593
2.81641
4.31777
4.21725
3.84430
3.67577
4.27357
3.49171
2.03995
4.13057
2.17853
3.65608
4.07915
3.70749
3.99578
3.74465
3.76658
3.80360
4.15433
4.37995
3.64126
4.00619
4.07694
2.84238
4.28035
3.87841
4.21323
3.70422
3.33270
3.69190
3.44622
4.33847
4.15667
3.90544
4.12512
3.61382
4.19078
3.89975
4.02143
2.57898
3.79675
3.64119
2.10336
3.97970
3.25920
2.80716
3.60968
4.19951
3.71787
4.24630
4.11423
4.15227
3.84496
3.55944
2.26060
2.71889
4.07521
3.95769
4.12035
4.24262
3.75019
3.91317
3.84467
4.11348
2.72665
3.81774
4.16217
4.00007
4.08654
4.12526
3.73367
4.22957
4.22942
3.85450
3.41662
3.95487
3.13789
3.71365
3.36867
3.94544
3.95423
4.19831
2.78975
4.02905
4.08454
4.06862
4.31666
4.27059
3.07369
2.49097
4.13269
3.70918
3.89297
3.88802
3.96913
4.31023
1.11138
1.93771
3.87709
4.33419
4.06617
4.17976
4.26864
3.17078
4.06082
4.24774
3.89839
4.28564
4.27263
4.28984
4.16732
4.16309
4.06182
4.27164
4.11135
2.32152
4.01800
4.16898
4.01479
2.51231
3.57420
3.99030
2.34448
3.17113
4.13272
3.69922
4.08765
4.23609
4.28981
4.28418
3.74868
4.11466
4.17614
3.79140
4.19005
3.61230
4.32750
3.32897
3.29295
4.22395
2.66225
4.11605
3.69814
4.17360
4.20978
4.06478
4.05958
3.61354
4.16145
3.60936
4.17836
4.18253
3.38784
4.06808
4.10806
4.31417
4.23632
3.93818
4.09252
4.23125
4.24691
4.07570
3.98459
3.63530
3.87178
3.78154
4.21137
4.02485
4.19833
3.76539
3.92806
3.87178
4.02396
3.93562
3.64657
4.13005
4.18278
4.20893
4.16093
3.86144
3.80220
4.02467
3.26802
3.52117
2.87821
3.74255
4.10823
4.05225
4.37110
4.11213
4.25996
4.10021
4.15316
3.77612
2.91404
4.16969
3.85501
3.97007
3.86513
3.98908
4.24297
3.85234
4.27736
2.58688
2.85223
4.30302
3.56347
3.93543
3.83581
3.89982
4.11445
4.24290
4.37031
4.02135
4.24805
3.65121
3.59924
4.04572
2.66271
3.91800
4.05004
4.12337
4.30013
3.89811
4.12403
4.34389
4.19484
3.94299
3.70874
3.36848
4.17367
4.26327
3.90941
4.23924
3.19912
4.12597
4.06435
3.43107
4.15376
4.27086
3.83480
3.13198
4.03443
4.25709
4.24160
3.70012
4.11211
4.00014
4.37395
4.19461
2.98016
4.15451
3.15339
2.78472
3.94838
3.81086
3.65321
1.97229
3.79714
4.24707
3.98119
2.42921
4.39957
3.98855
3.32565
4.26283
4.24285
4.20230
4.06719
3.90568
3.58315
3.91620
4.11792
4.19593
4.35609
4.20263
3.05204
4.21138
3.85786
4.34976
4.32895
3.78837
2.61349
4.24351
3.98517
4.01965
4.03112
3.71460
3.82217
4.01498
2.15581
4.13648
3.75289
3.92252
4.18465
4.10044
4.18653
4.03431
3.90215
2.21240
3.78434
4.06011
2.48642
3.35550
4.26247
3.98954
4.27491
3.83710
4.20199
4.24953
3.80966
3.24062
4.30662
4.08022
4.11791
4.14285
4.34808
4.17268
4.32450
4.16294
2.74586
4.13157
3.87750
3.67301
4.08214
4.20578
3.87039
4.00392
4.04513
3.93501
4.26827
3.95816
3.93195
4.15681
3.81189
3.99459
3.45580
3.98482
4.13153
4.26971
4.11102
3.89231
4.24387
1.85868
4.34778
4.02737
3.95485
4.19437
4.32402
4.31226
4.18838
4.31599
3.37482
3.82814
4.16876
4.02558
3.75380
3.45592
4.29303
3.38217
4.02348
4.42056
4.14133
3.75723
4.33328
3.97346
4.09098
3.18367
3.20697
4.16876
3.93295
3.92731
1.21613
3.99050
3.97673
2.86898
4.01300
3.69727
3.65986
3.24522
4.31405
2.56304
3.87940
3.63563
4.29711
4.34849
3.77204
3.40703
4.19650
4.30515
3.80737
4.13690
3.71028
4.22319
4.39461
4.07260
4.29218
4.02082
3.98766
1.80369
3.91776
4.21341
3.94563
3.90451
3.76608
4.15158
4.02978
3.56019
2.91390
4.24015
4.30802
4.12946
4.24300
4.03225
4.17853
4.09570
4.02546
3.59294
3.38047
4.36789
4.02469
4.33381
2.97663
4.06733
3.40096
3.65006
4.43103
3.72088
4.35283
4.34411
4.04226
3.93572
3.64768
4.26881
4.24668
4.03507
1.80553
3.69818
4.21601
4.21214
3.99787
4.16492
3.51560
3.88025
4.15865
4.08776
4.11440
2.26114
4.04214
4.00465
3.92517
4.10373
4.03017
4.21318
4.08623
3.76404
4.40175
3.24733
4.18286
3.78855
4.45599
3.69967
4.27791
3.33658
3.80390
3.72685
2.66655
4.17958
3.94414
3.27763
2.02549
2.35267
2.58223
4.03334
4.37261
3.99296
4.18929
4.35305
3.74411
3.79288
2.50938
3.60657
2.29832
3.88613
4.15942
4.04532
4.15411
4.12565
3.99739
3.81600
3.93927
4.03594
4.35396
3.30056
3.18506
4.15711
4.36205
3.47255
4.27326
3.99956
3.87471
4.40479
4.22967
3.98630
3.76030
3.56179
3.23107
3.90285
4.30421
3.97471
4.23843
4.33987
3.59032
4.17444
4.25728
4.15205
4.20065
2.40494
3.90046
3.50528
4.16038
4.07238
4.35341
4.34952
4.08524
3.84495
3.48672
3.82932
4.31021
3.27388
3.85374
4.26236
4.26157
4.20348
4.28937
2.96265
4.07394
3.77388
3.41232
3.83916
4.39628
3.54308
4.10426
2.44199
4.09090
2.60926
4.08346
4.30715
4.04803
4.04572
4.13380
3.99814
4.15538
3.93449
3.81729
3.92447
3.88367
4.16567
3.92113
4.24004
4.04554
4.22335
4.24806
4.23840
2.37289
4.26566
4.19707
3.06457
3.06258
4.11337
4.25448
4.09864
4.24426
4.19209
3.63995
4.44953
2.57171
4.07838
4.17383
4.35016
3.73473
4.08003
3.88403
4.10783
3.62802
3.39892
3.95798
2.38816
3.88958
4.24284
4.33425
2.07387
4.42077
4.20815
3.57257
3.86660
4.17914
4.12826
2.54507
3.97364
4.30151
4.12216
4.35575
1.36668
4.18428
1.55044
3.53075
3.81309
4.08414
3.45286
4.27085
3.84048
4.23084
3.06093
2.71528
4.16086
4.08226
2.94144
2.13910
3.36184
3.72963
2.77445
4.16804
3.29068
4.05638
4.22427
3.26422
4.20132
3.75115
4.43837
3.76336
4.12743
4.31708
3.89448
3.86768
4.18399
3.97368
4.37667
3.21148
2.91279
4.22343
4.00069
4.26776
3.63841
3.91087
4.23768
4.17918
4.23329
4.15894
4.16127
3.86740
3.40251
3.73533
3.62475
2.35614
3.92644
4.00562
4.10751
4.02910
3.84719
4.26649
3.82567
4.23412
3.92372
3.88082
4.18618
3.75659
4.09540
3.76688
4.18625
4.07150
4.29783
3.94937
2.92260
3.77215
3.88199
4.05896
3.29579
1.90114
3.68167
4.27652
4.18845
3.69526
4.13694
4.24721
3.87594
3.68979
3.65084
3.96596
1.65646
4.33871
4.21326
4.20579
4.02921
4.24157
2.63041
4.04092
4.34719
4.27276
3.79865
4.26782
3.83646
2.31648
4.30239
3.97319
3.58430
3.97995
4.20797
3.40723
4.23188
3.88517
3.67750
3.54304
3.87482
3.20960
4.04206
3.91611
4.33644
3.96273
2.98583
3.31493
3.21996
4.41366
3.05892
4.20986
4.18870
4.32341
2.82880
3.81100
4.04089
4.31016
3.27469
3.87951
4.20089
4.20018
3.73297
4.11953
3.91888
3.89339
3.80684
3.53597
2.68676
4.16055
3.04232
3.46573
2.94873
4.15298
4.12000
4.31079
4.03473
4.27152
4.29980
4.26307
3.34792
3.94464
3.10384
4.26357
4.38748
3.87061
4.32962
3.84726
4.27448
4.15081
3.81672
4.28692
3.22185
3.67693
3.27970
3.79226
4.17212
3.85157
4.41961
4.26674
3.93302
4.32256
3.72208
4.39978
4.26513
3.81257
1.99521
4.40449
4.02110
4.12507
4.20049
4.31261
3.48275
3.89462
4.10216
4.10905
2.67465
3.88843
4.12418
3.68622
3.90103
4.29672
3.77697
4.08964
3.13161
4.22063
3.85497
3.26956
3.98815
3.84444
3.63397
3.23781
3.97226
3.77085
1.71504
3.63304
3.37987
4.27410
4.14675
3.84654
4.21151
4.09608
3.27686
4.28197
2.68486
2.77555
4.03747
3.44036
3.99890
3.69318
2.52631
4.28530
4.26696
3.92141
3.04946
3.91041
4.03162
2.79119
2.82409
3.06168
3.55220
4.14651
4.18014
3.39267
4.05968
4.25775
3.77616
3.97654
4.33570
4.22247
4.06556
3.87082
3.59105
4.24674
3.83231
4.32567
3.48129
2.47344
4.34903
2.67147
4.08184
4.21410
3.98837
2.92969
1.75815
4.33293
4.12067
2.99686
1.76943
3.59560
2.72936
4.31013
4.02775
4.14285
3.71405
4.21754
4.00602
3.16024
3.84396
4.00130
3.29121
4.06478
4.21715
4.29435
4.42310
3.67955
3.70058
4.03891
3.69093
3.84590
4.15110
3.93866
3.76675
3.98584
3.26062
4.24208
4.05063
4.36809
4.28650
3.70666
4.00402
4.24549
4.20997
3.44496
4.02507
3.43358
4.31136
3.85803
4.02872
4.23462
3.58947
4.19540
4.19937
4.17177
4.30713
3.50613
3.60417
4.21071
4.10411
4.14953
4.34517
4.25621
4.01083
3.82202
3.73210
4.04558
4.10435
3.72876
4.34409
3.65801
3.62715
3.33888
4.14108
3.95248
4.03679
3.92277
4.21767
4.30732
3.17226
4.22082
4.17440
4.09407
4.26790
4.26723
3.98703
4.21220
3.69451
4.36722
4.05203
3.88508
2.45948
4.34258
4.06134
4.12910
3.40078
4.07910
4.19219
3.37347
3.86490
3.76301
4.02378
4.03797
3.78982
4.05191
3.85735
4.19931
4.27952
3.95131
4.21779
4.08082
4.13736
2.31312
3.99916
3.99504
4.13079
4.00209
2.24911
4.00097
4.26458
4.29710
4.21564
4.18808
4.11280
4.27296
3.90205
4.05162
3.49102
3.61151
3.46596
2.44003
2.86967
3.75198
4.26634
4.25862
2.63286
4.23144
4.27670
3.81621
4.14191
4.17664
2.76860
3.93235
4.35398
3.46061
4.02881
3.25072
4.33687
4.08696
4.08452
3.99494
3.79200
4.18629
3.61310
4.11478
4.33092
4.34078
3.93706
4.32014
4.20764
3.58719
2.67704
4.25011
3.57399
2.91976
4.33859
4.24167
1.84297
3.82186
4.23660
4.11376
4.13504
3.39982
3.74191
3.62731
4.11434
4.10731
4.20862
2.80669
3.65155
3.88843
3.99187
4.21107
3.42857
3.22455
4.41223
4.23603
4.09802
4.09001
3.96598
4.00168
4.21762
4.24827
3.33442
4.02300
3.32846
2.22935
4.16269
4.26162
4.23852
3.96685
3.55795
2.33276
4.20172
4.16976
3.99453
3.73835
3.38363
4.01501
2.84246
2.29487
3.78617
3.26666
3.86659
4.10434
2.66535
4.10812
4.19194
4.34830
4.06926
3.65386
3.12252
4.26320
3.41274
4.00563
3.80848
3.58414
3.51056
4.00604
4.08164
3.67213
3.87776
3.52183
4.27796
3.65375
3.69632
3.92386
3.04175
3.91214
3.82741
4.13701
4.14942
4.34811
4.35245
3.69845
2.52132
3.70952
3.99463
3.96761
2.71343
4.10564
4.08899
4.27734
3.48854
4.32302
4.02036
4.22961
3.91841
4.19714
3.58020
4.11004
3.82570
4.27185
4.02973
4.39683
4.18021
3.94695
4.17928
3.94335
3.91017
3.79035
4.31067
4.21911
4.18565
4.36086
4.18164
3.99456
2.84666
4.31075
3.75971
3.01517
3.81338
3.81094
4.12141
4.41401
4.05720
4.20979
4.11323
3.98005
4.10998
4.10911
3.42043
3.83339
4.00364
4.16114
4.37078
3.74779
4.14644
3.51805
2.95374
3.55793
4.01715
4.26302
3.77844
3.68276
4.33763
3.87208
2.98287
4.31835
3.98548
3.89024
1.81640
4.21264
3.54711
3.74906
4.07780
2.98827
3.87914
3.78772
3.84409
1.86002
4.04954
4.34741
3.64496
4.16775
4.19542
3.87683
4.33423
3.27628
4.21569
4.06289
3.88512
3.39914
4.26616
3.83811
4.14233
3.93090
3.91963
3.63945
3.99228
4.13934
4.16413
3.78502
3.39193
4.24453
4.37982
3.85465
2.40991
4.11280
4.27273
1.66273
4.30666
2.72260
3.77325
2.57197
3.47323
4.04724
4.16352
4.25914
3.10444
4.18509
4.14275
4.08850
3.85810
3.09204
3.75949
2.68476
4.21627
4.36884
3.93591
3.91128
4.18492
4.06791
3.79134
4.23839
3.20626
3.11212
3.19485
3.55610
4.33541
4.13245
4.04110
4.37160
3.43174
4.25245
4.08881
3.26855
3.97159
4.18795
4.17003
3.67368
3.86842
4.00408
4.02235
4.19054
4.23794
4.27259
3.73191
4.34032
4.25896
3.41247
4.22197
4.01069
4.24541
3.99410
3.91559
4.00099
4.01023
3.85650
4.22117
3.80715
4.09478
4.11697
3.29759
3.94718
4.06720
2.75890
2.97579
4.02575
3.26705
4.23157
4.11443
4.21652
2.68517
3.97498
3.06292
4.00808
3.90652
3.37483
3.69769
3.98025
3.82536
4.15542
2.88540
2.48752
4.07146
4.30193
4.06836
3.61703
3.97179
3.36808
3.62731
4.04686
3.78875
3.71017
4.02664
4.17719
4.22938
4.34225
4.21094
3.18473
2.34945
3.87710
3.68521
4.15522
4.22151
4.14070
3.84215
4.12450
3.88762
3.33699
4.15764
3.91484
3.51160
3.99309
4.38536
4.13951
2.67106
4.11988
3.23784
4.27276
3.92077
3.07110
4.22067
3.55863
4.15455
4.17437
3.82466
2.77767
4.00389
3.82302
4.22650
3.91494
3.90771
4.33229
4.04294
4.23611
3.64277
4.14545
4.14661
4.26768
4.05673
3.88425
4.19866
3.85189
3.95353
4.16985
3.87029
4.03324
4.33609
4.20415
3.96346
4.08666
4.13210
3.79839
4.07732
4.00158
4.09181
4.33457
3.66302
3.75842
4.17380
3.60241
2.63777
3.99349
4.23178
3.58521
4.11971
4.10889
3.06202
3.97537
3.43341
4.16452
4.07867
3.37778
3.09598
3.76485
3.99767
2.90351
4.21166
3.85992
4.37365
3.27301
3.57420
4.00254
4.31956
4.10975
4.31928
4.40561
4.21611
3.63704
4.16348
4.01395
4.10842
4.14514
4.36426
4.13564
3.70281
4.23570
3.66638
3.90759
2.70053
4.13744
3.66887
3.90996
3.96657
3.23338
3.95075
3.92599
3.93897
3.14044
4.19044
4.20938
2.63117
3.49012
4.37656
3.97399
4.21491
4.34814
4.12390
4.24204
4.11037
4.19740
4.20169
3.64059
3.59974
3.70370
3.95279
4.08297
4.14277
4.05022
3.71777
3.72954
3.31078
4.32237
3.97191
4.23447
2.82178
4.16960
3.67161
3.98116
4.19033
4.10891
4.21590
4.13627
3.36982
3.73341
2.18014
3.76205
3.28434
3.04258
4.17280
4.08959
3.37796
4.24040
4.29522
4.28545
3.57415
4.33055
3.63131
4.13779
3.98598
2.86881
4.20375
4.24636
4.23528
3.91308
4.08152
3.75008
4.29620
4.33927
3.98546
2.22831
3.76943
3.46384
2.90547
3.62130
4.29134
3.97984
3.97316
3.92460
3.76226
2.87018
3.61279
4.13983
4.17896
3.55324
4.23968
3.64769
3.69213
4.28440
4.02995
3.97485
3.94404
4.11845
4.16373
3.29758
4.05845
4.22064
1.87304
4.24923
3.98884
4.10940
4.38881
3.61560
4.21220
4.04711
3.84328
4.14436
3.64231
4.38505
4.37653
3.85227
4.11084
4.09472
4.16417
4.14550
3.97778
4.17323
3.82140
4.26118
4.29685
4.26878
3.80306
3.72785
4.17274
4.32330
4.32606
4.43704
2.40402
4.36540
4.25962
4.26410
4.24934
3.85187
4.29170
4.24045
4.26128
4.05837
2.10462
4.05607
3.89747
3.44728
3.30423
4.01367
3.90383
4.18009
4.27285
4.14369
3.38454
3.99597
3.66052
4.28715
3.52804
4.10739
4.25803
4.28918
3.15154
4.26410
3.79477
3.66435
4.01035
3.30639
3.91429
3.80691
4.19908
2.68357
2.10533
3.30639
3.95784
4.20997
3.01901
4.17684
4.18271
4.36437
4.08973
4.20036
4.07134
4.10271
4.11515
3.52640
3.33655
4.06463
4.23897
4.33892
4.35664
4.34380
3.82264
4.23013
3.51238
4.38223
4.19048
4.16837
3.16530
3.68007
3.12612
3.76406
4.13238
3.69995
3.95643
3.83398
4.15100
4.29556
3.74170
3.97401
4.31762
4.26837
4.09526
4.01157
3.56106
3.76937
4.30963
3.73513
3.46739
4.03753
4.12251
4.23427
4.05278
2.90443
4.15007
4.09693
2.99558
4.05702
4.15425
3.56848
4.44631
3.95105
4.12590
4.23260
4.25412
4.19534
3.98617
4.02116
3.40430
4.22609
3.37368
4.31283
3.55293
3.35308
2.77408
3.87976
4.07693
4.28799
4.10655
4.28944
2.87022
4.33386
4.35007
3.91424
3.97977
3.65058
2.57394
3.40759
4.30219
4.33320
4.09888
3.91440
4.15580
3.97462
2.63715
4.24582
4.01958
2.03789
4.10196
4.14498
4.30730
4.26199
4.01076
4.13731
3.53498
3.89304
3.74436
3.64438
4.11988
4.09850
3.84558
3.54391
4.16801
4.41246
3.08551
3.77216
3.77998
3.93071
4.25256
4.16586
3.84032
4.28346
3.62248
3.83709
3.71988
4.37897
4.20527
4.03188
4.34253
4.19342
3.65862
4.00090
3.85879
3.18950
3.69496
4.24350
4.07834
3.89514
4.27442
4.17813
4.23272
3.92051
4.16756
4.05372
3.99915
3.97545
3.42312
3.73554
3.79295
3.98079
4.35353
3.13349
3.81889
4.32098
3.53387
3.36117
3.63360
2.10942
4.21593
4.29324
4.28961
4.22233
4.07059
3.26588
4.18222
4.18392
4.10756
3.68979
4.26179
3.58463
4.12759
3.82247
3.36601
4.04775
4.29276
2.53821
3.79845
4.05538
1.92272
4.04850
3.45932
4.33520
4.16376
2.29390
4.32544
4.09896
2.08604
4.32280
3.41684
3.85114
3.21984
2.97402
3.60084
4.29401
4.18973
4.23944
4.04601
4.05460
4.19505
2.66488
1.85141
4.17834
4.38127
3.46700
2.45033
4.00684
3.68957
3.17846
3.92090
3.72554
2.99847
4.27528
4.14264
3.10966
4.18146
4.28690
3.54613
4.11474
3.90540
4.16842
4.20269
3.92383
2.23059
4.24532
3.95186
4.23091
4.15876
4.26233
4.20121
4.22849
3.20665
4.26946
4.29400
3.96722
4.05133
4.07445
4.06410
3.89875
3.99060
4.30719
3.35766
4.34138
4.21898
4.04823
3.94913
4.11895
3.66535
4.33903
3.87960
4.03154
4.03186
3.80240
4.34481
4.36555
1.85071
4.14058
3.63236
4.19431
4.43129
3.72030
4.28547
4.33451
4.26295
4.17107
2.51490
4.04297
3.47294
3.73251
4.08746
4.33179
4.40175
4.24648
3.58739
4.08817
4.32532
4.35090
3.77891
4.18797
2.92494
4.17703
3.80904
4.26735
1.82367
4.14490
4.40865
3.64056
2.67510
3.28681
1.12831
2.32796
4.30047
4.21450
4.28631
4.10328
4.32551
2.56693
3.68067
3.39593
3.97831
4.06840
3.62922
4.08080
4.01789
3.76921
4.37473
4.36537
4.27287
3.81670
3.87515
4.21860
3.78181
4.33223
4.07624
3.37933
4.31951
4.25473
4.06929
4.30467
3.94434
3.78541
4.00726
3.22926
3.64815
4.24846
3.79861
3.79833
4.11039
3.84347
3.40081
3.87133
4.04712
4.42089
4.20933
4.33323
3.87875
4.31360
4.02411
3.73910
4.23339
4.29851
4.29199
4.37271
4.01442
3.75372
3.16700
4.07641
4.08452
3.23862
3.85823
4.32284
2.15011
4.44043
3.61002
4.33929
4.30171
4.18492
3.56093
4.27355
4.15865
3.89169
4.25375
4.30542
4.07549
3.46882
3.67073
3.43855
4.27803
3.52094
4.25225
3.92691
2.51716
4.35515
4.09633
3.84995
3.89379
4.28337
3.57231
3.77406
4.13539
4.23747
3.96261
3.84822
4.21922
3.57472
4.18799
4.26024
2.54360
3.64193
4.25377
4.26020
3.61189
3.89481
4.26332
4.22355
4.00238
2.61675
4.17185
4.31703
3.53834
4.28403
4.00960
3.07100
4.34413
4.38264
4.24370
3.42998
4.14402
4.28277
4.13588
3.93816
3.85353
4.24274
3.68018
3.98458
4.02855
3.87394
4.10156
4.18505
3.98915
3.72302
4.32968
4.11631
4.08349
4.31653
3.96849
3.85144
4.14580
2.83578
3.83801
4.34487
4.05397
3.95763
4.27357
3.31369
3.75453
4.35798
3.79987
2.72713
3.89250
4.14671
4.05487
4.10462
3.95662
4.05010
3.42902
4.12137
2.93975
4.18536
3.72033
4.17646
2.34777
3.68494
4.29419
4.27755
4.08657
3.92763
3.42976
4.11374
4.20464
1.61807
3.63127
4.18000
3.74598
4.06570
3.59216
3.36511
4.00580
4.05328
3.75603
4.20364
3.98822
4.26381
4.16732
3.86902
4.29214
4.31613
3.91600
4.24321
4.07591
3.99107
4.01125
4.26807
3.78878
3.52806
3.97012
3.59227
4.28818
4.10694
3.96678
3.87468
3.99036
3.71100
3.81232
4.01939
4.34083
4.17035
4.04945
3.34545
3.87996
2.00290
3.69076
2.18475
4.19152
4.21966
4.23996
3.09005
4.00487
3.89220
1.54600
4.13581
4.09811
3.84526
4.16383
4.19265
4.20001
2.83110
4.13453
4.19087
4.16809
3.59888
3.71043
3.99956
4.09371
4.30172
3.71110
4.07254
4.06425
4.04722
4.21429
4.04549
3.72174
4.22208
4.25191
4.30915
3.15981
3.69666
4.26081
4.14056
3.98175
4.27235
4.08848
4.34832
3.56500
4.33671
4.09404
4.15655
4.00806
3.63703
4.24790
4.40633
3.75427
3.93648
4.13560
3.78864
4.10160
4.08600
3.64569
4.00965
4.39853
4.11970
3.80269
4.33093
3.94524
3.88224
3.76106
1.83873
4.18545
4.16666
3.96259
2.34101
2.85615
4.07245
4.33533
4.03461
4.18130
3.44862
1.69576
3.31907
4.19676
2.52994
3.96687
4.19161
3.75492
4.14372
3.97603
4.09106
3.42633
3.29588
3.91385
4.25557
3.97579
3.34371
3.86424
4.21953
4.29756
2.89038
4.02631
3.32905
4.35963
4.17587
4.20216
3.90822
4.28221
3.91595
4.02226
4.21790
4.21689
3.86812
4.07851
4.02357
4.04181
4.15181
2.92042
4.23006
3.82634
4.27719
3.69754
3.89827
3.35862
4.28761
4.25052
4.27113
4.11891
4.23606
3.78136
4.10008
3.85779
3.79368
3.90596
3.94740
4.10568
3.24839
3.79543
4.25200
4.27597
4.26740
4.24521
4.21502
4.40135
4.12037
3.86867
4.16939
4.18503
4.22688
4.32814
4.31601
4.20228
3.92723
3.78140
2.22454
4.36202
3.95600
3.78844
2.82334
3.55083
3.87704
3.85651
3.24711
4.07438
4.22056
3.60094
3.95206
3.61235
4.33137
3.45405
4.08853
3.84354
3.59970
3.13734
4.03706
3.04877
4.15468
3.91217
3.89961
3.85545
4.33530
4.43529
4.38726
3.48542
4.25777
3.72140
4.30482
3.51006
4.07641
1.98932
4.06060
4.13501
4.15972
3.98757
2.81144
3.92233
4.04062
4.09926
3.34073
4.16695
4.11793
4.24580
4.09590
4.10458
3.44830
4.07879
4.16094
4.33948
3.53319
2.87859
3.13325
3.80655
3.84052
3.81944
4.10176
4.12093
3.97401
4.25333
2.11165
4.24984
3.69181
3.16037
4.07610
4.17771
4.17662
3.93262
4.17638
4.01921
3.93680
4.26052
3.58088
2.27900
3.07827
3.80298
4.36576
4.08931
4.28898
4.04781
4.20747
4.29365
2.85882
3.93548
4.31314
3.95678
3.02786
3.44119
4.18198
3.88836
3.60268
2.78773
4.40242
4.25836
3.92925
3.61713
4.37084
3.82897
4.07349
3.75786
4.13544
4.18180
3.45971
4.22508
3.85488
4.25166
4.23274
4.16811
3.65907
4.08994
4.30053
4.18850
3.16625
4.19047
4.05369
4.34494
4.18289
3.61555
4.19665
3.96865
3.88733
3.92816
4.11297
4.39112
4.22728
3.78009
1.73552
4.05692
4.12642
2.84213
4.18763
4.11141
2.89704
3.97696
1.72420
3.98740
3.05668
4.14852
3.76034
4.08449
4.28782
3.17257
3.82353
3.84935
4.37454
3.70343
2.79570
4.00497
3.62399
4.34571
3.38773
3.94724
4.02355
4.29676
4.00422
4.18152
4.13891
4.15726
4.00250
2.30896
3.45310
3.90436
3.78087
3.80480
4.29104
4.05605
3.97140
3.95599
2.07304
4.37011
4.28170
4.26474
4.33610
4.38700
3.91511
3.93193
4.04633
4.14548
4.17502
3.77916
3.75190
4.27560
2.09621
4.31300
4.34699
2.41944
4.22038
3.35569
3.95003
4.19854
3.28608
3.95073
3.67025
3.88680
3.14598
3.96472
3.30536
3.65082
3.53058
3.58983
2.86847
3.47496
3.82187
4.33069
3.70371
4.33415
4.15482
4.13456
4.03596
4.14318
2.78331
4.17457
4.04402
4.02715
4.26038
4.06946
4.32421
4.22718
2.23873
3.56311
3.56799
3.85752
4.22550
3.49423
4.03280
3.95430
3.45444
3.62275
2.71123
3.79224
3.89835
4.10226
3.55667
3.93314
4.18812
3.71792
1.83782
4.27026
3.96249
3.43940
4.27281
3.92346
4.28294
4.30497
3.90121
4.37463
3.33886
4.16201
3.45194
2.58224
3.62727
4.02794
2.66244
4.18810
4.25713
3.88966
4.22203
4.19945
3.90960
4.03213
3.89580
4.22241
4.15397
4.19440
4.25284
4.12669
4.24142
4.12942
4.03896
3.96769
3.73019
4.32442
4.27462
1.18917
4.33919
4.25580
4.03139
4.23588
4.02721
4.25029
3.83614
4.03475
3.95583
4.03900
3.98654
4.06728
3.98426
3.92224
3.08263
3.63477
3.91561
3.37596
3.48439
2.34764
4.06710
4.16273
3.97675
3.24498
4.06115
4.36510
4.24917
4.29641
3.80887
4.02476
4.34545
4.00803
3.71717
4.10728
4.40174
4.07986
3.79803
3.41882
3.51501
3.96923
2.30075
3.98319
4.05273
4.10301
4.32412
3.80401
3.66787
4.08420
4.27904
4.08124
3.13662
3.36571
4.15304
4.17157
4.18740
3.82006
4.21134
4.01009
4.13693
4.20321
2.59692
4.25855
3.71441
3.47882
3.33500
3.02667
2.79177
1.50325
4.01994
4.24510
4.17093
3.78563
4.01730
4.18795
2.86925
2.65419
4.09100
4.29086
3.95171
3.93824
4.16948
4.26493
3.00671
3.96442
4.22400
4.17591
4.33384
4.23930
3.91551
1.85763
3.53727
2.36267
4.12885
3.59835
4.36201
3.97176
3.34002
3.37650
4.29586
3.92495
4.35871
4.04474
4.13473
4.16727
3.21533
4.24900
3.85720
4.21584
3.93739
4.19049
1.82741
2.59365
4.06586
3.25893
4.04876
4.27914
3.28344
4.30169
4.10554
4.31113
4.39574
4.19768
4.14215
4.10054
3.83285
3.85788
3.73172
2.53093
4.27895
4.24097
4.13211
4.27454
4.28227
2.34520
3.13078
3.95953
3.83347
4.18697
3.80979
4.37596
3.33295
3.65924
3.53573
3.75322
2.10716
3.19959
4.29505
3.88100
2.98463
3.95123
3.97477
4.16513
4.16612
4.21075
3.72129
4.26839
2.32353
4.31813
4.12650
4.23413
3.82187
3.75700
4.29101
3.45883
3.15049
4.20566
4.29751
4.01676
4.29972
4.04153
3.24280
4.29489
4.32854
4.33825
3.97416
2.95577
3.97090
4.19332
4.12442
4.31617
2.46189
2.62372
4.18526
4.12739
3.64381
4.07694
4.12340
4.33592
3.44518
1.61804
4.24145
4.11359
3.92400
4.24419
4.17906
3.97758
4.40270
4.17363
4.15598
4.25707
4.15518
3.88115
4.16391
3.90244
4.18380
4.17396
3.78982
3.90919
3.69389
4.03275
3.33202
4.23250
4.27793
3.77265
4.13632
3.95519
3.75809
4.38428
4.26413
3.36795
4.04761
2.88646
4.13761
4.19745
4.23904
4.24664
3.89278
3.65811
3.26923
2.19232
4.15276
4.22859
4.31910
3.91206
4.22749
3.75276
4.43895
3.40894
3.67561
2.76730
4.40068
4.36115
4.01237
2.83333
4.02508
3.87309
4.29449
4.08273
2.17472
3.88140
3.73006
2.71297
4.31971
3.64599
4.33914
4.09151
4.39161
4.10682
3.90714
3.24308
2.75304
3.53363
4.15343
4.21020
3.62448
3.61772
3.99888
4.30703
4.40300
4.34487
3.96948
2.81095
3.66629
3.19219
2.10640
4.26757
3.01937
4.17776
4.10375
4.23308
3.93220
3.39074
3.67458
2.41964
3.71967
3.36987
4.11688
3.47347
3.96575
3.53563
2.62921
3.40455
4.20715
4.16368
4.08615
3.91066
3.71681
3.95356
3.20490
3.89466
4.16341
4.33373
4.16002
3.96059
4.30381
3.40890
3.07126
4.29606
4.18925
1.96693
4.17602
2.82386
4.23850
4.06262
3.36939
3.70747
4.03576
3.94161
4.26637
4.18369
3.91650
4.13545
3.84721
4.13407
3.14793
4.43505
4.29215
3.93975
3.92805
4.34062
4.21815
3.99984
4.35899
3.44497
4.37533
4.14955
4.16698
4.19633
4.12586
4.09486
4.05355
4.13305
3.66123
4.08525
4.24382
2.20712
4.21906
3.31185
4.08276
2.88860
3.60766
4.15214
3.94898
4.24703
4.06809
3.45516
3.87538
4.25692
4.25494
4.24281
3.85023
4.04729
3.38314
4.18195
3.76522
2.29688
3.75649
4.26745
2.60745
3.84529
4.24266
3.96495
3.05785
3.71585
4.17114
4.04315
3.73566
3.96442
3.73212
4.14165
3.83005
2.64105
4.34004
4.28050
4.17381
4.37447
4.31917
3.91442
4.03582
4.28583
4.20777
3.74808
3.94624
4.32818
3.67907
3.76187
4.04486
3.53984
3.77254
4.11585
4.39185
4.38686
4.11681
3.97646
4.25153
3.71500
4.42195
4.10373
3.60214
4.17318
3.84110
4.26938
4.06164
4.01991
4.07968
4.35692
3.81127
4.05635
2.61753
1.85762
4.04251
3.82811
4.21729
3.91712
4.03991
4.08964
4.11528
4.31617
4.11819
3.73485
4.04020
3.13294
4.24098
3.98441
3.46053
3.92914
4.03327
4.26973
3.82388
4.01444
4.34769
4.16725
3.98910
3.64864
4.19507
3.66918
4.12157
4.31573
4.16459
2.85016
4.29908
2.95487
3.98404
3.21557
4.00645
2.87355
2.99932
4.09065
4.09765
3.49371
3.37326
4.15391
4.08513
3.79161
3.50025
3.83150
4.33820
4.30774
4.27289
4.09635
3.93216
4.13256
4.25414
3.83831
3.92398
4.13522
4.24655
3.63373
3.67893
4.13910
2.63370
4.18596
4.15796
2.98624
4.13483
3.74585
1.90485
3.92331
2.91352
4.27352
3.52792
3.87314
3.32117
4.00525
3.53468
3.68495
3.81720
4.35748
4.23473
4.05408
2.63726
3.95974
4.07950
3.61842
4.12068
4.23458
3.78050
4.35771
3.74686
4.09626
4.02093
3.74660
3.86257
3.73301
4.26866
4.29652
3.53560
2.77705
4.20996
4.17222
4.29446
3.99155
3.64220
3.51101
2.09120
4.32363
3.34943
3.95667
3.89209
4.22897
4.21929
4.13239
4.16944
4.04042
3.64550
4.09962
3.77825
4.15009
4.10841
4.24009
2.03017
3.81183
4.14380
2.44991
4.42140
4.16177
4.23832
3.78719
4.07904
4.32600
4.20345
4.23666
4.05790
4.02018
4.04271
4.04955
4.05572
3.58364
4.20380
3.99020
4.17186
4.41744
4.37431
2.41532
3.98138
3.47457
4.40525
4.22018
3.76521
4.01702
3.78825
3.06074
4.33505
4.34652
3.71390
4.08632
3.87919
4.21439
4.21510
3.80672
4.28425
4.28298
3.98631
4.19059
3.28193
4.23322
2.76125
4.17518
4.07654
4.22343
3.60728
4.17567
3.78802
4.00031
4.30457
3.84785
4.31052
3.92739
3.63558
3.55020
3.89060
4.27586
4.19596
3.76291
4.07230
3.77305
3.66482
3.84032
2.73297
3.97968
4.12140
2.91786
4.11902
4.09615
3.80157
4.11489
3.63833
2.26083
4.42277
4.28949
3.63499
3.36376
3.14213
4.44843
4.17919
3.90928
3.97802
3.95620
4.26556
3.52935
3.98992
3.63397
3.82591
4.01896
2.63728
4.21629
4.28347
3.83803
4.13566
3.14242
3.96235
4.18827
3.75992
3.82765
3.90134
3.91602
4.29310
3.52984
4.07350
3.95722
3.66524
3.76170
2.78112
4.22470
3.05635
4.29298
2.64474
4.32627
3.88683
3.70752
3.86811
3.75259
3.97770
4.31113
4.28675
4.24416
4.21944
4.02702
2.76333
4.29836
3.28222
4.35574
4.10176
3.60620
4.28072
4.28479
3.90636
3.53030
4.09685
4.22999
4.11056
4.07236
4.17651
3.84250
4.25119
3.87380
4.09539
2.15144
4.08800
3.92396
3.37456
3.76297
3.76342
3.21499
3.83357
4.09748
4.13415
4.17551
2.67717
4.19005
4.30286
3.96971
4.22375
3.61049
4.32241
4.20951
3.73138
4.32317
3.17591
3.98807
4.10511
4.19260
2.14880
4.36331
3.91578
2.98258
4.00064
3.45816
3.95591
1.03869
3.08387
3.88749
4.09778
3.91202
4.31220
3.92397
3.63117
3.95763
4.30015
3.95070
3.96367
3.90734
3.86887
3.97633
3.77003
1.96426
3.90302
3.55826
4.27772
4.10212
3.80002
4.21365
3.53611
2.47705
4.13236
3.85888
3.38680
2.82739
2.03880
4.27759
4.22867
3.45536
4.19042
3.40628
3.69322
3.59965
4.32087
3.94919
3.95561
3.91176
2.49466
3.83010
3.96426
3.33318
3.58506
4.13591
3.70745
4.20333
3.90329
3.94738
4.33919
3.58281
3.22646
3.64469
3.60606
4.11199
4.24184
3.88238
3.86706
2.59360
3.89949
3.77257
3.66579
4.07215
4.16744
4.30097
3.24938
4.15517
4.10480
3.97122
3.40826
4.23033
2.66644
4.22841
2.82629
4.22944
3.08072
4.11662
3.96914
3.80427
2.23772
3.85169
4.33071
3.72219
3.23025
3.92354
3.55321
1.98501
4.38333
4.04299
3.17404
3.91147
3.34233
4.37446
4.09394
4.11346
3.55321
4.20920
4.24485
4.19011
3.92679
4.16331
2.30408
4.07569
3.81347
4.11945
4.18523
4.23355
3.50721
4.25126
3.53739
4.25440
3.29877
4.01381
4.35288
4.03248
3.02869
2.58029
3.50763
4.22679
4.07207
2.96917
2.83500
4.16147
3.94582
3.60198
4.36541
3.70377
4.19982
4.15922
4.07947
2.70793
3.97505
3.91543
3.73527
4.10873
4.26767
2.25729
4.04371
3.99335
4.11688
3.55593
3.99137
4.03598
3.90208
3.78877
4.15947
4.15567
3.34694
3.92388
4.00281
4.08205
1.31943
3.98412
4.19803
3.97529
3.52827
4.07139
4.21327
3.65937
3.72204
4.10392
3.45212
4.21676
3.87758
3.80596
4.22498
3.29896
3.60708
4.17501
4.07496
3.68327
3.70492
3.86948
4.30447
3.45388
3.09589
4.00646
3.22980
3.59476
3.70902
3.46334
3.55466
3.94990
3.96541
4.14806
4.31133
2.39267
4.29797
3.95348
4.11919
3.62029
3.85932
4.11844
4.13105
3.74923
4.06569
3.23176
4.26999
4.18091
3.14787
4.18984
4.31490
4.10272
4.11226
3.31484
4.06238
4.32754
3.34448
3.98155
3.99920
4.07569
1.99709
3.29315
1.76296
4.26476
2.74645
4.17991
4.12208
3.66586
4.26866
3.04719
4.08315
4.25148
3.90880
4.01460
4.34099
4.22552
3.63350
4.03720
4.00495
4.04442
4.25511
4.15772
3.92219
4.13374
3.72703
4.16427
3.80054
3.96789
3.96736
3.99875
4.28897
3.86974
4.26554
4.09677
4.01279
3.77973
4.20623
3.50405
3.82944
3.95754
3.77285
4.34014
3.85587
4.21634
3.44033
3.66218
4.12399
4.24867
1.89425
4.03913
4.11845
4.24637
3.77363
4.04211
4.11395
4.10181
3.79902
4.19861
4.25746
2.16250
3.85989
3.41137
2.09913
3.74828
4.39458
2.61738
4.29644
4.17207
4.13642
4.29810
3.73697
3.93522
3.82172
3.16749
4.22523
3.92755
4.04068
4.13110
4.43050
4.19099
4.24871
3.97797
4.30823
3.85095
3.93127
4.17695
3.78073
1.03964
4.26275
3.94170
3.93790
2.61375
4.17669
3.83526
3.92958
4.11723
3.52840
3.72203
4.03316
4.23766
4.13299
4.00035
4.01485
4.29892
3.80455
4.32573
3.59985
4.24336
3.98783
3.85791
3.32068
3.34087
3.48517
2.50814
3.31484
2.01041
4.01704
4.16376
2.61525
3.91476
4.22472
4.32406
4.16087
4.17602
4.32917
4.18917
4.26903
4.04414
3.82216
3.89531
4.10007
4.22246
3.82640
3.96545
3.78686
4.31994
4.13846
4.25730
4.17996
4.10734
4.03034
3.23327
3.62588
4.20524
3.81381
4.09579
3.83135
3.83247
3.04939
3.88892
3.84061
4.14664
1.67070
3.53965
3.38940
3.74230
3.81175
4.19661
3.09600
3.22003
4.13777
3.22600
3.86413
4.18213
3.85255
3.01421
4.16782
3.72302
4.28704
3.51434
4.17905
4.18693
3.79269
3.65278
3.86955
4.13372
4.33919
3.88405
4.27908
1.84825
4.21967
4.16870
3.60154
3.78312
4.19692
2.73170
2.99508
3.95619
4.02899
2.60528
3.54430
3.83226
3.96721
4.24358
3.98342
1.98825
3.43536
4.34495
4.02469
1.91130
4.31960
3.64329
4.16005
4.28051
4.15325
3.78758
4.34568
3.88203
4.00607
4.29974
4.22423
3.95946
4.22347
4.32059
4.36461
3.14501
3.82046
4.18141
4.18526
4.20286
3.45983
3.82146
4.05005
3.60842
4.19219
4.00262
3.57397
4.33606
3.68246
3.46096
3.87829
4.26826
4.38623
3.94219
3.07448
4.26126
4.19915
2.86353
3.91530
4.33157
4.14996
4.06039
4.33320
3.42432
3.45364
4.15219
3.67721
4.32947
4.37791
3.37355
3.76976
4.39077
4.25319
3.90818
3.28462
4.15970
3.48032
2.85104
4.21888
4.14553
4.15371
4.07372
3.72925
4.25302
3.33601
4.01796
4.01782
4.01791
1.83641
3.97241
4.32331
3.68075
4.32066
3.33637
3.91957
4.13957
3.68255
0.89646
3.86322
4.20710
3.58114
4.09196
4.01359
3.91370
4.01466
3.92100
4.23969
4.20934
1.77539
3.92448
3.06428
3.32400
4.02172
4.09657
4.31830
3.64293
3.86039
4.15767
2.74541
1.91462
4.33207
3.98101
2.56727
4.19205
4.09131
3.38555
4.18102
2.95343
4.26941
3.70746
4.16842
4.14446
2.48721
1.74870
4.34810
4.11859
3.51224
3.63219
3.21664
3.81177
3.17666
3.05947
4.28692
4.22638
4.31950
3.63049
3.49928
3.76852
4.36841
3.68741
4.38224
2.21623
3.46849
4.25106
4.04436
3.53541
4.13233
4.18244
3.65185
4.01941
4.19112
3.99591
3.80001
3.75819
3.83912
3.32073
4.25220
3.76263
4.04292
4.08607
4.26334
3.69584
3.75618
3.90551
4.15266
4.13790
4.25338
3.85435
3.96592
2.71355
4.26677
3.99253
3.37141
4.02356
3.49998
3.76730
2.34899
3.95712
3.96873
3.64010
3.88704
4.36883
3.95596
3.14557
4.08881
3.69416
4.13704
4.28379
4.06019
2.50194
4.26163
4.32233
3.81387
3.78330
3.85287
4.29405
3.03562
3.59074
4.21152
3.87887
3.89660
3.54969
4.08573
3.83015
2.58140
3.89655
3.95887
3.93722
4.25965
4.02861
3.91526
4.35248
4.20167
4.23311
3.88564
3.74654
4.19033
4.26865
1.66650
4.18554
4.11342
4.19831
4.05393
4.27033
3.74038
4.14716
3.94226
1.92954
4.26713
3.26359
3.16494
4.34364
3.57554
4.20401
4.09537
3.93307
4.04738
4.16028
4.19803
4.07650
3.93489
4.14762
3.40586
3.97456
2.32548
3.39972
4.28645
1.98217
3.60432
4.03034
3.51237
2.46667
3.79927
2.86773
4.19706
2.49812
4.13064
2.30201
4.31653
4.19008
4.01945
3.76534
3.46769
4.12301
3.83528
4.33240
4.16955
3.23905
3.81630
2.59626
4.07841
3.72547
4.09527
3.87757
4.21805
3.19380
3.91539
4.27665
4.08723
4.20310
4.27355
3.77705
3.57459
4.00530
3.62937
3.51351
3.19947
3.72648
2.88093
3.53501
4.14739
3.83334
3.33152
4.23726
3.91355
2.61101
3.74827
4.26133
3.65240
3.83571
3.74590
4.25820
4.37143
4.07417
3.89730
3.74333
3.97669
3.80836
4.03086
4.34743
3.96584
3.99500
3.20874
3.88351
3.96868
4.20141
4.31306
4.25185
3.56054
2.68343
3.50635
3.65972
4.15008
3.96201
4.02518
4.25751
4.11539
4.03667
4.28678
4.29414
4.29084
4.13800
4.03160
2.85175
3.74747
4.32920
4.17978
3.93278
4.18286
4.01642
4.02398
3.88777
4.23367
4.19003
3.34129
1.39759
4.26064
3.84469
3.15014
2.99903
4.13936
3.94761
3.17635
4.33634
3.67104
4.18758
4.10724
3.98954
1.73959
4.27631
4.01745
3.71607
3.89808
4.34089
4.08867
4.29765
3.22863
4.34272
4.02532
3.80291
4.26408
3.73324
2.59751
4.00505
4.13906
4.16067
3.55518
4.23349
4.09356
3.57744
3.91377
4.08429
4.39137
3.43607
1.98152
4.25925
3.69121
4.39741
4.32100
3.92576
3.34950
4.23796
4.26951
4.21833
4.08782
4.24882
3.69505
3.80196
2.94389
4.23566
4.30390
3.90249
4.24408
4.16974
3.90972
3.52134
3.14470
4.07325
4.29427
3.98535
4.07803
4.31054
4.05759
2.23684
3.47595
3.03378
4.09541
2.16354
3.82889
3.18110
4.35842
4.11721
4.01979
4.11524
4.06421
4.32020
3.46446
4.34632
4.00806
4.13357
4.36097
4.10257
3.96649
4.22916
4.29729
4.35225
3.36318
3.75009
4.27579
4.10792
3.21281
3.74147
4.01496
4.24255
4.18561
4.28721
3.88253
3.50340
4.21240
2.92261
4.07472
3.93530
3.98538
4.15259
3.66681
4.06627
3.69470
4.35791
4.34554
3.51653
2.63971
3.79490
4.24925
4.21304
4.13595
3.43879
4.35214
4.06226
4.10812
3.52201
4.10864
4.19197
1.94581
4.12965
3.77784
4.15362
4.16756
3.64581
3.82029
3.78072
4.34269
3.86750
4.18842
3.95626
4.17372
4.13667
4.30199
3.68989
4.03756
4.31089
4.15438
3.79120
1.89817
3.85391
4.37918
3.33395
4.26331
3.71466
2.71164
4.14804
3.60394
4.04092
4.32842
3.50551
2.65792
1.84081
3.66326
4.13939
3.48693
4.08051
4.36062
4.23457
4.01557
2.29801
2.98005
3.03305
3.94413
3.87888
3.61870
3.85441
3.05093
3.95939
4.14847
4.01125
3.91215
4.33594
4.01178
4.05622
4.39267
4.16077
3.89780
4.21049
3.64611
4.06342
3.56241
3.77467
3.65628
4.33371
3.02449
4.20109
3.95348
3.88128
3.82850
4.06963
4.06699
3.79027
4.14619
4.10070
4.18239
4.07907
3.89310
3.98460
4.20241
3.43599
2.04072
3.43385
4.05505
3.90274
3.07372
4.03300
4.10267
3.62864
4.06751
3.18642
2.79059
4.17142
4.22929
4.02950
4.20621
3.01926
4.09221
3.80004
4.32035
4.12079
3.89516
4.03100
3.47559
4.16228
4.28113
4.13066
3.95228
3.68289
4.33548
3.30717
4.16448
3.96072
4.35053
4.04189
4.13345
2.22259
2.89359
4.35366
3.78646
4.07411
2.09521
4.10244
4.12956
3.91074
4.29272
4.39103
4.16775
3.50489
2.50911
4.33312
3.34150
4.14696
4.35522
3.80946
4.17513
4.23036
4.19240
3.85480
4.24997
3.70733
4.04657
3.98832
3.90578
3.96900
4.21671
2.89232
3.42232
3.00559
4.03368
4.14511
4.32870
4.13376
3.32649
4.01702
4.36937
2.65091
4.06944
3.69415
3.64905
3.13716
4.11616
4.32521
4.31745
4.05550
4.18474
4.25745
4.18980
3.24233
3.88600
4.30941
3.88597
4.00603
4.36591
3.42234
3.36459
3.72221
3.63466
4.07724
4.25316
4.26029
4.28760
3.58831
4.21356
4.09229
4.06045
2.45393
4.24324
3.63343
4.09715
3.88435
4.07307
3.47078
3.87046
3.60358
3.69499
4.00890
4.25849
4.29454
4.13627
4.33484
4.36531
3.84889
4.07455
4.23914
3.86247
3.53367
3.17162
4.27312
3.92406
3.66085
4.36348
3.48816
4.29359
3.84518
3.87582
4.09226
3.95079
3.57094
4.28140
4.12687
4.44406
4.09363
4.05682
4.19391
4.21185
3.99560
4.03518
2.79942
4.11336
4.21717
3.95903
3.86094
4.25536
4.43637
3.81633
4.25162
4.21775
3.99365
4.16530
2.29953
4.05451
2.07243
3.99673
3.37969
3.21815
2.47347
3.97772
4.28076
3.81566
4.25081
4.26488
4.05166
4.06375
4.25695
4.17625
4.26028
2.15968
4.29053
3.65159
4.11084
4.33535
4.34284
4.09536
4.16648
2.27976
3.67141
4.19123
4.35357
2.42296
3.01100
3.91530
3.87372
3.43943
1.68201
3.31817
3.95960
3.66714
3.66914
4.23987
3.81216
4.28905
3.54441
3.73058
3.99497
3.82592
4.19025
3.35701
1.56338
3.98297
3.90595
2.67069
3.87900
3.81702
3.19323
4.07766
3.43683
4.16824
4.26683
4.06137
3.57509
4.33821
2.50113
4.28027
4.38516
3.77672
4.13616
4.31439
4.19595
4.15666
4.24448
4.22029
4.28707
3.22884
4.33311
4.22705
4.21253
4.06370
3.24577
4.25120
3.98918
3.83193
2.64949
4.20848
3.32255
3.71871
4.23614
4.16715
4.08630
3.51365
4.01733
4.32002
4.30764
4.31824
4.11076
3.98050
3.43753
4.02763
3.47773
3.58228
4.24237
4.22820
4.10211
4.16747
4.19896
4.10335
4.13227
3.82900
3.47905
4.05363
3.02366
4.22619
4.06001
1.82128
3.76371
3.81843
4.30155
3.87863
2.07977
3.25384
4.09889
3.18796
3.62662
2.67734
2.50017
3.77418
4.01754
4.04507
4.22149
2.28779
3.89871
4.04585
4.23662
3.82640
4.18315
3.98987
3.72815
3.79927
3.76920
3.83885
3.77089
2.91885
1.97971
4.20513
3.33540
3.33710
3.10057
4.35330
4.13489
2.31949
4.10687
4.28500
3.65727
2.84030
3.46890
3.88505
3.95552
3.28296
4.13645
3.98554
4.37349
4.25388
4.15451
4.29310
4.24526
4.29918
1.49674
4.07107
4.30383
3.91798
4.28529
3.83020
3.96080
4.28488
3.87228
2.51243
3.80813
3.72644
3.36001
4.17845
4.25912
3.97320
3.13798
3.62610
4.24127
3.49089
4.06774
4.15727
3.82248
4.01832
4.23240
3.35985
3.96974
4.13037
4.32159
4.13598
2.83763
4.26298
4.34490
4.05623
4.10981
3.73057
1.92544
2.75953
4.29182
4.23125
4.25700
4.22437
4.31624
3.99905
2.69322
3.63668
4.21056
4.23682
4.28373
3.99353
4.18971
4.15098
4.34587
2.25706
3.32030
4.06375
2.90960
3.69546
3.95675
4.36689
4.08020
3.39085
4.12837
4.20881
4.18112
4.18123
4.07062
4.04043
4.03762
3.91513
4.22907
4.17176
3.79524
4.00184
3.89660
4.30297
4.03633
4.22422
3.88102
3.58341
4.25414
4.23775
4.36212
4.23426
2.86125
4.07696
4.28727
4.39428
4.34445
4.27568
3.79047
4.22362
3.89699
4.22873
2.44918
4.27085
4.34178
3.89448
3.91832
4.26077
3.47554
1.79687
4.13745
4.17461
3.41329
3.20545
4.30494
3.50297
3.84486
4.08257
3.77461
4.01445
4.16468
2.09085
3.03498
3.92071
4.00353
4.36378
4.00363
3.57026
3.30160
3.76211
4.10959
4.01094
4.24901
3.28568
4.28022
4.35328
4.29985
4.07745
4.24788
3.60749
4.13396
3.94521
3.98047
4.26256
4.18400
4.18416
3.47019
4.20221
3.85051
3.19238
4.21965
4.23252
4.11384
3.96083
4.14306
3.91690
4.14647
4.32830
1.49831
4.06611
4.26519
3.67529
3.93926
4.36081
4.17933
4.20876
4.33411
4.23281
4.20893
3.96160
4.16158
3.92899
3.32108
4.13648
3.88035
3.74925
3.24972
4.22962
4.22089
3.51644
3.90812
2.43883
4.33582
3.58092
3.92242
4.27931
3.72826
3.10805
4.22473
3.37060
2.24102
3.98503
4.18626
3.97496
3.86105
4.29675
4.21944
3.76911
4.29775
3.47980
4.18375
1.81740
4.31769
3.47215
4.25227
3.83707
3.47554
4.11515
3.98471
4.22018
3.74240
3.60034
4.10858
4.28920
4.28410
3.35740
4.15746
2.49565
3.84523
3.91094
3.78162
3.65658
3.47144
2.39941
3.97893
3.98087
3.30966
3.67399
4.20118
4.17879
4.31693
2.96021
1.92966
4.13123
3.86848
2.33945
4.11016
3.96705
3.88184
4.20785
4.09380
3.82745
4.25445
4.18869
4.28736
4.43099
3.68462
3.96568
4.17190
4.37081
4.03669
4.17571
3.41515
4.07198
3.82993
4.17426
4.12772
4.29437
2.04701
3.93784
4.03261
3.86704
3.18089
4.36385
3.42687
4.23750
4.21316
3.89012
3.89110
4.31623
3.08367
3.89118
3.44242
3.56864
4.13340
4.13934
4.24181
3.79996
4.07047
3.44092
4.21138
2.25732
4.15378
3.85262
3.84390
4.25477
1.68840
4.01160
3.94837
4.15827
3.92242
4.20161
4.09747
3.70369
4.36492
3.66199
4.11875
3.24539
4.16925
3.73535
3.63440
3.82729
3.71498
3.57571
3.79022
4.20600
4.09498
2.07618
3.46257
4.13488
3.83186
3.97808
4.28162
4.01947
3.93567
4.35259
4.03031
4.25942
3.42397
3.64562
2.73063
4.24724
3.48627
3.88609
3.82937
3.88764
3.60827
