4.11337
4.38043
4.48798
4.45711
4.07880
4.22884
4.43759
4.40509
4.28717
4.31246
4.33356
4.45603
4.47645
3.33565
3.69528
4.19546
4.33174
4.46329
2.48902
3.80348
4.11190
4.00297
3.80411
4.36764
4.43730
4.45772
4.25861
4.38042
4.44373
3.73134
3.88220
4.49351
3.88315
4.14227
4.36859
4.33901
3.95766
4.28397
4.24637
4.48446
4.33912
4.22764
4.05747
3.43821
4.38828
4.04860
4.40540
3.75338
4.34778
4.49329
4.48037
4.42208
4.06403
4.50257
4.30945
4.50905
3.17756
4.28353
4.42848
4.23484
4.38688
4.16053
4.31425
4.24857
3.69871
4.03446
4.39596
4.42575
4.40453
4.01270
4.48217
4.50570
4.38886
4.24832
4.34474
4.18933
3.31815
4.40030
4.11881
3.90601
3.91594
4.37158
3.93792
4.06796
4.10580
4.43138
4.11969
4.46273
4.34570
3.17119
4.26602
4.43834
4.44575
4.38552
4.48578
4.49309
4.23216
4.47691
4.50784
4.33522
4.33512
3.31875
4.44910
3.89382
4.27349
2.98372
4.33367
4.51002
4.34779
4.35020
3.84591
3.64224
4.36193
3.80849
3.99027
4.06375
3.82832
4.33257
4.37405
4.24298
4.46984
4.43146
4.34853
4.33394
4.13089
4.45048
4.41462
4.46405
4.45566
4.28301
4.21906
4.29298
4.46788
4.39642
4.39970
4.35258
4.38681
4.45701
4.35887
4.41729
4.30627
4.47526
4.43178
4.40751
4.42961
3.01169
4.46269
4.38647
4.33321
4.40115
4.37903
4.47890
4.39770
4.43087
4.33021
4.49730
4.26497
3.67347
4.28983
4.38364
4.45536
4.48052
4.37373
4.18669
4.47784
4.39833
4.18011
4.24981
4.32952
4.30769
4.07572
4.08405
4.31589
4.36950
4.06141
3.31840
4.42858
2.40331
3.72633
4.38963
4.43296
4.34151
4.17234
4.40136
4.30670
4.46237
3.84543
3.92225
3.98547
3.69711
4.24355
4.48151
4.34935
4.28594
4.27563
4.17281
4.36355
4.38360
3.93966
4.37339
3.16975
4.46860
4.37302
4.13320
4.47801
4.44102
3.96220
4.49919
4.45334
4.49126
2.97937
4.34078
4.23501
4.39628
4.48015
4.25098
3.92028
2.25370
4.35747
4.46245
4.45065
3.95821
4.28943
4.50113
4.48489
4.15481
4.22201
4.51425
4.37436
4.37904
3.98773
3.94519
4.42503
3.39053
4.50406
4.41637
4.44137
4.23241
3.67343
4.48542
3.81830
3.77216
4.44351
4.27543
4.25070
2.75895
4.37086
4.46619
4.30855
3.86180
4.44476
4.50303
4.31400
4.43017
4.09342
4.38132
4.40048
4.43216
4.19857
4.31050
4.40483
2.83863
4.50478
4.41453
4.28518
4.38578
4.30691
4.04367
4.06008
4.28071
4.02340
4.41954
4.33548
4.21515
4.36336
4.31797
1.99417
4.36469
2.92383
3.72319
4.26553
4.47708
4.21702
4.18644
3.03541
4.41851
3.95042
4.42128
4.31261
4.37408
4.37459
4.43242
4.39669
4.45296
3.96243
4.32826
4.17444
4.44933
4.40398
4.32892
4.08817
4.48646
4.49735
4.07306
3.93286
4.24456
3.92841
4.25272
4.37001
3.70775
4.38644
3.75035
3.40367
4.28638
4.46496
4.41634
4.40333
4.46805
4.43656
4.37065
4.46958
4.48814
4.44113
1.91779
4.32874
3.98917
4.30909
4.42106
4.46706
4.25439
4.48275
4.24046
3.63893
4.00570
4.42602
4.20796
2.54729
4.36789
4.46539
3.25583
4.25084
3.77721
4.26605
2.89384
3.28880
4.35519
4.39098
4.20574
4.32046
4.41562
4.37975
4.18949
3.86047
4.43325
4.27975
4.46830
4.37565
4.00780
4.42633
4.44359
4.41857
4.04807
4.50649
4.36013
4.37638
4.25063
4.25068
4.42609
4.40754
4.39970
4.45576
4.12874
4.12278
4.29216
4.48783
3.70151
4.21129
2.99680
3.96678
4.18139
4.41947
4.25282
3.51956
4.50951
4.29706
4.35797
4.04362
3.12516
4.39922
4.28360
4.38190
3.96468
4.53417
3.72254
4.43529
4.37676
4.39585
4.51429
4.32001
3.76675
4.17925
4.46775
4.44693
4.44519
4.21773
4.38557
3.90784
4.03756
4.45916
4.40378
4.43731
4.46463
3.08775
4.38130
4.44642
4.40059
4.36672
4.49520
3.48037
4.36241
4.45436
4.48681
4.43246
4.40423
3.92050
4.23428
4.21481
4.27058
4.37852
4.37768
4.22663
3.60341
2.52514
4.24191
4.45809
4.32546
4.52081
3.89953
4.05819
4.45636
4.11438
4.36165
4.12322
4.47443
4.16003
4.31547
3.94138
4.29472
4.12459
4.37103
4.07437
3.83765
4.29464
4.25772
4.35350
3.60491
4.25711
4.35066
4.46497
4.19958
4.46509
4.42669
2.61287
4.35129
4.10007
4.33848
3.95512
3.96992
2.47285
4.30392
4.18837
4.41987
4.27009
4.41326
4.40038
4.47181
4.39123
4.38563
4.42002
4.34638
4.39937
4.30418
4.36567
4.49690
4.29908
3.65593
4.15533
4.32956
4.31178
4.32494
4.28995
3.74738
4.37572
4.39637
4.44329
4.30916
4.41987
4.35211
4.40766
4.35739
4.38348
3.99333
4.39001
4.10939
4.46215
3.90160
4.33995
4.39388
4.33411
2.35329
4.43069
4.30178
3.99628
3.31569
4.14103
3.18619
2.02894
4.43132
2.24204
1.70671
4.26692
4.51977
4.44236
4.44715
1.71522
4.43619
2.66746
4.21614
4.37015
4.08422
4.46220
4.39630
4.41933
4.36611
4.29750
4.07936
4.48753
4.44429
4.02873
4.36597
4.26375
4.10665
4.23105
4.38514
4.44431
3.95310
4.33332
4.44270
4.10671
4.36767
4.43158
4.24252
3.15307
4.42703
4.24101
4.20952
2.16398
4.40857
4.42913
4.36726
4.19462
4.40140
4.15985
3.96587
4.34522
4.51009
4.26204
3.67266
4.28120
4.48749
4.37551
4.36731
4.45823
4.42526
4.16440
4.06671
4.28233
4.18013
4.52072
3.68831
4.46229
4.39949
3.35227
4.42258
3.45548
3.81237
4.38304
4.24768
4.25650
4.16790
4.37272
4.40181
4.02524
4.48162
4.26800
3.45015
4.48205
1.98496
4.05363
4.40203
4.02142
4.22318
3.57844
4.38050
4.53085
4.34833
4.38612
4.49785
4.46982
4.28101
3.19507
4.24392
4.32461
4.16647
3.93329
4.24367
4.27843
4.19770
4.48264
4.24509
4.07490
3.45520
4.48270
4.27684
4.39165
4.17206
3.87311
4.43537
3.84000
2.15781
4.10973
4.24078
4.37695
4.32234
1.84675
4.34732
4.20095
4.49892
4.06788
4.40084
4.52445
4.42802
4.41913
4.31654
4.49414
4.37668
4.46141
3.79856
4.06722
3.99776
4.37442
4.43905
4.32587
4.45491
4.39189
4.33887
4.48041
4.45720
4.29039
4.45297
3.90730
4.34526
4.29083
4.51096
4.32033
3.44187
4.25445
4.47037
4.37879
4.44856
3.77560
2.11281
3.89629
4.38040
4.38877
3.35273
4.16075
3.82012
4.36688
4.02955
4.30806
4.42487
4.43640
3.98653
4.41131
4.25342
4.01535
4.46593
3.60020
4.48155
4.02842
4.31654
4.03962
2.65237
4.45017
4.19187
4.36766
3.81022
2.42320
4.37756
4.49665
4.36685
4.45912
4.34259
3.79119
4.22526
4.38544
4.45719
4.31770
4.46865
4.44126
4.27941
4.44975
3.72054
4.30140
3.33186
4.20210
4.46610
4.20720
4.29595
4.45388
4.23270
2.85537
4.26183
4.35091
3.28330
4.40684
4.38760
3.04531
4.31494
4.26109
3.72208
4.42616
4.37421
4.09078
4.30265
3.90506
4.35446
3.37596
4.43689
3.94886
4.08741
4.22768
4.46219
4.29052
3.66238
4.23336
4.24503
4.29011
1.85446
4.30357
4.13209
4.35486
2.95979
4.36928
4.13517
4.45126
4.27347
4.29643
3.91300
4.18178
4.35827
4.33932
3.16181
4.33284
4.43761
3.69835
4.51554
4.23110
4.31907
4.22081
4.29624
3.99432
4.12355
4.45213
4.23267
3.22616
4.33754
4.52862
4.45520
3.89010
4.40649
4.43225
4.23592
4.29808
4.11841
3.97932
4.47072
4.14491
4.42489
3.86178
4.32988
4.51717
2.98247
4.46525
4.32520
4.44641
4.39949
3.01863
4.44998
4.04120
4.26780
4.42834
4.47657
4.14838
4.32455
4.42354
3.69275
4.40970
4.31060
4.02116
4.48250
4.06959
4.42238
4.37323
3.03399
3.49775
4.38671
4.49282
2.61179
4.36677
4.40097
4.45236
4.46945
4.07281
4.46257
2.80970
4.02553
4.33889
3.83317
3.94049
1.46976
4.33017
4.32270
4.37054
4.11046
3.99293
3.45213
4.42092
4.46642
4.45996
2.78449
4.38432
4.37187
4.40892
4.38737
4.47675
4.43944
3.55364
4.35704
4.33181
3.85288
4.46209
4.31265
4.36886
4.35119
4.41213
4.38570
4.01834
4.10508
4.16018
4.19073
4.20915
3.77615
4.37990
4.47401
4.09680
4.40568
4.21447
3.71360
4.48149
4.23206
4.25272
1.64232
4.17976
4.28566
4.38684
3.87831
4.27349
4.27070
4.21940
4.01474
3.76722
4.30333
3.88842
4.18141
4.38654
4.47173
4.35495
3.78569
4.20101
4.02578
4.49832
4.41478
4.39049
4.46460
4.16689
4.39473
4.17296
4.33717
4.33553
4.37586
4.39024
3.66608
3.63278
3.94854
4.51629
4.37052
3.11362
4.39806
4.48782
4.36161
3.95157
4.02180
4.16851
4.22377
4.39323
4.48605
4.46301
4.33214
4.35582
4.46553
4.46036
4.38786
4.41542
4.24933
4.01980
4.45909
4.38966
4.42406
4.23492
4.14689
3.99639
3.60569
4.32377
4.00127
3.94975
4.47463
4.15406
4.49262
4.15407
4.33336
2.91683
4.40936
3.85696
4.20486
4.45140
4.10733
4.07109
4.51791
4.46185
4.13941
4.34593
4.24791
4.35687
4.50015
3.40808
4.38319
3.76851
3.99553
4.35868
4.33946
4.25252
4.46933
4.41083
4.27719
3.35573
4.24120
3.66011
4.36789
4.22366
4.21971
4.38406
3.64673
4.49730
4.09009
4.36133
4.48170
4.32050
4.27664
4.44896
4.13128
4.35235
4.41083
4.48660
4.47465
4.40887
4.41087
4.52243
4.34156
3.85079
4.28496
4.44574
4.45403
3.82062
4.30330
4.29253
4.17471
3.55148
4.47335
4.50780
4.10300
4.17687
3.05074
4.44806
4.43210
3.91847
4.21431
3.17131
4.26173
3.87336
4.43942
4.44625
4.31774
4.39428
4.36804
4.44975
4.39149
4.11996
4.18274
4.43816
4.17107
4.39953
4.49808
4.29133
4.48463
4.41857
3.89316
4.37733
3.51431
4.45827
4.12101
4.29864
4.29955
4.48152
4.15397
4.47999
4.14352
4.23047
2.49316
4.12129
4.41420
2.07643
4.28256
4.07316
4.38797
4.26712
4.35031
4.47474
3.22857
4.31428
4.44265
4.42324
2.35634
4.06936
4.36923
4.32054
4.25526
4.42311
4.38893
4.26632
4.35776
4.16791
4.03644
4.19494
4.30240
3.75583
4.43527
4.47594
4.32795
3.57565
4.16029
4.39356
3.57459
4.44695
2.76392
3.67053
4.42069
3.57263
4.33427
4.18842
4.46302
4.13444
4.49824
4.26754
4.36456
4.25691
3.37795
4.32708
4.47181
4.03983
4.01602
4.40924
2.42340
4.24071
3.91502
4.01269
2.71887
4.42353
4.43933
4.13083
4.46638
4.38648
4.43772
4.27697
4.20427
4.23997
3.76059
4.12474
4.11870
3.89733
4.46714
3.82225
2.87621
3.74865
2.51065
4.35967
3.49735
4.30607
4.45142
4.26332
4.23088
3.75675
4.48469
4.35067
4.48984
4.31105
4.25850
4.36993
3.55625
4.33843
3.01746
4.46802
4.33370
3.98982
3.39815
3.20055
1.80772
4.44902
4.40870
4.46088
4.27899
4.00973
4.41373
4.31522
4.41553
4.38243
4.53958
4.48758
4.29002
4.33772
4.39180
4.30092
3.95110
4.36014
4.47248
4.19129
2.94059
4.33284
4.34134
4.40431
3.46317
4.41821
4.32328
4.33653
4.26128
4.20067
3.48245
4.39843
4.40937
4.47629
4.09456
4.37015
4.45453
4.43053
4.43914
4.42001
4.26617
3.77648
4.44754
4.19634
4.32248
4.21847
4.34107
4.41099
3.75234
4.37722
4.42288
4.43181
4.41395
4.45842
4.12980
4.36458
2.93560
4.43477
4.25706
4.03478
4.35284
4.39237
4.50564
4.34430
4.49734
4.50701
4.01164
3.86695
3.94644
4.34341
4.41855
4.51886
4.20424
4.42029
4.30293
4.44109
4.29710
3.95261
4.34436
4.43745
4.34384
4.24540
4.28895
4.45407
3.87937
4.42966
3.73159
4.22596
3.78843
4.47588
4.41202
4.18189
3.24018
4.47996
4.47473
4.29937
4.37951
4.20469
4.43132
4.32160
3.71859
4.52214
4.49983
4.12136
4.38925
4.51770
3.73416
3.43822
2.89536
3.59892
4.39888
3.87266
3.31298
4.12653
3.92758
4.31720
4.36562
4.28255
4.43162
4.08151
3.92542
4.26568
4.45811
4.49397
4.50606
4.41704
4.32691
4.42573
3.79007
4.25371
4.37910
4.45548
3.22280
4.31411
4.39813
4.42313
4.42310
4.41548
4.46683
4.35919
4.39476
4.40966
2.59795
4.35911
4.33504
4.49988
4.39570
4.46652
2.32680
3.63757
4.45790
4.35092
4.33792
4.36379
3.95587
4.36320
4.30809
4.42344
4.37369
4.50739
4.51032
4.11798
3.82717
4.47056
4.25675
4.49572
4.03294
3.97956
4.50766
4.41409
3.71701
4.13723
3.69640
4.18924
3.54635
4.25914
4.40960
4.10224
4.25140
4.07379
1.78969
4.35405
3.85217
4.37369
4.22578
3.91291
4.48765
4.27670
4.32037
3.37811
4.42283
4.50063
4.49793
4.23202
4.41245
4.03508
4.36515
4.52376
4.37291
4.48978
4.41038
4.42285
4.48914
4.30203
3.78853
4.32594
4.42761
2.91937
4.38098
4.44730
4.34627
4.25529
4.17130
2.77791
4.34112
4.40005
3.76742
3.92352
4.24626
4.36749
4.17909
4.37959
4.31234
4.25466
3.95918
3.98137
3.80110
3.83635
3.86271
4.47867
4.45952
3.30801
4.28957
4.11100
4.41162
4.13080
3.71302
4.42828
4.33177
4.31557
4.46824
4.40574
4.34365
4.01897
4.40747
4.44637
4.32563
4.10813
4.22215
4.44194
4.27841
4.12605
4.18309
4.44337
4.30085
3.59587
3.27663
4.43862
4.45657
4.15650
4.40490
4.16692
4.37777
4.41372
4.33668
4.28989
4.32364
3.63915
4.40877
4.40624
4.32405
4.53940
4.37515
4.39545
4.22850
4.28796
4.48826
2.87952
4.01249
3.84073
4.41582
4.37378
4.35071
4.00149
4.42590
4.30564
4.43768
4.24181
4.18474
4.12439
4.09730
4.14365
4.38519
3.92723
4.47285
3.54387
4.21340
3.91550
4.40251
3.66155
4.28203
3.71193
4.38951
4.38314
3.83091
4.37203
4.36900
4.50203
4.41832
4.31650
3.81591
4.49076
4.48284
4.44768
4.49793
4.40911
4.47642
4.39348
4.44719
2.80264
3.85905
4.47130
4.07350
3.68507
3.87995
4.38218
4.05374
4.45857
4.14207
4.32599
4.09131
4.51524
4.41172
4.24995
4.50665
4.25812
4.36659
4.40420
4.00813
4.43169
3.52434
4.46422
4.13770
4.35962
4.45317
4.49485
4.22746
4.50480
3.75851
4.35845
4.43888
4.51103
4.45471
4.47742
4.41310
4.08576
4.46804
3.98295
4.43912
4.31187
4.09528
4.40981
4.32359
3.97873
3.59133
4.41878
4.44006
4.32312
4.17705
3.91761
4.30088
4.18728
3.89634
4.48171
4.48897
2.88844
4.17749
4.34689
4.23441
4.38964
4.44506
4.21333
4.33516
4.40022
4.47643
4.43236
4.44955
4.47630
3.93050
4.51732
4.36142
3.94835
4.32206
4.44026
4.35802
4.44686
4.02341
4.19806
4.19943
4.47443
4.41964
4.40927
2.32920
4.22373
4.23195
3.86115
3.93772
4.30572
4.18511
4.47882
4.35135
4.44509
4.31751
4.02354
4.40723
4.46075
4.21630
4.10801
4.45577
4.35642
4.49623
4.36346
4.42701
4.43070
3.90590
4.40476
4.39165
4.47817
4.31619
4.17391
4.42983
4.37862
4.50624
4.39329
4.47373
4.40072
4.44312
3.47546
4.45701
3.62940
3.85313
3.29394
4.34555
4.11628
4.45591
4.05844
4.32040
4.24560
4.42163
4.18252
4.17248
3.92989
3.27805
4.00706
4.45073
3.82474
4.31149
4.31727
4.06100
4.44317
4.49028
4.08343
4.35449
4.34943
3.87825
4.47605
4.16112
4.37299
3.98858
3.99992
4.35118
2.81144
4.53937
4.42196
4.44329
3.84325
4.50250
4.43317
4.22836
4.37982
4.40502
4.20356
4.40882
4.33484
4.41996
4.37044
4.44552
4.32296
4.25244
4.37410
3.55418
3.90853
4.46388
3.74730
4.01502
4.49443
3.26587
4.48403
4.35163
4.40343
3.90162
4.37265
4.46062
4.42736
4.33125
3.36060
4.46019
4.14100
4.25633
4.29907
4.41901
4.15238
4.31078
3.63715
4.45740
3.98291
4.24327
4.17052
4.34006
4.21804
4.25424
4.41615
4.39862
4.34278
4.16422
4.41236
4.09865
4.44713
4.50606
4.41874
3.34160
4.44499
3.90207
4.48952
4.05239
4.39704
4.22869
3.60342
4.30852
4.34579
3.75036
4.45647
4.37876
4.22903
4.33007
4.04857
3.98168
4.48710
4.38121
4.46529
4.25760
4.32517
4.43190
3.94889
4.25494
4.43588
4.10293
4.34014
4.25871
4.43017
4.46716
4.38376
3.92530
4.44773
4.19954
3.35272
3.66878
4.11569
4.17160
3.90706
4.45714
4.20976
4.39272
4.18368
3.73579
4.16391
3.17128
4.28051
4.38394
2.21981
4.38150
4.31942
3.97101
4.19561
4.31154
3.75874
4.38104
4.18645
4.30757
4.03795
4.21990
3.97957
4.41572
4.37174
4.24744
4.45052
4.29816
4.44085
4.03560
4.48719
4.40060
3.95184
4.29562
4.35422
4.46443
4.24383
2.78364
2.78909
3.89727
4.48336
4.43198
3.80141
4.32528
2.38296
4.32501
4.30875
4.46822
4.44737
4.31895
4.43708
4.48364
3.98470
4.43769
4.20309
4.44146
4.24630
4.31722
3.64538
4.10746
3.83355
4.37093
4.11025
3.24142
3.63228
4.29988
4.34019
3.60443
4.43162
4.49364
4.47010
4.32345
4.52143
4.27881
4.34273
3.39878
4.05113
4.37763
4.10442
4.46211
4.14865
4.44335
4.38402
3.48577
4.42932
3.97107
4.14604
4.40824
3.96945
4.50746
4.44744
4.48514
4.13461
4.38702
4.34927
4.00041
4.42085
4.42536
4.31305
4.25002
4.02745
4.41216
4.04870
4.45732
4.08047
3.87051
4.02430
4.40701
4.45890
4.05805
3.71350
4.40764
3.91527
4.13091
4.32492
4.45310
4.32964
3.66243
4.45912
3.89529
4.13108
4.14929
3.30767
4.40846
4.25295
3.49522
4.14731
4.49148
4.37523
4.46774
4.31401
4.14386
4.48265
4.41902
3.85008
4.48923
3.41659
4.24290
2.01552
4.41824
4.20428
4.36230
4.33952
4.09026
4.43352
4.49867
3.28269
4.50376
2.34373
4.50829
4.32856
4.08029
4.44069
3.72967
4.29693
4.29878
4.37802
3.55544
4.45444
4.43821
3.63687
3.68610
3.84587
4.19996
3.55703
4.16519
4.28882
4.30208
4.42550
4.25522
4.48691
3.55730
3.92888
4.40976
4.44254
4.31295
4.30215
4.04137
3.49804
3.41936
4.47053
4.43508
4.28306
3.23702
3.79185
4.36945
3.81274
3.58532
4.38948
4.26718
4.09309
4.44471
3.89479
4.29236
4.18918
4.35045
4.24591
3.97284
4.45107
3.05258
4.47399
4.51918
4.45032
4.17045
4.18210
4.37825
4.31786
4.39612
4.13263
4.23608
4.31952
4.37107
4.29359
4.50994
4.36058
4.44260
4.43423
4.31663
4.29423
3.64998
4.22619
4.24791
3.85364
3.64745
4.35100
4.39882
3.61087
4.38934
4.44987
3.39165
4.49092
4.47160
3.84822
4.08954
4.51192
4.19203
3.68534
4.15243
4.47784
4.32074
4.43802
3.73370
4.19244
4.27400
4.13261
4.31640
4.38805
4.12627
4.46459
3.91990
2.65834
4.32966
4.14745
2.11523
3.92139
4.44274
4.21557
4.26986
4.38566
4.39491
2.24401
4.49651
3.85094
4.37887
3.89701
4.12166
4.17381
4.39138
3.47704
3.79262
4.40016
4.35090
4.51120
4.31017
4.49280
4.48501
3.83308
3.98766
4.49205
3.90921
3.15629
4.18544
4.07196
4.42122
3.87894
4.42242
4.16559
4.08060
4.30697
4.37452
4.40765
4.14170
4.34747
4.43397
4.27169
3.59474
4.18976
4.40546
4.32588
4.25774
2.85779
4.04215
2.88251
4.21045
4.39750
3.14953
4.00949
4.08164
4.45394
4.06243
4.52922
1.92429
2.90141
3.74742
4.38097
4.39472
3.78500
4.08061
4.34487
4.46482
4.38719
4.44803
3.95811
4.40089
4.11135
4.32765
4.50290
4.41021
3.68074
4.45790
4.47465
4.13058
3.60841
4.25438
3.27889
4.43186
4.15319
3.76077
4.37922
4.28029
4.41358
4.31843
4.34064
4.15101
4.41917
4.35804
4.13144
4.28381
2.82473
2.92301
3.83554
4.03246
2.27602
4.23923
3.22528
4.25397
4.28711
4.52798
4.35431
4.04399
4.09975
4.24521
4.44187
4.34366
4.51801
4.34488
4.16336
4.31145
4.51113
4.37277
3.34254
4.02940
4.35461
4.47877
4.47067
3.27919
4.38798
4.24709
4.45453
3.71697
3.68439
4.39911
4.16523
4.34804
4.34245
3.26344
4.44760
4.15131
4.09490
4.19593
4.40029
4.28848
4.03389
4.25902
4.47494
4.43147
4.38478
4.22760
4.24306
4.28764
4.48869
4.52040
3.97524
4.29241
4.31676
4.37456
4.06918
4.45990
4.44925
4.16913
4.33018
4.29198
4.08749
4.46719
4.32885
4.42852
4.39833
4.30277
3.92660
3.83306
4.35376
4.42524
4.46656
4.29833
4.39852
4.48187
4.35500
4.09150
4.30969
4.20962
4.29508
3.25249
3.33527
4.34499
4.03302
3.94111
4.27526
4.37614
4.47803
4.48640
4.41874
4.43710
4.41248
2.89496
4.40933
4.43017
4.34393
4.51379
4.38029
4.47216
4.33204
4.30999
4.11870
4.26431
4.24643
3.53985
4.15859
3.24704
3.75946
4.28461
3.78911
4.36625
4.41344
4.16589
4.50683
4.48874
4.42317
4.29554
4.12052
3.22637
4.42496
4.28295
4.45012
4.47130
4.40668
3.95010
4.43893
4.48317
4.30709
4.30137
4.46383
4.38985
4.38785
4.34605
4.28726
3.92760
4.49022
4.46675
4.33654
4.49419
4.39891
4.17193
4.34837
4.37222
4.36268
4.35969
3.74615
4.24261
4.35763
4.42857
4.33091
2.74446
4.15614
4.25803
4.32922
4.41657
3.63008
4.38445
4.42764
4.37852
3.23069
4.49745
4.22328
4.43043
4.21729
4.46824
3.91308
3.66253
4.21016
3.57948
3.41642
4.23850
4.43249
1.70727
4.25699
4.31993
4.44550
3.93447
3.82157
4.33617
4.06908
4.31185
3.49369
3.78764
4.11678
4.29637
4.45660
4.02421
2.94675
4.19107
4.10693
2.85350
4.42100
4.32568
4.51890
4.37699
4.46003
4.40427
4.22532
3.30683
4.15209
4.14076
4.44676
4.46902
4.50132
4.38342
4.35658
4.36078
4.42472
4.49339
3.82985
4.44285
4.39920
4.39241
4.08789
4.28748
4.12350
4.27714
1.63801
4.38114
4.45521
3.86529
4.38990
4.09754
4.08237
4.42080
4.37389
4.30246
3.62815
4.48728
4.40389
4.40851
4.15950
4.37597
4.48432
4.51293
4.14403
4.03923
4.46309
4.46698
4.49458
4.44610
4.49421
4.29369
4.05392
4.47464
4.40267
4.25285
3.13090
4.32872
4.27525
4.29193
4.28185
4.39861
4.33550
4.03531
4.46358
4.51003
3.11402
4.43117
4.31196
4.29783
4.29609
4.33684
3.95570
4.31507
3.21947
4.02079
3.75019
2.85395
2.81493
4.04317
3.90314
4.18846
4.38418
4.32188
3.96391
4.24509
4.04644
4.19166
4.44708
4.44606
4.36553
4.34440
4.48553
4.15816
4.33386
3.88720
4.38288
4.54341
4.11944
4.44223
4.19159
4.21290
3.60438
4.41118
4.42072
3.11504
4.26589
4.11631
4.16623
4.40032
4.27161
4.33764
4.43902
3.80515
4.30414
4.48139
4.35536
4.43807
4.30432
4.43191
4.32352
4.50332
4.44246
3.37461
4.46500
4.03833
4.21561
3.46924
4.51636
3.43428
4.18802
4.38708
3.41013
4.30581
3.35775
4.34413
4.39507
4.34005
4.19260
4.36690
4.46620
4.37163
4.37417
4.42117
4.48314
4.17686
4.47946
4.21368
4.46983
4.39325
3.55803
4.29013
3.83235
4.14266
4.30758
4.37096
3.23166
4.22226
3.31485
4.06216
4.44088
4.40717
2.87440
4.27192
4.46920
4.46098
2.82130
4.12018
3.78221
4.46460
4.20747
4.21584
4.19348
4.47377
4.38627
3.11074
4.43049
3.16455
4.42408
4.36845
4.20432
4.31805
1.63507
4.25327
4.30824
4.36342
3.83276
4.29772
4.17637
3.78131
3.73871
3.94196
4.41495
4.40612
3.39266
3.84414
3.98477
4.07187
3.55599
4.38493
4.27266
4.21294
2.90992
4.49777
4.46193
3.88302
4.19035
4.52801
4.44339
4.43003
3.01636
4.44693
3.58729
3.94028
4.36444
4.50195
4.32491
4.46596
4.23364
3.17753
4.15725
3.98226
3.76157
4.39567
4.32493
4.40244
4.36058
4.17638
4.40054
4.25360
4.16854
4.25381
4.39624
4.50624
4.43585
4.33807
4.46087
4.12468
4.10766
4.42102
2.73463
4.33673
4.37996
4.16843
4.44670
4.37571
3.44569
4.39736
4.43968
4.51690
4.49859
4.01610
4.14205
4.23322
4.23232
4.42180
4.25739
4.35055
4.47993
4.25859
3.98414
3.94653
4.31438
3.42712
4.18308
4.42044
4.36453
4.27071
2.84740
4.35929
4.44968
4.31743
4.38844
4.44245
4.36258
3.08198
4.27538
4.24336
4.41144
4.12593
4.48025
4.45524
3.62560
4.39106
2.09174
4.03483
4.26192
4.48380
4.42672
4.12996
3.50888
4.05163
4.30369
4.16439
4.44902
4.32930
4.38866
1.91475
4.43507
4.06061
4.42409
4.21892
4.47406
3.71746
4.36156
4.24367
4.34425
4.46905
4.47961
4.17803
4.47596
4.06003
2.60957
4.34558
4.45475
4.39250
4.32275
4.15752
4.38986
4.22607
4.42785
4.17014
4.44296
4.44647
4.07490
4.48752
2.75743
4.41243
4.12836
4.27326
4.34442
4.32908
4.39013
4.44631
3.89557
4.33576
4.47331
4.29109
3.58244
4.47829
4.41040
4.20407
4.34862
4.49179
2.21530
4.06901
4.38141
4.49092
4.21471
4.48523
4.50665
3.59079
4.49899
3.63326
4.41764
3.93423
3.26653
3.72896
4.44206
4.32139
4.33173
4.43073
4.48377
2.12070
4.46873
4.38324
4.36080
4.36160
4.29711
4.42873
4.40443
4.32062
4.46270
3.90075
4.37321
4.36548
4.47650
4.24826
3.74158
2.96370
3.94521
4.35492
4.01801
4.16818
4.48422
4.28382
4.46397
4.44423
4.36650
4.47739
4.32783
4.32622
4.36260
4.48548
4.21592
4.07811
4.00929
3.96024
4.37323
4.25995
4.02258
4.35584
4.39977
4.25802
4.52473
4.37224
4.49949
4.17938
4.53369
4.41967
4.41129
4.53469
4.37879
3.50217
4.47732
3.50296
4.27803
4.48339
4.27827
4.22931
3.68014
4.47299
4.19625
4.34221
4.48406
4.43808
4.16939
4.46115
4.33893
3.96200
4.33849
3.93146
4.17219
4.43358
4.09349
4.33867
3.64471
4.26713
4.07999
4.29439
4.04137
4.29792
4.36190
3.84456
4.42979
2.53298
4.15710
4.21194
4.18087
4.41465
4.39343
4.44876
4.13965
4.49170
4.47974
4.49979
4.24128
4.33447
4.41697
4.37168
4.37739
4.39295
4.30746
3.80622
4.36414
4.40338
4.18796
4.26539
4.48533
4.16126
4.28967
4.51822
4.28853
4.32325
4.48989
4.41522
3.91892
3.85596
4.41897
4.27496
4.49588
4.29848
3.67248
3.35297
4.29265
4.34233
4.33409
4.46416
3.59498
3.78784
4.37906
4.29338
4.44351
4.20731
4.28000
4.13632
4.38660
4.50742
4.13785
4.16865
4.43793
4.40320
4.47365
2.48563
3.49535
4.07955
4.35126
4.36927
4.48727
4.18977
4.42067
4.46870
4.17863
4.10808
4.20574
4.20490
4.41346
3.94956
3.10222
4.43632
4.32637
4.20482
4.19627
3.99072
2.99713
4.40012
4.25836
4.38307
4.45544
3.92287
4.24069
3.72619
4.10165
4.40043
2.84262
4.25182
4.10860
4.31736
4.46541
4.21389
3.67702
4.41864
4.42588
4.47295
4.07685
4.34778
2.35857
4.49693
4.46979
3.78530
4.50541
4.33862
4.32738
4.40642
4.40332
3.47075
4.43506
4.41766
3.92188
4.45294
4.30484
4.40037
4.45206
4.27438
3.86792
3.66345
3.25119
4.07592
4.35582
4.42097
4.05386
4.30886
4.42859
4.47467
4.41241
4.48770
3.37475
4.37266
4.37902
4.48384
4.50004
3.76384
4.26946
3.54569
4.51485
4.44509
4.38001
4.39443
4.42897
4.41767
4.00660
3.58231
4.44806
4.40108
4.32165
4.42403
4.29499
3.85293
4.43555
4.36871
4.03873
4.28737
4.46319
4.31403
4.36712
4.45365
1.17169
4.45382
3.68133
4.38504
4.05806
3.93704
4.31871
4.13167
4.28347
4.49914
4.45617
4.30524
4.42336
4.39953
4.32462
4.41311
3.89942
4.41349
4.31859
4.43474
4.27227
4.46005
4.10550
3.83466
4.12566
4.43806
2.11148
4.42776
4.16517
4.19390
4.39376
4.42063
4.29780
4.43277
4.44143
4.39020
2.07298
4.46499
4.39504
4.43587
3.96437
4.20487
4.20766
4.43651
4.43936
4.21273
4.48687
4.31665
4.46704
3.01715
4.26177
4.00163
4.18246
4.15063
3.79071
4.30210
4.47806
4.35420
4.47263
4.25620
4.38204
4.35543
4.39880
4.47962
3.77279
4.29700
4.19550
3.69695
4.44784
4.48115
4.50634
4.21953
3.63290
4.47678
3.84596
4.45184
4.40412
4.35639
3.32672
4.48892
4.44295
4.46160
4.41118
4.38562
3.49804
4.31200
4.44129
4.43238
4.38034
3.48245
4.48464
4.49226
4.41468
2.71687
4.37616
4.21245
4.09964
3.67460
4.46706
4.23417
4.36271
4.46814
4.45796
4.44200
1.99130
4.39203
2.73464
4.46389
3.49985
3.96884
4.34197
3.62094
4.33906
4.39360
3.77691
2.68331
4.39767
3.38731
2.63159
3.83749
4.24146
4.03799
4.05097
4.29832
3.77623
4.45541
4.35769
4.10385
4.21536
4.34701
4.33172
3.77203
4.31966
4.16432
4.29177
4.14693
4.33073
4.32441
4.45148
4.36154
4.47812
3.98074
4.46003
3.86673
4.46642
4.38677
4.32898
4.04414
4.00044
4.21759
4.40675
4.20612
4.35650
4.05137
4.45610
4.27113
4.43439
4.49557
4.43878
3.63579
3.49238
4.16354
4.45048
4.43255
4.37172
4.20939
4.44431
4.06019
4.53760
4.38035
4.20078
4.43747
4.45146
4.47300
3.69266
3.82747
4.17857
4.14920
4.38203
4.42045
3.82062
4.08678
4.37236
4.31868
4.31921
4.27160
4.17489
4.45120
4.07658
4.14573
4.35657
4.29713
4.50872
4.39734
4.40322
4.24229
4.36940
4.18492
4.33144
4.21418
4.05602
3.94629
2.26372
4.00945
4.34208
3.70664
4.46595
4.10140
4.37920
3.38506
4.51457
2.49293
4.12891
3.72791
4.50039
4.41967
4.34350
3.11193
4.52316
4.02442
4.19316
4.40530
4.34898
4.19626
4.40330
4.27478
4.34831
4.17032
4.50550
4.05887
4.29508
4.48557
4.47831
4.50130
4.38056
4.06216
4.43644
4.22478
4.43679
4.34074
4.32756
4.39429
4.49919
4.38814
4.45889
4.39313
4.42955
3.37119
4.39675
3.87484
4.50619
4.29500
4.44817
3.18345
4.49173
4.48335
4.32235
4.49247
3.70297
4.43838
4.35147
2.11455
4.38183
4.45506
4.47907
4.03844
4.32414
4.45526
3.80144
3.99300
4.02782
4.25860
4.44920
4.43516
4.20283
4.23504
4.40091
4.23795
4.30189
4.51329
4.45801
4.40713
4.37477
4.42393
4.27839
3.72230
3.95258
3.87354
3.24399
4.41129
4.13416
3.96445
4.38217
2.47114
4.35377
4.05085
4.41139
4.35941
3.07373
4.32506
4.28682
4.34287
4.06293
4.41470
3.51827
4.42588
4.42393
3.71449
4.29188
4.18689
4.39900
4.32461
4.41823
4.20919
4.36097
4.42946
4.41228
4.46035
4.37713
4.46556
4.05927
4.46483
4.46213
4.49991
4.46946
4.31378
4.45999
3.93195
3.80874
4.19989
4.26794
4.29840
4.27584
4.28709
3.97719
4.02915
4.22653
3.98145
4.31415
4.46885
4.45472
4.46561
3.62796
4.38042
4.42096
4.44224
4.42038
4.28425
4.24768
4.45294
3.96538
3.63166
4.35566
4.08334
4.44817
4.25476
4.31436
3.74237
4.18004
3.15975
4.16572
4.43491
3.91559
4.50807
4.44307
4.36288
4.25389
2.05247
4.45776
4.36337
4.51201
4.30280
4.23956
2.81575
3.81352
3.99034
4.20925
4.34939
4.38113
4.09646
4.28219
4.06968
4.30045
4.45697
4.13402
4.36487
3.68272
4.18276
4.47023
4.40096
4.07833
4.06961
4.41481
4.39546
4.26302
4.21408
4.36450
4.54619
3.78972
4.33851
4.40676
4.37896
4.08678
4.41969
4.25074
4.41880
3.61680
4.43199
4.32649
4.05610
4.46056
4.34830
3.66081
4.31451
4.39914
4.05180
4.42544
4.02860
2.66692
4.19482
4.31078
4.35427
4.47329
2.45098
4.41591
3.50812
4.35298
3.45337
4.43977
4.23221
4.37249
3.06896
3.60473
4.14898
4.49443
3.26003
4.36294
4.38560
3.94905
3.88093
4.45419
2.21429
2.58644
4.05253
4.29219
1.73614
2.90636
4.31341
4.27175
4.37388
4.40248
4.29689
4.25781
4.34205
3.72958
4.09708
4.01324
2.56143
4.34500
4.35688
3.88462
4.44725
4.17194
3.85732
4.26796
4.40571
4.34575
4.51825
4.50346
4.28812
4.32017
4.37374
4.40118
3.79171
4.37839
4.36827
4.45448
4.20825
4.13071
4.48860
4.46304
4.26925
3.85657
3.68712
4.41836
4.44398
4.05670
4.50065
4.25870
4.53214
4.29672
4.43355
4.44700
4.37492
4.46884
3.52371
4.40464
4.46588
3.95687
3.87179
4.40709
1.87053
4.37453
4.31443
3.74376
4.46588
3.63274
4.36557
4.18539
4.07049
3.52686
4.45441
4.43134
3.95033
4.49852
4.34187
4.06759
4.40951
4.36713
3.99785
4.54137
3.19280
4.46836
4.40575
3.96090
4.41947
4.13386
4.24345
4.46079
4.48681
4.28531
3.96088
2.75641
4.40232
2.72365
4.46804
4.20076
4.22767
4.23515
4.49206
4.29570
3.85130
4.18728
4.26750
4.52670
3.12002
4.16044
4.34046
3.76487
4.13092
4.37891
4.46556
2.69677
4.46918
3.27052
4.37589
4.27428
4.52182
4.49060
2.79607
4.22854
3.91867
4.45241
4.38322
3.49570
4.39458
3.56740
2.64406
4.41826
4.48126
4.35403
4.40432
4.40419
4.48046
4.35573
3.82708
4.53484
4.39519
3.61632
4.42655
4.44762
4.37137
4.06793
4.49250
4.30003
4.44963
4.36533
4.39099
4.37557
4.42341
4.05443
4.48720
3.80076
4.17053
4.50471
4.01274
4.32826
3.95203
3.33220
4.03475
4.48354
4.16475
4.50137
4.28504
4.01634
4.09161
3.53414
4.41886
4.35350
4.48345
4.45863
4.42388
4.12551
4.43920
4.24951
4.46412
4.22215
4.13463
4.05829
4.50389
3.36266
4.11924
4.42187
4.47374
4.40949
4.20281
4.33094
4.41308
4.45971
4.35797
4.47079
4.41723
4.12004
4.32223
2.71248
4.15334
4.35237
4.32751
4.24364
4.30438
3.83630
3.20548
4.46101
1.95295
4.36473
4.24763
4.42326
4.44934
4.13145
4.28418
4.26875
4.40122
4.38271
4.50036
4.41258
4.28990
4.27951
4.11358
1.49966
4.20891
4.45077
4.35200
2.78197
4.41147
4.29306
4.41433
4.25748
4.35420
4.40011
4.49427
3.62365
4.04466
4.30147
4.38555
4.38542
2.92201
3.94180
4.24697
4.49246
4.52385
4.40075
4.35210
4.42135
4.48608
4.45755
4.29815
4.17590
4.36461
4.14074
4.47112
3.88160
4.40909
4.46908
4.32020
4.31355
4.48256
4.41164
4.36005
4.44844
4.47819
4.42366
4.25964
4.47957
3.46080
4.36434
3.80177
3.22974
3.49342
3.94817
4.26969
4.38253
4.29637
3.95719
4.47715
3.20045
4.38888
4.40445
4.45187
2.70550
3.79343
4.31226
3.97125
3.62181
4.37695
4.29680
4.38954
4.31068
4.18322
4.33603
4.20533
4.46525
4.18662
4.19170
1.90524
3.45019
4.52211
4.39267
3.97538
3.16470
3.72943
4.39345
3.89464
3.81826
4.47009
4.38745
4.18950
4.22451
1.75381
4.00607
4.27478
2.41988
4.39067
4.38461
4.08062
4.41844
3.92935
4.37087
4.16638
3.57237
4.39763
4.15880
4.43747
4.41274
3.07248
3.75305
3.88027
4.34987
4.32065
4.11931
4.45237
4.38597
4.14223
4.23552
4.38094
4.44122
4.12175
4.52236
3.67254
4.28756
2.16641
4.41625
4.21363
4.36326
4.33514
4.11475
4.36957
4.47929
4.16882
4.38589
4.45149
4.36320
4.44084
3.98554
4.44189
4.07908
3.49021
4.05876
4.15356
4.38806
4.50581
4.41301
4.39235
4.40493
4.41731
4.47393
4.27495
4.37787
2.81653
4.19965
4.44262
4.45479
4.36114
3.81738
4.33752
4.21935
4.37094
4.48865
3.89081
3.85292
4.09569
4.29863
4.43076
3.63891
4.48090
2.54894
4.01073
4.28701
3.52204
4.36318
4.16307
4.44923
4.51966
4.04240
4.46756
4.33133
4.43857
4.40498
3.29147
4.43858
4.20291
4.46347
4.41207
4.32459
4.41304
4.20295
4.34998
4.42093
4.40849
4.36976
4.32027
4.41195
4.24551
4.16105
4.23003
4.18035
4.22028
3.85932
4.45031
3.79815
4.43665
4.49849
4.51628
4.19831
4.44721
4.32527
3.43116
4.41351
4.37742
4.15326
4.08840
4.46305
4.16786
3.83284
4.48553
4.39341
4.43082
4.29409
4.45426
4.41798
4.37430
4.24002
4.48713
4.37428
4.41990
2.01312
4.36258
4.46843
2.30874
4.36750
4.26654
4.03829
4.24886
4.13110
4.35343
4.33844
4.09690
4.38759
2.72688
4.12895
4.39153
4.48242
4.41173
4.51391
4.16608
4.49696
4.42490
4.47658
4.43265
3.27797
4.45553
4.39154
4.43250
4.29796
4.14940
3.75992
4.35242
3.73777
4.43061
4.35544
4.47313
3.95606
4.15547
4.31566
4.37993
4.31653
4.26910
4.32926
4.04616
4.00976
4.01775
4.47599
4.08438
4.21528
3.48863
4.39411
3.72214
3.90873
3.73498
4.42525
4.42907
4.43037
4.04626
3.09799
4.25860
4.39746
4.39719
4.36553
3.30443
4.44619
4.40794
3.87186
4.47340
4.10431
4.50234
4.45524
4.39719
4.22077
4.23144
4.51330
4.12268
4.43183
4.28546
4.19035
4.09800
4.37856
4.39076
4.33728
4.42486
4.34200
4.20059
4.47836
4.12091
4.43749
4.41252
4.42719
4.26171
4.42331
4.42318
4.24235
4.34997
4.27803
4.34817
4.07027
3.46364
4.29381
4.36701
4.27778
4.39437
4.42933
2.81758
4.50886
4.21434
4.48350
4.01193
4.31955
4.47354
4.23231
4.17117
4.43652
3.72375
4.32576
3.90283
4.04628
4.33354
4.45039
4.00863
2.38989
4.36122
4.44986
4.15819
4.07600
4.42701
4.41729
4.45955
4.36173
3.85819
3.74364
4.30884
2.60151
3.77433
4.45852
4.22091
4.35165
4.47646
4.27161
4.38319
4.46365
4.38999
4.44160
4.41919
4.20788
4.29889
4.43189
4.49227
4.48292
4.09247
4.39220
4.39774
4.23092
4.28027
4.48887
4.21712
4.14557
4.43024
2.95789
4.38879
4.41890
4.18335
4.36520
4.22137
4.34188
4.29634
4.26022
4.34969
4.42849
4.38828
4.24353
3.94571
4.12464
4.51309
4.44161
4.42149
4.26200
4.00506
4.36821
4.21360
4.50812
4.44185
4.36490
4.34134
4.06095
4.16776
3.47251
4.40983
3.70225
3.81810
4.44494
4.30778
4.33961
4.29333
4.42683
4.12982
4.47818
4.28273
2.90743
4.41502
4.26662
4.46615
4.40638
4.35635
4.15906
4.44462
4.20444
4.45288
4.46469
4.06728
4.13305
4.44229
4.45603
4.03123
4.47967
4.46993
2.97490
4.47618
4.02065
4.35951
4.46905
4.40127
4.33261
4.33498
3.94173
4.18052
4.43703
4.45150
4.23680
4.49300
4.45024
3.61707
4.44369
4.19423
4.44760
3.25170
4.32635
3.98839
3.79244
3.72654
4.32016
4.02942
4.19182
4.40859
3.90616
4.23902
4.25685
3.22646
4.49367
4.35344
4.38745
4.51159
4.30348
4.27692
4.19718
3.50967
3.17959
4.32421
4.40728
4.44827
3.77707
4.30419
4.16155
4.42295
4.41972
4.31095
4.41675
4.43518
4.44569
4.37229
3.81684
4.39654
4.49445
4.13621
4.24516
4.48515
4.40468
2.37819
4.50322
4.35192
3.98313
4.08852
4.43846
3.81820
4.41030
4.08600
4.49399
4.22463
3.64173
4.33229
4.39799
3.39296
4.47504
4.14672
4.40982
3.99686
4.40235
4.46092
4.35967
4.34388
4.34035
4.22849
4.35774
4.29088
4.45371
4.04762
4.39136
3.57789
4.26903
4.35265
4.44602
4.13379
2.65045
4.46812
3.78263
3.99672
4.29101
4.37547
4.36054
4.26651
4.48089
4.11514
3.28485
4.38477
4.45009
4.43575
4.33916
4.31535
4.42056
3.37142
4.05987
4.45916
4.15425
3.85872
3.76443
4.47493
4.43544
4.15864
4.35953
4.13964
4.25019
4.19039
4.38256
4.39373
4.30974
3.06365
4.23518
4.48994
3.15843
4.09202
4.48702
4.21107
4.01799
3.74732
4.32754
4.29030
4.18456
4.22610
4.27333
3.07471
4.16992
4.41210
4.24974
4.10324
4.43641
3.35447
4.45543
4.29273
4.30701
4.41329
4.33913
4.48999
3.81558
3.90647
4.39868
4.43674
3.73444
4.41627
4.29275
4.37125
4.09761
4.42412
4.46072
4.05565
4.20235
3.86824
4.41059
4.40875
4.12123
4.34022
3.68251
4.43202
3.80427
4.43291
4.31993
4.39403
4.44907
4.46817
4.21779
3.66538
4.12479
4.48731
4.32969
3.43523
3.55189
4.19569
4.16308
3.86784
4.29514
4.50190
4.28054
4.16531
4.39128
4.46739
4.20968
4.29648
4.38536
4.44820
4.48288
3.34543
3.94753
4.38902
4.39062
4.16960
4.45296
4.12540
4.17998
4.31490
4.34003
2.66056
4.44000
4.16594
4.10771
4.37470
3.67704
3.60528
4.39150
4.23239
4.18128
4.27747
4.31328
4.42866
4.29090
4.37631
4.40277
4.41208
3.62949
4.47543
3.72627
4.34176
4.38008
4.50770
4.13225
4.38774
4.42675
4.17313
4.47199
4.47138
4.43608
4.41048
4.29249
4.13887
2.95793
4.08887
4.26579
4.12562
4.39441
2.39334
4.02765
4.38329
4.35728
4.51310
4.29261
4.31827
3.99473
4.49467
3.93386
3.28052
4.44579
4.40075
4.35129
3.77397
4.35992
4.35568
4.06924
4.46745
4.11475
4.18335
4.28548
4.23199
3.93093
4.48279
4.32633
3.77892
4.36922
3.68348
4.50384
4.36776
4.44109
4.40686
4.10642
4.40078
4.28846
4.47711
2.84586
3.70625
4.45273
4.52847
4.41755
4.31889
4.26425
4.49356
4.31636
4.38131
4.38931
4.19497
4.41900
4.40068
4.06803
4.08720
4.06082
4.51098
3.65728
4.34847
4.37966
4.18850
4.28839
4.18403
4.17907
4.34440
4.36662
4.37016
3.67748
4.37993
3.88993
3.40409
4.49076
4.35229
2.61130
4.48280
4.20156
4.43613
1.83197
4.03902
4.39863
4.36239
4.41127
4.46471
4.30059
4.04909
4.32282
4.45998
4.26783
4.42564
4.28013
4.29939
4.46132
3.68810
4.34812
4.46502
4.01471
4.40933
4.35767
4.41133
4.38563
4.15840
4.50722
4.26861
3.63638
4.43143
4.50921
4.08639
3.86871
4.35115
4.37930
4.39345
4.49989
4.43115
4.46448
4.42369
4.45364
4.23600
4.30957
4.48002
4.18329
4.04338
4.38797
4.45374
4.34087
4.38800
4.44031
4.21970
4.34250
4.38030
4.19153
4.36952
4.35214
4.30431
4.35643
4.50373
2.79619
4.14571
4.44602
4.49715
4.37629
4.48418
3.71552
4.33626
3.93257
4.45310
4.42578
2.13720
4.44726
4.49141
4.31549
4.10507
4.15621
4.36310
4.41940
4.32195
3.52052
4.50607
4.33600
4.44881
4.44803
4.34153
4.41529
4.29996
4.12599
4.40127
4.25320
3.35931
4.39057
4.28123
4.25794
4.50330
3.10448
4.49772
4.42072
4.38746
4.12296
4.34188
4.22477
4.41710
4.44197
4.18629
4.39978
3.84475
4.24863
4.37523
4.37794
4.21116
4.18942
4.50660
4.41523
4.43441
4.00903
4.24377
4.45106
4.44099
3.53653
3.57171
4.20604
4.05774
4.50159
4.21560
4.49186
4.07194
4.42336
4.35007
4.51185
4.19300
4.46103
4.37270
4.21428
4.48605
4.37608
4.22531
4.20324
4.42053
4.48261
4.13722
4.19982
4.36236
4.48474
3.92067
4.43878
4.27092
4.42239
4.40110
4.23197
3.15340
4.25369
4.18349
4.37381
4.48409
4.04485
4.27343
3.91466
4.32192
4.22367
4.49322
3.69753
4.25681
3.91843
3.94432
4.40044
4.22909
4.04945
4.41264
4.30069
4.29158
4.14827
3.70025
4.06992
4.18234
4.49778
4.11103
4.42058
4.43226
4.35684
4.38202
4.17361
4.49996
4.24949
4.13778
4.26980
3.83450
4.38987
4.35264
4.42345
4.44664
4.32536
4.24107
4.10988
4.44567
4.43495
4.47357
4.37008
2.56482
3.74466
4.38732
4.46690
4.45255
4.50967
4.46309
4.18171
4.48351
4.08565
4.38643
4.40222
4.50923
4.22326
4.03415
4.48957
4.39958
4.01409
4.49392
4.42943
4.10837
4.50494
4.22328
4.13685
2.13760
4.31116
4.40813
4.46203
4.49860
4.37436
4.45529
4.37902
4.11162
4.49603
4.11654
4.39876
4.47196
4.31098
4.46903
4.47291
4.03720
4.34901
4.27318
1.95082
4.29828
3.16205
4.41438
4.42122
4.27864
4.19664
4.19267
4.32013
4.21818
4.37125
4.40502
2.73443
4.09906
4.23309
4.24407
4.19260
4.48608
3.78725
4.40628
4.30908
3.81569
4.14419
4.23907
4.48129
4.21783
4.49976
4.21059
4.37274
4.27461
4.20869
4.29277
4.34343
4.35383
4.29070
4.20220
4.45191
4.47874
4.51411
4.45531
4.40373
4.49899
3.98100
4.31028
2.64488
4.35859
4.43186
4.41954
4.43733
2.15935
4.18065
4.25821
4.40950
4.46990
4.23420
4.45653
3.81092
4.20388
3.02482
4.16447
4.22505
4.17544
4.41250
4.44384
4.51237
2.80656
4.37168
3.46731
4.25027
3.67980
4.20694
4.33371
4.28100
3.94545
4.13411
3.78520
4.22258
4.45565
3.35652
4.33557
4.43349
4.45892
3.57031
4.22874
4.20695
4.24000
4.25853
4.25134
4.37217
4.41818
4.35201
3.83021
3.33965
4.40117
4.27445
4.45687
4.40457
4.02031
4.42907
4.22684
4.32397
4.48292
3.79791
3.76712
4.39339
4.19124
4.44304
4.16599
4.49699
4.22868
4.31106
4.40004
4.35351
4.48407
4.42396
3.61875
4.51318
4.51112
4.01802
4.30621
4.37662
3.14367
4.47346
4.42580
4.40483
4.42622
4.28279
4.42764
3.05822
4.37890
4.10359
4.05271
4.40150
4.40083
4.08577
4.00347
4.51399
4.35588
4.44394
4.45880
3.85445
4.36341
4.50200
4.36942
4.29945
4.49596
4.05980
4.26090
4.46182
4.29392
4.20890
4.44051
4.49975
4.21666
4.21899
4.39692
4.33823
4.18960
4.50537
4.46831
4.28152
4.02468
2.64358
4.10773
4.40500
4.41542
4.25280
4.38540
3.60061
4.48697
4.37082
4.33460
4.30398
3.85590
4.41031
4.22360
4.31442
4.01218
3.97174
3.39254
4.44093
4.21205
4.42174
3.78821
4.09685
4.40536
4.47196
4.42963
4.32500
4.31493
4.18951
4.50283
4.23412
4.40112
4.44095
4.26862
4.32729
4.24469
4.36539
4.35847
3.51360
4.32283
4.33903
4.06065
4.30458
4.50201
4.46148
4.26429
4.41904
4.34755
3.14710
4.26458
4.18609
2.92134
4.32880
4.17835
4.27744
3.86550
4.46215
3.53445
4.18933
3.79610
4.39238
4.45504
4.38697
4.31380
4.33388
4.34883
4.47512
4.26428
3.99119
3.83680
4.10915
3.68422
4.34781
4.34614
4.44215
3.31042
4.05062
4.48782
4.48451
4.09411
3.32872
3.86550
4.37573
3.80312
4.50152
4.29167
3.98416
4.46111
4.47288
4.42133
4.52299
4.26421
2.82778
4.32093
4.43095
4.39296
4.44211
4.22796
3.83191
4.50608
4.45639
3.59942
4.42926
3.93143
4.38056
4.32136
4.08354
4.45298
3.62970
4.43363
2.71758
4.41333
3.31383
4.10712
4.30824
3.72419
4.47185
4.32344
4.47029
3.63638
4.29071
2.71461
4.45342
4.41075
4.26126
2.69617
4.47742
4.51051
4.32880
4.46569
4.01011
3.37859
2.89373
4.33046
4.48751
4.46477
4.43958
3.97544
4.34210
4.33557
4.09804
4.21958
2.57324
4.24968
4.17728
4.23119
4.45334
3.05633
3.89549
4.43740
4.21311
2.31157
4.48838
3.88705
4.10090
3.41751
4.32799
3.46440
4.23682
4.34810
4.48165
3.82340
4.51081
4.31882
4.27258
4.41572
4.31848
3.87643
4.46109
4.27719
4.17363
4.27068
4.43161
4.12795
3.96074
4.26660
4.38091
4.24998
4.41565
4.48320
4.41477
4.26039
4.37491
4.48688
4.42139
3.73513
4.33530
4.50282
4.07386
4.35747
4.41695
4.46186
4.17333
4.40680
4.43151
4.49312
4.10038
4.49905
4.44474
4.47981
4.44451
4.28080
4.39270
4.41846
4.43900
4.36091
4.19043
4.40905
4.46283
4.21882
4.20178
4.42182
4.22427
3.77114
4.01908
4.42540
3.87363
4.45012
4.36541
4.30224
4.45955
4.32854
4.03412
4.47555
4.37107
2.80667
4.39981
4.46902
2.76277
4.48688
3.98405
4.43158
4.11594
4.02684
3.47394
3.76193
4.20856
4.45632
4.45968
3.29984
4.13186
4.40553
4.35543
4.42802
4.51012
4.34101
4.37351
4.47504
4.44914
4.46165
4.08168
4.35101
4.32821
4.21249
4.09324
4.18464
2.00621
4.14641
4.49992
3.97213
3.94341
4.32964
4.07950
4.17263
3.64904
4.44713
4.44695
3.87949
4.04669
4.24183
4.48761
4.50082
4.03296
4.46718
4.42228
2.76026
4.49513
3.87297
4.42475
3.73707
4.28684
3.68067
3.58892
4.28800
4.23466
4.49418
4.19157
4.43443
4.46021
4.50806
4.27993
4.43900
4.37024
3.99139
3.16963
4.28821
4.46528
4.26682
4.32339
4.34945
4.36947
4.37927
4.25333
3.83559
4.18328
2.03073
4.06588
4.33082
4.27162
4.38785
4.41180
3.64232
4.43086
4.47014
4.16677
4.17356
4.46014
4.07487
3.71591
4.33831
4.44618
2.77983
3.82453
4.05373
4.47494
4.37490
4.23995
4.44126
4.44026
4.31941
4.23230
3.72500
4.38510
4.46872
4.34682
4.23118
3.97694
4.17431
4.16181
3.52349
4.44513
4.39345
4.47238
4.33271
4.49750
4.41391
4.31946
4.45547
3.81502
4.21066
4.41180
4.29005
4.52197
3.82128
4.34772
3.56470
4.46270
4.49067
4.17811
4.42605
4.34261
4.39995
4.41834
4.25648
4.13470
4.34784
4.30441
4.46786
4.29222
4.37449
4.43186
4.23481
3.88163
4.43599
4.09693
4.48212
4.42425
4.12287
3.97049
4.45249
4.35140
3.40865
4.37548
4.44277
4.44142
4.41570
4.27968
4.30869
4.48184
4.46153
3.56266
4.39733
4.44240
4.38524
4.46452
4.41183
4.43201
4.32464
4.01831
4.40486
3.95639
4.38079
4.50423
4.37345
4.37029
4.45177
4.29343
4.40973
4.42118
4.30307
4.42973
4.44713
3.73532
4.12400
4.45263
4.16408
4.10475
4.28250
4.42160
4.40524
3.52747
4.14166
4.07352
4.13202
4.29611
4.41681
4.49957
4.09130
4.34961
4.49250
4.48485
4.51088
3.66734
4.43068
4.20286
3.93411
4.17993
4.46865
4.39254
3.81279
4.40123
4.34462
3.35553
4.06590
4.38329
4.48155
4.48354
4.36598
4.49562
4.47156
4.21381
4.34310
4.38113
4.37744
4.15402
4.04139
4.51227
4.44314
4.42145
4.12848
4.38913
4.51432
4.08384
4.27014
4.52679
4.34256
4.29006
4.00240
4.49075
4.42826
4.35245
4.14439
4.45153
2.46723
4.21066
4.44154
4.21820
4.41732
4.47668
4.51993
4.34484
4.43390
4.50423
4.37581
2.97926
4.47429
4.42767
3.76411
4.14081
4.02265
4.30617
4.00724
4.48796
4.47466
4.40220
4.19230
4.44550
4.25502
4.46473
4.19360
4.53934
4.28716
3.69570
3.38724
4.47947
4.41106
3.82626
3.69677
4.33787
3.82731
3.81760
4.41451
3.43656
3.72643
4.38588
4.32321
4.24848
4.41288
4.09384
4.10041
4.22148
4.47719
4.06408
4.35268
4.40347
3.50936
4.26673
4.10729
4.42909
4.12597
3.44096
4.43188
3.85872
4.44143
4.30903
4.23115
4.30450
3.81141
4.27741
4.35257
4.30894
2.92816
4.05651
4.25581
2.29490
4.43661
3.73829
4.29256
4.27705
4.39029
4.25023
4.34752
4.15843
4.42068
4.38581
4.05771
4.06440
3.43946
4.34798
4.36246
4.36070
4.34810
3.73226
4.14089
4.29597
4.29689
3.39849
4.19466
4.30124
4.44902
4.24794
4.33252
4.22948
4.38459
4.41766
3.95083
3.68963
4.17786
3.45110
4.27160
4.29097
4.30571
4.31751
4.49983
2.58839
4.38740
4.30360
4.27301
4.49871
4.30775
3.30883
2.69305
4.33274
3.89474
4.18319
4.26216
4.17763
4.48275
1.56445
2.05542
4.22881
4.45134
4.42097
4.46013
4.41262
3.55707
4.26888
4.38123
4.18616
4.46713
4.35420
4.45476
4.27507
4.37154
4.32002
4.40793
4.21726
3.40101
4.41987
4.24258
4.18589
2.99942
4.11489
4.21640
3.44053
3.74970
4.35845
4.03524
4.34565
4.38935
4.39708
4.50646
4.42558
4.43947
4.38317
3.88830
4.36555
4.43526
4.38238
4.34471
3.31994
4.45627
3.20922
4.37645
3.94429
4.35021
4.34359
4.32235
4.40170
4.41325
4.35945
4.00957
4.32618
4.35193
3.80783
4.42684
4.37901
4.42470
4.43285
4.26921
4.45786
4.35261
4.42460
4.23308
4.15494
3.98222
4.04044
4.13848
4.32189
4.24321
4.44385
4.27723
4.34932
4.05388
4.38707
4.07755
4.45016
4.33248
4.33108
4.35178
4.42056
4.30490
4.31813
4.40549
3.83031
3.50493
3.53799
4.10702
4.21037
4.40836
4.48908
4.41610
4.39226
4.33008
4.45598
4.21791
3.17069
4.38607
4.01192
4.39646
4.25468
4.32642
4.49403
4.28139
4.48599
2.85629
3.15020
4.42623
3.94567
4.11550
4.25617
4.02397
4.41104
4.35483
4.45214
4.47245
4.43315
4.04649
4.02755
4.31671
3.21044
4.37117
4.44485
4.38463
4.40877
4.27010
4.44097
4.47258
4.40152
4.39904
3.87963
3.86046
4.41202
4.19954
4.11628
4.45867
3.88169
4.32473
4.29919
4.06695
4.30919
4.47213
4.00954
3.64161
4.24010
4.47300
4.46335
4.08730
4.49412
4.35897
4.51609
4.38443
3.30695
4.45060
3.64599
4.33637
4.41706
4.37986
4.13300
2.64266
4.21513
4.50046
4.37951
2.92197
4.49133
4.34232
3.93813
4.37620
4.32518
4.45292
4.27687
4.26040
3.66820
4.08886
4.30470
4.36650
4.49643
4.38622
3.67106
4.43525
4.20155
4.42794
4.49927
4.36532
2.85916
4.35491
4.31464
4.41842
4.31874
3.84761
3.90622
4.29371
2.54616
4.49855
4.12647
4.41408
4.49232
4.30520
4.35788
4.25149
4.09282
2.76219
3.94736
4.02697
2.68332
3.56192
4.38695
4.18485
4.41418
4.32798
4.35562
4.40545
4.11120
3.75358
4.41343
4.43533
4.34866
4.36386
4.49284
4.46474
4.51624
4.38248
3.28989
4.32809
4.19489
4.24245
4.32672
4.35023
4.39062
4.36007
4.39130
4.28776
4.40092
4.36653
4.32640
4.40735
4.27757
4.24221
3.58155
4.37761
4.34404
4.44181
4.38111
4.42144
4.46663
2.25379
4.50702
4.49249
4.06073
4.46583
4.51016
4.42407
4.48292
4.44380
4.06439
4.10753
4.38274
4.38664
4.15695
3.67579
4.45821
4.35287
4.35457
4.46114
4.32636
3.95327
4.47725
4.14846
4.16866
4.09639
3.49817
4.28917
4.43502
4.41797
1.50635
4.14388
4.28117
3.83003
4.38891
4.30108
3.89498
4.09926
4.45460
3.50251
4.17492
4.32577
4.42529
4.43953
3.97664
3.80804
4.41170
4.42555
4.19644
4.30987
4.09722
4.47249
4.48206
4.45405
4.49076
4.47994
4.34534
1.98095
4.29407
4.39690
4.03696
4.17712
3.98826
4.40447
4.25457
3.69825
3.26749
4.40280
4.39799
4.27087
4.22395
3.99524
4.31335
4.41187
4.26904
3.89077
3.77559
4.50010
4.38044
4.50143
3.54234
4.42319
3.88114
3.79812
4.52588
4.38596
4.49057
4.45303
4.28575
4.24560
4.20525
4.49452
4.50333
4.42334
2.20004
4.12144
4.38729
4.38562
4.28162
4.42996
4.27245
4.34917
4.38168
4.47187
4.45083
2.34820
4.44857
4.44506
4.16562
4.45671
4.32728
4.27592
4.22308
3.97674
4.49483
3.65975
4.35816
4.29273
4.52724
3.95065
4.49764
3.77421
4.38243
4.30287
2.65951
4.39324
4.17672
3.87206
2.87597
4.05358
2.94711
4.14701
4.53440
4.35446
4.38778
4.43324
4.32431
4.02305
4.02662
4.06559
2.70590
4.31160
4.34049
4.33311
4.34652
4.29565
4.24480
4.34719
4.37837
4.11311
4.45393
4.17542
3.58376
4.33854
4.46275
3.86103
4.42053
4.09803
4.42520
4.49666
4.45065
4.36133
3.95063
3.76581
3.51410
4.36664
4.48466
4.15131
4.34783
4.45099
4.43210
4.30873
4.45174
4.40466
4.35424
4.19184
4.32818
3.59439
4.45806
4.26610
4.44322
4.47384
4.46201
3.98347
3.74833
4.16754
4.47277
3.59565
4.28475
4.44230
4.43775
4.49941
4.38730
3.57168
4.32424
4.27787
3.66784
4.10798
4.42372
3.87491
4.42266
2.54235
4.46336
2.87215
4.44379
4.40603
4.18123
4.20158
4.44358
4.26312
4.46439
4.20635
4.16741
4.37508
4.13579
4.29217
4.32972
4.28771
4.33756
4.41262
4.50004
4.45176
2.44484
4.42361
4.36194
3.68785
3.26005
4.29304
4.40386
4.23622
4.36363
4.38559
4.06308
4.52975
3.22486
4.48513
4.42703
4.48956
4.17306
4.45408
4.28419
4.24158
4.19876
3.72084
4.43623
2.55640
4.06614
4.40182
4.45447
3.13157
4.52922
4.36551
3.87050
4.34458
4.43550
4.44141
2.75727
4.42649
4.40284
4.39015
4.49467
1.81919
4.12880
2.22991
3.51653
4.22742
4.40084
4.09211
4.34627
4.07932
4.40159
3.34717
3.02638
4.45089
4.32577
3.95561
2.07699
3.77207
3.84320
3.86096
4.46083
3.80822
4.50864
4.44967
3.81130
4.44279
4.30371
4.50914
4.04792
4.48518
4.48971
4.35164
4.11464
4.44654
4.46089
4.43701
3.98569
4.41054
4.46837
4.38367
4.38845
3.94735
4.34494
4.43807
4.28620
4.36198
4.36416
4.34550
4.16838
3.53733
4.31380
3.85456
3.01871
4.32465
4.26124
4.47083
4.37005
4.15605
4.34583
3.89936
4.31843
4.29257
4.27211
4.35165
4.33769
4.38982
4.27856
4.41508
4.29111
4.36531
4.23201
3.41730
3.95867
4.08335
4.22184
3.71239
3.77842
4.13202
4.46252
4.34861
4.34256
4.00896
4.43639
4.01612
4.29631
4.25034
4.34316
3.90246
4.43604
4.46856
4.28319
4.34506
4.45428
2.90632
4.38615
4.45652
4.42172
4.17285
4.46551
4.11792
3.26442
4.39377
4.22791
3.98911
4.30691
4.44795
3.88271
4.41240
4.26149
4.09134
4.19424
4.05656
3.88829
4.13980
4.44857
4.47467
4.14345
4.38060
3.76458
3.88193
4.50609
3.54952
4.46227
4.40342
4.45444
3.94200
4.21576
4.26032
4.47032
3.70093
4.30475
4.46611
4.48207
4.12010
4.36384
4.24384
4.19644
4.15123
3.85500
4.01138
4.51504
3.63521
3.87755
3.46286
4.38975
4.33313
4.48168
4.28230
4.40933
4.43974
4.40253
4.23314
4.42167
4.34207
4.33082
4.48388
4.26222
4.47657
4.14790
4.37073
4.35349
4.30341
4.44023
3.45568
4.41216
3.56390
4.33685
4.34850
4.24977
4.49386
4.41265
4.23764
4.47582
4.01961
4.50590
4.40968
4.20607
3.76398
4.52261
4.34497
4.11498
4.41877
4.44085
3.52794
4.15918
4.41821
4.49479
3.21071
4.39058
4.39479
3.68627
4.38274
4.39886
4.40518
4.42826
3.65554
4.34222
4.16054
3.72075
4.23875
4.10454
4.18851
3.32149
4.19260
3.84885
2.24261
3.81657
3.50494
4.38305
4.41691
4.17024
4.44102
4.33112
3.70492
4.39946
3.28729
3.41258
4.38442
3.86068
4.34107
4.37290
2.78894
4.35842
4.43185
4.35484
3.33610
4.20632
4.37009
2.90825
4.01810
3.29058
4.07762
4.12486
4.35640
3.32645
4.29283
4.39818
4.08668
4.40714
4.38820
4.36686
4.32718
4.26378
4.33701
4.40189
4.22487
4.40060
4.06279
2.33872
4.41623
3.40909
4.44609
4.40941
4.06777
3.08905
2.03816
4.47207
4.27160
3.87937
1.75908
4.26066
2.90376
4.46476
4.32447
4.41550
4.04505
4.15056
4.44179
3.21959
4.35298
4.28493
4.11481
4.32425
4.26580
4.45137
4.48381
4.00616
3.81844
4.27764
4.36442
4.37239
4.46129
4.33964
4.34465
4.22744
3.41463
4.49703
4.31334
4.51345
4.36697
4.11094
4.23973
4.44483
4.41811
3.92454
4.14864
3.52454
4.47809
4.31501
4.06650
4.49060
4.33809
4.46901
4.43193
4.40889
4.33557
4.01422
3.96064
4.39903
4.36351
4.29999
4.51163
4.43060
4.32514
4.25420
4.36680
4.35997
4.41804
4.02850
4.47909
4.25317
4.36107
4.37182
4.45478
4.34400
4.24686
4.29501
4.40849
4.43265
3.68430
4.42481
4.30661
4.45266
4.47100
4.43515
4.18429
4.37132
4.02765
4.46868
4.36184
4.09001
2.89558
4.45462
4.40576
4.42540
3.64610
4.44266
4.43447
4.24335
4.45752
4.35303
4.10909
4.39524
3.88085
4.10281
4.15418
4.38505
4.46547
4.28913
4.42140
4.26699
4.43498
2.85215
4.34631
4.23757
4.30580
4.35047
2.48737
4.30015
4.46016
4.46946
4.43188
4.32546
4.47876
4.38668
4.42498
4.33741
3.53827
3.71889
3.60392
2.89445
4.01568
4.12422
4.42366
4.44357
2.83146
4.40535
4.45269
4.38089
4.46678
4.32682
3.40097
4.20743
4.47251
3.95161
4.20505
3.31935
4.52721
4.33345
4.13658
4.10069
4.20253
4.39345
4.48618
4.32993
4.47196
4.45820
4.29163
4.45780
4.39696
3.84490
3.20760
4.39770
4.21077
3.07675
4.48517
4.45070
2.43309
4.04348
4.45755
4.33979
4.41025
4.30995
4.19976
3.85953
4.42301
4.18380
4.37525
3.51495
4.29855
4.34239
4.22474
4.48588
3.58204
3.63713
4.49860
4.36804
4.35395
4.33612
4.19267
4.38388
4.37596
4.40496
3.81290
3.97116
3.69722
2.49913
4.42111
4.37416
4.40324
4.11416
4.33115
2.74037
4.40964
4.42666
4.32752
4.06729
3.54037
4.01942
3.16187
2.26018
4.22321
3.84730
4.13973
4.29136
3.34055
4.28692
4.39307
4.46737
4.26602
3.72135
3.71352
4.42374
4.18776
4.50764
4.24262
4.23562
3.75173
4.40641
4.33916
3.93131
3.86565
3.94871
4.38491
4.00587
3.93784
3.81136
4.33605
4.20265
4.30635
4.42843
4.40029
4.52543
4.41218
4.10471
3.55168
3.88072
4.39521
4.30112
3.01294
4.34868
4.35758
4.46413
4.08399
4.46764
4.33686
4.47262
4.41777
4.42115
4.07512
4.29645
4.38383
4.49169
4.31674
4.50181
4.43736
4.26638
4.34355
4.29166
3.96198
4.26305
4.47011
4.43174
4.33439
4.52222
4.27666
4.22686
4.10229
4.41177
4.05487
3.16579
4.18055
4.23528
4.23926
4.50775
4.42074
4.41460
4.46548
4.29848
4.21661
4.32321
4.31223
4.34153
4.34823
4.42204
4.49247
4.44593
4.35504
3.77454
3.57090
3.86988
4.26360
4.46604
4.39605
3.92211
4.40230
4.41033
3.35931
4.46591
4.29171
4.32634
2.91801
4.42257
3.94598
4.29256
4.32835
3.15560
4.16881
4.20113
4.11840
1.92452
4.38845
4.47955
3.76188
4.34783
4.36462
4.04404
4.46122
3.73292
4.36176
4.51400
4.39801
3.50951
4.35834
4.34453
4.33359
4.24343
4.14992
4.32425
4.38087
4.28170
4.43853
4.08054
3.66292
4.36571
4.48472
4.32677
2.49735
4.27443
4.39165
1.99256
4.48442
3.82939
4.25847
2.99466
3.80706
4.27502
4.31881
4.42393
3.51270
4.36735
4.29267
4.32547
4.44670
3.72659
4.40474
3.08139
4.45675
4.46699
4.12910
4.20179
4.40911
4.38321
4.02785
4.42614
4.09605
3.84169
3.71567
3.65088
4.49918
4.38448
4.37975
4.44941
3.55319
4.42158
4.43298
4.25843
4.38063
4.48694
4.50577
3.78849
4.33892
4.30250
4.38066
4.43683
4.45497
4.34123
3.92125
4.48355
4.47190
3.58016
4.45925
4.30662
4.46631
4.37355
4.41641
4.43204
4.11714
4.16102
4.42382
3.89285
4.32192
4.39273
3.67038
4.01877
4.42842
2.83855
4.30881
4.29364
3.62812
4.38385
4.29334
4.50299
3.08147
4.15091
3.79067
4.11613
4.51757
3.29440
3.99339
4.45603
4.34637
4.26431
3.34639
2.33171
4.27912
4.48310
4.19903
3.99154
4.44512
4.23587
3.91456
4.31279
4.21978
3.98875
4.23843
4.34088
4.35604
4.49668
4.51969
3.75328
2.26890
4.14899
3.88480
4.39076
4.30869
4.44569
3.91610
4.36124
3.98018
3.73301
4.32577
4.04022
4.01714
4.29578
4.51754
4.46949
2.86408
4.44548
4.46149
4.27457
4.07041
3.25989
4.23586
4.31186
4.33067
4.27802
4.13773
3.30654
4.39317
4.12647
4.41513
4.13738
4.32968
4.49879
4.19042
4.37630
3.79173
4.30242
4.42679
4.43353
4.34214
4.42564
4.45268
4.04891
4.07248
4.41245
4.13145
4.16611
4.44782
4.49299
4.25662
4.41828
4.32352
4.20643
4.44422
4.41790
4.04692
4.46405
3.84514
4.02971
4.46921
3.92434
2.86091
4.29685
4.40138
3.93860
4.46078
4.46267
3.75092
4.22198
4.42416
4.50225
4.24949
3.96963
3.83235
4.10896
4.29932
4.14489
4.42809
4.30147
4.48789
3.69452
3.63549
4.41038
4.47740
4.18997
4.52642
4.50525
4.46391
4.00517
4.41091
4.02680
4.39606
4.44464
4.50978
4.33191
4.08691
4.33832
4.13379
4.22578
3.31374
4.40534
3.83512
4.19140
4.44407
3.53705
4.36658
4.09406
4.18865
4.08028
4.47552
4.44176
2.97301
4.23764
4.49298
4.18536
4.40892
4.49217
4.28017
4.43188
4.28257
4.29316
4.42323
4.29030
4.11664
3.96883
4.42330
4.22262
4.34210
4.43477
3.83968
4.19867
4.16567
4.45211
4.18317
4.40061
3.23436
4.39972
3.73473
4.25669
4.36271
4.32538
4.46663
4.32928
3.68008
3.72650
4.12148
3.82630
4.20518
3.21543
4.44217
4.49045
3.42062
4.46730
4.43481
4.45116
4.06328
4.34003
4.11272
4.32788
4.35398
3.66305
4.36486
4.43235
4.47284
4.18866
4.21066
3.79458
4.53203
4.44103
4.12340
3.01958
4.38371
3.84436
3.14617
3.96160
4.36848
4.32852
4.29243
4.25958
3.80542
3.78447
4.28902
4.31601
4.42660
3.67090
4.52115
3.95443
4.05341
4.41845
4.37587
4.26325
4.42080
4.35555
4.43343
3.56878
4.46061
4.39087
2.26614
4.46039
4.43129
4.35588
4.43820
4.28626
4.51177
4.48829
4.28006
4.42861
3.91353
4.45411
4.48201
4.28866
4.15129
4.18668
4.31749
4.34072
4.25970
4.21841
3.98601
4.47497
4.40150
4.36592
4.19480
3.71287
4.47311
4.43744
4.48865
4.53036
4.27452
4.50893
4.38807
4.42446
4.48856
3.97555
4.48120
4.37778
4.48278
4.43569
2.58922
4.41196
4.26661
3.68189
3.67309
4.09053
4.26526
4.45173
4.40301
4.30231
3.93019
4.26499
4.26783
4.48594
3.81806
4.43566
4.44865
4.38275
4.09802
4.44154
4.15874
3.60867
4.06927
3.67505
4.32354
4.43139
4.32402
3.87463
2.87317
3.35697
4.21754
4.43356
3.19475
4.29945
4.13735
4.48890
4.30763
4.45670
4.33300
4.39302
4.43429
4.21857
3.77521
4.38188
4.48114
4.46272
4.44259
4.50497
4.06782
4.37547
3.71772
4.42523
4.48905
4.42837
3.37632
3.90793
3.79021
3.98746
4.49835
3.95226
4.20150
4.42539
4.34051
4.48906
4.13158
4.27008
4.45033
4.52062
4.38809
4.22351
3.63978
4.07974
4.47668
3.77223
3.78281
4.31923
4.44896
4.38828
4.28625
3.71134
4.27928
4.43332
3.95942
4.29231
4.43740
3.58070
4.52907
4.32651
4.44702
4.47240
4.39596
4.44601
4.44565
4.44437
4.15805
4.36957
4.46741
4.49458
4.33235
3.50726
3.68288
4.00097
4.21684
4.45998
4.43739
4.45696
3.74300
4.48631
4.51429
4.17162
4.23543
3.70017
2.69787
4.11514
4.51419
4.47902
4.45533
3.99907
4.31172
4.27644
3.17457
4.47984
4.32369
2.01015
4.30888
4.34987
4.48720
4.43814
4.18668
4.39311
3.80500
4.46185
4.03867
4.14033
4.37364
4.38133
4.26617
4.14053
4.43788
4.47416
2.82686
3.94454
4.13366
4.30743
4.42774
4.35541
3.69987
4.44740
4.18749
4.29463
3.79305
4.46094
4.50492
4.34056
4.43601
4.46033
3.95376
4.48956
4.40289
3.44410
3.97409
4.51959
4.38680
3.97890
4.44416
4.42908
4.36447
4.14568
4.37694
4.40888
4.28957
4.42727
3.91047
3.87968
3.80699
4.19170
4.45701
4.18193
3.95342
4.43442
4.43936
3.67727
3.69430
2.11543
4.45737
4.44677
4.41487
4.42537
4.32723
3.87587
4.41106
4.44629
4.24116
4.04778
4.45100
3.86454
4.46667
4.21758
3.68361
4.41781
4.45248
2.76250
4.41578
4.36568
2.55322
4.43532
3.88590
4.48590
4.36255
2.60741
4.51567
4.37129
2.75375
4.45531
3.59197
4.21145
3.91816
4.12088
3.95694
4.48635
4.33423
4.23210
4.33661
4.36935
4.43750
2.51595
3.41444
4.42334
4.46766
3.82513
4.23510
4.46412
3.77606
3.20313
4.27610
3.96307
3.20299
4.49860
4.31439
4.37893
4.36498
4.45044
3.82670
4.42872
4.36838
4.43978
4.43913
4.32842
3.01013
4.33172
4.42167
4.41379
4.35224
4.49282
4.48704
4.49743
4.16490
4.44235
4.48442
4.22220
4.40509
4.28765
4.35378
4.33331
4.36364
4.46829
3.84671
4.45066
4.40071
4.33087
4.14419
4.40620
4.01770
4.43444
4.13744
4.23189
4.44603
4.40193
4.51436
4.52122
2.03215
4.36890
3.99350
4.44603
4.51894
4.43275
4.45424
4.51140
4.49128
4.30102
3.02283
4.29669
3.91690
4.37447
4.22187
4.42532
4.50998
4.35333
3.84383
4.45947
4.50884
4.45956
3.89258
4.45607
3.67103
4.43676
4.05090
4.36708
2.49452
4.44384
4.52563
3.75537
3.50177
3.77332
1.63914
2.23118
4.40026
4.40868
4.47510
4.37815
4.45308
2.91362
4.07578
4.29744
4.44645
4.20504
3.76631
4.25091
4.06609
4.01445
4.45590
4.50944
4.33099
4.22880
4.17836
4.37082
4.12410
4.38690
4.37653
3.88195
4.50858
4.42803
4.38503
4.48760
4.23269
4.19555
4.24118
3.36113
4.05844
4.42481
4.20440
4.41490
4.46990
4.27928
3.70686
3.91981
4.28699
4.52546
4.35548
4.48846
4.14967
4.50281
4.12667
4.37437
4.34514
4.47533
4.49023
4.49115
4.09032
4.04319
3.67831
4.34960
4.10182
3.67310
4.07766
4.45089
2.51849
4.54438
4.13804
4.45445
4.41465
4.33841
3.77339
4.48173
4.39361
4.28055
4.44450
4.48160
4.37198
4.08535
3.99024
3.87545
4.47812
3.99113
4.48593
4.30347
3.56388
4.43941
4.37818
3.98010
4.24751
4.42090
4.21889
4.03962
4.24377
4.49957
4.38293
4.27423
4.37258
3.80779
4.41632
4.36435
2.95032
3.86351
4.40074
4.44842
4.04996
4.20570
4.44683
4.46112
4.27025
2.72868
4.37951
4.47675
3.89154
4.42896
4.32462
3.75743
4.48242
4.52197
4.40611
4.09722
4.30277
4.39297
4.34029
4.45325
3.78605
4.34584
4.31750
4.19551
4.16975
4.13205
4.34926
4.37210
4.45133
4.27400
4.50510
4.43682
4.40786
4.38602
4.20493
3.96017
4.34228
3.79300
4.08378
4.46784
4.15173
3.96920
4.45223
4.00611
3.92261
4.48209
4.33358
3.60540
4.12506
4.35512
4.31876
4.28473
4.44998
4.39989
4.00263
4.11105
3.56766
4.37656
4.32705
4.30433
2.52399
4.33823
4.47308
4.49675
4.26471
4.17057
3.69600
4.28673
4.46848
3.90236
3.71374
4.41261
4.07020
4.18209
4.02016
3.58676
4.24822
4.35476
4.49073
4.29431
4.27365
4.43080
4.38434
4.26049
4.46550
4.46942
4.31968
4.47896
4.38328
4.14598
4.48781
4.50519
4.02295
3.76982
4.19634
4.03230
4.50213
4.28342
4.21062
4.02280
4.30580
4.07538
4.18946
4.23950
4.43713
4.49558
4.16823
3.91052
4.32411
2.27897
4.20337
2.23442
4.33539
4.36962
4.40782
3.41191
4.25880
4.00516
1.75044
4.39321
4.37591
4.10099
4.39197
4.34030
4.44296
3.64466
4.17734
4.51347
4.35024
3.83031
4.37005
4.47870
4.35348
4.44832
3.60726
4.33113
4.27345
4.30865
4.48906
4.43887
4.27208
4.35586
4.46949
4.51103
3.37200
3.85584
4.47701
4.40170
4.27561
4.38851
4.35552
4.46283
3.73221
4.47057
4.41190
4.46140
4.44661
3.54288
4.43168
4.44667
4.26901
4.28611
4.28634
4.01402
4.22142
4.28798
4.09286
4.38019
4.53079
4.19867
4.36008
4.47208
4.05011
4.31767
4.32359
1.72930
4.44420
4.37197
4.31652
3.12016
3.07423
4.23380
4.48629
4.37523
4.34795
3.75934
1.72364
4.47103
4.33363
3.32069
4.16304
4.34142
4.24097
4.30301
4.35073
4.34681
3.59193
3.37497
4.12916
4.39018
4.23918
4.23139
4.04440
4.42187
4.39115
3.73534
4.38830
3.97758
4.51593
4.44250
4.39042
4.19804
4.42812
4.26366
4.14821
4.33696
4.45588
3.98387
4.42282
4.11593
4.30744
4.32773
3.27487
4.33826
4.47644
4.42480
4.26357
4.32823
3.95028
4.42893
4.47042
4.38158
4.46106
4.44386
4.07899
4.26750
4.18044
3.95346
4.11873
4.45162
4.43786
3.63980
3.87537
4.44919
4.38372
4.48996
4.40935
4.46966
4.48197
4.36662
4.32627
4.38888
4.47419
4.48485
4.49316
4.46381
4.45757
3.92159
4.04496
2.94468
4.44790
4.24385
4.17844
3.08458
4.36749
4.23975
3.92231
3.41536
4.38641
4.41426
3.91398
4.39303
3.96290
4.41521
4.22559
4.26627
4.00845
3.71805
3.55885
4.42047
3.42527
4.34296
4.25899
4.10949
4.26584
4.50356
4.50827
4.48502
4.23856
4.48767
4.34414
4.47335
4.01374
4.25451
4.35456
4.40999
4.30265
4.49429
4.35813
3.74003
4.33620
4.12325
4.37911
3.95451
4.32573
4.28120
4.42914
4.37809
4.24486
3.82476
4.26860
4.40428
4.48431
4.03077
3.32143
3.18925
4.17670
3.96128
4.11851
4.29971
4.30586
4.43568
4.39445
1.99532
4.44830
3.97057
4.31878
4.15033
4.39377
4.29512
4.13409
4.45611
4.39364
4.38631
4.38601
3.82704
2.46067
3.38006
4.20599
4.51194
4.35091
4.29656
4.38732
4.35349
4.47683
3.98590
4.29946
4.44609
4.24409
4.30446
3.98186
4.48102
4.13631
4.07875
2.95416
4.53284
4.46255
4.17987
4.03451
4.47487
4.16795
4.30096
4.21682
4.37888
4.48615
4.20249
4.45971
4.16229
4.45680
4.43183
4.41298
3.74139
4.32730
4.46474
4.35633
3.74819
4.39367
4.35520
4.50633
4.40727
3.74654
4.40939
4.20545
4.27691
4.35487
4.37759
4.50552
4.33952
3.89667
2.82848
4.17643
4.23979
3.82718
4.43838
4.45325
3.82342
4.12333
2.41402
4.15672
3.41752
4.23297
3.83610
4.40524
4.37009
3.48618
4.04546
3.92905
4.46391
4.35133
4.23585
4.44526
3.92923
4.40821
4.01312
4.40214
4.15824
4.47309
4.35580
4.31411
4.26415
4.41469
4.08924
4.24884
4.22391
4.21437
3.94646
4.04082
4.48121
4.16131
4.15015
4.28498
3.12164
4.49979
4.43505
4.30631
4.49198
4.52379
4.23126
4.43336
4.33127
4.44200
4.44851
3.91161
4.01839
4.43734
2.43675
4.40174
4.43910
3.05929
4.45592
3.59665
4.22125
4.45782
3.65517
4.37110
4.14151
4.34498
3.60186
4.33995
4.01434
3.72156
4.09492
3.69817
4.23156
4.33104
4.25245
4.51099
3.85456
4.45781
4.36164
4.35059
4.41232
4.40086
3.02746
4.43023
4.29697
4.24556
4.39571
4.45928
4.51033
4.43751
2.94498
3.69977
3.47410
3.94129
4.39655
3.76723
4.29704
4.40522
4.06115
3.70231
2.89992
3.98493
4.11229
4.40126
3.94771
4.35078
4.39948
4.22410
2.58645
4.45097
4.04995
3.77251
4.42371
4.25999
4.46281
4.47391
4.09699
4.49214
3.56553
4.36284
3.44530
3.25472
3.91015
4.35157
4.00959
4.41035
4.29630
4.47084
4.40274
4.26091
4.11827
4.25597
4.47366
4.50549
4.38929
4.40226
4.43703
4.37680
4.38751
4.43927
4.06738
4.26567
4.18453
4.48775
4.48362
1.44788
4.51463
4.45354
4.15397
4.45474
4.28457
4.47979
4.06970
4.41313
4.36332
4.21569
4.37281
4.44583
4.21353
4.40551
4.22849
4.19832
4.21307
4.13584
4.45558
2.92222
4.28098
4.24465
4.47786
3.95830
4.36275
4.46754
4.38020
4.47604
4.30558
4.40000
4.48829
4.47042
3.85051
4.48420
4.49146
4.30003
4.19508
3.80349
3.69228
4.45740
3.44887
4.42094
4.32147
4.39741
4.48741
4.11142
3.70386
4.37939
4.43195
4.27193
3.58450
3.68382
4.38735
4.33162
4.39666
4.36874
4.41709
4.28856
4.31098
4.46320
3.33159
4.36892
3.77770
3.89820
3.88243
3.35404
2.98243
1.77035
4.48935
4.46944
4.35911
4.33084
4.30435
4.36174
3.50857
3.06207
4.30073
4.47378
4.16939
4.35186
4.48070
4.44936
3.18168
4.16747
4.38169
4.38263
4.45975
4.30763
4.14002
1.75588
4.41194
3.12129
4.45670
3.83925
4.48759
4.05144
3.52292
3.41985
4.42242
4.10995
4.47807
4.43831
4.46441
4.44778
4.02344
4.42100
4.14204
4.40712
3.90434
4.43834
2.56048
2.84450
4.43695
3.41480
4.27530
4.46969
3.79966
4.42198
4.17554
4.38347
4.44297
4.33094
4.34715
4.37707
4.24701
3.92589
3.94395
2.72895
4.38980
4.45725
4.49188
4.40191
4.49624
2.59478
3.76914
4.27241
4.39165
4.30320
3.92351
4.50479
3.46962
3.83364
4.15771
4.37339
3.30948
3.92332
4.46170
4.45575
4.17449
4.24039
4.08568
4.47698
4.35854
4.37377
4.15001
4.43357
3.57242
4.48807
4.28253
4.46848
4.19846
4.25656
4.46842
3.86987
4.36211
4.24605
4.41479
4.15736
4.42266
4.16870
3.53789
4.45852
4.49924
4.47133
4.38824
2.98347
4.17711
4.41851
4.36166
4.42477
2.68957
3.09239
4.39421
4.37407
3.97341
4.30112
4.42974
4.52587
3.81810
2.47554
4.48460
4.27690
4.23911
4.45589
4.45527
4.36395
4.51881
4.51248
4.33815
4.45514
4.47016
4.16415
4.37286
3.98642
4.40911
4.33333
4.25447
4.17798
4.27466
4.46018
3.50991
4.35256
4.35414
4.11844
4.44693
4.28732
4.38323
4.49748
4.48079
3.52518
4.39350
3.25078
4.08335
4.41478
4.42068
4.39616
4.30181
3.88154
3.98327
2.88367
4.26160
4.30064
4.50437
4.10029
4.47508
3.84470
4.52294
3.35270
4.06189
2.92473
4.50751
4.46735
4.20179
3.38068
4.24940
4.34680
4.48847
4.32148
2.54622
4.13695
3.90126
2.87820
4.45122
4.34208
4.43982
4.37841
4.50919
4.26601
4.22832
3.38664
3.00291
3.68471
4.38226
4.47872
4.00818
3.80180
4.16048
4.46823
4.48718
4.48288
4.45207
3.57971
4.20505
3.70666
2.40852
4.51354
4.44731
4.40298
4.38354
4.46271
4.38686
3.85999
3.99136
2.48128
4.03124
3.80609
4.42527
3.54375
4.14833
3.85494
2.78085
3.56402
4.37067
4.42556
4.24341
4.07335
4.02155
4.04348
3.76235
4.11236
4.24796
4.44325
4.28841
4.31758
4.44404
3.63891
4.00848
4.40440
4.46548
2.20589
4.46312
3.03984
4.47259
4.21566
3.98299
4.06507
4.11977
4.02773
4.43241
4.45875
4.09583
4.33767
4.10777
4.27867
3.76725
4.51733
4.38180
4.22644
3.90846
4.43869
4.46785
4.20596
4.43687
3.92793
4.46203
4.41350
4.37507
4.34305
4.11262
4.40733
4.37688
4.32592
3.86441
4.29561
4.44298
2.76622
4.52178
3.94453
4.39974
3.13166
3.95173
4.43639
4.42262
4.40945
4.37777
4.01112
4.44627
4.36213
4.42581
4.43318
3.85793
4.23505
4.12469
4.37444
4.09830
3.03412
4.09519
4.45003
3.04355
4.35505
4.45026
4.35736
3.01453
4.16562
4.38617
4.28676
3.90832
4.28651
4.43611
4.28075
4.07606
2.86209
4.35364
4.47673
4.36898
4.49601
4.52728
4.42671
4.33972
4.43164
4.41490
4.48533
4.47053
4.44348
3.73533
4.41438
4.32552
4.11582
3.82120
4.31569
4.44678
4.52619
4.40859
4.43441
4.44793
4.48059
4.48658
4.42922
3.72408
4.32235
3.92858
4.41886
4.25563
4.28843
4.28562
4.51546
4.05379
4.48418
2.97673
2.38576
4.29763
4.29767
4.37590
4.00454
4.25380
4.38580
4.29249
4.48296
4.46054
4.15155
4.22211
3.86040
4.43161
4.31664
3.50127
4.38364
4.28717
4.40647
4.22442
4.33056
4.39784
4.43601
4.16458
3.73659
4.34433
3.83137
4.47508
4.50327
4.42157
4.16744
4.40126
3.39598
4.26356
3.87591
4.24863
3.58003
3.16616
4.32153
4.35106
3.80798
3.79750
4.47009
4.43864
4.07127
4.14601
4.08409
4.48741
4.43828
4.42137
4.35834
4.28571
4.16766
4.47674
4.07096
4.37547
4.32265
4.34963
4.49470
3.71944
4.40639
2.78416
4.35932
4.44063
4.28951
4.44357
3.86302
2.40236
4.05282
3.07485
4.40266
4.19173
4.15924
4.25638
4.20599
4.26564
3.86718
3.97916
4.48140
4.50628
4.42726
2.94074
4.18030
4.34903
3.78112
4.33645
4.35922
4.08743
4.43977
4.01725
4.31428
4.16321
4.23760
4.33221
3.91112
4.44573
4.47958
4.23926
3.31237
4.37083
4.38868
4.45254
4.36383
4.21723
3.89336
3.03632
4.45457
3.43539
4.37109
4.28034
4.45591
4.39910
4.40430
4.36478
4.34977
4.25327
4.14759
4.26973
4.32854
4.43991
4.45796
2.27555
4.32832
4.34428
2.82281
4.48427
4.37285
4.33411
4.10904
4.24191
4.46895
4.44389
4.38065
4.21450
4.14444
4.10584
4.28624
4.48873
3.64500
4.32066
4.22227
4.46251
4.53053
4.48619
2.56598
4.22999
3.77150
4.46932
4.45085
3.99824
4.22000
4.18727
3.63312
4.44713
4.48995
3.91080
4.36457
4.35398
4.40773
4.45679
3.89065
4.47987
4.44551
4.37387
4.46079
4.09310
4.35977
3.89164
4.36443
4.27414
4.32287
4.00767
4.39693
3.87019
4.36569
4.41273
4.20955
4.45144
4.28051
3.61678
3.77489
4.27611
4.44579
4.36890
4.10519
4.44082
4.15261
4.02149
4.27079
3.87162
4.18137
4.25576
3.82905
4.47456
4.41456
4.37101
4.41749
3.91874
3.18514
4.51918
4.38172
3.85695
3.51919
4.01033
4.54815
4.30644
4.26609
4.22826
4.51113
4.49429
4.18386
4.16412
3.75757
4.26803
4.42155
3.33264
4.41440
4.41835
4.38977
4.36600
3.77353
4.16680
4.37193
4.39642
4.12811
4.36615
4.11286
4.44373
4.03664
4.35154
4.28464
4.09092
4.05372
3.52965
4.40607
4.43543
4.38772
3.78637
4.41520
4.30186
4.00872
3.98622
4.12447
4.37145
4.48353
4.42686
4.44477
4.45210
4.19171
3.27807
4.50787
4.20960
4.51904
4.26179
3.99360
4.48155
4.44204
3.99946
3.72011
4.26505
4.41568
4.34261
4.20241
4.52257
4.09778
4.38041
4.18389
4.36403
2.75062
4.27379
4.26743
3.67227
3.95357
4.40228
3.46769
4.05616
4.24709
4.34233
4.22372
2.93392
4.39836
4.42759
4.39835
4.45143
3.91019
4.45530
4.48952
4.44628
4.44392
3.77082
4.43061
4.27898
4.45870
1.98056
4.50276
4.10076
3.59090
4.06409
3.65039
4.25215
1.45482
3.63753
4.26850
4.25148
4.34163
4.45996
4.40976
3.86261
4.33629
4.49587
4.36273
4.22908
4.49855
4.32751
4.33054
4.19895
4.15355
4.23488
3.74561
4.46347
4.42261
4.23293
4.35956
3.79007
2.39974
4.37527
4.45326
3.66393
4.36075
2.04111
4.47469
4.44712
3.90062
4.41549
3.92690
4.19526
3.85651
4.47122
4.33009
4.28640
4.34514
2.61535
4.30279
4.17678
3.84094
3.95121
4.43213
3.74659
4.45206
4.20307
4.38020
4.45268
4.06948
3.76326
4.10524
4.13556
4.23937
4.50333
4.16198
4.24503
4.04580
4.36990
4.48258
4.14704
4.34684
4.38014
4.47646
4.12780
4.29323
4.32474
4.33492
3.96123
4.44725
3.16282
4.40511
2.93454
4.42521
3.57929
4.37549
4.33051
4.31268
2.55499
4.12934
4.42369
4.25069
3.23064
4.37996
4.03732
2.23009
4.51371
4.31888
3.21682
4.25272
4.18513
4.41105
4.32613
4.48493
3.55611
4.36722
4.40320
4.28987
4.36099
4.39849
3.23605
4.32049
4.05685
4.34365
4.35698
4.40117
3.79024
4.47772
3.90764
4.29078
3.94304
4.28514
4.43267
4.17254
3.26147
3.67154
4.05551
4.44260
4.29077
3.15962
2.82818
4.39354
4.30068
3.90313
4.45085
4.38357
4.40471
4.42581
4.31743
4.29496
4.35623
4.32476
4.06940
4.36462
4.45564
2.84255
4.28613
4.25274
4.38557
3.92595
4.24516
4.42918
4.16865
4.13781
4.49394
4.39681
3.64038
4.28425
4.36242
4.42492
1.66965
4.34057
4.39549
4.26355
3.76474
4.08627
4.43880
3.81493
4.26583
4.35643
3.79933
4.48355
4.26424
4.50049
4.43894
3.39514
4.10409
4.44834
4.43810
4.18015
4.00314
4.12389
4.46528
3.79979
4.36194
4.32850
3.52896
4.21571
4.03875
3.72410
3.69175
4.46418
4.07400
4.28725
4.49004
3.42426
4.48647
3.85223
4.40255
3.94301
4.15306
4.45154
4.29326
4.37734
4.41665
3.55483
4.40174
4.49024
3.43911
4.36505
4.43458
4.32866
4.31187
3.82578
4.34273
4.39008
3.71439
4.40244
4.18410
4.39110
2.27870
4.04599
2.11221
4.50231
2.88080
4.47941
4.10736
4.10223
4.41228
3.60135
4.23790
4.47647
4.09915
4.30232
4.52074
4.42434
3.86341
4.38371
4.12538
4.36274
4.49958
4.33592
4.29132
4.29378
4.12757
4.46766
4.20737
4.20388
4.27394
4.05576
4.44479
4.09078
4.44853
4.39797
4.32384
4.34745
4.47999
3.98038
4.22099
4.18756
4.07862
4.51917
4.07103
4.48527
4.10096
4.30271
4.28670
4.48152
3.24507
4.34026
4.35388
4.45391
3.91711
4.24493
4.40528
4.47164
4.05788
4.44594
4.38990
2.35365
4.23351
4.34149
2.35251
3.93107
4.45165
2.57574
4.48203
4.49276
4.42046
4.45026
4.42224
4.31867
4.02776
4.19575
4.42412
4.06339
4.31870
4.40201
4.50370
4.43666
4.47296
4.38387
4.49515
4.19971
4.21856
4.36401
4.16414
1.76264
4.41352
4.15799
4.30826
3.79000
4.26010
4.38315
4.27645
4.34095
3.93391
3.93097
4.26429
4.43389
4.28671
4.43696
4.45126
4.44870
4.34821
4.48204
3.63561
4.31499
4.30231
3.94936
4.27512
3.80880
3.81986
2.84356
3.66468
2.14209
4.36971
4.45194
2.98325
4.15233
4.40789
4.44125
4.46142
4.33535
4.43660
4.46994
4.44487
4.29052
4.22974
4.16598
4.24451
4.37058
4.26009
4.36758
4.09329
4.44367
4.48610
4.41403
4.46072
4.45729
4.37266
3.43894
3.70918
4.46357
4.36719
4.50926
3.91503
4.13161
3.75126
3.92848
3.94884
4.38952
3.47401
3.70393
4.03859
4.23715
4.41688
4.25920
3.38384
3.57782
4.36218
3.52505
4.34885
4.42239
4.16913
3.33803
4.40918
3.78033
4.45086
4.12395
4.41965
4.48505
4.04895
3.86206
4.11185
4.48690
4.47041
4.34455
4.48190
2.57162
4.42329
4.33333
3.94764
4.18472
4.39229
3.99529
4.35740
4.24207
4.22202
2.97379
3.89314
4.25123
4.37180
4.29910
4.19560
3.42228
3.71327
4.49912
4.32054
1.92633
4.50322
3.96190
4.40178
4.45343
4.31759
4.16487
4.48872
4.17719
4.39480
4.48027
4.41746
4.35049
4.38126
4.46604
4.47428
3.71984
4.11352
4.42147
4.29908
4.38975
3.64211
4.12035
4.35291
3.91293
4.48868
4.34567
3.73883
4.43453
3.72520
3.84609
4.27773
4.48666
4.49884
4.31518
2.98915
4.50108
4.42361
4.02021
4.26859
4.43986
4.35629
4.17050
4.45030
4.26492
4.13962
4.40899
3.84900
4.47985
4.46264
3.90042
3.89428
4.49312
4.42612
4.28519
3.74072
4.39813
4.28006
3.06060
4.40228
4.44443
4.30814
4.38761
4.15174
4.42635
4.13609
4.07638
4.41433
4.23441
2.15553
4.23555
4.46362
4.06686
4.46587
3.80580
4.17978
4.35322
4.06203
3.68230
4.30931
4.47531
4.28011
4.33045
4.17090
3.99697
4.42467
4.17312
4.47814
4.39275
2.28754
4.23177
3.33716
3.61049
4.39785
4.48318
4.47407
3.92968
3.97628
4.37823
3.22115
3.97416
4.47892
4.26419
3.15140
4.48578
4.36230
4.10907
4.41525
3.18492
4.44451
4.26729
4.31524
4.42244
3.51330
2.07798
4.42793
4.38159
3.73680
3.87638
4.26435
4.02282
3.58251
3.94918
4.43860
4.17622
4.41405
4.31785
3.98725
3.91858
4.50973
3.83419
4.51273
2.98549
3.69906
4.41371
4.17107
4.12426
4.40577
4.31392
3.92539
4.45004
4.43220
4.33264
4.00805
4.25816
4.09772
3.72316
4.38570
4.28514
4.31432
4.37232
4.49828
4.06327
4.07972
4.06075
4.38968
4.45516
4.44158
4.24109
4.40685
2.57687
4.46423
4.33678
3.92774
4.31415
3.49287
4.23965
2.81635
4.15768
4.12251
3.79622
4.42897
4.45619
4.33080
3.35014
4.38813
3.84057
4.35532
4.43575
4.23320
3.41781
4.45414
4.50473
4.06828
3.93774
4.43243
4.50959
3.25458
4.00380
4.42979
4.20488
4.31404
3.97565
4.15196
4.13707
4.17062
4.27356
4.32630
4.08035
4.50385
4.23331
4.20463
4.45449
4.43695
4.40095
4.13637
3.97933
4.44637
4.51450
1.94474
4.41709
4.38431
4.39067
4.29953
4.42797
3.83176
4.38181
4.22080
2.44390
4.45133
3.96634
3.87044
4.49639
3.86311
4.41011
4.40402
4.30595
4.33596
4.40652
4.40067
4.27064
4.31828
4.47311
3.90270
4.08471
2.38360
4.05695
4.50548
4.28609
3.97597
4.44577
3.99833
3.94145
3.84699
3.59562
4.40650
4.12588
4.44854
3.64627
4.47574
4.34125
4.15085
4.31456
4.00144
4.32449
4.23199
4.41915
4.36126
4.18551
4.22819
3.52821
4.17808
4.31569
4.37903
4.06891
4.50282
3.81613
4.34103
4.37008
4.31174
4.41230
4.39194
4.11283
3.79082
4.32057
4.16079
3.77351
4.02892
3.90547
3.68067
4.11413
4.39438
4.17018
3.48082
4.43959
4.06768
3.07053
4.14233
4.45791
3.99190
4.05224
4.03764
4.43869
4.48998
4.44708
4.34992
4.29528
4.19274
3.93597
4.22600
4.47508
4.35024
4.34050
3.32337
4.12022
4.00504
4.31155
4.45853
4.40052
4.11880
2.72886
3.90301
4.07148
4.45597
4.16468
4.30395
4.44750
4.41293
4.19565
4.39952
4.52362
4.50797
4.19547
4.37145
4.27332
4.42638
4.46330
4.38439
4.06624
4.41242
4.23045
4.25830
4.25970
4.35327
4.43683
4.21519
1.84548
4.48789
4.27734
3.44825
3.17154
4.27177
4.15210
3.64015
4.44512
4.11445
4.44069
4.40037
4.13700
2.87361
4.36511
4.43318
4.10230
3.91178
4.48363
4.18649
4.47449
3.70405
4.48257
4.13215
4.27836
4.45823
4.15085
2.98846
4.38678
4.41346
4.33256
3.75354
4.26640
4.34324
3.74105
4.24139
4.50379
4.49431
3.57980
3.74552
4.31747
3.93744
4.49353
4.45815
4.45119
3.62454
4.35358
4.40803
4.30950
4.33673
4.48213
4.00603
4.23057
3.44938
4.41484
4.45052
4.13231
4.44005
4.38002
4.37327
4.01674
3.43715
4.42736
4.44499
4.47435
4.39220
4.48814
4.38446
2.48949
4.42788
3.71331
4.47278
4.15680
4.11415
4.06335
4.42455
4.48390
4.33113
4.16023
4.39954
4.46641
4.17241
4.43096
4.20077
4.33653
4.50285
4.39341
4.08726
4.30202
4.39715
4.47570
4.31579
3.87403
4.51327
4.11697
4.33376
4.14604
4.30660
4.43933
4.40543
4.37367
4.29413
4.06789
4.39123
3.61881
4.33212
4.07587
4.38309
4.27424
4.05189
4.47017
4.01125
4.52752
4.45169
4.34964
3.11852
4.01017
4.38811
4.38414
4.39100
3.50004
4.42945
4.42882
4.48667
3.66518
4.38108
4.45633
2.12463
4.47263
3.96786
4.44548
4.22670
3.63304
4.26950
4.04652
4.38085
4.33608
4.36887
4.33222
4.34696
4.49419
4.51101
3.95319
4.30818
4.40045
4.26718
4.00861
2.42108
4.28374
4.49428
3.67661
4.48518
4.10983
2.79762
4.30061
4.05460
4.08546
4.43539
3.95481
3.99928
3.88280
4.06463
4.35463
3.59378
4.32762
4.42817
4.42145
4.15893
2.55797
2.95407
3.21655
4.37894
4.26414
4.19429
4.42485
3.50097
4.12458
4.38042
4.38806
4.02323
4.46983
4.19439
4.47282
4.52794
4.42587
4.42043
4.38499
4.43707
4.30238
3.66533
4.25844
4.14095
4.44919
3.33295
4.35685
4.42790
4.17938
4.24245
4.48245
4.25387
4.22119
4.36950
4.37863
4.43763
4.38291
4.18590
4.32266
4.47333
3.67631
2.34463
3.90510
4.43100
4.18307
3.40342
4.36187
4.30889
3.73857
4.31091
3.37090
3.47300
4.37019
4.41090
4.38954
4.47098
3.33704
4.41719
4.34074
4.42725
4.39374
4.35034
4.21458
3.75659
4.40744
4.44546
4.42655
4.33815
3.99492
4.42115
3.90280
4.41168
4.15432
4.50631
4.42066
4.40890
2.31018
2.98290
4.51072
4.23814
4.25133
2.72836
4.38207
4.36533
4.35701
4.45588
4.49508
4.41518
3.96374
3.20507
4.45089
4.33163
4.40452
4.43884
4.03368
4.39816
4.41138
4.38234
3.93807
4.32810
4.45269
4.25103
4.18309
4.14345
4.40736
4.40694
3.71875
4.17633
3.51916
4.23730
4.41493
4.48100
4.43914
4.27882
4.06128
4.49644
3.00607
4.40254
4.18258
3.90247
3.39900
4.35837
4.47786
4.49042
4.34137
4.41267
4.45067
4.31085
4.10136
3.98990
4.38838
4.27582
4.33362
4.45364
3.72551
4.32020
4.15566
4.09158
4.32799
4.47565
4.41245
4.39645
3.94582
4.29517
4.48022
4.36302
2.47493
4.39614
4.40471
4.44195
4.54446
4.27185
4.21982
4.05486
3.77428
3.97139
4.15465
4.41868
4.43314
4.48214
4.40556
4.42056
4.03286
4.37352
4.43440
4.23374
4.40270
3.49031
4.44895
4.26389
3.86336
4.47782
3.80124
4.43336
3.99734
4.48741
4.33545
4.07165
3.95207
4.44166
4.43975
4.52589
4.23365
4.32560
4.39958
4.49254
4.45587
4.29731
3.48814
4.34430
4.31129
4.45378
4.24868
4.29382
4.53165
4.34596
4.42848
4.47923
4.45625
4.29504
3.53146
4.44510
2.11423
4.37711
3.44923
3.76872
2.82535
4.03303
4.44340
4.04731
4.29276
4.47590
4.35028
4.21348
4.45032
4.37716
4.46295
2.44503
4.27717
4.29655
4.44505
4.43265
4.48618
4.33506
4.31354
2.78250
4.44363
4.38949
4.51492
2.59091
3.26325
4.48409
4.10813
4.37777
3.43996
3.42327
4.21925
4.27939
4.14197
4.34117
4.19793
4.42707
3.58180
4.02251
4.39770
4.39089
4.43095
3.54910
2.11333
4.00583
4.19934
3.36139
4.27050
4.24050
3.43550
4.29851
4.25614
4.40213
4.37814
4.31073
4.31747
4.50916
3.07049
4.47063
4.49626
4.14452
4.30527
4.45155
4.48668
4.31391
4.31251
4.41796
4.40211
3.61734
4.35616
4.36855
4.39929
4.23055
3.51706
4.49706
4.32168
4.13416
3.62141
4.37841
4.10153
3.95598
4.54011
4.36074
4.46408
3.80206
4.12849
4.44523
4.41260
4.46372
4.44526
4.17958
4.12017
4.35694
3.91538
4.31401
4.45452
4.42572
4.33312
4.21932
4.42607
4.48868
4.28912
4.12963
3.83968
4.24007
3.49297
4.44092
4.40487
2.55759
4.11073
4.06768
4.47267
4.27673
2.44947
4.08843
4.18515
3.79513
4.46177
3.93356
2.80014
3.83977
4.06760
4.34758
4.38391
2.70734
4.21945
4.29395
4.45892
3.92991
4.45647
4.46775
4.30606
4.00365
3.84680
4.01250
4.24976
3.56031
4.15194
4.37919
3.50478
3.74695
3.27947
4.53184
4.35987
2.68722
4.44330
4.46432
4.30056
3.57886
3.43871
4.24214
4.00794
3.78955
4.36938
4.20998
4.50169
4.45492
4.36072
4.39906
4.50643
4.44842
1.57696
4.39941
4.47119
4.20555
4.47941
4.07269
4.47008
4.48421
4.37898
3.19102
4.32373
4.34245
4.07526
4.46298
4.48809
4.50590
3.50292
3.86698
4.46874
3.61223
4.30370
4.49774
3.98289
4.33986
4.36596
3.95433
4.41650
4.41793
4.48232
4.37524
3.15948
4.36936
4.49787
4.15616
4.40586
4.31665
2.18355
3.58517
4.24617
4.39239
4.33644
4.37826
4.49859
4.44521
3.33502
4.21278
4.33602
4.37438
4.50794
4.42891
4.33076
4.25206
4.46246
3.91758
3.41372
4.44531
3.43791
4.19823
4.29645
4.47651
4.37119
3.78603
4.34685
4.46113
4.43244
4.32452
4.32613
4.34730
4.38859
3.94989
4.43023
4.47368
4.37042
4.36135
4.37820
4.48316
4.44872
4.43333
4.03037
4.16473
4.42237
4.43092
4.48331
4.42976
3.20724
4.43082
4.39780
4.48592
4.38861
4.48668
4.41570
4.49534
4.27833
4.43309
2.56361
4.43601
4.47945
4.11968
4.05800
4.46728
3.69382
1.92761
4.39586
4.42421
3.85600
3.62319
4.42078
3.55906
3.89091
4.38580
4.03814
4.21783
4.42634
2.19040
3.60452
4.29636
4.40614
4.49694
4.26204
3.59493
4.31167
4.37039
4.43216
4.29135
4.38973
3.53858
4.45922
4.52005
4.49282
4.44953
4.46767
4.15361
4.40171
4.29030
4.35555
4.43587
4.43241
4.39548
4.30018
4.43379
4.22696
3.33177
4.42551
4.43221
4.41899
4.21008
4.36746
4.40865
4.37354
4.40716
1.72761
4.24888
4.48195
3.77471
4.11350
4.50534
4.31972
4.45118
4.49873
4.30165
4.30978
4.31913
4.35956
4.09760
3.81617
4.44100
4.29573
3.74777
3.75900
4.47778
4.42406
3.65882
4.26832
3.84075
4.51490
3.84556
4.45866
4.44815
4.18970
3.42114
4.32395
3.54226
2.67728
4.25761
4.42379
4.44971
4.15501
4.40040
4.43928
3.93009
4.45123
3.92398
4.42026
1.64395
4.46642
3.57781
4.45956
4.09797
3.94901
4.35034
4.28941
4.29888
4.24996
3.89282
4.33828
4.44617
4.47494
3.75069
4.39589
2.50905
4.19892
4.14527
4.25733
3.72198
4.08653
3.29750
4.19114
4.21881
3.27059
4.31173
4.30033
4.44269
4.47326
3.38129
3.27935
4.34763
4.22052
2.59919
4.37800
4.21382
4.06225
4.34134
4.31800
4.39898
4.38190
4.46412
4.42578
4.47759
4.40886
3.95467
4.39695
4.53132
4.34906
4.44024
3.70217
4.33248
4.31374
4.27353
4.20360
4.48459
2.01759
4.41928
4.28908
4.26818
3.80500
4.47456
3.85841
4.52644
4.45206
4.12741
4.23494
4.49782
2.97654
4.07956
4.01623
3.93777
4.36093
4.45008
4.47326
4.09090
4.38872
4.06063
4.48380
3.12898
4.22309
4.14223
4.15906
4.43282
1.75269
4.00965
4.30752
4.25388
4.07106
4.37862
4.42166
4.31236
4.48143
3.96925
4.41452
3.47354
4.47110
4.05223
4.03721
4.40776
3.83647
4.21835
4.10084
4.49591
4.30057
2.93820
4.31441
4.41776
4.13806
4.38918
4.52178
4.27486
4.33417
4.45784
4.48185
4.38104
3.83099
3.77409
3.72656
4.39856
4.00272
4.18426
4.00505
4.33603
4.08153
