4.17476
4.37838
4.47447
4.42517
3.94025
4.20374
4.43306
4.37866
4.29751
4.33449
4.30082
4.46096
4.43468
3.35875
3.78644
4.19816
4.28521
4.43427
2.64248
3.83677
4.04328
4.03433
3.88068
4.40151
4.40406
4.46618
4.20638
4.38723
4.44451
3.81923
3.98093
4.48923
3.95963
4.09858
4.35940
4.35112
4.01583
4.31718
4.30251
4.47015
4.33536
4.32470
4.10720
3.55027
4.38315
4.00504
4.39500
3.82321
4.29843
4.50796
4.47462
4.47177
4.07268
4.49101
4.31554
4.49526
3.22998
4.27911
4.42874
4.28217
4.37662
4.13701
4.27062
4.25184
3.79637
4.07627
4.39833
4.43924
4.37527
3.99074
4.47688
4.48806
4.37140
4.19233
4.35472
4.22184
3.36043
4.38915
4.12740
4.00532
3.89027
4.38598
3.90862
4.07048
3.84912
4.42354
4.18513
4.43846
4.35214
3.15170
4.27238
4.43099
4.45899
4.34225
4.47319
4.48267
4.29312
4.46342
4.51473
4.34220
4.30842
3.24303
4.44631
3.99034
4.27068
2.92546
4.33826
4.50059
4.38317
4.37538
3.96912
3.75436
4.34397
3.84697
3.97773
4.04309
3.90141
4.33314
4.37562
4.25532
4.50826
4.41859
4.33922
4.34818
4.07087
4.43311
4.41342
4.44204
4.42946
4.21481
4.26258
4.34026
4.46029
4.39807
4.33542
4.39917
4.41065
4.44240
4.31899
4.32820
4.27542
4.46456
4.41052
4.40124
4.44085
3.06167
4.48389
4.35790
4.30459
4.40484
4.40584
4.47405
4.38401
4.42330
4.41142
4.48896
4.26680
3.76059
4.25211
4.35919
4.47671
4.48489
4.37071
4.21183
4.47481
4.38232
3.89067
4.24181
4.30707
4.34682
4.02375
4.06575
4.31075
4.34505
4.05638
3.40504
4.42151
2.47168
3.70667
4.37781
4.44622
4.31785
4.22282
4.38434
4.30496
4.46421
3.82532
4.01896
4.02301
3.78513
4.19151
4.46323
4.34706
4.29290
4.27994
4.26316
4.36305
4.38350
3.94905
4.39663
3.25534
4.47292
4.37792
4.15853
4.48047
4.41531
4.04028
4.48507
4.48573
4.47557
3.03010
4.36547
4.27216
4.36687
4.46869
4.21830
3.96910
2.32113
4.42050
4.44187
4.42153
4.02129
4.23839
4.49316
4.49026
4.19342
4.24861
4.51584
4.34205
4.24705
4.03830
4.09390
4.48091
3.48878
4.48560
4.41196
4.41588
4.26186
3.70714
4.47912
3.81450
3.91034
4.43514
4.25949
4.28637
2.88280
4.36292
4.46205
4.28859
3.82366
4.42463
4.48422
4.34365
4.44209
4.13409
4.39411
4.42865
4.42569
4.21564
4.28633
4.41408
2.90235
4.49463
4.41025
4.28536
4.37067
4.31613
4.04613
4.06561
4.34228
4.16627
4.38282
4.37430
4.18587
4.33122
4.15879
2.02451
4.37210
2.87014
3.77820
4.25576
4.47691
4.25514
4.23010
3.06396
4.41793
3.94126
4.39726
4.31520
4.34211
4.38117
4.44220
4.41428
4.44183
3.96120
4.31612
4.18460
4.45043
4.39630
4.31964
4.08749
4.50045
4.49106
4.05058
4.01209
4.26577
3.98700
4.26835
4.36772
3.77988
4.35086
3.72290
3.47177
4.23883
4.47749
4.41680
4.40603
4.45064
4.45059
4.41304
4.43336
4.48062
4.44076
2.05602
4.37856
4.02354
4.30592
4.40934
4.45513
4.30210
4.45272
4.16998
3.71640
3.97454
4.44682
4.16043
2.64713
4.36730
4.44797
3.21451
4.24953
3.77613
4.25385
2.94188
3.52338
4.34703
4.38062
4.28279
4.32939
4.41147
4.42713
4.17583
3.98614
4.42971
4.21671
4.43838
4.38017
3.96776
4.41599
4.45211
4.42193
4.17616
4.47537
4.34473
4.38476
4.29455
4.26506
4.41251
4.39268
4.39715
4.45713
4.05477
4.28918
4.37587
4.47829
3.83670
4.24388
2.94947
3.93105
4.16801
4.41318
4.25060
3.60421
4.50432
4.32682
4.34133
3.75630
3.21514
4.40790
4.38978
4.38436
4.06517
4.52723
3.79871
4.40501
4.36827
4.41562
4.51464
4.34365
3.78798
3.95325
4.49252
4.44879
4.45353
4.27759
4.35326
3.96405
4.12855
4.42933
4.39401
4.42426
4.50005
3.07544
4.43391
4.46037
4.39794
4.35864
4.47464
3.52131
4.33447
4.43006
4.47784
4.42299
4.39850
3.88814
4.16184
4.20330
4.29153
4.40260
4.39922
4.19519
3.66826
2.45325
4.22545
4.43376
4.27942
4.51947
3.96417
4.06191
4.46194
4.12859
4.36891
4.21020
4.49527
4.13174
4.32177
3.96305
4.32415
4.17852
4.36541
4.13473
3.81468
4.26536
4.26045
4.38499
3.65536
4.22940
4.32675
4.44970
4.18924
4.46703
4.45629
2.67470
4.35260
4.05676
4.33615
3.94732
4.04994
2.54112
4.27536
4.15450
4.40239
4.25200
4.43076
4.42445
4.48181
4.38229
4.33621
4.42125
4.37959
4.39019
4.30619
4.37733
4.49289
4.28377
3.65700
4.16718
4.35959
4.36047
4.35169
4.29023
3.69157
4.39659
4.44140
4.43808
4.29941
4.41592
4.33292
4.39984
4.30727
4.35677
3.97217
4.44014
4.18523
4.45566
4.00256
4.33907
4.35838
4.34293
2.36499
4.42279
4.25392
4.05999
3.35312
4.23005
2.99242
2.08715
4.43105
2.31141
1.74609
4.27285
4.50967
4.44249
4.45455
1.77544
4.47150
2.74811
4.17997
4.38321
4.03577
4.45792
4.37257
4.39179
4.34380
4.34639
4.09266
4.49824
4.41461
4.20833
4.39191
4.25219
4.09914
4.21740
4.35852
4.43875
4.02784
4.30096
4.44429
4.10708
4.34433
4.41160
4.21001
3.21266
4.43267
4.18821
4.19156
2.24438
4.47132
4.43765
4.39918
4.11290
4.37649
4.19535
4.01804
4.34546
4.51878
4.27549
3.71020
4.30995
4.46249
4.39442
4.39539
4.46112
4.42353
4.20233
4.16837
4.25916
4.17779
4.52482
3.80120
4.45345
4.38898
3.37577
4.39856
3.59329
3.89602
4.38518
4.24299
4.35380
4.17698
4.36673
4.36171
4.12575
4.44358
4.34233
3.51501
4.49606
2.07162
4.08129
4.38424
4.10011
4.26621
3.61825
4.37230
4.52186
4.32785
4.38383
4.48736
4.46060
4.24343
3.20173
4.29067
4.29672
4.18735
3.98937
4.24670
4.15970
4.17086
4.46607
4.29115
4.15965
3.52830
4.49489
4.28069
4.45081
4.17487
3.91360
4.41319
3.91444
2.15682
3.88603
4.18808
4.37366
4.37971
1.95581
4.34762
4.34525
4.50566
4.13956
4.40583
4.52031
4.45026
4.40164
4.35788
4.48043
4.36842
4.47587
3.74904
4.06838
4.02324
4.36232
4.41538
4.37460
4.44561
4.36856
4.32224
4.47982
4.44303
4.24445
4.45408
3.99736
4.31834
4.27241
4.48751
4.32524
3.49905
4.26567
4.46697
4.35329
4.44430
3.87489
2.07366
4.00383
4.40572
4.32330
3.38545
4.14518
3.91533
4.37258
4.08047
4.27167
4.40246
4.44421
4.08367
4.37114
4.22456
4.01379
4.45395
3.66429
4.46307
4.11987
4.35101
4.06858
2.70272
4.43047
4.23779
4.34175
3.91254
2.50517
4.33148
4.47254
4.30893
4.45287
4.30562
3.74963
4.15424
4.39240
4.44825
4.30561
4.46038
4.45419
4.27452
4.42828
3.83341
4.32472
3.42548
4.19680
4.46788
4.18965
4.28642
4.44852
4.31967
2.70630
4.27008
4.33211
3.50301
4.38461
4.36759
3.17071
4.30353
4.28250
3.72264
4.43491
4.42331
4.06361
4.31545
3.90150
4.36587
3.36955
4.42495
4.06583
4.19433
4.23393
4.46565
4.06536
3.77060
4.27110
4.23978
4.36128
1.85698
4.28803
4.05039
4.35694
2.97372
4.34067
4.13766
4.42678
4.29877
4.21747
4.03212
4.25960
4.36761
4.33316
3.13885
4.35513
4.46035
3.71153
4.49226
4.23251
4.36864
4.26405
4.29974
4.02380
4.21961
4.44053
4.10490
3.27142
4.29271
4.51142
4.45735
3.89555
4.40260
4.41229
4.21832
4.33138
4.04678
3.94474
4.47694
4.13981
4.38032
3.88615
4.29404
4.50900
2.89831
4.48201
4.35882
4.41983
4.40591
3.08038
4.46018
4.08699
4.32290
4.38020
4.47960
4.27400
4.33428
4.46262
3.83182
4.40060
4.29080
4.04322
4.48368
4.10523
4.41244
4.36631
3.14233
3.52424
4.39577
4.49903
2.75232
4.32755
4.40151
4.45861
4.45431
4.13865
4.45793
2.95164
4.13976
4.36022
3.84320
3.98551
1.38499
4.30747
4.30777
4.37688
4.19473
4.10698
3.45470
4.42580
4.45568
4.45649
2.80365
4.38949
4.38114
4.39501
4.40756
4.48051
4.43438
3.51392
4.37845
4.36479
3.87721
4.45541
4.22064
4.32491
4.35871
4.41761
4.38244
4.09067
4.19871
4.09116
4.17356
4.26455
3.92934
4.38626
4.47159
4.09873
4.40763
4.29827
3.76510
4.48778
4.18721
4.20399
1.61233
4.12621
4.24707
4.36572
3.95134
4.29968
4.28735
4.24354
4.06455
3.86636
4.27563
3.91618
4.21747
4.37748
4.40956
4.33062
3.88269
4.24564
4.04203
4.50162
4.40339
4.41466
4.44332
4.22689
4.38848
4.21903
4.32516
4.34715
4.38272
4.37415
3.72963
3.67557
4.12412
4.52899
4.37821
3.09607
4.39211
4.48396
4.33203
4.05232
4.09374
4.15944
4.04713
4.39622
4.42446
4.46104
4.32953
4.30652
4.45802
4.45031
4.35914
4.38911
4.22030
4.01100
4.44971
4.38357
4.41701
4.26659
4.07138
4.08680
3.58917
4.34385
4.08182
3.92976
4.45752
4.11032
4.48986
4.01389
4.32584
3.10224
4.42392
3.79485
4.11840
4.47966
4.08122
4.08866
4.51729
4.44841
4.16339
4.29904
4.22649
4.37191
4.50309
3.41197
4.36926
3.78588
4.00333
4.34828
4.33115
4.26598
4.44114
4.40480
4.31096
3.44265
4.23757
3.68621
4.37308
4.15797
4.21251
4.38278
3.73447
4.49904
4.18767
4.32821
4.49416
4.34611
4.26858
4.44506
4.17073
4.34165
4.43448
4.47009
4.47639
4.38625
4.39014
4.52084
4.36725
3.91081
4.25307
4.43810
4.43382
3.89366
4.30917
4.30387
4.26826
3.53981
4.46670
4.49856
4.17230
4.17621
3.07070
4.46354
4.42788
4.00037
4.22136
3.21378
4.22506
3.87855
4.44250
4.45131
4.31443
4.37766
4.38300
4.47071
4.37694
4.17867
4.16143
4.44215
4.14718
4.39840
4.47302
4.27445
4.47152
4.39729
3.85119
4.31580
3.58885
4.43150
4.23377
4.23417
4.25785
4.47414
4.17845
4.45752
4.19941
4.25433
2.47987
4.08607
4.40535
2.07272
4.33578
4.07675
4.37447
4.29762
4.34652
4.47109
3.16197
4.34491
4.46635
4.41738
2.49498
4.15289
4.37490
4.26524
4.27390
4.41691
4.41353
4.24294
4.32406
4.14589
4.05039
4.23813
4.31776
3.78067
4.42798
4.43010
4.33456
3.66455
4.13539
4.37042
3.67450
4.43705
2.78133
3.73139
4.40771
3.71519
4.38381
4.13973
4.43562
4.10765
4.48097
4.24670
4.36790
4.24604
3.26215
4.35208
4.44477
4.15615
3.80119
4.40903
2.49621
4.27950
3.88036
4.05873
2.75778
4.43760
4.46050
4.12586
4.45627
4.42874
4.44191
4.33614
4.16441
4.20122
3.71658
4.09121
4.04619
3.86625
4.43822
3.77825
2.91081
3.80378
2.55929
4.38782
3.59199
4.38167
4.46862
4.22861
4.22965
3.88219
4.47132
4.35819
4.49002
4.16407
4.28594
4.38890
3.60945
4.40136
2.98351
4.49256
4.32349
3.91412
3.44768
3.09608
1.89597
4.44006
4.42147
4.43773
4.28524
4.05393
4.41809
4.30577
4.41205
4.39302
4.52617
4.47570
4.23918
4.37690
4.40999
4.29600
4.04845
4.34351
4.47289
4.17392
3.05055
4.31464
4.34895
4.38399
3.49921
4.40746
4.33848
4.34767
4.28097
4.25502
3.53530
4.37609
4.38982
4.47125
4.13032
4.38660
4.42276
4.43089
4.43317
4.42573
4.24227
3.72674
4.41461
4.20936
4.30088
4.15411
4.36328
4.41609
3.89262
4.37551
4.47519
4.42378
4.43189
4.46649
4.04024
4.35199
2.97355
4.46540
4.24426
3.97692
4.34137
4.38020
4.50560
4.33873
4.49035
4.49620
4.00523
3.99358
4.01587
4.36597
4.43698
4.51575
4.26795
4.41951
4.30763
4.42097
4.27837
4.02180
4.34903
4.47245
4.35349
4.20226
4.31913
4.46116
3.75921
4.43526
3.69543
4.21709
3.82922
4.47041
4.41626
4.21246
3.37902
4.47289
4.49148
4.24098
4.31789
4.21235
4.40218
4.33031
3.73717
4.50921
4.48778
4.13213
4.39711
4.52443
3.81141
3.51243
2.94307
3.66053
4.43118
3.90001
3.36446
4.13098
3.93611
4.29709
4.28150
4.24411
4.43075
4.14936
4.00125
4.29596
4.47540
4.47510
4.50352
4.42084
4.33445
4.38706
3.95036
4.25760
4.37170
4.44462
3.28585
4.27929
4.40846
4.41054
4.42199
4.42510
4.45425
4.35745
4.34182
4.42019
2.70060
4.34435
4.32058
4.48365
4.36531
4.45342
2.45412
3.71201
4.40736
4.31886
4.42602
4.36282
4.03035
4.38089
4.35509
4.40448
4.33089
4.48808
4.50470
4.16320
3.84654
4.47012
4.25093
4.48296
4.13315
3.98673
4.50351
4.36421
3.81464
4.19687
3.73800
4.17199
3.59883
4.20121
4.38575
4.14017
4.20974
4.11262
1.76299
4.36267
3.65685
4.37208
4.19130
3.93122
4.47853
4.20762
4.28136
3.48093
4.40633
4.49230
4.49100
4.24933
4.42353
4.01706
4.39197
4.50024
4.39316
4.48470
4.41102
4.39103
4.49056
4.32980
3.85309
4.27441
4.40213
2.92115
4.37693
4.46378
4.29892
4.24554
4.19560
2.79261
4.31235
4.40492
3.91071
4.01113
4.22798
4.37290
4.16263
4.38365
4.31675
4.30155
4.05328
3.93762
3.86679
3.90138
3.94756
4.48052
4.46930
3.36076
4.29246
4.05466
4.39224
4.08922
3.71131
4.41866
4.40775
4.29671
4.48194
4.41305
4.32488
4.13947
4.42177
4.45077
4.31353
4.21692
4.24691
4.44699
4.22558
4.14018
4.22332
4.44310
4.36996
3.65821
3.18667
4.44384
4.42423
4.18201
4.39507
4.08561
4.38878
4.40697
4.30494
4.26394
4.30864
3.73110
4.39092
4.40124
4.31343
4.52220
4.34959
4.39037
4.22208
4.27451
4.48153
2.89289
4.04185
3.78042
4.41641
4.34439
4.32358
3.73907
4.43207
4.29207
4.42736
4.24204
4.17877
4.13797
4.14667
4.18734
4.37279
4.02429
4.44249
3.55374
4.19032
3.95968
4.42559
3.77767
4.35551
3.74962
4.38154
4.38709
3.84349
4.36664
4.30379
4.50308
4.40202
4.34235
3.83935
4.49397
4.48203
4.44327
4.49196
4.37002
4.46592
4.39503
4.44604
2.85851
3.89466
4.45154
4.09134
3.81058
3.88459
4.41072
4.06804
4.44196
4.16997
4.31533
4.07897
4.50477
4.40826
4.26773
4.50920
4.23408
4.37988
4.37411
4.05103
4.41532
3.63259
4.41837
4.17344
4.40395
4.41165
4.49446
4.26875
4.47571
3.82705
4.33847
4.42000
4.50076
4.45152
4.47051
4.42122
4.14272
4.46720
3.96891
4.43437
4.30632
4.07097
4.41751
4.33988
3.98077
3.56037
4.39253
4.46930
4.26906
4.15615
3.98500
4.31423
4.18350
3.87358
4.48237
4.47451
2.94023
4.22529
4.32562
4.26895
4.42457
4.44505
4.15769
4.31842
4.39313
4.47278
4.42860
4.45111
4.48201
3.98652
4.51263
4.33808
3.99863
4.29405
4.42816
4.34439
4.42895
4.02627
4.22462
4.18966
4.48043
4.37650
4.39038
2.31524
4.24516
4.29381
3.86221
3.92439
4.31662
4.18524
4.47693
4.37170
4.45202
4.32493
4.03357
4.41905
4.43450
4.20260
4.12216
4.47335
4.29484
4.50085
4.35043
4.42593
4.41777
3.97437
4.42414
4.42014
4.47054
4.31394
4.12502
4.41004
4.36212
4.48781
4.37889
4.45885
4.39468
4.45112
3.48317
4.43882
3.69076
3.93173
3.36028
4.33322
4.16069
4.42847
4.06275
4.27833
4.23082
4.38269
4.23912
4.17190
3.98332
3.24472
4.01427
4.45244
4.06072
4.26905
4.31391
4.14366
4.45011
4.46691
4.05410
4.34616
4.36409
3.92092
4.47682
4.21651
4.38857
3.99152
4.04611
4.32125
2.91875
4.53112
4.42909
4.40709
3.94509
4.52441
4.48026
4.24636
4.35773
4.39464
4.19232
4.39812
4.29532
4.42344
4.31495
4.46033
4.35794
4.24125
4.37255
3.67131
3.97022
4.47414
3.76932
4.03941
4.47756
3.39974
4.46877
4.35554
4.43099
3.96870
4.35534
4.48220
4.39304
4.30619
3.45340
4.43880
4.10201
4.23308
4.31780
4.40370
4.16848
4.29838
3.65741
4.43196
4.04212
4.19070
4.19240
4.34639
4.14999
4.28793
4.43091
4.41548
4.31024
4.16820
4.36854
4.07371
4.43237
4.47225
4.46879
3.40839
4.45410
4.01984
4.45831
4.15198
4.36901
4.18440
3.71320
4.36517
4.37902
3.83665
4.42168
4.35075
4.28588
4.30392
3.99770
3.99611
4.46009
4.39184
4.43589
4.24111
4.33043
4.41378
4.04684
4.25952
4.42685
4.18134
4.43921
4.22064
4.42636
4.46675
4.37345
4.02188
4.46439
4.22569
3.32627
3.73082
4.06332
4.06994
3.81146
4.45714
4.17256
4.43902
4.18183
3.91709
4.17027
3.23491
4.33273
4.35714
2.28657
4.35847
4.29062
3.95212
4.26219
4.30534
3.85649
4.38655
4.14523
4.25096
4.02391
4.27512
3.98125
4.41091
4.37498
4.22404
4.44600
4.27194
4.44993
3.78095
4.47284
4.41787
3.90369
4.31074
4.40338
4.47582
4.22300
2.78964
2.86513
3.91530
4.48174
4.40061
3.91282
4.24489
2.42942
4.31836
4.25638
4.47095
4.44927
4.31856
4.44424
4.47575
4.04981
4.43411
4.16534
4.44662
4.27877
4.29461
3.83608
4.13358
3.90884
4.35566
4.14348
3.33475
3.67495
4.27774
4.35604
3.69467
4.43943
4.48697
4.46140
4.29831
4.50784
4.24389
4.31655
3.47513
3.99519
4.36626
4.12657
4.50520
4.20061
4.44623
4.35617
3.50686
4.41315
3.98680
4.14011
4.40201
3.98678
4.50203
4.43911
4.48461
4.16099
4.37205
4.29841
4.11797
4.42149
4.39817
4.29430
4.19321
4.04809
4.43242
4.07912
4.45025
4.11563
3.89104
4.07154
4.39085
4.47704
4.02706
3.86771
4.39968
3.90493
4.25364
4.28450
4.40904
4.30776
3.66764
4.45233
3.97130
4.04072
4.15922
3.38449
4.38219
4.22153
3.59168
4.21785
4.48469
4.34499
4.49286
4.33001
4.12781
4.47799
4.39126
3.95134
4.48020
3.59217
4.18090
2.01610
4.40203
4.24787
4.34716
4.30994
4.07706
4.40474
4.49594
3.38345
4.49255
2.35572
4.49284
4.29251
3.78232
4.47330
3.71834
4.27035
4.38782
4.38644
3.60381
4.43347
4.43408
3.67940
3.69826
3.84423
4.15383
3.60515
4.17162
4.30537
4.36131
4.42794
4.31259
4.50651
3.57327
3.95086
4.39631
4.41624
4.27762
4.33457
4.02921
3.57498
3.49476
4.47635
4.42088
4.31250
3.30379
3.76517
4.34509
3.91213
3.58647
4.39033
4.33705
4.16801
4.44327
3.98424
4.27614
4.19600
4.33219
4.32528
4.09236
4.46426
3.22360
4.48970
4.50794
4.43619
4.17311
4.28620
4.36430
4.31649
4.38043
4.10739
4.20073
4.41239
4.36618
4.27063
4.51780
4.33893
4.41283
4.41561
4.31482
4.33126
3.58786
4.21758
4.28763
3.93194
3.73136
4.36688
4.40793
3.67244
4.41234
4.42291
3.46557
4.48427
4.46535
4.06223
4.10614
4.50596
4.25825
3.70890
4.17930
4.47534
4.32281
4.43813
3.79392
4.15990
4.26502
4.11591
4.30335
4.41981
4.13329
4.46869
3.86782
2.78092
4.33194
4.16181
2.17153
3.80262
4.43203
4.21666
4.23702
4.36726
4.37490
2.21007
4.48902
3.91839
4.38084
3.95150
4.07639
4.22385
4.36059
3.54299
3.88787
4.34486
4.36119
4.52485
4.29272
4.46943
4.48070
3.94090
3.99985
4.45296
3.95470
3.18084
4.28105
4.07087
4.40639
3.87421
4.42633
4.22272
4.00773
4.26063
4.39552
4.42328
4.09077
4.34814
4.42184
4.22222
3.69866
4.13693
4.38754
4.38249
4.25065
2.44094
4.11733
2.94903
4.24872
4.39838
3.20251
4.07158
4.07565
4.45636
4.04055
4.51533
1.90336
2.95261
3.86741
4.37655
4.38192
3.85028
4.16367
4.34438
4.46726
4.32437
4.47119
4.09903
4.38457
4.16062
4.36541
4.48900
4.41556
3.72451
4.44519
4.47175
4.19067
3.76670
4.21780
3.33918
4.40597
4.14632
3.81624
4.37984
4.25616
4.40711
4.33970
4.32711
4.12660
4.44234
4.34764
4.18628
4.34070
2.88308
2.96294
3.82973
4.12952
2.18532
4.22113
3.29172
4.27779
4.32805
4.52657
4.36158
4.07904
4.11272
4.24838
4.43470
4.35669
4.51806
4.30147
4.17702
4.25899
4.48675
4.38318
3.42231
4.03565
4.34094
4.45387
4.46392
3.42336
4.39896
4.28975
4.45899
3.80387
3.75910
4.41423
4.26339
4.31931
4.34648
3.25957
4.42897
4.14523
4.12692
4.26031
4.41290
4.22585
4.02828
4.24850
4.47286
4.42399
4.37368
4.25196
4.26157
4.30922
4.49091
4.51665
4.07299
4.27689
4.31468
4.41097
4.11952
4.43081
4.43283
4.20627
4.32695
4.31932
4.20992
4.47209
4.32128
4.38021
4.42008
4.27327
3.96291
3.84388
4.37280
4.41530
4.45842
4.30944
4.37551
4.47976
4.37483
4.12654
4.33988
4.14069
4.26529
3.28549
3.40026
4.34052
4.05117
4.00321
4.25986
4.40544
4.47587
4.47316
4.41331
4.41014
4.41807
3.01696
4.40521
4.43924
4.33458
4.52257
4.39840
4.46224
4.34879
4.37347
4.11343
4.26554
4.21449
3.61067
4.19873
3.32177
3.75415
4.32993
3.82524
4.36799
4.43158
4.19618
4.50408
4.48382
4.44549
4.24644
4.13395
3.17359
4.41835
4.28666
4.45032
4.44425
4.41733
4.00932
4.45797
4.48502
4.30938
4.29265
4.41903
4.37996
4.36484
4.36196
4.23916
4.01666
4.47765
4.47630
4.29433
4.48523
4.39560
4.14585
4.35551
4.39776
4.33875
4.33789
4.00521
4.27926
4.38648
4.40418
4.37510
2.83851
4.23510
4.24685
4.29002
4.38634
3.78950
4.37953
4.41899
4.36363
3.30624
4.49182
4.19224
4.40734
4.17875
4.46097
3.98586
3.64969
4.17932
3.67720
3.58175
4.20357
4.42936
1.72836
4.21592
4.33552
4.41501
3.99885
3.78506
4.28629
4.02519
4.33139
3.49586
3.83768
4.13236
4.27637
4.43391
4.02130
2.95970
4.25314
3.93789
2.78579
4.42409
4.32632
4.51964
4.33713
4.47630
4.41323
4.30759
3.36091
4.12420
4.22467
4.44957
4.44922
4.49941
4.38116
4.31963
4.39001
4.39385
4.47227
3.83922
4.44216
4.39899
4.40204
4.15342
4.32738
4.11910
4.39377
1.75280
4.37422
4.46328
3.93881
4.38965
4.19457
4.16374
4.41301
4.38369
4.28640
3.71884
4.51158
4.35216
4.41255
4.19011
4.40600
4.48691
4.51354
4.06651
4.07375
4.43714
4.43472
4.49162
4.43450
4.50487
4.29576
4.08635
4.45169
4.41509
4.22973
3.13760
4.32318
4.26566
4.32663
4.20986
4.37865
4.33682
4.10647
4.43505
4.50616
3.25459
4.42204
4.32082
4.27387
4.27674
4.36232
4.05578
4.31859
3.36558
4.12671
3.77489
2.94603
2.93122
4.03492
3.99051
4.17796
4.38393
4.29373
3.88934
4.25863
4.09000
4.20569
4.44307
4.44935
4.33786
4.35161
4.47338
4.18659
4.30462
3.91554
4.38709
4.54165
4.15311
4.43594
4.20706
4.15893
3.69701
4.39839
4.43762
3.25702
4.31577
4.15733
4.16064
4.38980
4.30556
4.33116
4.43894
3.90608
4.33479
4.48645
4.36069
4.42492
4.31490
4.42248
4.31936
4.50198
4.42352
3.46757
4.48312
4.16958
4.19823
3.40108
4.50767
3.52988
4.25257
4.39151
3.50349
4.29847
3.45216
4.32419
4.35084
4.34781
4.23138
4.34547
4.47044
4.33849
4.44517
4.42111
4.48074
4.13555
4.47554
4.21037
4.47383
4.36017
3.64075
4.21642
3.82837
4.20033
4.27806
4.39286
3.26617
4.21050
3.44326
4.09120
4.46866
4.41780
2.98168
4.23870
4.47187
4.46758
2.80875
4.18493
3.80694
4.47346
4.25259
4.27836
4.19015
4.47567
4.39402
3.22783
4.41611
3.06160
4.49267
4.34921
4.20832
4.31070
1.58741
4.23636
4.28026
4.39908
3.57492
4.30669
4.18503
3.90741
3.78493
3.97043
4.42583
4.35669
3.47641
3.91718
4.08949
4.17234
3.57602
4.38667
4.32470
4.24895
2.98663
4.49708
4.46887
3.91633
4.22273
4.52197
4.43773
4.42465
2.97156
4.47403
3.66439
4.04146
4.36391
4.49475
4.33345
4.47283
4.22926
3.08345
4.22003
3.97788
3.79833
4.38001
4.37557
4.40338
4.38661
4.21633
4.41830
4.26155
4.10469
4.25699
4.39610
4.50660
4.42661
4.33307
4.46102
4.08673
4.09466
4.42117
2.67782
4.33099
4.38161
4.14037
4.42397
4.40169
3.49156
4.38977
4.45376
4.49053
4.48245
4.10438
4.21598
4.32126
4.20327
4.46662
4.21301
4.30371
4.49254
4.14879
4.03413
3.92794
4.30013
3.43238
4.20237
4.41144
4.42923
4.30315
2.91829
4.37051
4.45087
4.30182
4.38950
4.41879
4.33985
2.92802
4.32378
4.24120
4.41600
4.14484
4.46422
4.46844
3.71078
4.38050
2.06327
4.08802
4.28008
4.46234
4.41141
4.11861
3.49955
4.15164
4.30034
4.14185
4.43920
4.35389
4.36856
1.94856
4.40287
4.14848
4.44117
4.23774
4.50346
3.63067
4.34717
4.20805
4.33491
4.43658
4.46826
4.22992
4.47471
4.17943
2.76717
4.30832
4.44828
4.41001
4.32533
4.19790
4.42103
4.22980
4.42199
4.23280
4.42562
4.43021
4.04581
4.46665
2.83280
4.41914
4.16480
4.33872
4.36229
4.29161
4.36175
4.42962
3.95739
4.39164
4.47723
4.24963
3.72154
4.47371
4.40281
4.22097
4.32654
4.46054
2.25073
4.11084
4.37186
4.47223
4.19704
4.48400
4.52147
3.60411
4.49786
3.66292
4.44118
3.95940
3.21489
3.79857
4.43893
4.34167
4.25794
4.42240
4.46582
2.24255
4.47324
4.43402
4.33871
4.36458
4.26452
4.41755
4.40601
4.26984
4.45899
3.89829
4.36981
4.28014
4.49834
4.22619
3.83518
3.15764
4.02744
4.37398
3.97485
4.15529
4.49024
4.29896
4.42274
4.42315
4.34724
4.48083
4.32011
4.34849
4.40831
4.48460
4.14463
4.08550
4.04326
3.98594
4.36554
4.24925
4.01446
4.36092
4.36335
4.27114
4.51624
4.38821
4.50269
4.31617
4.52054
4.42606
4.41556
4.51555
4.41195
3.60384
4.47337
3.56010
4.28656
4.48057
4.24089
4.23998
3.75614
4.44957
4.18111
4.33007
4.46583
4.41929
4.17512
4.44776
4.32993
3.99391
4.36379
3.93830
4.03549
4.39865
4.09091
4.32968
3.67257
4.24851
4.20582
4.29210
4.10731
4.27566
4.35905
4.00180
4.43560
2.61565
4.18229
4.20012
4.10156
4.40378
4.39740
4.42687
4.19320
4.48153
4.46985
4.49533
4.23416
4.24580
4.40260
4.41903
4.32129
4.42585
4.35663
3.84673
4.35283
4.41435
4.17362
4.28817
4.49285
4.16960
4.29591
4.52842
4.28890
4.32627
4.48504
4.40079
3.96713
3.90840
4.40380
4.30770
4.48172
4.31774
3.58414
3.34487
4.37283
4.34929
4.36075
4.47887
3.71407
3.75531
4.39687
4.29755
4.42912
4.19398
4.29529
4.14146
4.40957
4.50396
4.19323
4.17283
4.44643
4.38046
4.46677
2.58125
3.49154
4.15714
4.36613
4.31625
4.50566
4.20265
4.39613
4.47507
4.18578
4.11665
4.21506
4.17925
4.40631
4.02873
3.02972
4.43027
4.35613
4.22656
4.22058
4.06200
3.10314
4.45649
4.22007
4.26739
4.44241
3.95271
4.18669
3.78103
4.16060
4.38818
2.91660
4.24118
4.11295
4.35207
4.44940
4.16215
3.78998
4.42225
4.42516
4.46842
4.05289
4.33703
2.38498
4.49618
4.45328
3.84527
4.48477
4.33361
4.33621
4.42137
4.45122
3.54055
4.41844
4.38207
4.03366
4.47681
4.31788
4.38181
4.45287
4.25504
4.04921
3.65631
3.32432
4.11051
4.36009
4.41601
4.04384
4.32519
4.42285
4.46695
4.40348
4.47073
3.35027
4.35612
4.38617
4.49040
4.47697
3.86615
4.04502
3.52786
4.51379
4.45700
4.39341
4.36927
4.43766
4.43307
3.99635
3.60547
4.47380
4.38083
4.31401
4.42587
4.27497
3.85929
4.41425
4.36702
3.83047
4.28573
4.48964
4.34048
4.33843
4.46370
1.09677
4.46951
3.69505
4.39134
4.02842
4.08150
4.31452
4.11855
4.29313
4.48645
4.44770
4.29882
4.42148
4.42044
4.29336
4.42713
3.91166
4.40688
4.32751
4.42454
4.23983
4.46410
4.16079
3.84293
4.19547
4.43304
2.14552
4.42217
4.17658
4.14582
4.38939
4.42259
4.26240
4.40465
4.41983
4.39279
2.05955
4.42094
4.37331
4.41452
4.06181
4.21962
4.18351
4.41861
4.39182
4.23736
4.48192
4.31562
4.47605
3.09302
4.28773
4.09146
4.14285
4.31347
3.78223
4.26478
4.47074
4.37050
4.47838
4.22520
4.37155
4.35924
4.42705
4.46386
3.86424
4.25542
4.16827
3.93924
4.44989
4.46082
4.50803
4.23931
3.74041
4.48486
3.92474
4.43595
4.37357
4.32839
3.35904
4.49681
4.43440
4.46892
4.44014
4.33583
3.51292
4.29213
4.43075
4.40343
4.34664
3.56077
4.49529
4.51456
4.43188
2.75304
4.35816
4.25460
4.05323
3.73138
4.47237
4.21924
4.40166
4.44072
4.45247
4.44668
2.05319
4.37422
2.69561
4.44232
3.54296
3.97829
4.34779
3.72654
4.34571
4.37024
3.87245
2.74543
4.38843
3.32181
2.66591
3.81907
4.33973
3.96958
4.10928
4.31104
3.89391
4.45756
4.33909
4.11705
4.25657
4.31910
4.31836
3.85657
4.31284
4.25304
4.26206
4.16304
4.32545
4.28230
4.42141
4.34114
4.34819
4.02835
4.46762
3.90789
4.44878
4.37138
4.29767
3.99804
4.06225
4.26354
4.37642
4.17310
4.36532
4.08879
4.43878
4.22878
4.42506
4.49145
4.39856
3.66447
3.63654
4.20887
4.45939
4.42200
4.37441
4.20399
4.41330
4.05287
4.52997
4.38293
4.19238
4.42411
4.40392
4.48763
3.66424
3.97966
4.16399
4.12737
4.32114
4.41224
3.80066
4.11918
4.37548
4.29838
4.32747
4.23996
4.26513
4.45395
4.15487
4.14115
4.39280
4.23849
4.49855
4.39770
4.37378
4.24339
4.33029
4.18870
4.28355
4.29558
4.08799
4.00887
2.02146
4.09236
4.35469
3.76260
4.46836
4.08563
4.38226
3.48968
4.50440
2.70059
4.14571
3.82701
4.49859
4.44686
4.32225
3.26422
4.51928
4.01964
4.24298
4.42279
4.34352
4.01467
4.39483
4.22835
4.36515
4.19155
4.51734
4.05076
4.28584
4.46602
4.44692
4.49476
4.34817
4.08356
4.43609
4.26806
4.43506
4.29625
4.32075
4.41502
4.50820
4.43917
4.45111
4.36281
4.42744
3.41057
4.37561
3.92520
4.48519
4.33672
4.47106
3.18141
4.46915
4.48889
4.30148
4.48262
3.67600
4.42713
4.34821
1.96012
4.38054
4.45408
4.46281
4.11327
4.34475
4.42657
3.77535
4.08259
3.77256
4.25246
4.43226
4.42815
4.21116
4.19896
4.40744
4.20731
4.29239
4.49403
4.45318
4.39967
4.36415
4.41677
4.26172
3.75186
3.97035
3.86343
3.28173
4.38351
4.13248
3.99115
4.44985
2.65674
4.37042
4.05867
4.42110
4.35782
3.03134
4.33973
4.28817
4.35247
4.12991
4.40827
3.59085
4.39708
4.42184
3.73961
4.33047
4.27238
4.38054
4.35499
4.41728
4.25043
4.37824
4.40122
4.38831
4.41506
4.39668
4.46887
4.06001
4.44532
4.46971
4.47256
4.44729
4.27861
4.46542
4.01190
3.83649
4.24839
4.30603
4.26707
4.33343
4.28828
4.05476
4.08594
3.98821
4.00934
4.31113
4.46153
4.47501
4.47841
3.72224
4.41247
4.41469
4.42240
4.40713
4.34926
4.15726
4.45631
3.96966
3.68851
4.36214
4.10895
4.44647
4.23470
4.28125
3.80347
4.10800
3.24950
4.17575
4.42692
3.97921
4.49176
4.39980
4.34859
4.27282
2.02789
4.44101
4.28278
4.50782
4.26303
4.29967
2.92814
3.75074
4.00997
4.19671
4.35925
4.38047
4.03057
4.30562
4.11828
4.31937
4.46096
4.17440
4.39858
3.78776
4.23622
4.44042
4.40682
4.17160
4.06329
4.39522
4.39610
4.27215
4.09389
4.37634
4.53898
3.75673
4.33223
4.39654
4.41453
4.12683
4.45617
4.22924
4.40661
3.62013
4.37549
4.31211
3.99869
4.42236
4.34539
3.70074
4.33096
4.40692
4.03118
4.40454
4.09613
2.65191
4.20760
4.31441
4.37661
4.48932
2.47407
4.41205
3.54025
4.36346
3.53762
4.44713
4.22900
4.37599
3.08948
3.56799
4.10821
4.50245
3.28337
4.31060
4.40249
4.00520
3.99876
4.45158
2.29186
2.65269
4.11099
4.31736
1.67217
3.02341
4.33686
4.30310
4.36777
4.36816
4.25053
4.26204
4.31264
3.79390
4.08497
4.10085
2.60255
4.38616
4.36608
3.83897
4.43834
3.93297
3.96728
4.27108
4.44603
4.40011
4.50863
4.50036
4.24798
4.31200
4.41167
4.36715
3.75032
4.34441
4.36462
4.47661
4.24324
4.14192
4.48651
4.46679
4.17267
3.88056
3.65781
4.39801
4.46450
4.05167
4.49651
4.25311
4.51219
4.29039
4.44298
4.43945
4.34377
4.46826
3.60185
4.40140
4.45915
3.91952
3.85166
4.40975
1.85236
4.42178
4.31470
3.66587
4.48047
3.69414
4.38700
4.19338
4.18678
3.59218
4.42653
4.47471
3.99421
4.48399
4.33220
4.12453
4.38944
4.32561
4.12680
4.52713
3.28355
4.43463
4.37499
3.98754
4.39413
4.27899
4.25087
4.45053
4.47642
4.25667
4.04449
2.77537
4.38202
2.61102
4.45709
4.17523
4.27934
4.26452
4.47384
4.31789
3.87869
4.21214
4.28258
4.51628
3.20693
4.20541
4.30818
3.80134
4.07579
4.35376
4.46898
2.73082
4.46815
3.40379
4.40257
4.33921
4.50727
4.49553
2.89856
4.18306
3.98527
4.45148
4.37308
3.61384
4.20228
3.59951
2.75709
4.38899
4.47204
4.32972
4.42987
4.35708
4.47229
4.33846
3.84319
4.52931
4.41007
3.76300
4.41327
4.44838
4.31028
3.97965
4.43302
4.29451
4.45020
4.33188
4.36339
4.32420
4.44242
4.11608
4.44946
3.90377
4.13483
4.50662
4.06799
4.35575
4.04673
3.46214
4.13623
4.47385
4.11603
4.48216
4.32076
3.93302
4.14047
3.58476
4.39217
4.39606
4.45490
4.50084
4.42674
4.21756
4.43639
4.22671
4.45141
4.23084
4.08461
4.03842
4.49779
3.43058
4.11585
4.44642
4.45294
4.38733
4.24946
4.32956
4.40628
4.48253
4.31793
4.47260
4.40387
4.02910
4.27674
2.73884
4.10588
4.33935
4.31463
4.27508
4.28246
3.85993
3.15147
4.45919
2.01998
4.35038
4.25421
4.42498
4.45813
4.08607
4.31200
4.23347
4.41899
4.39074
4.49701
4.43662
4.29092
4.29340
4.28813
1.59938
4.30351
4.45351
4.34119
2.81374
4.38615
4.27049
4.40260
4.34537
4.37119
4.38800
4.51911
3.68755
4.13882
4.33731
4.40478
4.38492
2.83024
3.99095
4.24541
4.46448
4.51043
4.38187
4.37736
4.41754
4.48162
4.43804
4.35102
4.22227
4.33893
4.16255
4.44032
3.92349
4.42406
4.46471
4.34740
4.29476
4.44911
4.39964
4.32213
4.40914
4.45032
4.41603
4.30289
4.44868
3.55008
4.34920
3.86691
3.32346
3.57124
3.97658
4.25402
4.37605
4.21289
4.03744
4.47470
3.25603
4.42734
4.38690
4.45271
2.65490
3.88158
4.29306
4.00705
3.70437
4.40126
4.31845
4.38629
4.36710
4.20360
4.32853
4.24848
4.46796
4.13441
4.14210
1.92838
3.51402
4.52092
4.37932
4.09436
3.12329
3.68686
4.41686
3.97367
3.91730
4.46632
4.35281
4.14202
4.24305
1.83362
3.90638
4.24413
2.46134
4.37913
4.35806
4.10266
4.42184
3.94023
4.38045
4.16869
3.45895
4.36202
4.26073
4.44921
4.38786
3.16523
3.84232
4.06574
4.37130
4.32150
4.12842
4.46609
4.34546
4.18653
4.23098
4.36132
4.41213
4.07689
4.50764
3.66557
4.29105
2.13545
4.34532
4.19809
4.39658
4.27928
4.23165
4.38177
4.48846
4.20587
4.42019
4.44067
4.34909
4.42699
3.97947
4.44241
4.14147
3.60621
4.14870
4.08835
4.37911
4.50244
4.40499
4.41792
4.36853
4.42205
4.45225
4.22443
4.36665
2.94292
4.25657
4.42316
4.44772
4.34980
3.95677
4.30575
4.23696
4.35178
4.50318
3.98501
3.83709
4.05801
4.27480
4.40221
3.72619
4.45898
2.55347
4.07252
4.28974
3.58102
4.36435
4.20290
4.43810
4.51529
4.06073
4.45752
4.20857
4.43756
4.39493
3.39715
4.41561
4.12846
4.45544
4.46950
4.30847
4.40147
4.22000
4.34614
4.42485
4.36478
4.37004
4.30576
4.38562
4.23939
4.18461
4.31285
4.15681
4.19238
3.91187
4.41888
3.69236
4.43450
4.47427
4.51409
4.19841
4.41900
4.34517
3.50778
4.40630
4.40620
4.13882
4.15317
4.45561
4.18176
3.92610
4.49700
4.41722
4.43508
4.31363
4.42600
4.38767
4.34982
4.19689
4.46326
4.38150
4.40625
2.03021
4.34417
4.47560
2.36531
4.34266
4.28103
4.00907
4.30702
4.12314
4.35692
4.37818
4.08171
4.40704
2.74589
4.13171
4.38189
4.46530
4.36863
4.52010
4.24835
4.48703
4.42755
4.47405
4.42036
3.33230
4.47400
4.40798
4.42343
4.29976
4.21325
3.79670
4.36779
3.82043
4.37804
4.36872
4.49189
4.05535
4.18047
4.36340
4.36854
4.33985
4.24169
4.36899
4.10100
3.89008
4.07430
4.47995
4.10239
4.25967
3.32999
4.37910
3.72656
3.99031
3.75811
4.40214
4.43714
4.47916
4.10750
3.13993
4.29096
4.39011
4.36442
4.33258
3.15344
4.44867
4.40507
3.96760
4.46945
4.07041
4.50582
4.43308
4.38799
4.30639
4.22857
4.51288
4.12057
4.43736
4.32112
4.24395
4.15819
4.36358
4.38269
4.30875
4.41677
4.30771
4.16668
4.51894
4.18829
4.41733
4.40460
4.42292
4.29606
4.38156
4.41627
4.26491
4.33478
4.30892
4.28740
4.04997
3.54271
4.33027
4.37447
4.27499
4.37093
4.42596
2.82775
4.48299
4.19594
4.49174
4.06676
4.31155
4.46987
4.27426
4.17437
4.43638
3.76478
4.29400
3.91004
4.08117
4.32345
4.45519
4.02900
2.42635
4.36968
4.44808
3.79068
4.05292
4.47844
4.42373
4.45216
4.37029
3.88652
3.77795
4.35223
2.54099
3.91241
4.44761
4.27197
4.34331
4.47560
4.27230
4.37413
4.45613
4.37169
4.43576
4.39537
4.23511
4.27156
4.43432
4.48971
4.47673
4.10316
4.35544
4.40644
4.17360
4.31546
4.49316
4.26257
4.18012
4.45087
3.05893
4.40265
4.42252
4.05957
4.39819
4.09816
4.28353
4.36781
4.25469
4.32374
4.39844
4.38913
4.28074
4.02970
4.16399
4.52500
4.45615
4.39732
4.30356
4.08571
4.31081
4.20670
4.49529
4.43359
4.33611
4.32127
4.05919
4.21278
3.65178
4.38123
3.78859
3.97370
4.44825
4.34589
4.32451
4.31342
4.45750
4.21078
4.46922
4.27585
2.91913
4.43775
4.29488
4.46826
4.45539
4.37233
4.08439
4.42217
4.19713
4.43367
4.46312
4.14503
4.21857
4.44148
4.44039
4.15729
4.47803
4.43533
3.03828
4.48377
4.02118
4.35236
4.47411
4.37176
4.31284
4.35227
3.95800
4.18253
4.42202
4.39252
4.18091
4.51686
4.46211
3.70085
4.41177
4.19618
4.42260
3.32896
4.34282
4.03016
3.77256
3.76126
4.28911
4.00406
4.17284
4.42029
3.93498
4.25872
4.23073
3.29733
4.48022
4.36767
4.39479
4.52685
4.29965
4.29683
4.23857
3.53362
3.13706
4.31970
4.39567
4.40133
3.78414
4.32487
4.19300
4.40170
4.40075
4.28365
4.42322
4.46793
4.41580
4.39065
3.90137
4.41216
4.49081
4.15139
4.25541
4.48194
4.42453
2.38727
4.49621
4.36455
4.04013
4.06095
4.41697
4.05878
4.41812
4.17149
4.48770
4.25994
3.74350
4.33275
4.38257
3.36353
4.47959
4.09528
4.39763
4.06375
4.42798
4.42456
4.42010
4.33986
4.32784
4.27300
4.34591
4.28885
4.45998
4.16772
4.38212
3.67259
4.25703
4.34846
4.45482
4.10977
2.64171
4.47516
3.70157
4.05190
4.33192
4.37752
4.34843
4.27532
4.44859
4.16746
3.30120
4.37166
4.45575
4.41564
4.35583
4.25770
4.42117
3.25668
4.05048
4.45577
4.16902
3.88700
3.85297
4.45344
4.39104
4.10383
4.35137
4.14527
4.27676
4.13212
4.35964
4.38393
4.32999
3.37368
4.21942
4.48693
3.17181
4.06541
4.47664
4.14967
4.08909
3.83446
4.35213
4.27721
4.22685
4.17171
4.24791
3.12955
4.14177
4.39716
4.35801
4.26526
4.43159
3.38895
4.46394
4.25351
4.30633
4.39892
4.30859
4.49417
3.83865
3.88688
4.41292
4.45343
3.80286
4.41266
4.27030
4.37481
4.04245
4.40667
4.47733
4.16829
4.22034
3.90909
4.40214
4.41308
4.11423
4.33514
3.64952
4.42679
3.92328
4.46536
4.33281
4.36249
4.47202
4.49315
4.23899
3.80605
4.09621
4.48263
4.32994
3.50487
3.52512
4.21958
4.10062
3.92176
4.28181
4.48805
4.25037
4.17580
4.42154
4.46323
4.23452
4.29982
4.39578
4.45059
4.49259
3.47899
3.94214
4.36833
4.34312
4.18758
4.43673
4.18533
3.96247
4.32074
4.30831
2.74558
4.44216
4.10810
4.13416
4.34226
3.68740
3.63838
4.39916
4.17939
4.18831
4.32422
4.37014
4.41375
4.26509
4.34135
4.38973
4.39048
3.71264
4.47731
3.73905
4.32373
4.33392
4.51772
4.22801
4.41288
4.43740
4.14648
4.45526
4.46335
4.41745
4.38984
4.27375
4.20398
3.01393
4.08062
4.30272
4.20148
4.39029
2.34199
4.04449
4.36136
4.37000
4.50763
4.34753
4.26912
4.07747
4.47149
3.92906
3.27259
4.44438
4.40728
4.39599
3.86836
4.37533
4.39458
4.08089
4.44549
4.16774
4.20415
4.31461
4.20542
3.79514
4.48301
4.31154
3.81308
4.35946
3.67232
4.49377
4.35847
4.43581
4.41618
4.14683
4.36434
4.26529
4.48593
2.95436
3.62645
4.46168
4.52670
4.40627
4.32010
4.27563
4.48148
4.30751
4.37999
4.39095
4.20696
4.42730
4.40075
4.12108
4.15307
4.08310
4.50936
3.74300
4.33906
4.36816
4.22342
4.25359
4.15674
4.18965
4.28301
4.38708
4.36522
3.73302
4.38307
4.05915
3.53664
4.47898
4.33552
2.60937
4.47575
4.20140
4.39973
1.92539
4.09520
4.40258
4.37661
4.40818
4.45489
4.25399
4.03595
4.31605
4.45067
4.27540
4.40213
4.22718
4.30150
4.46010
3.92577
4.35158
4.44664
4.12323
4.41300
4.27813
4.39836
4.36721
4.15138
4.50838
4.24058
3.77415
4.41740
4.49324
4.08800
3.99101
4.34313
4.37897
4.38494
4.48909
4.41982
4.46980
4.42833
4.42992
4.26753
4.28870
4.45511
4.23836
3.69111
4.39345
4.48477
4.33921
4.36558
4.45144
4.23501
4.36041
4.32528
3.84503
4.39846
4.34368
4.32681
4.33974
4.50200
2.59206
4.18538
4.45236
4.49361
4.38936
4.46200
3.79837
4.32944
3.99756
4.45481
4.40560
2.16757
4.43016
4.48551
4.30366
4.15230
4.10990
4.34946
4.43407
4.38994
3.57917
4.49579
4.38599
4.45155
4.45191
4.32054
4.41363
4.29110
4.20109
4.39696
4.29032
3.58133
4.38543
4.28134
4.25180
4.49584
3.14757
4.51386
4.38823
4.42474
4.23805
4.39107
4.20484
4.41494
4.46236
4.17893
4.38599
3.84128
4.32058
4.40525
4.38751
4.24003
4.29084
4.49329
4.38746
4.43631
3.98788
4.18677
4.41800
4.44544
3.66285
3.55759
4.20349
4.09089
4.49706
4.16973
4.49909
4.18951
4.41578
4.34007
4.52057
4.20054
4.45484
4.37415
4.26094
4.49494
4.38158
4.25715
4.27360
4.42114
4.46259
4.16329
4.16701
4.34449
4.46922
4.02405
4.42533
4.22986
4.39952
4.38600
4.19076
3.21697
4.23334
4.21839
4.44271
4.47953
4.07634
4.34910
3.92264
4.28512
4.21804
4.46354
3.65416
4.28531
4.00742
4.11555
4.41844
4.21145
4.08514
4.38877
4.27355
4.29074
4.13698
3.72468
4.02263
4.11571
4.48772
4.16870
4.41487
4.43503
4.33170
4.38575
4.11659
4.48930
4.21227
4.13178
4.29923
3.86187
4.39611
4.33995
4.40990
4.45694
4.34535
4.17934
4.07911
4.44493
4.41979
4.47821
4.35575
2.69656
3.72111
4.36688
4.44883
4.42778
4.49656
4.42613
4.14820
4.46731
4.08621
4.33731
4.37041
4.48655
4.22470
4.03163
4.49317
4.39548
4.03855
4.47998
4.42919
4.13811
4.53253
4.18810
4.14788
2.17714
4.29556
4.39214
4.40407
4.49504
4.42217
4.45615
4.35002
4.10325
4.47863
4.16290
4.40831
4.45437
4.31513
4.44016
4.45018
3.94476
4.32740
4.30105
1.96350
4.25929
3.18140
4.34037
4.42550
4.27286
4.25253
4.14147
4.31870
4.16372
4.37572
4.39882
2.67578
4.16954
4.25433
4.12872
4.23155
4.48894
3.76724
4.40975
4.25714
3.77766
4.17164
4.25777
4.50346
4.33488
4.47083
4.16344
4.36007
4.25511
4.22142
4.32738
4.32552
4.28292
4.27002
4.20816
4.45882
4.50586
4.51386
4.41024
4.28672
4.49623
4.18086
4.33124
2.64242
4.37649
4.43953
4.36279
4.44279
2.18662
4.06820
4.28094
4.45075
4.45537
4.19889
4.44846
3.89854
4.27078
3.07230
4.12264
4.27181
4.13476
4.40209
4.43993
4.50762
2.92981
4.39353
3.62753
4.23564
3.73995
4.18477
4.36070
4.33378
4.01186
4.17813
3.92632
4.12533
4.41337
3.42303
4.37563
4.42279
4.44000
3.58979
4.23612
4.20988
4.21404
4.22586
4.18848
4.37646
4.39105
4.36005
3.82354
3.43729
4.41142
4.27396
4.45654
4.39057
4.00751
4.43262
4.17379
4.32858
4.46595
3.83397
3.82119
4.36373
4.20031
4.44700
4.14947
4.49254
4.24716
4.32983
4.42334
4.32678
4.49717
4.40108
3.67614
4.51326
4.52089
3.97274
4.28822
4.40343
3.32803
4.44630
4.44169
4.37457
4.42489
4.34398
4.42320
3.09100
4.37701
4.23224
4.01532
4.42391
4.40162
4.02583
4.05201
4.50352
4.31921
4.48844
4.42468
3.86960
4.41446
4.50319
4.34859
4.29981
4.48172
4.14584
4.26290
4.45187
4.26318
4.16754
4.39938
4.49451
4.22479
4.21188
4.36971
4.35447
4.21268
4.48774
4.45442
4.24181
4.09013
2.62278
4.09215
4.40776
4.38942
4.31474
4.37654
3.69459
4.48063
4.38575
4.29904
4.30054
3.91128
4.38799
4.27884
4.30713
4.03203
3.96703
3.49478
4.41610
4.18248
4.39329
3.71680
4.09789
4.41918
4.45894
4.43689
4.30183
4.29952
4.17236
4.47945
4.18224
4.41214
4.43716
4.29803
4.35516
4.25082
4.34140
4.36597
3.55458
4.32586
4.30257
4.13306
4.28902
4.48968
4.46856
4.24856
4.36623
4.31292
3.20070
4.27088
4.17548
3.00866
4.35077
4.18992
4.20043
3.93528
4.42500
3.59677
4.16617
3.84618
4.37126
4.43965
4.37774
4.30866
4.32350
4.33449
4.47338
4.23817
3.98796
3.90907
4.10823
3.77440
4.37782
4.34902
4.45840
3.39818
4.04260
4.49073
4.46488
4.05735
3.38203
3.93596
4.38506
3.81745
4.48190
4.35197
4.06278
4.46761
4.47043
4.42054
4.53317
4.20583
2.85085
4.35810
4.44540
4.36383
4.43331
4.33511
3.82430
4.48756
4.46886
3.68746
4.43394
3.94330
4.38257
4.35430
4.09571
4.44098
3.68703
4.41139
2.74274
4.36738
3.38808
4.17002
4.34354
3.87032
4.45215
4.37696
4.44406
3.61725
4.30542
2.79601
4.44257
4.43202
4.27959
2.92191
4.47488
4.50615
4.34907
4.46733
4.13371
3.51079
2.85546
4.34729
4.46235
4.45039
4.44246
3.99767
4.38079
4.37881
4.16355
4.24231
2.62602
4.21173
4.16927
4.17662
4.48617
3.12827
3.93365
4.39893
4.18681
2.36290
4.49523
3.97604
4.15827
3.38666
4.34397
3.37649
4.23979
4.32760
4.47840
3.98969
4.49205
4.37651
4.28465
4.42527
4.33145
3.93955
4.45939
4.25896
4.18819
4.27975
4.43878
4.12515
3.94426
4.31084
4.32242
4.25940
4.38814
4.48372
4.44244
4.28465
4.39119
4.48021
4.38887
3.81509
4.33739
4.50329
4.15392
4.36845
4.41776
4.46457
4.16409
4.41115
4.41907
4.46232
4.14335
4.50205
4.45288
4.48502
4.43513
4.08859
4.40750
4.37087
4.44849
4.37351
4.27449
4.38160
4.45970
4.24674
4.26948
4.42383
4.17772
3.89029
4.12102
4.43292
3.83921
4.44952
4.38650
4.32159
4.46083
4.39845
4.03907
4.46143
4.39736
2.89998
4.40704
4.44896
2.88807
4.45852
4.01688
4.41520
4.10445
4.08023
3.58861
3.88532
4.23043
4.44752
4.45185
3.32023
4.17457
4.36352
4.35633
4.38455
4.50258
4.30345
4.38099
4.45724
4.45069
4.45236
4.13555
4.31252
4.33674
4.24230
4.11082
4.17706
1.99825
4.19333
4.49561
3.97876
4.04583
4.34536
4.05062
4.15193
3.77854
4.43988
4.44864
3.93785
4.08171
4.28036
4.48607
4.50132
4.06910
4.45505
4.39032
2.75542
4.49600
3.89235
4.40561
3.79236
4.32305
3.75206
3.66447
4.18613
4.17402
4.47867
4.26846
4.42398
4.43468
4.51199
4.31555
4.45132
4.36900
4.01906
3.22796
4.26750
4.45579
4.33510
4.32184
4.37416
4.40131
4.39271
4.28912
3.85674
4.21621
2.01575
4.05904
4.33350
4.19791
4.35687
4.35352
3.52530
4.43351
4.47364
4.20499
4.15040
4.42191
4.14499
3.82045
4.31329
4.46275
2.86763
3.77352
4.06677
4.46292
4.36447
4.27202
4.47703
4.40384
4.33433
4.20391
3.79803
4.34673
4.45731
4.36021
4.24964
4.10831
3.91266
4.21651
3.57787
4.46354
4.39068
4.45484
4.34961
4.46903
4.38924
4.31693
4.46097
3.92600
4.22138
4.41194
4.27756
4.50825
3.93757
4.33920
3.49225
4.47172
4.48771
4.22695
4.40181
4.31561
4.41886
4.40872
4.22874
4.13768
4.33710
4.31240
4.46970
4.30959
4.37100
4.41567
4.22112
3.94306
4.38366
4.16377
4.47469
4.42815
4.17434
4.07856
4.44499
4.37656
3.47890
4.39050
4.42320
4.44385
4.41632
4.32464
4.30870
4.47471
4.44672
3.84109
4.40771
4.44430
4.38586
4.44253
4.40780
4.42344
4.28555
4.07202
4.40043
3.93909
4.34564
4.49075
4.38490
4.34463
4.43693
4.28340
4.42905
4.42002
4.32206
4.43055
4.45735
3.80458
4.07946
4.45013
4.16415
4.16182
4.30037
4.39425
4.38696
3.63197
4.20873
4.04920
4.24646
4.32515
4.39381
4.50374
4.05836
4.32158
4.48147
4.46347
4.52377
3.86845
4.44212
4.24812
4.03590
3.98512
4.47011
4.41868
3.79637
4.36034
4.33794
3.41340
4.14468
4.37482
4.47514
4.48448
4.37547
4.48650
4.49565
4.02406
4.35153
4.37028
4.43619
4.15076
3.74156
4.50485
4.42077
4.43637
4.10744
4.41700
4.49513
4.13631
4.24996
4.52767
4.38410
4.30000
4.06434
4.48327
4.44082
4.32867
4.25645
4.46084
2.53999
4.20553
4.44220
4.18857
4.43893
4.49094
4.49630
4.32697
4.43979
4.49951
4.37688
2.77187
4.47629
4.40304
3.94887
4.26204
4.11544
4.29257
4.00744
4.49458
4.47023
4.38998
4.25319
4.43217
4.24337
4.46389
4.09158
4.51469
4.26838
3.69657
3.43115
4.48243
4.37499
3.92399
3.87629
4.40322
3.91911
3.68756
4.36906
3.36466
3.80737
4.41393
4.29708
4.22257
4.39877
4.15869
4.08384
4.34137
4.48743
4.05158
4.34274
4.40106
3.44881
4.32784
4.12154
4.44054
4.17030
3.52817
4.41792
3.82249
4.41712
4.27468
4.19108
4.28790
3.92703
4.31325
4.34583
4.32018
2.92814
4.07372
4.24638
2.31469
4.43860
3.77015
4.26034
4.25917
4.37836
4.26138
4.38325
4.23184
4.42294
4.35738
4.11796
3.89190
3.40790
4.34616
4.34964
4.35864
4.39180
3.78162
4.16575
4.32880
4.32100
3.47619
4.26928
4.28441
4.38318
4.24119
4.32162
4.24690
4.39128
4.40137
4.01337
3.73623
4.14943
3.63191
4.24716
4.25927
4.30784
4.34459
4.49928
2.71428
4.42955
4.34474
4.28850
4.52467
4.35242
3.41641
2.67858
4.34427
3.90389
4.19889
4.20604
4.25895
4.48287
1.46502
2.06716
4.22681
4.45905
4.43318
4.48050
4.42482
3.54749
4.28418
4.37916
4.18347
4.45871
4.34421
4.45682
4.23981
4.34991
4.29973
4.32617
4.19961
3.42918
4.42593
4.31180
4.13486
3.10346
4.15332
4.17479
3.22318
3.81952
4.36240
4.05298
4.35499
4.43388
4.42437
4.49891
4.39336
4.43830
4.39698
3.93625
4.36770
4.37418
4.37919
4.31269
3.39913
4.46864
3.20181
4.39215
4.03432
4.33901
4.32922
4.30596
4.39791
4.40951
4.35836
4.03928
4.27537
4.36307
3.47538
4.42152
4.34307
4.43246
4.42275
4.27528
4.48370
4.34125
4.42224
4.15117
4.16338
3.99505
4.08636
4.10484
4.36028
4.32620
4.41659
4.34580
4.33005
4.16348
4.34637
4.13044
4.41443
4.33759
4.33601
4.36217
4.41446
4.30186
4.28140
4.40556
3.84070
3.63392
3.51302
4.13553
4.26111
4.37579
4.50421
4.41222
4.42771
4.37890
4.45765
4.13898
3.18034
4.39275
4.06309
4.37970
4.26811
4.33205
4.45968
4.28995
4.47875
2.90139
3.20993
4.44111
3.96272
4.09284
4.30473
4.09970
4.41478
4.38794
4.47993
4.44882
4.45833
4.02310
4.00975
4.33187
3.30931
4.34518
4.46173
4.38179
4.42052
4.28319
4.41252
4.48054
4.41832
4.39738
3.90185
3.91912
4.45451
4.27612
4.16210
4.42824
3.93601
4.33342
4.30925
4.11536
4.32096
4.45249
4.09980
3.63037
4.24269
4.49432
4.44685
4.18463
4.47593
4.34503
4.50421
4.36020
3.31266
4.44515
3.66081
4.26227
4.40990
4.34863
4.10521
2.64892
4.25022
4.51407
4.39010
2.96199
4.50163
4.30740
3.97795
4.35218
4.32758
4.43903
4.31015
4.24946
3.77164
4.11504
4.30485
4.38103
4.48675
4.37171
3.70182
4.42454
4.16601
4.46841
4.47996
4.31254
2.86412
4.34115
4.31112
4.40688
4.32156
3.92705
3.93144
4.26232
2.68014
4.52130
4.12384
4.40710
4.48192
4.30333
4.35856
4.25387
4.07063
2.90074
4.05268
4.17276
2.72143
3.59269
4.39220
4.21455
4.42763
4.30520
4.34601
4.38513
4.10828
3.79851
4.44086
4.44033
4.38095
4.35473
4.48568
4.47075
4.50947
4.35694
3.31402
4.31588
3.96954
4.25556
4.31931
4.40421
4.35062
4.36443
4.26198
4.24589
4.40745
4.36132
4.34797
4.38379
4.27563
4.27281
3.65902
4.39666
4.35859
4.42241
4.43264
4.44033
4.45509
2.26678
4.49899
4.48508
4.12495
4.44761
4.50550
4.41688
4.45490
4.45614
4.10038
4.10999
4.37262
4.40315
4.18192
3.70708
4.45161
4.34142
4.32416
4.49685
4.36187
3.97900
4.47783
4.16884
4.22090
3.92485
3.64776
4.31571
4.42217
4.36676
1.50966
4.29557
4.30990
3.80811
4.40259
4.32762
3.82755
4.09091
4.45759
3.43587
4.17163
4.31923
4.42672
4.45017
3.98985
3.77762
4.40303
4.43612
4.18819
4.28224
4.13478
4.46576
4.47229
4.49258
4.49820
4.46877
4.35572
1.97982
4.11720
4.40444
4.03975
4.23477
4.01354
4.38726
4.24970
3.79532
3.29570
4.39150
4.42835
4.29734
4.21624
4.13021
4.34299
4.38314
4.23257
3.98283
3.83614
4.50197
4.35186
4.49860
3.56123
4.43986
3.89288
3.88263
4.51317
4.34209
4.48065
4.44924
4.25367
4.09997
4.20497
4.48052
4.49983
4.38626
2.29285
4.14961
4.41007
4.38490
4.24628
4.42229
4.22897
4.29402
4.38928
4.43452
4.45296
2.41632
4.45630
4.39400
4.19998
4.45876
4.29179
4.22779
4.32253
4.04673
4.50263
3.57073
4.34472
4.30362
4.52129
4.03036
4.47362
3.92933
4.33563
4.30079
2.69315
4.38072
4.22200
3.77863
2.98517
3.91245
2.97047
4.09759
4.53480
4.36050
4.36080
4.43626
4.31973
4.02553
4.03498
4.05998
2.84487
4.35117
4.35961
4.32129
4.35212
4.30374
4.24226
4.35335
4.39274
4.23188
4.46212
4.22286
3.60204
4.34504
4.46200
3.94689
4.44068
4.15352
4.43437
4.49631
4.42836
4.37275
4.06109
3.84201
3.53331
4.34361
4.47351
4.20656
4.37584
4.46002
4.40142
4.32712
4.45524
4.41518
4.36917
4.08200
4.13966
3.68636
4.43934
4.29501
4.46502
4.47028
4.45632
4.01321
3.78415
4.13613
4.46698
3.71851
4.25802
4.42430
4.43655
4.50181
4.39602
3.58345
4.33408
4.26950
3.78232
4.10848
4.41300
3.85291
4.41952
2.56176
4.44800
2.83571
4.42996
4.40587
4.26810
4.15333
4.47404
4.24438
4.45058
4.25620
4.23765
4.37780
4.13958
4.36158
4.31121
4.28267
4.33356
4.39154
4.48352
4.46018
2.49851
4.45144
4.37734
3.83160
3.36730
4.28734
4.38578
4.21967
4.40575
4.41926
4.13305
4.53457
3.15048
4.48985
4.43522
4.47566
3.87013
4.42167
4.29300
4.25355
4.19583
3.72447
4.42375
2.60206
4.11168
4.40495
4.46077
3.13953
4.52368
4.36158
3.83057
4.34072
4.40966
4.41968
2.81606
4.42280
4.38057
4.38322
4.50283
1.87754
4.21477
2.22119
3.63584
4.26103
4.40497
4.12765
4.41747
3.88517
4.40336
3.35918
3.07801
4.43548
4.32356
4.02021
2.13988
3.85908
3.91755
3.79469
4.45045
3.85440
4.50525
4.44892
3.80017
4.45587
4.31847
4.49866
4.04898
4.47800
4.48406
4.33973
4.07273
4.42173
4.44800
4.48421
4.00846
4.39424
4.44840
4.39427
4.40982
3.94795
4.34851
4.41960
4.28042
4.34606
4.33806
4.37220
4.05092
3.59809
4.26598
3.92540
3.10627
4.32987
4.23978
4.46628
4.37806
4.18557
4.36778
3.97201
4.32406
4.09899
4.27200
4.37260
4.34031
4.35737
4.31287
4.41583
4.31431
4.40694
4.19433
3.43917
4.01105
4.09417
4.25553
3.70962
3.68482
4.23146
4.45454
4.34909
4.31907
4.10328
4.44042
4.08595
4.24305
4.20046
4.32282
3.76889
4.46111
4.45312
4.32594
4.33322
4.47585
2.94509
4.39124
4.46801
4.38282
4.20787
4.49671
4.12906
3.26290
4.41065
4.16451
3.69221
4.32214
4.42135
3.87157
4.41767
4.21511
4.05840
4.21357
4.07644
3.93975
4.21958
4.44157
4.47254
4.14196
4.34006
3.74544
3.95673
4.51333
3.65313
4.44537
4.40220
4.45256
3.94492
4.21634
4.27573
4.47531
3.77396
4.37761
4.46479
4.44519
4.13047
4.38775
4.22715
4.21946
4.21237
3.91498
3.92405
4.50920
3.65932
4.00441
3.60581
4.39430
4.33998
4.48700
4.31742
4.44890
4.41880
4.35384
4.16333
4.40561
4.31327
4.36132
4.48905
4.22911
4.47262
4.15161
4.39336
4.34483
4.24344
4.45559
3.51220
4.39919
3.61149
4.34944
4.33092
4.19893
4.48695
4.39018
4.22730
4.46918
4.11482
4.50520
4.41809
4.21045
3.70491
4.51995
4.25650
4.19810
4.42143
4.39153
3.61904
4.17071
4.40820
4.49947
3.41211
4.39100
4.39683
3.81324
4.36887
4.39870
4.38233
4.41845
3.70915
4.33392
4.17574
3.78184
4.28859
4.11717
4.25097
3.42470
4.20745
4.03490
2.06799
3.81714
3.54797
4.38596
4.41341
4.15606
4.44257
4.31923
3.74494
4.41053
3.27409
3.38884
4.35913
3.98182
4.28075
4.35229
2.74936
4.38340
4.43759
4.32238
3.23093
4.17028
4.34222
2.97399
4.05736
3.28820
4.05248
4.26059
4.36392
3.38866
4.32338
4.39549
3.92876
4.38442
4.39045
4.39249
4.37882
4.33001
4.35652
4.40509
4.28216
4.42510
4.05511
2.34052
4.45618
3.41687
4.41338
4.40559
4.18521
3.27672
2.10713
4.47849
4.30498
3.90568
1.87579
4.28755
3.05819
4.47352
4.34136
4.39759
4.04191
4.25211
4.40548
3.26517
4.38954
4.28238
4.13170
4.32458
4.37237
4.44615
4.50280
3.98322
3.98877
4.31724
4.34544
4.32681
4.46459
4.36896
4.14251
4.22575
3.49166
4.50419
4.39148
4.49137
4.38606
4.16547
4.25362
4.41991
4.39601
3.91198
4.20991
3.61714
4.47583
4.30131
4.13300
4.47584
4.32914
4.46188
4.44186
4.39209
4.33945
4.01883
3.93373
4.39838
4.37670
4.32483
4.49785
4.45566
4.31141
4.29859
4.37815
4.32878
4.43756
4.11530
4.46522
4.21245
4.36369
4.34377
4.44738
4.37216
4.25887
4.27722
4.39245
4.44265
3.68016
4.41732
4.37519
4.45265
4.45804
4.40531
4.15279
4.36290
4.05226
4.46826
4.33343
4.12705
2.98871
4.43602
4.37247
4.40760
3.70140
4.43462
4.42843
4.20026
4.44462
4.35004
4.21180
4.37755
3.93568
4.16178
4.16685
4.38938
4.45342
4.32069
4.38917
4.28644
4.43862
2.83504
4.32610
4.19494
4.29030
4.35809
2.53968
4.27110
4.46258
4.45415
4.47895
4.32541
4.47764
4.39555
4.39302
4.39343
3.67040
3.75042
3.62778
3.07004
3.97350
4.16780
4.45998
4.45119
2.93507
4.42373
4.43447
4.40165
4.45229
4.29846
3.47894
4.24265
4.47396
4.01902
4.19756
3.45700
4.51653
4.32108
4.24076
4.13776
4.22172
4.39312
4.48882
4.29999
4.47439
4.47397
4.24134
4.44680
4.39641
3.91105
3.21025
4.39113
4.19972
3.17668
4.48776
4.44648
2.52855
3.88078
4.43525
4.36440
4.36299
4.21706
4.23644
3.99202
4.43137
4.18068
4.36601
3.52816
4.31587
4.30425
4.20001
4.47114
3.62008
3.71564
4.51784
4.41245
4.36619
4.31032
4.23309
4.34915
4.35871
4.41586
3.44999
4.08229
3.75804
2.48771
4.40104
4.38376
4.41034
4.19180
4.32729
2.78317
4.43282
4.41941
4.34925
4.08940
3.69521
4.14573
3.14021
2.30860
4.23027
3.84262
3.86171
4.30486
3.22484
4.29133
4.37611
4.46403
4.35816
3.83356
3.73694
4.46130
4.16320
4.49875
4.21851
4.26229
3.80581
4.37766
4.36683
3.99823
3.98528
3.61783
4.35237
4.04461
3.82118
3.91231
4.32372
4.20439
4.33876
4.40687
4.35062
4.49851
4.42943
4.08561
3.48989
3.86011
4.41288
4.31168
3.13210
4.35637
4.37877
4.43795
4.07644
4.46469
4.30960
4.45893
4.37446
4.38779
4.07465
4.33061
4.38385
4.47391
4.31048
4.49817
4.41638
4.30900
4.36206
4.26467
4.03460
4.20103
4.47485
4.43649
4.36267
4.49484
4.37725
4.20280
3.97116
4.42197
3.91092
3.20872
4.19384
4.21973
4.28918
4.50218
4.44257
4.43037
4.46787
4.27167
4.22137
4.32603
4.32517
4.29977
4.31143
4.44114
4.48375
4.43809
4.37347
3.96375
3.53547
3.96374
4.25890
4.46386
4.36420
4.07784
4.38682
4.40188
3.38848
4.46967
4.29031
4.33265
2.90268
4.42222
3.78819
4.31260
4.30567
3.17412
4.20159
4.19999
3.92988
1.91306
4.37502
4.45965
3.86935
4.41983
4.37511
4.06376
4.47172
3.75584
4.38484
4.49698
4.40304
3.54555
4.36783
4.29835
4.36674
4.26271
4.14726
4.38306
4.36017
4.26607
4.43391
4.10210
3.71683
4.37116
4.47146
4.32541
2.58542
4.39094
4.37905
2.06145
4.48029
3.88606
4.23257
2.97369
3.78604
4.26156
4.32524
4.43661
3.57832
4.41986
4.30071
4.33032
4.43410
3.83736
4.36287
3.22200
4.44956
4.48041
4.21266
4.20440
4.38887
4.39961
4.06844
4.40721
4.10676
3.90336
3.73008
3.73830
4.46638
4.39954
4.36255
4.45720
3.68807
4.39968
4.39520
4.23025
4.41237
4.47841
4.49746
3.86262
4.32489
4.36911
4.38708
4.44623
4.44271
4.33684
3.98376
4.48099
4.47886
3.67690
4.45912
4.33535
4.47148
4.35220
4.38041
4.42560
4.12510
4.14871
4.39129
3.94759
4.30897
4.40859
3.71648
4.07736
4.37936
2.85711
4.27244
4.29779
3.76767
4.41037
4.30905
4.50383
3.04193
4.11677
3.80934
4.17735
4.51234
3.39386
3.96832
4.43896
4.30804
4.29155
3.46248
2.36818
4.26444
4.48605
4.23830
3.95725
4.44685
4.21829
4.00326
4.33182
4.21513
4.00797
4.24899
4.37246
4.38523
4.48761
4.51745
3.30866
2.35875
4.18030
3.99313
4.40060
4.34499
4.44053
3.99303
4.35792
4.06967
3.75750
4.31035
4.12467
4.04393
4.31647
4.51222
4.46558
2.89252
4.42296
4.44555
4.24978
3.88212
3.33397
4.30328
4.29542
4.29249
4.28569
4.16744
3.24006
4.40215
4.14523
4.41402
4.09338
4.28945
4.48640
4.25616
4.39788
3.91747
4.30894
4.40399
4.43441
4.38239
4.39182
4.43824
4.02719
4.16861
4.36806
4.14978
4.17228
4.45014
4.48371
4.23561
4.38782
4.34470
4.21530
4.44929
4.39279
4.18637
4.48064
3.96107
4.10667
4.45807
4.00275
2.90397
4.28421
4.41446
3.90400
4.44953
4.44504
3.80610
4.20646
4.29719
4.48442
4.20013
3.94900
3.86484
4.00135
4.27864
4.06536
4.41671
4.34894
4.49461
3.81816
3.75672
4.38343
4.48030
4.23314
4.50077
4.50288
4.42832
4.04041
4.39100
4.13723
4.35951
4.42963
4.50454
4.32695
4.10453
4.41781
4.03771
4.22357
3.36171
4.43671
3.89143
4.18869
4.42903
3.61460
4.35380
4.10854
4.27475
4.13666
4.43969
4.45750
3.07526
4.20480
4.48148
4.19820
4.42062
4.47892
4.34186
4.44190
4.30642
4.33307
4.43256
4.26802
3.95765
4.04311
4.40829
4.27064
4.30396
4.39221
3.94179
4.28244
4.11558
4.45854
4.18333
4.40040
3.30126
4.41890
3.83318
4.28019
4.35774
4.34295
4.45375
4.35677
3.80116
3.80007
4.06413
3.94112
4.16859
3.41074
4.44407
4.48112
3.47438
4.45790
4.44451
4.44302
4.06505
4.37143
4.13064
4.25065
4.34506
3.73410
4.37625
4.43022
4.45759
4.17109
4.25246
3.87374
4.51460
4.44857
4.10610
2.94977
4.33326
3.91026
3.23898
3.95379
4.40073
4.32655
4.30106
4.20337
3.90802
3.78400
4.26780
4.35934
4.42606
3.78076
4.49241
3.99327
3.89513
4.41002
4.32658
4.27815
4.37818
4.35998
4.41935
3.66849
4.44618
4.37253
2.29913
4.44095
4.43214
4.36232
4.47670
4.27672
4.49479
4.45549
4.29077
4.45443
3.97043
4.47160
4.50329
4.28578
4.19766
4.21923
4.29326
4.30803
4.24603
4.21322
4.01432
4.49989
4.42391
4.40897
4.20783
3.82822
4.45179
4.43904
4.47599
4.53935
4.25219
4.49434
4.36315
4.42307
4.46821
4.06930
4.48143
4.40524
4.48461
4.42613
2.62834
4.42849
4.21822
3.77861
3.68130
4.18936
4.22890
4.45700
4.38870
4.34086
3.92833
4.24536
4.22549
4.46031
3.84653
4.41640
4.43050
4.39257
4.13239
4.43945
4.12320
3.85599
4.17610
3.70680
4.33200
4.43277
4.31384
3.91053
2.88631
3.53491
4.21523
4.43020
3.28101
4.32555
4.22272
4.50279
4.31492
4.42953
4.31234
4.40199
4.44233
4.23702
3.79165
4.36999
4.46480
4.45001
4.44530
4.45515
4.06186
4.40480
3.87998
4.46478
4.47178
4.39559
3.50256
3.99465
3.78882
4.05741
4.48886
3.96141
4.24081
4.42380
4.32877
4.49346
4.17096
4.22188
4.43823
4.50195
4.40113
4.23855
3.73449
4.12008
4.46926
3.86141
3.77887
4.33221
4.43743
4.37977
4.22037
3.73825
4.25528
4.45814
3.98296
4.32010
4.40888
3.68683
4.52725
4.28403
4.43045
4.47690
4.39172
4.44351
4.42729
4.41643
4.17819
4.41327
4.43063
4.47775
4.39410
3.55738
3.74135
4.02959
4.26875
4.45986
4.44095
4.43199
3.77431
4.47585
4.50862
4.17624
4.22125
3.82291
2.73701
4.14644
4.49970
4.46960
4.44245
4.06891
4.30906
4.22895
3.22078
4.47348
4.31358
2.01880
4.30289
4.32601
4.46118
4.44725
4.15625
4.38008
4.02232
4.46239
4.02725
4.24656
4.38808
4.36353
4.28042
4.17723
4.42672
4.50394
2.90661
4.02095
4.13634
4.31792
4.42178
4.32530
3.83858
4.46372
4.16844
4.09985
3.87088
4.49065
4.50046
4.31456
4.44149
4.44571
3.96822
4.45925
4.36881
3.49829
3.73588
4.49969
4.38305
4.09347
4.43379
4.44121
4.35875
4.14620
4.38107
4.37562
4.30340
4.39169
3.97687
3.93498
3.91805
4.19180
4.47716
4.10522
3.90482
4.45540
4.41937
3.74217
3.70396
2.20072
4.41953
4.46136
4.42153
4.41334
4.32456
3.96646
4.41976
4.44809
4.31597
4.06768
4.45678
3.86735
4.44434
4.19411
3.69749
4.38770
4.45030
2.87027
4.41176
4.30484
2.46529
4.42980
3.86286
4.48833
4.35166
2.45585
4.50506
4.36578
2.94639
4.44074
3.59808
4.25037
3.98027
4.14566
3.90669
4.48069
4.38572
4.28737
4.30988
4.33660
4.39752
2.60956
3.41183
4.40486
4.48313
3.87962
4.17215
4.42072
3.92441
3.30157
4.31376
4.00230
3.23747
4.46778
4.29212
4.34013
4.36193
4.45198
3.85899
4.38910
4.37853
4.40886
4.46396
4.34527
2.86296
4.39159
4.44164
4.45008
4.34785
4.48391
4.48373
4.47883
4.10991
4.44835
4.48032
4.21280
4.36686
4.29539
4.34469
4.31924
4.35028
4.46210
3.84795
4.46497
4.41487
4.29985
4.13928
4.38100
4.01932
4.41995
4.30116
4.21535
4.43587
4.35774
4.49934
4.50177
2.02432
4.32936
3.68372
4.41437
4.51528
4.41236
4.45380
4.49867
4.46190
4.28435
3.02878
4.30815
3.95259
4.38431
4.24798
4.42811
4.50431
4.42058
3.86769
4.47371
4.49833
4.45658
3.91754
4.44112
3.63999
4.44328
4.12584
4.37041
2.29061
4.41634
4.51906
3.83078
3.50364
3.80632
1.56309
2.20847
4.43605
4.37826
4.47713
4.39980
4.43780
2.92702
4.09280
4.27757
4.45124
4.25258
3.83709
4.15890
4.11559
4.03668
4.47753
4.51513
4.37781
4.22572
4.00208
4.40366
4.21077
4.38784
4.38115
3.84075
4.50203
4.40053
4.39176
4.47752
4.31267
4.23336
4.21278
3.41251
4.03495
4.42594
4.09874
4.37207
4.46013
4.29250
3.80014
4.10699
4.26199
4.52721
4.36893
4.48885
4.15784
4.48952
4.22366
4.35863
4.36790
4.47423
4.48818
4.48397
4.20672
4.06361
3.68789
4.34437
4.16882
3.68562
4.10421
4.45158
2.48401
4.53514
4.21962
4.43794
4.44715
4.32630
3.85855
4.47745
4.40327
4.29684
4.42506
4.46416
4.38366
4.12354
4.06023
3.92321
4.45787
4.01379
4.46774
4.30827
3.48573
4.41292
4.37876
4.03566
4.21548
4.43863
4.26651
4.07999
4.23228
4.48160
4.35682
4.31158
4.34999
3.91406
4.39524
4.38834
3.06600
3.93735
4.41710
4.45814
4.05693
4.17385
4.45734
4.43045
4.25777
2.78024
4.36504
4.46102
3.97924
4.42982
4.31614
3.85402
4.49907
4.51611
4.39653
4.01448
4.32694
4.38591
4.35094
4.44212
3.86128
4.31790
4.29429
4.18768
4.21119
4.14042
4.32314
4.37211
4.45193
4.30717
4.51632
4.42776
4.40161
4.40701
4.20462
4.08397
4.35870
3.83477
4.04124
4.45615
4.17932
4.03928
4.44890
3.98047
4.01874
4.50612
4.29007
3.44428
4.17894
4.36712
4.33723
4.25972
4.40288
4.39776
4.02407
4.18202
3.54772
4.39133
4.31165
4.31739
2.66746
4.30447
4.47438
4.49417
4.30855
4.07672
3.77843
4.33610
4.43462
3.84705
3.80410
4.46678
4.06233
4.22826
4.07871
3.70276
4.27709
4.34941
4.46899
4.31460
4.26971
4.45214
4.38985
4.27135
4.43817
4.46977
4.29325
4.48158
4.24684
4.14457
4.47427
4.49373
4.02929
3.94715
4.18742
4.01909
4.48285
4.33238
4.22236
4.15590
4.29342
3.79926
4.17414
4.22701
4.46841
4.47779
4.26155
3.92783
4.29652
2.36137
4.23613
2.23849
4.33931
4.40179
4.40371
3.45293
4.23183
4.07889
1.77719
4.40747
4.38375
4.07699
4.39296
4.34744
4.44157
3.59769
4.20542
4.49233
4.36246
3.93651
4.31118
4.47142
4.34979
4.45485
3.79498
4.34345
4.31876
4.33841
4.48863
4.40380
4.26212
4.33099
4.45507
4.48083
3.40525
3.95750
4.46402
4.37976
4.30020
4.36995
4.33360
4.46245
3.80261
4.46842
4.39198
4.44618
4.45360
3.69215
4.41365
4.48408
4.26051
4.32976
4.34227
3.99764
4.27631
4.29601
3.81793
4.38268
4.52450
4.32807
4.31271
4.47384
4.09930
4.32340
4.34357
1.77990
4.46026
4.36738
4.30088
3.25926
3.20209
4.19729
4.48705
4.34553
4.36279
3.78934
1.73845
4.44242
4.33545
3.28514
4.04006
4.38821
4.26653
4.28436
4.33738
4.33282
3.74749
3.45003
4.15931
4.40683
4.12361
4.26206
4.14172
4.41014
4.36815
3.82975
4.41734
3.71599
4.49509
4.41926
4.37914
4.19230
4.42725
4.26328
4.23568
4.37256
4.41658
3.99536
4.42199
4.17999
4.28492
4.26030
3.25592
4.39398
4.43318
4.41508
4.31980
4.32243
3.96561
4.42139
4.46669
4.43336
4.44532
4.45218
3.84061
4.28745
4.18874
4.06847
4.25946
4.44791
4.42544
3.77470
3.96894
4.45268
4.40787
4.47723
4.39103
4.47254
4.48846
4.33884
4.29092
4.39983
4.46654
4.48338
4.49810
4.46496
4.46351
4.01546
4.06023
2.83811
4.43679
4.20172
4.15907
3.13159
4.29684
4.20003
3.98773
3.49051
4.36635
4.40177
4.02065
4.36461
4.10869
4.42114
4.19923
4.36029
4.11499
3.77921
3.58349
4.38224
3.45162
4.36148
4.23999
4.12360
4.29220
4.52063
4.50929
4.43861
4.23274
4.46667
4.29136
4.46488
3.96608
4.25494
4.36932
4.39646
4.35775
4.47140
4.36365
3.85774
4.32466
4.17526
4.37397
3.99515
4.33296
4.26080
4.41241
4.37799
4.26122
3.85390
4.30089
4.37111
4.46414
4.08904
3.44282
3.23459
4.26129
4.04727
4.19550
4.30757
4.28304
4.40505
4.37474
1.99404
4.42206
3.99043
4.32121
4.20639
4.36226
4.29311
4.23695
4.46028
4.37098
4.36609
4.42983
3.96900
2.39100
3.36767
4.18328
4.51100
4.35315
4.36146
4.34231
4.34569
4.49233
4.01380
4.24490
4.44217
4.22890
4.25372
4.02997
4.46898
4.16066
4.06876
2.95319
4.54647
4.45940
4.15740
3.99743
4.47271
4.15814
4.29701
4.23608
4.38136
4.47099
4.12734
4.45907
4.15242
4.46074
4.43492
4.40130
3.78568
4.35266
4.47121
4.36434
3.75418
4.40069
4.37578
4.49947
4.38913
3.79274
4.39664
4.15185
4.30049
4.31953
4.39457
4.50276
4.38226
3.92234
2.80948
4.19184
4.30896
3.89821
4.44475
4.44730
3.78682
4.16010
2.33063
4.15681
3.48205
4.22589
3.93492
4.39618
4.41985
3.59135
4.11761
4.00226
4.46759
4.37022
4.17016
4.43672
3.88955
4.41363
4.00144
4.37663
4.03059
4.47185
4.34958
4.29391
4.28943
4.40337
4.22776
4.21595
4.23167
4.18175
3.98080
4.09857
4.45908
4.28483
4.07839
4.29216
3.15310
4.49074
4.45892
4.36354
4.48868
4.51978
4.20313
4.42718
4.31469
4.42719
4.43411
3.99759
4.09904
4.43130
2.53072
4.45278
4.42819
3.30348
4.45821
3.64222
4.23829
4.43541
3.47826
4.37208
4.15430
4.29166
3.69797
4.34491
4.08767
3.80480
4.12816
3.81519
4.22211
4.33754
4.25085
4.49824
3.84554
4.48195
4.40671
4.32911
4.37446
4.38831
3.06576
4.43326
4.28579
4.22345
4.39638
4.45690
4.49813
4.44533
2.96893
3.77837
3.71409
4.06497
4.43433
3.82826
4.27411
4.41194
4.00724
3.79424
2.98636
3.98530
3.93057
4.38992
3.99847
4.34997
4.41117
4.26188
2.64452
4.44879
4.07752
3.78051
4.41724
4.22504
4.47131
4.46217
4.19530
4.50956
3.65327
4.38489
3.53448
3.15394
3.95985
4.32958
3.86052
4.40971
4.36978
4.43487
4.38375
4.34926
4.07247
4.21827
4.44565
4.49506
4.39274
4.39117
4.43039
4.36960
4.38393
4.43713
4.12277
4.27319
4.13988
4.47427
4.46829
1.40417
4.50899
4.43868
4.22545
4.46734
4.31860
4.47697
4.07203
4.41763
4.35762
4.22731
4.38466
4.43962
4.27880
4.37048
4.17808
4.14767
4.19492
4.06896
4.43841
2.83280
4.29321
4.32685
4.48263
3.97164
4.38092
4.46308
4.38533
4.46574
4.25714
4.41871
4.48261
4.45068
3.91774
4.47798
4.48381
4.29451
4.20541
3.88646
3.78394
4.43708
3.47981
4.42457
4.30340
4.39123
4.47774
4.19773
3.80485
4.34032
4.43495
4.30279
3.62729
3.72592
4.38350
4.32468
4.42899
4.34324
4.44400
4.31283
4.33712
4.47171
3.40456
4.37093
3.84837
3.92198
3.91081
3.36056
3.01270
1.77063
4.48599
4.46999
4.34926
4.29347
4.28705
4.37084
3.56776
3.12470
4.28796
4.47337
4.21132
4.31930
4.45179
4.44945
3.21176
4.17274
4.38702
4.38847
4.46906
4.31287
4.02529
1.80516
4.30633
3.09849
4.45634
3.85046
4.49629
4.10022
3.61344
3.60732
4.40770
4.13125
4.47489
4.42940
4.47624
4.45595
3.95763
4.44763
4.10400
4.40166
4.07313
4.42791
2.49385
3.01394
4.42912
3.39166
4.26661
4.43387
3.79245
4.44818
4.27460
4.42161
4.48225
4.38087
4.33165
4.38277
4.32460
4.03994
4.01651
2.76123
4.42480
4.43379
4.46565
4.38345
4.46793
2.67323
3.77749
4.25907
4.36786
4.33923
4.00167
4.50373
3.53124
3.95927
4.16614
4.38940
3.31550
3.94461
4.46676
4.42063
4.21920
4.21793
3.98034
4.48984
4.33061
4.32622
4.18274
4.43699
3.66059
4.48804
4.31948
4.45704
4.20327
4.24023
4.45590
3.97298
4.30903
4.32718
4.42939
4.18217
4.41318
4.25808
3.58474
4.47377
4.48738
4.45266
4.36292
3.02172
4.23399
4.38954
4.37748
4.41491
2.86251
3.07736
4.37935
4.35741
3.96044
4.29213
4.43139
4.51342
3.90475
2.34694
4.46857
4.25445
4.30721
4.45350
4.42386
4.32926
4.50524
4.48870
4.39042
4.43246
4.46618
4.14063
4.37015
4.06891
4.40096
4.32578
4.28870
4.26704
4.23079
4.47117
3.59687
4.36519
4.41000
4.18578
4.43552
4.29284
4.35275
4.49337
4.48088
3.58750
4.39232
3.31316
4.21929
4.41028
4.41787
4.37651
4.28866
3.86570
3.90506
2.74976
4.28833
4.35580
4.48075
4.13417
4.46963
3.95840
4.51881
3.52602
4.06158
3.00126
4.51520
4.50598
4.25224
3.47688
4.27925
4.30727
4.47173
4.32455
2.64558
4.15325
3.93807
2.87435
4.45732
4.36045
4.42519
4.37946
4.51132
4.27163
4.09646
3.44202
3.06351
3.81359
4.33813
4.46857
4.00155
3.88109
4.17962
4.47895
4.47392
4.48058
4.43291
3.71523
4.19844
3.81219
2.50081
4.47578
4.41551
4.38408
4.37999
4.44987
4.33858
3.92932
4.01164
2.48333
4.04953
3.86550
4.41767
3.64260
4.17673
3.85358
2.76842
3.63541
4.37627
4.43066
4.25126
4.12066
4.07657
4.04202
3.73386
3.99117
4.25419
4.43857
4.33737
4.33372
4.44272
3.71156
4.04467
4.43795
4.45649
2.24983
4.44398
3.13572
4.47970
4.21792
3.94150
4.13109
4.13357
4.05959
4.43859
4.46152
4.08666
4.34577
4.03125
4.31381
3.72229
4.51725
4.35940
4.21565
3.98566
4.44079
4.46697
4.11043
4.44530
3.97055
4.47591
4.40094
4.34652
4.33350
4.19525
4.40089
4.32680
4.37508
3.94599
4.27714
4.46647
2.74624
4.50927
3.87292
4.39950
3.21150
3.95628
4.40414
4.42420
4.41451
4.42811
3.99307
4.46319
4.32101
4.40820
4.41449
3.93287
4.23072
4.09914
4.37198
4.09952
3.00010
4.08898
4.46081
3.15830
4.33049
4.45567
4.35278
3.08025
4.19868
4.38029
4.28138
3.98964
4.25855
4.43083
4.27401
4.10993
2.92166
4.39804
4.47457
4.37427
4.49702
4.50984
4.42733
4.36343
4.46224
4.41560
4.47290
4.48294
4.43752
3.85069
4.41078
4.27971
4.14181
3.92963
4.30190
4.47153
4.51701
4.37906
4.41644
4.44660
4.42742
4.50091
4.42128
3.79182
4.34829
4.05969
4.43079
4.29546
4.27001
4.26191
4.50796
4.09696
4.48349
3.16440
2.47491
4.28739
4.27704
4.38505
4.10298
4.25235
4.37817
4.27461
4.47967
4.44028
4.12621
4.30035
3.86771
4.42754
4.33154
3.63851
4.35415
4.31506
4.42251
4.19183
4.31416
4.40724
4.41144
4.16603
3.89636
4.33810
3.89899
4.47339
4.50538
4.42237
3.94083
4.38969
3.44159
4.26795
3.90291
4.31894
3.63765
3.26615
4.37504
4.31660
3.86541
3.82158
4.47635
4.41966
4.06452
4.18929
4.07740
4.48074
4.46749
4.43853
4.31423
4.30437
4.22737
4.47851
3.93774
4.37285
4.33382
4.33664
4.45396
3.80075
4.39645
2.93709
4.37575
4.41784
4.23914
4.43082
3.88585
2.43321
4.08829
3.10781
4.39723
4.18737
4.15412
4.24203
4.21429
4.22177
3.97922
4.03539
4.45911
4.45813
4.40569
3.02464
4.20826
4.35225
3.87003
4.34928
4.33300
4.05370
4.42717
4.04097
4.30587
4.23034
4.20538
4.36932
3.94322
4.45168
4.47377
4.19949
3.42299
4.38408
4.37099
4.44392
4.33502
4.23763
3.92157
3.07913
4.45369
3.53254
4.35658
4.27111
4.46391
4.39602
4.40858
4.40496
4.35255
4.17768
4.24318
4.22234
4.36342
4.39924
4.45752
2.28947
4.33801
4.34220
2.90460
4.50732
4.34531
4.32207
4.06708
4.24516
4.46035
4.42656
4.37350
4.19357
4.05822
4.12167
4.26936
4.48516
3.74076
4.26202
4.26476
4.43690
4.51954
4.49013
2.66900
4.19744
3.87504
4.48868
4.45535
4.06211
4.11190
4.13975
3.75147
4.43254
4.49295
4.04877
4.35821
4.36123
4.38867
4.44353
3.93287
4.47598
4.44127
4.37134
4.44819
4.07804
4.39246
3.96726
4.37962
4.29179
4.37818
4.02806
4.39456
3.99467
4.35126
4.43444
4.19839
4.47507
4.29435
3.70948
3.92919
4.31414
4.44019
4.34004
4.13646
4.41910
4.13818
4.07113
4.27346
3.92467
4.15509
4.37108
3.91722
4.42922
4.39523
4.33197
4.39255
3.87495
3.11231
4.51382
4.39154
3.95206
3.52272
3.97136
4.54379
4.35756
4.28374
4.24296
4.50382
4.47882
4.14289
4.07904
3.86240
4.28772
4.39862
3.34792
4.41709
4.41978
4.39665
4.35791
3.73521
4.20079
4.36415
4.39493
4.15067
4.33465
4.17970
4.46329
4.02286
4.34754
4.25157
4.10308
4.01627
3.52282
4.40253
4.41532
4.38233
3.74570
4.42462
4.25330
4.02582
4.05301
4.15690
4.38953
4.47704
4.42066
4.43420
4.45693
4.21807
3.38168
4.48245
4.23493
4.49921
4.24013
4.00723
4.48932
4.42999
3.98237
3.78926
4.30070
4.42620
4.37712
4.23770
4.52390
4.10512
4.37470
4.16135
4.33579
2.82860
4.25973
4.32796
3.69785
4.18362
4.40734
3.46474
4.09673
4.29156
4.34612
4.29138
2.93525
4.39015
4.41777
4.38306
4.41929
3.92789
4.45805
4.47727
4.43883
4.44078
3.87941
4.43085
4.27373
4.47930
2.02787
4.49151
4.05719
3.48393
4.15521
3.67094
4.21924
1.44825
3.72374
4.21474
4.35602
4.31271
4.45073
4.38841
3.94034
4.32777
4.48300
4.33916
4.19992
4.50439
4.31961
4.23266
4.29447
4.02956
4.21530
3.82125
4.46685
4.38194
4.23457
4.39857
3.81254
2.42155
4.36625
4.41145
3.69528
4.29659
2.05663
4.47213
4.43013
3.91415
4.40363
3.79919
4.20742
3.88986
4.44976
4.35921
4.28908
4.35579
2.71126
4.28906
4.19184
3.85042
4.01406
4.40989
3.85618
4.43660
4.07737
4.36355
4.46123
4.09760
3.77151
4.04588
4.06768
4.27503
4.50637
4.18796
4.21841
4.05883
4.39299
4.47512
3.83458
4.35764
4.36035
4.45507
4.15610
4.26953
4.29736
4.28853
4.05541
4.43789
3.19540
4.37320
2.85054
4.43930
3.51753
4.41880
4.33502
4.29012
2.44546
4.14446
4.46412
4.25859
3.29744
4.35761
4.16565
2.29783
4.50812
4.36471
3.34747
4.23538
4.14608
4.45113
4.34115
4.47793
3.70381
4.34886
4.42518
4.24587
4.36546
4.38360
3.40552
4.29719
4.06408
4.33578
4.35373
4.36606
3.86913
4.47573
3.94057
4.33223
4.04377
4.27367
4.45486
4.19923
3.34687
3.67342
4.07409
4.43796
4.32187
3.32778
2.87378
4.41296
4.27536
3.90842
4.46724
4.35946
4.41538
4.40588
4.35074
4.31020
4.35573
4.40092
4.12111
4.35357
4.46911
2.77678
4.18297
4.22821
4.39111
3.91127
4.27329
4.40352
4.19612
4.16252
4.48661
4.39938
3.67583
4.24847
4.39053
4.39278
1.67352
4.31021
4.40203
4.27833
3.95207
4.16143
4.42513
3.91453
4.28766
4.35113
3.82922
4.45678
4.27516
4.49489
4.36270
3.46413
4.14231
4.42545
4.42191
4.16539
3.97618
4.15150
4.46108
3.81549
4.38405
4.31396
3.47908
4.28097
4.10444
3.72909
3.70259
4.46275
4.13175
4.24616
4.48685
3.54410
4.47977
4.02309
4.39615
3.94962
4.18743
4.45131
4.29920
4.38981
4.40779
3.64445
4.42801
4.48917
3.54019
4.35366
4.43029
4.37207
4.30505
3.82397
4.35125
4.43276
3.79850
4.37354
4.20651
4.39039
2.30605
3.98902
2.10558
4.48406
2.86462
4.45840
4.27562
4.09601
4.40448
3.58552
4.26798
4.46744
4.10992
4.28077
4.52363
4.40718
3.90466
4.40578
4.17620
4.36962
4.48281
4.39160
4.26308
4.19033
4.20752
4.46029
4.18600
4.31332
4.28497
4.23486
4.46144
4.04845
4.45591
4.41280
4.31965
4.28812
4.50318
4.05241
4.16150
4.16541
4.00768
4.50772
4.14100
4.49269
4.05865
4.28726
4.30404
4.49245
3.32267
4.36617
4.35162
4.44036
3.93630
4.21261
4.42350
4.43856
4.13868
4.45273
4.42357
2.35297
4.17537
4.34723
2.44233
3.99164
4.47312
2.60090
4.48865
4.45549
4.41554
4.43651
4.39349
4.34541
4.19307
4.21794
4.42591
4.05389
4.28950
4.39746
4.51246
4.41689
4.46367
4.35167
4.48925
4.20903
4.20557
4.39197
4.16856
1.66419
4.41796
4.10562
4.30298
3.71190
4.31083
4.37476
4.31041
4.32424
3.57372
4.01919
4.27888
4.44448
4.29772
4.40653
4.45289
4.43316
4.32476
4.49228
3.73837
4.37478
4.38059
4.01426
4.23839
3.86044
3.82426
2.94513
3.68242
2.18482
4.38046
4.50522
3.06898
4.16159
4.42214
4.42775
4.43092
4.36472
4.48641
4.45725
4.44248
4.27106
4.11722
4.25504
4.31784
4.36611
4.28479
4.36715
4.15482
4.45846
4.47832
4.41232
4.45057
4.45739
4.36091
3.52358
3.79214
4.44364
4.36070
4.49794
3.97738
4.15719
3.81357
3.98390
4.02042
4.37207
3.41625
3.75447
4.06344
4.21137
4.41580
4.25254
3.42037
3.65027
4.37196
3.58489
4.32795
4.43097
4.17569
3.43715
4.39811
3.95474
4.43829
4.22053
4.44249
4.45674
4.15837
3.91966
4.14962
4.46412
4.45786
4.36364
4.47592
2.63875
4.43060
4.30115
3.99090
4.23971
4.40773
3.90361
4.35804
4.23937
4.22116
3.05608
3.83555
4.24958
4.37991
4.32289
4.25346
3.34953
3.85993
4.49256
4.34002
1.95159
4.49960
3.97700
4.39938
4.46138
4.27637
4.16980
4.50223
4.15011
4.38621
4.47247
4.44137
4.32801
4.38644
4.47167
4.49956
3.77901
4.08437
4.39972
4.34033
4.35291
3.82709
4.14578
4.35839
4.00803
4.48235
4.32193
3.83919
4.44686
3.81041
3.94618
4.26728
4.45969
4.49711
4.28258
3.14365
4.49783
4.41588
3.99967
4.23636
4.46243
4.34905
4.24994
4.40539
4.33167
4.10054
4.40109
3.98655
4.48339
4.48885
3.83698
4.07064
4.48303
4.41219
4.27620
3.76742
4.37641
4.29492
3.14546
4.38255
4.44676
4.31715
4.34948
4.18987
4.43157
4.07408
4.20278
4.41132
4.26413
2.31732
4.23535
4.46339
4.05086
4.46346
3.81582
4.17231
4.35919
3.80833
3.55687
4.28498
4.45122
4.24710
4.36725
4.29154
4.07240
4.38523
4.19526
4.45470
4.37763
2.23388
4.15143
3.42344
3.66584
4.37578
4.45979
4.47015
3.99663
4.05434
4.37412
3.17021
3.91441
4.45458
4.23570
3.21308
4.45187
4.38575
4.13445
4.37212
3.27285
4.44306
4.24937
4.31612
4.36174
3.66839
2.01921
4.47221
4.41120
3.83206
3.91160
4.26894
4.11848
3.49797
3.85619
4.43550
4.31761
4.44598
4.25811
4.04387
3.90022
4.49389
3.82305
4.52053
2.91355
3.75316
4.39791
4.23097
4.16390
4.40789
4.34399
3.93149
4.42860
4.47246
4.31541
4.01930
4.25465
4.13414
3.75718
4.39329
4.29326
4.28796
4.33271
4.48324
4.05384
4.05813
3.93317
4.40713
4.44330
4.41089
4.25248
4.36223
2.77021
4.47551
4.30725
3.91960
4.28509
3.53614
4.20023
2.85738
4.20081
4.09051
3.88187
4.42971
4.48891
4.31560
3.37798
4.36747
3.90652
4.38307
4.43820
4.20398
3.42276
4.46799
4.51845
4.15611
3.98244
4.41966
4.49769
3.32204
3.71147
4.43841
4.21694
4.26544
4.02014
4.12138
4.10303
4.11895
4.21963
4.39082
4.07894
4.48108
4.25211
4.20228
4.44860
4.39178
4.41347
4.17734
3.98695
4.43615
4.50514
2.01679
4.39449
4.38742
4.42386
4.26337
4.44678
3.93288
4.35605
4.23881
2.49910
4.42274
4.05501
3.84812
4.48977
3.86208
4.42298
4.37771
4.26894
4.34420
4.37334
4.39133
4.13664
4.32565
4.47455
3.92097
4.14278
2.49725
4.07156
4.49749
4.23786
3.99168
4.42517
4.00968
4.06787
4.02899
3.72030
4.43753
4.08719
4.42448
3.61287
4.47351
4.38854
4.14109
4.32972
3.94775
4.31785
4.21727
4.46018
4.36273
4.16068
4.20408
3.59240
4.26915
4.29412
4.38693
4.15518
4.47834
3.85481
4.28866
4.35140
4.31057
4.42106
4.36924
4.12735
3.88405
4.31537
4.14935
3.87984
4.04134
3.98090
3.75264
4.15837
4.37750
4.17248
3.55659
4.45549
4.21021
3.11445
4.19257
4.45480
3.93070
4.13641
4.00679
4.46475
4.47990
4.41938
4.25968
4.30537
4.18682
3.97196
4.22308
4.47030
4.30669
4.32461
3.49327
4.10061
4.16853
4.34460
4.46015
4.42232
4.08485
2.87308
3.97067
4.02811
4.45391
4.14047
4.26970
4.47226
4.40960
4.22689
4.41597
4.51977
4.50569
4.26001
4.37680
4.23551
4.39078
4.46523
4.35647
4.07439
4.38899
4.12753
4.23156
4.32076
4.33095
4.43878
4.24456
1.93979
4.46931
4.33878
3.56629
3.23114
4.29776
4.14064
3.63710
4.45418
4.21920
4.43478
4.37636
4.26903
2.75017
4.37355
4.40535
4.18923
4.02768
4.48098
4.23301
4.44974
3.72310
4.48254
4.09377
4.26872
4.46346
4.20476
3.03267
4.42070
4.41417
4.31960
3.86021
4.30153
4.33333
3.80692
4.22386
4.47279
4.49456
3.67458
3.73636
4.32156
3.99323
4.50438
4.45157
4.43825
3.63636
4.34870
4.41826
4.31131
4.35551
4.46620
4.01208
4.23247
3.34928
4.41756
4.43302
4.07511
4.45119
4.37063
4.35549
4.03406
3.47366
4.42511
4.44198
4.47335
4.39037
4.47639
4.35470
2.55965
4.33591
3.64604
4.46192
4.13979
4.03965
4.03084
4.42126
4.47674
4.27634
4.24308
4.28861
4.48011
4.19448
4.43509
4.28140
4.31553
4.48993
4.41109
4.13741
4.26723
4.40370
4.49290
4.27810
3.97968
4.49881
4.20640
4.30065
4.14981
4.29070
4.43393
4.43613
4.44903
4.27544
4.03907
4.38761
3.67307
4.31709
4.17890
4.43569
4.37261
4.05215
4.46568
3.74789
4.52261
4.44790
4.30621
3.16612
3.89770
4.40385
4.36373
4.39142
3.60052
4.44156
4.43551
4.46567
3.67706
4.38777
4.42251
2.27408
4.45400
4.00945
4.43487
4.29635
3.65465
4.24901
4.04148
4.39221
4.28478
4.38749
4.31097
4.34425
4.49337
4.50081
3.90233
4.31148
4.43862
4.27687
4.08106
2.33248
4.26874
4.49158
3.74020
4.46954
4.15055
2.87161
4.26315
4.03083
4.11369
4.41503
3.92779
3.92993
3.84511
4.04965
4.38119
3.68923
4.38148
4.41394
4.41762
4.17955
2.55283
3.00221
3.30460
4.37334
4.27706
4.17835
4.38449
3.42187
4.17202
4.39798
4.37609
4.09807
4.50196
4.14586
4.44806
4.52674
4.41921
4.41402
4.36825
4.42409
4.29387
3.80801
4.25338
3.85548
4.44707
3.41954
4.36001
4.41750
4.22622
4.24600
4.46047
4.24214
4.24437
4.38798
4.36029
4.40374
4.40935
4.18993
4.32266
4.46806
3.70439
2.35408
4.01411
4.39457
4.19639
3.41742
4.36604
4.37885
3.82956
4.35035
3.43945
3.54108
4.35425
4.40934
4.35359
4.45212
3.30080
4.40643
4.34956
4.44433
4.41046
4.35401
4.24098
3.89258
4.41636
4.44617
4.42320
4.32852
4.09369
4.44530
3.91704
4.37630
4.16786
4.49617
4.38294
4.39182
2.36804
3.01302
4.49409
4.23363
4.30713
2.76565
4.39120
4.35638
4.36861
4.45143
4.50157
4.41104
3.97712
3.13395
4.46175
4.28950
4.38082
4.44837
4.10079
4.39034
4.43857
4.40457
3.91939
4.34233
4.43496
4.24130
4.21197
4.16344
4.36647
4.39951
3.62799
4.13499
3.50507
4.24499
4.40240
4.47635
4.43214
4.28950
4.14529
4.48651
3.03176
4.37791
4.17611
4.00908
3.43439
4.36329
4.47177
4.49186
4.30300
4.38766
4.44275
4.28804
4.13542
4.10433
4.40999
4.28388
4.33609
4.43353
3.73842
4.26988
4.25730
4.15146
4.26780
4.46947
4.39397
4.41841
4.03103
4.32283
4.48502
4.36174
2.54441
4.39441
4.36400
4.41055
4.53853
4.29357
4.29694
4.08007
3.86052
3.98064
4.14910
4.38544
4.43428
4.47245
4.44287
4.47602
4.10186
4.36363
4.42686
4.13569
4.31028
3.52099
4.44376
4.27327
3.89991
4.47868
3.80191
4.42634
4.08900
4.47188
4.35817
4.10572
3.99800
4.43632
4.40904
4.53044
4.26335
4.31369
4.41480
4.51264
4.43435
4.27542
3.54148
4.36866
4.32167
4.44446
4.25132
4.33094
4.52749
4.34971
4.41660
4.46279
4.44778
4.37966
3.52552
4.42132
2.19841
4.36020
3.54199
3.83709
2.87595
4.08671
4.43189
4.13279
4.36161
4.47300
4.36080
4.19950
4.43998
4.43740
4.45219
2.46396
4.26290
4.32885
4.43469
4.44347
4.48543
4.31392
4.35889
2.79825
4.42901
4.42888
4.51466
2.69209
3.27167
4.47080
4.15652
4.32598
3.41863
3.50064
4.21105
4.26202
4.16211
4.32850
4.21305
4.43724
3.60529
4.05079
4.41259
4.41085
4.43883
3.54189
2.24990
4.09401
4.21115
3.37201
4.29921
4.18270
3.51297
4.25635
4.20388
4.39657
4.36886
4.30151
4.27557
4.49616
3.09424
4.46285
4.49360
4.15900
4.31111
4.46744
4.47694
4.32805
4.32337
4.44128
4.37085
3.60357
4.36041
4.36890
4.43895
4.32988
3.59309
4.49867
4.34539
4.19765
3.51046
4.37365
4.06166
4.04974
4.53341
4.38994
4.47528
3.84404
4.16391
4.44315
4.49494
4.46675
4.41885
4.19052
4.06675
4.36150
3.93883
4.27389
4.43359
4.43477
4.32620
4.32082
4.41198
4.47618
4.25826
4.14285
3.96388
4.32032
3.57840
4.43950
4.39658
2.55383
4.02658
4.09345
4.48254
4.25744
2.53164
4.02893
4.26821
3.82770
4.43051
3.88012
2.88102
3.94493
4.13108
4.35317
4.37774
2.78025
4.20720
4.35114
4.45310
3.99175
4.45793
4.44196
4.28746
4.02033
3.91638
4.07315
4.27249
3.77003
4.11501
4.40778
3.60458
3.74980
3.31719
4.53016
4.37093
2.65175
4.43604
4.47397
4.26968
3.64411
3.59027
4.24319
4.07738
3.73573
4.32993
4.19788
4.49696
4.46189
4.33051
4.43176
4.50192
4.44796
1.53795
4.39727
4.48132
4.19362
4.47125
4.04201
4.46487
4.45515
4.34461
3.15534
4.29801
4.28000
4.03884
4.44555
4.47390
4.48730
3.55553
3.99174
4.46861
3.66107
4.27838
4.49511
3.99357
4.29578
4.41116
4.00887
4.42783
4.38819
4.47816
4.35733
3.26913
4.36759
4.48469
4.19841
4.41886
4.33562
2.22447
3.50007
4.34060
4.41668
4.24595
4.39914
4.49474
4.37016
3.33865
4.20356
4.37278
4.36375
4.50492
4.40197
4.39167
4.24335
4.46541
3.89090
3.51894
4.40634
3.36366
4.19602
4.29036
4.47649
4.36462
3.77917
4.34331
4.46322
4.41549
4.37651
4.31802
4.32357
4.37391
4.02790
4.43837
4.46470
4.38871
4.32837
4.39171
4.47471
4.40365
4.42741
4.08036
4.11036
4.40161
4.42121
4.46438
4.41368
3.17726
4.39240
4.41963
4.47967
4.38304
4.47748
4.38563
4.48329
4.29954
4.42324
2.62585
4.44430
4.48222
4.07348
3.91856
4.44654
3.76103
1.96084
4.39188
4.43334
3.86257
3.70385
4.43983
3.63750
4.01194
4.37755
4.19296
4.21753
4.46056
2.39092
3.66778
4.29787
4.39084
4.49518
4.26862
3.70818
4.25183
4.43656
4.41273
4.27907
4.43162
3.59691
4.45436
4.51903
4.47696
4.42658
4.46615
4.12540
4.40858
4.24632
4.35963
4.43384
4.42165
4.37661
4.37539
4.44111
4.28650
3.42164
4.43541
4.47884
4.40964
4.18877
4.33453
4.41787
4.37799
4.42293
1.73000
4.29259
4.45199
3.87861
4.18332
4.50550
4.35518
4.43366
4.47831
4.33621
4.34940
4.32098
4.35494
4.14336
3.77207
4.44243
4.28520
3.84361
3.73692
4.45164
4.42762
3.79355
4.29240
3.82258
4.51209
3.88505
4.42117
4.42638
4.13956
3.51786
4.33711
3.66404
2.74812
4.27322
4.38724
4.45256
4.21022
4.42059
4.40004
3.90548
4.45749
3.95688
4.44602
1.69740
4.46858
3.70277
4.46782
4.11630
3.98813
4.36906
4.28572
4.38649
4.23061
3.81379
4.35610
4.42959
4.45603
3.77606
4.35727
2.51963
4.20801
4.21178
4.23520
3.81173
4.18517
3.32136
4.22242
4.21158
3.31553
4.31895
4.31626
4.42991
4.49310
3.38527
3.19803
4.31593
4.16272
2.45851
4.38780
4.25120
4.06756
4.34762
4.32070
4.41764
4.37276
4.44160
4.43401
4.52615
4.39157
4.01289
4.40470
4.53486
4.33119
4.44744
3.82711
4.32321
4.28908
4.35484
4.28284
4.47220
2.06268
4.40459
4.29167
4.25671
3.70128
4.48000
3.87973
4.52461
4.42644
4.16173
4.25352
4.48143
3.11663
4.06590
4.00134
4.00029
4.32846
4.43088
4.46469
4.07305
4.38466
4.04727
4.46502
3.23689
4.23274
4.14941
4.17998
4.42451
1.80735
4.18201
4.26215
4.23346
4.11491
4.35878
4.41019
4.31128
4.48425
3.99088
4.40510
3.49621
4.46527
4.01105
4.03805
4.34894
3.86248
4.14945
4.03710
4.48433
4.29271
3.11421
4.29623
4.41459
4.11717
4.36893
4.51195
4.24896
4.31079
4.46121
4.45240
4.39217
3.92404
3.83436
3.80049
4.40824
4.00711
4.17682
3.98635
4.29206
4.09653
