2.77015
2.92583
3.66981
3.81388
0.53860
3.63751
3.70922
3.79466
1.59476
2.96032
4.03106
3.86657
2.38180
1.53900
3.25111
3.48566
2.26545
3.87280
0.66065
2.05154
3.43448
3.19917
3.29932
3.78625
3.53523
2.70474
2.03494
1.69340
3.55920
3.70570
1.27097
2.91004
3.53740
3.71843
3.35101
3.53074
3.49093
3.90155
3.95468
2.49161
3.48496
2.50683
2.24298
1.97445
2.11123
2.35042
3.64536
2.77690
3.90481
3.99826
4.06706
3.65580
0.36634
3.93924
2.66619
3.96643
2.34860
1.32204
3.74958
2.80615
3.74281
3.33841
3.40361
2.83168
3.35629
2.95274
3.57476
3.12024
3.58210
2.11902
3.97165
4.03789
3.78536
3.53013
3.17365
3.37926
0.78553
3.87532
3.46278
3.00668
1.62003
3.72850
1.82086
3.29690
3.73424
2.89286
3.26853
3.19075
3.62819
2.60757
3.22053
2.54778
3.98888
3.42785
2.65429
3.82301
3.87090
3.95595
3.55063
3.72868
3.72900
2.14600
3.78766
3.08594
3.69062
0.44475
0.52433
1.38933
3.90037
3.70686
2.25453
3.32458
3.98008
2.32478
2.91464
1.69043
2.71250
3.34599
3.25206
0.93836
3.29682
3.95936
3.47473
3.27268
1.41392
2.45170
3.85345
3.67077
2.58742
3.76128
2.97482
2.32489
3.20326
3.54663
3.76755
3.14645
2.69473
3.87166
1.88830
0.87371
3.38148
3.19330
2.49969
3.69204
3.69701
1.79060
3.47623
0.58582
3.63854
3.62042
3.31285
3.92331
3.46122
3.05663
3.70708
3.99164
2.60881
0.27451
3.58511
2.65215
3.98212
2.62825
3.21334
3.39188
3.95594
2.83796
2.96823
4.00618
3.63724
2.96182
3.38804
3.89539
3.83749
4.08781
2.34847
3.14795
3.71127
2.09632
3.12074
3.27510
2.46993
3.72600
3.09661
3.45366
3.91251
3.85083
4.04611
2.68883
3.36293
1.78269
2.90671
3.28902
3.70992
1.94230
0.75585
2.02912
3.06317
3.26970
3.08708
2.46711
2.32129
3.57423
1.83968
0.76333
3.78886
3.26152
3.64650
2.43444
3.71999
4.10295
2.59592
3.68116
3.72321
3.36353
3.64280
3.32316
3.25268
2.25726
3.63825
3.22553
1.02306
3.53078
3.40733
4.01894
3.99216
3.43196
1.15304
1.03367
3.87582
2.47977
3.90268
2.19894
3.14551
2.06496
4.08014
3.30575
4.10410
3.63729
0.44915
3.04584
0.65522
1.36225
3.88598
4.09860
3.57094
2.67717
3.42074
4.20574
3.81518
2.98904
3.54911
3.26930
3.85747
3.65569
3.37045
3.82463
3.48894
3.83955
3.62119
2.46640
3.05940
2.09140
3.27932
3.61603
3.86844
4.15576
3.10085
3.72498
3.27067
3.09852
3.50648
3.91368
2.93483
3.38072
3.56095
3.79956
2.31048
3.75917
2.14421
1.70688
2.87751
1.72889
3.93026
3.50665
2.30912
3.77880
3.04429
3.95766
3.16381
3.57000
3.41109
3.69124
2.52640
3.39596
3.13763
3.30460
3.50234
3.65188
3.19302
4.01780
3.49185
3.58845
2.64710
3.73362
2.64680
3.70747
0.75330
3.63322
3.89089
2.87306
3.79682
2.90041
1.97951
3.22289
3.20090
3.98033
4.02473
3.79528
2.51382
2.51746
2.32283
3.76950
3.94829
1.47034
3.43149
3.67026
3.65829
3.10595
2.47888
4.01763
1.91626
3.80565
2.42961
3.27582
3.99737
0.87586
2.04801
3.83571
2.86884
3.22956
3.39067
3.69014
3.11093
2.30800
2.79161
3.58565
3.37475
3.59412
3.69323
3.63636
3.55746
3.95528
3.73441
2.98352
2.67087
3.77912
3.22575
3.55332
3.75519
3.68511
3.53730
1.83156
2.85656
0.99905
3.33542
2.97066
3.51847
3.61963
3.90868
3.81691
3.28145
0.45792
4.00924
3.31923
2.34074
3.79984
2.49099
1.02762
0.43349
3.59274
3.84920
2.98205
2.02414
3.74041
2.01487
3.71171
3.50236
2.45308
2.92978
3.33298
3.51735
3.56205
3.89975
2.26492
3.93359
3.56548
3.90406
3.41248
2.30771
2.76042
3.92441
3.88266
3.89522
3.92647
3.88785
3.64372
1.50541
2.60175
4.00664
3.49087
3.74147
3.94234
2.05910
4.16448
4.08758
3.91865
3.98679
3.18069
2.88496
3.12558
3.97415
3.82485
3.70167
3.13592
2.28666
1.81844
3.77837
3.36815
3.39839
3.68222
3.15713
3.08720
1.94314
3.53603
3.91067
3.68608
3.42219
2.71245
3.54904
3.97601
3.30063
3.52135
3.87701
3.17639
3.52483
2.18114
3.55322
3.70083
3.13721
2.98124
3.11445
3.41318
3.04469
2.85216
4.00366
3.21467
3.57337
3.75137
3.29681
3.50817
2.98718
0.95681
2.48169
3.72525
1.98139
3.56211
2.70833
2.22587
2.36806
3.42797
3.39374
3.68241
3.37857
3.40771
3.54487
2.79946
3.43813
3.11003
3.86329
2.78310
2.49438
3.67302
3.65086
3.79045
3.20110
2.94828
3.54435
2.76437
3.84535
3.49965
3.44864
1.28320
3.43835
3.74248
3.57398
3.40710
3.82561
3.71526
3.53904
1.88314
3.56603
3.35844
3.95315
3.43066
3.64322
2.26417
3.25910
3.86802
1.28417
2.74671
3.62566
3.84004
3.42192
3.43374
1.58780
1.18201
2.10046
3.63833
1.93921
2.02583
3.48759
4.15863
4.04117
3.73702
1.35362
3.68110
1.47008
2.91311
3.26142
3.29114
4.23319
3.15565
0.77508
0.92111
3.56935
3.08130
3.36457
3.66462
3.42903
3.77983
3.81648
3.47305
3.01870
3.23608
3.55682
3.00538
2.50092
3.83192
2.23004
1.70183
1.96473
3.87502
1.35628
3.91209
2.83159
3.15428
2.44130
2.96066
3.48480
0.72950
3.91684
3.81938
3.15108
3.28097
3.71629
3.34721
2.84032
2.78224
3.39294
3.88996
3.75975
3.60996
3.84748
3.28780
3.28355
3.29539
3.79301
3.33378
4.06983
2.41210
3.56821
3.18703
2.09492
2.96930
2.69393
3.03845
3.01307
3.23609
3.61200
3.89228
3.70954
2.41992
3.40061
1.51000
3.38861
2.88357
3.96670
2.14204
3.22630
3.68493
4.00444
1.43684
2.51389
3.82926
3.85278
3.11620
3.82075
3.68124
3.67258
2.24731
2.92180
2.91959
2.67480
3.50269
2.87789
3.02812
3.79264
3.52423
1.11999
3.13678
3.30225
2.57870
2.26834
3.77254
3.59634
3.80923
2.72506
4.08764
3.18546
0.64398
3.96648
3.59564
3.53306
3.87720
1.94831
2.87613
2.96915
3.72572
3.42314
3.32103
3.92942
3.53716
3.67723
3.12361
2.88415
2.79483
4.12628
0.19256
3.06476
2.55960
3.63816
3.95651
2.81778
3.59407
3.86961
2.27342
3.44519
3.82436
3.90532
4.04489
3.41880
3.77299
2.41815
3.94234
1.95758
0.01086
3.19900
3.68464
3.41821
3.62328
3.42270
2.27679
2.24213
3.63097
4.17832
3.19747
3.71331
3.44796
4.07019
3.27733
3.61197
3.67820
3.67507
1.91092
3.21802
3.86712
3.08690
3.70214
3.50535
3.67303
3.42901
3.63922
2.75420
1.98920
3.79852
3.80058
3.75352
2.59511
2.37600
3.50591
2.98327
3.39926
3.71801
3.68865
2.94356
2.87178
3.13302
3.35947
3.79441
3.13765
3.76267
2.57535
3.81942
3.63973
1.26961
2.75554
3.54089
3.82067
3.21100
2.89714
4.03452
2.08827
1.02450
3.80520
3.93569
2.42992
2.80970
3.83580
1.76889
3.59910
3.13088
3.58591
3.87151
3.26336
0.30036
2.96004
2.97821
3.67850
2.66979
3.67760
3.26605
3.61443
3.52534
3.82662
3.34006
2.99905
3.88621
3.00353
3.70598
0.68302
3.52158
3.50505
3.15938
3.25098
3.68535
1.77290
3.73007
3.80213
3.75819
3.42309
3.74638
2.68270
3.07121
1.44012
3.86107
3.28501
2.74850
4.01940
1.29102
3.68280
2.42859
2.56721
1.85670
3.63661
3.34764
3.96392
1.66355
2.72614
3.69681
3.39759
1.94232
3.87211
3.96696
3.59361
2.08213
1.41375
2.05083
3.60882
1.60734
3.96980
2.02727
3.75109
3.43909
3.20670
3.78792
3.78372
3.16927
3.42002
2.63453
3.97981
3.07696
0.77943
3.10316
3.95345
3.15368
2.10319
3.44192
1.59246
4.04784
3.15912
3.11312
3.98103
3.76907
2.01098
3.25929
2.99308
2.58074
2.71650
3.94958
2.10830
1.37009
3.68026
3.23558
3.60412
3.34706
3.48770
1.52116
3.99242
3.75089
3.83631
3.32102
1.70106
3.74953
3.28026
3.77418
1.78219
2.47477
0.75457
3.84050
1.75509
3.64342
1.45863
3.40005
3.87892
3.74497
3.55335
3.91784
3.88904
2.50172
3.92314
3.33449
2.50544
3.88401
2.00132
3.71132
3.54724
3.65307
3.78836
3.89930
3.75505
3.82936
2.15245
2.10471
3.45961
2.84462
2.75355
3.70672
3.57860
1.46024
2.94772
3.81677
3.26723
3.49136
0.49718
3.14793
3.13250
3.89332
3.89520
2.49371
3.79465
4.12960
3.44607
1.87695
3.26697
2.96650
3.24416
3.67258
3.16316
3.51733
2.01647
2.82014
2.92148
3.52546
3.83037
1.58645
2.76093
1.58275
4.02352
3.23132
3.12632
3.34115
3.85960
3.81032
3.02954
2.97118
2.27730
3.34844
3.72154
2.02942
3.40729
3.37881
3.03411
2.87563
1.52936
2.07783
3.90825
3.95733
3.91336
3.77199
3.54913
4.06366
3.68976
3.56866
2.99728
2.71269
3.49502
3.50188
3.52435
3.69115
3.63146
3.28554
1.05129
3.88428
2.70153
3.57625
0.15896
3.92546
3.51152
2.48320
3.49707
1.66117
0.90588
2.16470
2.37711
2.32491
0.78665
3.12722
3.79334
3.46380
3.40429
2.76828
3.62191
2.04711
3.76905
3.31932
3.23825
2.27559
2.99287
1.57153
3.42119
3.77266
2.32035
3.21579
3.50640
2.97174
3.47132
2.15115
3.04081
3.16571
3.65455
0.59694
3.20842
3.87312
2.91837
3.11037
2.76576
4.05514
3.30520
1.79194
4.14905
3.62128
2.65485
3.43809
3.27168
3.54769
3.51031
3.33618
3.91598
4.16171
3.71134
2.46033
2.79079
3.46903
3.14174
3.59393
3.98264
3.76985
3.41061
1.98955
4.00998
3.92066
1.23017
3.16679
2.67090
3.74953
4.09461
3.11957
3.78663
1.13291
3.58762
3.72439
4.12513
3.82708
3.75186
3.54055
2.76111
3.45502
4.07378
3.08197
3.72441
3.82179
2.11813
3.85355
3.44032
1.77307
3.07201
3.10933
0.76051
3.97124
2.74492
3.51495
3.69006
2.70489
3.48708
3.54815
3.45157
2.62607
2.90780
3.13684
2.05872
3.73380
3.82869
1.92475
3.49017
2.91769
3.05526
3.63492
3.53208
3.44379
2.36958
3.82566
3.59498
2.94495
2.43572
3.08926
3.73600
2.09951
3.52476
3.71798
3.81754
3.87193
3.63777
3.33288
3.10300
2.29579
3.72589
2.12353
3.60826
3.25780
2.98578
2.88168
3.57185
3.65297
3.01392
3.76022
1.92418
2.10661
3.17678
2.08938
3.90323
2.92515
3.85309
3.48793
3.34282
3.56121
3.65406
0.63562
3.26271
3.34555
2.79489
3.59338
3.82521
3.95439
2.63863
3.77858
2.15903
3.13035
1.54379
3.79088
3.54523
3.07670
3.74335
4.13077
3.53116
0.11877
3.70429
2.75679
1.19919
3.36618
2.14917
3.56641
2.91494
3.71078
2.33728
3.56139
2.07842
2.99640
2.94713
3.95532
3.80294
3.55830
3.17681
3.41500
3.91968
3.36645
3.88310
3.83581
3.61271
2.98321
3.43417
2.78722
3.41860
3.57694
3.69551
3.32878
3.34227
1.86225
2.69505
3.82794
3.64716
3.52213
2.67732
2.32575
3.77974
1.85807
3.19127
3.22252
3.25364
3.52392
3.46989
3.71605
3.47383
3.48109
2.41630
3.77212
2.04760
3.97406
1.27366
2.12674
2.99443
3.94626
2.39474
3.72983
2.64045
3.23411
3.54336
3.49224
3.09031
3.83383
3.30358
3.87569
3.21974
3.69077
2.91554
3.36144
4.03872
3.81897
3.29004
0.42660
3.59252
2.70967
2.28257
3.47269
3.54294
3.91162
3.18358
3.49550
3.96336
3.10735
3.47501
3.76765
3.10643
3.63257
1.62901
3.28645
3.35028
3.09093
3.47956
1.93708
3.17123
3.35711
3.93475
3.89710
3.40224
2.85753
2.24367
2.56378
3.77573
3.99323
2.80675
3.50507
3.74567
3.52373
1.93741
3.03819
3.48033
4.04881
3.56389
3.67025
3.63760
3.73361
2.09798
2.67986
1.05176
2.69179
1.02976
3.60171
3.34284
2.27865
2.16800
3.62812
3.75995
1.88554
3.24361
3.24632
2.47366
1.83979
2.39382
3.24252
3.87273
3.48857
3.94587
3.36284
3.80667
2.48722
2.74141
2.65938
3.62053
2.69159
3.02028
3.65437
2.98811
3.62216
3.91207
2.96317
2.49271
3.37107
3.39126
2.12701
3.94272
3.49107
3.20689
3.48151
3.89295
1.15933
1.66072
3.59715
3.95250
2.81369
1.73798
3.06752
2.76653
3.12959
3.96174
3.41412
3.69043
3.84421
3.50948
3.53310
2.47324
3.76711
4.00659
3.60247
3.95585
3.31619
1.89108
2.57400
3.93526
3.11411
3.37304
3.56023
2.99414
3.81400
2.65828
3.51890
3.06856
3.29557
4.00346
3.14435
3.50719
4.04325
3.60538
3.79117
3.09947
3.81154
3.99605
2.42003
3.18332
2.89271
2.37185
3.26062
2.99738
3.46457
3.46753
3.14448
3.81968
3.63015
1.00521
1.84177
3.82038
3.38969
2.49235
2.85011
2.23737
1.26467
2.75140
2.85358
2.86959
3.98127
3.43353
3.04732
3.06426
3.49745
2.60068
4.05313
2.13281
3.96787
2.79775
3.21595
4.01043
3.83675
0.95925
1.90240
3.79871
1.28301
3.62897
3.89539
2.95232
3.40158
3.26551
2.90756
3.68513
3.86235
3.94930
1.11355
2.22462
3.39828
2.57744
3.61129
3.60505
1.84706
2.62136
0.19734
2.39005
1.20297
3.35175
4.03144
3.78992
2.46221
2.11769
3.49670
3.82483
3.39598
1.01200
3.36959
4.02030
3.42327
3.85128
3.72044
3.73998
2.22937
3.29917
3.53610
3.76765
3.39497
3.30447
3.90717
3.01655
3.74034
2.41600
3.53629
3.86664
2.81245
1.01099
3.90951
3.21257
3.24762
2.88086
2.85311
3.82465
3.70143
2.15252
3.82906
2.81558
3.11949
3.36241
3.63727
3.32831
4.01305
3.08526
3.66981
3.20231
3.92769
3.73330
0.89986
1.14521
1.87765
1.83148
3.77418
3.09275
3.33289
3.51021
3.59143
3.86722
3.60252
3.57195
3.57770
3.33829
2.46757
3.47199
3.73957
3.61855
3.28426
2.69702
1.36839
1.53662
3.37969
3.16796
1.55492
3.40859
3.90488
3.14303
3.43840
3.74505
3.47509
2.83931
3.13351
2.95189
3.68053
3.69271
3.61542
3.22797
3.96531
4.02844
3.67687
3.36739
1.35067
1.35706
3.39318
3.07408
3.83231
2.99357
3.78950
3.47842
2.60735
2.60372
3.13080
3.41664
3.62376
1.21688
0.91968
3.18692
2.23814
2.89772
3.87071
2.85769
3.86440
2.71170
2.43641
3.72223
2.97765
3.69712
4.09033
3.52114
3.98871
1.68417
2.78788
2.68847
2.91388
3.22285
3.97122
3.57824
3.70578
3.50332
2.44884
1.93119
3.46607
2.38896
3.80732
3.98224
3.24055
2.62728
3.53006
3.93660
3.66701
3.48423
3.09960
2.72763
1.77641
3.56405
3.52710
3.69785
3.56497
3.40664
1.73256
3.57373
3.10965
3.68211
3.15199
3.47581
3.59094
3.90893
3.68754
4.05731
3.92852
0.98822
3.59207
3.95786
1.92508
3.52467
3.97116
3.67563
4.15951
1.69254
3.51756
2.45616
3.13552
3.13772
3.80976
2.11514
2.76292
3.32518
3.60836
2.81696
3.23766
3.44533
2.41689
3.79806
3.21416
3.76343
3.50734
3.24941
2.68196
3.62180
1.77920
3.49172
3.58469
3.87145
3.29163
3.63612
2.71396
3.64204
2.62983
2.79318
3.38981
3.48048
2.14127
3.82680
2.24391
3.36544
3.87936
3.50266
3.92167
3.91495
2.40227
3.62527
3.09439
2.50886
1.59200
2.52488
2.56237
3.55993
1.48180
3.66089
3.70372
3.54681
3.46554
3.63744
3.79006
1.78799
3.80275
3.85385
2.13226
1.32917
3.34500
1.81433
3.08107
3.53100
2.91169
1.82393
2.34811
3.33849
3.90502
3.73915
3.31103
3.31573
0.13421
3.29928
2.65408
3.48970
3.89944
3.79311
2.92806
3.99859
3.34362
4.07980
3.33827
2.91541
3.44539
3.92588
1.73193
3.61442
3.67231
3.70387
3.82526
2.62980
3.15223
2.62845
2.21985
4.05494
2.40822
2.69226
3.82056
3.13231
3.62242
3.94938
3.27199
1.32067
3.29869
3.46290
2.60962
1.52198
3.32730
3.59893
3.04864
3.66226
3.45136
2.70216
3.42076
3.52209
2.79294
3.64255
0.73911
3.17654
3.78096
3.59300
3.21904
3.17850
1.56323
1.48171
2.81192
3.76857
2.18253
3.41036
3.77161
3.17139
3.41076
1.47691
3.40601
3.79086
3.70360
3.09235
3.86409
4.05733
2.36192
1.57559
4.06394
2.02349
3.44297
3.35962
3.59681
2.32532
3.49973
3.01729
2.64827
4.08873
3.76828
3.71704
3.42803
3.97028
2.95563
2.36662
3.77193
2.88468
4.13148
1.34588
3.89658
3.52997
3.67212
2.73794
3.57142
2.44322
3.66402
3.78220
3.48183
3.93034
1.76078
3.50396
3.28871
3.64286
3.94066
3.48709
3.13243
1.57799
2.29612
3.74322
1.79541
3.88089
2.64860
1.93166
3.49217
3.71061
1.86361
3.59530
2.77788
3.65467
3.47739
3.75604
3.09848
3.79898
3.29224
3.71261
3.67708
3.01365
3.11400
3.44488
2.57669
3.70085
0.99530
3.14222
3.35098
2.61074
1.19945
1.50790
2.57298
2.92404
3.73757
3.79763
2.26589
1.39137
2.00369
2.83212
3.68505
3.83300
3.51075
3.90770
3.43234
3.99750
3.52463
3.62696
3.33693
3.75169
3.89593
1.94838
3.51475
3.11353
2.84654
3.99407
2.52027
2.55243
2.77672
2.78358
3.33565
3.03368
3.39811
3.31533
2.02788
3.65408
3.93780
3.63369
3.97078
0.85249
1.63249
3.75353
3.44783
3.41006
1.36735
3.67116
3.58658
2.79960
3.88703
2.79365
2.96692
3.92438
3.70673
3.80442
3.22213
3.58274
2.84873
4.01440
3.65869
4.02917
2.52009
2.46733
3.96134
3.85188
3.65068
2.90140
2.87167
3.99496
3.68200
3.73715
3.41882
2.19758
3.90981
3.95071
3.04158
3.32369
3.13551
2.70806
3.50697
3.81997
2.34088
2.16617
3.84925
2.47458
3.88583
2.94588
2.56815
3.76431
2.37131
2.87283
2.41918
2.95163
3.69279
2.85855
3.14405
0.91597
3.72997
3.27092
2.70208
3.38857
2.76218
3.72554
1.86426
3.77403
2.79400
3.90231
3.78072
3.06438
3.68441
3.15485
2.42163
3.18740
2.77340
3.28595
2.42953
3.80868
3.17085
2.44679
1.74388
3.95250
2.45101
1.88338
3.58751
3.88456
3.33273
3.02145
3.56671
1.52119
1.45002
1.55249
3.37650
2.92842
2.94597
3.51294
2.63118
2.15957
3.13607
1.92560
3.76168
3.52953
3.79225
3.67844
2.63303
2.45780
2.91891
3.86039
3.58216
2.99217
0.15312
2.62351
2.61341
2.89012
3.69674
2.43083
3.23767
3.44940
3.83294
3.78215
3.44930
3.61162
4.12211
3.05207
2.77181
2.35496
3.72070
3.83164
2.95827
0.99238
2.99944
2.57649
3.96586
3.78539
3.37970
2.03425
3.20772
3.68305
2.24747
4.05927
3.73524
2.89239
3.73986
3.59188
3.06483
0.77880
3.31732
3.08181
3.50834
2.20375
2.68067
3.19519
2.66422
3.43185
3.53790
1.99290
4.03028
3.81027
3.64739
3.36698
3.39979
3.51579
3.49966
1.47282
1.10217
3.55482
3.79380
2.19118
3.31825
3.44557
2.92207
3.94113
3.77185
2.62307
3.68611
2.49440
3.25404
3.71714
3.59080
1.28190
3.79251
3.76016
2.36064
2.32555
3.85231
3.89952
0.78796
2.15193
2.65082
3.49160
2.77711
2.64886
3.40831
3.76467
1.26003
2.34931
3.46975
3.97862
3.54059
3.81540
3.76320
3.71865
0.85454
2.71933
3.57175
2.82853
2.59452
3.44890
2.07597
3.94830
3.48716
3.71552
2.96161
3.31210
3.13401
3.58482
3.97665
3.32609
2.87367
2.93483
1.56073
2.59217
2.54477
3.77765
1.58145
3.69757
2.14437
2.88920
2.17043
3.62441
3.32809
2.45450
3.58552
1.49337
3.47131
3.35448
3.31208
0.41436
2.04276
3.54253
3.40588
3.59826
3.73769
2.19755
3.52477
3.57521
3.74927
3.99221
3.75938
3.80571
2.59050
3.02579
2.36433
3.47082
3.51567
3.76449
3.81317
1.61667
3.82091
2.85700
3.01217
3.88286
3.38256
3.40565
3.16404
3.92670
3.16986
3.19167
3.44366
4.04092
4.03079
3.68497
3.17108
1.27070
3.13968
2.33408
2.70787
3.35509
0.78520
3.49135
1.70232
3.48126
2.59732
3.96862
4.00698
3.24082
3.43587
3.48949
3.61586
3.44471
3.80405
3.63695
3.27386
3.07067
3.04160
3.65216
2.15253
2.40841
3.45158
3.82254
4.01290
2.51102
3.81249
1.81351
3.80782
2.41739
0.95360
1.67038
3.45197
3.19760
3.64472
1.77424
3.79822
3.36439
3.73107
3.41239
2.69488
3.24916
3.09701
2.80465
3.88429
3.83698
3.67695
3.53634
3.49407
3.28479
3.67368
3.77964
1.93386
4.13098
3.31673
2.58028
3.80165
3.74283
3.47720
1.12079
3.38751
3.44340
3.65339
3.74779
3.22105
2.57396
4.01278
3.56073
2.83818
3.46895
3.39055
3.74133
3.96516
3.30654
3.66030
3.89829
2.73785
2.20875
2.36192
1.35142
3.48573
1.49057
2.21454
3.00319
3.11561
3.58495
3.80497
3.52595
3.45324
3.75386
2.96423
3.62287
3.77797
1.85945
2.37589
3.82975
3.81582
3.39193
2.34424
3.68150
3.86314
3.58104
3.32907
2.65610
2.89525
0.67423
3.72894
2.14906
2.82145
3.17463
3.49689
3.90307
3.93749
2.82718
3.98733
3.32059
3.43204
3.59985
2.69684
3.04596
2.98948
3.57305
2.96612
3.58639
3.95707
2.68952
3.51491
2.43073
3.54528
3.68598
3.69756
3.79654
3.43222
3.36691
3.68679
3.39498
3.60672
1.82933
3.47222
2.58772
3.29491
3.47987
3.65737
3.94995
3.52727
3.47920
1.69591
3.16054
3.09204
3.41063
4.23326
3.45023
3.76460
3.78852
3.64654
3.37028
3.42734
2.82352
3.37805
3.38620
3.42783
4.03033
3.50074
3.13791
3.67631
3.67564
3.25881
2.30388
3.64857
3.36641
3.02551
3.68073
3.73520
1.38551
3.89811
3.00068
3.82481
3.64086
2.44375
0.53365
2.61124
3.58731
2.94492
1.98670
2.45088
3.78285
3.66697
3.35914
2.32727
3.20399
3.79787
0.61559
2.93325
3.39416
3.42298
2.17724
2.78951
3.00336
2.91771
2.39740
3.24225
3.02282
3.85940
3.89102
3.18224
3.53433
2.10712
3.30645
3.17562
3.45309
3.35492
3.40315
3.91457
3.09302
2.07608
2.27288
2.94190
3.98445
1.76855
4.04744
3.45519
2.21507
3.68948
3.47410
3.58232
4.06420
3.50653
2.36453
3.03421
3.69086
1.53129
3.27749
3.41168
3.71846
4.00816
3.69306
2.75638
1.81023
1.75412
3.07107
3.72856
2.80301
4.08178
3.65644
3.49611
2.88933
3.69429
3.66509
2.05277
4.19453
3.49142
0.55011
3.94749
3.95229
3.70483
3.37753
3.75191
1.74640
1.84126
3.43049
3.66458
3.60037
4.04269
4.07441
2.84347
3.49738
1.94674
1.58444
3.66588
1.94072
1.40456
3.33870
1.57205
2.95896
3.84100
3.78503
3.22381
3.71098
3.64993
0.95918
3.92816
3.97022
3.14494
4.14991
3.36550
3.34882
3.78134
2.10826
3.77974
4.12201
2.80930
3.83239
1.94546
3.10065
1.52149
3.68998
3.92083
2.13019
1.44633
1.81471
3.53915
3.35216
3.83258
3.62680
3.73696
2.57397
1.72770
4.02221
2.44712
3.66575
3.63523
2.93115
3.23791
3.84626
3.69573
2.43049
3.01921
1.56844
3.22434
1.29991
3.10058
3.24296
1.38909
3.51241
2.22097
3.93937
2.02883
2.08696
3.59162
3.01754
3.25395
3.79420
3.14476
3.17121
3.92839
3.18919
4.06268
3.09579
1.76411
3.64845
3.08988
2.86769
2.86255
1.63760
2.21353
3.48569
3.41497
3.77220
3.11659
3.82646
2.43891
1.53958
1.96241
3.37638
1.33110
2.60448
2.47211
3.67480
2.05908
3.84114
3.57674
3.67782
3.13307
2.25675
3.44149
3.93659
2.55185
2.88685
3.72623
3.07553
1.77861
4.01943
3.72190
3.40280
0.58730
3.47112
1.35317
4.10983
3.32595
2.58846
3.62773
2.69572
3.14877
2.05240
3.91185
3.12464
1.52866
1.97038
3.18169
2.86417
0.59879
2.08122
3.41440
3.71333
2.71335
3.91213
2.87309
1.32468
3.33204
3.89353
4.09298
3.65863
1.44006
1.48165
2.05445
3.39592
3.98985
2.11877
3.63075
3.70410
3.63933
2.48909
3.50010
3.00824
2.37364
3.78476
3.36791
4.20276
3.59078
3.35983
4.09711
3.49274
1.47524
3.99291
3.71715
4.02748
3.73585
3.22414
3.71900
2.71737
3.47211
2.61037
0.66455
3.58178
3.55189
1.72501
3.73307
3.69483
2.74981
2.34845
3.60472
3.66742
3.93929
3.85994
1.94267
2.95272
3.73924
3.68055
1.91524
2.10936
3.25951
3.99015
2.95726
3.20153
1.51368
2.83398
3.15946
3.99565
3.39735
3.72932
2.42549
3.68859
3.96248
4.02577
3.74259
3.94574
2.64247
1.95587
3.20963
3.28543
2.87089
3.66790
3.91717
3.33254
1.57187
3.17793
2.37462
1.62011
3.51149
2.28134
3.54409
3.10931
1.60551
0.52282
3.81962
3.03915
3.27293
3.76436
3.65367
0.64863
3.53338
2.70627
3.51166
2.78567
2.64928
1.75410
3.34329
3.54715
3.53439
3.75580
2.72748
2.30481
3.08833
3.63785
2.40861
3.71066
2.37309
3.11649
3.57601
2.52453
3.04491
3.45360
3.89611
3.67381
2.41498
2.66901
2.59794
4.07551
1.77920
1.60789
2.22810
2.39852
3.45551
3.69967
3.70934
3.29650
2.85776
4.03413
3.66261
3.45691
3.51102
3.76733
3.12905
3.41637
3.83681
3.04381
1.54567
3.48359
1.69526
3.71726
2.84801
3.99458
3.82069
3.49812
3.16322
3.00996
3.58803
3.52659
2.44948
2.74068
3.47484
3.84143
3.94428
3.07660
3.96212
2.11074
2.90434
3.55662
3.89473
3.67894
3.53442
3.90367
3.71023
3.50994
3.64320
3.31617
3.66332
3.77987
3.53522
3.36742
2.63752
2.86718
2.28740
2.85078
4.08899
2.42256
3.96050
2.22968
3.76089
3.83336
3.37445
3.26852
3.94648
2.18255
3.68269
3.34391
3.17824
2.74058
3.18624
2.20002
3.66556
3.21085
1.71623
2.22212
1.51299
1.14488
3.61441
3.40742
3.92657
3.89774
3.64758
3.69994
2.61926
3.89498
3.59597
2.16458
2.95149
3.07048
3.42633
3.29061
3.48110
3.61581
2.34772
3.77313
3.47163
3.37408
3.10245
3.71740
2.73392
3.76731
3.42013
3.34770
3.84595
2.71567
4.05673
3.80367
2.66793
3.71286
1.24521
3.74153
1.92906
3.91518
3.32109
3.29171
3.34761
3.51344
3.46554
1.87913
1.41694
3.71568
2.15876
3.05819
2.34499
3.77653
2.63950
3.34061
3.99177
3.65462
3.36068
4.03200
3.62920
3.58447
3.55588
1.72588
2.56894
3.74388
3.95145
3.53471
3.28982
1.22163
2.79297
2.62155
3.88431
3.37407
3.65929
3.52078
3.74927
3.83157
2.41543
3.19783
3.36477
2.62084
3.30399
2.92780
2.60095
1.91250
3.50970
3.48283
2.93363
3.45267
3.32262
2.93611
3.56690
3.53847
3.30949
2.34373
3.32543
3.74628
3.53578
3.90812
3.61072
3.57088
3.34404
3.83273
2.21486
2.72798
2.12585
2.80198
3.44703
3.58386
3.64221
3.14931
3.83897
3.87999
3.70341
3.57980
3.08405
3.96260
3.98103
3.20716
3.15493
3.93970
4.04900
3.50258
3.07948
3.33433
3.04518
3.87070
3.45858
3.35278
3.86516
2.95666
3.36797
1.82223
3.97288
3.69906
1.41857
3.96249
3.10877
0.83109
4.06607
2.08775
3.47800
2.52624
3.60191
3.78204
1.82845
3.54945
2.04630
4.09526
3.17128
3.14084
4.15443
3.67106
2.54030
1.53039
3.48414
3.30144
3.95789
1.55256
3.08787
4.05362
3.52893
3.55795
2.02441
3.96458
1.68992
2.34264
2.69712
3.57314
2.57970
1.67362
2.89979
3.52354
3.29602
3.17126
2.60454
3.81468
3.07752
3.48843
3.66011
3.99963
3.71180
3.19718
3.86749
1.57102
3.63407
4.05245
3.49054
3.57439
2.39753
3.40662
3.55154
2.86005
3.62455
3.70695
3.28668
3.55582
3.56978
2.86969
3.92063
3.06356
4.00115
3.72078
1.93781
1.67427
3.53047
3.89902
0.64293
3.48781
1.27580
3.47663
4.05883
2.78767
3.63497
3.46295
3.37816
3.66428
3.49107
3.50434
3.54173
3.20035
3.83640
3.78555
3.46944
3.34860
3.44050
3.35773
3.94240
3.13248
3.23446
1.80858
2.71423
3.89894
1.22283
3.14273
2.60619
3.83279
3.54266
3.78612
3.31031
3.76547
3.90696
1.69802
1.77063
3.96922
3.15955
3.66933
3.07058
3.50166
3.48277
3.56348
3.82106
2.92129
2.22894
3.41572
3.96903
0.94367
3.61641
3.64221
3.30701
3.49330
1.57548
3.43825
3.26907
4.00266
4.05035
0.91582
3.93779
1.72690
3.14775
4.09754
2.13907
3.43038
3.51858
1.58245
2.87244
3.84944
3.87265
4.04977
3.31382
3.84376
2.36765
3.01497
3.62080
2.05976
1.28363
3.98650
3.88248
3.35469
3.01108
3.96030
3.36714
3.88336
3.53426
3.67130
3.53367
2.92809
3.89624
3.75986
3.92500
2.64860
3.41672
3.69173
2.65192
2.30024
3.99095
3.17169
2.31575
3.64639
3.93724
3.21160
1.67785
3.89386
1.45829
3.85140
3.21747
3.15989
2.68662
1.36743
3.88409
3.64356
2.94220
2.35443
3.72651
3.42550
2.47383
3.23109
3.41311
2.92212
3.27232
2.39834
3.68086
3.78358
3.81147
3.28485
3.26422
3.94257
4.09043
3.08401
3.53769
3.25744
2.45020
2.88940
3.59509
1.90101
2.89865
3.36165
2.70180
2.39895
3.83229
3.07745
3.62966
3.09240
3.83062
3.67438
3.36941
3.42916
3.99223
0.58379
3.80929
3.03747
3.67146
3.62035
4.03958
3.83847
3.97548
2.50687
1.70741
2.27158
3.96534
3.50856
3.74870
3.73095
3.89503
1.53320
3.39742
3.73166
3.50415
3.43936
2.10904
3.27682
2.53356
3.57469
2.75619
3.59676
0.68940
3.97456
1.50747
2.40109
3.85711
3.27458
3.74527
3.10539
2.30058
3.62051
2.47215
3.06044
3.90409
3.87142
2.96902
3.58926
3.97904
3.52860
3.45990
3.67466
3.35408
1.73429
3.56519
3.21780
1.23230
3.83845
2.95515
2.91946
3.13024
2.85877
3.15609
1.35101
3.57628
2.08620
1.23766
3.65361
3.39232
3.87917
3.42705
2.32850
4.02262
1.97829
3.21476
2.97159
2.91072
3.46121
3.84177
3.21179
2.63070
3.14886
3.51298
1.21726
3.22046
3.58453
3.36878
3.77382
3.41746
2.70306
3.32538
3.64844
3.76369
3.19989
3.98964
3.86888
2.41228
3.45746
3.86881
3.55103
3.24378
2.71791
4.09674
3.54578
2.93093
1.50802
3.98620
1.84283
2.82862
3.05599
2.99743
3.35094
2.68272
3.48884
3.58430
1.13814
3.80897
3.36626
3.87051
2.35656
2.76355
3.71170
1.97822
2.42598
3.87775
3.44832
3.36327
3.83851
2.39554
3.11240
3.59780
2.72551
3.75001
3.57810
3.76651
3.57497
3.96370
2.20866
3.60769
1.83837
2.83628
3.49322
3.63155
3.53999
3.49609
2.48758
3.49406
2.00846
3.79352
1.06584
2.87921
3.71070
0.88181
3.49404
1.84147
3.56278
3.31719
3.00079
2.58658
2.58287
3.31207
3.26296
2.62031
0.67509
2.76473
3.13882
3.74272
3.09414
3.90365
3.90188
3.79366
3.46850
3.41526
3.45208
3.25575
3.51598
3.78182
3.50472
3.83366
2.71087
3.68217
3.13597
3.04965
3.47591
3.96381
3.77475
2.82241
3.34294
3.07302
2.67637
3.74178
3.23714
3.48266
4.00370
3.88065
2.90908
2.60867
3.60003
3.44792
3.86081
3.45292
3.67587
3.05398
2.25313
1.91111
1.31827
1.99724
2.91272
3.94445
3.57063
2.14392
3.21397
3.77279
1.97686
3.82050
3.71580
2.01111
3.11874
2.19999
3.69051
3.23882
2.52208
3.65281
4.10549
3.98096
3.90979
3.79105
3.20446
2.49894
3.19569
3.35885
3.56336
3.47091
3.40588
3.29987
3.48352
2.23550
4.08207
3.55863
3.50621
2.21135
3.83700
3.09783
3.78942
3.04240
3.80118
3.39186
1.58888
2.85314
4.00150
4.05685
3.61549
2.75888
3.36594
3.11041
3.89252
3.05319
3.66051
3.66207
3.92462
3.28527
3.82273
3.82506
3.25684
3.78112
3.50393
3.06532
3.73266
2.87109
2.99144
4.01522
2.05801
2.67630
3.68064
3.95004
3.21432
2.42364
1.92062
3.41030
3.27249
1.97127
3.55387
1.88802
3.53009
2.88891
2.77868
2.83427
3.65007
3.28537
2.43562
1.96693
3.30532
2.94810
3.03508
3.57048
2.20745
3.07721
3.62828
2.94398
2.15928
2.22124
3.18824
2.50598
1.53313
2.85916
3.58954
3.87470
3.11502
3.34337
3.11298
2.77770
1.46495
3.20947
3.39050
2.16325
3.75066
3.26756
2.84210
2.96407
3.18034
1.80933
3.24076
3.93283
0.58065
0.88297
3.71642
2.68883
1.53541
3.83994
3.56147
2.94738
3.21183
3.53695
3.18949
2.38582
3.00386
3.42074
3.06013
3.48527
3.71561
3.57466
3.44542
3.56777
3.89147
3.45675
3.88324
3.92138
1.99553
4.08740
1.89949
3.14664
4.01164
3.10223
3.37363
4.16349
0.71832
3.79699
2.96129
1.73533
3.43995
3.22302
3.37953
3.84703
2.86033
1.95549
3.91454
3.76153
3.05960
3.82181
3.73610
4.13773
3.97806
4.05940
3.19774
2.86783
2.73642
3.38797
2.93412
2.63606
3.36773
3.49493
3.85497
3.66520
3.86055
3.39767
3.71699
2.64660
3.75120
1.81529
3.62008
3.67033
3.46456
1.98150
3.11524
3.11375
2.53414
3.65071
3.53619
3.85890
2.35722
3.58463
3.72059
0.93255
3.30338
3.76843
4.02449
1.76214
1.86114
2.62328
3.61057
3.51830
3.66517
3.13048
1.88985
2.34680
1.74974
2.80867
3.71530
2.73293
4.07658
3.27319
2.67400
3.98822
3.93670
2.42906
3.97322
2.07083
3.92929
3.71153
3.26676
3.75637
3.62944
3.01884
3.44166
2.19742
3.47581
0.41368
4.16326
3.81663
0.87846
3.32475
3.12321
3.80184
3.77473
2.96172
4.02462
2.89652
3.75765
3.44201
3.81235
2.91086
2.15050
1.75894
2.18711
3.87924
2.58180
4.04114
3.26064
2.34621
2.79507
1.47920
3.28121
3.67585
2.16597
3.82912
2.50501
2.52097
3.53736
3.86941
3.73351
1.70863
0.89381
3.22837
3.82268
2.99741
3.79393
3.10174
3.35765
2.14309
2.90233
3.76380
3.42314
2.48947
4.00000
3.64390
3.41251
3.02170
3.71528
2.24525
2.24889
3.84686
3.94717
3.53142
3.59056
1.83558
2.61865
3.84426
2.27066
3.76238
2.98084
2.39768
3.65495
3.27747
3.72408
3.68139
3.33951
3.72981
4.09540
3.75750
3.79220
1.29655
3.49858
1.60807
2.64373
4.03472
2.96500
1.32537
3.70326
3.66422
3.44349
3.50522
2.80334
2.95920
3.58580
3.33487
2.40562
3.89457
3.78240
2.96650
2.87798
2.21820
2.83077
2.70698
3.29761
3.60047
4.10706
3.81836
3.30095
3.73349
3.88183
3.50094
1.28512
2.99062
3.10791
3.62002
3.34176
3.83096
3.40201
3.27857
3.58845
3.72325
3.03344
3.66929
2.26193
4.01542
0.80792
3.57200
3.20236
3.88617
2.26047
3.02183
3.28836
3.23528
3.22196
3.13731
3.86165
3.44259
3.54749
2.80032
4.11565
3.72508
3.52381
1.03040
3.43056
3.67849
2.37383
2.65579
3.75605
3.51096
1.96768
3.70297
3.25138
2.12003
3.14216
3.60574
3.23722
0.64201
2.26221
2.56239
3.54158
3.84693
1.22360
1.46495
0.99987
3.85191
0.23514
3.26112
4.08454
3.14231
3.78549
2.71221
1.17813
3.61885
3.57859
1.88633
3.66745
3.27428
2.26267
3.79041
2.42605
3.54843
3.06846
0.49447
3.75436
2.76693
3.67876
3.39227
2.43272
3.47931
3.78034
2.83272
3.35369
2.17447
1.47269
1.99308
1.89712
3.61524
2.80214
3.64074
3.59117
3.93314
2.97950
3.68285
1.50659
3.22968
2.59233
3.95780
3.66110
3.23913
3.95072
3.41830
2.90566
3.49223
3.47071
3.11753
3.60187
3.28546
3.61434
2.51222
2.77171
2.66082
2.28399
3.66830
3.81966
3.60138
3.43226
3.53660
4.01854
3.72512
3.31953
3.89487
2.15058
3.23820
3.61962
3.83662
3.47616
3.52232
3.74972
3.43435
4.10498
3.32833
2.07511
1.37677
2.90063
3.65631
3.22283
3.06442
3.47015
0.50910
3.51930
3.86876
3.40970
3.92598
1.24393
3.72141
4.00237
3.44723
3.87685
2.89770
3.87545
3.85095
1.75408
3.73186
0.82873
3.80795
3.71806
2.86321
3.62236
3.64462
3.52159
2.75787
2.90913
2.59524
3.04572
2.27812
1.59985
3.53227
3.45584
3.52841
3.57369
2.66089
4.06630
0.75026
3.82878
3.08767
3.03557
2.99604
3.42257
3.71622
2.62370
3.71547
3.18538
2.44013
2.79953
3.59802
1.65914
2.28454
3.98330
2.98301
3.27838
3.91121
2.89106
2.81483
3.41526
2.78676
2.49273
3.63492
3.57649
2.16695
4.14891
3.76814
2.01742
4.09205
2.69500
3.21534
3.56501
3.82038
3.90865
4.05380
3.37410
3.34635
2.08623
2.92842
3.64921
2.97924
1.39815
4.05275
3.95202
2.81740
3.47756
3.83164
4.03207
2.50845
3.61854
2.57846
3.98701
3.50357
3.17099
2.66364
3.25808
2.91783
3.94380
3.88832
3.14801
2.43016
2.86661
2.69423
2.86589
3.40854
3.61953
2.62801
3.34403
2.91408
2.80201
3.29284
3.23021
3.84881
0.45218
3.61255
2.15262
3.41055
2.07488
2.82620
3.82120
3.56288
3.32654
1.68379
3.43753
4.01651
3.78728
3.95125
1.69619
4.01662
3.70804
2.72058
3.49087
0.34188
3.55444
3.48642
3.79392
3.21118
2.26196
3.99049
2.29783
2.93369
3.72309
3.44759
3.67728
2.72033
3.60830
3.83972
3.39697
3.22375
3.71395
3.93823
2.68800
3.78642
3.84389
3.10156
3.72863
3.59775
3.65412
1.44584
3.22907
3.74764
2.76045
2.66587
2.48176
1.49902
2.96332
3.74192
3.82730
3.17192
2.29903
3.68821
3.71244
4.07664
3.31445
3.13503
4.09850
2.58677
2.31156
3.67666
2.48117
3.89080
3.23760
2.17830
2.84876
4.03303
3.39148
2.01845
3.18857
3.74688
3.78212
3.27967
2.28176
3.54467
1.61728
3.17239
3.26595
2.46603
3.70081
1.78391
2.04496
3.73933
3.74808
4.11088
3.44711
2.65046
3.57504
3.51043
2.88500
3.51629
3.40323
3.53164
2.74557
3.90937
3.64277
3.22820
3.64805
4.10684
2.90873
3.94769
3.52778
3.35469
2.49506
3.15687
3.23140
2.94107
3.29918
3.97187
2.46152
2.64297
3.69320
2.72793
0.94038
2.62262
3.25042
3.83484
3.26554
3.66296
2.13577
1.34820
3.97682
3.79240
3.36964
3.42763
2.94959
3.75003
3.59109
3.33952
3.74934
3.92085
3.60492
1.35080
2.94491
3.43125
3.83557
1.10199
2.52779
3.89054
2.48664
2.97508
2.66124
3.51487
2.11572
3.62375
3.68435
0.29362
3.67808
3.75959
0.89658
2.51026
3.72899
3.21911
3.45191
3.11842
3.25727
4.07309
1.16840
2.22788
3.40740
3.41050
2.23003
2.27751
3.54776
2.79976
3.44629
3.38395
3.46907
3.87069
3.77475
3.60281
3.43413
1.29543
1.86306
3.86545
3.95197
3.01246
2.63766
3.00296
2.12215
3.78258
2.48131
2.98771
0.81001
3.44975
2.15753
1.67272
3.53634
3.87022
2.77799
3.14258
3.94178
3.53139
3.72037
4.01985
3.06821
3.25387
3.88249
3.49754
3.37658
2.07693
3.50143
3.47133
2.63349
3.07991
3.39392
3.55584
2.71390
1.72659
3.53256
3.52713
3.55332
3.73477
3.36680
3.55780
3.16843
3.58582
3.54264
2.61053
3.75504
3.55199
3.06753
1.57807
4.05984
3.58169
2.10349
3.95719
2.91823
3.10940
3.31637
3.77226
1.44844
3.60615
1.73616
3.43585
3.25026
2.84327
3.08469
3.20818
2.44666
3.17953
3.79207
1.63206
3.18351
3.69029
3.80505
4.08742
3.20668
3.83894
1.83143
3.70676
3.57947
3.80150
2.36929
4.07112
2.76677
2.72944
3.53083
3.63102
3.40414
1.92851
1.82463
1.92116
3.19501
3.58870
3.62843
3.88956
3.75241
2.88034
2.39098
1.91045
2.99144
3.67625
3.61741
3.71089
3.88227
3.68354
3.07391
3.06372
3.33088
2.34903
1.67137
3.50265
3.31300
3.46328
1.73432
3.63945
2.46379
2.71959
3.90866
3.57623
4.01391
2.97981
3.25643
1.99504
2.91594
2.30114
3.38067
3.71777
3.63238
1.58173
0.92225
3.40530
2.89739
3.48829
3.07677
3.87120
2.57867
1.68806
3.96575
4.17773
0.62324
3.02588
3.38457
1.51945
3.98642
3.68455
3.37594
3.94420
2.70493
3.52504
3.02433
3.35042
3.48596
3.25639
3.81608
3.64960
3.91976
3.37519
3.65183
2.61817
3.95408
1.79353
2.63664
3.70515
3.48308
2.88348
3.22316
1.18334
2.96376
1.94318
3.45330
2.75526
3.79405
3.71786
2.06035
3.10909
3.53556
1.35809
3.18297
3.04447
2.93943
1.11399
3.41136
3.93779
2.86437
3.66567
2.72744
2.71481
3.84680
3.80636
4.05211
3.48079
3.57719
3.06355
3.76546
3.92034
2.10454
2.22795
3.62638
1.96099
3.64940
3.19566
3.02076
3.65593
2.50192
3.86568
1.51331
3.74666
1.34660
2.77715
2.01975
3.12684
2.49981
3.92192
3.46948
3.25674
3.68461
3.68838
3.66709
4.01512
3.35693
3.48786
2.76229
2.96481
2.89284
3.35446
3.16617
3.64102
3.70990
2.30053
2.99753
2.36340
3.24513
2.60855
3.93283
3.94734
3.50187
2.55378
3.23654
1.29500
3.63711
3.97880
3.10288
2.74144
1.57340
0.40145
3.33038
3.18879
3.09630
2.09106
3.40638
2.87225
3.16742
0.97993
1.86350
3.76768
3.78996
3.80032
2.33417
3.35738
3.87443
0.57374
3.92004
3.55104
3.51889
2.37825
3.19919
2.54993
1.91649
3.12263
1.95448
3.68068
2.18656
3.45269
2.87069
3.79825
2.23299
3.89380
3.80804
3.76623
3.59315
2.42299
1.49724
3.74809
3.70869
3.73571
3.84495
3.77474
2.67319
2.78599
3.07543
3.81569
3.47023
2.42070
3.14697
1.91055
0.99769
3.85181
3.61767
2.11172
4.02884
3.56252
3.79803
3.50959
3.82361
2.93711
3.35718
0.96407
3.78525
3.09665
3.36723
3.10880
2.34401
2.97979
3.79430
2.99014
3.83391
3.16151
3.46241
2.37871
4.04552
3.68468
2.88230
3.81645
3.72215
3.28939
1.45815
3.64470
2.85211
3.27360
3.65044
3.27044
3.31959
3.18409
2.24844
3.83507
3.14598
3.99247
4.00480
3.34491
3.37531
3.46324
3.13746
2.96079
1.56642
3.36518
3.59812
2.37179
3.34561
2.77021
3.92329
3.42693
3.04362
2.71057
4.10309
3.68369
3.64541
2.87624
3.72037
2.13524
3.76724
3.57821
3.39338
3.66872
3.01376
3.93945
2.19132
2.79322
2.48675
3.80869
3.11676
3.62086
2.44770
2.44145
4.02267
3.71973
3.18482
1.08884
3.42111
3.65244
3.53691
3.75084
3.70580
3.38784
3.94111
3.60877
3.91896
4.02500
2.11928
3.45847
3.98706
3.43095
2.97810
3.60918
3.40380
3.23956
4.12503
2.10105
3.15813
1.65543
3.72516
3.46576
3.71477
3.90760
3.60807
3.20334
3.59755
1.75897
3.13279
3.72038
3.86743
3.35915
3.36085
0.86935
4.13449
3.54392
3.10949
2.89323
1.87018
1.48151
3.87545
3.48467
3.91077
3.91044
3.63128
3.56470
3.39724
3.50529
4.09349
3.27076
3.37449
3.86047
3.57402
2.57204
3.66960
3.41340
3.42972
3.12292
3.19436
3.22927
3.10039
3.20782
3.64542
3.58866
3.29688
2.36098
2.34607
3.84461
3.47885
3.47239
3.91768
3.86297
3.60638
3.43087
3.86472
2.62750
3.78865
3.57149
2.40964
3.25351
3.50897
4.05167
2.51356
3.91949
4.05320
3.87049
3.52717
3.63334
2.57647
1.78950
1.11140
3.57277
3.84459
3.29877
2.44034
2.57526
1.89907
3.16922
3.83999
3.56155
1.76057
0.37595
3.76852
3.98690
3.32602
3.06411
2.86348
3.45252
3.50046
3.72289
2.78056
2.78843
4.02578
2.58935
3.70947
3.84762
3.76185
2.69386
3.77562
1.78447
2.53347
2.93444
2.93019
1.08229
3.78419
3.19284
3.81491
3.80484
4.10389
3.15925
3.62469
3.34069
2.94781
3.95655
3.93145
3.67529
3.01915
3.65176
3.86334
3.05645
3.82280
3.55672
3.65463
3.55159
3.09944
3.42081
3.16004
3.31234
3.97416
2.32806
3.53789
3.68796
3.88656
1.80316
3.77826
2.77427
3.06808
4.01303
3.66523
3.62185
2.87121
3.57992
3.80639
1.78406
2.98013
3.05325
4.00249
3.83012
2.91754
3.68833
3.59140
3.75297
2.62009
3.53513
4.02036
3.13188
3.08553
3.20870
2.93382
1.98599
3.74496
1.54148
4.21018
3.42320
3.46980
3.56313
3.76991
3.36597
3.61894
3.71248
3.65238
1.57356
3.13888
2.20268
4.10697
3.81280
3.84213
3.24085
3.00969
1.88055
2.64559
3.57859
3.72430
4.15333
3.97450
3.50456
3.35875
3.57801
3.31065
3.80378
2.10596
3.21007
2.72549
1.91347
3.10852
3.34728
3.87586
3.50513
3.32176
2.28540
4.05898
3.40521
3.45799
2.40504
3.14343
3.01727
3.21654
3.68643
2.42793
2.22416
3.10476
3.41024
2.90757
2.89058
3.37817
2.61192
3.93515
1.09052
3.23055
2.39376
3.54033
4.20054
3.38684
3.91427
1.89825
3.38227
3.57536
3.30061
1.98767
3.31175
2.47271
3.53177
2.78520
3.07281
3.41335
2.96450
3.89672
2.53947
3.71934
2.46183
3.34330
3.07967
3.29832
3.21381
3.06164
2.64766
2.12895
3.39565
1.29865
3.70393
2.81715
3.23544
0.77616
3.42827
2.97236
3.35820
2.83778
3.78502
3.61578
3.76045
3.98944
2.67152
2.95007
3.82840
3.75348
3.99795
2.70511
3.42181
1.74204
3.60013
3.24116
3.55599
3.68056
3.38692
2.30326
3.09435
3.67923
1.87590
3.50482
3.51579
2.18167
3.21802
3.33231
3.18539
3.52869
3.87080
4.10908
2.79030
2.77265
3.62674
3.53384
3.78956
2.61228
2.15887
1.96429
3.59147
3.75924
3.95950
1.43095
3.60722
3.00931
3.13056
3.26476
3.87475
3.22189
1.65789
3.54379
2.55055
3.24514
3.41718
2.87420
3.93993
3.54995
3.32736
3.69592
3.15962
3.27076
2.75069
2.85840
2.94023
2.33172
2.52665
2.96838
3.00453
3.64904
3.51984
3.16041
3.65821
3.15380
3.95136
3.37409
3.74427
3.30352
3.83931
3.05199
3.14417
3.19945
3.54682
3.11533
3.68288
3.40342
3.67781
3.11183
3.90682
3.43736
3.51165
3.91888
3.88781
3.45270
3.34363
2.79350
3.65393
3.58839
3.81865
1.27656
3.57479
3.89483
3.91737
3.57336
2.35480
2.75713
3.37028
2.75913
3.81750
3.58668
4.04286
1.97488
2.10583
2.91453
2.21117
3.72012
0.13841
2.86375
3.73689
3.56854
4.07141
3.43481
2.62565
2.39111
3.68853
1.78836
2.96710
3.95150
3.15865
3.01428
3.87294
3.77207
3.70204
3.80996
3.45847
3.30606
3.63129
2.95874
2.94385
3.85446
4.00660
1.76317
2.62564
3.83785
3.91481
1.62694
1.72963
2.41231
3.76648
3.72982
2.62498
3.75548
2.48496
3.96981
3.35128
3.55668
3.81713
3.58721
2.65526
2.13759
3.17960
3.91792
3.72242
1.91904
1.04391
3.75334
3.31384
1.91749
3.76933
3.65786
2.64202
3.58548
3.35431
3.72279
2.72742
2.39334
0.56910
1.67438
1.45743
1.89531
3.61358
2.84310
0.67341
3.56559
2.24484
1.29581
3.42459
2.38886
2.91248
2.82844
3.59886
3.36150
3.69311
3.96057
3.80319
3.51493
2.38677
0.92810
1.71075
4.08279
3.61207
3.54125
3.66079
3.18084
2.08390
3.72373
3.80562
1.85081
2.86701
3.62823
2.54573
3.60015
3.39938
2.77548
3.57602
4.03612
3.76571
2.28147
4.02489
3.61147
2.73527
2.10404
3.59483
1.75025
3.84218
3.40219
2.10348
2.30253
3.52519
3.77703
1.88084
2.16316
3.64524
1.09762
3.88406
3.22417
3.96873
3.47493
4.04356
3.71392
1.66090
3.19355
2.48242
3.63201
3.24986
3.99301
3.45454
3.80165
2.98920
3.56590
3.70254
3.06786
3.79849
3.77436
2.92123
3.70053
3.13368
3.05125
2.99639
3.33982
4.13861
3.44028
3.00335
3.74624
4.12510
3.86105
3.87850
4.12307
3.89076
2.60167
3.56454
3.75318
2.56896
3.45779
4.01295
2.57678
3.92308
3.92517
3.08078
3.42773
3.94548
4.03845
2.86122
3.75745
3.01990
3.83971
2.87700
3.48771
1.64041
3.72729
3.51782
3.36758
1.94951
3.90398
2.16440
2.11925
3.54140
3.47159
2.79545
3.38982
1.55992
3.55597
1.66267
3.74428
3.28463
2.66684
3.05068
2.54282
3.89830
3.20130
3.90066
3.54276
2.65243
2.80560
3.83895
1.94355
3.14154
3.72155
3.38544
3.07218
3.21976
3.85413
1.92087
3.49044
4.00912
3.73061
3.84089
3.58445
3.65488
0.70098
3.39734
3.04215
2.50986
3.69335
3.26219
3.82392
3.18797
3.82303
3.54379
2.52034
3.99800
3.22614
3.94328
2.96696
4.01751
3.48876
3.56801
1.64978
3.44367
1.31620
3.31663
3.77583
3.59322
2.86526
3.80968
3.79086
3.70228
2.53087
3.97152
2.24783
2.35992
3.58636
2.61716
3.34537
4.01773
3.61215
3.89744
2.86510
2.46443
1.72824
3.75791
2.45708
1.63859
3.63663
1.30019
2.23947
4.05151
3.68861
3.80523
3.51313
3.58780
0.12486
2.93202
3.46414
1.16057
3.81359
2.96282
0.23628
2.12540
3.68715
3.08483
3.91344
3.35416
4.00743
3.91273
3.49606
3.07554
2.43213
3.37567
3.96920
2.18865
1.08341
2.96945
4.01596
2.23123
0.16513
3.87206
3.07955
3.06638
3.22672
3.72457
3.57028
0.76490
3.53801
3.50275
3.56043
3.51518
2.95990
3.66740
3.37130
3.25331
1.38497
2.87562
3.12868
1.64554
3.80805
3.15754
1.64434
3.35114
3.68541
2.20290
3.48151
3.72860
3.91254
2.99318
3.41699
3.83342
3.48685
3.51815
3.69161
3.44741
2.06752
3.93682
3.23491
0.45996
3.32050
3.16627
1.76320
2.91221
3.87052
3.38555
3.64224
3.75142
3.57882
3.52568
3.19823
2.46676
2.81784
3.65104
4.12586
3.70523
3.83448
3.54101
2.56243
1.62759
3.23678
3.62345
3.76156
3.70029
3.83600
3.94311
3.82524
3.47063
3.60652
3.16425
3.50651
2.96979
3.40235
2.00372
3.22643
3.16259
3.83738
1.08587
3.67894
3.91709
3.77365
2.33911
3.58599
3.28578
3.97702
3.64751
4.14896
3.66562
3.19556
3.54507
3.91165
3.91682
2.48619
2.98785
4.14715
3.13304
3.22297
3.74152
2.96163
3.40035
2.51928
3.34405
3.64092
3.65416
3.77669
3.98615
3.19689
3.59802
3.89580
3.67777
3.97950
3.56017
3.91868
3.78436
4.06896
1.95559
3.95797
2.53146
2.91193
4.13341
3.82461
4.06658
1.17091
3.08574
3.78216
3.85838
3.06926
3.80801
2.24626
4.14334
3.94480
3.50438
3.58508
3.99413
1.59739
2.01204
3.74716
3.28545
3.83189
3.08862
2.86317
3.59426
3.85237
4.10384
3.96143
3.53447
3.54999
4.01469
2.65962
3.20200
3.38488
3.36070
2.34008
3.51430
2.81017
3.55416
2.76986
3.87058
3.65079
3.78260
3.97476
1.88256
3.41026
1.76382
2.66836
3.75752
2.91081
3.80717
3.24858
1.41528
2.81640
1.09262
3.14777
1.31833
3.70768
3.67248
2.55470
3.82981
3.06412
2.23266
3.67664
2.88997
3.61080
3.23743
3.46281
3.92373
1.78160
3.95505
3.33953
2.37776
2.65863
3.47731
2.00810
2.16823
3.92020
3.87868
3.51832
3.91466
2.56544
3.71425
2.77127
2.91062
2.60633
2.85812
1.38648
2.22789
2.18125
1.79873
0.70651
2.43122
3.86711
3.32494
3.58946
2.95849
2.69846
3.20608
1.60100
1.03419
2.04513
3.68090
3.51671
3.60623
3.55354
1.83404
3.08873
2.04364
3.61833
2.58840
2.27900
3.93632
3.64330
3.65210
3.69194
2.95258
3.73489
3.26056
3.75103
1.84994
3.52027
2.71789
3.30424
1.77273
2.53677
3.11795
3.58451
3.34318
2.94139
2.53086
3.90457
3.43141
3.84708
2.89322
1.79036
3.82818
3.37610
1.93588
3.59323
3.15845
3.00349
1.57398
1.57676
3.58635
3.90389
3.38952
3.11047
3.94505
3.11386
3.58887
3.82282
3.39939
3.97084
3.29207
3.83159
4.01954
3.11791
2.95898
4.09451
3.77050
1.56026
2.92008
3.34780
3.66776
2.10604
1.94195
3.52423
3.09440
1.88637
3.94034
1.66018
3.46532
3.09655
3.65705
2.93281
2.90328
2.71904
3.23184
3.62957
3.75396
3.00584
3.95690
2.44186
3.00718
3.47430
2.46418
3.70738
3.00159
3.14748
3.63887
3.73434
3.24669
1.91175
3.77219
3.05086
3.89575
4.12546
3.57078
3.80856
3.85780
4.08070
3.69659
3.40198
3.08088
3.97905
2.31533
3.80075
3.48670
2.55670
2.08064
3.30190
3.64986
3.50633
3.74704
0.55745
3.70421
1.63167
3.61652
3.74156
2.83791
3.90441
3.05625
3.83308
3.89521
2.95222
3.40128
3.38527
2.98543
2.82025
2.52983
3.30951
3.72637
1.63249
4.07381
3.85485
3.45268
3.64359
0.21043
3.20190
1.99825
3.82443
3.55829
3.67413
1.92080
3.59568
4.09051
3.15986
3.71848
2.68893
2.20401
4.02586
2.85579
3.37268
2.56908
3.55794
3.79973
3.96781
4.00227
3.50215
2.14751
2.22017
2.84897
3.39841
3.08525
3.52507
3.36839
3.57412
4.06031
3.37076
3.00141
3.40875
3.60162
3.03421
3.50806
2.73883
2.75706
3.19515
3.48856
2.94423
2.51534
3.73522
3.37223
2.23747
3.50316
3.74466
3.14278
2.50274
2.22358
2.94845
2.86230
2.74213
3.13257
3.70609
3.39628
3.93951
2.94142
3.24297
2.68553
2.05402
1.96532
3.31906
3.07609
1.81750
2.72013
3.20884
3.39577
2.49564
2.52754
3.39587
1.97650
3.51262
3.88970
3.63465
2.95919
3.20994
2.99355
2.97898
3.80475
2.95126
2.61125
3.56843
3.02967
2.08756
3.96892
4.01480
3.31239
2.76274
2.29111
3.77095
2.15805
3.62444
3.44591
2.79017
3.60288
3.71450
1.69869
2.37688
3.55683
3.40279
3.67726
3.23969
3.56042
3.57114
3.62540
2.56363
3.80379
3.60099
2.08842
3.28873
4.04773
3.17173
3.84393
2.08069
3.82598
3.28895
1.29989
2.47761
3.99958
3.57935
3.86428
3.08681
3.80524
3.13084
3.76137
2.68492
3.17808
3.75231
4.11357
3.32225
3.67156
3.43511
3.14734
3.44613
3.21003
3.70245
3.48625
3.18782
2.57678
3.47694
1.61996
3.33624
2.77497
2.42732
2.47907
3.69781
3.62030
2.40984
3.78704
1.18452
3.28126
2.29166
3.87110
3.48971
4.11232
3.07026
3.51650
3.82409
1.81029
2.50768
3.81487
3.60869
3.09562
3.27113
3.28830
2.92401
3.78771
3.26762
3.98884
3.75232
3.63808
2.40703
3.69887
2.23280
3.16257
3.46981
3.06903
2.95088
1.35838
1.06796
3.56267
1.65478
3.25121
2.51753
3.75089
1.74386
3.93506
1.25324
2.71364
2.42032
4.06206
3.85595
2.67721
2.02738
3.11868
3.56353
3.69914
3.84059
3.03928
4.02069
3.88487
2.66697
3.45000
3.07415
1.74394
1.75622
3.58471
3.63438
3.83184
3.44683
3.59276
3.88438
3.57547
2.75696
2.76746
3.72098
3.61554
3.32878
4.11458
3.85222
3.97073
3.64611
3.64697
1.23108
2.86828
3.89925
3.40876
3.40525
2.86782
3.11996
0.95865
2.67306
3.20427
3.11692
3.79869
3.49278
2.64185
3.56291
3.38181
3.75408
3.47380
3.74978
1.62615
3.17227
3.91542
3.02288
3.52850
3.88190
3.31897
2.59926
1.70307
2.96620
2.08053
0.34681
3.26951
2.77311
3.52936
2.99638
2.67172
3.86355
3.65939
0.99789
4.00531
2.49225
3.88972
2.21422
3.73536
3.49835
3.11628
2.41625
2.34479
3.10455
0.96651
3.46020
3.16739
3.11395
0.91182
0.95246
2.33001
2.78497
3.30058
2.55962
3.55202
4.02644
3.38696
3.43166
0.58258
2.71755
1.84506
2.19315
3.71173
3.34562
3.34970
3.34287
3.75968
1.75743
1.60805
1.09354
4.06133
1.34882
2.80248
3.71058
3.83676
1.63517
3.63770
3.22548
2.93329
3.50796
3.79950
3.11866
2.85540
3.21763
3.49101
3.50099
3.65214
2.93437
3.73335
3.64920
2.26988
3.69805
3.79459
3.73131
3.65075
1.00893
3.41950
3.15734
3.35050
3.79820
3.70114
4.10680
3.54946
3.49147
3.26672
3.27801
3.68162
3.21888
2.91121
3.90390
3.62929
3.59313
3.73707
2.36452
2.48116
3.25068
2.33180
3.69968
4.09721
2.34109
2.25578
2.26843
3.44792
1.50908
2.94470
3.89393
3.78016
3.85121
3.61677
3.70225
3.73912
3.45549
1.84945
2.58064
3.32847
3.80292
3.34262
3.85870
3.64417
3.53313
3.24994
2.12729
2.70510
3.61615
4.13013
3.01479
2.90523
3.94871
3.41201
2.88902
3.94930
3.25400
3.36932
3.66693
2.71550
2.84898
3.48328
3.95912
3.91050
3.49762
3.61631
3.65173
2.22586
2.88458
1.50944
1.82713
3.83279
3.95566
3.92891
2.09289
3.89281
3.59158
3.47333
3.21876
3.14722
3.72778
2.23103
3.11757
4.17786
3.78882
3.50176
1.19386
2.94586
1.11110
1.29467
3.31598
3.81044
2.38508
2.87193
3.92494
4.01290
2.70464
2.03853
3.73801
3.21334
1.94545
2.32292
3.39699
2.30025
2.11289
3.83308
2.52172
3.59559
2.50317
3.29349
3.06094
2.39687
4.06600
2.74374
3.01638
3.49940
3.79351
3.63687
3.40300
3.25537
3.54109
3.29500
1.55491
3.74362
2.83905
3.44660
3.25652
3.40193
3.22503
4.08518
3.96174
3.81798
3.22837
3.33016
2.37817
3.10585
2.09504
0.73900
2.78157
3.85197
3.55539
3.96903
2.67288
3.64534
2.54128
3.78761
3.96112
3.49334
3.84255
3.68958
1.64356
1.89730
2.16161
3.70179
1.76861
2.82104
3.49840
3.05764
2.54262
3.60683
2.75673
0.95448
1.91690
3.93141
3.63058
2.01608
3.59882
3.66358
3.84284
3.49257
3.11186
3.48411
0.94557
3.65381
2.84132
3.85568
3.31046
2.43299
2.70654
3.45951
3.97311
3.86836
1.40415
3.44237
3.19826
1.37182
3.89412
3.80034
2.94572
3.51179
2.92655
3.56151
3.19603
3.12376
3.31710
1.88124
3.63441
2.02253
4.09705
3.19911
3.89067
3.27604
0.92031
2.33001
2.34754
4.13909
2.26384
3.54705
3.91438
3.95124
0.78252
2.48442
3.86229
3.69505
2.05831
3.40020
2.47650
3.08954
3.43541
3.77656
3.52822
3.50077
3.50936
2.31658
2.43339
3.82582
2.44306
1.52961
2.70535
2.68085
3.62616
3.80807
3.22997
3.75040
2.85115
3.76137
2.65015
2.15594
2.25627
3.51879
4.05622
3.61181
3.92158
3.16864
4.03287
3.57284
3.21810
3.85464
2.00669
1.77501
3.58894
3.59813
3.86533
3.55158
3.54944
3.89148
2.84373
4.19040
3.18815
4.09988
3.68493
3.16433
0.61688
3.97761
2.59875
3.89773
3.38332
4.08119
3.54847
3.84275
3.70951
3.11522
1.95863
2.75246
3.57617
2.06896
3.33253
3.38570
3.19445
3.62708
1.45102
3.39487
3.16113
1.94166
3.45006
3.48795
2.71959
2.14768
3.15870
3.48465
1.61752
3.30165
2.66827
3.63539
2.70677
3.20110
3.62347
3.53682
2.43442
3.91933
0.31170
1.98090
3.41926
2.54168
3.33986
2.87079
2.98504
3.99936
2.37019
2.16438
3.04918
3.57034
0.54463
2.60004
1.94539
2.69105
3.03762
3.40086
3.25405
3.41354
3.57801
4.01417
3.97779
2.98894
4.00120
2.15532
3.69429
2.88722
2.53734
3.88544
3.44092
3.52017
2.74870
2.60047
3.45094
1.83346
2.68281
3.43477
4.03850
3.05881
1.39928
3.69651
3.65381
0.57472
1.78193
2.42895
2.03635
2.76033
2.89315
3.57939
3.49342
3.79130
2.74407
2.83659
2.09945
3.66512
2.10083
3.20838
3.69777
3.56189
3.98001
2.89470
3.68162
2.97871
2.96080
3.69797
3.73192
2.79078
3.32978
3.76048
3.00805
3.48401
3.73833
3.70580
4.06448
2.23478
3.21038
3.69660
4.01991
3.30121
1.04378
3.14663
3.62598
2.66842
3.74248
3.94421
1.75373
3.87372
3.66926
3.82099
4.25078
1.60043
3.35533
3.52294
2.20613
3.63685
3.78868
3.73208
2.54235
2.73587
3.27195
3.41873
3.47176
0.78303
0.93377
2.98167
3.06023
2.02755
3.87405
1.96784
3.90728
2.76030
3.78719
3.73470
1.33155
3.68776
3.70408
2.31959
3.69054
3.23700
3.32235
3.58581
3.32463
3.75031
3.57860
3.87855
3.17867
2.70846
1.73467
3.36120
3.40575
2.14898
3.78742
3.12858
2.66850
2.90054
3.76559
3.65997
2.21663
3.81790
3.45729
2.63247
3.51468
3.53650
3.68153
3.53517
3.02449
2.11267
3.32520
3.48501
3.67304
3.53860
1.83685
3.92726
3.69925
3.74043
3.82320
3.82673
2.14121
3.71883
3.52437
2.78519
2.93760
3.19363
3.19671
2.58628
2.53005
3.48670
4.01035
2.98075
2.80113
1.77665
3.22006
2.80468
3.76832
4.02090
1.13160
2.95487
3.86168
3.17756
3.90240
3.21904
3.87877
3.67649
3.58752
0.07211
3.18506
3.94183
1.54773
3.87175
3.77142
3.91104
3.54338
3.78593
3.40036
3.08306
1.70133
3.59309
3.24792
3.19358
3.83408
3.34951
1.04712
3.91471
3.72582
3.37139
3.72957
2.51659
3.85812
3.73255
2.72959
3.29235
3.88858
2.69934
0.66442
1.65044
3.89988
2.75862
2.97788
1.71335
4.00535
2.92337
3.09544
3.32313
3.41498
3.65393
3.69813
3.77304
3.39650
3.44072
1.28699
1.86255
2.47132
2.79942
4.03393
1.92818
1.80433
2.22378
3.55705
3.90488
3.56363
3.70443
1.87680
3.24347
3.16110
2.02361
2.09455
2.69948
4.03426
3.43078
0.64438
3.75675
3.08796
3.73830
3.13143
1.97166
1.05698
3.08884
1.64093
2.90926
1.68122
2.43316
3.43822
3.64988
2.50550
3.32687
3.69753
3.91812
3.71168
3.05259
3.91144
3.48812
1.29448
3.49659
2.87986
3.68718
2.77449
3.78209
4.20855
3.12275
1.99481
3.28005
3.07262
3.41914
2.69934
3.50006
2.38932
3.73362
3.38774
3.98017
3.66839
3.42253
2.40473
3.70175
0.52620
3.72183
1.88716
3.62681
2.99043
3.66334
3.88645
3.61603
4.06991
3.54516
3.78873
2.68689
3.83347
3.44683
3.86027
3.90278
3.77538
3.82322
1.59851
3.78348
3.78869
3.08438
3.17871
3.73404
3.81448
3.54766
3.24687
3.96753
3.54852
3.84145
3.87934
3.46046
2.13135
3.51870
3.93098
2.51495
3.37320
1.97352
3.71195
3.08975
1.09993
2.61805
2.69718
2.93492
3.57571
1.87061
3.70915
2.87469
2.09500
3.86854
3.56844
2.00346
1.13124
3.33862
3.52516
2.70207
3.87802
3.13528
3.49674
3.64328
3.87426
1.96532
3.64619
4.03842
1.46862
2.42971
3.95378
3.58558
3.83981
2.79652
3.08689
2.61045
3.39003
2.99066
3.69466
3.57387
3.39344
3.55238
2.91729
2.92806
3.36446
3.82423
3.82408
3.45525
2.38291
3.69733
3.76528
3.50701
2.07452
3.46647
3.72862
1.35335
3.82597
1.00380
3.53737
2.72776
3.20498
3.40362
3.79486
3.87910
2.51470
3.49082
3.51639
3.26581
2.90527
2.13483
2.07092
1.70493
2.90433
3.02921
3.40454
3.01326
3.74196
3.76026
2.68462
3.77567
1.64914
1.78480
2.06507
2.41136
3.86457
3.55906
0.76412
3.58769
3.56541
3.48045
3.40747
2.73985
2.49037
2.20975
4.01659
3.56331
3.41709
3.40168
3.39387
3.64432
3.82544
3.56844
3.70406
3.88617
3.61215
2.96906
3.88561
2.80967
3.74218
3.74454
2.67540
1.00012
3.42705
3.59558
3.78343
2.86668
3.39317
3.76405
2.68510
3.62564
3.12544
3.13448
2.32603
3.17428
2.58402
3.94177
3.90099
3.45132
1.25968
3.12339
2.06327
3.53463
3.63385
2.27145
3.64468
3.58243
3.12635
3.73961
2.39858
2.13347
3.80036
3.66691
3.14727
2.47987
3.14350
2.57616
2.66289
3.13672
2.62066
1.61092
3.86344
2.87408
3.93600
4.08302
3.34770
3.19824
2.48620
1.57470
2.97348
3.54817
3.76205
3.83580
3.15987
3.55909
3.13348
3.01822
3.78332
2.88997
3.09656
3.32587
3.57541
2.67842
2.80957
3.60442
1.21432
3.68420
3.98113
2.84426
3.86612
1.76535
3.78130
3.99886
3.52863
1.61375
2.74720
3.35617
3.43302
3.59714
3.08107
3.60376
3.44642
4.00848
3.27823
3.93499
3.71539
4.04575
3.64703
3.28646
3.65005
3.76508
3.61572
4.01218
3.31490
2.05202
3.71085
3.52071
3.61550
3.76102
3.86200
3.41612
2.50739
3.84413
3.99079
3.88941
3.06992
1.40812
3.31927
3.21022
1.58274
3.79632
2.95610
3.20337
3.03914
2.96132
3.13513
3.66528
2.76984
3.65314
3.59836
1.71796
1.55046
3.76964
3.81208
2.72784
3.20169
2.84610
2.30545
2.46163
2.84841
3.26935
3.84012
3.54668
4.06809
3.90542
3.91215
3.40615
3.89813
3.73996
4.07616
3.58663
4.00359
2.81320
3.60589
2.76791
2.89762
3.19519
2.11681
2.85008
2.53993
3.38760
2.55391
2.54211
3.66836
3.08529
3.02269
0.85010
3.48520
3.72795
2.88833
2.80170
3.86219
3.55477
3.81120
3.59037
1.94088
3.84539
4.02852
3.80774
3.38854
2.03358
3.21047
2.57739
2.11348
3.52180
3.96579
3.17611
2.73239
2.33650
2.98065
4.03555
3.74813
3.22064
2.56234
3.87344
2.91312
3.08759
3.77789
2.86987
3.42971
3.61719
1.97084
3.44617
0.79189
2.34979
3.46598
3.47222
3.19950
3.56364
2.89203
3.93969
2.80000
3.66466
3.60150
3.73287
1.83501
3.88709
3.56100
2.36079
4.01795
3.57105
4.04110
3.46914
3.52385
3.35879
2.86070
4.06835
3.40447
0.63429
2.54395
2.61004
2.27556
3.36028
3.82076
3.76388
3.65080
3.77354
3.67527
1.49606
2.12628
3.66350
3.00198
1.65720
3.38345
3.38008
3.57166
4.00774
3.73505
3.46132
3.35602
3.68051
2.54233
2.27962
3.64910
3.64594
1.24275
3.79618
1.15218
3.49589
4.19844
3.28688
3.91542
3.53655
3.08180
2.94588
3.45988
3.38323
4.15030
3.30430
3.54751
3.77230
3.91221
3.80465
3.74751
4.03175
3.09716
2.38421
3.78956
2.34101
3.43616
2.17806
3.39684
3.97834
3.94366
3.60936
1.11334
3.93193
3.53379
3.97106
3.36457
3.80681
3.60194
3.91256
2.87948
3.64191
1.22405
3.24265
3.49655
2.78682
3.22090
3.82828
3.41833
3.12353
3.51137
4.02259
2.58152
3.14309
1.34096
3.25251
2.04687
2.49581
2.94465
2.31624
2.42856
3.64747
3.62708
1.30430
3.19323
2.96240
3.56988
2.88223
4.04619
1.63543
1.40459
3.00953
3.96011
3.38224
2.76274
2.71948
3.89212
3.37244
3.86560
3.29433
3.70027
3.70603
3.57773
1.64838
2.96710
3.76537
3.69407
4.00503
3.54661
4.08893
3.47065
3.63876
1.68678
3.79500
3.77051
3.06312
0.06216
2.25043
2.50130
3.37003
2.60626
3.27112
3.17572
2.89848
3.65354
2.72581
2.87280
3.13535
3.70912
3.95129
2.80992
3.79446
2.46227
2.88051
2.38770
2.87246
3.50997
3.75824
3.33950
3.98217
3.78590
1.55054
3.75022
2.06975
1.29668
3.26551
3.60363
3.39833
3.85115
3.06852
3.65826
3.39143
4.04437
3.64263
2.96425
2.11667
2.24391
3.92148
1.77263
3.56779
2.61689
3.18187
1.53693
3.60879
3.13650
3.79180
2.94200
3.96789
0.89459
3.77298
3.09107
3.60841
3.34973
3.70663
2.36499
2.61747
3.35687
4.07798
3.85161
3.77481
2.44687
2.89201
1.24604
1.87879
3.50048
2.14032
3.61246
3.74487
3.54707
3.54163
3.90608
3.78935
3.27876
2.62783
3.37599
2.79954
3.75371
3.44888
2.00577
3.06432
3.57298
3.18834
2.86375
3.39960
2.74708
1.61829
3.46424
2.71652
3.24021
3.56548
2.26521
3.25527
3.28025
3.92350
3.73977
3.71974
3.94225
3.08768
3.20428
1.30784
3.34062
1.52238
2.61990
3.77022
3.10548
2.01471
3.87256
2.11091
3.61223
3.50374
3.86238
3.08034
3.32740
3.63395
2.29395
3.52817
3.36933
3.51990
3.43978
2.40348
3.97940
3.59415
2.57895
1.23761
3.81692
1.86269
3.76704
4.13484
3.69450
2.96642
3.57179
2.71716
3.41675
3.84253
3.82062
2.88237
3.95130
2.25215
3.36621
3.38644
3.22468
2.75812
2.64141
1.98509
3.47626
3.52240
1.07724
3.32594
2.92510
2.71804
2.75075
3.48860
3.89953
3.35405
1.55902
4.05073
3.24139
3.26493
1.11505
1.86543
1.80583
2.72794
3.40629
4.03445
3.17725
3.61683
3.57168
2.51101
0.85940
2.59962
4.24061
3.12648
1.26719
3.57011
3.40721
1.66856
3.35905
2.24375
2.76358
4.00796
3.47524
1.35649
3.51896
4.01837
3.65159
3.42838
2.33535
3.80864
1.85513
2.55388
2.33566
3.76444
3.24444
3.00012
3.29223
3.88972
2.37238
3.66350
1.86086
3.96032
3.95784
3.06137
3.41533
3.28778
3.64379
3.65043
3.99263
2.63712
2.56938
3.76374
3.48648
3.68203
3.74418
3.17150
3.77220
4.02662
3.41844
3.68091
3.42303
3.02091
3.61614
4.11265
1.59598
3.54920
3.66970
3.80074
3.88678
1.62313
3.61007
3.84167
3.72375
3.35613
2.62215
3.32045
2.07733
3.20195
3.70569
3.98007
3.83649
3.94378
2.77828
2.24363
3.78284
3.84141
3.63279
3.13235
2.70886
3.99033
3.32936
3.58212
3.19698
3.66489
4.00706
3.40948
1.96118
3.02935
0.30672
2.06234
3.89355
3.93454
3.27716
3.33900
4.03164
2.42540
3.26825
3.14205
3.19497
3.15973
3.34847
3.82999
3.56647
3.39402
4.07925
3.65547
3.73190
3.50194
3.97375
3.66914
2.23628
3.73576
3.14891
2.49534
3.24880
3.85820
2.36344
3.95971
3.74705
1.58541
3.75249
3.16907
3.54828
3.64582
3.70238
2.68545
2.79249
3.02909
3.14568
3.21603
3.81013
4.12335
3.86489
3.83354
3.61452
3.84864
3.21612
2.59251
4.15251
3.60494
3.51826
4.07656
4.02445
3.09862
3.20781
2.86006
4.08274
1.19609
2.98021
3.80639
0.51318
3.92292
2.58535
3.58772
2.39261
3.16677
2.91934
3.70204
3.30717
3.56446
3.61347
3.36585
3.31805
3.19802
3.11518
3.16949
2.85314
1.90001
2.75186
2.56824
0.47998
3.45450
3.89123
3.47491
3.63719
3.38287
2.13159
3.25422
2.70290
3.58262
2.78421
2.99736
3.49744
2.96586
2.96132
3.80448
1.86364
3.74232
3.78074
3.63305
2.69121
3.13843
2.04591
3.91751
3.31137
3.00619
3.78374
4.02621
2.86540
3.68479
2.80508
1.10318
3.99749
4.00723
3.62587
1.94416
3.99031
2.98399
3.73975
3.51155
3.70154
3.68142
3.20439
3.31094
2.46767
3.80004
4.03522
3.86324
2.20247
2.60198
4.06778
2.14931
2.63262
3.19873
3.94545
3.72388
3.45569
1.86814
3.34614
4.15031
3.93606
3.98543
3.93892
2.18442
3.78050
3.39115
3.47624
3.21211
1.79030
3.05270
3.23585
3.19805
3.61468
3.79711
3.08313
3.82611
2.37579
3.65057
2.08663
3.96498
2.08354
2.18781
3.74855
3.42990
2.44928
3.88069
2.78390
3.13841
3.56994
0.88365
2.45867
3.26886
3.02930
3.72011
2.06603
2.61477
2.99937
3.40866
2.02372
4.14593
3.26256
2.30019
3.54438
3.09419
3.44847
3.57173
3.66143
3.72046
3.39769
3.72928
3.56262
1.91976
3.56545
2.38657
3.68834
3.00201
3.70580
3.74328
3.35325
2.93605
3.18313
3.87556
2.60409
2.88397
3.99933
3.82258
3.74173
3.07371
3.54522
1.70063
1.99561
1.87289
3.79662
3.68291
3.86646
2.08574
2.14051
3.25735
1.86949
1.88900
3.48085
3.54157
3.73224
3.80145
3.20250
1.83296
3.78889
3.61792
3.80342
3.25819
2.53099
1.58275
3.34998
4.11017
1.49021
3.55975
3.84465
2.77970
1.71603
2.87573
3.31780
3.65524
3.05066
3.21179
3.00106
3.68530
3.97466
2.96860
3.58792
4.17874
3.36447
4.08327
2.68596
3.80395
3.86970
3.46589
3.71677
3.64716
4.05596
4.00753
3.04221
3.47411
3.54983
3.90306
2.64846
3.77862
3.50621
4.01043
3.69081
3.13186
2.94740
3.86269
3.46272
3.32583
3.15631
2.21489
3.05265
3.82329
3.70068
2.45966
2.84921
4.05142
3.72041
3.97941
3.42849
2.28977
2.00021
2.28578
3.68906
1.98561
3.98423
3.91164
2.95435
3.61921
3.40675
3.62911
3.00943
3.03975
3.74868
3.87590
4.05564
1.21228
3.72514
3.79831
3.74743
2.08914
2.11185
3.35228
3.97208
3.61206
3.12960
3.65191
4.07503
3.43643
3.62817
3.75538
3.85989
2.03506
2.84353
2.66504
3.34605
4.04650
1.73338
3.58466
2.17431
3.83383
3.08014
3.16397
2.09661
3.84029
3.59062
3.91780
3.65549
3.26424
3.79793
1.60107
3.74679
3.43222
3.10697
3.28125
3.29393
2.57204
3.22027
3.77756
3.78315
3.52461
3.93626
3.37933
3.94163
3.86785
2.65492
3.74767
3.75798
3.31245
3.68774
3.80514
3.70248
4.14588
3.38026
0.36916
3.87765
3.54886
3.03995
2.91789
2.12666
3.64772
2.75661
3.52498
3.00916
3.89101
3.29006
3.01425
2.93635
3.88963
3.09945
3.38971
2.59270
2.72621
3.13424
1.86234
2.62893
3.11033
3.56057
3.53295
3.28109
3.54740
4.17612
4.29074
2.84318
3.67838
3.34074
3.93611
3.37569
3.80309
0.19303
3.32538
3.40323
3.58650
2.44432
1.52146
3.28715
3.76175
3.75215
2.67849
3.89322
3.37446
4.14358
3.07507
3.43509
2.97209
3.56634
3.47843
3.61507
0.95650
2.42556
2.83195
2.72552
3.16621
3.34095
3.04013
3.63188
3.46643
4.02929
2.00764
3.74337
3.09477
2.04487
3.66442
3.79663
4.04965
3.68733
2.89476
3.75857
3.12507
3.46239
2.92145
0.72567
3.39606
3.53535
3.79368
3.86914
3.89311
3.88787
3.26960
3.76127
2.18203
3.78479
3.90522
3.76305
2.32499
3.10758
4.03670
3.50624
1.95421
2.88689
2.62384
2.78493
2.80133
3.32721
4.09134
3.50557
2.96199
2.37570
3.43493
3.67141
2.01821
3.46158
1.79090
3.55949
3.51942
3.86936
2.84679
3.21286
3.48526
3.98770
1.85644
3.47826
3.67968
3.66103
3.75420
3.07916
3.44765
3.69822
1.61019
3.64546
3.33419
3.85387
3.77052
3.12493
1.50296
3.65773
3.75604
0.41655
3.14490
2.47139
1.83988
3.38695
1.13713
3.85794
1.64323
3.93630
3.48958
3.90224
3.67741
2.92901
3.61201
3.71130
3.72300
2.54909
2.16018
2.67348
3.32760
4.12237
1.99698
3.88500
4.00249
3.86774
2.54834
3.83297
3.61847
3.99631
3.58679
1.21152
3.16686
2.88481
3.78678
2.28453
3.45912
2.86533
3.89660
3.67157
1.51337
3.86967
3.68024
3.70167
3.04475
3.49051
2.99827
2.20868
3.88650
3.56202
3.72962
3.16418
2.20351
3.86388
2.70820
3.47031
3.79821
1.97556
3.28701
2.77601
3.41516
3.81447
3.20593
2.06264
1.51337
3.60040
2.51670
3.53361
2.79966
2.00135
1.38057
3.18594
1.12621
1.34272
3.24431
4.12271
3.20927
3.60082
3.65933
3.66537
3.58726
3.59993
1.35405
3.61943
3.44358
3.72638
4.01191
3.30831
3.65086
3.97184
1.64943
3.10407
2.44183
3.75389
3.54473
2.60121
3.74340
2.19692
3.11032
3.80725
2.93768
3.75316
3.97931
3.12222
2.79674
3.34048
3.00506
3.34529
1.81545
3.84796
3.60901
3.51401
2.56884
3.29297
2.01037
3.45243
3.56053
3.85291
2.85062
2.81899
3.21910
1.40487
2.81969
3.68742
2.09737
4.08652
3.62242
2.53321
3.97654
3.57145
3.94909
3.62163
2.95240
3.93600
1.17541
3.93317
3.78659
3.43417
3.70684
3.73921
3.97602
3.32260
2.42307
3.82884
3.93231
1.16734
3.67130
3.93717
3.56329
3.08321
3.20837
3.71684
2.79498
3.49956
3.48502
4.18823
2.98323
3.01207
3.70294
2.80782
1.93208
2.57364
3.09363
1.91582
2.70737
1.32835
3.73613
3.51444
3.45224
2.50744
3.38422
4.00092
4.04635
3.96660
3.17698
2.42590
3.81344
3.62951
3.70071
3.67869
3.97912
3.81663
2.06580
2.83223
1.87941
3.39744
1.11687
2.95298
3.72706
3.60218
3.78898
3.47363
3.64368
3.67394
3.55722
3.31430
2.71749
2.68196
3.98900
3.59505
3.42157
3.42857
3.27623
1.90302
3.54131
1.58778
2.18103
3.58443
3.23772
3.59826
1.66637
1.58004
0.95616
1.40107
1.32739
3.34855
3.61578
3.84767
3.35846
3.78694
2.25292
1.62408
3.82741
3.52714
3.50708
3.46562
3.54799
2.95078
1.91891
3.59378
3.79769
3.69409
4.03126
3.85175
3.09669
1.90595
3.24849
2.20073
3.20351
3.42416
3.65425
3.93042
2.65356
2.27602
3.95033
3.87016
3.35602
2.42939
3.44280
3.76437
3.05694
3.62095
3.61519
3.80749
3.53779
3.66889
1.51104
1.74722
2.80656
3.58762
2.79026
3.68834
2.59720
3.73792
3.74225
3.11635
3.67020
3.77651
3.69637
3.80821
3.15852
3.94343
3.15533
2.92357
3.54892
3.83051
3.45675
3.86602
2.32709
1.96326
2.09477
3.58612
2.22253
3.68236
2.94984
3.25115
2.65137
2.98400
3.11680
2.77518
1.11716
2.22689
3.90260
1.58602
1.03058
3.82422
4.04876
3.68372
3.88846
3.91009
2.73940
4.04251
1.11210
4.06101
3.27074
3.70061
3.54432
3.45608
2.26480
2.54033
1.14622
3.16908
4.01428
3.87504
3.68855
4.03350
2.60832
3.53394
3.58851
3.80023
3.69187
3.24182
3.42873
2.53622
3.67957
3.95160
1.99892
2.19055
3.45664
3.83014
3.11521
3.52028
3.68826
2.49487
2.83205
1.47353
3.81165
3.88275
2.62351
3.58044
3.19077
3.73206
3.98568
3.80802
3.52633
4.11063
3.54695
3.51944
3.57788
2.90620
3.36636
3.74921
2.26890
3.46677
3.47544
3.25421
2.25017
3.66902
3.71515
2.48068
3.85051
3.22001
1.68936
4.01874
3.75391
3.35557
3.34413
1.69204
3.66652
4.06948
3.66002
3.93603
3.61033
3.58423
3.18331
2.33253
0.13644
3.87096
3.65368
3.12608
3.60126
3.70962
4.10255
2.64530
2.39769
0.69536
3.39390
3.83097
3.93943
2.97953
3.58694
3.79882
3.95657
3.54648
1.84298
3.69421
3.14068
1.56920
3.52114
2.82496
3.99408
3.45023
4.05364
3.30469
2.37972
3.24037
2.08687
2.36281
3.32798
3.60134
3.41488
3.05383
3.67934
2.92477
3.23165
1.13475
3.20950
1.93834
3.59752
2.71467
2.05245
3.64853
1.57577
3.00624
3.53850
3.66962
3.44797
3.73307
3.33874
2.34304
3.64151
2.73092
3.42929
3.41586
3.36987
3.37894
1.24251
3.14603
3.87327
3.68981
3.75415
2.82540
3.52091
3.18991
2.61609
3.85667
4.06571
3.93303
3.49976
3.74784
3.81664
3.35357
1.71746
3.93636
3.53402
1.52911
3.86205
1.70208
3.11869
3.58727
3.29020
2.92460
3.68747
3.76262
4.04827
3.43966
3.57429
3.69137
3.48327
3.56601
2.66579
4.03927
4.08473
3.62657
3.90260
3.89888
3.58395
3.99203
3.71154
2.93707
3.04989
3.68423
3.60061
4.02510
3.79921
3.32703
2.95499
2.70136
3.40160
3.49458
2.94483
1.07707
2.83041
1.87531
2.74748
2.51261
2.24037
3.60580
3.52210
3.61445
3.32591
2.76483
2.52569
4.21054
3.96811
3.22283
3.60764
3.80248
2.98822
2.92197
2.95135
1.02833
3.57013
3.81564
2.14680
3.46663
3.52873
3.57391
2.15973
2.11234
3.25873
2.85844
1.48127
3.42432
3.37840
3.95719
3.46434
2.31153
3.66034
3.47561
3.63522
3.52458
3.64688
1.11911
3.36566
3.94766
3.71809
1.97405
2.18325
3.94371
3.18807
2.86177
3.76429
3.71770
3.54014
3.62253
3.87545
4.10176
3.20827
3.39005
3.53695
1.67083
4.16416
2.64829
2.97627
3.58080
3.29778
4.01438
2.87911
3.14007
3.33966
3.89862
3.03639
3.53897
2.16405
1.36478
3.56689
3.29917
3.41211
1.24168
3.94307
3.65316
3.04831
4.08937
3.85644
3.56726
2.39135
2.72840
3.31296
3.49255
1.71073
3.34724
3.28552
3.89474
3.13003
3.91754
3.67000
2.49204
3.80660
3.58668
3.81898
3.25317
3.55092
3.59706
1.75434
1.38003
4.17183
1.77920
3.70061
2.83179
3.64807
1.64482
3.10439
2.83052
3.76605
2.91168
3.25463
3.07280
3.11777
3.81319
3.49889
3.73527
3.69883
3.34372
3.41534
3.39475
3.52493
3.94675
3.44911
3.66419
3.72995
3.90693
4.12716
3.16806
3.80582
3.38232
2.04362
3.45873
3.80253
1.54572
3.88316
2.83029
0.62570
3.59339
2.87233
3.82479
2.76231
3.41474
2.69970
2.88432
1.23482
1.48167
3.10914
4.17800
3.42567
3.66016
1.77801
3.20052
3.79966
2.76703
3.48427
3.71534
2.52192
3.48621
3.46472
3.70392
3.20911
2.77609
3.43413
3.36671
2.52717
3.09469
1.00829
2.17096
3.72397
3.95824
3.92787
2.97352
3.13627
2.33105
1.20390
3.91259
3.48525
3.62522
2.99153
2.76357
3.87565
3.05914
3.26211
3.65628
2.92121
0.21330
3.52664
3.05933
2.43438
3.76927
1.58166
3.12584
3.52108
2.31740
4.10274
3.59725
4.21099
2.86559
2.83120
3.92000
3.95126
3.28783
3.86028
3.93172
1.73949
3.82625
3.28313
3.13474
4.21116
3.13570
2.18008
4.01291
4.04559
1.70562
4.12650
1.69000
4.06444
3.70546
3.22203
3.84933
3.09159
1.98923
3.82630
3.62856
3.71061
3.65576
2.33512
2.98972
3.81790
2.77405
3.34720
3.88017
3.51408
3.17683
2.76172
3.43366
1.75887
3.87040
3.16759
3.44468
2.86751
3.93087
3.70306
3.82730
3.78478
3.39712
4.00995
3.41072
3.34774
3.50063
2.68349
3.00334
4.01180
3.73720
2.57118
3.76754
2.62436
3.80773
1.95167
3.38177
3.54334
2.18330
2.75185
3.56496
3.59791
3.72668
3.22621
2.10671
3.92471
3.84554
2.31960
3.06806
1.30616
3.25142
3.88017
3.43304
2.25421
3.38811
2.52169
2.02520
3.64445
2.82708
3.38867
3.51022
1.73054
2.94254
3.87470
2.29146
3.80400
2.59709
3.54415
3.27320
3.12833
3.04785
3.17913
3.71538
3.79645
1.33163
3.57921
2.75113
2.98826
3.55851
1.64382
3.88720
1.16443
3.69397
2.61828
3.08280
3.69790
3.53423
3.04809
1.88371
3.32708
3.11310
3.60889
3.63367
2.89708
3.45988
2.20308
4.10378
1.51530
3.93837
3.92319
3.40245
3.31260
3.61993
2.82156
3.22301
3.43354
3.61947
3.43287
2.90001
3.43644
3.26549
3.58351
2.11762
3.70360
1.98020
3.68563
3.00674
3.12707
2.44930
2.94443
0.91675
2.95164
3.51277
3.74979
3.63436
1.28936
3.61373
2.65177
3.65848
3.67229
3.04458
3.71066
3.83015
3.52449
3.70498
2.52321
3.22698
3.84435
3.58453
2.34690
3.58107
3.77128
3.27698
3.76521
3.04637
2.16147
1.28226
2.31381
3.70401
2.68348
3.66792
3.89313
3.43254
3.17415
3.72682
3.45442
3.69209
3.05876
2.23907
3.16377
3.43743
2.23573
0.04431
2.16943
2.25933
3.04220
2.93567
3.40348
2.74101
3.23639
2.48996
3.87053
3.54965
3.70204
1.59415
1.88981
3.69927
3.17211
2.76955
3.50622
2.09843
2.01829
2.75527
3.57519
2.46521
3.51772
3.31038
2.13463
3.82878
3.63728
2.99735
2.99071
3.73082
3.46290
3.24520
3.89113
3.48165
2.60458
3.06249
2.52523
0.25803
2.56703
3.69403
3.58265
2.98194
3.54305
1.25764
3.39891
3.39999
3.58770
3.65998
3.68543
3.92104
1.38095
3.97107
3.91103
3.92679
1.31023
3.80402
2.18197
3.19795
3.26448
3.39690
2.35636
3.25310
2.70365
3.13158
2.18140
3.17041
3.39342
1.66549
2.32215
3.52547
1.98386
2.10791
3.08333
3.56501
2.38705
2.84954
2.66995
3.77442
2.27981
1.59964
3.10616
3.81087
3.89310
4.13004
3.52305
3.81349
1.41083
3.45052
3.65030
3.96972
3.71760
4.12043
1.44724
3.62934
3.08427
3.63074
2.83920
3.49801
4.04841
3.76465
2.81120
1.60934
2.50120
3.53603
2.85143
2.99346
2.40184
2.08944
3.27367
3.51953
3.95271
1.73887
3.65479
3.88457
3.73285
0.84252
3.73815
0.99928
3.48789
3.36076
3.95500
2.00199
3.86476
3.42700
3.47936
3.32574
3.59133
2.15698
3.52600
2.88607
3.87534
2.62453
2.49167
3.52276
3.30632
3.57818
0.55645
3.78927
3.38589
2.89447
1.92725
3.34763
3.50376
2.97694
1.91795
2.41358
2.95618
3.51102
2.27598
1.65140
3.71024
2.46926
2.81822
3.53762
3.44281
2.25684
2.17737
2.79787
4.01741
3.11811
1.03763
3.66978
2.11510
1.90000
3.05532
2.12883
2.85237
2.33411
3.22858
3.90804
3.56031
2.36314
3.97123
3.63511
3.95227
3.53791
2.54239
3.71309
3.78278
2.22558
2.31874
2.22235
3.38966
3.59510
0.97422
3.03764
4.02857
3.59837
3.67930
1.68482
1.48402
3.66187
2.35660
2.69491
3.45192
2.81099
1.55291
1.05431
1.44122
2.97994
2.82025
2.76028
3.79045
3.06110
3.93071
2.53210
3.91999
3.50946
3.68461
3.72587
2.64796
3.96031
3.10643
3.42386
3.42955
2.78320
3.81480
2.48122
3.68892
4.03874
2.40065
3.90371
3.38786
2.83031
3.38813
3.42817
3.72496
3.28046
3.72276
3.60006
3.45197
3.34548
3.44692
1.22350
3.64264
3.43538
3.43061
4.11131
3.84198
2.95073
2.82146
1.01153
3.65688
3.36674
0.72907
1.93804
3.72814
4.02632
3.40296
3.79056
3.87882
3.74777
3.46891
3.61843
3.75503
1.74005
3.60555
2.61045
2.20063
3.64928
3.89079
2.76917
3.03504
3.82820
3.85261
4.08670
1.81254
2.58187
2.36244
1.72813
3.44699
3.76105
2.73384
3.59656
3.83145
3.70418
3.70207
2.68596
3.60633
3.06043
0.80439
3.85156
3.09594
1.66363
3.76275
3.57810
3.25589
0.62437
3.92402
1.67011
3.20015
3.82083
2.81693
3.27357
3.32005
3.46147
3.72047
3.05879
3.18413
3.68699
3.80944
3.51717
3.51101
3.75811
3.18970
3.07310
2.95234
2.53519
1.95711
0.99453
2.94348
1.87353
2.76184
3.37473
0.78025
3.68111
3.70496
3.68490
2.60217
3.76669
3.21167
3.70064
2.28358
1.97411
3.89624
2.84307
1.20394
3.45841
3.42278
2.15713
2.52516
4.09239
3.39365
3.87841
3.37539
3.58917
2.74879
1.67218
2.78710
3.53033
2.88977
3.12686
3.41968
3.39351
2.16686
3.50864
3.87466
2.28076
0.53581
2.47301
2.88436
2.15705
2.83044
3.97225
2.30762
2.70641
3.52392
3.51227
3.21575
2.59956
3.48962
3.00039
3.77478
3.35801
3.85138
3.05799
3.66701
3.66270
3.56412
1.53351
3.52307
3.61740
4.15898
3.34534
2.79960
1.27971
3.85205
3.84191
3.24906
2.71526
3.42341
2.12420
1.46111
3.62152
3.69807
2.19773
3.48990
3.09382
2.41287
3.72958
3.80933
1.86292
1.44788
3.83192
2.23071
1.65265
2.95368
2.95003
1.96440
3.55365
3.75430
3.28584
3.97049
3.48282
3.83458
3.75732
3.53349
2.28606
3.84574
3.53549
3.77599
2.00791
3.27454
3.83219
3.87244
3.98068
2.31255
2.02592
3.50737
3.21199
3.79274
2.96350
3.72013
3.80307
2.77975
1.92922
3.50253
3.72584
3.32443
3.58911
2.13071
3.66649
3.44565
1.82464
3.73334
3.60748
4.00105
3.43736
3.89955
2.00996
3.15590
2.11502
3.59246
3.80095
3.91595
2.92371
2.31323
3.84611
3.63429
3.55198
1.29077
2.99471
2.20435
2.27858
3.55960
2.87534
3.82913
3.32175
2.91679
3.63488
2.38226
3.61667
3.50970
3.88056
1.37113
3.11320
3.70580
2.60441
3.69017
1.97559
3.39388
3.84393
3.81151
0.07660
3.33122
3.95952
3.56489
3.61131
3.84048
3.31813
2.43110
3.91417
3.84063
3.96547
2.25931
3.99813
2.77215
2.34654
3.50049
3.62383
3.44342
0.90098
3.07063
3.52952
3.71160
0.91162
3.83315
3.39257
2.53275
3.97438
2.70394
2.41355
3.84363
2.38180
3.47197
3.22876
4.03421
3.82636
1.49629
0.96846
3.90083
3.56960
3.03804
2.62326
1.08733
3.21694
3.39730
2.67853
3.82320
4.13209
3.53628
1.81002
2.97275
3.08662
3.85521
3.68628
3.27549
1.50848
3.47436
3.41653
3.79876
3.17170
3.66673
3.83036
3.20319
1.76411
3.97365
2.81485
3.51929
1.48496
3.32986
3.34567
3.85511
3.67168
3.72141
3.23833
3.96455
3.59520
3.40027
3.90603
3.65361
3.72598
3.85383
3.45314
1.97705
0.43864
3.11252
3.31403
1.44276
3.85388
3.83933
3.43279
2.11951
1.98503
3.62232
2.38169
2.91445
3.59434
3.64209
1.56336
3.52803
2.66640
2.97704
3.34125
3.47484
0.83911
3.18238
3.71880
0.45337
3.46021
3.40001
4.02347
2.72721
3.19827
3.67235
3.52694
2.48750
1.89445
3.92032
3.05784
1.70030
2.87882
2.54335
3.81931
3.95025
2.70056
3.53745
4.15067
3.38518
3.36173
3.73321
2.37837
3.26641
3.22218
1.72929
3.85731
3.86789
3.58433
3.85509
3.03795
3.40540
2.50743
2.80266
1.60993
3.86899
2.14409
3.03458
3.38006
2.92377
3.81889
4.05470
3.73381
3.40993
3.35719
3.73807
3.24982
3.75996
3.11899
2.66051
3.67436
2.17074
3.02839
3.53613
0.49934
3.19803
3.49359
2.05763
0.36217
3.76277
0.69521
3.43424
1.94000
3.37829
1.83209
3.40170
3.65180
2.86433
2.53379
3.29924
3.37768
3.73499
3.95634
3.96374
1.64269
2.84230
1.62855
3.89122
3.23092
3.43565
3.27657
3.86791
2.00018
3.24205
3.53625
3.94164
3.84405
4.08261
3.13149
0.55355
3.10095
3.28469
1.80019
2.67079
1.72104
2.08866
2.61989
3.60351
3.24551
3.28204
3.86402
3.02568
1.76298
1.82332
2.96344
3.29697
2.46059
3.87787
3.90421
4.15308
3.81718
3.29204
2.05538
3.40848
2.87977
3.49535
4.14355
3.31526
3.40811
2.92294
3.40965
3.05367
3.49898
4.08733
3.70622
2.99143
3.01328
1.42730
3.40340
3.85999
3.67691
2.91498
2.39179
3.44180
3.82208
3.95184
3.28307
3.53936
3.98845
3.52370
1.26228
3.06487
4.11882
3.84093
3.81971
3.40144
3.94760
3.25531
1.84914
3.69224
4.05334
1.58191
1.15447
3.62898
2.26613
2.53697
3.09124
3.65621
2.36849
1.84326
3.60313
2.20639
3.42783
3.79956
1.90031
0.78051
3.93647
3.04104
2.80333
3.08917
3.31892
3.40877
3.43642
3.33062
3.98998
3.80399
1.65805
2.45285
2.89169
0.81702
3.34005
3.68733
3.93167
3.20823
3.93503
2.91798
2.90072
3.70698
2.52248
3.95077
3.26259
0.46374
4.08338
2.95080
3.93397
3.89790
2.20483
2.95453
3.98715
3.60653
3.98917
3.21948
3.83921
3.75097
0.94963
1.84282
3.73261
4.05315
3.77250
3.93662
3.06358
2.72784
1.54219
2.26269
3.59041
3.46753
2.55332
3.78907
3.76255
3.46757
1.95402
2.44048
3.06161
3.75389
0.82738
2.72955
1.04112
4.15832
3.71957
3.58883
4.15076
3.34328
3.61977
2.11334
4.13259
3.33736
3.84782
2.84229
3.24908
3.53091
4.03571
3.46523
3.45284
2.48659
3.41783
3.96088
4.18706
1.56670
3.59122
3.30480
3.52193
3.22867
3.61997
3.35080
2.52234
3.67287
0.23321
2.81293
2.50818
3.24962
3.69905
3.20323
3.55769
3.91464
3.34503
3.37505
2.01016
0.21018
3.68440
4.04866
3.67481
3.52569
3.12843
4.05677
3.72391
2.05304
3.08652
3.82898
3.01847
1.51513
3.23324
2.88281
3.45662
3.60988
3.58743
3.45065
3.67239
3.91984
3.65892
3.60443
3.69273
3.81062
3.38744
2.97348
3.04705
3.62426
3.74282
3.94899
3.09654
1.85697
3.45700
3.81594
3.33440
2.81734
2.87345
2.71902
3.72359
3.05056
2.66221
3.77846
2.87678
1.40447
0.36966
3.30112
3.90407
2.25965
2.45151
4.27284
3.38924
2.60755
2.08606
2.95278
3.54520
3.37616
3.04957
1.91371
3.27400
2.42911
3.80807
3.82582
3.59926
3.41017
3.16052
3.30885
3.75247
3.88949
3.35106
2.70979
3.73600
2.01629
3.60153
2.68025
2.42010
3.31907
4.14897
2.39819
3.64799
1.59089
0.96355
3.86938
2.32465
3.85877
1.71958
3.53746
3.60841
2.99938
3.65721
3.39894
3.45058
2.79543
3.17187
1.99768
2.69781
3.56483
3.43496
2.62259
3.12295
2.71446
2.79306
3.61133
2.46951
1.76600
3.83382
3.64686
3.37420
3.77415
2.14861
3.90610
3.36233
3.97624
3.80875
3.48588
3.13883
3.35561
3.49195
3.13854
3.73492
3.60052
3.24985
3.87354
2.15199
3.39774
3.74284
3.07013
3.47435
3.47578
2.05704
2.66259
3.29717
1.02120
3.81872
0.37348
2.47494
3.34090
2.38024
3.94855
3.68173
3.68109
2.80913
1.69398
3.77614
1.38232
3.85528
3.73079
2.97449
3.47295
2.82524
3.69476
3.15377
4.04803
3.22831
3.40972
3.35319
3.44154
3.69046
3.70538
0.58709
2.89776
2.68270
4.01723
3.82945
3.37731
2.62446
2.34730
1.92898
3.74617
0.99473
3.82278
3.09747
2.85971
2.86901
3.16517
3.33753
3.82049
3.74936
3.53276
3.75437
3.94947
1.65843
3.14190
3.77524
3.65086
3.07107
3.00392
2.19250
2.71385
3.08649
1.97878
3.76194
3.32776
3.88489
3.34928
3.10707
3.98091
3.04004
3.78673
2.66038
3.92839
3.17773
3.67546
2.72830
3.48915
1.43234
3.86815
1.86895
2.95870
3.91432
3.98867
3.82463
3.16791
3.92300
3.16089
3.66861
3.69193
3.72895
3.53907
2.03101
3.22261
3.94219
3.53780
3.42655
2.01833
3.74517
4.05061
2.58573
2.76978
4.09215
3.31258
3.21736
4.05539
2.72446
3.95909
3.73485
3.52481
2.75426
3.28642
2.84156
3.79502
2.65596
3.73291
3.60131
1.80176
3.69381
3.39771
4.07710
2.09442
3.29894
3.95287
2.83450
3.34373
1.28450
3.71369
1.81494
2.95335
3.55164
0.94740
2.19291
3.90234
3.03172
3.30690
3.95263
3.85462
3.64018
3.30723
3.98543
3.19297
3.86476
2.28439
3.67669
2.59066
3.09796
3.91021
3.56709
3.87499
4.02072
2.18224
2.89341
3.70860
3.70342
0.89721
1.00790
1.92185
1.84205
1.91374
1.15347
3.46185
3.83334
3.61559
3.21303
3.85147
2.01616
1.23140
3.24199
1.98339
3.48642
2.78561
3.60935
3.16147
0.70126
1.85764
2.71187
1.91060
3.05035
3.64489
2.86969
3.76193
0.89732
2.85171
3.83212
2.86169
1.67035
3.91631
1.84930
3.84914
3.98603
3.30797
3.59136
3.49534
3.47096
3.80232
3.63806
2.96484
3.84083
1.35041
3.91359
3.52195
3.82311
2.86843
1.19037
4.03847
3.18108
3.23232
2.18417
3.73421
2.93093
3.43220
3.17161
2.56815
2.32484
3.10809
3.50111
4.00577
3.91135
3.81298
3.74732
3.76366
3.33375
3.45089
2.99152
2.94767
3.10768
3.68308
3.70679
3.80785
3.90224
3.08910
2.64062
3.41067
2.57809
2.98725
3.28761
3.77160
3.53877
1.15583
1.93646
3.73211
4.16390
3.33828
1.53946
2.61366
3.78118
3.13101
2.86415
2.81763
1.79920
3.79456
0.35637
3.59263
3.64685
2.01935
3.63987
1.92473
2.63469
4.01460
3.28752
3.38620
1.78467
2.82547
3.63252
3.59693
2.00229
1.77860
0.92697
3.55754
3.34501
2.98051
3.14656
3.70422
3.78084
0.23417
3.66994
4.03974
3.35273
0.94655
3.46890
2.72752
2.89091
1.81846
3.94520
3.70447
3.65041
3.29000
3.83149
3.42209
3.96239
3.73592
1.82529
3.59612
3.75218
3.85611
3.55553
3.73347
2.41978
2.77000
3.45640
1.01548
3.65916
3.21772
1.48208
3.49166
3.20180
2.79837
3.36584
1.98830
3.59663
3.14904
3.55962
2.47887
3.38665
2.62115
3.84253
2.47638
3.36138
3.51695
3.42059
3.41753
1.16562
3.82014
3.21897
3.87157
3.28178
1.44587
1.88152
1.31594
2.90938
3.50653
4.22736
3.74660
2.66416
1.94441
1.85769
3.41252
3.72751
3.80728
3.33721
3.81573
1.98768
4.02813
3.72401
0.37902
1.70943
3.42305
3.07138
0.77078
2.55941
3.91010
3.59273
2.99393
3.62629
3.54949
3.56638
3.69775
3.15807
3.55950
3.14066
3.35815
3.70226
3.45021
2.35062
3.72966
1.17571
3.93158
2.11026
3.17110
3.67006
3.14760
3.23592
3.62860
3.79996
3.78375
1.36689
0.60707
3.33558
3.94821
4.23428
3.09567
2.61889
3.82604
2.89788
3.75677
1.16251
3.83352
3.68180
4.01565
3.98115
3.91707
3.09828
1.49796
3.73316
3.20994
2.33497
2.09934
4.09176
3.56190
3.98523
3.28517
2.60811
3.71927
2.40708
1.29947
3.14845
3.63661
3.61590
3.58204
2.82784
3.61003
1.94180
2.16804
3.69530
3.83242
3.65766
2.41919
4.06599
3.76822
3.46817
3.09494
3.70745
3.43594
3.47081
3.64837
3.24274
3.99878
3.29982
3.84386
0.34766
3.94742
1.87702
2.25010
3.77484
2.52890
3.42611
3.86178
3.87301
2.22551
3.52251
4.04922
0.37423
3.69380
3.52281
3.26200
3.91821
2.81887
3.67864
3.40134
3.37119
3.94091
3.34503
3.55922
3.91844
3.06903
3.48518
3.23599
3.57764
3.43389
1.92751
3.65261
3.84983
3.09418
3.40058
0.34352
3.77358
2.85126
3.38276
3.88566
3.58791
2.42982
3.87769
2.74439
1.56826
3.48536
3.77247
3.41683
1.53467
4.07573
3.60251
3.80130
2.99994
3.10946
3.55640
2.06570
4.04773
2.24367
3.47914
3.44416
2.36210
3.17758
3.69472
3.63693
3.67338
2.41719
3.58565
3.88011
3.12576
3.16700
3.95665
2.41629
2.85526
3.80640
3.64197
3.23655
3.08623
1.45854
3.17207
3.50791
3.20739
2.29851
3.61776
3.66062
3.59742
1.42674
0.98253
3.99986
3.30674
2.25388
3.49264
0.57557
3.83939
3.71782
3.41064
2.94937
4.03556
3.29050
4.16241
3.55300
2.76104
3.39104
3.30297
4.05596
1.54303
3.33771
0.96347
3.72262
2.83673
3.17893
3.87501
3.33966
1.90871
3.14823
2.42344
2.90568
2.99180
3.96702
2.90534
3.40311
3.76327
1.41296
3.44573
3.95162
2.92553
3.59598
2.24962
3.02542
3.71999
3.51327
3.85026
3.27321
3.59351
2.76694
3.69264
1.51327
4.01450
2.67712
2.84813
3.77090
1.42417
3.66904
2.92230
3.67037
3.04974
2.93221
3.42953
3.45361
4.06722
3.46584
3.18305
2.60093
2.95063
3.91124
1.27090
3.31609
3.41044
3.56366
3.12839
3.84262
3.56036
1.02403
1.68498
3.51973
3.48623
3.08026
2.44074
3.58666
3.53828
3.91692
3.47440
3.66004
3.32063
3.14371
1.38151
3.69883
1.59664
3.52557
3.69959
2.78404
2.53977
