4.16465
4.39217
4.38077
4.38923
3.24131
4.21286
4.41457
4.30772
3.82321
4.29520
4.27956
4.44863
4.35118
3.23965
3.67218
4.16115
4.17400
4.42208
2.46656
3.68061
3.99818
3.88663
3.94164
4.35206
4.37390
4.38868
4.22232
4.34715
4.44502
3.76296
3.89847
4.40769
3.94354
4.06282
4.25087
4.35064
4.03125
4.26659
4.22241
4.44290
4.25435
4.23683
4.05534
3.41977
4.38044
3.98233
4.35287
3.67501
4.24932
4.48617
4.44901
4.46087
4.00257
4.51111
4.24393
4.47224
3.03107
4.15260
4.37176
4.18249
4.32107
4.12576
4.24532
4.12419
3.69247
4.08450
4.34684
4.39514
4.16132
3.78100
4.43077
4.45007
4.36159
4.01255
4.32331
4.22545
3.09121
4.37403
4.02205
3.75586
3.42031
4.37880
3.92293
4.01243
3.88207
4.43179
4.10850
4.19702
4.26656
3.07291
4.16056
4.25444
4.44454
4.30838
4.46791
4.44304
4.27873
4.34970
4.46993
4.32743
4.14723
2.91598
4.44632
3.97073
4.22870
2.66114
4.21261
4.46888
4.33461
4.20750
3.87424
3.70958
4.33401
3.68126
3.66375
3.61152
3.90898
4.32102
4.36888
4.21236
4.47871
4.42120
4.30253
4.33346
3.97139
4.28738
4.34585
4.33374
4.41714
4.18890
4.17033
4.24144
4.44588
4.37667
4.16751
4.38621
4.35055
4.41705
4.27291
4.30687
4.15449
4.46742
4.32811
4.39908
4.43372
2.96616
4.46294
4.31602
4.25938
4.34301
4.39270
4.46344
4.30538
4.35494
4.37578
4.47107
4.26241
3.54806
4.01521
4.11635
4.44620
4.43880
4.24251
4.18096
4.43165
4.33602
3.94784
4.23240
4.23987
4.29702
3.74856
4.03326
4.25144
4.33697
3.89296
3.25363
4.29496
2.38415
3.73491
4.24823
4.41553
4.29147
4.19610
4.38716
4.26850
4.45449
3.76086
3.94514
4.01269
3.53152
4.12407
4.30433
4.33650
4.25746
3.97432
4.19305
4.31379
4.12583
3.89594
4.34970
3.03595
4.44230
4.33295
4.17528
4.48728
4.27106
3.98438
4.48063
4.48018
4.46376
2.95682
4.37607
4.24946
4.24835
4.45939
4.08924
3.91128
2.34602
4.36400
4.39433
4.24696
4.01221
3.89025
4.46122
4.47647
4.23165
4.16913
4.40073
4.24914
4.06585
3.99278
3.79016
4.45409
3.45840
4.48181
4.32918
4.39379
4.23169
3.43412
4.43796
3.73902
3.89933
4.43807
4.26446
4.27693
2.64761
4.26833
4.47296
4.23029
3.77976
4.30351
4.40974
4.21675
4.43097
4.09624
4.35152
4.40224
4.41394
4.20362
4.08621
4.26795
2.89591
4.49344
4.36846
4.25698
4.35734
4.29996
3.97185
4.03126
4.30255
4.08965
4.36691
4.35978
4.16823
4.09692
4.17257
1.92711
4.35078
2.67756
3.61872
4.09706
4.37645
4.22052
4.21199
2.75539
4.41126
3.87564
4.31770
4.12989
4.24322
4.31463
4.42059
4.35282
4.37881
3.89060
4.10522
4.17658
4.43218
4.42546
4.27571
4.01436
4.44385
4.33791
3.92590
3.88763
4.28245
3.65120
4.23090
4.36760
3.61060
4.29297
3.69763
3.43527
3.97553
4.45435
4.40474
4.37472
4.43707
4.41893
4.37189
4.33373
4.47031
4.43668
1.87491
4.35139
4.02359
4.31983
4.34196
4.36556
4.29822
4.12282
4.11779
3.69720
3.82172
4.42147
3.86795
2.52821
4.34489
4.43648
3.13052
4.16467
3.79721
3.80557
2.68145
3.42449
4.31796
4.34879
4.29875
4.29632
4.41559
4.34755
4.14862
3.94169
4.42342
4.13448
4.44686
4.28898
3.84063
4.38935
4.40345
4.35918
4.13686
4.44111
4.25717
4.24181
4.24779
4.16305
4.41089
4.33299
4.34346
4.41949
3.83499
4.24940
4.33792
4.46390
3.82646
4.15968
2.83266
3.47668
4.08031
4.32817
4.19228
3.57888
4.47786
4.25848
4.25388
3.78419
3.12531
4.37538
4.35150
4.28061
4.00644
4.52272
3.63384
4.30545
4.26209
4.41322
4.50589
4.27411
3.63359
3.94899
4.45797
4.38567
4.41790
4.26659
4.14142
3.67724
4.03349
4.40364
4.22928
4.19298
4.42368
2.91586
4.40877
4.40154
4.33576
4.38086
4.39648
3.32204
4.11113
4.37636
4.43752
4.27533
4.31167
3.30841
3.80457
4.19409
4.24275
4.33614
4.36859
3.97688
3.44158
2.19668
4.24423
4.34154
4.32250
4.48670
3.82658
4.09711
4.46867
4.13190
4.36528
4.16136
4.45679
3.99345
4.31057
3.87158
4.31053
4.05765
4.25604
4.11526
3.85084
4.20084
4.18374
4.37475
3.58312
4.05885
4.28666
4.33679
4.11690
4.42463
4.28367
2.66521
4.32928
3.88528
4.32426
3.95261
4.01482
2.17407
4.11219
4.21616
4.34285
4.23194
4.42732
4.35609
4.45550
4.34769
4.11130
4.42025
4.33876
4.37178
4.21725
4.36086
4.38194
4.24170
3.25316
4.15000
4.31729
4.32937
4.29466
4.21930
3.08169
4.42491
4.44505
4.35538
4.24928
4.38706
4.26644
4.38399
3.87838
4.30335
3.82930
4.43173
4.07628
4.44296
3.97387
4.18896
4.36604
4.38080
2.36084
4.40159
4.24813
3.93884
3.20455
4.15594
2.81957
2.08064
4.39636
2.11639
1.57693
4.27069
4.49959
4.38653
4.42815
1.82325
4.46848
2.44150
4.00005
4.33637
3.97227
4.45868
4.19352
4.30901
4.07333
4.33286
4.01386
4.47945
4.31362
4.19729
4.37865
4.21257
4.04970
4.16309
4.17436
4.41551
3.89630
4.35043
4.40646
3.98083
4.16290
4.22800
4.16717
2.94711
4.42130
3.86081
4.06881
2.15327
4.46474
4.39072
4.38215
4.11829
4.41543
4.09880
3.96707
4.25056
4.51194
4.30479
3.36999
4.29176
4.43917
4.40900
4.38082
4.42640
4.36031
4.13426
4.09610
4.22860
4.16961
4.52498
3.65236
4.28007
4.26404
3.14787
4.38853
3.46299
3.85130
4.38662
4.10520
4.23443
4.17873
4.25061
4.33582
4.06436
4.39008
4.25851
3.46141
4.46930
1.98741
4.04171
4.31802
4.13342
4.09686
3.39305
4.34269
4.50619
4.26605
4.33848
4.42356
4.44505
3.90499
3.24971
4.22514
4.26523
4.19091
3.91394
4.23248
4.11503
4.06603
4.46879
4.24877
4.10709
3.57820
4.42004
4.24325
4.41851
4.06578
3.90319
4.36112
3.88168
1.83600
3.89927
4.20380
4.37393
4.36322
1.93600
4.30446
4.27930
4.49257
4.10207
4.41248
4.51651
4.45140
4.38080
4.30519
4.33588
4.31591
4.44077
2.94946
3.85433
4.02744
4.26506
4.40000
4.35094
4.39128
4.33047
4.33061
4.46774
4.40187
4.15627
4.45202
4.00429
4.28648
4.09904
4.46772
4.28754
3.09416
4.22515
4.45703
4.36427
4.43148
3.74646
2.01833
3.86661
4.31721
4.32467
3.30158
4.07664
3.89177
4.37099
4.00579
4.23774
4.24217
4.38485
3.89511
4.32493
4.19302
3.88721
4.43906
3.56212
4.32545
4.09294
4.34725
4.08227
2.34851
4.36405
4.17460
4.30969
3.83428
2.44958
4.25040
4.19966
4.22820
4.39634
4.17031
3.73074
3.99931
4.38850
4.39159
4.25930
4.39563
4.43426
4.16958
4.42020
3.75711
4.28770
3.20882
4.06074
4.34310
4.12473
4.25436
4.45607
4.29711
2.76167
4.16231
4.33150
3.33793
4.30425
4.35130
2.87858
4.29128
4.31795
3.62975
4.44351
4.36024
3.76821
4.21449
3.68882
4.31065
3.12494
4.40512
3.99682
4.08740
4.18586
4.46882
4.11593
3.73289
4.25208
4.26140
4.33872
1.61033
4.15552
3.83316
4.27665
2.95342
4.21285
3.94287
4.36669
4.28537
4.22114
3.96313
4.20194
4.33079
4.23536
2.92191
4.36778
4.41793
3.53031
4.47314
4.17851
4.32024
3.92945
4.26666
3.88576
4.22053
4.28458
4.13197
3.10326
4.15976
4.48762
4.43122
3.57380
4.39849
4.38655
4.20622
4.27526
3.46804
3.95165
4.46368
4.14143
4.31508
3.92610
4.15931
4.49089
2.86486
4.46311
4.34145
4.38142
4.40750
2.83053
4.45605
3.97327
4.32294
4.31549
4.47125
4.16643
3.97427
4.40999
3.71926
4.37466
4.33200
3.96167
4.44679
4.10488
4.38568
4.28030
3.08618
3.28933
4.37863
4.47443
2.51502
4.34516
4.27906
4.48356
4.36451
3.95040
4.44282
2.61122
4.12578
4.35378
3.68035
4.02981
1.26854
4.21745
4.25953
4.37476
3.96556
4.14552
2.95918
4.42443
4.43003
4.48334
2.74499
4.37096
4.32341
4.35253
4.36931
4.46783
4.40470
2.96948
4.38842
4.33317
3.83350
4.41206
3.80412
4.28957
4.29331
4.35920
4.26817
4.07650
4.17902
4.08578
4.15746
4.11839
3.84101
4.33117
4.21567
4.02220
4.40023
4.22677
3.87291
4.47722
4.16964
4.27762
1.63466
4.12012
3.91310
4.28582
3.93194
4.18856
4.31392
4.23487
4.07485
3.89924
4.20528
3.79975
4.16014
4.39610
4.41164
4.22809
3.76921
4.19421
3.99510
4.48146
4.38516
4.32653
4.39903
4.19861
4.35270
4.14932
4.23704
4.34626
4.32019
4.36072
3.63193
3.55567
4.00587
4.43207
4.32036
3.09859
4.22382
4.44729
4.23036
3.98874
3.94219
3.96942
4.04056
4.39207
4.36346
4.36295
4.27465
4.34556
4.41995
4.42581
4.34274
4.37017
4.10763
3.97503
4.36127
4.35950
4.41932
4.25999
3.13060
4.05273
3.15378
4.33127
4.11312
3.89707
4.48202
4.11552
4.45665
3.44303
4.31523
2.93358
4.36330
3.44648
3.71523
4.43736
3.97349
4.01396
4.49778
4.37455
4.21951
4.02256
4.26521
4.37560
4.47290
3.13360
4.35397
3.48977
3.97260
4.35271
4.20625
4.05401
4.26965
4.33038
4.15556
3.41390
4.12942
3.48897
4.31692
4.02418
4.07573
4.38123
3.70998
4.46923
4.04283
4.33172
4.45638
4.27492
4.23873
4.33413
4.14816
4.33422
4.25090
4.42880
4.44710
4.30614
4.40141
4.50444
4.35190
3.77836
4.14205
4.43854
4.42652
3.82569
4.28243
4.30983
4.18726
3.19600
4.47637
4.50629
4.12033
4.12489
2.84269
4.41947
4.42264
3.98563
4.17664
2.84632
4.04400
3.92923
4.43382
4.44141
4.27464
4.39584
4.35699
4.42876
4.40375
4.17982
4.18266
4.40948
3.95955
4.38221
4.42387
4.07174
4.42182
4.36587
3.67347
4.25017
3.54879
4.44768
4.21839
3.77604
4.09704
4.46400
4.11195
4.40917
4.07278
4.25141
2.38250
4.12515
4.35481
1.94806
4.32373
4.00042
4.32644
4.31487
4.30680
4.39633
3.37263
4.33227
4.45038
4.26626
2.68517
4.12483
4.24007
4.24269
4.22004
4.35905
4.38133
4.19527
4.20141
4.09403
3.85769
4.14507
4.32916
3.73055
4.38653
4.38955
4.31816
3.62515
4.12931
4.34922
3.63411
4.34407
2.67576
3.76236
4.31355
3.64364
4.35954
3.89431
4.35523
4.10823
4.43689
4.14856
4.35918
3.98002
3.15595
4.26552
4.35066
4.15897
3.83329
4.36896
2.43866
4.10755
3.91268
4.07534
2.53582
4.37601
4.40152
3.92621
4.38552
4.40734
4.25539
4.05610
4.09761
4.21346
3.29697
4.00164
3.93569
3.80566
4.43150
3.71470
2.79743
3.72116
2.36238
4.34300
3.39297
4.34730
4.46540
4.17259
4.11902
3.71599
4.37563
4.30424
4.46116
4.18535
4.26685
4.33877
3.62493
4.27979
2.80203
4.49471
4.19886
3.61507
3.36112
3.18422
1.83999
4.30337
4.40529
4.32608
4.18109
3.90641
4.40263
4.25937
4.40936
4.38479
4.50676
4.42574
4.02237
4.34736
4.38853
4.21465
3.94030
4.31567
4.42429
4.22433
2.90076
4.20395
4.34584
4.32827
3.35146
4.38013
4.24236
4.30793
4.25649
4.19029
3.47738
4.35013
4.26050
4.45695
4.01976
4.36652
4.33493
4.38304
4.43841
4.33177
4.28734
3.61389
4.30481
4.02793
4.15911
4.11023
4.30322
4.39684
3.82580
4.27888
4.45685
4.38049
4.44696
4.41341
4.03696
4.30549
2.78030
4.44268
4.13310
3.67219
4.33449
4.28756
4.47148
4.19740
4.45668
4.50023
3.95191
3.99331
3.96732
4.33904
4.42752
4.50946
4.21486
4.41466
4.21500
4.42462
4.17640
3.97608
4.28793
4.44791
4.29182
4.07577
4.34695
4.45669
3.13643
4.32213
3.07515
3.98722
3.49161
4.41154
4.40601
4.19435
3.28225
4.41092
4.47699
4.10931
4.03320
4.15342
4.45239
4.29571
3.79595
4.49366
4.48612
4.00581
4.38423
4.48116
3.73655
3.51422
2.70346
3.56643
4.44492
3.91953
3.28155
4.12143
3.84501
4.22223
4.28204
4.10269
4.39678
4.12515
4.03687
4.30315
4.38435
4.42571
4.47680
4.35002
4.32113
4.25677
3.82657
4.18512
4.29709
4.35175
3.18357
4.26713
4.33952
4.38236
4.41266
4.37735
4.45312
4.31901
4.18630
4.41771
2.62358
4.11158
4.33815
4.46331
4.32131
4.39986
2.39048
3.68044
4.35401
4.07427
4.36344
4.34136
3.99898
4.36452
4.30849
4.39775
4.30259
4.47263
4.50887
4.08517
4.02839
4.42907
4.14917
4.46595
4.07914
4.01060
4.48543
4.27432
3.67199
4.10480
3.61936
3.94307
3.38735
4.04902
4.24591
4.07734
4.19284
4.02072
1.79971
4.30009
3.65064
4.35277
4.11119
3.55080
4.40902
3.78809
4.12149
3.41471
4.37431
4.47121
4.45159
4.11443
4.41664
3.83703
4.32598
4.45498
4.39043
4.44189
4.15356
4.29829
4.47157
4.28237
3.82053
4.03706
4.30565
2.71487
4.32180
4.44736
4.12401
4.19368
4.03386
2.67244
4.24298
4.39629
3.84150
4.07550
4.02987
4.39407
3.93642
4.13945
4.29099
4.31720
4.02073
3.13802
3.84683
3.68637
3.89191
4.47803
4.44915
3.07523
4.25560
3.96663
4.37025
4.09644
3.20979
4.35472
4.40339
4.25277
4.46042
4.36045
4.28294
4.00925
4.36286
4.41038
4.28826
4.16798
4.22192
4.45488
4.02836
4.09547
4.20527
4.45653
4.28703
3.59704
2.89329
4.44517
4.34920
4.11446
4.34011
4.01225
4.37486
4.33040
4.22418
4.25748
4.20997
3.71817
4.32528
4.34552
4.25121
4.49458
4.15729
4.35885
4.01634
4.27903
4.44349
2.80486
3.88052
3.64679
4.37074
4.32324
4.36818
3.76758
4.39156
4.24639
4.42152
4.23398
4.15356
4.13318
4.15280
4.17599
4.32382
4.01807
4.35197
3.34379
4.11362
3.90883
4.38100
3.78950
4.32868
3.52435
4.23526
4.37062
3.58042
4.24434
4.29483
4.47939
4.39454
4.31879
3.86636
4.45389
4.47497
4.43767
4.45494
4.32028
4.40890
4.40104
4.35205
2.81736
3.79374
4.33795
3.90079
3.81034
3.87887
4.35681
4.00098
4.42179
3.86456
4.19393
3.93336
4.50985
4.31411
4.11954
4.47048
4.08350
4.34742
4.27210
3.93012
4.40020
3.56629
4.39382
4.09771
4.38652
4.29151
4.48207
4.22970
4.39995
3.52021
4.28276
4.30807
4.42058
4.41156
4.45696
4.39869
4.13238
4.38434
3.97513
4.39360
4.25285
3.98437
4.41637
4.33614
3.95280
3.42514
4.34008
4.46083
4.19463
3.99574
3.99371
4.30109
3.83150
3.78474
4.46057
4.40824
2.83929
4.11237
4.07087
4.22808
4.40450
4.39350
4.05218
4.25541
4.36802
4.46293
4.43802
4.44806
4.43995
3.84800
4.49310
4.30584
3.98622
4.18824
4.41638
4.34051
4.43264
3.92277
4.18252
4.07340
4.39142
4.22933
4.38445
2.32547
4.17518
4.29028
3.73128
3.74183
4.25733
4.14048
4.45920
4.31257
4.39098
4.30175
3.93899
4.36526
4.39967
3.92486
3.90944
4.33662
4.08376
4.48649
4.31446
4.40820
4.35299
3.92267
4.30905
4.42531
4.46805
4.30840
4.00786
4.40999
4.30359
4.47918
4.33823
4.29716
4.34076
4.44084
3.20770
4.41272
3.64820
3.74754
3.11394
4.21155
4.13969
4.42307
3.85971
4.19641
4.19432
4.31503
4.23444
4.13530
3.92232
3.19466
3.93215
4.44608
3.99805
4.20680
4.35991
4.07873
4.41867
4.47332
3.93321
4.33944
4.31792
3.72922
4.46648
4.18649
4.36542
3.78738
3.99468
4.16656
2.75728
4.52708
4.42943
4.30544
3.94672
4.50699
4.45858
4.18214
4.32078
4.36839
4.21938
4.37567
4.03210
4.41734
4.30451
4.43876
4.33310
4.23305
4.30039
3.63769
3.85511
4.45205
3.60924
3.95344
4.48249
3.30143
4.39363
4.30850
4.41893
3.77441
4.25868
4.45506
4.31398
4.22548
3.38918
4.40022
3.82605
4.17581
4.25460
4.26301
4.19911
4.29232
3.53439
4.38281
3.92481
4.05748
4.19350
4.33331
4.09458
4.26731
4.40477
4.33959
4.21831
4.14536
4.34795
3.99168
4.41305
4.41624
4.42832
3.16618
4.41086
3.94933
4.40486
4.10163
4.28133
4.17515
3.74845
4.33965
4.34142
3.74610
4.38315
4.27173
4.24568
4.18639
3.96523
3.91774
4.43570
4.35106
4.36581
4.15221
4.22676
4.38909
3.99058
4.26195
4.40978
4.16736
4.42753
4.10089
4.42072
4.40153
4.28722
3.97067
4.42912
4.21732
3.20034
3.71176
3.64120
4.08398
3.73868
4.37577
4.15591
4.41327
4.16349
3.82299
4.00797
3.00648
4.30735
4.34233
2.26302
4.35036
4.19381
3.90249
4.19970
4.25125
3.59041
4.39196
4.05641
4.09723
3.88253
4.12074
4.02168
4.31472
4.34758
4.17378
4.42623
4.22383
4.41174
3.83377
4.45492
4.35484
3.66076
4.20190
4.30927
4.45988
4.14764
2.54054
2.70921
3.79238
4.47334
4.45404
3.86938
4.02228
2.35919
4.31325
4.23493
4.47410
4.42566
4.32291
4.40794
4.47575
4.01180
4.43999
4.02578
4.40366
4.29870
4.15884
3.82311
3.95634
3.84472
4.33740
4.06041
3.21833
3.51215
4.11986
4.37167
3.61852
4.39835
4.46749
4.45841
4.20439
4.48221
4.23497
4.27900
3.13589
3.77305
4.38498
4.17442
4.47186
4.22141
4.40365
4.23780
3.43679
4.41171
3.95139
3.91201
4.32241
3.93582
4.50056
4.29338
4.45238
4.20704
4.33524
4.25802
4.10691
4.23137
4.30579
4.26252
4.18633
4.02988
4.31619
4.00376
4.42005
4.09202
3.84473
4.07965
4.40570
4.47567
3.97159
3.71628
4.35808
3.79096
4.17226
4.10660
4.40353
4.09516
3.59277
4.37919
3.84585
4.02994
4.00942
3.32565
4.33128
4.05940
3.54987
4.10062
4.50437
4.30652
4.47392
4.25836
3.89075
4.41994
4.40254
3.85795
4.35902
3.32823
4.19028
1.95433
4.38006
4.19596
4.30064
4.31708
3.98250
4.26561
4.48856
3.36224
4.46367
2.06029
4.45149
4.22995
3.80122
4.45357
3.64337
3.96976
4.38663
4.20530
3.49073
4.42033
4.44145
3.48275
3.54832
3.84069
3.95813
3.39674
4.12961
4.27324
4.34521
4.35355
4.30920
4.47317
3.33568
3.82684
4.12361
4.31524
4.19027
4.34436
3.93527
3.45728
3.40503
4.42998
4.34338
4.17635
3.29709
3.87899
4.24952
3.90581
3.45392
4.35932
4.25869
4.07147
4.44632
4.02840
4.28904
4.20117
4.24314
4.31951
4.06849
4.44087
3.25341
4.47047
4.50367
4.39880
3.68631
4.14878
4.08637
4.33791
4.35894
4.05820
4.14644
4.36437
4.37449
4.13847
4.50834
4.20925
4.30298
4.38017
4.25214
4.33735
3.45991
4.15216
4.22425
3.91095
3.60944
4.17765
4.33541
3.56156
4.39027
4.28659
3.34625
4.46251
4.46165
4.00888
3.97743
4.47581
4.23036
3.59586
4.16442
4.44436
4.20526
4.31501
3.68077
4.06992
4.16476
3.94060
4.21526
4.39581
4.03383
4.45194
3.71130
2.70877
4.18175
4.12613
2.11604
3.77802
4.43234
4.16467
4.18599
4.34677
4.32982
2.12610
4.44543
3.89618
4.33720
3.84167
3.91137
4.07465
4.29033
3.31731
3.87263
4.28589
4.35709
4.50092
4.32409
4.44526
4.44993
4.00916
3.92235
4.36122
3.96208
3.04002
4.29017
3.94821
4.39673
3.82414
4.41737
3.95851
3.96890
4.01287
4.40261
4.43834
3.79581
4.29262
4.36761
4.06779
3.68393
3.92183
4.31925
4.33810
4.15481
2.47391
3.97098
2.87286
4.22975
4.24028
3.11666
3.99430
3.97512
4.43120
3.92509
4.51626
1.80011
2.76668
3.79776
4.34856
4.28242
3.84579
4.15091
4.23153
4.45114
4.29137
4.46318
4.05228
4.34910
4.02820
4.36297
4.44414
4.41363
3.65241
4.44138
4.44672
4.13372
3.73672
3.98653
3.22588
4.38454
4.13084
3.60235
4.22822
4.29457
4.24320
4.34084
4.20769
4.10305
4.41932
4.30076
4.05899
4.32761
2.79829
2.78318
3.78048
4.02090
1.95741
4.15790
3.18328
4.21703
4.30441
4.52142
4.34283
3.75987
4.08395
4.23462
4.42411
4.30104
4.51505
4.28807
4.10007
4.08987
4.40764
4.37848
3.21203
3.95760
4.30063
4.46169
4.44313
3.38676
4.36410
4.29398
4.36836
3.72772
3.72426
4.28552
4.24400
4.09623
4.34563
3.00023
4.40590
4.02711
4.11789
4.18699
4.34524
4.24777
4.05140
4.16831
4.46891
4.39217
4.38787
4.18181
4.28875
4.21062
4.46305
4.50482
3.95758
4.18903
4.20683
4.38684
4.05322
4.32130
4.39271
4.00803
4.20841
4.22535
4.14566
4.43774
4.27708
4.33526
4.42475
4.26543
3.98014
3.83112
4.37027
4.43835
4.45585
4.30201
4.32612
4.45303
4.38007
4.02439
4.25598
3.64356
4.15769
3.02585
3.32566
4.26724
3.97299
4.00838
4.21615
4.36862
4.45074
4.45286
4.43423
4.37507
4.41693
2.91083
4.35057
4.43170
4.32299
4.50446
4.38537
4.38096
4.32079
4.35394
4.12648
4.19647
4.20286
3.52289
4.16370
3.27766
3.67131
4.28542
3.83711
4.34913
4.43547
4.17335
4.47705
4.46307
4.41386
4.12800
4.12888
2.99447
4.34380
4.23466
4.41221
4.40721
4.37002
3.86496
4.45247
4.48639
4.26857
4.29391
4.26998
4.38932
4.20964
4.26870
4.25709
4.00797
4.45962
4.29304
4.18533
4.44555
4.42156
4.07587
4.33405
4.37313
4.26913
4.28909
3.87130
4.22858
4.38561
4.38891
4.35659
2.76040
4.18803
4.18229
4.35319
4.19569
3.74296
4.37231
4.41751
4.26376
3.24846
4.49482
4.08553
4.38311
4.04585
4.41021
3.98040
3.44959
4.11420
3.58519
3.44442
4.15130
4.38639
1.40256
4.17615
4.30826
4.33942
3.99274
3.61537
4.12704
3.71590
4.33955
3.39643
3.61340
4.04219
4.21920
4.43607
3.90969
2.74984
4.12762
3.95233
2.27556
4.35708
4.18741
4.48803
4.32248
4.43626
4.26500
4.25138
3.10387
4.02039
4.15777
4.45966
4.40667
4.44774
4.33894
4.28029
4.37243
4.37865
4.47150
3.76389
4.44233
4.38365
4.34762
4.13769
4.18905
3.97846
4.36610
1.75765
4.35073
4.42196
3.65367
4.37455
4.12452
4.12780
4.42765
4.36639
4.21106
3.68788
4.47424
3.78966
4.36926
4.16917
4.36485
4.48155
4.50647
3.45773
3.78645
4.40035
4.12158
4.46018
4.38681
4.49643
4.26377
4.03523
4.40706
4.35612
4.16638
2.84267
4.35231
4.23125
4.20575
4.18703
4.37896
4.29090
4.08431
4.38093
4.49775
3.01700
4.38430
4.34438
4.12313
4.30476
4.31768
4.02994
4.02797
3.10327
3.93994
3.73916
2.78223
2.86072
3.94428
3.60200
4.12976
4.33672
4.15666
3.69959
4.28142
4.04039
4.18517
4.42449
4.42704
4.32719
4.35162
4.47086
4.14279
4.30885
3.64675
4.32894
4.53051
4.08576
4.41314
4.01350
4.03171
3.69116
4.42172
4.43866
3.09831
4.15034
4.02962
4.08872
4.26303
4.27213
4.33869
4.41241
3.73185
4.23984
4.46799
4.20408
4.41951
4.34287
4.38773
4.31082
4.48827
4.31422
3.18105
4.46456
4.11140
4.09133
3.37012
4.48481
3.48391
4.15908
4.36592
3.48315
4.31412
3.32149
4.24190
4.25782
4.27891
4.18730
4.30572
4.39580
4.28993
4.45521
4.42485
4.38250
3.91752
4.47169
4.13548
4.46129
4.31318
3.56303
3.98743
3.71721
4.16317
4.10913
4.29587
3.13364
4.20869
3.20404
3.73622
4.39722
4.11193
2.78811
4.07367
4.43869
4.41371
2.70541
4.18226
3.84392
4.43017
4.22508
4.28201
4.10752
4.45588
4.38782
3.12028
4.38651
3.19041
4.46441
4.34349
4.15422
4.29738
1.53179
4.16576
4.13096
4.39327
3.64953
4.29936
4.15437
3.79940
3.67061
3.71356
4.42307
4.25379
3.40027
3.78260
4.01872
4.15767
3.65568
4.30185
4.28966
4.14353
2.86200
4.49165
4.47144
3.74058
4.18739
4.50130
4.41478
4.41569
2.92397
4.44425
3.62125
3.94615
4.36853
4.48086
4.28530
4.44370
4.21178
2.83705
4.09564
3.73556
3.79896
4.29555
4.29654
4.41457
4.35916
4.17845
4.42829
4.26909
3.92877
4.20770
4.37096
4.48923
4.41512
4.27746
4.38197
3.85359
4.04363
4.39652
2.52131
4.29708
4.30670
3.76964
4.39675
4.40708
3.42573
4.37206
4.38271
4.44886
4.47953
4.05179
4.10211
4.23630
4.09796
4.45040
4.04327
3.98206
4.45924
4.11810
4.03647
3.89917
4.02332
3.33091
4.19252
4.40028
4.41250
4.20328
2.75834
4.36078
4.40858
4.26937
4.37564
4.38254
4.18145
2.81490
4.30029
4.08327
4.35047
4.17351
4.42545
4.37639
3.40528
4.33764
2.04764
4.06572
4.15316
4.42017
4.28425
3.98176
3.41566
4.00648
4.23159
4.17009
4.38365
4.34661
4.27887
1.66748
4.27001
4.03315
4.43072
4.16191
4.46079
3.08251
4.34824
4.02893
4.26579
4.35007
4.44875
4.09802
4.46754
4.09825
2.63520
4.19099
4.40992
4.38685
4.23346
3.95711
4.41273
4.10977
4.41094
4.23711
4.15837
4.31782
3.96633
4.42689
2.63570
4.32500
4.05483
4.34061
4.29865
4.23520
4.34460
4.41039
3.81911
4.36064
4.42216
4.10317
3.71122
4.31053
4.28564
4.09790
4.22832
4.46973
2.20762
4.12486
4.31844
4.39483
4.17618
4.45061
4.51139
3.66819
4.47034
3.80682
4.42362
3.84678
3.06425
3.77734
4.43052
4.32677
4.25347
4.42882
4.40260
2.26918
4.45208
4.30777
4.28420
4.31610
4.26042
4.37560
4.35806
4.13780
4.46078
3.92120
4.33883
4.27832
4.49230
4.04058
3.68799
3.03136
3.83333
4.28522
3.93404
4.02228
4.48175
4.28003
4.30893
4.39575
4.32652
4.45160
4.28997
4.31543
4.38979
4.47185
4.01309
4.07546
3.86583
3.89511
4.24365
4.19691
3.88350
4.36522
4.16335
3.97355
4.50393
4.38120
4.49024
4.30507
4.48016
4.42956
4.21461
4.45849
4.30181
3.51917
4.45779
3.34527
4.29516
4.43452
4.13862
4.27612
3.72222
4.44127
4.19159
4.20289
4.42973
4.32013
4.11451
4.40217
4.25857
3.92187
4.33962
3.82727
3.99913
4.27207
3.82104
4.34048
3.72795
4.09460
4.10361
4.24015
4.10905
4.19237
4.31501
3.94181
4.43085
2.42328
4.18054
4.23096
3.47261
4.34054
4.36125
4.46929
4.06575
4.44302
4.46788
4.48692
4.05464
4.23110
4.37111
4.40311
4.30886
4.40921
4.28757
3.82771
4.33972
4.39647
4.02392
4.03437
4.46302
4.11058
4.34990
4.51373
4.28049
4.29063
4.34266
4.39229
3.81883
3.86213
4.20791
4.14320
4.44664
4.29164
3.01684
3.07249
4.31630
4.26867
4.25929
4.45759
3.70588
3.52334
4.41241
4.24499
4.35013
4.03720
4.27617
4.09194
4.38673
4.48142
4.20424
4.06837
4.39261
4.38435
4.15643
2.53697
3.47288
4.10625
4.35079
4.27515
4.46790
4.20659
4.36460
4.43967
4.11145
4.10978
4.02799
4.13241
4.38201
3.87402
2.74132
4.41125
4.36696
4.20420
4.18746
4.06108
2.95517
4.43276
4.00667
4.21903
4.37677
3.83541
4.06682
3.65690
4.15897
4.39049
2.64521
4.20187
4.01347
4.28859
4.43558
4.12440
3.75464
4.30226
4.35641
4.46233
3.66319
4.25626
2.35886
4.49664
4.39893
3.72202
4.47742
4.24724
4.22439
4.35012
4.38004
3.37264
4.39560
4.18132
3.97692
4.46289
4.19686
4.29936
4.43967
4.25728
4.04060
3.31131
3.09544
4.04676
4.32898
4.41843
3.98423
4.30135
4.33480
4.45455
4.27692
4.45157
3.28368
4.23433
4.28565
4.41407
4.40655
3.80982
4.12014
3.24728
4.48545
4.42599
4.37943
4.31655
4.42045
4.39231
3.91203
3.40808
4.46064
4.34542
4.30161
4.33774
4.19551
3.70226
4.40472
4.25960
3.83433
4.20701
4.42110
4.38765
4.33555
4.42530
1.28595
4.44995
3.44457
4.23121
3.98529
4.03133
4.24766
3.96679
4.27980
4.49056
4.41833
4.20106
4.37784
4.39362
4.27549
4.40984
3.78437
4.32303
4.22337
4.39873
4.20257
4.44149
4.09237
3.63137
3.87296
4.32521
2.00023
4.21265
4.17548
4.13353
4.35479
4.36924
4.10418
4.41211
4.36169
4.33857
1.89010
4.36448
4.32405
4.28399
4.00261
4.20597
4.05058
4.39930
4.33099
4.16230
4.47756
4.10445
4.45872
2.88868
4.25041
4.09366
4.09258
4.27024
3.46070
4.06478
4.48260
4.37891
4.45695
4.01236
4.35182
4.29632
4.41037
4.46983
3.56331
4.18451
4.01579
3.86150
4.44541
4.44486
4.50601
4.24957
3.73508
4.42122
3.83095
4.41530
4.31339
4.28919
3.11551
4.47796
4.43565
4.43354
4.42456
4.24743
3.60442
4.26498
4.36546
4.26149
4.28043
3.51560
4.46470
4.50880
4.40907
2.64326
4.35167
4.24476
3.92682
3.65446
4.45908
4.14673
4.31623
4.39562
4.43367
4.42718
1.98440
4.37113
2.81715
4.43206
3.47469
3.93452
4.27556
3.70445
4.31700
4.33243
3.89856
2.67008
4.37026
3.19595
2.51413
3.72779
4.25482
3.77054
4.01973
4.19208
3.89700
4.39416
4.30592
4.03289
4.19214
4.29328
4.28823
3.77706
4.25398
4.14965
4.18973
4.08760
4.31946
3.71434
4.40082
4.36935
4.12732
3.85186
4.45285
3.71431
4.31798
4.16136
4.20032
3.95452
4.03355
4.21460
4.33895
4.17267
4.35415
4.00629
4.38311
4.00727
4.44628
4.49194
4.37833
3.49630
3.43631
4.22720
4.45240
4.36066
4.38094
4.02878
4.36778
3.51107
4.52124
4.25178
3.95045
4.45404
4.34378
4.47733
3.68582
3.95350
4.19566
4.07210
4.05513
4.39556
3.69884
4.04205
4.38981
4.23964
4.30706
3.89673
4.24187
4.43340
4.16178
3.87544
4.34704
4.19925
4.48532
4.39915
4.32320
4.14419
4.20921
4.17098
4.16748
4.08313
3.87974
4.00268
1.92079
4.09071
4.23461
3.67183
4.42784
4.03220
4.32840
3.36913
4.48289
2.66687
3.91303
3.75611
4.50504
4.42214
4.15178
3.20838
4.51564
3.85335
4.20466
4.27856
4.30512
3.86095
4.37783
4.09158
4.22752
4.12661
4.48857
4.02489
4.13047
4.40712
4.33686
4.47441
4.31602
4.03336
4.40176
4.24393
4.42951
4.27320
4.30608
4.40656
4.48563
4.38131
4.41409
4.15530
4.39675
3.26636
4.34845
3.93926
4.37713
4.31404
4.43469
2.90010
4.45665
4.38641
4.30936
4.47079
3.82495
4.35864
4.31165
1.83860
4.37942
4.43544
4.40325
4.11165
4.25481
4.40645
3.61872
3.91457
3.82158
4.25839
4.40419
4.32107
4.07927
4.02364
4.35260
3.92375
4.20655
4.50411
4.41393
4.31738
4.34280
4.26955
4.21602
3.58556
3.88176
3.73949
3.17835
4.30102
3.99964
4.02586
4.39092
2.61103
4.36682
3.97542
4.37511
4.33754
2.77901
4.33920
4.18305
4.26938
4.05204
4.39739
3.44737
4.01026
4.41099
3.57320
4.34255
4.14438
4.32728
4.35960
4.41604
4.14616
4.34108
4.42862
4.31899
4.28706
4.35518
4.45552
4.08138
4.40021
4.44976
4.30251
4.38235
4.16626
4.46686
3.99560
3.74390
4.09683
4.27755
4.26814
4.27657
4.27573
4.04297
4.03427
3.99816
3.98090
4.30327
4.45172
4.45005
4.41757
3.71643
4.39264
4.38187
4.44169
4.23478
4.34004
4.01294
4.33898
3.67002
3.54917
4.24367
4.10377
4.42178
4.18105
4.24544
3.84775
4.03924
3.09282
4.10032
4.40822
3.77707
4.47535
4.35248
4.33722
4.26217
1.96503
4.41248
4.28133
4.50161
4.20583
4.22126
2.65843
3.48026
3.93417
4.15085
4.26903
4.34381
3.87559
4.21923
4.10657
4.27717
4.45650
4.16302
4.31158
3.78494
4.24985
4.43322
4.32654
4.03536
3.94405
4.33813
4.31041
4.08186
4.11775
4.31611
4.53159
3.76631
4.32274
4.22626
4.35930
4.12585
4.42353
4.21438
4.37736
3.67182
4.22422
4.35046
3.89032
4.35349
4.34986
3.60500
4.27571
4.39439
3.89141
4.35407
4.07992
2.63461
4.12224
4.34247
4.20394
4.43582
2.20932
4.39802
3.42733
4.31332
3.59892
4.44157
4.12012
4.33686
3.00595
3.46565
4.15359
4.48186
3.10706
4.24775
4.29702
3.91378
3.87807
4.32106
2.28807
2.65411
4.07962
4.24162
1.49445
2.87865
4.32490
4.13554
4.30381
4.10521
4.10711
4.24810
4.29122
3.71523
4.02527
4.02267
2.30051
4.33918
4.35982
3.63389
4.42022
3.92120
3.88312
4.22534
4.43533
4.28567
4.48427
4.47496
4.12089
4.24794
4.34317
4.31374
3.34443
4.27840
4.36717
4.44050
4.23087
4.13609
4.47268
4.46610
3.76244
3.77697
3.49160
4.22347
4.41852
4.02305
4.44449
4.15700
4.49061
4.26814
4.44284
4.41459
4.31269
4.42944
3.43823
4.28067
4.44461
3.79192
3.78116
4.39815
1.58102
4.39763
4.22482
3.57456
4.46902
3.61876
4.32421
4.13658
4.12699
3.53283
4.43572
4.45000
3.86923
4.41607
4.27762
4.12930
4.36774
4.29731
4.08589
4.47338
3.05807
4.41210
4.33003
3.82252
4.24639
4.21493
4.21345
4.27483
4.45121
4.11587
4.05031
2.55288
4.33551
2.32567
4.43923
4.12786
4.24275
4.19052
4.42717
4.32512
3.80474
4.21883
4.27098
4.51637
3.14330
4.22759
4.28103
3.58388
3.91662
4.31356
4.47129
2.64638
4.45044
3.21026
4.38147
4.25682
4.48397
4.48373
2.58826
3.86428
3.93372
4.38186
4.34480
3.59841
4.23586
3.53770
2.49291
4.36082
4.46597
4.14722
4.41162
4.25273
4.44674
4.27476
3.73028
4.49407
4.38355
3.69456
4.35713
4.42645
4.09957
3.84780
4.43665
4.30337
4.28790
4.24258
4.32174
4.29003
4.43317
3.86503
4.35483
3.91656
4.10645
4.48090
4.05674
4.31421
3.82229
3.39916
3.99591
4.47207
3.77928
4.47513
4.29608
3.75695
4.10142
3.22002
4.15002
4.32819
4.32364
4.47902
4.38606
4.21603
4.37788
4.17621
4.44088
4.20499
3.37236
3.96866
4.49976
3.25202
4.10260
4.39509
4.41340
4.34802
4.20725
4.34165
4.37877
4.40173
4.25628
4.47149
4.38776
3.84741
4.26521
2.58332
3.84454
4.35316
4.23039
4.18096
4.20318
3.60134
3.05829
4.44952
1.96170
4.27995
4.20090
4.37270
4.38672
3.88079
4.31216
4.14129
4.23763
4.40435
4.49334
4.38250
4.28388
4.26011
4.27078
1.65189
4.24493
4.42782
4.29065
2.64469
4.36437
4.14293
4.40088
4.31087
4.27940
4.31815
4.50402
3.53372
4.13120
4.33314
4.38548
4.36902
2.75283
3.86444
4.21223
4.42239
4.50465
4.33477
4.37942
4.41556
4.45909
4.44255
4.31952
4.17578
4.16782
4.11769
4.41002
3.84115
4.39132
4.43952
4.32516
4.16182
4.32549
4.39663
4.22082
4.30898
4.40214
4.41156
4.20372
4.43266
3.52036
4.34562
3.69527
3.30728
3.48189
3.89315
4.11716
4.32862
4.18237
4.04035
4.45263
3.17456
4.39346
4.40712
4.43885
2.62801
3.82866
4.29324
3.81800
3.67484
4.38701
4.25011
4.33947
4.35062
4.16311
4.23275
4.14571
4.45488
4.19009
4.17408
1.94429
3.30532
4.50208
4.35609
4.07937
2.92742
3.28524
4.41662
3.96972
3.89885
4.44951
4.23801
4.10864
4.16062
1.67374
3.90375
4.20315
2.35024
4.33191
4.31632
4.06223
4.36400
3.72897
4.35506
4.15651
2.63906
4.24351
4.24417
4.45155
4.34679
3.05462
3.85444
4.01914
4.32251
4.30231
3.93272
4.42410
4.20511
3.98684
4.20578
4.32479
4.36311
4.10959
4.49394
3.55481
4.28745
2.13145
4.32959
4.08074
4.38270
4.21182
4.23264
4.31276
4.46820
4.17712
4.41281
4.39594
4.26302
4.39869
3.71266
4.44631
4.14271
3.43413
4.13277
3.96725
4.38196
4.43466
4.37457
4.36295
4.19395
4.37377
4.42571
4.09603
4.28998
2.88340
4.25596
4.30004
4.32488
4.32871
3.91100
4.29567
4.17315
4.34750
4.46371
3.94096
3.32646
3.94888
4.19490
4.36283
3.71973
4.38812
2.50123
4.08956
4.24682
3.40157
4.34803
4.18829
4.36387
4.50652
3.96169
4.44292
4.09199
4.44647
4.31650
3.29940
4.40953
3.81269
4.41829
4.46116
4.30897
4.31465
4.22555
4.25170
4.33426
4.33607
4.34533
4.20925
4.37309
3.95028
4.14595
4.13234
4.13358
4.01699
3.84698
4.39375
3.34664
4.45294
4.19362
4.49862
4.28521
4.35474
4.34586
3.41566
4.40044
4.34391
4.05022
4.15386
4.39008
3.87623
3.77697
4.48288
4.39191
4.40089
4.30608
4.39209
4.35744
4.04981
3.96578
4.42499
4.28519
4.22775
2.06086
4.29949
4.43193
2.28630
4.32374
4.09782
3.75343
4.30379
3.98437
4.35431
4.37901
3.96448
4.38119
2.33492
4.00715
4.33987
4.36904
4.29102
4.49559
4.20452
4.43782
4.35176
4.44323
4.40491
3.24566
4.45989
4.38446
4.41397
4.28446
4.14758
3.67046
4.33463
3.67788
4.24677
4.33441
4.47150
4.00001
4.11018
4.26237
4.19887
4.37253
4.17799
4.29213
4.09712
3.23099
4.08977
4.37337
3.80387
4.22905
3.04387
4.31247
3.72614
3.93806
3.64746
4.37833
4.43532
4.43284
4.10713
2.89888
4.26147
4.37539
4.35046
4.28260
3.02881
4.41513
4.38111
3.93663
4.39002
3.66742
4.46613
4.33487
4.35978
4.27635
4.18126
4.51107
4.00866
4.23017
4.31357
4.13347
4.18877
4.33879
4.39602
4.31083
4.41870
4.20711
4.05929
4.49741
4.17230
4.44431
4.36536
4.27553
4.28892
4.25601
4.44599
4.21623
4.33114
4.28681
4.22804
4.00617
3.14485
4.29685
4.37788
4.28488
4.26657
4.41983
2.72939
4.47739
4.19326
4.46821
4.06374
4.22294
4.48091
4.05531
3.86778
4.43166
3.66102
4.20652
3.92470
3.90997
4.28986
4.44247
3.94270
2.31476
4.38763
4.38650
3.84594
3.98292
4.48010
4.29881
4.37963
4.37843
3.78800
3.55047
4.27957
2.27994
3.93287
4.40116
4.25650
4.29880
4.44141
3.97506
4.35686
4.34353
4.09204
4.33404
4.25056
4.19831
4.10176
4.40640
4.47528
4.43180
4.07669
4.34325
4.40229
4.12925
4.30445
4.45862
4.19837
4.07659
4.42715
2.86340
4.30856
4.37747
4.09319
4.36496
4.08824
4.08675
4.24379
4.06205
4.28690
4.34278
4.38559
4.27409
3.84841
4.15162
4.50894
4.43325
4.35267
4.20468
4.06780
4.18661
4.17719
4.46450
4.39638
4.35553
4.22821
3.66612
4.13011
3.64074
4.30342
3.68874
3.87038
4.44894
4.30173
4.32859
4.20864
4.43630
4.15108
4.46578
4.22498
2.80330
4.43173
4.27522
4.33557
4.41891
4.36050
3.96222
4.21563
3.89972
4.40567
4.46983
3.96721
4.18198
4.45104
4.40648
3.88450
4.46360
4.37646
3.03301
4.44038
4.00962
4.34810
4.46406
4.27745
4.28447
4.29023
3.67981
4.12889
4.38765
4.30616
4.00797
4.50245
4.44325
3.64865
4.33289
4.12746
4.40239
2.97685
4.29753
4.02801
3.68389
3.74907
4.26469
3.94909
4.11982
4.42055
3.86589
4.26227
4.21556
3.22535
4.41132
4.37210
4.38009
4.51289
4.32114
4.25066
4.13474
3.32394
2.97607
4.29158
4.38118
4.36071
3.43767
4.32616
4.19411
4.32723
4.16694
4.19971
4.41793
4.42907
4.27428
4.31574
3.88465
4.38138
4.48787
4.06107
4.19237
4.48139
4.40387
2.31929
4.50066
4.34696
3.85188
4.03504
4.37765
3.97924
4.22511
4.15278
4.43024
4.20743
3.74807
4.34342
4.15739
3.33619
4.44693
4.00720
4.29887
4.00655
4.40088
4.31208
4.40182
4.18664
4.26866
4.18515
4.27788
4.28321
4.43862
4.09708
4.40516
3.61681
4.09778
4.26104
4.44632
3.93970
2.56717
4.39087
3.51638
4.05585
4.32164
4.33896
4.29813
4.24111
4.38574
4.02620
3.04470
4.36732
4.43943
4.35620
4.30473
4.26037
4.37289
2.87469
4.07362
4.44556
4.17148
3.73330
3.70111
4.39588
4.37115
3.73529
4.27968
3.98602
4.21230
4.09344
4.34255
4.36045
4.12002
3.40751
4.13683
4.45162
3.16082
3.90116
4.43015
4.00596
4.04603
3.62653
4.32166
4.26604
4.14160
4.15966
4.19885
2.80657
3.98186
4.37684
4.35435
4.13780
4.40449
3.26115
4.44877
4.23516
4.25321
4.31683
4.28721
4.46132
3.79864
3.98779
4.34685
4.43210
3.70939
4.46763
4.15417
4.26143
4.06117
4.32769
4.43678
4.18196
4.16889
3.87185
4.32924
4.41251
3.99511
4.33383
3.18945
4.17397
3.69150
4.39793
4.32294
4.23308
4.45443
4.47902
4.22237
3.74411
3.89971
4.38917
4.28240
3.42676
3.21465
4.20649
4.10937
3.95932
4.20679
4.48101
4.13749
4.17340
4.38696
4.47789
4.23979
4.27273
4.26504
4.45570
4.46733
3.24501
3.62735
4.23516
4.21914
4.11576
4.45277
4.09077
3.93419
4.01939
4.23997
2.66597
4.43626
3.92874
3.97274
4.30336
3.63591
3.43985
4.40134
4.00612
4.14323
4.31235
4.33551
4.38434
4.27943
4.33511
4.37569
4.34577
3.62030
4.43773
3.52004
4.29447
4.25655
4.48645
4.12156
4.37952
4.45304
3.99831
4.45214
4.45548
4.35310
4.01510
4.22981
4.19387
2.70236
4.09906
4.30174
4.18314
4.27968
2.32621
3.74460
4.33724
4.32614
4.47919
4.30948
4.13235
4.10116
4.25008
3.77543
3.30756
4.38395
4.34827
4.40279
3.77205
4.33755
4.38068
4.15526
4.45065
4.12859
4.20604
4.17683
4.17095
3.75968
4.45002
4.23758
3.69918
4.31680
3.37339
4.48193
4.26643
4.44863
4.38008
4.16531
4.30552
4.17939
4.47600
2.75726
2.90090
4.37623
4.52284
4.39675
4.30394
4.21629
4.49517
4.27775
4.33481
4.40374
4.17634
4.38795
4.37155
4.10476
3.92253
3.98561
4.49760
3.56721
4.33879
4.28510
4.19632
4.27729
4.06772
4.08525
4.18933
4.27867
4.33923
3.61832
4.37558
4.06449
3.37284
4.46066
4.30219
2.60052
4.42202
4.06309
4.32401
1.92801
4.07069
4.35476
4.34268
4.35663
4.41143
4.03889
3.76987
4.30328
4.39785
4.21807
4.33506
4.14351
4.26549
4.45554
3.86194
4.33530
4.39503
4.10482
4.41783
4.21794
4.32344
4.11937
4.12004
4.48038
4.24791
3.71669
4.37169
4.36188
4.13526
3.78788
4.28855
4.31147
4.34662
4.48381
4.36855
4.42101
4.37837
4.22111
4.26532
4.23417
4.40276
4.16359
3.66344
4.26625
4.44583
4.34605
4.37820
4.40494
4.20258
4.31528
4.18894
3.85118
4.37969
4.22751
4.24402
4.31003
4.46994
2.56489
3.89766
4.34845
4.47106
4.40542
4.44447
3.78057
4.28445
3.89116
4.45093
4.37750
2.13690
4.34712
4.47209
4.25077
4.11322
4.02280
4.15036
4.35232
4.37045
3.34348
4.48208
4.29812
4.46957
4.44257
4.29165
4.40798
4.28186
4.13038
4.26420
4.19667
3.54094
4.35603
4.26607
4.18126
4.41704
2.87699
4.50353
4.38723
4.40789
4.22631
4.38020
3.95733
4.36764
4.41527
4.14740
4.38473
3.71778
4.27528
4.39625
4.28746
4.21610
4.28390
4.43288
4.32196
4.33179
3.87008
3.95303
4.41052
4.44885
3.61685
3.60741
4.09483
3.86956
4.48182
4.09037
4.48284
4.15005
4.40439
4.35857
4.48678
4.17627
4.31511
4.38662
4.22040
4.49022
4.31000
4.25833
4.24804
4.38623
4.46076
4.00598
4.05620
4.28141
4.45904
3.96676
4.40548
4.19152
4.41729
4.33890
4.10926
2.93088
4.17493
3.92293
4.38412
4.48101
3.99048
4.30104
3.81182
4.20784
4.19119
4.41545
3.66291
4.29175
3.90573
4.06745
4.41346
4.12827
3.98257
4.24599
4.19476
4.23316
4.11329
3.57460
4.03287
4.08737
4.47271
4.10751
4.37787
4.42917
4.27269
4.35718
3.99639
4.44451
4.15510
4.08934
4.09837
3.84221
4.35395
4.31393
4.26330
4.42929
4.22687
4.07285
3.94871
4.42622
4.38648
4.48122
4.27245
2.67446
3.62460
4.29017
4.33694
4.41250
4.50417
4.37831
4.17605
4.46491
4.03509
3.96759
4.29854
4.43856
3.90104
3.95474
4.48948
4.36899
3.98341
4.46180
4.41498
3.98188
4.51802
4.07340
4.09644
2.21778
4.29749
4.32506
4.37269
4.45059
4.40777
4.42846
4.32115
4.08909
4.41923
4.16566
4.37525
4.44678
4.21441
4.33416
4.40619
3.44981
4.06534
4.33602
1.94409
4.12504
3.01615
4.32955
4.41454
4.22396
4.16855
4.08872
4.27720
4.09454
4.33538
4.11814
2.40502
4.15994
4.23701
4.12914
4.21112
4.47779
3.71248
4.28419
4.18999
3.62416
4.12964
4.24508
4.47894
4.28236
4.41218
3.96708
4.28563
4.12400
4.19729
4.22981
4.01209
4.16654
4.25493
4.16054
4.45626
4.50172
4.52087
4.30378
4.27671
4.49186
4.13276
4.19063
2.63587
4.38573
4.39988
4.11763
4.42403
2.12382
4.02172
4.14894
4.42254
4.46197
3.80795
4.40664
3.87059
4.23231
2.84668
3.88195
4.21045
4.02494
4.39247
4.41515
4.49607
2.99069
4.37626
3.56780
4.26111
3.68179
3.86117
4.12333
4.30958
4.02145
4.10955
3.89305
3.57450
4.25908
3.34663
4.36124
4.35663
4.33382
3.46055
4.11013
4.19360
4.05872
4.08855
3.85686
4.38691
4.12359
4.30550
3.79546
3.43589
4.41006
4.13871
4.41534
4.38212
3.97787
4.42400
4.01598
4.23000
4.36426
3.64763
3.78488
4.22190
4.09112
4.47033
4.08783
4.48092
4.20974
4.31021
4.41383
4.35802
4.49213
4.38948
3.48979
4.48952
4.48773
3.63708
4.28685
4.36348
3.10855
4.42904
4.41864
4.32514
4.39405
4.34370
4.40758
3.04779
4.29649
4.19209
3.96582
4.40098
4.36600
4.00495
3.96621
4.43454
4.24901
4.46726
4.26119
3.78766
4.38748
4.43501
4.19042
4.26628
4.49131
4.03349
4.26748
4.28214
4.13593
3.96468
4.23849
4.47651
4.14348
4.03693
4.33070
4.33098
4.17401
4.47319
4.43838
4.26525
3.82604
2.60507
3.98223
4.19413
4.29417
4.28564
4.38125
3.62092
4.46131
4.37379
4.17397
4.26474
3.87662
4.28647
4.08299
4.14161
4.03734
3.91134
3.32747
4.43239
4.15678
4.36745
3.74261
4.00700
4.33079
4.37964
4.43633
4.26217
4.29190
4.07165
4.42370
4.27940
4.35046
4.37757
4.22947
4.29701
4.20705
4.26786
4.27761
3.47308
4.02562
4.26399
4.08809
4.16286
4.48947
4.43597
4.16096
4.25640
4.23249
3.04988
4.16789
3.68476
2.45047
4.35581
4.18516
4.21164
3.83619
4.33597
3.56438
4.09457
3.53729
4.37051
4.43275
4.34608
4.19169
4.31577
4.25510
4.47604
4.12892
3.78912
3.88274
4.02973
3.64953
4.31536
4.36694
4.45322
3.18112
3.96081
4.44207
4.41818
3.61397
2.94305
3.94455
4.36807
3.85623
4.41783
4.29779
3.91812
4.46703
4.42609
4.39307
4.52070
4.13910
2.81460
4.29533
4.30182
4.36685
4.39507
4.34575
3.36649
4.47968
4.42533
3.63464
4.40456
3.89985
4.33765
4.31930
3.95055
4.37747
3.51009
4.35452
2.70888
4.26051
3.36592
4.07042
4.29389
3.83778
4.34788
4.37411
4.41095
3.25680
4.29884
2.56072
4.38938
4.37958
4.19424
2.87560
4.45258
4.51300
4.30658
4.44106
4.09167
3.54494
2.82635
4.34884
4.46025
4.44184
4.42338
4.04665
4.30380
4.29922
4.17680
4.03938
2.58880
4.08038
4.15824
3.98394
4.46840
2.86821
3.79992
4.36397
4.19101
2.04388
4.48599
3.98706
4.13003
3.17560
4.24522
2.74186
4.21674
4.23738
4.40016
3.94666
4.50450
4.35326
4.06775
4.37463
4.29508
3.69385
4.39202
4.10421
4.08603
4.25632
4.41870
4.12889
3.59833
4.26349
4.02432
4.15980
4.33256
4.49059
4.42689
4.31289
4.37244
4.45965
4.26254
3.68236
4.31985
4.40945
4.12916
4.35605
4.41475
4.30343
4.11356
4.37231
4.42684
4.41680
4.07000
4.49495
4.47947
4.48554
4.36589
4.10612
4.41603
4.32303
4.38580
4.35281
4.10186
4.31137
4.43904
4.16315
4.21972
4.40541
4.17771
3.75586
4.11582
4.42610
3.75930
4.35224
4.34654
4.33466
4.44687
4.37506
3.90841
4.42724
4.34592
2.86009
4.37892
4.37479
2.59179
4.42144
3.89242
4.31928
3.67549
4.08043
3.50775
3.82866
4.10838
4.44559
4.45898
3.19944
4.09357
4.27020
4.31295
4.36183
4.46556
4.23358
4.34228
4.37427
4.43503
4.43141
4.10663
4.21559
4.25422
4.20025
4.00048
4.15411
1.93767
4.17349
4.46760
3.90287
4.01616
4.35802
4.16672
3.82854
3.73380
4.26077
4.43420
3.92586
4.14293
4.15903
4.38476
4.48178
4.04801
4.35727
4.31783
2.69799
4.50070
3.90593
4.38756
3.69996
4.27798
3.44712
3.58181
4.10799
4.12053
4.43081
4.22264
4.24134
4.34743
4.49918
4.14843
4.44146
4.37487
3.88732
3.17520
4.26263
4.31782
4.31283
4.32689
4.29950
4.34174
4.37872
4.28587
3.74805
4.25982
1.84534
3.95117
4.31101
3.71424
4.28193
4.33998
3.42902
4.42248
4.42987
4.21052
4.10179
4.39545
4.15945
3.61041
4.25278
4.37515
2.45106
3.31418
4.08172
4.45672
4.34890
4.20177
4.44961
4.31329
4.28816
4.16766
3.61287
4.10845
4.43638
4.31102
4.26790
4.08870
3.95688
4.06458
3.62820
4.44309
4.36835
4.42017
4.30970
4.42426
4.37864
4.21533
4.43870
3.85097
4.08727
4.34258
4.23167
4.49106
3.93786
4.25809
2.97220
4.33054
4.40475
4.22659
4.34552
4.30316
4.41375
4.38477
4.22240
4.13851
4.25604
4.24387
4.40893
4.17449
4.24983
4.43659
4.26087
3.93256
4.26655
4.12604
4.40575
4.42493
4.10486
3.90151
4.37950
4.33699
3.35483
4.35165
4.39297
4.31925
4.35526
4.30923
4.28290
4.41465
4.41569
3.81478
4.24081
4.44030
4.38855
4.39826
4.43075
4.41620
4.24290
4.01079
4.35380
3.80898
4.29195
4.46288
4.39936
4.27455
4.42929
4.14550
4.40058
4.42548
4.22382
4.37397
4.38659
3.74429
4.09908
4.43383
4.13061
3.87249
4.27392
4.34266
4.33284
3.47666
4.16756
3.90713
4.21769
4.24102
4.38530
4.47100
4.06144
4.28418
4.43028
4.45216
4.49366
3.71980
4.43383
4.24701
4.03429
3.97531
4.41239
4.36108
3.55726
4.33321
4.28294
3.34876
4.09137
4.35760
4.47494
4.44351
4.37124
4.46922
4.48078
3.87999
4.33439
4.29952
4.41200
3.90543
3.79630
4.43997
4.39419
4.45103
3.97012
4.39764
4.46692
4.13106
4.22194
4.47920
4.34079
4.32913
3.97498
4.46994
4.34514
4.13990
4.13996
4.45932
2.43744
4.22498
4.41087
4.18786
4.39830
4.47166
4.48605
4.29777
4.38518
4.48806
4.37646
2.80352
4.43451
4.45984
3.94236
4.17996
4.04148
4.25747
3.97912
4.47297
4.45563
4.35305
4.23328
4.42662
4.20442
4.38562
4.06203
4.47179
4.16218
3.14745
3.26817
4.44697
4.35622
3.94287
3.83813
4.40082
3.77344
2.99016
4.35234
2.81250
3.78934
4.30799
4.10734
4.11600
4.31027
4.06921
4.04078
4.32868
4.46848
4.01077
4.24720
4.32426
3.23784
4.35452
4.06738
4.42203
4.03648
3.45184
4.33056
3.81209
4.40776
4.28314
4.04182
4.29992
3.89339
4.30409
4.27006
4.25834
2.88521
4.04129
3.89359
2.22893
4.38700
3.66905
3.72995
4.06176
4.37476
4.04871
4.34449
4.18794
4.36977
4.14672
4.04503
3.30661
3.11760
4.28391
4.24147
4.34518
4.36749
3.82973
4.18428
4.30715
4.33831
3.25627
4.14759
4.26897
4.33967
4.24885
4.31623
4.12240
4.37489
4.37830
3.90084
3.61215
4.08790
3.45865
4.12977
4.01775
4.29039
4.27891
4.45626
2.64632
4.36602
4.31889
4.24437
4.46849
4.35109
3.18385
2.67844
4.34483
3.84052
4.16112
4.12484
4.23061
4.44820
1.40949
2.05587
4.08234
4.45096
4.38674
4.45392
4.38898
3.57866
4.31558
4.36512
4.11277
4.42515
4.35150
4.41977
4.26132
4.27045
4.24964
4.33318
4.18655
3.07071
4.40774
4.27793
4.09849
2.89818
3.96244
4.13055
2.89114
3.58816
4.27181
4.01639
4.32028
4.46311
4.40938
4.49222
4.13759
4.40910
4.36624
3.95359
4.31521
4.30588
4.40094
4.04258
3.35449
4.43777
2.96394
4.29701
3.99832
4.31782
4.35096
4.25642
4.35438
4.30661
4.30466
3.97068
4.25464
4.29770
3.49389
4.32733
4.22229
4.41485
4.40600
4.23268
4.41089
4.32846
4.41873
4.17431
4.17285
3.95462
4.09497
3.97426
4.34080
4.23273
4.35374
4.29155
4.21733
4.10652
4.27989
4.12724
4.12777
4.32864
4.31305
4.38413
4.34055
4.24854
4.02665
4.38154
3.57415
3.62781
3.36826
4.08679
4.26372
4.32440
4.48956
4.33394
4.40240
4.30140
4.40264
4.07821
3.15615
4.38808
4.09059
4.26131
4.28313
4.22914
4.39010
4.22042
4.42065
2.59933
2.96185
4.43759
3.80472
4.02521
4.20828
4.10058
4.42259
4.36400
4.46560
4.29238
4.41724
3.95974
3.82994
4.33865
3.06223
4.22743
4.25005
4.38897
4.42407
4.18893
4.40217
4.45276
4.38184
4.14340
3.85057
3.85495
4.39468
4.28233
4.16441
4.37708
3.79158
4.32207
4.27696
4.00680
4.28906
4.43036
4.07153
3.46398
4.24054
4.46946
4.40746
4.04320
4.43368
4.26556
4.47403
4.33156
3.25914
4.42857
3.41773
3.93348
4.23161
4.17953
3.98126
2.50771
4.12646
4.47772
4.30384
2.87783
4.48356
4.19940
3.71847
4.32492
4.34144
4.37841
4.28784
4.18632
3.73059
4.12995
4.27642
4.39299
4.48129
4.35304
3.55634
4.39600
4.15238
4.45226
4.45171
4.13628
2.83244
4.33286
4.28867
4.30642
4.25623
3.90880
3.88074
4.15904
2.51838
4.46535
4.06462
4.18178
4.39353
4.30941
4.28969
4.24897
3.97391
2.63231
3.99976
4.14204
2.61236
3.52047
4.34860
4.14548
4.41857
4.15646
4.35547
4.33542
4.08667
3.62626
4.43073
4.37147
4.28430
4.36867
4.47593
4.36775
4.47031
4.38376
3.02723
4.28804
3.95842
4.05018
4.24063
4.29777
4.34810
4.25075
4.27923
4.10773
4.42098
4.28517
4.23897
4.36624
4.20467
4.28590
3.55095
4.36053
4.33697
4.39924
4.36969
4.27520
4.41314
1.96832
4.47760
4.41435
4.04857
4.38948
4.45110
4.42629
4.43466
4.43326
3.90280
4.08384
4.33383
4.30136
4.09168
3.61000
4.40778
4.14434
4.23383
4.48881
4.31947
3.94210
4.47201
4.09141
4.22363
3.58935
3.44769
4.28907
4.26885
4.30292
1.21711
4.18870
4.24471
3.58780
4.31973
4.22944
3.78486
3.97012
4.44898
3.01347
4.12123
4.12593
4.44244
4.44603
4.02911
3.55910
4.37369
4.43511
4.12737
4.32026
4.04419
4.41745
4.48620
4.44741
4.48030
4.33817
4.28966
1.89998
4.07528
4.39962
4.08162
4.23081
3.90368
4.36382
4.20265
3.76122
3.05350
4.41975
4.41448
4.24288
4.27666
4.13788
4.29102
4.31347
4.20025
3.92634
3.70506
4.48822
4.21463
4.49035
3.32854
4.39400
3.76584
3.88083
4.51591
4.06164
4.46505
4.44952
4.21463
4.07978
4.08557
4.41909
4.41333
4.27236
2.28320
4.03085
4.38016
4.33051
4.20872
4.35559
3.97535
4.25835
4.35969
4.39719
4.41220
2.26688
4.36047
4.29339
4.19986
4.40130
4.23842
4.29650
4.27530
4.06104
4.48890
3.52164
4.31050
4.17503
4.52043
4.00972
4.45662
3.81358
4.20303
4.14972
2.66350
4.36769
4.19532
3.60381
2.66611
3.27783
2.66628
4.07761
4.50639
4.30927
4.31047
4.44695
4.15693
4.02858
3.72221
3.95262
2.65015
4.25698
4.31879
4.23924
4.35204
4.28651
4.18846
4.33685
4.37686
4.25972
4.45631
4.07749
3.41682
4.34072
4.48350
3.93866
4.40779
4.17606
4.30000
4.49806
4.42639
4.32118
4.04570
3.85634
3.33329
4.21354
4.45526
4.22312
4.35646
4.44954
4.12109
4.29807
4.43324
4.33364
4.36205
3.50128
4.11407
3.66931
4.39338
4.23011
4.45354
4.45373
4.34834
4.00017
3.68418
4.05331
4.44982
3.62242
4.08015
4.39757
4.39817
4.49062
4.38899
3.32542
4.30564
4.06995
3.79078
4.04740
4.46500
3.75402
4.38089
2.45591
4.34934
2.84450
4.42181
4.40119
4.18387
4.19289
4.42709
4.18127
4.41937
4.27624
4.19723
4.29467
4.12576
4.32840
4.19304
4.29025
4.28877
4.38881
4.44971
4.42339
2.44156
4.40200
4.33709
3.77839
3.33109
4.26147
4.36704
4.21115
4.38990
4.38296
3.99809
4.51120
2.88406
4.44344
4.39990
4.48514
3.84844
4.32368
4.22649
4.26487
4.08651
3.66494
4.26633
2.54945
4.14592
4.38255
4.46025
2.78685
4.51555
4.36974
3.68307
4.21489
4.41454
4.32631
2.59847
4.29196
4.36331
4.34318
4.49633
1.66527
4.22046
1.97734
3.68570
4.17735
4.32122
4.02688
4.40236
3.86239
4.36320
3.26213
2.86127
4.36988
4.29853
3.79743
2.03293
3.69044
3.90394
3.52307
4.40238
3.67952
4.39608
4.43042
3.55222
4.40402
4.16317
4.50492
4.03468
4.45195
4.44513
4.31123
4.04374
4.41257
4.35274
4.45550
3.88152
4.19638
4.41950
4.31737
4.41045
3.89577
4.25344
4.41938
4.29325
4.32341
4.33226
4.35730
4.06634
3.46551
4.07552
3.92063
2.67849
4.26363
4.22317
4.37469
4.28349
4.15129
4.33208
4.02886
4.31961
4.07971
4.18830
4.33357
4.24400
4.32879
4.27002
4.37034
4.21719
4.41268
4.14142
3.11694
3.87131
4.01197
4.25885
3.58637
3.15365
4.05132
4.44584
4.38611
4.18591
4.09255
4.43268
4.03936
4.02407
4.00238
4.20219
2.85172
4.45762
4.40845
4.29971
4.28532
4.45459
2.82740
4.36437
4.45191
4.38047
4.09357
4.41347
4.05832
2.97544
4.39241
4.13645
3.68564
4.22970
4.43254
3.72219
4.38172
4.07231
4.03671
4.16507
4.06860
3.64600
4.15425
4.24554
4.46778
4.07750
3.88410
3.68262
3.79712
4.49005
3.45495
4.42132
4.37914
4.44839
3.58318
4.11510
4.24932
4.41634
3.55836
4.21451
4.41136
4.43681
4.06913
4.31372
4.17302
4.15154
4.07810
3.87018
3.31555
4.38602
3.46652
4.00369
3.36014
4.40471
4.30096
4.44267
4.24659
4.42204
4.43479
4.35912
3.85057
4.38413
4.09297
4.36307
4.47022
4.08771
4.48129
4.12463
4.33888
4.32110
4.05748
4.46084
3.42067
4.25436
3.44682
4.15197
4.31452
4.08458
4.50607
4.42289
4.19075
4.43637
4.03989
4.50282
4.42201
4.18042
3.11881
4.51121
4.24311
4.18341
4.39566
4.39120
3.61930
4.08360
4.34135
4.45068
3.21270
4.21353
4.38566
3.83723
4.24218
4.40321
4.24225
4.34833
3.64675
4.33688
4.11906
3.62426
4.25432
4.09981
4.15472
3.36879
4.17639
3.92968
1.99441
3.86436
3.48956
4.39818
4.38184
4.10160
4.41594
4.26926
3.68289
4.42029
3.05374
3.35747
4.34760
3.84003
4.21356
4.25011
2.57318
4.37642
4.41705
4.23111
3.31047
4.10564
4.29599
2.96564
3.75620
3.18431
3.82694
4.26877
4.34882
3.35898
4.23829
4.34896
3.88691
4.24944
4.41116
4.37015
4.32166
4.22140
4.26653
4.36473
4.18548
4.42350
3.91713
2.31367
4.44183
3.25210
4.26092
4.38246
4.14209
3.20191
2.18514
4.45486
4.32685
3.77278
1.81441
4.14069
2.96171
4.46344
4.22949
4.37295
4.04075
4.27254
4.27834
3.19365
4.26104
4.19507
3.68788
4.29990
4.32565
4.43953
4.50013
3.94634
3.88612
4.23273
4.10862
4.22062
4.32998
4.33053
4.08628
4.18451
3.40861
4.44954
4.28818
4.49045
4.37457
4.08585
4.22602
4.41204
4.38316
3.69886
4.20455
3.55421
4.46492
4.21232
4.13228
4.45641
4.07593
4.41973
4.41128
4.33742
4.38455
3.96143
3.78183
4.38589
4.33439
4.31701
4.46329
4.41446
4.29254
4.20335
4.14940
4.26413
4.39576
4.02659
4.45973
4.03643
4.10732
4.17838
4.35585
4.35659
4.22668
4.15139
4.36646
4.43777
3.64986
4.39199
4.34725
4.35592
4.42715
4.43189
4.09027
4.38636
3.92063
4.45737
4.22652
4.14837
2.90951
4.43613
4.34749
4.37515
3.54854
4.41642
4.40065
3.88191
4.31180
4.20371
4.19938
4.26055
3.91826
4.12024
4.15476
4.37967
4.42577
4.26225
4.40440
4.25807
4.41497
2.78841
4.25765
4.10837
4.29816
4.28718
2.25320
4.22087
4.44554
4.45153
4.38909
4.33866
4.43924
4.38994
4.22824
4.33836
3.67848
3.58045
3.60167
2.89182
3.49865
4.04227
4.38300
4.42365
2.83871
4.40992
4.44160
4.30175
4.35503
4.29774
3.35287
4.22726
4.46557
3.91468
4.16339
3.33667
4.47487
4.27707
4.20444
4.14958
4.02271
4.38352
4.34334
4.26608
4.45449
4.47256
4.13696
4.44053
4.40847
3.85588
3.02334
4.40508
3.91397
3.07482
4.47797
4.43891
2.35098
3.90466
4.40000
4.29919
4.32554
3.97952
4.05915
3.86889
4.37287
4.20848
4.33392
3.23058
4.06978
4.19162
4.17787
4.43563
3.52182
3.47427
4.49309
4.35734
4.37115
4.25899
4.20568
4.23034
4.33739
4.40759
3.46474
4.05166
3.69184
2.30638
4.39724
4.37118
4.41142
4.17991
4.04718
2.55736
4.43968
4.37010
4.21848
4.01662
3.67104
4.09827
3.00804
2.28868
4.18747
3.51473
3.92368
4.27034
3.24602
4.24147
4.36885
4.47136
4.30057
3.83378
3.60999
4.44624
4.08490
4.43519
4.09996
4.11125
3.75601
4.24899
4.34722
3.90766
3.97283
3.66726
4.36132
3.99528
3.80705
3.92574
4.08061
4.19652
4.21829
4.35799
4.33699
4.47411
4.42727
3.96154
3.10873
3.84270
4.33590
4.28494
2.94412
4.36018
4.35751
4.45535
3.96569
4.46656
4.21586
4.46962
4.29928
4.38360
4.00400
4.32211
4.35804
4.43717
4.30889
4.48847
4.37692
4.21380
4.27701
4.15845
4.04495
4.07167
4.42284
4.41304
4.32671
4.48468
4.33712
4.10747
3.45663
4.43623
3.88931
3.14288
4.09928
4.04970
4.28866
4.50402
4.39684
4.42350
4.37815
4.18793
4.20446
4.36280
4.17231
4.13288
4.24294
4.41591
4.47492
4.41972
4.35243
3.84154
3.25451
3.92103
4.25427
4.43128
4.11198
4.03366
4.37366
4.19644
3.32990
4.46622
4.25059
4.20439
2.42512
4.41168
3.75291
4.22733
4.30667
3.08418
4.07416
4.15355
3.93559
1.91707
4.30066
4.46961
3.85331
4.36412
4.34538
4.08081
4.43408
3.50732
4.40878
4.43328
4.21710
3.45022
4.38880
4.14783
4.27876
4.21094
4.10977
4.22505
4.26654
4.25689
4.33971
4.06451
3.73189
4.38980
4.46169
4.16081
2.53597
4.35258
4.37939
1.75181
4.44088
3.74274
4.10804
2.74046
3.60483
4.25128
4.24905
4.38745
3.30822
4.38172
4.31017
4.31194
4.25049
3.63042
4.32309
3.04399
4.40760
4.47180
4.13755
4.13223
4.32661
4.30834
4.06236
4.37698
3.94563
3.69793
3.55476
3.70823
4.47755
4.35805
4.27722
4.46920
3.56019
4.40850
4.36548
3.86552
4.22905
4.42260
4.46018
3.79036
4.08627
4.30822
4.33782
4.37655
4.43341
4.39231
3.98740
4.47140
4.44008
3.66295
4.39001
4.29159
4.41806
4.24388
4.25229
4.29422
4.14480
3.99461
4.39317
3.93645
4.27862
4.34805
3.58286
4.08201
4.29741
2.80506
3.81028
4.27020
3.67410
4.40430
4.24966
4.45121
2.81739
4.14226
3.73008
4.17069
4.33784
3.32857
3.87704
4.26706
4.15641
4.31043
3.22142
2.39826
4.23444
4.46040
4.12281
3.91832
4.36972
3.90768
3.84871
4.30334
4.09164
4.02528
4.21605
4.36015
4.34737
4.47983
4.50296
3.35308
2.37704
4.12797
3.96877
4.38128
4.34012
4.35455
3.95495
4.25835
4.05097
3.56741
4.29508
4.11431
3.88460
4.32997
4.51173
4.42663
2.81776
4.35511
4.25140
4.35981
3.93505
3.18435
4.30889
4.19116
4.30271
4.31053
4.16778
3.14280
4.35935
4.05887
4.40080
4.04325
4.18376
4.47356
4.19937
4.38804
3.87791
4.27686
4.31889
4.38494
4.30814
4.19021
4.32869
4.02233
4.20397
4.30315
4.11178
4.13732
4.45595
4.46114
4.13365
4.28171
4.33574
4.05350
4.41129
4.24987
4.18632
4.43791
3.95330
4.01627
4.40779
3.92303
2.75432
4.20960
4.36539
3.79887
4.40337
4.44381
3.58958
4.17310
4.01677
4.35074
4.24119
3.74780
3.62670
3.94274
4.22486
3.57962
4.40503
4.30890
4.48874
3.75636
3.69680
4.23219
4.45443
4.22081
4.44393
4.49802
4.38275
3.90775
4.32690
4.09386
4.32117
4.33012
4.49827
4.34490
4.04051
4.41069
3.94351
4.14681
3.17516
4.41254
3.84049
4.14459
4.31303
3.52748
4.23412
4.06926
4.13928
4.02449
4.40804
4.42957
2.92720
3.95423
4.48265
4.21966
4.41666
4.46705
4.29292
4.43780
4.30484
4.30159
4.42908
4.12842
3.83784
3.95815
4.30709
4.26327
4.28486
4.28771
3.93071
4.20731
3.92262
4.45068
4.12407
4.41320
3.10585
4.40763
3.83915
4.27672
4.34515
4.36870
4.40675
4.27765
3.75124
3.78036
3.46922
3.88017
3.86786
3.24151
4.42326
4.44666
3.31063
4.45484
4.45291
4.40195
3.90244
4.36747
4.00637
4.23728
4.20069
3.54575
4.39319
4.40735
4.41679
4.09083
4.24741
3.82535
4.50274
4.45796
4.13311
2.57638
4.24116
3.91335
3.21161
3.88680
4.39544
4.24786
4.26820
4.10446
3.89075
3.22725
3.85468
4.34679
4.39019
3.78431
4.41091
3.95319
3.87351
4.41546
4.23396
4.24194
4.26897
4.33550
4.38700
3.55378
4.40845
4.37605
2.01963
4.42572
4.38833
4.31248
4.45691
4.03830
4.40375
4.36792
4.17446
4.41648
3.91077
4.46472
4.48636
4.14823
4.20466
4.21858
4.29228
4.28631
4.12004
4.20515
3.94276
4.47752
4.40098
4.40376
4.14244
3.80405
4.36159
4.43768
4.48764
4.53245
3.76099
4.48965
4.38973
4.41114
4.42721
4.02417
4.47966
4.38672
4.45784
4.31860
2.47376
4.32657
4.13928
3.78589
3.54811
4.15753
4.11390
4.44618
4.42317
4.30730
3.87311
4.21787
3.91982
4.46077
3.75658
4.38694
4.47088
4.38495
3.72487
4.42783
3.92803
3.85588
4.12922
3.56021
4.24505
4.25370
4.30347
3.57075
2.64304
3.47753
4.08464
4.41048
3.15737
4.27571
4.23194
4.48832
4.27460
4.36525
4.27338
4.34681
4.35888
4.11672
3.53562
4.29749
4.44181
4.44711
4.43796
4.45780
4.02554
4.36422
3.85399
4.46311
4.39643
4.38025
3.52703
3.96842
3.63925
4.07000
4.44034
3.89129
4.20569
4.32750
4.29175
4.47995
4.11072
4.15207
4.40022
4.43953
4.33936
4.16093
3.71944
4.08545
4.44013
3.88890
3.69448
4.29973
4.37025
4.38375
4.20147
3.35271
4.22785
4.32395
3.85618
4.26380
4.36667
3.69260
4.53241
4.23939
4.38617
4.43881
4.39116
4.39715
4.38990
4.34944
3.96748
4.39240
4.28462
4.46328
4.18997
3.46901
3.38573
3.97893
4.24752
4.43879
4.42144
4.39275
3.70863
4.45822
4.48724
4.14285
4.15114
3.75746
2.48178
4.01401
4.49224
4.45618
4.34165
4.06979
4.31866
4.18278
3.11498
4.39650
4.22271
1.98056
4.27167
4.33008
4.46240
4.41420
4.13830
4.32557
3.85944
4.42294
3.97897
4.13036
4.36199
4.32324
4.22944
3.91475
4.37797
4.48856
2.89861
4.04340
4.08782
4.29055
4.41880
4.31155
3.80091
4.44017
3.92273
4.11776
3.90174
4.45439
4.42986
4.19869
4.44090
4.35691
3.95122
4.40498
4.35185
3.38087
3.76217
4.41132
4.34871
4.09175
4.40197
4.37952
4.36934
4.11232
4.35553
4.23810
4.20056
4.23029
3.84662
3.95537
3.89762
4.18809
4.46705
3.89616
3.86924
4.44937
4.36919
3.77540
3.74180
2.11377
4.36245
4.41110
4.40995
4.35563
4.23529
3.79967
4.37948
4.40396
4.31090
3.98569
4.43898
3.81357
4.39867
4.07230
3.69187
4.23994
4.42810
2.68622
4.27559
4.26107
2.22976
4.32617
3.80816
4.46752
4.36312
2.38379
4.45736
4.34036
2.60591
4.45026
3.54735
4.05611
3.84207
3.91363
3.91225
4.45758
4.38280
4.29277
4.21426
4.28670
4.33528
2.61593
2.86653
4.37091
4.46976
3.75257
3.70978
4.24854
3.84012
3.25267
4.23409
4.00078
3.22320
4.44933
4.27901
4.17445
4.38565
4.39007
3.77987
4.30653
4.18695
4.35915
4.41352
4.23548
2.53635
4.32836
4.31762
4.44010
4.37000
4.45436
4.44745
4.45744
3.96270
4.43237
4.43975
4.18056
4.32254
4.31818
4.24234
4.22221
4.13967
4.45931
3.57251
4.43152
4.39617
4.28817
4.07718
4.30615
3.91657
4.41259
4.22611
4.19260
4.32385
4.17169
4.46569
4.46638
1.82679
4.30717
3.74529
4.36296
4.50422
4.17927
4.45147
4.48430
4.39365
4.31913
2.77753
4.28751
3.77863
4.15721
4.24137
4.43358
4.50843
4.35583
3.88199
4.42606
4.43568
4.45572
3.87019
4.36506
3.48126
4.38052
4.10549
4.38995
2.09427
4.32318
4.51668
3.80374
3.22436
3.69320
1.39237
2.18473
4.42613
4.34048
4.45259
4.39184
4.40599
2.82694
3.89536
4.20085
4.33589
4.26071
3.77612
4.16319
4.10722
3.94100
4.45271
4.50441
4.35947
4.12160
3.95117
4.39114
4.17877
4.38338
4.27222
3.61693
4.49324
4.39237
4.27711
4.43610
4.20283
4.13879
4.15015
3.32010
3.79708
4.43184
3.96693
4.18330
4.42506
4.23485
3.72624
4.05802
4.24623
4.52066
4.33983
4.45246
4.12069
4.42975
4.15953
4.21963
4.32047
4.42767
4.48025
4.48133
4.19310
4.03627
3.65542
4.22170
4.20734
3.57383
4.04645
4.45763
2.42084
4.52922
3.98761
4.45916
4.42531
4.31696
3.86067
4.46840
4.40121
4.21693
4.41775
4.44791
4.35949
3.98859
4.01614
3.78823
4.45063
3.93561
4.44019
4.25957
3.03508
4.41631
4.36438
4.00608
4.11609
4.40993
4.08573
4.10310
4.24473
4.45553
4.26440
4.12827
4.40357
3.87926
4.39513
4.35180
2.79240
3.81516
4.42466
4.44475
3.88829
4.12750
4.44234
4.38957
4.21107
2.70205
4.36748
4.42563
3.83678
4.42240
4.26930
3.78123
4.47639
4.49127
4.38922
3.90724
4.31146
4.36833
4.35510
4.24466
3.96211
4.38021
4.01732
4.15726
4.10528
4.11237
4.30313
4.34559
4.42457
4.27345
4.47019
4.47479
4.36737
4.37948
4.07958
3.96952
4.26291
3.51068
3.96296
4.43434
4.19102
4.06002
4.43534
3.79987
3.96111
4.49550
4.08611
2.93373
4.10509
4.34770
4.28624
4.20477
4.30181
4.37581
3.74669
4.13268
3.51743
4.38899
4.18552
4.30237
2.50577
4.09668
4.46154
4.46487
4.28519
4.01795
3.79391
4.28068
4.39069
3.08290
3.79732
4.42433
4.02330
4.20247
3.98708
3.56229
4.26067
4.25800
4.37102
4.30433
4.24136
4.42421
4.39268
4.25248
4.44879
4.45690
4.17293
4.41285
4.23256
4.10242
4.30876
4.46574
3.97539
3.83431
4.11143
3.83840
4.46370
4.33300
4.19888
4.13549
4.22350
3.80426
4.15947
4.22685
4.43599
4.42756
4.25428
3.72897
4.14789
2.18397
3.97043
2.17300
4.31762
4.34178
4.39659
3.25026
4.26728
4.08063
1.81893
4.31242
4.39561
4.05656
4.32217
4.33393
4.38467
3.32327
4.29806
4.47719
4.30597
3.83573
4.08819
4.41595
4.30783
4.46936
3.81689
4.27418
4.26225
4.26304
4.41250
4.28118
4.09753
4.35030
4.44305
4.45594
3.37091
3.92864
4.41389
4.34906
4.22942
4.36342
4.29391
4.46159
3.79620
4.46514
4.32487
4.35274
4.39891
3.63524
4.39446
4.45566
4.17077
4.26398
4.27522
3.91787
4.27932
4.26638
3.89619
4.26129
4.51797
4.33290
4.19507
4.43881
4.10518
4.18054
4.18151
1.69023
4.42819
4.32735
4.20420
2.88857
2.98716
4.17641
4.45356
4.26671
4.36120
3.51146
1.68007
4.13157
4.28622
2.91514
4.03306
4.32518
3.94872
4.25542
4.21204
4.25324
3.78275
3.37744
4.08504
4.38160
4.11485
4.08094
4.05731
4.40225
4.39076
3.56870
4.36199
3.63858
4.48591
4.38383
4.38202
4.03030
4.42788
4.19516
4.22744
4.30164
4.42462
3.96415
4.36647
4.12392
4.29611
4.24353
3.21213
4.39121
4.20562
4.41794
4.15349
4.23181
3.77685
4.40452
4.43275
4.37783
4.37659
4.43878
3.86576
4.27368
4.09932
4.05065
4.20589
4.40768
4.35774
3.63536
3.97925
4.43615
4.39179
4.44547
4.39562
4.46523
4.48493
4.28907
4.16495
4.40159
4.40854
4.43231
4.48435
4.44905
4.41963
4.01243
4.04858
2.51487
4.44350
4.12814
4.05611
2.86522
4.02743
4.09103
3.89465
3.38935
4.32030
4.36959
3.87412
4.22779
3.97055
4.41897
3.86344
4.29557
3.96560
3.75936
3.33802
4.31943
3.30689
4.34781
4.14807
4.13385
4.23626
4.45835
4.50746
4.45423
3.98691
4.41459
4.09304
4.42529
3.97016
4.20658
4.09299
4.29824
4.33735
4.34326
4.35682
3.62660
4.23285
4.18659
4.34216
3.81113
4.31260
4.27390
4.35935
4.31707
4.23568
3.74585
4.23730
4.34870
4.45531
4.01751
3.25335
3.18801
4.16014
4.04489
4.10403
4.32863
4.25101
4.24279
4.35992
1.99662
4.39014
3.78470
4.22622
4.19241
4.34067
4.24508
4.16768
4.43181
4.26346
4.19922
4.36765
3.94641
2.29797
3.22096
4.13191
4.47952
4.30177
4.35766
4.25364
4.29429
4.49032
3.82543
4.16550
4.44131
4.17988
3.95671
3.84388
4.42546
4.13227
3.94605
2.91460
4.52751
4.43299
4.13689
3.94594
4.47924
4.11674
4.20354
4.07678
4.35931
4.38756
4.10029
4.41267
4.07708
4.41374
4.41985
4.35521
3.73171
4.33107
4.44873
4.33458
3.50768
4.38063
4.32811
4.45368
4.34347
3.79548
4.37708
4.12671
4.21317
4.22315
4.30897
4.49868
4.33019
3.83448
2.60211
4.21441
4.29538
3.81893
4.41737
4.39646
3.61856
4.16592
2.12474
4.16242
3.35088
4.24375
3.94086
4.36152
4.38715
3.50960
4.08342
3.96903
4.46808
4.27209
3.74761
4.39189
3.92899
4.41786
3.68161
4.24999
4.04058
4.44400
4.27291
4.28936
4.27584
4.35318
4.12776
3.78839
3.95836
4.20407
3.98121
4.11071
4.44081
4.26601
4.02619
4.23281
2.82803
4.49474
4.42894
4.31257
4.48384
4.50186
4.14816
4.39809
4.23324
4.36833
4.39588
4.00738
3.97509
4.43401
2.37903
4.44472
4.42234
2.98783
4.44518
3.40902
4.17442
4.37919
3.39730
4.31931
4.13072
4.19171
3.58555
4.27858
3.85676
3.79258
4.03155
3.77108
3.90961
4.18665
4.16939
4.45196
3.81491
4.46858
4.36763
4.28109
4.27792
4.29692
2.75620
4.35539
4.18272
4.13682
4.41069
4.33618
4.48103
4.42892
2.69470
3.68778
3.71480
4.09962
4.35103
3.68029
4.25356
4.32157
3.73010
3.74654
2.64416
3.92454
3.91106
4.38401
3.95888
4.25415
4.37975
4.10993
2.32052
4.41011
3.98820
3.70209
4.40158
4.14306
4.44258
4.45626
4.11155
4.49163
3.52594
4.32518
3.44718
3.00170
3.98415
4.28425
3.81474
4.37567
4.32226
4.40298
4.39283
4.33977
4.05391
4.23238
4.36242
4.46348
4.37480
4.35006
4.41124
4.32010
4.38470
4.37194
4.09661
4.22604
4.00624
4.46122
4.38988
1.45630
4.49510
4.38083
4.20760
4.43787
4.30419
4.45190
4.03448
4.31765
4.23865
4.23530
4.30092
4.39185
4.19914
4.34848
3.80455
3.92281
4.19224
3.83581
4.30802
2.55432
4.23302
4.28046
4.31368
3.67114
4.35050
4.43021
4.39887
4.44493
4.13372
4.36932
4.46949
4.35894
3.84794
4.35880
4.50372
4.30337
4.09485
3.84249
3.76273
4.19074
3.24636
4.37754
4.29776
4.27834
4.47611
4.11657
3.77440
4.28205
4.41562
4.30966
3.44058
3.62546
4.30828
4.34584
4.34717
4.18498
4.36553
4.35312
4.31931
4.42430
3.09421
4.39722
3.82111
3.81416
3.80612
3.44358
3.00070
1.68109
4.45206
4.43103
4.29258
4.20956
4.24439
4.34082
3.29088
2.85667
4.20279
4.46911
4.23016
4.21021
4.37754
4.44834
3.11576
4.18110
4.37959
4.29831
4.45686
4.36407
4.00401
1.79226
3.97851
2.83062
4.38337
3.71855
4.47915
4.07827
3.50292
3.55783
4.42004
4.03157
4.47262
4.31292
4.40211
4.38350
3.57045
4.40729
4.01372
4.37336
4.05474
4.36526
2.15762
2.80076
4.39408
3.24130
4.24440
4.40535
3.62612
4.43342
4.18346
4.41733
4.46363
4.34388
4.27345
4.29996
4.03330
3.96786
3.97137
2.64944
4.40569
4.38162
4.35842
4.39711
4.48176
2.33823
3.69254
4.20843
4.36932
4.30668
4.00957
4.50374
3.44242
3.92046
3.93067
4.29575
2.77282
3.80827
4.44039
4.35469
3.91945
4.12491
3.97113
4.42584
4.36278
4.31505
4.09399
4.42566
3.27535
4.45652
4.30667
4.42965
4.11411
4.07249
4.42545
3.73523
4.06449
4.27518
4.40248
4.16590
4.42401
4.21476
3.46480
4.46058
4.47205
4.45366
4.20050
2.95823
4.14217
4.41800
4.33265
4.43296
2.62308
3.11569
4.35229
4.34397
3.91569
4.26886
4.42014
4.50640
3.86240
2.05037
4.46627
4.20838
4.19349
4.37281
4.39956
4.22369
4.49673
4.43428
4.37134
4.37268
4.41840
4.08477
4.34055
3.99888
4.38060
4.33108
4.04815
4.17054
4.05085
4.41771
3.56958
4.38914
4.36798
4.02824
4.33641
4.21720
4.23017
4.49297
4.43622
3.52404
4.35793
3.18856
4.22133
4.38609
4.42836
4.39224
4.08359
3.81431
3.51990
2.54299
4.25384
4.35696
4.45004
4.17848
4.38997
3.93214
4.51090
3.49907
3.93498
2.92877
4.48855
4.48362
4.19009
3.26306
4.28588
4.13766
4.43390
4.24981
2.50838
4.18488
3.93525
2.86687
4.42551
4.17510
4.44161
4.32917
4.50038
4.28318
4.11024
3.38924
2.77829
3.72177
4.32780
4.43127
3.85580
3.84837
4.22599
4.44816
4.48078
4.47140
4.25269
3.38569
3.96130
3.65313
2.39193
4.48671
4.19763
4.41517
4.35402
4.41827
4.18179
3.84049
3.98299
2.41893
3.95243
3.78278
4.33943
3.58114
4.14306
3.76094
2.73685
3.57890
4.34822
4.40704
4.22319
4.12747
3.99192
4.10474
3.52023
3.98409
4.25274
4.43727
4.33244
4.23725
4.42191
3.66625
3.93850
4.41818
4.44543
1.98270
4.36791
2.96089
4.44470
4.25914
3.60255
4.03622
4.17426
4.06494
4.42534
4.35500
4.08143
4.33184
3.98644
4.32460
3.41846
4.51080
4.35952
4.12551
3.99950
4.43981
4.44119
4.10301
4.42816
3.81546
4.45859
4.33754
4.33667
4.31866
4.20352
4.33064
4.20006
4.34860
3.94763
4.26811
4.41923
2.47161
4.50235
3.66142
4.34148
2.94706
3.84627
4.32982
4.28190
4.40616
4.31135
3.83900
4.39563
4.29828
4.41661
4.41998
3.89840
4.24243
3.85103
4.33995
4.06588
2.73604
4.05850
4.41349
3.04576
4.18034
4.37431
4.23305
3.08992
4.11116
4.33576
4.29580
3.97665
4.23990
4.24383
4.28052
4.14795
2.69882
4.36933
4.46324
4.35995
4.48037
4.49316
4.29160
4.27174
4.43678
4.39814
4.38724
4.39819
4.44407
3.86620
4.19336
4.18995
3.99343
3.89083
4.28631
4.47004
4.49850
4.34747
4.28044
4.40304
4.36486
4.48941
4.38436
3.70218
4.32684
4.02701
4.41324
4.29820
4.23960
4.26804
4.49331
4.12414
4.39097
3.06386
2.22846
4.22953
4.16058
4.33705
4.09627
4.22699
4.34204
4.28923
4.45406
4.38807
3.99072
4.22993
3.53442
4.41414
4.29066
3.63904
4.21583
4.29750
4.41823
4.14471
4.27184
4.42371
4.39382
4.12342
3.84146
4.30383
3.86000
4.42265
4.47291
4.40881
3.47982
4.39401
3.42498
4.24766
3.66350
4.21296
3.42868
3.11554
4.34084
4.28328
3.70488
3.68666
4.45187
4.31233
3.98600
4.02635
4.01019
4.48331
4.44938
4.41083
4.31751
4.21391
4.21512
4.44686
3.90366
4.34587
4.34140
4.31830
4.21979
3.81570
4.36016
2.72735
4.35956
4.31172
3.93842
4.32022
3.74205
2.05454
4.10606
2.92679
4.40725
3.88409
4.12084
3.96488
4.13184
4.20267
3.96061
4.00043
4.46545
4.40485
4.31268
2.77800
4.20430
4.31412
3.89168
4.35572
4.37068
3.93596
4.46922
3.93138
4.27909
4.12166
4.13242
4.16464
3.90981
4.41264
4.42579
4.02887
3.10793
4.37281
4.32014
4.42223
4.27113
4.08477
3.75402
2.71495
4.44766
3.46640
4.22001
4.25930
4.45478
4.37801
4.38205
4.39439
4.28290
4.08372
4.23005
4.09234
4.28186
4.35207
4.39770
2.26931
4.13649
4.33238
2.61657
4.50056
4.33313
4.34721
4.04497
4.25443
4.44587
4.37272
4.35366
4.17040
4.05079
4.19957
4.21488
4.43855
3.77226
4.25234
4.26716
4.41093
4.51080
4.47801
2.47175
4.17411
3.86725
4.47492
4.40438
3.90007
4.12106
4.04853
3.54085
4.43889
4.47295
3.98658
4.29426
4.30223
4.34316
4.41755
3.95097
4.46243
4.41821
4.27693
4.39805
3.67949
4.35793
3.66613
4.32907
4.28676
4.33117
3.98796
4.40615
3.91928
4.20342
4.38520
4.05775
4.45426
4.29104
3.66427
3.82017
4.26085
4.42265
4.32040
3.94026
4.36852
3.99686
4.04051
4.11706
3.63812
4.19332
4.31260
3.76878
4.38675
4.30339
4.17655
4.30299
3.84844
2.72014
4.50931
4.37619
3.96361
3.52206
3.72361
4.53733
4.31302
4.21992
4.23848
4.42468
4.47417
3.83325
4.07690
3.82465
4.20374
4.25084
3.02867
4.35586
4.41505
4.32067
4.31970
3.45132
4.09393
4.37716
4.22113
4.12097
4.20378
4.16119
4.43594
3.95382
4.32728
4.23764
4.07043
3.93404
3.11766
4.38028
3.90721
4.37954
3.30144
4.41832
4.11976
3.91758
4.04245
4.11878
4.30683
4.47176
4.41805
4.42822
4.39944
4.23972
3.05733
4.45686
4.01661
4.47639
4.22521
3.87708
4.44941
4.45299
3.97337
3.66092
4.31596
4.43289
4.33895
4.19192
4.47535
4.08171
4.39300
4.06316
4.30673
2.59053
4.20440
4.27202
3.58131
4.12022
4.15842
3.46289
4.06958
4.28403
4.29760
4.30083
2.79170
4.38462
4.41602
4.26264
4.35715
3.82846
4.40859
4.40660
4.29517
4.44654
3.75261
4.32965
4.25985
4.44922
2.03038
4.48394
4.01729
3.15207
4.14583
3.55241
4.13715
1.14783
3.53705
4.10640
4.31398
4.16698
4.43301
4.23505
3.89288
4.19036
4.45328
4.22190
4.15100
4.39739
4.23206
4.17350
4.15289
3.55893
4.11960
3.80386
4.45783
4.34380
4.07341
4.35531
3.77526
2.37357
4.29800
4.21864
3.53432
4.04914
2.04882
4.45687
4.44437
3.83112
4.34045
3.72423
4.09278
3.81978
4.44820
4.26513
4.14505
4.22213
2.62410
4.18761
4.15529
3.64788
4.04177
4.38664
3.82250
4.37784
4.08379
4.34942
4.42855
3.93821
3.60068
4.05190
3.93850
4.23423
4.48883
4.15642
4.09787
3.71775
4.33008
4.28227
3.84672
4.31731
4.31696
4.44966
3.73044
4.24573
4.28636
4.23952
3.85893
4.42771
3.07938
4.40600
2.98753
4.39318
3.49209
4.32707
4.25775
4.07807
2.44165
4.06320
4.45099
4.15961
3.32163
4.23144
3.95473
2.19508
4.50237
4.27152
3.29133
4.12768
3.76095
4.44040
4.31274
4.36513
3.64356
4.33659
4.37935
4.23060
4.21818
4.36831
2.98415
4.29084
3.99024
4.25293
4.35927
4.36528
3.94813
4.43105
3.77581
4.34075
3.88206
4.21489
4.42466
4.13704
3.29572
3.37943
3.96894
4.40897
4.30197
3.23716
2.82334
4.37318
4.23632
3.79653
4.44719
4.35564
4.41705
4.30660
4.30187
4.08979
4.29742
4.30499
4.05112
4.32639
4.38864
2.51740
4.14716
4.23011
4.31277
3.78094
4.17235
4.36322
4.12703
4.15185
4.37603
4.35203
3.48543
4.14916
4.30260
4.29608
1.54604
4.26701
4.38969
4.24954
3.95568
4.18047
4.39871
3.92307
4.28816
4.32722
3.70220
4.37292
4.26430
4.38370
4.36043
3.39636
4.06644
4.36641
4.35048
4.10885
4.00168
4.15027
4.46414
3.68500
4.21233
4.21084
3.50037
4.21520
4.05738
3.56397
3.63963
4.38706
4.15020
4.26274
4.45660
3.35869
4.45292
4.01709
4.33341
3.89919
4.02898
4.34531
4.32910
4.28550
4.39392
3.62037
4.39130
4.39636
3.49105
4.33074
4.43543
4.30222
4.28558
3.72153
4.29487
4.40700
3.63533
4.34686
4.20815
4.34542
2.19856
3.95865
2.04032
4.47638
2.83019
4.38235
4.28328
4.05206
4.39889
3.33259
4.23808
4.44920
4.12273
4.21373
4.48690
4.37845
3.86087
4.37442
4.17204
4.33913
4.42901
4.32713
4.17569
4.20273
4.03783
4.37484
4.12214
4.18250
4.26747
4.17959
4.44511
3.99147
4.43418
4.36818
4.28767
4.15627
4.42251
4.00069
4.04507
4.18494
3.95591
4.45411
4.06140
4.46259
3.69291
4.18116
4.32743
4.44536
2.87748
4.28954
4.31305
4.42193
3.87415
4.16989
4.28718
4.28843
4.03778
4.40210
4.40570
2.23152
4.10327
4.03304
2.31845
3.99020
4.44650
2.55272
4.47039
4.35061
4.38126
4.42922
4.14023
4.27223
4.19002
3.95006
4.41434
4.08056
4.23060
4.42712
4.49167
4.41838
4.42424
4.29565
4.46738
4.10917
4.14440
4.37240
4.07659
1.41261
4.40354
4.07152
4.22819
3.20908
4.28975
4.35523
4.23900
4.27516
3.60958
3.94654
4.28533
4.40847
4.26068
4.35372
4.32827
4.43194
4.20356
4.45819
3.68540
4.33362
4.27866
3.98371
3.76787
3.51667
3.77119
2.62421
3.49387
2.13506
4.29796
4.45673
2.71747
4.13534
4.37212
4.42439
4.38123
4.30769
4.41352
4.37863
4.45324
4.19098
4.02436
4.15297
4.32139
4.35268
4.19907
4.27666
4.06313
4.42767
4.33710
4.43654
4.40785
4.39025
4.26697
3.45815
3.73513
4.40618
4.12863
4.45177
3.90427
4.11553
3.53281
3.99109
3.97790
4.36509
2.62908
3.74716
3.84479
3.99189
4.29616
4.24039
3.36854
3.61343
4.39150
3.53936
4.18472
4.40729
4.14549
3.32525
4.36451
3.87395
4.43101
3.96414
4.38351
4.37363
4.09547
3.72771
4.15475
4.35016
4.43745
4.29935
4.45290
2.36303
4.39034
4.29811
3.87215
4.15481
4.35152
3.13386
4.21299
4.15653
4.23303
2.78579
3.85697
4.05212
4.34609
4.37907
4.16730
2.68814
3.85565
4.46129
4.28267
1.91107
4.48740
3.94405
4.38334
4.42449
4.27971
4.13864
4.47213
4.16757
4.32552
4.44436
4.41052
4.23701
4.38160
4.46644
4.47986
3.57654
3.98011
4.35285
4.29869
4.33676
3.75956
4.11449
4.31786
3.93866
4.42208
4.29625
3.77056
4.43103
3.78116
3.75170
4.16760
4.39831
4.49247
4.16931
3.13758
4.41820
4.40382
3.64332
4.12124
4.45222
4.29743
4.20471
4.40532
4.10649
3.89235
4.36191
3.94612
4.48179
4.48534
3.66069
3.98634
4.45246
4.39779
4.21352
3.67436
4.31993
4.18655
3.06122
4.36219
4.38901
4.28286
4.35195
4.03137
4.42655
3.94561
4.18186
4.25299
4.20749
2.06518
4.15696
4.46301
4.00574
4.41609
3.63329
4.06444
4.34603
3.82607
2.45857
4.14070
4.36578
3.90519
4.31444
4.20488
4.04039
4.33561
4.16468
4.40262
4.36759
1.95467
4.06822
3.34296
3.52223
4.28355
4.42329
4.46113
3.83554
4.04492
4.34704
2.78948
3.10192
4.44817
4.18807
3.03929
4.41966
4.35631
3.97221
4.35753
3.05739
4.41809
4.10580
4.30218
4.30685
3.36826
2.00723
4.44175
4.34120
3.79396
3.94528
4.08136
4.06155
3.19742
3.56209
4.42720
4.30817
4.41744
4.14240
3.86835
3.87286
4.49228
3.82736
4.50913
2.63165
3.60687
4.37905
4.21537
3.95795
4.37078
4.28270
3.90205
4.37409
4.41420
4.25012
4.00113
4.19956
4.14468
3.67473
4.39476
4.09343
4.24890
4.24956
4.43095
4.01423
3.97107
3.95608
4.38304
4.31052
4.38960
4.12297
4.32049
2.64842
4.41904
4.23211
3.74238
4.20976
3.49426
4.17617
2.71121
4.16498
4.06629
3.90315
4.25848
4.48899
4.20280
3.12087
4.30259
3.79321
4.36444
4.40740
4.24131
2.99712
4.45144
4.48493
4.10716
3.97163
4.27330
4.45906
3.32589
3.72936
4.36679
4.11949
4.12986
3.96129
4.13120
4.05008
3.50382
4.15318
4.25034
4.06585
4.43229
4.19411
4.17844
4.45391
4.37200
4.35681
4.16704
4.00125
4.40692
4.42321
1.91984
4.36013
4.31910
4.39086
4.22954
4.43668
3.92946
4.28995
4.20252
2.19733
4.39475
3.89954
3.78875
4.47212
3.90074
4.36691
4.36466
4.16637
4.28289
4.27636
4.36964
4.16864
4.23526
4.35998
3.62037
4.11752
2.46310
3.99943
4.44199
3.73070
3.91445
4.32608
3.81781
3.83979
3.99913
3.65361
4.41428
3.88300
4.34135
3.12231
4.47658
4.34170
4.13459
4.23409
3.69012
4.24396
4.14929
4.44656
4.35205
3.97278
4.19047
3.25123
4.25497
4.10472
4.35366
4.10419
4.38592
3.70964
4.19556
4.42036
4.30209
4.42138
4.38659
3.98371
3.87338
4.30084
4.05875
3.76380
3.87114
3.96245
3.53753
3.99936
4.34334
4.15911
3.46532
4.38842
4.17268
2.92620
3.92543
4.41114
3.86826
4.04400
3.92138
4.41008
4.47290
4.28871
4.12943
4.12301
4.17672
3.93913
4.17222
4.46297
4.16677
4.24424
3.50802
4.03091
4.15288
4.30056
4.43476
4.40046
4.00776
2.69839
3.91363
3.82100
4.38119
4.13155
4.18989
4.44625
4.38613
4.21777
4.39712
4.50723
4.47052
4.21572
4.32729
4.02006
4.30628
4.46331
4.33850
4.06549
4.36773
4.07888
4.22745
4.27360
4.33642
4.39989
4.05857
1.76479
4.42959
4.21320
3.34937
3.02475
4.34421
4.12366
3.50175
4.45815
4.07557
4.37473
4.31348
4.20243
2.26900
4.37895
4.21173
4.11299
4.05506
4.47296
4.22010
4.42566
3.57993
4.46130
4.19754
4.11792
4.43453
4.12837
2.76362
4.35591
4.35492
4.32086
3.78514
4.33037
4.35413
3.77497
4.13161
4.38364
4.49014
3.66220
3.18611
4.32891
4.04957
4.48458
4.44113
4.45380
3.45573
4.34840
4.39561
4.31391
4.32055
4.37177
3.99817
4.02408
3.22426
4.42273
4.42136
4.01381
4.41643
4.37228
4.16206
4.02272
3.34234
4.38570
4.44369
4.42762
4.35399
4.47314
4.35756
2.43511
3.99434
3.43841
4.33387
3.57593
3.98157
3.75000
4.42104
4.37748
4.26216
4.18297
4.29704
4.44398
4.08202
4.42739
4.25106
4.34193
4.48846
4.35808
4.16376
4.25746
4.38345
4.48678
3.93465
3.90506
4.47262
4.20277
3.79228
4.04929
4.29139
4.40540
4.42800
4.43200
4.12138
3.87969
4.39914
3.63193
4.30466
4.16641
4.37096
4.31373
4.01425
4.33736
3.78444
4.51148
4.44645
3.95870
2.94646
3.87512
4.41178
4.37754
4.35270
3.55890
4.41642
4.31379
4.43036
3.59893
4.34721
4.40028
2.20766
4.43144
4.01980
4.43191
4.32439
3.62801
4.10575
4.01371
4.40643
4.09276
4.38983
4.17008
4.36458
4.43241
4.47900
3.92409
4.27460
4.41782
4.25970
4.03929
2.05458
4.15115
4.47602
3.52789
4.46019
4.00432
2.83821
4.23629
3.90811
4.05309
4.44906
3.84748
3.55617
3.28417
3.96653
4.36427
3.67069
4.33907
4.41632
4.38272
4.20297
2.29010
3.00283
3.39301
4.23661
4.09995
4.05547
4.32338
3.17811
4.13286
4.38774
4.29844
4.07534
4.48172
4.15747
4.34592
4.51175
4.40143
4.20934
4.31826
4.22881
4.21232
3.78342
4.08548
3.88571
4.47263
3.35607
4.38524
4.33212
4.22911
4.20783
4.43236
4.24965
4.14096
4.37546
4.31791
4.37812
4.32257
4.18148
4.22243
4.43501
3.66328
2.14290
3.84700
4.26206
4.13121
3.24051
4.33264
4.33058
3.79956
4.33726
3.34818
3.39986
4.29393
4.37366
4.24345
4.39634
3.35953
4.25216
4.11489
4.42357
4.38139
4.22826
4.19962
3.74797
4.38568
4.42185
4.35782
4.19280
3.99281
4.42299
3.75039
4.37241
4.09220
4.47674
4.33828
4.32367
2.27987
2.90212
4.47961
4.20594
4.26957
2.32367
4.33933
4.33831
4.28544
4.45259
4.48136
4.36040
3.87469
2.73706
4.45870
3.96551
4.31537
4.45487
4.04883
4.37629
4.40077
4.38038
4.02563
4.31669
4.16819
4.20551
4.20508
4.13062
4.22317
4.37552
3.39371
3.97156
3.21611
4.19693
4.34043
4.45416
4.39187
4.05073
4.09026
4.46012
2.71862
4.27322
4.05317
3.88949
3.35210
4.35556
4.45610
4.47316
4.27156
4.37272
4.42795
4.30411
4.00142
4.09351
4.40798
4.23708
4.28128
4.47015
3.59439
3.93477
4.14844
4.11084
4.23991
4.42496
4.38603
4.44376
3.93544
4.29380
4.35826
4.27202
2.50730
4.37938
4.03916
4.32831
4.46920
4.25432
4.10099
4.07033
3.84422
3.86154
4.12124
4.35943
4.43258
4.44377
4.43560
4.46236
3.96495
4.33517
4.42617
4.07598
4.00571
3.32227
4.46153
4.15557
3.93836
4.46969
3.68372
4.39411
4.06359
4.24831
4.32619
4.05381
3.88877
4.43586
4.38806
4.53261
4.28554
4.28611
4.41680
4.47591
4.27624
4.24289
3.32640
4.32681
4.36123
4.40580
4.18151
4.40208
4.52642
4.27996
4.40345
4.37649
4.40286
4.38066
2.93079
4.37825
2.07698
4.36060
3.49252
3.73471
2.78773
4.16532
4.42125
4.09607
4.34454
4.45556
4.25594
4.20564
4.43182
4.39782
4.41461
2.22029
4.36655
4.26981
4.37395
4.44883
4.49204
4.24438
4.29027
2.76121
4.14944
4.36170
4.49516
2.54185
3.18085
4.44028
4.13594
4.04349
2.71309
3.42089
4.10532
4.15428
4.09601
4.36402
4.09195
4.43978
3.55511
4.01102
4.35361
4.31105
4.42842
3.46295
1.97258
4.11268
4.14197
3.09313
4.26479
4.04338
3.44446
4.18992
3.92245
4.38314
4.40328
4.29763
4.03430
4.47991
2.99269
4.42649
4.49326
4.06332
4.31985
4.46223
4.43574
4.25385
4.34801
4.43914
4.39497
3.49626
4.37020
4.37137
4.35774
4.26450
3.48391
4.43381
4.24564
4.11362
3.05002
4.34028
3.68474
4.01667
4.42996
4.37334
4.45215
3.75150
4.18862
4.42633
4.46151
4.44604
4.30088
4.15040
3.87120
4.29054
3.90090
4.21969
4.39583
4.37372
4.29969
4.31372
4.37773
4.41600
4.21267
4.10391
3.84447
4.21308
3.34042
4.36766
4.32818
2.27027
3.95691
3.96373
4.41472
4.17092
2.49412
3.60967
4.25746
3.64761
4.20815
3.46010
2.79497
3.93672
4.17886
4.27984
4.38494
2.59380
4.16404
4.33195
4.36973
3.97052
4.39138
4.27396
4.25540
4.02951
3.93545
4.08735
4.15185
3.50368
3.47621
4.35467
3.46601
3.72926
3.11160
4.49783
4.33806
2.60054
4.36614
4.46249
4.00506
3.49402
3.55998
4.07584
4.07333
3.60277
4.28774
4.14208
4.49212
4.43938
4.30160
4.40714
4.41942
4.43126
1.57497
4.29998
4.46046
4.13270
4.46745
3.96946
4.40630
4.42544
4.17574
2.88388
4.13581
4.10369
3.93509
4.39763
4.45418
4.34448
3.45893
3.86281
4.43380
3.58102
4.22447
4.45567
3.85038
4.25421
4.39225
3.74984
4.32656
4.33563
4.47481
4.33437
3.05089
4.38912
4.46360
4.21045
4.37056
4.15323
2.12913
3.02016
4.31157
4.38195
4.24023
4.34651
4.47941
4.34659
3.24140
3.93461
4.35579
4.38747
4.47020
4.35302
4.36962
4.21033
4.45973
3.31714
3.49154
4.31701
3.21132
4.11950
4.25466
4.47753
4.28745
3.70733
4.32972
4.42309
4.38463
4.29463
4.32002
4.25468
4.28869
4.03359
4.41993
4.43334
4.35334
4.23717
4.28425
4.46145
4.30799
4.39524
3.94560
3.82013
4.36374
4.42755
4.45042
4.43235
3.05086
4.29986
4.42366
4.49803
4.38608
4.48228
4.34342
4.41751
4.22237
4.39213
2.29594
4.43754
4.46439
4.09327
3.95688
4.39960
3.64073
1.89696
4.32622
4.40896
3.77611
3.63972
4.41422
3.59902
3.97514
4.36397
4.03117
4.14330
4.41666
2.33651
3.34911
4.18305
4.26927
4.49909
4.25989
3.65336
4.17064
4.24995
4.31771
4.21931
4.38231
3.55542
4.42192
4.49389
4.45438
4.29637
4.44558
3.80787
4.39729
4.18293
4.30626
4.41361
4.39440
4.37096
4.26078
4.38593
4.19475
3.37008
4.37096
4.45932
4.31429
4.08270
4.33002
4.30231
4.40646
4.40985
1.66947
4.25795
4.39421
3.88071
4.17480
4.48036
4.32332
4.37838
4.48579
4.32398
4.33735
4.21550
4.34058
4.16690
3.59992
4.40428
4.20774
3.80363
3.72146
4.43625
4.42228
3.75379
4.20523
3.64294
4.49133
3.83749
4.37204
4.38911
4.01856
3.49253
4.31097
3.54396
2.47206
4.27075
4.35047
4.28454
4.01883
4.39737
4.34727
3.89860
4.44611
3.76513
4.43380
1.65725
4.42121
3.62914
4.42687
3.98216
3.82843
4.36640
4.20759
4.39382
4.17888
3.77404
4.34335
4.44273
4.45547
3.61053
4.32135
2.48302
4.02741
4.13434
4.10593
3.78377
3.98216
2.96708
4.09720
4.20298
3.30816
4.19754
4.34308
4.41101
4.44550
3.21667
2.59160
4.30174
4.11702
2.43309
4.37259
4.25779
4.02492
4.36550
4.30239
4.26167
4.35566
4.41989
4.43099
4.51077
4.06623
3.93454
4.35932
4.49855
4.30559
4.35576
3.74981
4.30383
4.25926
4.32501
4.26005
4.45929
2.05122
4.25387
4.19212
4.18390
3.57467
4.46408
3.71207
4.46059
4.33058
4.08517
4.16172
4.44859
3.12035
4.05194
3.82627
3.82179
4.33482
4.35351
4.41828
4.02587
4.30508
4.02066
4.41362
2.90561
4.23620
4.05682
4.08318
4.42478
1.74671
4.15639
4.19494
4.25394
4.09782
4.34645
4.34879
4.08974
4.48697
3.83506
4.38869
3.30686
4.47459
3.98103
3.98710
4.28259
3.82820
3.79827
3.98575
4.36859
4.24009
2.84698
4.16527
4.37228
4.03744
4.30713
4.50038
4.14158
4.12320
4.46166
4.28913
4.39451
3.80267
3.83745
3.49442
4.38426
3.98706
4.08430
3.92171
4.18125
3.93186
