1.03086
0.37814
1.13427
0.00664
0.08383
2.01146
0.90823
1.79651
0.54633
0.29540
0.91337
0.18528
0.00940
0.00007
0.00004
0.00001
0.00011
0.65673
0.00000
0.00001
0.00001
0.01336
1.43045
2.55500
0.06550
0.00011
0.00000
0.00000
0.02899
2.39669
0.00020
0.51545
0.33083
1.77752
0.14649
2.11616
0.01299
0.84731
0.16485
0.24671
0.12872
0.69041
0.72341
0.40579
0.00000
0.00391
0.00233
0.00084
2.53459
2.27898
0.08150
0.04044
0.00000
0.00096
0.00044
0.00582
0.01549
0.02587
0.00058
0.54874
0.00618
0.20858
1.78936
2.02271
0.71809
0.57703
0.00026
0.03628
0.03565
0.00437
0.00045
0.86088
0.08392
0.04697
0.01222
0.00007
0.00000
0.00221
0.00107
0.78871
0.01425
0.00072
0.00000
0.17392
0.10247
0.00087
0.00162
1.67464
0.36753
1.69479
0.00104
0.01019
2.66486
0.03618
0.07415
0.06161
0.52659
0.21795
0.21416
2.61997
0.64086
0.48451
0.47468
1.44735
0.77879
0.00000
0.00000
0.00000
0.00352
0.33641
0.01040
0.00005
1.14373
0.29864
0.00001
0.00406
0.69964
0.00382
0.08325
0.00277
0.38568
2.03382
0.00749
0.51125
0.00938
0.07387
0.71160
1.89962
0.00023
1.66366
1.01524
0.01165
0.00577
0.05478
2.72704
0.04474
0.00143
0.45849
0.13141
0.00508
0.10813
0.31333
0.01913
3.13838
0.01791
0.00671
1.02778
0.00000
0.00690
0.00300
0.10145
0.00224
2.74661
1.81153
0.05483
0.01024
0.00922
0.46699
1.06737
0.02945
0.00059
0.00000
0.40037
1.42663
2.05694
0.92591
0.00000
0.34389
0.01125
0.33685
0.03383
1.04969
1.88461
0.02530
0.00229
0.08935
1.67342
0.61637
0.00031
0.00003
0.00081
1.09699
0.00014
0.00059
0.54353
0.00573
2.15547
0.00106
0.83649
0.35437
0.00462
1.21972
0.56703
0.00003
0.00003
0.00006
1.17691
0.84451
0.00002
0.00316
0.00038
0.00043
0.00036
0.00188
0.00104
0.04273
0.00110
0.00000
0.00003
0.82503
1.31152
0.82208
1.34346
0.19163
0.00000
1.11548
0.99082
0.20239
0.70894
0.05320
0.13889
2.12670
2.02174
0.00012
1.40614
1.33386
0.00029
0.00885
0.14223
0.52957
0.02547
0.00099
0.71981
0.00003
0.00041
1.50294
0.18560
0.21352
0.00000
0.00019
0.00086
0.00000
0.00085
2.75711
0.10680
0.03067
0.00001
0.14921
3.11935
0.00504
0.00011
0.09038
1.04904
0.00000
0.23533
0.49536
0.06255
0.02619
0.01946
0.00908
0.44468
0.00061
0.70430
0.15517
1.43295
0.16142
1.20193
1.27100
0.14845
0.28623
0.01113
0.00021
0.04083
0.57156
0.94907
0.02875
0.25189
2.41248
0.00409
0.00003
0.01436
0.00025
0.23761
0.00010
0.04035
0.00000
0.51945
1.97441
0.00037
0.02134
1.32582
1.93574
0.27273
0.66307
1.02129
0.00009
0.10108
0.03442
0.01376
0.66977
0.34128
0.06987
0.54087
0.02194
0.24585
1.73655
0.00053
0.00001
0.58138
0.07015
1.53421
0.00203
0.00001
0.17316
1.54375
2.85669
0.03557
0.03181
0.00101
0.00023
0.83452
1.16658
2.18084
0.00153
0.00001
0.04766
1.53614
0.00002
0.09480
1.43640
0.00361
0.00943
0.00122
0.27140
0.00954
0.55653
0.21949
1.08191
0.03162
0.57328
0.01275
1.78330
0.02526
0.00099
0.06865
0.00746
0.71352
0.75221
1.45756
1.07839
0.01920
2.07498
1.38002
0.71983
0.00206
0.01138
0.04090
0.58640
0.71343
0.38874
0.00025
0.00000
1.34957
0.00024
0.00001
0.52501
0.58338
0.40685
1.46809
2.72123
0.26320
0.00002
0.00011
0.06382
1.35454
1.03499
0.00939
0.00003
0.00000
1.10820
0.05183
0.00027
0.00000
2.12735
0.00937
1.57133
0.08526
1.65406
0.00153
0.03565
0.68413
0.23023
1.51897
0.00466
2.80935
0.21899
1.99621
0.01786
0.51677
0.09364
0.17773
2.40426
1.46093
2.81425
0.06803
0.00551
1.30876
0.00057
2.03824
1.96843
0.03873
1.73032
0.00523
1.28665
1.25828
0.28978
2.30764
0.00007
0.00178
1.79592
2.52405
1.28213
1.13665
0.11993
0.24352
0.00003
0.00165
0.01950
2.25641
0.00301
2.50058
0.00619
2.33331
0.00140
1.39445
0.02332
0.65349
0.99643
0.02509
0.29946
0.00522
0.00000
0.07636
0.00140
0.95824
0.00001
0.00012
0.01002
0.44919
1.13059
0.16533
1.49474
0.04647
0.00043
3.09086
0.06021
0.10189
0.15977
0.07672
0.10163
0.99824
0.00000
0.05988
0.55832
0.66738
0.34703
0.98704
0.58597
0.78551
0.00522
0.01226
0.00019
0.04583
0.00014
0.40793
1.01368
0.00502
1.23149
0.65555
0.05920
0.10793
0.00000
0.87779
1.77699
0.00138
0.09340
0.00715
0.01458
1.64342
1.24753
0.08133
0.54418
0.07813
1.06466
0.00900
2.69813
2.01904
2.50800
0.26426
0.00021
0.85867
0.02193
0.01127
0.27478
2.34043
0.00003
0.00189
0.00048
0.00001
0.16961
0.00105
0.08003
1.36126
0.72183
0.04530
0.00000
0.97651
0.02122
0.97444
0.00023
0.00044
0.14104
0.74145
0.94660
0.03277
0.00061
0.00351
1.09298
0.91197
1.29312
0.74554
0.00002
0.00013
0.17553
0.12183
1.18314
0.01891
0.02847
0.00188
0.71315
0.34890
0.93209
0.01134
0.00120
2.17088
0.03070
0.00021
1.10971
0.75171
0.84226
0.44075
1.60266
0.71066
0.27138
0.83890
0.00138
0.17787
0.01228
2.59939
0.66140
1.12971
0.06903
0.00045
1.06866
1.53733
0.06365
0.29835
0.70268
0.06981
3.32459
0.23284
0.00160
2.42178
0.39025
2.30425
2.64304
2.32404
0.00015
1.85660
0.03230
1.88808
0.05499
0.00001
0.03980
0.00437
0.00027
1.44274
1.55338
0.00553
0.33317
2.05648
1.94422
0.00004
0.00008
0.00197
1.04858
1.74422
0.00414
0.97839
0.08033
0.80956
0.06886
0.00019
3.48840
0.02687
0.00096
2.42062
0.53291
0.08010
0.16691
0.35742
0.00002
0.24693
0.11575
0.00717
0.00063
1.09708
0.30846
0.00121
0.05290
0.77641
0.00000
0.00266
0.18847
0.03332
0.47385
0.00001
2.43712
0.01306
0.00000
2.81850
0.75359
0.04172
0.91937
1.11598
0.08592
0.01066
0.00001
0.01843
0.20955
1.22357
0.27435
0.37001
0.08629
0.00005
0.01045
3.43902
0.00000
2.19360
0.00429
0.00003
0.00000
0.00001
0.17214
0.72709
0.89632
0.85179
0.01569
1.34799
0.00502
0.25874
0.27447
0.02741
1.97209
0.19665
0.00000
0.00386
0.21811
0.02732
0.44958
0.02084
1.26998
0.00005
1.81488
0.40986
0.00000
0.03322
0.00001
2.96809
0.00040
0.00001
0.00000
0.03409
0.05284
0.00000
0.67553
0.47742
0.00000
0.00279
0.70905
0.98722
0.00007
0.00497
0.25895
0.03256
0.87374
0.52497
0.00000
0.00470
0.00108
1.86432
0.07548
1.91239
0.38669
0.68820
0.22803
0.00316
0.06673
1.15763
1.01409
1.43100
0.32881
0.07593
0.00010
0.00000
0.23772
0.24831
1.40030
0.11045
0.00428
0.22879
0.00132
0.00189
3.33960
0.55831
0.00746
0.00556
0.62667
0.00019
0.02391
0.03281
0.24134
0.54793
0.00399
0.00000
0.00061
2.13867
1.01406
0.00000
0.89521
1.68643
1.69000
0.15072
0.57272
0.24641
0.00002
0.00000
0.00119
0.60981
0.00000
0.23712
0.10155
0.00858
0.08778
0.97593
0.00016
0.12343
0.81847
0.93353
0.04513
2.16492
2.01644
0.00681
0.13632
1.92514
0.00002
0.04071
0.02912
0.00000
0.00146
0.00254
0.00004
0.00016
0.00023
0.04735
0.02270
0.00681
0.68262
0.00179
0.22604
0.00104
0.00026
1.34321
0.00119
0.30049
0.00117
0.00085
0.94269
0.00000
0.00071
0.00002
2.13744
0.04302
0.12288
1.60266
0.00186
0.18777
0.17746
0.33402
1.48377
1.30505
0.02420
0.86965
0.00000
0.00871
0.20369
0.55539
0.00000
1.04855
0.15623
0.00875
0.09048
0.83002
0.15106
0.04470
0.00151
1.83020
0.00024
0.69079
0.01445
1.33628
2.46010
0.84119
1.04473
2.22357
0.00004
0.02344
1.08739
0.01797
1.32462
0.00377
1.03108
1.41010
0.26468
0.00002
0.04799
0.85497
0.53260
0.88196
0.00020
1.09327
0.00118
0.04239
0.30720
1.07647
1.02090
0.67894
1.76335
0.01398
0.01018
0.04015
0.00148
0.40028
1.24507
2.93615
2.29190
0.47795
2.72509
0.41087
0.00186
1.27975
0.54849
0.00119
1.00703
0.00000
0.85757
1.00452
0.12407
0.00004
0.73892
1.44564
0.34233
1.49587
0.00000
0.02531
0.50698
0.00002
0.00033
0.00001
2.13039
0.05578
0.01271
0.67233
0.92403
1.63956
0.00034
2.98125
0.62607
0.24065
0.00066
0.00001
0.00000
0.32758
0.00007
0.02976
0.07713
0.00000
0.75569
0.00290
0.03485
0.54101
0.09577
1.97842
0.57964
0.82178
0.00001
2.24366
0.02000
1.04959
0.00000
1.16593
0.00167
0.00013
0.04055
0.94164
3.03407
0.00115
0.00031
0.56147
0.34547
1.78607
0.00011
0.01239
0.07502
1.35093
0.00101
1.68109
1.68513
0.34570
1.01432
0.00027
0.80796
0.00187
0.00005
0.40184
0.00035
2.94736
2.05214
0.00000
0.03062
0.41410
0.00007
0.00669
0.00002
0.01519
0.00101
0.02718
1.64742
2.47022
0.22747
0.59286
2.62827
0.00000
0.03205
0.31718
0.49769
0.05183
0.97318
1.24608
0.09388
1.65589
0.55613
1.31625
0.38863
0.00143
0.08712
0.00080
0.16347
0.02247
0.00000
0.00033
0.43949
0.71013
0.00185
0.63991
0.06715
3.09445
0.00000
0.00053
3.35142
0.00111
0.00053
0.00001
1.23038
0.37510
0.09740
0.11805
0.04845
1.01671
0.26231
0.00297
1.42000
0.04233
0.30753
0.21967
2.98858
0.00433
0.01301
0.00014
0.00179
2.55925
0.50745
0.00071
0.14954
1.07791
0.94026
0.02036
2.88602
0.49776
0.75466
0.00279
1.39142
0.36945
0.02258
1.15616
0.00000
1.38247
1.60549
0.01135
0.00073
1.86563
0.02178
1.41314
0.33502
0.29255
0.02663
0.00011
0.00006
0.16778
0.00489
0.00043
0.79810
0.94863
1.76859
0.08685
1.36671
0.33082
0.25834
0.25749
0.00381
1.58841
0.63060
0.64380
0.04323
0.00086
0.00011
0.24109
1.02696
0.00211
1.17468
0.00685
1.33425
1.22224
0.12812
0.01079
0.09057
0.00135
0.01523
2.30820
0.05273
0.16513
2.11417
0.00000
0.06153
0.02741
0.16101
0.52652
1.89164
1.42943
0.39549
0.37331
0.04848
0.45584
0.57653
0.03046
0.45334
0.00756
0.30420
0.00000
1.49172
0.00067
0.00118
0.02373
0.00000
1.92889
1.63509
0.01943
0.32931
0.29328
0.63902
0.24775
2.05262
1.23780
0.00007
0.24242
0.00000
0.00013
0.00109
0.65491
1.04020
0.04648
0.00141
0.85486
0.00546
0.00000
0.38851
0.00045
0.45543
0.07207
0.00016
0.00058
0.00487
1.47436
0.83854
0.44229
0.93398
0.00563
0.18075
2.45019
0.06359
0.00027
1.42147
1.11684
0.31710
0.26318
0.00673
1.28767
1.15623
0.00030
0.47366
0.03246
0.00398
0.17919
0.26762
2.60140
0.00554
0.00006
0.21307
0.91924
1.59837
1.33023
1.83819
0.01271
0.59373
0.00949
0.01781
0.02669
0.00002
0.57197
0.17268
0.33730
0.72635
0.50224
0.13186
0.02981
0.68329
3.43967
0.22552
0.63635
0.00006
0.19270
1.35013
2.06122
0.00032
0.17866
2.65510
0.00145
0.14332
0.00416
0.96394
0.06114
0.34275
1.74352
0.00245
0.97568
1.52353
1.80213
1.06724
0.00021
1.68506
0.53642
0.37217
0.78408
0.82135
0.00767
0.97856
0.69786
1.45734
0.28477
0.03230
0.02156
0.94806
2.11854
0.23917
0.01193
0.00095
1.83762
0.10431
0.77550
0.00062
0.00015
0.25492
0.01737
1.14734
0.01013
0.41170
0.03179
0.01628
0.00671
0.00020
0.00000
0.00194
0.00001
0.00906
0.00010
0.22112
0.04399
0.39481
0.02601
0.00786
0.00226
0.28062
0.91667
0.07271
0.46708
0.00002
0.12362
0.00000
0.00307
0.09167
1.50931
0.00000
0.00006
0.00130
0.00002
0.00001
0.02821
1.76223
1.00861
1.36280
2.31287
0.28286
0.71287
0.93170
0.99180
0.00946
0.00001
0.00010
0.59163
0.02365
0.11980
0.22720
0.80619
0.45062
0.10569
0.00007
0.24396
0.16294
0.07593
0.00151
0.40021
0.00025
0.00026
1.79679
0.00000
0.00000
0.00682
0.87822
0.02706
0.00001
0.02767
0.00001
0.76095
1.60893
0.08157
0.00318
0.00296
1.12704
0.17361
0.00044
2.61403
2.48469
0.29354
0.22321
0.33652
0.03426
0.00002
0.53008
0.27290
0.00006
0.56949
0.10664
0.00023
0.06158
0.23558
0.07761
0.62743
0.00003
2.40579
0.04918
0.57386
0.07339
0.42081
0.06813
0.50052
0.00841
0.00510
0.24546
0.07742
1.53164
1.69648
1.59069
1.30510
2.24433
1.59453
0.47572
1.06794
0.01716
0.00000
3.00109
0.00003
0.00803
0.77465
0.02222
0.10950
1.71501
0.00000
0.01050
1.14899
0.04122
0.00042
0.51774
0.01597
0.09460
0.21967
0.04906
0.78370
0.00145
0.17283
1.64947
0.16185
0.00232
0.00013
1.07541
0.00000
0.34761
0.50862
0.00225
0.03937
1.68684
0.32927
0.05772
0.77713
1.28858
0.00685
0.00000
0.23591
0.04331
0.12017
0.11203
0.00008
0.03030
0.00000
0.03263
0.00026
0.00019
0.03136
0.28988
0.00370
0.26058
0.00997
1.47865
0.97620
0.00004
0.00098
0.00979
0.00011
1.12002
0.22941
0.03298
0.00001
0.48959
0.00021
0.04351
0.69807
0.82048
0.67399
1.47619
0.15145
0.75942
0.14510
0.00056
0.04517
0.39016
0.09092
1.00292
0.47388
0.00000
0.02917
1.40739
1.76326
0.00180
1.31295
0.00055
0.00002
0.01292
1.81219
0.79087
0.03523
0.00008
1.65625
0.37149
0.70329
0.28665
0.16095
0.00003
1.61782
0.03142
0.31622
0.08419
1.12231
0.13800
0.01837
0.01765
0.62123
0.53986
0.00001
0.00003
0.00070
0.05815
0.26939
1.29358
0.00106
0.34352
0.02275
0.00145
0.00013
0.34516
0.00000
0.66556
0.09333
0.00003
2.02090
1.03690
0.00157
0.60450
0.02248
0.00006
0.07726
1.47664
0.65837
0.00263
0.02528
1.20770
0.13142
0.00012
0.03659
0.00001
0.61856
0.00030
0.93070
0.10725
1.51110
0.69916
0.96069
2.55361
1.08912
0.00000
0.04187
0.00018
0.00857
0.51057
0.00168
0.12918
0.92094
0.00007
1.29457
0.06058
0.01069
0.30289
0.86294
0.00000
0.57233
0.01232
0.00018
0.00029
0.43764
0.01167
0.00031
0.72991
0.22100
0.18410
0.83341
0.88900
0.01592
0.00008
2.83656
0.96655
0.29722
0.04211
2.00342
0.02834
0.00252
0.00304
1.64966
0.01547
0.33923
0.00570
0.20333
0.70644
0.00000
2.47843
0.48514
0.14690
0.00003
0.00849
0.25920
1.51173
0.00223
1.86080
0.29421
1.64829
1.07673
0.00518
2.48278
0.00029
0.00015
3.10719
0.00000
0.48316
1.44002
1.44704
0.02652
0.08367
0.88825
0.09119
0.09534
0.25183
0.32901
0.78132
0.00028
0.00042
1.82029
0.64998
0.03816
0.67350
0.00000
0.00508
0.01748
0.85375
1.95240
1.12216
0.00055
0.11428
0.58365
0.03249
0.00240
0.11808
0.17304
0.33495
0.99808
0.04652
0.00003
0.00005
0.59635
0.66847
1.28035
0.00687
0.00133
0.70485
0.47710
1.76180
0.52846
0.00294
1.21022
0.09082
0.16669
0.98632
0.00000
0.00002
0.52804
0.35374
0.13809
0.70151
0.00250
2.17272
0.08884
0.12689
0.01812
0.00002
0.00310
0.02858
0.28228
0.00427
1.27900
0.48283
0.00406
0.00464
0.24600
0.00000
0.12930
1.40265
0.42170
2.72330
0.00753
1.65902
0.00925
0.00022
0.15164
0.78758
0.69275
0.00048
0.00658
0.27756
0.00364
2.68902
0.40178
0.01217
0.27655
0.61340
0.00001
0.00000
0.98689
2.58036
0.00000
0.00016
1.96550
0.00002
0.04224
0.00507
0.00723
0.01785
0.17718
0.02941
1.23847
0.14502
0.38456
0.00005
0.00578
0.00186
1.09329
0.00005
0.74831
0.89991
0.13306
0.96067
0.00144
0.07573
1.16951
1.61621
0.00008
1.63592
0.00018
0.80324
1.73255
1.00756
0.85211
0.00001
0.20464
0.00002
0.00316
0.02991
0.00436
0.07584
0.75882
0.13387
0.00167
0.00008
2.16004
0.02634
1.72370
0.00002
0.12586
2.33391
0.01319
0.00000
0.56154
0.00093
0.00125
0.01178
0.89825
0.67315
1.18614
0.06731
0.21449
0.45609
0.00050
0.05765
1.13562
1.74257
0.85378
1.23192
2.31701
0.07481
0.00112
0.02495
0.03791
1.66974
0.01122
0.00099
0.00851
0.12525
0.02889
0.00760
1.65812
1.65904
0.00000
0.00012
0.85262
0.19859
1.93780
2.23819
0.72953
0.00003
0.35657
0.30305
0.11136
1.68874
0.29909
0.01294
0.00499
0.18601
0.66856
0.03057
0.87926
1.23114
0.01952
0.47091
0.88028
0.01856
1.27497
0.95345
0.00129
1.18719
0.06052
0.12065
0.36857
0.48840
0.00189
0.66710
0.36069
0.00023
0.00004
0.01686
0.02462
0.02857
0.03404
0.33664
0.22819
0.02503
0.19372
0.00560
0.34649
1.19494
0.03239
0.19603
1.73418
1.38718
0.76214
0.00002
2.00764
0.00078
1.79211
0.54973
0.48647
1.44107
0.00036
0.00831
0.65595
0.67145
0.00172
0.01843
0.34453
0.00128
0.50204
0.00082
0.00000
0.01061
0.85096
0.64392
0.00007
0.00489
1.40436
0.30050
0.00462
0.92413
0.00053
0.44307
2.39238
0.03449
3.02189
1.50274
0.12197
0.02324
1.63503
0.00149
0.04877
0.00023
1.48396
0.00009
0.43131
1.67338
0.00040
0.11905
0.39393
1.22371
0.34193
0.07008
0.82469
0.62309
0.79313
0.00514
0.28086
0.00527
0.83559
2.23795
0.00001
1.81472
0.00068
0.00056
2.76870
0.80398
0.13241
0.02135
0.02203
0.00137
2.81360
0.00605
0.00070
0.01210
0.59652
0.93965
0.00635
0.26351
0.14957
0.02077
0.98031
0.02527
0.34329
0.08680
0.00000
1.90383
0.00029
0.09961
0.53052
0.07433
0.00000
0.22848
0.11098
0.00034
2.00979
0.00328
0.73065
0.00002
0.36149
0.16827
0.00000
1.20125
0.83631
0.00001
0.18126
1.56377
0.44491
0.00000
0.02226
1.05958
0.04198
0.00150
1.30946
1.45920
0.02704
0.22412
0.00018
0.84305
0.15043
0.01653
0.06652
0.00112
0.00001
0.00000
0.04395
0.00000
0.27573
1.26073
0.00070
0.12569
0.04651
0.13547
0.21219
1.04146
0.00106
0.14778
0.00133
0.77677
1.68956
0.00001
0.87964
0.00105
0.06919
1.54085
0.39987
0.77141
0.00412
0.00009
0.05146
0.00017
0.55636
0.42376
0.00030
0.00069
0.00008
0.00274
0.89693
0.06281
2.91736
0.00011
2.34865
0.23676
0.00022
1.92177
0.05437
0.00351
1.37053
0.01672
0.00344
0.00000
0.05682
0.00000
0.03906
1.72275
0.97221
0.00060
0.04473
0.00000
1.48240
0.01922
0.60831
0.00097
0.04072
1.14662
0.00022
0.01574
1.57587
0.01952
0.73411
0.22360
1.16992
0.00763
0.07003
0.48266
0.08146
0.01167
0.20298
0.02335
0.39891
1.21557
0.43024
1.55409
0.05965
0.00000
2.99745
0.00894
0.00789
0.00000
0.01344
0.00860
0.00000
0.00158
0.00012
0.01241
0.09991
0.00013
0.23972
1.80897
0.68287
0.00008
0.07773
1.62371
0.00022
2.10773
0.09927
0.00080
0.00000
1.16932
0.28646
0.09302
0.07792
0.00044
0.00913
0.68305
0.01921
1.39368
0.00003
2.79118
1.34121
1.02751
0.00121
0.01785
0.42544
0.00000
0.00352
0.00004
1.58919
1.41677
0.00094
2.07075
0.00013
0.43626
0.71793
0.02999
0.01419
1.14320
0.00019
0.00726
0.00135
0.00021
0.25802
0.00000
0.06504
0.22313
1.03726
0.00103
0.86098
0.00000
0.00315
0.64969
3.10163
0.03015
2.73552
0.00001
0.02249
0.00000
0.01929
0.00413
0.06374
3.13227
1.53484
0.00000
0.00459
0.01023
0.00001
0.00017
1.70152
0.39254
0.03811
1.65646
0.00000
0.53843
2.39428
0.00149
2.69137
0.75281
1.16073
0.00002
1.03203
0.00000
1.49069
2.12489
0.00000
1.61636
0.00000
0.00041
0.01305
0.00001
0.00623
0.11420
0.00992
0.05037
0.00000
0.52717
0.01379
0.46487
0.29787
0.00084
0.30987
2.20228
1.44969
0.32256
0.01309
0.00357
0.71112
0.01846
0.10415
0.00010
0.16343
0.68865
0.03094
0.21508
0.58178
0.45026
2.40010
0.06436
0.63574
1.92608
0.00263
0.00105
0.00114
1.56994
0.74048
1.20639
0.00044
0.00130
0.00104
0.64744
2.60564
0.87720
2.17097
0.69647
0.00088
1.25338
0.87647
0.00158
2.01322
0.00263
0.00042
0.00000
0.06515
0.95472
0.00000
2.07573
0.00203
0.10190
0.07973
0.00013
0.80561
0.03088
0.07857
0.50467
0.00588
0.00156
0.78097
0.05389
0.00018
0.28085
0.27566
0.02233
0.02513
0.00012
0.00247
0.26010
0.00316
0.32575
0.01842
0.03868
0.00000
0.01005
0.47322
0.31178
0.00005
0.03196
0.96143
0.43468
0.09838
0.00004
0.00018
0.45834
3.70110
1.75474
0.36783
0.24478
0.00643
0.00029
0.40398
0.00092
0.82449
0.12669
0.01860
3.67943
0.10534
0.81703
1.43678
0.00000
0.00037
1.54387
0.00026
0.00784
0.02698
1.16338
0.00000
0.48544
0.02300
0.03308
0.02402
0.00000
0.11913
0.07200
1.13276
1.26480
0.89433
0.00105
0.00125
0.00064
0.38305
0.00002
0.73837
0.00925
0.11850
0.00239
0.91400
0.05996
0.85621
0.00002
0.00012
0.64801
0.27051
0.73791
0.37727
1.23166
0.86847
2.66685
0.00030
0.05055
0.00038
0.00252
0.00682
0.49371
2.06344
0.99776
0.24580
0.00000
0.15781
0.94887
0.00000
0.00018
1.56666
0.76317
1.56502
1.97450
0.35760
0.26641
1.26810
0.00000
0.00029
0.00452
0.00452
0.00034
0.00000
0.29726
0.00002
0.01447
0.00000
0.51277
0.00013
0.00404
0.09553
0.18207
1.10438
0.00431
1.19045
0.00036
0.28864
0.00449
0.00037
0.11927
0.00026
0.05500
1.92450
0.02702
0.00051
0.00000
0.00041
2.42961
0.00018
0.05265
0.00458
0.02490
0.64676
0.00812
0.56431
0.11309
0.00753
0.00076
0.00060
0.05779
0.05404
1.34733
0.00008
1.10460
2.35597
2.08854
0.00055
0.00032
0.58973
0.58179
1.91035
1.89206
0.10161
0.00009
0.91474
0.10727
0.00528
0.01042
0.22342
0.10743
0.00042
0.04197
0.02479
0.00704
0.00022
1.77897
2.28434
1.13367
0.94411
0.20590
0.03631
0.01419
1.54748
0.00130
2.05260
2.14541
1.47303
0.27264
3.38910
0.00027
0.00021
0.00139
0.00022
0.95873
0.26946
1.70885
0.08582
0.00032
0.68489
0.05700
0.00465
0.00137
0.00269
0.01430
0.08466
0.81400
1.28011
0.01543
0.00081
0.72200
0.02900
0.00012
0.00000
0.00558
0.00003
2.47141
0.02286
0.82304
2.26128
0.18720
2.54436
1.53522
0.16641
1.99981
0.12996
0.26650
0.00008
2.25807
1.71572
0.01144
0.00045
0.13140
0.00208
1.42801
1.87737
0.00000
0.00025
1.42554
0.38619
0.57560
0.00058
3.16215
0.04180
0.53115
0.01249
1.95308
1.85467
1.52308
0.14600
0.00002
0.65660
0.00002
0.50954
2.29409
0.00033
0.06127
0.00050
2.54366
0.04892
0.24398
2.67019
0.00000
0.02328
0.43194
0.03566
0.02021
0.44390
0.18813
0.13524
0.60671
0.00003
0.00225
0.00007
0.00864
0.16136
0.00086
0.43578
1.55649
0.61058
0.03733
0.00009
0.36709
0.00240
0.05796
0.19115
0.07190
0.03327
0.00956
0.56183
2.11582
0.01065
0.00610
0.00210
0.01337
0.65659
0.00804
0.24113
0.00015
0.00189
0.45201
1.35946
0.27027
0.15981
1.11918
1.56283
1.28975
0.00000
0.20522
0.00015
0.51106
0.49270
0.00071
0.01858
0.21255
1.65638
1.17364
0.01269
0.02088
0.00000
0.02588
0.07577
0.05639
0.00229
0.16528
1.07627
0.00030
0.37097
0.01341
1.06414
0.00399
0.00002
2.68504
1.63985
0.00033
0.00002
0.00003
0.00000
0.29348
0.00772
0.00146
0.15709
2.68864
0.54888
0.00014
1.36125
0.38198
0.00374
0.01974
0.21485
0.02214
1.63741
0.17577
2.75758
1.26493
0.87737
0.59610
0.57891
0.54447
0.72750
0.03569
0.47256
0.10839
0.28298
0.15842
0.00001
0.07317
1.74748
0.77954
1.21122
0.01078
0.01703
0.07751
1.29529
0.37735
2.36819
0.00000
0.27201
0.00366
0.11321
1.53689
0.00006
0.00008
1.35796
0.58568
0.00040
0.76080
0.00006
0.01929
0.03344
1.65872
0.42281
0.31781
0.02559
3.18880
0.00003
2.17077
0.02870
0.91311
0.16596
0.00001
0.56947
0.00015
0.10026
0.00209
0.00032
0.01413
0.06748
0.09539
0.06646
0.00000
1.82618
2.45239
0.97919
0.00143
0.02388
0.00001
0.41221
1.00245
1.22377
0.43683
0.71869
0.00000
0.00821
0.00001
1.90854
0.75640
0.47285
0.00965
0.37228
0.00711
0.00046
2.38992
0.04435
0.28630
0.00108
0.09207
0.05751
0.00054
0.00000
0.00199
0.64293
0.68886
0.00286
1.47402
0.03290
2.12982
0.00031
0.01860
0.00007
2.31740
0.84435
0.97788
0.29922
0.50113
0.36557
0.01519
0.39015
0.55995
0.00002
2.26178
0.39059
0.00007
0.00000
2.22928
0.03283
0.02054
0.00188
0.00522
0.00798
0.50740
0.04730
1.33341
0.47143
0.42752
1.09094
0.03463
0.08703
0.10215
0.44068
0.00484
0.00170
0.00678
0.37885
0.06993
0.18600
0.09198
1.13645
0.32688
0.77288
2.37445
2.41581
1.71358
0.01462
0.02537
0.02137
1.52665
2.02864
0.76122
0.00340
1.72655
0.03916
1.13417
0.28479
0.00036
0.79790
0.00010
1.30491
0.05826
1.41768
0.20316
0.00008
0.00086
0.24173
0.00018
0.82783
0.00000
0.17151
1.72681
0.01283
0.01378
0.74267
0.92377
1.50372
0.00007
0.00000
0.00000
0.00001
0.00487
3.00437
0.03119
1.11131
0.05143
0.09722
0.04033
0.00004
1.11838
0.61742
0.01463
0.00077
0.06285
1.20955
0.00186
0.39901
1.07064
0.11024
0.00576
0.53009
0.59449
0.07613
1.19859
0.01013
0.00057
0.00426
2.25282
0.11842
2.62256
0.56855
0.13965
2.67874
0.03668
0.00054
1.14004
0.00040
0.28581
0.00002
0.14668
0.00292
0.00005
0.00065
0.06913
0.00000
0.48495
0.43676
0.61810
0.00351
1.67843
0.00454
0.02268
1.09611
1.54523
1.89648
0.02052
0.03763
0.44219
0.00002
0.01177
0.02160
0.00156
1.08234
1.90784
0.27984
0.00008
0.05836
0.00000
0.71293
0.99657
0.51329
1.02402
1.26146
0.14850
0.00612
0.10518
0.37735
0.00009
1.69000
0.00259
2.16874
0.00064
0.10367
0.95223
0.52955
0.85857
0.12243
0.00000
0.00060
0.14261
0.00885
0.00523
0.54039
0.03842
0.12700
0.34437
0.18245
1.49376
1.01500
0.00002
1.63932
1.81699
0.00013
0.01599
1.71092
2.33622
0.00000
0.10807
1.55808
0.87851
0.08160
2.74297
0.00156
0.01429
1.95444
1.83768
0.00001
2.20745
0.00228
3.06762
0.00041
0.00196
0.68067
0.00032
0.01364
0.44369
2.72657
0.57036
0.23658
0.00009
0.05918
1.60115
0.00574
0.00027
0.01023
0.00000
0.73638
0.84376
0.00065
0.43047
1.09506
0.03905
0.38557
0.02415
0.74666
0.07668
0.01291
1.15116
0.05043
1.37148
0.23265
0.00000
0.00021
1.31923
1.02627
0.00002
0.06483
0.86648
1.48076
1.40964
0.00042
0.13424
0.00645
0.00003
0.00005
2.15182
0.62148
0.00338
1.14170
0.00001
0.37162
0.20807
0.00000
0.01362
2.42325
0.04683
1.94940
1.56767
0.01444
2.02255
0.40081
0.00007
0.96867
2.48357
0.00000
2.58839
0.10357
2.31723
0.00082
0.01120
0.17665
0.69964
0.29571
1.88746
0.18560
0.97114
0.88051
0.97511
1.15477
0.32718
0.00016
0.00087
0.00775
2.93053
0.00000
0.00386
0.00000
0.00182
3.19427
0.43537
2.51747
0.80874
0.00002
0.29711
0.00008
0.10923
0.98064
0.00118
0.08283
1.76798
1.44754
0.00029
0.97733
0.00566
0.19541
0.00005
0.10621
0.33589
0.34154
0.00674
0.00129
0.27152
0.00325
0.84931
2.52640
0.00513
1.31735
1.14213
0.54065
0.00001
0.00089
1.44345
0.00525
0.44890
1.47017
1.21934
0.53973
0.00033
0.34484
0.14107
0.00008
1.02333
2.53416
0.00000
0.00417
0.00003
0.00000
0.00000
0.13395
0.00774
0.10912
0.01928
0.25003
0.44460
0.10543
0.00117
0.65906
2.09089
0.00013
0.42842
2.25155
0.00000
0.28726
0.10789
2.50716
1.44868
0.26072
0.03694
0.24456
0.00606
1.99839
0.93721
0.00014
0.00002
1.75913
1.13469
0.00000
0.00915
1.06576
0.50776
0.00001
2.32898
2.31509
0.08502
0.82433
0.00465
0.02812
0.20847
0.06923
1.10531
0.78372
0.00024
0.02278
1.01603
0.07640
0.41802
0.00298
2.21719
0.03542
0.65607
0.00056
0.00224
1.45185
0.97630
0.00000
0.00002
0.82361
0.10422
0.00001
0.09172
0.27057
0.59286
0.27261
0.08705
0.00294
0.00000
2.00566
0.69803
1.31321
0.00049
0.05255
0.00034
0.66845
0.30172
0.00000
0.00009
0.01439
0.00174
0.00068
0.00329
0.33518
0.51943
0.02489
0.00173
1.18049
0.00017
0.22885
1.11014
1.40450
1.00238
0.13585
1.39537
0.00000
0.31957
1.51284
0.00002
0.00673
1.24257
0.00030
0.45409
2.37500
0.39288
0.71288
0.52973
0.01467
2.37710
0.84691
0.02741
2.75216
1.39089
2.40554
0.69380
0.05397
0.34489
0.14323
0.00077
0.04137
1.65747
0.02558
0.53356
0.00088
1.91665
0.00855
0.06878
0.01587
0.00024
0.00065
0.12358
0.37204
2.48181
0.47368
0.16587
0.00086
1.29389
0.85344
0.90996
0.20239
0.00023
1.29642
0.85512
0.49088
0.00041
0.35386
0.96120
0.00000
0.00256
0.00047
0.00000
1.30249
1.20415
0.19637
1.20761
0.33413
0.00134
0.15483
0.90198
0.00008
0.10635
0.09732
1.72451
1.43761
0.04024
0.01940
0.01418
1.90732
1.67375
0.27274
0.14868
2.13786
1.43316
0.20290
1.33655
0.33077
0.01602
2.51383
0.00092
1.04102
1.49395
3.03028
0.00000
0.00000
2.06943
0.00147
0.45137
1.96415
0.48205
0.00001
0.10353
0.01292
2.41353
0.77694
0.72302
1.81582
1.55129
0.00019
0.00007
2.57703
0.02971
0.00149
0.00162
1.50585
0.00008
0.00277
2.42694
0.19726
0.00002
0.01547
1.05448
0.68238
0.00013
0.89730
1.16773
0.00000
0.00001
1.61549
0.00264
0.04090
0.11077
0.00511
0.00055
0.03696
0.00000
2.08423
0.08414
0.46542
0.00058
0.00021
0.17873
0.99113
0.00094
0.00051
0.00618
0.65080
0.36293
0.10749
0.00496
0.20866
1.00772
0.07317
0.00000
2.33869
3.08020
0.00001
0.10123
0.92580
0.20626
0.05070
0.82387
0.00293
0.76752
0.85706
1.30169
0.00000
0.00006
0.34449
0.01404
0.04480
0.00064
0.05330
1.83913
0.00198
0.23493
0.00009
0.00048
0.12387
1.90717
0.49672
0.00076
0.30248
0.00000
0.49450
0.00076
0.00141
0.07728
0.42512
2.51380
0.07654
0.04923
0.00000
0.00083
0.02201
2.14059
0.68739
0.19939
0.55131
0.57731
0.00800
0.01773
0.31573
0.52004
0.28844
0.26096
0.88536
0.00100
0.00003
0.01439
0.56594
0.00081
0.45750
1.86576
0.00000
0.00134
0.76394
0.08930
0.03002
0.91311
0.00001
0.72021
0.92066
0.00000
1.60029
0.05509
0.73709
0.97843
0.11911
0.00067
0.00031
0.00116
0.00013
0.77141
0.40219
0.82789
0.09191
1.42965
1.70297
2.08933
0.02280
0.09318
0.65154
1.98056
0.00380
0.05659
0.00671
0.08460
0.44192
0.74738
0.02887
0.00213
1.51469
0.11237
0.03087
0.00004
1.54174
0.67305
1.39980
0.26823
0.00001
0.01233
0.01094
0.00002
0.26616
1.86057
2.06112
2.18034
2.18591
1.65395
1.66134
0.18709
0.99821
0.00119
0.90198
0.00000
0.14785
0.20010
1.77240
0.00016
0.07646
0.00013
0.00009
1.84812
0.00064
0.42191
0.00003
0.00145
0.96760
1.41233
1.01811
0.16719
1.06330
0.43769
0.00105
0.00150
0.44148
0.00291
0.01893
0.81500
1.19662
0.00955
0.00000
0.17400
0.15133
1.45780
0.00000
0.00001
0.00035
2.12595
2.51734
0.78593
1.32752
0.00761
0.20470
0.49374
0.06217
0.65991
0.00272
0.83966
2.11408
0.00153
0.00007
0.00962
0.00000
0.02713
0.14596
0.00039
0.00038
1.07377
0.73721
0.05794
0.01078
0.20798
0.00102
0.00134
1.33395
0.00053
0.01936
0.00007
0.74306
0.01095
0.06598
0.00279
0.83781
0.13236
2.69005
2.02396
0.10077
1.45207
0.02911
0.00461
0.74352
0.64008
1.51702
1.92484
0.24092
0.01646
0.00074
0.00007
1.58890
0.14261
0.00001
0.48370
0.26517
0.01781
1.30240
0.00155
0.03689
1.80599
0.00259
0.02012
0.38999
0.91546
0.07830
0.70968
2.19145
0.66908
1.02977
0.00179
0.01158
0.01257
0.00084
2.08283
2.69566
3.19574
1.67648
0.00250
1.03698
0.22343
0.24533
0.07692
0.13105
0.07991
1.85200
0.20694
0.03256
0.02394
0.00614
1.25919
0.38778
2.72821
0.58747
0.00089
0.01913
0.56215
0.00001
0.02954
0.01656
1.41843
0.04960
0.00003
0.13493
0.69099
2.17001
1.82379
0.00125
0.00079
0.37033
0.00000
1.48057
0.11516
0.06926
1.28203
1.72882
0.02172
0.47164
1.30441
0.13916
1.09125
1.62010
0.05693
0.17597
0.00130
1.21181
0.40899
0.00001
0.02328
0.36136
0.00001
0.00012
3.12021
2.92585
0.02957
0.26472
0.77615
0.00003
0.37009
0.06573
0.01186
0.01749
0.00273
0.00811
0.41741
0.00002
0.00002
0.45294
0.00024
0.73291
2.21894
0.16328
1.53531
0.00005
0.00000
0.00020
0.00149
0.00033
0.81617
1.98647
0.68414
0.00567
0.00033
1.40461
0.80237
0.00000
0.00622
0.00649
0.02813
1.64187
1.84104
2.17525
0.00145
0.31767
0.15986
0.84953
0.19783
0.17975
0.14972
0.17556
0.00305
1.48538
0.77774
0.29891
0.09434
0.05341
0.82128
0.00717
3.08767
0.62714
0.06772
0.06924
0.00109
2.25042
0.00078
0.00121
0.00074
0.01036
0.97164
2.26901
0.07937
3.14645
0.12068
2.06809
3.31305
0.00019
0.32589
1.41863
0.00007
2.13098
1.80855
0.76249
2.18936
0.00221
1.63452
0.01012
0.00064
0.46412
0.32700
2.01137
0.00019
0.74499
0.50740
0.48650
1.83736
0.12764
0.00000
0.00010
0.61779
0.33617
0.28862
0.16632
0.00048
1.10855
0.13131
0.00245
0.18996
0.00012
1.07734
0.00181
0.74402
0.00015
0.00213
0.82787
0.23522
1.65752
0.88752
1.48714
0.00000
0.47987
0.02226
0.87322
1.91900
0.00091
0.02544
0.03041
0.04193
0.00884
0.03414
1.62333
0.00094
0.82538
2.00246
0.00281
2.09729
0.00125
0.94007
0.02383
0.06474
0.00510
0.02313
0.00015
1.82292
1.04369
0.00000
0.77675
0.00067
0.34883
0.02728
0.00829
0.32635
0.00003
0.00002
0.03721
0.06355
2.81178
0.00068
0.00073
0.00011
0.95141
0.00587
0.69169
1.02692
0.11483
0.14225
0.02652
0.15684
2.45969
0.73422
0.06065
0.00000
0.00476
0.00000
0.00068
0.00435
0.00350
0.20605
0.07019
1.74927
0.75064
0.79254
0.22831
0.96478
1.17164
0.04160
0.03074
0.02716
0.64630
0.00000
0.34423
0.38577
1.73950
0.00015
0.00806
0.01038
0.02044
0.10285
0.74941
0.28964
0.14551
0.36047
1.82222
0.05737
2.36782
0.03614
0.00036
1.62408
0.99985
0.33405
0.09211
0.80985
0.10291
2.40761
0.00019
0.64705
0.00038
0.67620
0.00001
0.07389
0.70291
0.59345
1.66516
2.58578
0.26319
1.45247
0.00080
0.00076
0.16518
0.00121
1.88808
0.06607
1.31689
0.53161
0.07136
0.00005
0.00345
0.00000
0.70502
0.10937
3.01129
0.08783
0.49630
0.80123
0.00538
1.19358
2.97447
0.19620
0.00942
0.00000
0.00005
0.00008
0.02179
1.49180
1.93773
0.00025
0.08982
0.13811
0.74803
0.00000
0.49022
0.04669
0.00064
1.97521
0.00221
0.09186
0.00289
0.14308
0.00151
1.43855
0.00071
0.07945
0.05187
0.62574
0.41012
2.47348
0.73477
1.34170
0.00001
0.00354
0.18437
0.00260
0.00000
2.39164
1.37961
0.00000
0.81447
0.88804
0.54509
0.03163
1.55442
0.00000
0.00086
0.00002
0.32044
0.10969
0.03534
0.00000
0.77166
0.15745
0.00074
1.28655
1.51309
2.29784
0.03962
3.05007
0.67870
0.24576
0.00722
0.00878
0.00731
0.92064
2.50956
0.01263
1.78211
0.03893
0.00131
0.00000
0.00424
0.00137
0.01439
0.17401
0.05820
0.57141
1.66360
0.01308
0.42927
1.73594
0.00024
0.00010
0.00093
0.28696
1.54051
0.01422
0.00000
0.26355
0.00002
0.75493
0.05818
0.01027
0.00000
0.04012
0.00809
0.00259
0.97028
1.20345
0.01236
0.05344
1.89326
0.79927
0.17702
0.18252
0.04886
0.00002
0.02781
0.00012
0.32533
0.91873
0.01463
0.02743
0.00007
0.06556
0.11432
0.11410
0.83148
1.42639
0.05497
0.00040
0.03125
0.16529
0.00000
0.00005
0.00000
1.29370
0.00127
0.00000
0.69885
0.00025
0.71016
0.38287
1.09829
0.00597
1.14020
0.30855
0.60692
0.13165
0.81400
0.00562
0.00687
0.42383
2.39062
0.00001
0.00186
0.00008
0.00054
0.12010
1.05269
0.00431
0.00407
0.00247
0.03088
0.02334
0.69847
0.00026
0.00268
0.00000
2.05334
0.12213
0.02669
0.58778
0.78075
0.01922
0.43791
1.86338
0.05091
0.00979
1.33938
0.00004
0.10789
1.50019
2.71617
0.00267
0.00019
0.00010
1.63951
1.20779
1.72969
1.73951
0.00518
2.00836
0.00017
0.17787
0.02235
0.04207
0.00147
0.87697
0.00000
0.52681
0.00000
0.00049
0.60183
0.59286
2.58586
0.24720
1.22678
0.80050
0.44537
0.69841
0.05616
1.01413
0.07897
0.05069
2.31753
0.02540
0.36794
1.46595
0.28566
0.00004
3.87083
0.32491
0.00923
0.35532
0.00635
0.01272
0.14025
0.39771
0.04216
0.48090
0.06503
0.02785
1.76262
0.00680
0.00021
0.68169
0.03168
0.00395
0.00741
0.00747
0.14836
0.07449
0.94437
0.87197
1.46391
0.17142
0.01429
0.28466
0.22029
0.16508
2.03440
0.40453
0.01399
0.00010
2.99803
0.11722
0.00397
0.00008
0.45228
0.00000
0.00023
1.20792
0.07184
0.00082
0.04869
0.00000
0.01025
0.07403
0.12179
0.00000
0.00000
1.29454
0.08951
0.11730
1.01857
0.03338
0.00116
0.00031
0.00018
0.28040
0.20154
0.28606
0.00000
0.00000
0.00326
0.00000
0.76458
0.04225
1.77058
2.30231
1.80755
1.30531
0.00080
0.00484
0.29100
0.00100
0.33558
0.07958
0.00193
0.00000
0.63976
0.00557
0.70853
0.02690
0.07205
1.00360
0.53793
0.00007
0.36395
0.56055
0.04299
0.00000
2.82408
1.18676
0.60357
0.00343
0.35431
0.10899
0.17518
0.31928
0.00106
1.52209
0.01665
0.20283
0.37230
0.06817
0.00212
0.13368
0.00403
0.00630
2.10829
0.06201
0.14545
0.00963
0.26691
1.36322
0.00643
1.54942
0.00557
0.00063
0.08034
0.18504
0.00184
0.00261
0.08754
1.30583
1.51436
0.88741
1.57316
2.11316
0.00001
0.00015
0.00483
0.01348
0.95381
0.96125
0.21070
0.96985
0.44082
0.00009
0.00030
0.85732
0.05385
0.83404
0.70862
0.01109
0.00035
0.45154
0.13227
0.00080
0.08076
1.56782
2.98943
0.02486
0.20287
0.00029
0.00000
0.00104
2.06112
1.42411
0.49896
0.55181
0.00266
0.13194
0.85798
0.03246
1.56231
2.18834
0.00015
0.00036
0.63793
0.00019
0.00067
0.74214
0.00214
1.37359
2.94268
0.88939
0.75049
1.58505
0.00001
0.01976
0.32286
0.00136
1.67456
0.00258
0.41806
0.00996
0.00279
0.11219
1.23467
0.01354
1.13601
0.57350
0.14734
1.14223
0.00005
0.95366
1.35434
0.62938
0.02509
0.00000
0.00132
0.00403
0.02491
0.00021
0.01605
1.21251
0.00622
0.38380
0.57679
0.00000
0.64138
0.01939
0.00003
0.44659
0.03010
0.00001
1.78885
1.13993
0.00119
1.39202
0.00162
0.05099
0.11094
0.00852
0.01584
0.19316
0.01565
0.09265
0.00486
0.06163
0.04158
0.05403
0.08419
0.01542
0.03765
0.00267
0.00077
1.83099
0.00701
0.01610
0.30328
1.30183
0.01242
0.00030
0.36351
0.60892
0.11872
1.25404
0.04575
0.00132
0.00015
1.90627
2.88814
0.00002
0.00006
0.67852
0.06263
1.49683
1.52649
0.00014
2.79076
0.63534
0.00803
1.65558
0.19608
1.47453
0.00008
0.19293
0.00107
1.03261
0.00001
0.51825
0.07137
0.00021
1.71567
0.92615
0.00577
0.00008
0.00002
0.03144
0.05110
0.01289
2.82296
1.79873
0.00028
0.75319
0.07445
0.00000
1.01149
0.00007
0.06561
0.51387
0.57858
0.00034
0.43366
0.00011
0.05418
1.05562
0.02839
0.03906
0.00044
2.17405
0.49199
1.03671
2.36266
2.54451
0.76934
0.42494
0.00020
1.21359
0.42062
0.00010
0.00002
0.01033
0.00000
1.20765
0.04004
0.00158
0.00383
0.24735
0.01712
1.74502
0.02880
0.00031
0.16284
1.86135
2.12603
1.34089
0.04069
1.92062
0.00067
1.34734
0.00118
0.01522
0.11325
1.24545
0.00002
0.00000
0.00437
0.03258
0.00001
0.00823
0.14728
0.03225
0.64714
0.00002
2.54115
0.00068
2.32679
0.01646
0.38019
0.00184
0.71947
0.21730
0.04305
1.31444
0.00017
0.00001
0.47886
0.05001
1.28353
0.02079
0.98778
0.00279
0.00015
0.01131
0.12667
0.84695
0.08745
0.02840
0.00453
2.10180
1.35388
0.88714
0.00158
0.00183
0.00000
0.29315
0.74189
1.38384
0.00759
0.90238
0.00019
1.11225
1.33647
0.03671
0.00185
0.03519
1.87164
0.00051
2.15228
0.02723
0.01501
1.49048
0.15851
0.00053
0.27532
0.79132
0.12772
0.00004
0.54961
0.89659
0.23039
0.04962
0.49916
0.00001
2.13838
0.19613
2.71875
0.01152
1.54189
0.00859
0.00000
0.00000
0.00146
0.17249
0.06855
0.23606
0.77737
0.00113
0.22232
0.00000
0.04359
0.23841
3.09664
0.00229
0.69478
0.03270
0.00284
0.01982
1.19206
0.20119
0.00674
0.00578
0.44659
0.00094
0.56888
0.01117
1.46031
0.39030
0.13652
0.57498
0.80353
0.19617
0.11137
0.36910
0.00005
2.08301
0.06109
0.00227
1.09400
0.13322
1.07600
1.89632
0.03444
1.44005
2.33724
0.20833
2.07756
0.43024
0.50105
0.17449
0.88010
1.23540
0.00047
2.10831
0.00058
0.00018
0.00056
0.46970
0.00088
0.08937
1.87452
0.99075
0.00047
0.00000
0.00343
0.00007
0.00108
1.85768
0.00004
0.48173
0.00000
0.40089
0.15191
1.67361
1.38975
0.00590
0.05174
0.94317
0.01444
0.00953
0.68005
0.32937
0.09580
0.06961
1.06851
1.06606
0.08974
0.00001
0.20363
3.47805
0.16745
2.65297
0.21026
0.12469
0.14693
0.59342
0.03182
0.00000
0.00000
1.32104
1.06538
0.03760
0.00157
0.00011
1.27748
0.00037
2.43934
0.00242
2.72786
1.69112
0.00021
0.41187
0.00599
1.65224
0.55618
0.00025
0.00314
1.32475
0.00000
0.00000
1.09450
0.74572
0.41929
0.19824
1.26408
0.17791
0.00055
0.10409
2.50320
0.01039
1.96954
0.00034
0.02911
0.00321
0.00007
0.00013
0.07730
0.00029
0.01336
0.00071
1.49756
0.01125
1.81501
0.00000
0.00740
1.20471
2.01879
0.00217
0.26067
0.24202
0.00004
2.16758
0.00017
0.00088
0.66578
0.00589
0.24353
0.00020
0.28434
0.00009
0.00011
0.10421
0.00014
0.00474
0.00110
0.20359
0.00834
0.03194
0.25423
0.00034
2.98006
1.96805
0.00810
1.16221
0.02450
0.00064
1.56008
0.01245
0.00302
0.24499
0.63148
0.00128
0.03560
0.00332
2.01093
0.60025
0.00745
0.28542
1.67373
0.31360
0.00006
2.51900
0.01758
0.03128
1.15997
0.00182
0.11202
1.34693
1.00446
0.14315
0.00001
0.11178
0.38075
0.63978
1.74608
0.01360
0.00018
0.00795
1.93308
0.01379
2.25730
0.04840
1.66513
0.01037
0.00006
0.00196
0.97940
2.65500
0.69469
2.99294
0.85595
0.69698
0.00000
0.36685
1.18222
2.38423
1.17319
1.66104
0.00066
0.00000
0.00010
3.12984
0.06801
2.07164
0.06245
0.83589
0.22005
0.01301
0.04238
2.37346
1.68759
0.18751
0.39999
1.25727
0.12379
0.34785
0.00035
0.01474
0.05324
0.11969
0.01414
0.00000
0.11546
1.29227
0.04632
0.00004
0.03485
0.11733
0.00460
1.77356
0.56281
0.00578
0.03528
0.20414
0.09803
0.32241
0.00010
0.15816
0.98679
0.02601
1.30194
0.48625
0.00000
0.02319
0.17462
0.02124
1.22316
0.80197
0.22268
0.00020
0.93509
0.37558
0.00000
2.40053
0.00000
0.00007
0.19019
0.00030
0.00000
0.00204
0.91136
0.00640
0.00000
0.09705
0.03747
2.21699
0.00000
0.40590
0.76237
0.44639
0.04617
0.00207
0.45030
0.02078
0.06109
0.00008
1.83486
0.08256
0.13420
0.28481
0.40796
0.29820
0.00005
0.05721
2.20456
0.90193
2.04155
0.25926
0.01644
0.02407
1.31730
3.36493
0.01158
0.41575
0.42345
0.00000
0.00382
0.10400
0.56309
0.00030
0.78648
0.00224
1.28495
0.01187
0.00015
0.00307
0.00230
1.25847
0.03779
0.00618
0.00098
0.41124
0.34784
2.11884
2.31739
0.00000
0.27989
0.00575
0.70928
0.03906
0.79872
0.07567
0.10123
0.16592
0.99366
0.91421
1.77819
0.01182
0.00024
0.95578
1.83337
0.06528
0.06899
0.00002
1.20410
0.00059
1.98314
0.81568
0.30298
0.00025
2.04398
0.03427
0.59424
1.14020
0.21913
0.00069
1.34487
0.07554
1.56168
0.73138
0.04540
0.02073
1.40679
0.03874
0.00000
0.00001
2.37715
0.62486
0.15879
0.00306
2.02963
0.00616
1.68642
1.04693
0.74065
0.63976
0.57339
0.00023
1.71683
0.00057
3.34894
0.28509
1.76563
0.70280
1.82068
0.00002
0.29804
2.56933
0.74676
1.45320
0.18954
0.00000
0.48549
1.71536
0.30254
0.00013
0.01171
1.42785
0.79492
0.00096
0.79328
0.00685
3.24790
0.05269
0.01527
0.07534
0.00019
0.03320
0.00065
0.00042
0.00484
0.94646
0.88016
0.00931
0.66438
0.00000
0.04590
0.00329
0.00003
0.87141
0.00000
0.01299
2.13484
1.67760
0.03764
1.05790
0.94000
0.00884
0.04419
0.05592
1.39642
0.36557
0.03642
0.00003
0.49532
1.96835
0.01229
1.39097
0.40534
0.00209
2.60137
0.06588
0.65940
3.06013
0.03416
0.14370
0.00000
0.36186
0.10609
0.19083
0.01253
0.04051
0.05146
0.00143
0.47862
0.00001
0.01576
0.01696
2.23899
0.00001
0.05380
2.18736
0.00086
0.04607
0.00003
1.24439
0.00009
0.00001
0.00053
1.34131
0.00001
0.42765
1.68814
0.00000
0.00001
0.22365
0.01564
0.00503
0.13273
0.87288
0.21590
0.27756
1.09501
0.15113
0.00720
1.39509
0.30777
0.49021
0.10023
0.00001
0.00000
0.02708
0.00037
0.80442
0.52504
1.34655
0.00095
2.54144
0.07234
0.24351
0.67194
2.20127
0.12183
1.11453
0.61747
1.72534
0.31126
2.21603
0.04468
0.43908
0.11536
0.94935
0.11361
2.18259
2.55964
0.00184
0.23172
0.72006
0.00651
0.07162
1.04063
0.44145
0.00001
0.00075
1.61126
0.00000
1.93683
2.91983
0.02064
0.02991
2.04095
0.10848
0.06537
0.00043
0.00001
1.66893
1.58374
2.06536
0.00070
2.43287
0.00077
1.52527
0.00000
0.87167
2.25666
0.18441
0.00001
0.00995
0.26708
0.00161
0.03749
2.85857
0.74911
0.09082
0.80266
0.00016
0.00967
0.87280
0.00844
2.13655
1.03062
0.03355
0.90788
1.66317
0.05631
2.45013
0.00088
0.70463
0.00031
1.58623
0.00036
0.06756
0.00135
0.54194
1.02371
2.52805
1.78904
0.33525
0.00033
0.87388
0.00018
0.18660
0.00096
0.47308
0.00987
1.28659
1.38301
0.00048
0.00013
1.95049
0.00072
0.60162
0.00235
0.05311
0.01823
1.26154
0.00032
0.00802
0.40168
0.00023
0.00057
0.00004
0.09061
3.13564
0.60575
0.76735
0.58292
0.00024
0.39934
2.06167
1.12127
0.72282
0.00676
0.00001
1.30007
0.00160
0.71907
0.47265
0.00000
1.23291
1.06991
0.00000
0.13206
0.00041
1.11654
2.36771
0.01545
0.79505
0.19668
0.72028
1.45817
0.96932
0.40452
0.17995
0.05257
0.00010
0.00451
0.00666
0.00567
0.00000
0.00006
1.03508
0.00294
0.46076
1.32690
0.06534
1.13987
2.16177
0.97001
0.05211
0.00390
0.00084
0.36841
1.29614
0.00027
0.49336
0.00671
0.00000
0.19042
0.00055
0.03628
0.01640
0.00340
0.30262
0.05401
0.00000
0.00693
0.13947
3.16904
0.81052
1.91078
0.43344
0.88535
0.00000
0.13514
0.00001
0.00140
0.53184
0.00008
0.00000
0.12288
2.46743
0.00033
0.01813
0.03466
0.03023
1.85875
2.16345
0.00122
0.46896
0.08587
1.71229
0.00001
0.00382
1.27799
0.35455
0.00010
0.00003
1.90262
0.00015
0.16991
0.00000
0.00482
0.00000
0.00000
0.09640
2.25396
0.03493
0.00037
0.68668
1.68746
0.02364
1.03257
0.89227
1.95600
0.00020
0.00332
0.00915
0.00169
0.00320
0.01921
1.16074
0.00001
0.47360
2.34194
1.66883
0.08006
0.13400
0.81172
0.06899
0.00117
1.24842
0.08466
0.00002
0.00000
0.32925
0.00001
0.01311
0.00829
0.00004
0.00000
0.68967
2.39213
0.17150
0.00021
0.69372
0.55059
0.45275
0.41064
0.29488
0.02078
1.66846
0.27236
0.00156
0.18514
1.73554
0.04396
0.64703
0.00704
0.29975
0.95853
1.16514
0.00021
0.00360
0.00002
0.47551
0.67787
0.00197
0.28332
1.80740
0.06119
0.00086
0.00097
0.03947
0.00005
0.00007
0.00167
0.21613
0.00196
2.14490
2.95450
0.00347
0.39525
0.11756
0.00108
0.38736
0.25539
0.00092
0.00450
0.00100
0.38131
0.17354
0.60151
0.04586
0.00013
0.60456
0.05003
0.00005
0.06695
0.01310
0.73528
0.12933
2.84511
0.00024
0.05056
0.31952
0.28038
1.16470
2.85892
0.00004
0.00334
1.62610
0.37333
1.93189
0.09685
1.66039
1.63808
2.16023
0.00006
0.00053
0.22748
2.66053
1.00202
0.37768
0.00002
0.00001
0.00019
0.83301
0.19531
0.00000
0.02274
0.03780
0.00100
2.01906
2.32949
0.05524
0.00371
0.09029
0.24921
1.41377
1.85323
0.00189
0.28317
1.75171
0.15270
0.00000
0.00023
1.43166
0.00106
0.52458
0.21597
0.00136
0.12652
0.00018
1.02415
0.78252
0.12947
2.79004
0.65003
0.00058
0.11875
0.00031
0.45142
0.00215
2.57988
0.09088
0.00185
0.00741
0.03379
1.82869
0.08968
0.21630
0.09576
0.00010
0.19364
1.94800
0.03678
0.00563
1.30504
0.40352
1.68979
0.03000
1.53003
0.63665
0.78297
0.14361
0.35529
0.41379
2.11120
0.67697
0.00763
0.07286
0.12508
0.00000
0.24787
0.01200
1.58827
0.44992
0.13325
0.03812
0.31052
0.00000
0.00000
0.00000
0.01268
0.00002
0.90833
0.02578
0.00883
0.76495
0.00017
1.08587
0.80327
0.00004
0.00727
0.26715
2.47824
0.00893
0.06854
0.00002
0.00000
0.34251
0.00086
0.00014
0.00003
0.00176
2.24756
0.48846
0.00978
2.57710
0.47654
0.24798
0.01886
2.57506
0.00000
2.45421
1.82923
0.29747
0.01415
0.18134
0.02780
0.94657
0.79501
0.02489
0.00000
0.31098
0.21492
0.14171
0.71106
1.06952
1.18734
0.10238
0.02564
0.01157
0.08173
1.05729
0.00813
0.09922
1.02936
0.13299
0.00021
0.00598
0.00107
1.02058
1.39173
0.37201
0.06584
2.12913
0.00193
0.13717
0.12424
0.21421
0.03397
1.32695
0.78400
0.01292
0.12955
0.00136
0.00084
0.06289
0.00001
0.01154
0.21344
0.00141
0.00000
0.00002
1.34750
0.04654
0.00000
0.00013
0.00173
1.63534
0.63642
0.00002
0.35348
0.01333
2.40142
0.85529
0.94160
1.42148
0.00343
2.34928
0.44817
0.24835
0.85992
0.43995
0.12733
0.00300
0.48771
0.08868
0.03881
0.24699
1.17704
1.55155
0.31436
0.21576
0.05209
0.13535
0.89083
1.13700
0.09967
0.60656
0.33327
0.31128
0.55711
0.19746
0.00586
0.00573
1.26947
0.00001
0.01360
0.00026
0.00050
1.44666
0.57114
0.81224
0.06073
1.63021
0.18933
0.36918
0.00055
0.00375
0.06839
0.00197
0.00000
0.00110
0.13286
0.00759
1.31142
0.00543
0.04408
1.49283
0.00016
0.00306
0.00094
2.73466
1.07549
1.80384
0.01074
0.40062
0.00001
0.00416
0.49996
0.00117
0.00151
0.22934
0.03390
0.00071
0.00000
0.20716
0.72691
0.00276
0.09869
0.01222
1.14089
0.00261
1.20070
0.06185
0.23465
0.00005
2.11818
0.56509
0.16579
0.16507
0.80995
0.29160
0.71999
0.71302
0.00015
0.00469
1.22621
1.12805
1.54983
0.16061
0.35903
0.11276
2.07733
0.00001
1.07561
0.00070
0.97731
0.10403
0.00015
0.00000
0.32039
0.00119
0.25805
1.23803
0.59582
0.00568
0.02791
0.00035
1.38652
0.01708
0.00000
0.00041
0.22792
2.25822
1.46800
0.57929
1.45727
0.89476
0.00003
0.56133
0.84679
2.29139
1.67682
0.03807
0.00091
0.25066
0.00070
0.17060
0.17348
0.00261
0.00003
0.07809
0.62585
0.04718
1.17382
1.75299
0.00064
0.00631
0.08856
1.84802
0.94277
0.10315
0.00730
0.00070
0.96937
0.05236
0.00056
0.00024
1.58463
1.23956
0.66309
0.29286
0.00000
0.11020
0.00363
0.02612
0.95869
0.00008
0.00103
2.27463
0.82456
0.06926
1.21596
0.00003
0.03655
0.00997
0.00000
1.16853
1.46907
0.02382
0.62271
0.00003
0.05585
2.13839
0.09671
0.00006
0.10285
0.31891
1.18421
0.00056
0.00039
0.03010
0.77564
1.44920
0.00005
0.19851
0.00027
0.00052
0.00355
0.00716
0.00247
1.48403
0.00303
1.31198
0.01802
0.00014
0.00310
0.00076
0.50844
0.00015
1.20467
0.00094
0.21808
1.19437
1.32748
0.54351
0.01611
0.00915
0.05781
0.00004
0.43848
1.54510
0.02861
0.02757
0.01486
1.10675
0.00313
0.45258
1.21923
0.00913
0.00000
0.00015
2.06249
0.70782
0.00401
0.85087
0.00000
0.20848
0.00096
0.26120
0.00299
0.00193
0.83494
1.31688
0.53679
0.00307
0.76320
0.02496
0.00533
3.02121
0.04002
0.00010
0.02757
0.00077
0.00009
0.14139
0.01314
0.00882
0.40464
0.22039
0.22978
0.10048
0.29713
0.00001
0.97946
1.19363
2.50268
1.85509
3.47198
1.59557
0.55785
1.13101
0.10247
0.00271
0.00000
0.87204
0.05120
0.01908
0.82032
0.90938
1.28630
2.17232
1.96595
0.00072
0.01853
1.55897
0.00075
0.00755
1.75290
2.19680
0.01451
0.00081
0.00000
0.00037
0.36849
0.00002
0.00112
0.94664
2.13912
0.45892
1.04379
1.68123
0.00000
0.02246
0.38317
0.09050
1.77448
0.01320
1.34524
1.28919
0.00109
0.79302
0.31044
0.00000
1.02365
0.11596
0.37246
0.00105
0.99350
0.01553
0.19995
0.05442
0.31053
0.00014
1.08231
0.00005
1.30685
0.01041
1.27699
0.71222
0.00031
1.50850
0.01772
2.51450
0.33979
0.72477
0.79634
0.00108
0.15037
0.07549
0.00204
0.11459
0.52765
0.43623
0.04291
0.03999
0.00000
0.13559
0.00021
0.04194
0.22556
0.00876
1.52046
1.53814
3.24604
0.00154
0.14051
0.00001
0.01185
0.03550
0.07043
0.92317
1.72567
0.06556
0.00060
0.02469
0.00004
2.52700
0.00039
0.00869
0.00157
0.04010
0.00418
2.40309
0.00005
0.07995
0.00066
0.00279
0.14680
0.09180
0.52926
0.63088
2.52809
0.02821
0.00279
0.48922
0.00401
0.38061
0.00000
1.98865
1.96315
0.13485
0.23096
0.62736
0.08559
0.00023
0.79139
0.02082
1.12108
1.45534
1.52027
0.66531
0.15553
0.96254
0.00040
1.48080
0.00189
0.00008
0.03263
0.00144
0.00001
0.00002
0.07704
0.04707
0.55677
0.09505
0.00029
0.00005
0.16866
0.58321
0.00017
0.38198
1.44747
0.01903
0.28578
3.15380
0.04639
0.90336
0.12547
0.00037
0.38067
1.63715
0.48878
0.00002
1.07275
0.72602
0.01409
0.00035
0.00000
0.06351
0.00194
0.00104
0.05111
0.03279
0.05916
0.03598
0.10761
0.15584
0.00076
0.90064
0.13267
0.04611
0.00070
0.32909
0.52154
0.64337
0.74532
0.02714
0.01239
0.00197
0.00631
0.00289
1.63683
0.17186
0.00889
0.19517
2.64922
0.04315
0.44144
0.00591
0.01977
0.12776
0.00002
0.25971
0.00000
0.46566
0.00050
2.73582
1.00638
1.53310
0.00027
0.02140
0.02214
0.30870
0.06901
1.84136
0.00000
0.00570
1.25669
0.86546
0.02668
0.02859
0.06627
0.03685
0.00098
1.32491
0.96453
0.40851
0.03342
1.54585
0.00487
0.00532
0.29120
1.39058
0.00053
0.09547
0.23081
0.00005
0.00383
0.66820
2.63311
3.24651
0.50440
0.02126
0.87749
0.38876
0.15940
0.09711
1.59716
0.00000
0.00003
0.46847
2.24145
1.66991
1.21003
0.00000
2.11812
0.44009
0.06381
0.20400
0.13767
2.47223
1.60199
0.00001
0.00163
0.00006
0.12845
0.00000
0.76677
0.00260
1.03857
0.09156
0.93891
0.00376
0.67766
0.00642
0.19139
0.12837
0.84191
1.27438
0.06693
1.67065
0.39701
0.01296
0.10446
0.87316
0.00000
0.00005
0.00653
0.62268
0.00016
0.53641
0.06331
0.00175
0.33449
0.00043
0.78614
0.00000
0.00913
0.00000
0.61045
0.43551
0.51576
1.12788
0.94807
0.15221
1.22464
1.20032
0.10573
0.00560
0.00051
1.02034
0.42326
2.45055
0.00080
0.00000
0.31041
0.12204
0.15231
0.81906
0.89651
0.00009
0.02825
0.00000
0.00000
0.41003
1.90604
0.08953
0.02666
0.46659
0.55302
0.00793
0.02350
0.17931
0.00009
0.97881
0.17379
0.21514
0.00929
0.11413
0.01948
0.15421
0.00010
0.03315
2.86728
0.03146
0.07615
0.01448
0.00051
1.50341
0.00004
0.61201
1.29013
0.81109
0.00191
1.05812
1.25492
2.21007
0.33456
0.00000
0.28060
0.27864
0.73807
0.04572
1.54715
1.04184
1.70781
0.01710
1.23225
0.86521
3.33908
1.75668
2.38072
0.00039
0.00028
0.00022
0.42448
0.00204
0.04725
0.23667
3.61576
0.94700
2.64204
0.23996
1.51717
0.00009
0.69962
1.40705
0.00000
0.04299
1.03690
1.42910
2.04461
0.01950
2.21635
1.01669
0.00060
1.33304
1.40714
0.01073
0.00002
0.00000
0.01844
0.00000
0.00005
0.00055
1.48298
0.57227
0.07502
2.92458
0.00289
0.00383
0.10895
0.03500
0.01732
1.33608
0.06356
0.31835
0.14211
0.42500
1.62167
0.00008
0.00025
0.20769
0.85391
0.00000
1.05673
0.46237
0.00099
0.02092
2.23976
1.34938
0.00022
0.23689
0.68577
1.78100
0.00025
0.00003
0.00005
1.74747
0.00001
0.00069
0.03335
0.62489
2.28017
1.81562
0.00000
0.00030
0.00000
0.30476
1.46321
0.81508
0.00244
0.00000
0.00319
0.03307
0.00001
0.00001
0.04094
0.18620
0.03056
0.76151
0.14915
0.69459
1.66798
0.01653
0.00020
0.01611
0.00623
0.00099
0.00408
1.07552
1.49295
0.00006
0.00845
0.95210
0.05562
1.51585
2.15592
0.13930
1.16134
0.04873
0.20745
0.00002
0.94235
0.00003
0.00737
2.81645
0.47803
0.00426
1.29328
1.26720
0.23046
0.00000
0.00004
0.25038
0.24551
1.57081
1.67846
0.00000
1.81780
0.20921
1.41304
0.02898
0.03765
0.46425
1.53034
0.00481
0.27283
0.04225
0.00112
0.03136
0.52031
1.59577
0.00056
0.25341
0.00001
0.01634
1.82762
1.58766
0.50085
0.80139
0.02550
3.37098
0.30255
0.36717
0.00569
0.00000
2.26014
0.00117
0.38023
0.37446
1.31490
0.00519
0.00004
0.43754
1.14813
2.98269
3.47864
0.05056
0.52971
1.47914
0.00010
0.00089
0.01393
0.91960
1.40032
0.70192
0.07355
1.28940
0.02091
0.00030
0.09937
0.00557
0.00095
0.01380
0.46607
0.03982
1.33159
0.01787
1.01206
0.02054
0.12385
0.01081
0.73925
0.00510
1.94903
2.40579
0.00961
0.39168
0.01538
0.04082
0.00061
0.00002
0.01405
0.00006
0.25692
0.00947
0.13932
1.13153
0.00078
2.06166
0.02744
0.25815
0.01532
0.14301
0.82507
0.93763
2.79450
0.00000
1.28408
0.00705
1.14479
1.24361
0.00000
2.56378
1.03373
2.33280
0.00115
0.16733
1.09446
0.00000
1.26865
0.58694
0.00873
1.69432
1.04341
0.00000
0.00048
0.00028
0.15241
1.21353
1.35116
1.43650
0.20282
0.66196
1.30525
2.66178
0.00253
0.62001
0.65101
2.00890
1.08905
0.03200
0.44270
2.10336
0.74613
0.00000
0.00000
0.00220
0.00861
0.77556
0.00523
0.00256
0.86062
0.01046
0.00005
1.93688
0.00108
0.00772
0.20056
2.51205
0.00018
0.00529
0.00020
0.00024
0.80260
0.09976
0.00000
0.00000
0.79312
0.01287
0.20249
0.34177
2.07041
0.00152
1.11145
0.01132
0.09455
0.48465
0.03808
0.09311
0.66427
0.00003
0.48008
0.79605
0.17196
0.00015
0.00000
0.95194
0.63824
0.01904
0.73826
0.00244
0.04371
0.27729
3.03837
0.00000
0.03380
1.29724
2.64483
0.14920
0.37604
1.07849
0.00239
0.06036
0.58545
0.00332
0.00075
0.96362
1.92081
3.26105
0.00006
1.08578
0.96553
0.50508
0.02603
0.14492
1.88608
0.00003
0.82675
0.20429
0.34096
0.11398
0.00779
0.17907
0.00171
0.00000
2.76439
0.07612
0.36322
0.27914
0.00019
0.98305
2.36170
0.03073
0.10130
0.00013
0.13279
0.84362
0.08256
0.04816
0.21936
2.31873
0.19525
0.32587
1.68145
0.14131
1.64410
0.93908
1.34195
0.68457
0.00004
0.31401
0.01133
2.20957
1.00592
2.16097
0.01653
0.01445
0.74350
0.00038
1.10493
0.58380
0.08140
0.00000
0.08625
0.00000
0.00006
0.00011
0.00065
0.64420
0.00002
0.00498
2.17740
0.76104
0.00776
2.30253
1.24470
0.00016
0.22403
0.00005
0.00027
0.05005
2.55440
0.37386
1.35608
2.57021
0.02071
0.44942
0.03259
0.00002
0.14564
0.00543
0.00019
1.92047
0.00149
0.57658
1.53042
0.00386
0.00262
2.44826
0.14898
1.37988
0.28754
0.00798
0.01825
0.16919
0.87376
0.00001
0.00057
0.28549
0.00003
1.94037
0.01674
0.18143
0.95216
0.00045
0.00000
0.23166
0.00555
1.38432
1.23028
0.01352
0.00763
0.18597
0.13740
0.17799
0.00067
0.21380
0.02990
0.03938
0.00002
0.00037
0.50983
1.10234
0.00001
0.01688
0.15631
0.43488
0.35005
0.00001
0.08561
0.00020
0.15368
0.00862
0.00077
0.13056
0.04571
0.00000
0.08312
0.74731
0.00055
1.71555
0.20823
0.00001
0.38887
1.05407
0.16246
0.41330
0.04138
0.75283
0.24092
0.02266
1.57763
0.72160
0.14700
2.35642
0.00073
0.35230
0.00000
0.00067
0.00970
1.16126
0.00059
0.00220
1.17458
0.98291
0.01615
0.05266
1.61890
0.00274
1.21784
0.95495
0.81109
0.27298
0.00001
0.00210
0.09872
0.02291
0.52153
0.00019
0.09980
0.00005
0.03135
0.22265
0.00028
0.79400
0.05534
0.06171
0.00973
0.22191
1.06385
0.62811
0.00008
0.02386
0.00116
0.20179
0.03502
0.77561
1.35483
0.07553
0.00000
2.64246
0.08482
1.43915
1.61878
0.00030
0.10198
0.04027
0.00000
0.00481
1.12147
0.01683
2.57780
0.00002
1.07091
0.00008
0.04730
2.18534
0.00000
0.00825
0.01716
0.04982
0.54918
0.06260
0.43512
0.00148
0.00003
1.86947
1.42903
0.28945
0.00003
2.72683
3.18337
2.99313
0.00000
0.00015
0.10763
0.83853
0.57492
0.61315
0.09254
1.64825
0.26595
0.35792
0.35134
1.13819
1.22989
0.52276
1.99158
0.01613
0.40614
0.37319
0.09995
0.01893
0.00000
0.16248
0.76284
2.73043
0.18970
0.52001
0.28827
0.00072
2.08534
0.00653
2.43744
0.00003
0.00091
0.01026
0.01286
0.00026
2.73766
0.00012
0.13985
0.17994
1.03926
1.96611
2.15334
0.01793
0.01516
1.22735
0.09695
0.00908
0.41489
2.42141
0.02034
0.03646
1.20732
0.00044
0.02030
0.40736
0.00164
0.07686
0.00174
0.07226
2.00075
0.07029
1.94209
0.01168
0.49996
1.56811
0.00001
0.24423
0.04040
0.04156
0.12394
0.71486
1.80716
0.80546
0.03121
0.03224
0.18940
0.00924
0.03035
2.85191
1.31175
0.00000
0.00000
0.00399
2.87585
0.46703
0.56220
0.04238
0.00712
0.00089
0.10513
0.46435
0.27745
2.49339
2.11258
0.44737
1.03744
0.02778
0.01295
0.36737
0.02030
0.63424
0.00024
0.00038
0.15491
0.62503
3.18449
0.47918
0.00773
0.43582
0.00999
0.12357
0.00030
0.03015
0.01718
0.00031
0.06017
0.00001
0.00348
0.76869
0.00019
0.88762
0.00015
0.00000
1.11050
0.17298
1.10077
0.10337
0.79169
2.78614
0.95065
0.00003
0.60404
0.93446
0.00796
1.01206
0.00147
0.46855
0.00202
0.00116
0.24161
0.00069
0.04140
0.00046
0.00000
0.00180
0.00579
0.00000
0.57754
0.00423
0.00025
0.00020
0.00007
0.52090
0.00001
0.02032
0.40112
0.00136
0.00161
0.00014
0.00027
0.10001
1.61037
2.33945
1.30033
0.67691
1.74937
0.00010
0.00004
1.22527
0.26808
0.00000
0.00015
0.00025
0.09147
0.00000
0.74909
0.33479
0.04230
1.24632
0.00000
0.00353
0.26866
0.00363
2.33231
0.46517
0.45526
0.09275
0.03062
0.48905
0.09272
1.07541
0.00116
0.70928
0.57267
1.84474
0.29016
0.01087
0.60964
0.02677
0.12368
0.03406
0.00005
0.00004
0.42519
1.74894
2.06272
0.00214
0.00005
0.00011
2.13580
0.00014
0.00575
0.00004
0.00076
0.04435
1.01351
0.05336
0.03110
2.73876
1.78677
0.00000
0.04961
0.81057
0.01513
0.00014
0.16562
0.00444
0.00012
2.14651
0.20761
3.35559
0.01928
0.00142
0.00000
1.75918
0.44619
0.26598
0.00369
0.00049
0.64715
0.08506
0.10399
0.07772
0.00000
0.52605
0.00142
1.80180
0.00514
0.01554
1.59689
0.02357
0.73211
1.31846
1.56943
0.00389
0.02561
0.10048
0.00170
2.35310
0.34581
0.00001
0.00020
0.00434
0.00002
0.03075
0.00000
0.02448
0.97156
0.00016
0.91994
0.01094
0.00000
1.67053
1.10115
1.42447
0.02655
0.00093
0.00617
0.00000
0.00001
0.04866
1.06816
0.03998
0.00000
1.83095
0.00048
0.13548
0.01169
0.10669
0.00000
0.07614
0.68542
0.00021
0.16455
0.00689
0.00220
1.84988
0.03596
0.01980
1.00352
0.05172
0.70978
0.02745
0.01571
0.05306
0.00503
0.00198
0.00673
0.04293
0.00008
0.01429
1.20814
0.00029
0.05744
0.00005
0.20228
0.02208
0.00305
0.10174
0.28826
0.00074
2.46933
0.70327
0.00294
2.38125
2.86261
1.34225
0.00007
0.00000
0.78127
0.00385
0.00000
0.04805
0.34431
1.22202
0.64088
0.95862
1.05224
0.71104
0.65414
0.05083
0.66522
0.25719
0.91294
2.30116
0.68706
0.21909
0.00486
0.09650
0.00009
0.00954
0.11159
0.00152
0.00207
1.66952
1.42487
0.00571
0.02232
0.12285
0.00003
0.00126
0.44191
0.80342
0.28123
0.00184
0.00016
0.56938
0.00008
0.52668
0.00000
0.00451
0.00002
1.00564
0.00000
1.37649
0.01155
1.96885
0.90985
1.33589
0.70403
0.95127
2.27151
0.07922
0.13286
0.00000
0.26712
0.01449
0.01620
0.25882
0.24348
0.29363
0.00001
2.65312
0.98764
0.00002
0.79076
0.71683
0.00171
0.61184
0.53198
0.00045
0.45756
2.25858
0.02663
1.43077
0.00049
0.74197
0.06153
0.25799
0.07428
0.00054
0.23928
0.41085
0.04720
0.00000
0.00041
0.02533
0.00404
0.01724
0.02361
0.08381
0.01085
0.04686
0.12780
0.00397
0.00007
0.13627
0.05868
0.03638
0.74614
2.40504
2.45827
0.21070
0.00000
0.50243
0.00540
0.02403
0.30091
0.28163
0.02356
0.20144
0.08597
0.63894
0.00249
0.29089
0.00000
0.00005
1.57227
0.03136
0.00043
0.00000
0.03679
0.00037
0.10092
0.30744
0.71785
0.00608
0.55187
0.00162
0.00021
0.05976
0.00515
2.15362
0.44904
0.77536
0.00910
0.48598
0.83836
0.45960
0.17438
0.00545
1.68315
0.30655
2.23824
1.49601
1.98570
0.01618
0.69983
0.00466
2.90554
0.13349
0.00264
0.06061
0.00126
0.00002
2.21600
0.00000
1.18086
1.29347
0.03478
0.00003
2.28005
0.74298
1.08192
0.28331
0.00245
0.00002
0.03371
0.27331
0.00007
0.00069
2.01948
0.00001
0.01560
0.21238
0.00142
0.00421
0.01138
0.08019
0.05105
0.08043
0.01580
1.21932
0.22756
0.15558
0.01617
0.85304
0.29400
2.14826
0.02334
2.16531
0.62406
0.13408
0.31972
0.00000
0.85632
0.00046
0.13789
1.24592
0.05248
1.64395
0.86061
0.00012
0.03828
0.10481
0.00186
0.56450
0.05068
0.00006
0.00464
2.40099
0.00019
0.55729
1.33870
0.07924
0.00318
0.00195
0.00000
0.00006
1.25684
0.87870
0.25017
1.21568
1.29236
2.04371
0.00147
0.03357
0.72807
0.81737
0.00349
0.85950
0.01905
0.00001
0.00154
1.59831
0.01356
0.89617
2.29125
0.21662
0.00064
0.00982
1.13603
0.42294
1.27638
0.00194
0.90812
0.06088
2.55397
0.96635
0.00001
0.00002
0.00040
0.03900
0.30088
0.01053
0.08624
0.00905
0.84366
0.02339
2.06387
0.00074
0.00344
0.00019
0.08962
0.04717
1.42467
0.00023
1.86448
0.00191
0.00024
0.00000
0.00076
0.08848
0.00055
0.00000
0.00001
0.00001
0.00000
0.00006
0.00001
1.40752
0.00002
0.25747
0.38600
0.77628
0.00420
0.89448
1.72551
0.58582
0.14194
1.22996
1.10857
0.69346
3.25857
1.83910
1.67732
0.82586
0.56309
0.00000
1.32343
0.00838
0.06208
0.04316
1.96435
0.00493
0.00394
0.00996
0.00052
0.30301
0.07202
0.00403
1.43694
0.30894
0.00124
2.24638
0.67976
0.48744
0.29000
0.00769
0.00025
0.31062
0.00044
2.26232
0.18744
0.42954
0.49570
2.92353
0.35700
0.00001
0.00000
0.15507
2.11946
1.75568
0.56665
0.02053
2.85281
0.00736
0.31912
1.41751
0.00440
0.01330
0.00630
0.07618
0.00013
0.00014
0.02823
0.00001
0.00000
0.93529
0.69378
0.00790
0.72623
0.03083
0.01346
0.16870
2.26435
0.12238
0.00104
0.86226
0.35171
0.25453
1.89753
0.00006
0.87517
1.28505
0.02842
0.00485
1.72427
0.33751
0.04531
0.00049
1.27449
0.00012
0.25886
1.07725
2.03323
0.29787
0.00004
1.43117
0.07274
0.13421
0.43720
0.00000
0.62055
0.00484
0.00038
0.08437
0.00000
0.00041
0.62988
1.59607
0.00096
0.10462
1.85397
0.02039
0.00031
0.00012
2.11517
0.08959
1.60560
0.01087
0.00000
0.22575
0.34642
1.01632
0.21580
0.00002
0.00569
0.90478
2.28063
2.09776
0.00008
0.02123
0.08572
0.00422
0.00122
0.17047
0.08071
2.79571
0.29642
0.02174
0.00303
0.08634
1.96623
0.10643
0.00001
2.57065
0.00347
1.38961
0.04032
0.00030
0.00000
0.61399
0.59108
0.00000
0.00058
0.00033
0.01075
1.50729
1.08977
0.10379
0.00342
0.00000
0.00855
1.49624
2.61670
2.01376
0.07504
0.00000
0.27423
2.25997
0.00142
0.17656
0.95228
1.92057
0.37428
0.00016
0.20187
0.74452
0.03309
0.00119
2.51822
1.11279
0.59226
1.41083
0.00252
0.04914
1.18050
0.01539
0.96018
0.00012
0.17730
0.68021
0.50458
1.74734
0.00277
0.00091
0.60611
0.00017
0.01855
0.00391
0.00006
0.02271
0.74955
0.35664
0.64051
2.06227
0.00041
0.00008
0.05955
0.00052
1.73692
0.84313
0.01204
0.34471
0.04584
2.21354
0.00822
0.04648
0.85035
0.02903
0.00444
0.59954
0.00008
2.20777
1.68357
0.00009
0.00122
2.13046
0.00765
0.12426
0.36183
1.76359
0.00308
0.12704
0.02718
0.00164
0.38712
0.00526
0.00406
0.00029
0.79073
0.44757
0.75029
0.00224
0.34410
0.04625
0.68697
0.47791
0.19934
0.00149
0.00007
1.96358
0.53265
0.00002
1.91522
0.62640
0.32691
0.00004
0.15349
0.00440
1.97569
0.48604
1.60757
0.68705
0.03063
1.27184
0.00030
0.00480
1.41403
0.92434
2.35363
2.03247
1.90477
0.00165
0.00036
2.31416
1.55895
1.25743
0.11948
0.14787
1.15901
0.53535
0.09641
0.01266
0.42470
0.06611
0.11942
0.00002
1.95831
1.10307
0.06771
0.04562
0.00318
1.51392
0.00011
0.00368
3.03492
0.55658
1.44823
0.89846
0.02349
0.13448
0.69440
0.00062
2.98209
0.70409
0.21353
0.00759
2.38647
0.04314
0.08560
0.01651
0.57800
0.00001
0.07120
0.07921
1.08913
0.97829
0.00914
0.00000
1.50888
0.04261
0.00000
1.49536
0.00000
0.74604
0.70240
1.24094
0.00092
0.00005
0.00128
0.00370
0.01066
1.34372
1.96015
2.30665
0.53896
0.42160
0.23257
0.75436
0.20689
0.37709
0.00167
0.57584
1.04824
2.19454
0.00010
2.27719
0.00038
0.33155
1.21494
0.01879
3.12191
0.84297
0.00328
0.00144
0.00134
1.85407
0.19218
0.09161
0.00213
0.13421
0.01147
0.09226
0.01466
0.00004
0.70119
0.02710
0.49184
0.03509
0.03698
1.37889
0.00013
0.36701
0.08083
1.49279
0.00000
0.00354
0.73391
0.09681
0.00002
0.89623
0.58885
1.19087
0.03356
0.00901
0.00889
1.13617
0.08195
0.47115
0.00000
0.14738
0.26230
0.00487
0.04766
0.00131
0.30079
0.01826
0.00009
0.15800
0.13817
0.00286
0.17750
0.00001
0.72623
1.69854
1.27127
0.00271
0.13609
0.00188
0.00137
0.00002
0.00033
2.57450
0.00001
1.80793
0.01230
0.82060
1.00412
0.00780
0.09604
0.00002
0.50740
0.00034
1.33817
0.28174
0.04127
0.02502
0.80932
2.73601
0.41670
0.03057
0.00006
2.39447
0.00005
1.92086
0.34775
0.55599
0.38068
1.66725
0.16352
0.00403
0.50420
0.00003
2.90369
0.15779
1.54905
0.03424
2.14217
0.04460
0.00889
0.11965
1.57502
0.00378
1.79541
1.20325
0.08789
0.00652
0.00003
0.05543
0.11561
1.26088
0.00024
0.30154
0.05141
0.00010
0.52381
0.00040
0.40450
0.00002
0.06122
2.01235
0.00112
0.79679
0.00009
0.00001
0.00101
0.00006
0.00078
0.00012
0.27619
1.53811
0.02037
0.55792
0.57597
0.72034
1.16432
0.01568
0.00000
1.21427
0.00015
2.42557
0.35470
1.77882
0.73536
0.02638
0.02954
0.00761
0.00770
0.76225
0.00036
0.16157
2.03683
0.05101
1.90316
0.04617
0.00481
0.37393
0.36959
0.17959
0.03083
2.73371
0.00002
1.28238
0.07586
0.04671
0.57418
1.64727
1.47344
0.08231
0.18993
0.05438
0.75398
0.01127
0.07773
0.07750
0.05549
0.00129
1.08190
0.01168
0.02906
2.90033
0.02085
0.83356
0.34517
0.00335
0.00576
1.45880
0.21083
0.00001
0.00000
0.01145
0.74882
1.03499
0.02286
2.53984
0.30337
0.01576
0.00201
0.27217
0.00475
0.00005
0.25177
0.01186
0.08245
0.00524
0.00007
0.37406
0.00004
0.10209
0.06744
1.05388
0.00057
0.08685
1.67437
0.00003
0.00034
0.13833
1.45363
0.91747
0.00124
0.14126
0.76445
0.96460
0.03742
0.29160
0.03592
2.75779
0.95844
0.85700
0.02592
0.68237
1.21747
1.66412
0.26212
1.65192
1.92994
2.92585
0.00006
0.45703
0.00000
0.77723
0.00001
2.60310
0.56109
0.26926
0.53669
0.52557
1.13355
1.66224
0.00017
0.11905
0.00024
0.00053
0.03692
1.79083
0.57000
1.81900
0.00015
1.12083
0.02567
0.00000
0.92055
0.08290
0.03921
2.64107
0.02679
1.50999
0.00695
0.19403
0.00009
0.83699
0.08058
2.88406
0.00048
0.00111
0.19823
0.02710
2.39330
2.33435
2.95869
1.39182
0.31497
0.00617
0.00010
1.23589
0.02186
0.00133
2.06415
0.08223
0.77112
1.07623
2.96070
0.00436
0.95002
0.91599
0.06183
0.40780
0.00000
0.00030
0.63767
0.00728
1.04244
0.00008
0.00000
2.97118
0.13033
0.01248
1.42076
0.71468
0.03644
1.22206
0.52737
0.44100
0.00022
0.31862
0.00767
0.60590
0.00057
0.49378
0.22106
0.81881
0.00014
0.16171
0.98724
0.01457
2.19932
1.13771
0.01198
1.15915
2.40881
1.40596
0.00178
0.22661
0.00000
0.02704
0.00051
0.89590
0.00000
1.67128
0.00010
1.33148
0.00001
0.03866
0.04366
0.40684
0.04235
0.02999
1.17465
0.00392
0.00012
3.18435
3.02067
0.62122
0.00195
0.04415
0.07223
2.57638
0.00366
1.27554
0.00008
1.56089
0.05990
0.00028
0.00000
0.98643
0.00481
0.32166
2.78556
0.01642
0.92987
1.23916
0.00057
0.65549
1.77607
0.00981
0.01654
0.15564
1.41067
0.00044
1.67289
1.39260
0.00003
0.01387
0.09918
0.22468
0.04522
0.00076
1.88762
0.12035
0.00000
0.00002
2.46315
0.00509
0.64833
2.16012
1.76232
1.94592
1.12667
1.04250
1.01139
1.84737
0.00330
0.06374
1.86492
0.37189
0.00213
0.95766
0.61736
0.00243
0.13301
1.35852
0.00167
1.91169
0.05622
0.30430
2.80500
1.54010
0.00945
1.57411
2.64484
0.00054
0.39951
0.03145
0.45540
0.00009
0.14055
0.33441
0.00004
1.97898
1.79195
0.56208
0.00009
0.00001
0.53606
0.00048
0.00054
0.04331
0.40236
0.02122
0.87702
0.00025
0.22850
0.73955
0.44555
0.09896
0.04309
1.13602
0.58592
0.33485
0.02517
0.20163
0.00074
0.00220
0.05332
0.00000
0.00036
0.00094
0.00139
0.08001
0.24032
1.90553
0.62415
0.00028
0.83970
0.19796
0.14205
0.01096
0.22124
0.00006
1.12805
0.00000
0.27985
0.82499
0.12851
0.03493
0.50469
0.00070
0.03463
0.00218
0.02820
0.11024
0.03989
0.96040
0.04313
0.23074
0.00262
0.00496
0.27750
0.01078
0.76572
0.00213
0.01968
0.00194
0.23560
0.59324
2.83531
0.00073
0.53588
1.39420
0.13208
0.91925
2.33332
0.02179
2.57847
1.56387
1.18019
0.18590
0.40242
0.00284
0.04203
0.00023
0.00199
0.00000
0.01315
1.80638
0.99342
0.00218
0.00076
1.53556
0.12796
0.16588
1.35104
0.13840
2.59616
1.07865
1.85758
0.25312
2.39997
2.45915
0.00086
0.13997
0.00043
0.15163
0.55223
1.05764
0.00255
0.00013
0.06538
0.02285
0.00000
0.56293
0.00007
0.00200
0.43796
0.74617
0.00139
0.00000
0.00127
0.00000
0.01744
0.00296
0.25373
0.01975
2.25906
0.24324
0.33758
0.05572
0.00000
2.32910
2.55000
0.21291
0.00280
1.20625
1.18244
0.00000
0.01800
0.00232
2.39365
0.02461
0.42150
1.68573
0.00695
2.88100
0.01948
0.00021
0.84513
0.00010
0.00000
0.26387
0.00032
1.02236
0.02721
0.00298
0.14553
0.32198
0.21585
0.00095
0.00036
0.01589
0.42331
0.18771
1.11877
0.36731
2.17574
0.14927
0.00000
0.01479
1.16842
0.31361
0.01510
0.33379
0.89983
3.10488
0.00001
0.28257
0.00782
0.01134
0.00000
0.00051
0.00021
1.51157
0.18091
0.05395
0.62469
0.00000
0.37387
3.08084
0.12752
0.82892
0.07761
0.01006
0.02722
0.00377
1.59037
0.00001
0.95390
0.28120
0.00385
2.27316
0.00055
0.00000
0.00007
0.05881
0.14617
1.81446
0.01697
0.54136
0.00616
2.39277
0.65383
0.25623
0.00001
0.00540
0.03618
0.00013
0.78896
0.00001
0.74643
0.05502
0.00000
0.15103
1.64149
0.05759
0.06248
0.66733
0.10151
0.02457
1.21643
0.27005
1.69796
0.75285
0.00466
0.00004
1.15063
0.26228
0.07757
0.28343
2.73421
0.00073
0.00002
0.01196
2.54657
0.59974
0.00004
0.10919
0.04714
1.11119
0.08382
0.71529
0.87620
0.74128
1.57297
0.00090
0.00004
0.00160
2.01002
0.83508
0.00000
0.45482
0.75211
0.17842
0.00140
0.00067
0.13245
0.00174
0.00403
0.01153
0.00000
0.07133
0.00106
1.73526
0.00041
1.31213
0.65589
0.00262
0.20085
0.07755
0.87916
0.00012
0.02275
1.97585
0.00001
0.00000
1.24271
0.07825
0.80966
0.05086
0.00117
0.84298
2.29569
0.18377
2.46312
2.01651
0.01045
0.00015
0.00010
0.57157
0.15155
1.20214
0.12288
0.00271
2.84159
0.00798
0.08953
0.98750
2.26411
0.00894
2.76663
0.05743
0.00009
0.15448
0.01677
1.78242
0.55267
0.43875
0.87960
1.29427
1.09224
0.30654
1.25502
0.00358
0.56690
0.01360
0.09832
0.00059
0.00013
2.50913
0.61291
0.13323
0.58597
0.00002
1.74139
0.76523
0.27446
0.43205
1.75226
0.00001
1.07786
0.00065
0.37208
0.01257
0.01680
0.00124
0.00252
0.10407
0.00145
0.00014
0.00201
0.00077
2.71369
0.00029
0.11648
2.35253
1.74861
0.05790
0.02480
2.10849
0.00108
1.17481
0.11822
0.31154
1.80388
2.31205
0.50757
0.00153
0.00339
0.12112
1.00303
1.00356
0.62824
0.04480
0.37081
0.15623
3.12702
0.44652
0.00044
2.17820
0.00488
1.38562
0.19705
0.00368
0.04596
0.93187
1.60476
0.05600
0.13164
0.28710
2.59750
0.48445
0.14925
0.00032
0.00124
0.16392
0.00000
0.00063
0.00341
2.43805
0.00016
0.36367
0.70655
0.00000
1.76681
0.00000
0.00479
0.29712
0.00000
0.09544
0.37260
0.00042
0.70144
0.00060
1.50260
0.00066
0.07110
0.63872
0.00001
1.89219
0.00022
0.00313
0.00306
0.00084
0.53894
0.41654
0.00061
1.96614
0.64603
0.99844
0.12882
0.30825
1.54834
0.70185
0.40300
0.66946
0.00490
1.19111
0.00031
2.41227
0.17695
0.00032
0.03970
2.69692
0.00004
0.08820
0.00269
0.00092
0.12869
0.99853
0.68654
0.00862
0.95877
0.86207
1.05618
0.00274
1.66136
1.04736
0.26544
0.04477
0.00095
0.00512
0.56026
0.00000
0.03095
0.00001
1.99426
0.00000
1.68762
0.05127
1.30697
0.01249
0.00000
0.72773
0.01667
2.11105
0.00025
2.43453
0.00014
1.37617
2.10542
0.81270
1.02751
1.17791
2.20988
0.00129
0.00719
0.00268
2.99249
1.14814
0.02706
1.18813
0.69016
0.00062
0.15194
1.63866
0.00624
1.46287
0.00000
0.00001
0.00031
0.00601
1.80401
0.13659
0.16608
0.06033
0.33269
0.87022
0.00242
0.00018
0.00001
0.00002
0.03737
0.00048
0.95250
0.00315
0.53237
0.05053
1.39998
0.26962
0.09418
0.31978
0.80338
1.81169
0.00004
0.01788
0.03492
0.00067
0.00001
0.00057
0.00012
0.29727
0.67249
0.45813
0.06962
0.06012
2.30390
0.13420
0.08020
0.90908
0.00000
0.00001
2.77131
1.53247
0.49466
0.39743
0.00205
0.00000
0.00401
0.83518
0.05691
0.94697
0.00078
0.02200
0.00998
0.01562
3.37668
2.13358
3.00587
0.83702
0.10431
0.00871
2.19849
0.21132
0.00000
0.02974
0.00000
0.00010
1.00340
0.00002
0.68503
0.57855
0.01485
0.61294
0.00000
1.40303
0.40927
0.00155
0.07616
0.00375
0.00081
1.32325
1.03597
0.10880
0.00006
0.00004
0.01540
0.06917
0.00006
1.02236
0.36742
2.45045
0.21150
0.78572
0.00226
0.45515
0.60955
0.00895
1.43256
0.03723
0.05875
0.57886
0.00077
0.00245
0.00000
0.01578
0.51893
0.00018
0.03634
0.00682
1.36310
0.45037
0.00965
0.00141
0.10187
0.00082
0.00000
0.00225
0.76119
0.00550
1.30239
0.01071
0.63253
0.68633
0.02747
0.00004
0.55174
0.00006
0.68336
0.04974
0.22130
0.00007
0.45576
0.01192
2.06877
0.47234
0.26297
0.16387
1.46758
0.00006
0.02121
0.03974
0.77895
0.31756
0.00028
0.15450
0.00000
0.00274
2.15833
0.25235
0.11546
0.20094
0.80650
0.01396
0.00871
0.01640
0.07454
0.00210
0.00043
0.00002
0.00245
0.09466
0.95072
0.00005
0.35585
0.08523
0.00010
0.00000
0.00033
0.02327
0.00946
1.88664
0.00721
0.00021
0.01647
0.00011
0.00109
0.00015
0.01501
0.35582
0.16011
0.00998
1.48011
1.40386
1.67051
0.87403
0.00000
0.00003
0.40441
0.00011
0.00006
0.91433
0.00024
0.73028
0.00007
0.00990
1.80373
1.84644
0.00002
0.55554
0.00312
0.02583
0.09245
0.20912
0.05476
0.01090
0.00157
0.00008
0.00001
0.62907
0.15653
1.15915
0.00000
0.39843
0.09941
0.05359
1.03673
2.00637
0.33422
0.11558
1.11699
0.03492
0.29504
0.44139
0.33039
0.05402
0.01393
0.00120
2.74804
0.62725
0.02735
1.16764
0.06032
1.64174
0.04296
0.00379
1.47459
0.54925
0.00000
0.06699
0.80812
1.63957
0.00014
0.00005
2.36279
2.54337
0.00159
1.38276
2.32291
0.94945
0.01221
0.01473
1.11948
0.06477
0.01852
0.00051
0.76096
2.27978
1.53706
0.58121
3.03333
0.58302
0.27935
1.48040
0.04022
0.00075
0.07851
0.00337
0.02598
0.69854
2.68515
0.00001
1.65184
2.09564
0.81343
0.21517
0.00894
0.04961
0.92490
0.14019
0.26167
0.00202
0.00004
0.00000
0.91738
0.00007
1.34602
0.00081
0.00304
0.00869
0.16614
0.00141
0.92121
0.00507
0.62497
0.00002
0.04083
0.00499
0.19203
0.00122
0.82751
0.07512
0.05052
0.00084
0.08646
0.00008
0.69459
0.00001
0.00063
0.01539
1.70874
0.77784
0.46056
0.28976
0.00040
0.00001
0.00220
0.09918
0.00000
0.00000
0.11098
0.01874
0.00000
0.25245
0.00000
0.00000
0.00000
0.00029
0.00016
0.00000
0.00000
0.00006
0.37389
0.00034
3.40530
0.04899
0.00006
0.00522
0.04003
0.56424
0.00237
1.59338
0.98182
1.47441
0.47821
0.00268
0.01469
0.00035
0.00001
0.09791
0.00000
0.05450
0.00000
2.42647
0.73130
0.00000
0.19364
0.00000
0.31213
0.00000
0.92814
0.00000
0.16248
1.65618
0.68633
0.35964
1.90276
0.02498
0.43372
0.04439
0.00000
2.22427
0.00001
0.22530
0.10438
0.07699
0.00432
0.01404
0.69726
0.00000
0.82294
0.00203
0.38785
1.51976
0.00028
0.06382
0.78859
0.50433
0.00007
0.00014
1.23177
0.03769
0.00073
0.09876
1.45082
0.73548
0.01196
0.07277
1.12862
2.56062
0.99112
0.98071
0.32979
1.46576
0.89589
0.25357
0.00000
0.82138
0.59832
1.01295
0.23950
0.70821
0.40365
0.54958
3.08748
1.70577
0.48788
0.52903
0.35092
0.31043
0.02632
0.01697
0.29892
0.00241
0.21922
2.71401
0.00003
0.22685
0.00029
0.00270
1.53258
0.90130
0.09684
0.00031
0.00072
0.00001
0.00864
0.00000
1.79117
0.01815
0.00005
1.77250
0.50546
0.35017
0.75753
0.00661
0.66185
1.98789
1.42762
0.01407
1.63608
0.00437
0.73250
0.09834
0.04165
0.00000
0.02074
1.34041
0.82937
1.76126
0.00217
0.00131
0.05774
0.00003
1.48916
0.08613
0.24783
0.64290
1.13538
0.00605
0.98529
1.02935
2.93379
0.00238
0.00009
0.00000
0.99885
0.83651
0.00379
0.12398
0.81950
2.51730
0.00148
0.00000
1.21405
2.01825
0.15091
0.57230
0.03407
0.79488
1.23806
2.92851
0.29068
0.00617
0.00696
0.12937
0.00224
0.00080
1.31563
0.21791
0.03007
0.03605
0.06234
0.00005
1.22644
0.00955
0.21033
0.42479
0.74223
0.00128
0.10581
0.00001
0.00154
1.25734
0.70959
0.74984
0.36187
2.30342
0.00050
0.00000
0.41380
0.41299
0.45671
0.00000
0.00078
1.20783
1.93512
0.57739
0.40210
0.84944
0.00252
1.15933
0.01628
0.50615
0.86843
0.32629
0.00035
0.13690
2.02511
1.21135
0.33975
0.72641
1.38183
0.00820
0.15600
0.00639
0.84951
0.00000
0.00005
0.00057
0.00159
0.95175
0.05410
1.88797
0.00991
0.00075
0.00606
0.84662
0.52166
2.95623
0.00000
0.36213
1.95374
1.47155
0.00819
0.00000
0.07342
0.09297
0.01019
0.00000
0.03622
0.00555
0.65379
0.32956
0.00208
0.00002
1.94959
0.72153
0.00808
0.00000
0.00206
0.02466
0.00094
0.00101
0.00125
0.00000
0.06522
0.48384
0.00000
2.43144
0.51281
1.23936
0.02970
0.04144
0.01393
0.71156
0.00216
0.00021
2.37632
0.75118
0.51934
0.00008
0.29966
1.74032
1.79170
0.00984
0.02576
3.15443
0.75193
0.00149
2.79022
0.00090
1.15908
0.02831
1.21880
3.10687
0.01244
2.10788
0.03331
0.00956
0.00784
0.16361
0.37444
0.10308
0.01215
0.04036
2.38753
0.10044
0.56856
1.21298
0.33202
1.65766
0.23147
1.54803
0.40108
0.04043
0.90651
0.00236
0.06124
0.00014
0.87160
2.72482
0.02561
0.05923
1.26199
2.94421
0.00008
0.00185
2.15320
0.00003
1.08114
0.58648
0.01408
0.00154
2.46765
0.39505
0.59861
0.00660
0.39620
0.00115
0.32483
0.07782
2.72950
0.00143
1.49333
0.00533
2.87438
0.41632
0.74691
2.28491
1.65820
0.55800
0.22315
1.16715
0.01136
0.01202
0.61437
0.09507
0.02251
1.38606
0.10468
0.00158
0.57025
0.00092
0.04423
0.94027
0.01227
1.95961
0.57547
2.33896
0.02824
0.00511
0.00000
0.96107
1.84537
1.23369
1.79898
0.64020
2.92192
1.43080
2.22818
0.00000
0.93668
0.18165
0.01267
1.53864
0.00264
0.00005
0.47095
0.17414
1.02205
2.18194
0.00454
0.00000
1.08169
0.01327
0.00005
2.65793
3.40878
1.64372
0.00238
0.03537
0.04878
0.05654
2.73845
0.21071
0.27715
2.05193
0.01402
0.62369
0.00003
1.75376
0.88986
0.60760
1.70318
3.46696
0.00269
0.03660
0.00295
0.55861
0.00001
0.01195
0.00276
0.48328
1.23410
0.66068
2.56049
0.39564
0.45864
0.01906
0.00140
2.64681
0.04658
0.00002
0.02436
1.11136
0.35378
0.00000
0.00261
0.38172
1.85481
0.28101
0.20824
0.82081
0.00533
0.00900
0.00000
0.08313
0.00000
1.51952
0.00075
0.08650
0.00112
0.47863
0.00551
0.00027
0.05149
0.00111
0.01811
0.00007
0.00000
0.39829
0.33347
0.41034
0.00676
0.00022
0.16233
0.02912
0.80234
0.03909
2.38847
2.05636
0.77269
0.23022
0.00003
1.37795
0.00188
0.75526
0.24267
0.00054
0.90024
0.00000
0.16523
2.79054
0.00551
0.03488
2.39550
0.17592
1.70855
0.40101
0.01346
1.51913
0.09721
0.01273
0.16574
0.00016
1.71116
0.22697
0.34755
0.10990
0.35636
0.25904
1.51149
2.80921
0.51616
0.03395
0.00140
0.00024
0.47122
0.03531
0.00094
0.00291
0.00144
0.00004
1.36631
2.03802
0.01121
0.10061
0.49871
0.00498
0.06937
0.92314
0.98769
1.22651
1.38843
0.00005
0.54194
0.00005
0.07738
0.22953
0.00007
1.01447
0.70367
0.00002
2.01709
0.00019
0.00000
1.88018
0.39494
2.97193
0.19508
0.27374
0.05101
0.61421
0.04221
1.11505
0.01548
0.03411
0.00124
0.35878
0.00059
0.57976
0.07878
0.16339
1.56100
3.01231
0.00001
0.00608
2.63833
2.34692
0.19580
0.00043
0.00943
0.49319
0.01641
1.76473
1.47388
0.71252
0.00000
0.01263
0.01671
0.19152
0.14336
0.72316
0.00017
0.04155
1.18690
0.66977
0.00339
0.00062
0.05378
0.00013
0.00003
3.16798
0.00020
0.77609
0.32280
0.00025
0.00000
0.00007
0.34019
1.55322
0.00983
1.27794
0.03728
0.00116
0.00027
0.70974
0.00000
1.30592
0.00001
0.00162
0.79873
2.32884
0.00025
1.15756
0.01455
0.89203
0.74284
1.25333
0.21443
0.05927
1.03295
1.19651
0.00003
0.00000
0.03706
0.00005
0.26822
1.69687
0.67450
0.00000
1.29701
0.40334
0.88439
0.02159
1.41184
0.07069
0.04447
0.30854
0.00301
0.00007
0.21554
0.09230
0.41252
0.00001
0.00000
0.00011
0.47937
0.95648
0.41105
0.21613
1.43517
0.02111
0.00663
0.00022
1.71677
0.00072
0.00560
2.27840
1.74078
0.00007
0.00232
0.07800
0.00055
0.96367
1.84308
1.74064
2.44703
0.00452
1.71523
0.20495
0.03226
0.23703
0.00061
0.38723
0.00719
0.00029
0.00030
0.66641
0.00000
0.01884
0.06945
0.00368
0.00001
0.00042
0.18143
0.02899
0.00526
1.44964
0.00000
0.86417
0.07786
0.00141
0.83497
1.10995
0.00084
0.37201
1.01051
0.02636
1.65860
0.00849
0.97954
1.40480
0.12089
0.00009
0.09500
0.00772
0.81569
0.50779
1.45654
0.67811
1.47522
0.00004
0.00159
0.00000
0.03604
0.69761
0.00007
0.00060
0.00000
0.00000
0.00048
0.06402
0.00046
1.53865
0.00873
0.58875
0.78505
0.00031
0.00219
0.00284
1.24041
0.00049
0.58248
0.01357
0.00161
0.08182
0.26398
1.48316
0.00485
0.62608
0.00447
0.73945
1.99678
0.72387
0.49105
2.31469
1.34254
0.00105
0.87174
0.00960
0.00013
0.00000
0.01216
3.09895
0.00046
0.00067
0.00099
0.00279
0.00000
2.25121
0.03999
0.00556
0.78675
0.05209
0.79835
0.24953
1.17243
0.01253
0.00022
0.48853
1.95145
0.00009
0.00837
0.86989
0.02214
0.00001
3.24312
0.34026
0.47783
0.02242
1.92994
0.75056
0.52914
0.02564
2.20326
1.10376
1.41670
0.00599
0.00024
0.06992
1.18999
0.20689
0.00440
0.97000
0.00075
0.50253
0.94097
0.00605
1.34395
0.81139
0.09896
1.31880
0.00001
0.15024
0.00014
0.00003
0.05163
0.00359
0.32829
0.67751
0.02046
0.00573
0.01346
0.01019
0.00004
0.00000
0.05370
0.23372
0.62770
0.07448
0.35572
1.75928
1.07710
0.33257
0.08026
0.03131
0.00000
0.00182
0.15673
0.00002
0.51304
0.85023
0.00100
0.00220
0.79863
2.16073
0.00763
0.00081
0.00001
1.23215
0.00000
1.22173
0.17063
0.39659
0.39848
0.00568
0.00220
0.00629
0.00606
2.01844
2.22921
0.40058
0.01419
0.00761
0.00159
0.02242
0.02761
0.00048
2.67267
0.31107
0.56573
0.00535
1.73845
0.05694
0.00001
1.13386
0.03370
0.00000
0.00019
0.00000
0.00000
2.02814
1.68848
1.31985
0.70030
0.00035
0.00018
0.29193
0.00078
1.52418
2.42145
0.00080
0.93476
0.08643
0.38752
0.56905
0.01747
0.14795
0.39707
2.52435
1.10781
1.83284
0.73630
2.80870
0.13426
0.00014
1.68240
0.24873
0.00264
0.99826
0.59785
0.00191
1.89283
0.00048
0.05695
0.46724
1.98195
0.01170
0.05039
0.82405
0.00790
0.00000
0.00232
1.44432
0.19635
0.00110
0.38029
0.39990
0.20767
0.00037
1.75380
0.00018
0.10615
0.00000
0.00006
0.05600
0.00276
1.33377
0.00000
0.00028
0.15848
0.00010
1.57095
0.00008
0.03347
0.00067
0.00066
0.00300
0.04451
0.00846
0.02191
0.32932
0.01817
0.50600
0.00433
0.11474
0.00017
1.43325
0.03366
1.06339
0.00005
0.54644
0.00288
0.00000
0.00034
0.07579
0.48050
0.07606
0.01889
1.07741
0.00000
1.10127
1.30191
0.00000
1.86463
1.52385
0.03117
1.63038
0.17765
0.02885
0.76228
0.16660
0.00000
0.16562
1.38929
0.01053
0.02582
1.14278
1.50741
0.10985
0.00001
0.27744
0.54863
0.04298
0.13669
0.40784
0.00000
0.00518
1.53373
0.12421
0.02319
0.26615
0.01342
0.00000
0.05161
0.02372
0.07299
0.07962
0.00001
0.00072
0.00000
0.00000
2.69392
2.02927
0.00376
0.00007
0.01738
1.54709
0.50060
0.46836
2.20870
1.14933
3.58791
1.05468
2.94773
0.01781
0.00000
0.00006
0.14440
0.00000
0.00155
1.96671
0.27457
1.38175
0.00086
0.16738
1.16712
1.01568
0.00463
0.09804
0.05815
0.00014
0.03149
0.84651
0.02420
1.29250
2.64781
0.00000
1.18679
0.64201
2.75367
1.96999
0.18815
1.82305
0.00053
0.07558
0.20298
0.11449
0.00000
0.24871
0.00038
0.84329
2.19308
0.44805
0.35134
0.00008
0.26526
0.00000
0.58059
0.02169
0.03822
3.11181
0.46905
0.00002
0.03758
0.00212
0.05915
0.00008
0.00084
0.00007
0.00103
0.00025
0.00042
0.64637
2.32736
0.03184
0.00225
1.62032
0.99636
0.19755
1.92846
0.04638
0.00001
1.13282
0.00000
0.00001
0.00374
2.23883
0.16754
1.10490
0.09276
1.23859
0.01985
2.76767
1.70295
2.19231
0.99410
0.12332
0.10374
1.87617
0.00554
0.00000
0.24399
0.06714
0.00790
0.00079
0.78801
0.58178
0.77119
0.64550
0.00856
2.20727
2.07400
0.00000
1.23440
0.01826
0.00354
0.00003
0.19271
1.05903
0.02022
0.26131
0.15904
0.02499
0.10251
1.09679
0.19364
0.00016
1.39332
0.00660
0.00058
0.13110
0.91239
1.11049
0.00011
1.63480
0.00085
0.74602
0.07939
0.20853
0.38598
1.76976
0.00005
0.00001
0.00007
0.87009
0.00079
0.00330
0.17485
0.00156
1.13957
1.41965
1.85521
0.37610
0.04207
0.12567
0.68366
2.39279
0.00000
1.45074
0.00198
0.14135
0.38719
2.72342
0.01600
1.25515
1.55574
0.74185
0.00000
0.83357
1.13648
0.04261
0.55206
0.08338
1.11171
2.52996
0.00214
1.35241
0.06141
0.09734
0.00006
0.50443
0.17998
0.00424
0.56566
0.00000
0.00044
0.83317
0.60534
0.13541
0.98487
0.40153
0.00000
2.37460
0.11601
0.09407
1.11228
0.50963
0.09707
0.00736
0.00011
0.00013
0.00000
0.00018
0.00027
0.58810
0.01378
0.00000
0.05662
0.00031
0.00005
2.72176
0.01439
1.07947
0.00005
2.82669
1.16078
0.06687
1.63800
0.04579
0.05003
0.00301
0.00000
0.18699
0.49053
0.47896
0.49382
0.05141
1.30367
1.83513
0.82939
2.42046
0.00007
0.00003
1.07664
0.73206
0.00149
0.01203
0.13923
0.15643
2.19520
0.06010
0.09312
0.12452
0.72434
0.00004
0.00007
0.00000
0.00031
0.03635
0.95689
0.05629
0.44127
0.62185
0.04315
0.00045
0.03022
0.14520
1.64884
0.33011
0.57733
0.00241
0.00911
0.55952
0.37716
0.24879
1.33267
0.00042
0.00007
0.01539
1.81816
0.02949
0.06418
0.01338
0.04186
0.00002
1.45575
0.87860
0.81192
0.00122
0.00051
0.91517
