2.96634
2.50753
3.53579
4.12590
0.65350
2.99120
3.89380
3.81224
1.57787
2.22450
4.03251
3.83244
2.31001
0.83305
1.98563
2.41091
2.05055
3.83483
0.59245
0.81442
3.26270
2.80441
3.45980
4.01025
3.47348
0.74133
0.13101
0.96675
3.39014
3.70281
0.60680
1.62918
2.98209
3.68193
3.23621
3.68708
3.26610
4.06070
3.87284
2.11525
3.30777
3.36208
2.32371
2.29128
0.41204
1.09629
3.17848
2.48035
3.93441
3.94056
4.10693
4.01248
0.30523
3.79029
2.56600
3.77292
2.31026
1.11201
3.44821
2.41210
3.43682
3.44902
3.70239
3.03188
3.61155
2.54705
3.23540
3.28140
3.43600
2.01924
3.94845
4.05357
3.93851
3.53877
3.10165
3.30825
0.15621
2.65761
3.40529
2.26864
1.39419
2.96365
0.99208
2.96310
3.55178
3.05311
1.24891
3.38253
3.77948
2.55371
1.69582
2.00350
3.93418
3.28921
3.05498
3.92723
3.94681
4.09197
3.04717
3.95490
3.62438
2.68675
3.43144
3.78085
3.67558
0.28900
0.10297
1.48444
3.55974
3.70503
2.34094
1.19488
3.89208
2.73351
2.84411
1.91186
1.96509
3.18005
3.11067
0.10564
3.37037
3.99716
3.19927
2.98729
1.41594
2.25367
3.86073
3.64513
2.78388
3.88113
2.84666
1.43289
2.90700
3.58245
3.80134
2.48703
1.84819
3.93552
1.72617
0.70008
3.54545
3.04148
1.60586
3.81036
3.49048
1.55625
3.23897
0.00820
2.50240
3.47828
3.06161
3.60800
3.77030
3.28113
3.81565
3.78757
2.44081
0.29232
3.72262
2.86156
3.57159
2.60624
3.26567
2.43682
4.00124
2.23830
1.78701
4.03771
3.24165
3.06540
3.34930
3.92956
3.93248
3.89942
2.14791
3.12418
3.57175
1.89139
2.20377
2.49712
1.48441
3.84123
2.06729
3.18635
3.76494
2.98765
4.04759
2.01784
3.14291
2.41097
2.52666
3.39373
3.53156
1.67913
0.68972
1.57086
2.94229
3.51643
2.75721
1.80506
2.27489
2.53789
0.85574
0.62463
3.71936
2.39772
3.81150
0.86681
3.55183
4.02387
2.91146
3.28413
3.77708
3.72260
2.96176
3.37229
3.27017
2.13145
3.15120
2.47910
0.81957
3.45759
3.35733
4.08482
3.84210
3.67692
0.72708
0.61453
3.92037
2.49448
3.82950
1.57900
2.52413
1.33090
3.83629
3.38277
4.00393
3.63036
0.03381
3.10606
0.71346
0.67247
3.79490
3.90656
3.40887
2.74483
3.34020
4.06408
3.74435
2.65940
3.52597
2.69189
3.57042
0.66082
3.65538
3.78267
3.22796
3.96095
3.66916
2.75769
3.19548
1.74622
3.55248
3.57918
3.82977
4.09271
3.58278
3.45512
3.37044
3.25148
2.72753
3.76880
2.94503
3.45416
3.64913
3.18775
2.36253
3.82678
2.20841
1.78346
2.88243
1.73413
3.33780
3.49798
2.05107
3.84800
2.91077
3.87057
3.46417
3.68571
3.31854
3.48510
2.65288
3.26651
3.11849
2.77312
3.17512
3.59327
3.27594
3.32794
3.39679
3.55700
3.04011
3.67291
3.37942
3.38459
0.46491
3.70552
3.75387
1.83398
3.85388
2.64537
1.00259
3.29161
3.36939
4.11286
3.96111
3.84522
1.33095
1.18170
2.46033
3.60227
3.98830
1.11496
2.71938
3.60567
3.76449
3.51946
1.90254
4.08792
1.51408
3.80680
1.99373
3.23120
3.72824
0.73617
2.37453
3.89981
2.79559
3.12595
2.51072
4.08910
2.63647
2.18843
2.33100
3.65536
2.73589
3.72418
3.59505
4.10029
3.01988
3.88453
3.44862
3.02706
2.38064
3.50313
3.46575
3.76405
3.77904
3.87934
3.15385
0.11849
3.25933
1.04008
2.74027
2.24941
3.90841
3.17406
3.88884
3.73637
3.24568
0.42648
3.41237
3.23482
2.72728
3.71185
2.29553
0.31549
0.14585
3.86917
3.65498
3.01209
0.75682
3.85519
2.05231
3.70159
3.21963
2.46179
2.92220
3.26151
3.77572
2.84607
3.89736
2.25364
3.90906
3.42947
3.84105
3.20994
1.85038
2.89743
3.95847
3.72229
3.93917
3.91139
3.80078
3.52877
1.76118
2.28631
3.94617
3.83272
3.36894
3.88524
1.68625
4.24452
3.80654
3.85949
4.06684
2.75290
2.88868
3.37127
3.92756
3.61035
3.67971
3.43313
1.89395
1.69955
3.79531
2.72720
3.57572
3.38079
3.41798
3.62195
2.18535
3.66995
3.90745
3.93217
3.65964
2.87119
3.04197
3.58756
2.03486
1.38369
3.70164
3.25190
3.48355
2.41919
3.51510
2.57436
3.22761
3.24270
2.63262
3.72242
1.80976
2.08984
3.94523
3.05418
3.77655
3.65440
3.31800
2.79787
2.56454
0.54400
2.19369
3.97623
2.57186
3.63352
2.65730
2.31366
2.42265
2.50877
2.17587
3.56876
3.63365
3.57826
3.70958
2.84981
3.43674
3.49152
4.00899
2.80478
2.50745
3.73180
3.63308
3.90915
3.09346
3.03409
3.09603
2.13390
3.90306
3.47473
3.64157
1.76144
3.48733
3.78020
3.43587
3.60026
3.80497
3.51928
3.49170
1.20911
3.59988
3.52152
3.69921
3.20272
3.15858
1.40483
3.08082
3.18061
0.67490
3.08964
2.30704
3.40455
3.52426
3.62164
1.84505
0.39259
2.20082
3.48331
2.06484
2.53596
3.58133
4.16399
4.09798
3.98172
1.20565
3.13572
1.79832
3.35068
2.93731
2.99553
4.20996
2.57729
1.07525
0.98658
3.10679
3.09403
2.32950
3.79581
1.97194
3.62704
3.65200
3.58559
2.78745
3.21058
3.54988
3.27530
2.11223
3.71728
2.43607
2.61626
3.39054
3.65687
1.54815
3.90556
3.10690
2.95550
2.19523
2.29831
3.63304
1.21353
3.92208
3.53524
2.43858
3.37941
4.07490
3.36532
1.98616
2.43842
3.27075
4.02027
3.47259
1.47676
4.08805
2.98911
3.62434
3.56724
3.88928
2.97879
3.94920
2.12869
3.81233
3.10584
1.91115
1.85051
2.44969
1.93943
3.24792
3.48811
3.35639
3.81618
3.57224
2.73134
2.23848
0.75638
3.01455
3.26252
4.00805
2.05524
3.51821
3.83469
4.13411
1.92851
2.29209
4.10206
3.77206
3.60246
3.99380
3.77767
3.50233
2.91695
3.10080
1.68684
2.71319
3.37364
2.63377
1.33058
3.72536
3.02912
0.86610
2.53301
3.45625
0.08752
1.51208
3.26199
2.77394
3.73048
1.89764
4.16310
2.96665
0.31548
4.05713
3.47381
3.58510
3.84591
2.29979
2.54408
1.95086
3.35318
3.49616
3.25642
4.03112
3.92941
3.47311
2.86490
1.89400
3.20174
4.18113
0.11969
3.11608
2.11964
3.69909
3.99773
2.57161
3.78956
3.68803
2.49775
3.73993
3.37522
3.79786
3.75482
3.49199
4.10073
1.80552
4.08430
1.63548
0.00172
2.18570
3.56015
3.28571
3.69802
3.59243
2.54878
1.26552
3.63637
4.12290
2.41034
3.87979
1.87145
4.04735
1.36985
3.33191
3.68342
3.68381
2.86058
2.85915
3.47557
2.96724
3.57679
3.39500
3.70832
3.59816
3.76251
2.70486
1.94319
3.74281
3.92713
3.69315
1.34853
2.48803
2.25095
3.42929
3.63074
3.64709
3.75027
3.48157
3.44029
3.16410
3.18036
3.89691
3.67981
3.73742
2.70877
3.63237
3.73436
0.28743
1.41870
3.72173
4.02256
2.63884
1.99494
3.99224
1.88920
0.45417
3.98899
3.79584
2.29757
1.39929
3.83936
1.09923
3.09628
1.83166
3.85837
3.71280
3.24959
0.15504
3.05906
2.89787
3.70155
2.10512
3.69357
3.32070
3.80069
3.54685
4.03799
2.64042
2.05939
3.76396
2.31437
3.72808
0.15229
3.51730
3.91287
2.74592
3.42484
3.81733
1.62295
3.77518
3.78136
3.79088
3.04069
3.97539
2.94720
3.29485
1.15915
3.70082
3.23997
3.30979
3.81479
0.99287
3.64286
1.85532
1.38430
1.32308
2.68416
3.42053
3.80521
1.96920
3.34726
3.31266
3.30488
1.91460
3.75229
3.99498
3.40396
2.50371
1.17940
1.08615
3.61289
0.50137
3.89301
1.26323
3.77492
3.45398
2.99105
3.83165
3.36764
2.60033
3.02560
2.51709
3.94777
3.47829
0.69806
2.96501
2.17564
3.08305
2.33877
2.66043
0.72717
3.63972
3.23024
3.29906
4.06836
3.85798
1.57483
3.41242
3.07871
3.09838
1.49689
4.15575
2.06375
2.33163
3.80515
3.41948
3.72298
3.33703
3.10434
1.77199
4.02601
3.36788
3.98472
2.75548
1.32949
3.93400
3.25345
3.39796
1.81434
2.70284
0.70224
3.96755
1.35396
3.20253
0.85632
3.26927
3.84642
3.36138
3.51260
3.85901
3.76946
1.67967
3.88896
3.18928
2.69135
3.75655
1.93604
3.95869
3.82702
3.62003
4.02868
3.67529
3.55168
4.04336
2.15939
1.14453
3.02795
1.37895
2.87020
3.71883
3.22941
1.15415
2.82348
3.91682
3.65479
3.63643
0.13853
3.16739
2.57123
3.61479
4.07259
2.50675
3.03388
3.90264
3.21862
1.61545
3.48062
3.19584
3.24695
4.03706
2.44158
3.43061
1.46076
2.17908
0.71253
3.32040
3.88040
1.52853
2.68683
0.28414
3.90635
3.16283
3.18888
3.12293
3.79589
3.83846
2.76632
3.34959
0.82177
3.83408
2.44911
2.30693
3.45351
3.44915
2.44606
2.25064
1.19994
1.95915
4.01411
3.43222
4.23035
3.85831
3.52699
3.99516
3.51222
3.17330
3.34299
3.07132
2.61707
3.57705
3.16048
3.53048
3.59401
3.24445
1.13608
3.08013
1.78937
3.38231
0.13650
3.74831
3.66271
1.56623
3.65985
1.15438
0.47638
2.22753
1.36358
1.73640
1.32391
2.51297
3.70537
3.76840
2.59003
2.97687
3.98310
2.03485
3.16789
3.02009
3.37121
1.79486
3.27346
1.57039
3.39389
3.70804
2.06116
3.47458
3.74768
2.93601
3.35569
1.51471
2.59185
2.88619
3.37749
0.37626
3.60063
2.22099
2.05477
3.58294
2.86373
4.10154
1.86035
2.03633
4.24856
3.62274
2.46239
2.51010
3.48654
2.87387
3.48453
3.69725
3.66172
4.25452
3.68680
2.04448
2.81937
3.70436
3.24701
3.81481
4.09723
3.56656
3.62710
1.66121
3.98148
4.00982
1.82888
1.86389
3.16064
3.63801
4.18880
2.57205
3.89043
1.25703
3.60438
2.84559
3.45947
3.46713
4.02725
3.28817
1.68477
3.37904
4.04283
3.23569
2.30158
3.96154
1.30347
3.86082
2.70742
1.18069
3.24351
2.50401
0.43379
3.95634
1.64585
3.01374
2.96717
3.22318
3.76727
3.67642
3.49458
2.21923
3.10888
3.36508
2.20658
3.58841
2.54924
2.26693
1.97935
3.34530
2.20467
3.72003
4.01612
2.54857
2.84296
3.36547
3.32764
3.62951
2.35911
2.09067
3.73170
1.93604
3.38597
3.66379
3.98235
3.78798
3.94703
2.56818
2.38603
1.79036
3.54926
2.18774
3.71319
2.92016
2.90283
2.51172
3.58088
3.86061
1.92828
3.48096
2.53240
1.58496
2.67404
2.10806
3.94962
3.30368
3.55180
3.52004
1.91861
3.64991
3.68002
0.64140
3.51066
3.28239
1.83594
3.61918
3.92150
4.04162
2.67367
3.87937
2.15047
1.62697
1.23195
3.70021
2.69745
3.07598
3.66280
4.06584
3.21592
0.02103
3.93523
1.76197
1.08857
3.49717
1.77483
2.99543
3.08822
3.44336
2.62562
3.60352
2.16357
2.88615
3.22613
3.96944
3.30583
3.56316
3.46364
3.75446
3.97777
3.20296
3.76790
3.99756
3.49681
2.17495
3.29916
2.63356
3.59767
3.67570
3.77488
3.22074
3.04407
0.51940
2.69031
3.81433
3.68525
3.83387
2.94423
1.76794
3.55512
1.16559
1.99994
3.32784
3.64597
3.20679
3.31714
3.03276
3.04301
3.34386
2.40263
3.73262
1.58727
4.09208
1.43932
1.44849
2.03396
4.05246
2.69097
4.02569
2.96653
3.14331
3.67506
2.94858
3.28233
3.56076
3.63095
3.57854
3.19760
3.34027
2.57236
2.77201
3.89913
3.85571
3.17511
0.29941
3.68549
2.85321
2.93051
3.70385
3.58305
3.53634
3.19547
3.52774
4.19002
2.93634
3.42996
3.66664
3.36260
3.67370
2.27143
2.86080
3.33716
3.25016
3.39270
1.59696
2.52646
3.15317
3.97260
3.76762
3.51930
1.46395
2.35297
2.01106
3.63489
4.01438
2.56972
3.55670
3.67389
2.57712
0.91374
2.83710
3.43120
4.06713
3.82739
3.38734
3.83160
3.38339
2.14489
3.01974
1.10935
3.23573
1.07844
3.40551
3.27952
2.23756
2.35467
3.61264
3.25648
2.56057
3.50775
2.56376
0.95178
1.44788
2.33623
3.03704
3.87780
3.49928
3.99061
3.00318
3.30857
2.57269
3.02881
2.69528
2.49941
2.99525
2.68773
3.47311
3.15196
3.65174
3.83971
3.44727
2.64101
3.38128
3.77760
2.33322
3.18689
3.69327
3.24691
3.00191
3.95048
0.00456
0.80700
3.61306
4.01920
1.75401
0.94107
2.89198
2.20428
3.48605
4.12846
3.01228
3.32540
3.27850
3.80385
3.48341
2.09729
3.96193
3.86047
3.39006
3.89126
2.53456
1.47345
1.25514
3.98899
3.15940
2.42297
3.71506
2.77185
2.33546
2.60105
3.29089
2.69935
3.36640
3.69132
3.79483
3.62520
3.79015
3.50989
3.55747
3.07275
3.58255
3.82380
1.36074
2.98681
2.91627
1.90745
3.52809
3.30158
3.66238
3.50325
3.58411
3.83847
3.62855
1.28560
0.53104
3.89061
2.91229
2.77381
2.71729
2.34758
1.30451
3.47711
3.10658
2.46767
3.94295
2.93991
3.34857
2.95669
3.70006
2.38007
3.99123
1.45036
4.07971
1.71921
1.71741
3.88578
3.54312
0.23852
2.33962
3.87924
0.24324
3.62468
3.88114
2.57074
3.41673
3.41908
2.99550
3.72331
3.98718
3.96389
1.16453
0.31213
3.23328
1.94195
3.36025
3.64073
0.90315
2.12247
0.07030
2.33243
0.86831
2.73009
3.79148
3.55832
2.45137
2.02363
3.66377
3.99817
3.84039
0.67347
3.06031
3.89942
2.94090
3.80054
3.78127
3.73021
1.60820
3.25485
2.70838
3.69657
3.39061
2.88828
3.97128
3.05092
3.51750
2.70996
3.13451
3.42035
2.64020
1.48565
3.83640
3.21164
3.55183
1.98683
1.83266
3.70766
3.78962
1.80341
3.74433
3.37996
1.86591
3.56829
2.86058
3.30021
4.01701
3.14982
3.48173
3.59573
3.94356
3.80453
0.88467
0.39829
2.43839
1.14666
3.90120
2.38040
3.50657
3.43150
2.36727
3.93665
2.87613
3.51905
2.94384
2.84814
1.05578
3.51998
3.96004
3.69272
3.50834
2.98696
0.98932
1.81591
2.13620
3.35922
0.96131
3.73577
3.74402
2.66958
3.70053
3.78437
3.35728
2.47805
3.16053
2.41232
3.24353
3.43732
3.50171
1.96253
3.74449
4.09353
3.53057
2.17004
1.84636
1.00501
3.16453
1.91769
3.91494
2.65526
3.85085
3.52366
2.79104
3.30195
2.94343
3.67188
3.51059
0.88273
0.35440
2.98157
2.78563
3.14100
3.87902
2.46160
3.92244
2.43444
2.25956
3.48842
3.27110
3.12032
4.13318
3.47805
3.90594
1.15260
2.33530
2.52237
2.71174
3.26195
3.93287
2.46101
3.42751
3.76409
2.68830
0.33651
3.59455
2.82693
3.90880
3.89452
3.68423
2.80425
3.59405
4.09415
3.70007
3.72180
2.68594
2.48118
0.87596
3.55671
3.05625
3.90109
3.30005
3.70072
0.97253
3.35339
3.13469
3.68868
3.01027
3.49854
3.54880
3.72817
3.76112
4.06301
4.02773
0.46379
3.26428
4.05284
0.64312
3.89172
3.83236
3.62193
4.12085
1.87888
2.93501
1.66522
3.32642
2.59534
3.90310
1.89711
1.79260
3.03133
3.20351
3.44683
2.95695
3.27747
0.98129
3.94181
2.91294
3.67163
3.12408
3.27104
2.29824
3.68476
2.04011
3.43369
3.21798
2.93055
3.28830
3.37003
2.27348
3.56542
1.78190
2.35967
3.73225
3.24166
1.86767
3.82097
1.80033
3.55373
3.72810
3.46908
3.95232
3.69684
1.78689
3.03493
3.30597
2.95449
1.29077
2.09147
2.80467
3.78543
1.31473
3.67358
3.56444
3.80005
3.06972
3.64686
3.91871
1.53599
3.35389
3.95479
0.97393
1.20783
3.18367
1.18886
2.46811
3.50252
3.14312
0.37835
2.61186
3.45640
3.88028
3.84496
2.44375
3.38873
0.10582
2.84921
2.77586
3.10196
3.87626
3.73576
2.32331
3.84716
3.21880
4.12853
3.41609
2.51320
3.59575
3.66438
1.71947
3.02517
3.69913
3.82077
4.08430
0.87037
3.25075
1.45613
1.25555
3.50284
2.45175
2.85658
3.97517
2.94525
3.64319
3.65849
2.85838
1.22131
2.52652
2.65734
2.83022
0.68731
3.35374
3.80851
3.17158
3.83882
2.95044
3.07305
3.47704
3.85575
1.82815
3.67111
0.22222
2.99071
4.00768
3.93331
3.82897
1.74221
1.09566
0.37017
2.33100
3.78543
2.23482
3.09758
3.75384
2.99332
2.25818
1.08873
3.76479
3.47458
3.99135
2.08556
3.77062
4.13133
1.33727
0.33039
3.94707
1.77953
3.41360
3.57260
3.09192
2.63466
3.43782
2.74823
2.14895
3.99228
3.42040
3.95596
3.47631
4.18411
1.97603
2.73702
3.41911
1.90039
3.81862
1.26855
3.25833
3.37360
3.70968
2.14572
3.06817
2.14773
3.02569
3.67034
4.08110
3.99819
0.48433
3.27127
3.28506
3.12757
4.10742
3.73272
3.20295
0.51670
1.33836
3.93542
2.16249
3.84719
2.07893
2.75429
2.89434
3.91033
1.66328
3.74487
2.63913
3.57496
3.42272
3.69991
2.96881
3.74412
3.52604
3.79269
3.62550
3.48671
2.12869
3.53457
2.36663
3.78579
0.44833
2.87944
2.95699
2.77173
0.94502
1.23809
2.46028
2.57294
3.82544
3.77977
2.29686
1.14727
2.20809
2.72842
3.69983
3.35902
3.43947
3.62252
3.73776
4.09122
3.05662
3.38402
3.62979
2.82033
3.96821
1.82408
3.41442
2.86441
1.90296
3.84778
2.74276
2.63720
2.33801
2.99302
3.29379
2.56049
3.40818
3.24371
1.93414
3.48019
3.77491
3.69670
3.84805
0.71023
2.21776
3.93889
3.20438
3.19613
0.78681
3.70682
3.77187
2.66790
4.07048
2.67945
3.03460
3.78239
3.69670
3.95493
3.45720
2.97126
3.80925
3.89605
3.87235
4.08337
0.88449
1.99113
3.94905
4.03692
3.62511
3.02391
2.61069
3.54214
3.55157
3.95910
3.54049
2.34674
3.38628
4.07411
1.51508
3.40855
2.79889
2.25902
3.69422
3.88025
3.22109
1.86613
3.90247
1.88947
4.02905
3.13473
2.14281
3.58938
1.92843
2.77564
1.72380
2.71495
3.84416
2.28314
3.25092
0.67706
3.83259
3.24565
1.19339
3.47105
2.08130
3.87621
1.90916
1.94223
0.24249
3.91564
3.62334
2.09812
3.75113
3.01554
2.63195
2.55994
2.98951
2.96089
0.08067
3.69184
3.10362
0.82447
1.36962
4.03697
2.62315
1.09433
3.53186
3.56941
2.89622
3.04797
3.51330
3.03122
1.61406
1.38925
2.78328
2.65980
2.22425
3.90390
1.66268
1.96273
2.43073
1.35432
3.15368
3.33526
3.83845
3.64850
2.98298
2.35400
3.14009
3.79645
3.15927
3.46213
0.14411
1.25098
1.90188
3.67918
3.93087
0.84482
3.07964
2.83528
3.54066
3.37584
3.60566
3.80029
4.05073
1.01143
2.65165
2.22951
3.69364
3.53519
1.70895
0.68299
1.47098
1.88556
3.71903
3.70860
3.25643
2.79515
3.58986
3.64472
1.61923
4.04999
3.68385
3.31942
3.81448
3.71792
3.76418
0.36728
2.82060
3.15035
3.26249
3.07920
3.13636
2.19476
1.96183
0.73167
3.72267
2.16445
3.94190
3.47463
3.40552
2.76329
3.26887
3.35351
3.65224
0.99690
1.47162
3.71000
3.79649
1.43370
3.46149
3.46545
2.77504
3.89636
3.80654
3.22012
3.59327
2.87165
3.38810
3.92299
3.37710
1.09141
3.85144
3.52955
2.12858
0.04385
3.92817
3.88318
0.10490
2.18202
1.27688
3.04932
1.38880
2.94163
3.17367
3.87299
1.46676
1.58580
3.43655
3.93480
3.01774
3.85584
3.65245
3.59579
0.62928
3.02663
3.12816
2.77160
2.46366
3.46450
1.94019
3.86544
3.64711
3.60180
2.35250
3.60187
3.34414
3.75119
4.01758
2.34746
2.92937
2.26235
1.34802
2.23637
3.02246
3.95739
1.46403
3.71503
1.24239
3.21757
2.14344
3.75805
2.71335
1.95553
2.49749
1.96459
3.12793
2.74852
3.18623
0.06423
2.23903
1.93596
3.17129
3.66299
3.54178
0.56001
3.12859
3.14642
3.83745
3.78813
4.08761
3.57773
2.76183
2.28645
2.23763
2.83040
3.62124
3.79926
3.65404
0.38355
2.33041
2.59597
2.22728
3.69378
3.21807
3.27754
2.08081
3.84063
1.92026
1.42828
3.67962
3.75169
4.01071
3.68947
2.88351
1.03298
2.87903
0.01741
2.49110
3.60941
0.23890
3.69755
0.80751
2.99566
2.69922
4.04787
3.91083
3.35041
2.41716
3.49496
2.27577
3.34941
3.10372
3.60607
3.23008
3.02472
3.52250
3.65213
2.75144
1.47777
2.89040
3.93360
3.86563
1.87408
3.82223
1.52441
3.18209
2.55338
0.35122
2.06205
2.90629
2.98471
3.83234
1.37693
3.48704
3.40983
3.82286
3.66947
2.62280
3.73254
2.62126
2.63883
2.65437
3.44842
3.70839
4.02310
3.52651
3.34011
3.84917
3.58117
0.74660
4.08507
3.56409
1.38265
3.56631
3.71685
2.55521
0.94558
3.17560
3.72592
1.54800
4.07336
3.33985
2.23874
3.97253
3.47185
3.36601
3.44493
3.63126
3.90221
3.65380
2.81281
3.82729
3.83466
2.60450
2.28587
2.07371
0.95300
3.28497
1.43524
1.90707
3.10978
2.29186
3.51966
3.58576
2.94120
3.00841
3.42252
3.08150
3.73524
3.29151
1.75370
2.57073
4.12860
3.56781
0.64213
1.32854
3.53548
4.07467
3.71732
3.51223
1.43526
3.36291
0.25858
3.73204
2.36183
2.68791
3.22942
3.22884
3.99768
3.90267
3.35769
4.01605
3.26516
3.10219
3.51422
1.82295
2.84004
1.52344
3.62188
2.88321
3.98089
3.96335
2.17168
2.84076
0.54179
3.67012
2.53712
3.84559
3.36877
3.45199
1.91356
3.66696
2.17691
3.57244
0.88583
3.58389
1.76502
3.12598
3.63331
3.55421
4.00738
3.63529
3.67614
0.84002
2.28915
2.46039
3.30155
4.12495
3.26498
3.69213
3.78585
3.80553
3.55786
2.75460
1.23039
2.11167
3.52696
3.00294
4.02881
3.62864
2.51104
3.55463
3.66529
1.63115
1.89577
3.38209
3.13943
3.18910
3.92628
3.96024
0.82451
3.90022
2.74535
3.82140
3.41105
2.20668
0.36217
0.57521
3.70104
2.14655
1.24536
1.75916
3.48354
3.14125
3.33624
2.44305
2.40597
3.60537
0.45653
2.98329
3.13438
3.69503
2.29841
1.59019
2.91668
2.14913
1.00661
3.80991
1.64957
2.10954
2.95928
1.80963
3.60438
1.33450
2.42220
3.09255
3.31862
3.49236
3.62699
3.82274
2.62200
1.41325
0.97331
3.30802
3.98699
1.78251
3.92432
3.34430
2.30595
3.67263
3.65861
3.66544
3.81230
3.56347
2.09089
2.84283
3.64799
1.23292
2.66487
3.75674
3.11786
3.79044
2.62605
3.21881
2.30802
1.61378
2.34724
3.87769
2.59130
3.08162
3.68898
3.86216
3.21294
3.02620
3.77816
1.36262
3.92918
3.67195
0.36548
3.85735
4.06260
3.88895
3.42977
4.00645
1.63632
1.45626
3.05648
3.23068
3.45555
3.99025
4.01877
2.43255
3.20744
2.02517
1.23254
3.07242
2.16447
1.51326
3.09650
1.90078
3.86378
3.85660
3.79530
2.55867
3.75246
3.65565
0.34157
3.44360
3.68405
3.18553
4.04254
3.57896
3.02966
3.86305
1.90421
3.85621
4.13450
2.83269
3.90047
2.39410
3.54261
0.46382
3.81599
3.83708
2.08222
1.56252
1.59538
3.32668
3.65794
3.75980
3.20761
3.07176
2.75945
1.30256
3.62570
2.49807
3.73207
3.51343
2.95229
2.18411
3.49644
3.73656
2.96477
2.66074
0.97796
3.48993
0.52659
2.77109
3.34730
1.36449
2.95800
1.43519
3.90878
2.23959
1.75385
3.67869
2.55253
3.15959
3.17099
3.31593
2.50484
3.84442
2.74248
4.09327
3.06341
0.53715
2.81222
2.04433
2.12260
2.81453
0.96109
2.38835
3.75957
3.32399
4.05476
3.12007
3.74444
1.95157
1.35793
1.62489
3.67068
1.22026
2.13749
1.00357
3.71944
1.68623
3.80441
3.87451
3.84573
2.56114
1.59821
3.35878
3.06528
2.41361
2.66360
3.88129
3.16667
1.15818
4.12947
3.85450
3.58941
0.33676
3.37736
1.34407
3.93150
3.41203
3.17706
3.67121
2.49215
3.48977
2.46522
3.87014
2.48802
1.01065
1.98453
2.92203
2.22818
1.06511
3.02391
3.13938
3.92164
3.04320
3.49266
2.38528
1.04408
3.39825
3.91866
3.92150
3.45876
0.83650
1.35579
0.91006
3.76335
3.80487
1.21927
3.69476
3.84490
3.52859
2.11544
3.44638
2.63864
1.40357
3.59303
2.75235
4.21125
3.56827
3.45091
4.11659
3.16622
1.67205
4.04392
3.75372
3.86431
3.79841
3.16315
3.66354
2.75120
3.26315
2.59258
0.14323
3.43317
3.63262
2.70748
3.85438
3.27073
1.94292
2.31159
2.86341
3.16547
4.02528
2.80284
1.46217
2.98026
3.67465
3.78928
0.72153
1.33090
2.97989
3.91799
2.27583
3.57908
0.79543
2.79249
2.77800
3.97717
3.47529
3.92644
2.44826
3.78766
3.67178
4.00790
3.59929
4.11488
2.86621
0.74268
2.96820
3.05644
1.47491
3.55876
3.87621
2.68123
1.77005
3.10669
2.41376
2.01554
3.63551
2.68282
3.45300
2.84590
0.76996
0.16106
3.98339
2.82364
3.62418
3.81344
3.82273
0.09707
3.61356
2.79069
3.67685
2.82070
1.92778
1.45299
3.22449
3.27703
3.82915
3.74185
2.63229
2.19990
2.50345
3.48641
1.98848
3.29221
0.96911
3.62918
3.74135
3.06199
2.54387
3.59475
3.53131
4.01210
2.42763
2.35417
2.49810
4.11966
1.91779
1.62820
1.70298
2.25020
2.94596
3.37915
3.58057
3.36078
2.47491
4.13154
3.57255
3.16383
3.24891
3.89662
2.61062
1.66189
3.83593
2.66544
1.81527
3.59775
1.19631
3.65748
3.70291
3.69273
3.85050
3.59438
2.65700
2.96583
3.44914
2.44925
1.97533
2.81522
3.29461
2.53839
3.75062
2.90080
3.84205
2.12235
2.81694
3.81308
4.06034
3.76421
3.49163
3.71671
3.64290
3.74467
3.99817
2.56304
3.79557
3.89134
3.50239
3.56635
2.77575
2.73638
1.88401
2.61625
4.05963
2.15417
3.81146
2.27055
3.59171
3.61491
3.22050
3.06830
3.85615
1.64762
3.64939
3.82756
1.49271
2.73243
3.11527
2.71195
3.68201
3.49653
0.81787
1.55752
0.25585
1.68535
3.77129
3.53511
3.71627
4.05790
3.53952
3.18482
2.11017
3.71508
3.12605
0.80178
2.43219
3.58926
3.60493
3.16949
3.30306
3.57008
2.12646
3.90060
3.92314
3.59026
2.41272
3.81885
2.52875
3.66667
2.49154
3.73585
3.90882
2.98425
3.88723
3.78996
3.27271
2.83701
0.46121
3.86706
1.00888
3.91930
2.34394
3.33270
3.54611
2.65689
3.34618
2.03594
0.69253
3.73517
2.00734
3.02633
1.22495
3.65536
2.42736
3.03911
3.82524
3.67828
3.67151
3.87061
3.74006
3.41169
2.62031
0.79961
2.07856
3.73138
3.80744
3.82184
2.34421
0.86706
2.66534
1.86016
3.91005
3.19211
3.51344
3.37558
3.52918
3.78174
2.26308
3.58118
2.99156
2.67040
3.82929
2.54463
2.51343
1.64932
3.59803
3.58740
2.68697
2.60972
3.37274
2.01227
3.59413
3.34413
3.70514
2.43829
3.43443
3.76191
3.34322
3.90261
3.71940
3.95439
2.67379
2.70704
2.26091
2.98233
0.97905
2.66276
3.60407
3.79997
3.32198
2.58488
3.92439
3.93218
3.21008
3.56096
2.75024
3.76186
3.95618
3.18196
2.52317
3.99193
4.01042
3.69399
1.49876
1.61579
3.08029
3.72364
3.68340
3.99561
3.90994
3.04985
3.51429
1.44233
3.34052
3.94253
1.55238
3.93080
3.01492
0.38146
3.81093
2.00069
2.67738
2.19965
3.01366
3.61204
2.46749
3.48162
1.93334
3.37154
3.19116
2.79906
4.14093
3.67777
2.74779
0.66352
2.08582
3.32354
4.10914
2.31281
2.89232
3.80182
3.58133
3.49288
0.77298
3.95026
0.65413
1.24872
2.56004
3.73519
2.64041
1.43013
2.96007
3.06562
3.27202
2.91066
1.29038
3.83670
3.06104
3.74052
3.75800
4.06502
3.74012
3.64191
3.85247
1.28428
3.62183
4.10815
2.22797
3.76218
1.94843
3.69209
2.56927
0.99548
3.56199
3.71764
3.46457
3.66394
3.47758
2.86701
3.90341
3.36969
4.01142
3.68610
1.38417
1.24429
3.10849
3.95124
0.31276
3.55845
0.26747
3.35952
4.06363
2.65973
3.81451
3.40792
3.19978
3.68446
3.01081
3.38341
3.49225
3.53827
3.54879
3.80323
3.52862
2.56617
3.30545
2.97653
4.03028
1.16035
2.91748
1.63674
2.92267
3.87381
1.42952
2.86166
2.47593
4.04363
3.46231
2.88221
3.44360
3.38453
3.78521
1.12751
0.77486
3.83740
2.53197
3.64126
3.14362
3.75790
3.78619
3.48973
3.90750
2.84087
2.27363
3.47895
3.87567
0.19882
3.71605
3.70235
3.04167
1.72106
1.72249
3.37364
3.22944
3.89913
3.96591
1.19784
3.66852
1.03554
1.47986
3.99367
1.90031
3.68872
3.64248
0.35276
2.11285
3.35481
3.91296
3.98336
2.46510
4.05550
2.35519
2.44161
3.71878
1.79953
1.32477
3.52590
3.80409
2.92590
1.40925
3.65980
3.56402
3.60202
1.91566
3.78583
3.93505
2.14230
3.46345
3.92187
3.81627
2.47558
2.81513
3.60477
2.12973
1.65279
3.79947
3.10364
1.67692
3.71157
3.58082
3.70077
1.73236
3.85083
0.90915
4.00109
3.43416
3.69512
1.58172
0.25806
4.02293
3.60904
2.24865
2.28081
3.67697
3.32336
2.75161
2.84860
3.65314
2.50376
3.09062
2.47752
3.68099
3.83053
3.84678
1.03220
3.17590
3.74217
4.10257
2.69365
3.80038
2.11685
0.94346
3.05702
3.61135
1.80197
2.63202
3.36094
3.25710
1.43250
3.70550
3.32333
3.94991
3.21321
3.98849
3.14413
1.62052
3.26540
4.09245
0.31403
3.88332
3.10555
3.71925
3.73712
3.94567
3.70497
3.72029
2.39389
1.74954
2.81240
4.02402
3.71999
3.92742
3.91064
3.97720
1.25081
3.01067
3.71563
3.59270
3.28201
1.93075
2.78948
2.74921
3.84089
1.24410
3.78838
0.80657
3.81690
0.99267
1.27304
3.74448
3.44345
3.81424
3.38154
2.59037
3.40785
1.40857
3.25815
4.02082
3.93151
3.03253
3.68489
4.21330
3.48072
3.56803
3.56185
3.43417
1.80871
3.40021
2.28835
0.70635
3.64846
3.61591
3.19208
3.01523
3.19222
3.88633
1.19780
3.39559
1.94534
0.70230
3.83393
3.10355
4.01418
3.50520
2.32969
4.01087
1.56431
3.21090
3.01248
3.14994
3.63032
3.94269
2.86408
3.39158
3.06144
3.72927
1.52170
3.00494
3.88315
3.47040
3.97743
3.74002
1.15342
3.20761
3.81404
3.59793
2.71321
3.99715
3.93529
1.78680
3.83919
3.64461
3.64941
3.09207
3.14214
4.12751
3.58462
2.78578
1.60035
4.18192
2.33910
2.02446
1.67008
2.88451
2.11913
2.87221
3.47260
3.61896
0.25168
3.66263
2.99937
3.86446
2.53040
3.20306
3.28886
0.87009
1.70300
3.85676
3.23160
3.15065
3.81425
2.61711
3.19776
3.67647
0.75024
3.88564
3.15056
3.71860
3.28364
3.76342
1.88620
3.71989
1.66822
1.50206
3.46073
3.73812
3.54316
3.38036
2.36812
3.59612
1.91843
3.54839
0.36698
3.01972
3.43338
0.81359
3.42943
1.79177
3.65050
3.36305
2.93448
2.83965
2.53048
3.27950
3.46714
1.82570
0.19705
1.90881
2.54367
3.58558
2.37442
4.02815
4.00184
3.75374
3.28165
3.45702
2.41853
3.40398
3.37641
3.79760
3.84989
3.57505
2.63709
3.72153
2.34940
2.94153
3.70408
3.99525
3.89042
2.78402
3.18891
1.40440
2.38700
3.65972
3.60828
3.40688
4.20486
4.12222
2.25261
1.60035
3.38294
3.69775
3.99183
3.61589
3.80430
3.25871
1.45960
1.34586
1.96226
2.31798
1.97891
3.85113
3.90111
1.03057
3.21477
4.02318
2.00854
3.46679
3.81616
1.84274
3.06738
1.89363
3.35752
3.45070
2.64858
3.67845
4.12327
3.86243
3.68858
3.48788
2.96168
1.86230
3.25492
3.60795
3.47583
3.19098
3.41089
3.46086
3.69323
1.58059
4.06842
3.47236
3.72419
1.77548
3.70284
2.71439
3.33788
1.82061
3.95525
2.85629
2.12150
3.12754
3.70070
3.92321
3.72840
2.97712
3.35489
3.29286
3.70868
1.77161
3.24132
3.62661
3.73871
3.02753
4.01166
3.66545
3.96300
3.97197
3.66588
3.17515
3.16046
2.79101
2.32048
3.90495
0.67348
2.75176
4.01622
3.95593
3.09008
2.65610
1.56036
3.41193
3.39446
1.98203
3.71353
1.46678
3.67746
2.98615
2.97064
3.05818
3.74026
3.15054
2.48479
1.30192
3.46744
2.59401
2.70528
3.07095
2.36216
2.63583
2.70889
0.15150
3.37457
2.16893
3.29690
1.82455
0.36155
1.37376
3.50892
3.98256
3.48772
3.26964
2.79136
2.70684
2.09109
1.83608
3.03175
1.88700
3.66686
3.20633
1.26241
2.38547
2.95172
0.75985
3.01788
4.06021
0.43056
0.75057
3.78511
3.26072
2.13819
3.86287
3.47477
3.18351
3.43090
3.81049
3.12723
1.73576
2.02511
3.57741
2.78544
3.64549
3.26410
3.65727
3.58160
3.67334
3.86634
3.42727
3.45571
4.02866
0.22916
3.29153
1.23363
3.50470
4.01188
3.20619
3.25692
4.18242
0.53741
3.83848
2.57808
0.78259
2.58425
3.63600
3.16323
3.43449
2.79326
2.51293
3.80031
3.73168
3.18234
3.53928
3.71034
4.10566
4.05532
4.02028
2.59027
2.87332
2.99262
2.97249
3.07464
1.74995
3.42502
3.56392
3.87331
3.85462
2.20434
3.70927
3.58180
3.05702
3.25198
1.70519
3.20340
3.76104
3.52975
1.69265
3.01950
2.94946
2.91386
3.61304
3.69764
3.75054
1.81481
3.27292
3.91217
0.15671
3.21282
3.68648
4.08306
2.10240
1.16537
2.75900
3.64236
3.75252
3.72561
3.36097
1.36213
1.88082
0.16334
2.72651
3.45614
2.28693
4.09472
3.73152
2.62962
4.02063
3.96827
2.66973
4.12569
2.77542
3.77799
3.89460
2.38530
3.92206
2.23233
2.94667
2.72136
2.88727
2.73258
0.26076
4.18924
3.82361
0.97112
3.28944
2.88060
3.39452
3.77975
2.73481
4.02414
2.05742
3.78469
3.60507
3.75288
2.21407
1.60687
1.56148
2.09978
3.99942
2.97322
3.89727
3.13020
0.90046
1.12404
1.04376
3.37148
3.76767
1.98280
3.51724
2.16030
2.72262
1.87537
3.79106
3.55764
0.28564
0.82716
2.45997
3.67871
2.79869
3.85185
2.65500
2.78945
2.53061
1.39341
3.67751
2.93319
2.45247
3.82936
3.49573
2.99071
3.21300
3.51264
1.95001
2.37907
3.90141
3.77680
2.99386
3.82553
1.97746
2.99175
3.60098
1.43980
3.79713
2.65597
2.10088
3.63252
2.89410
3.99890
3.75413
3.52241
3.64348
4.10796
3.70759
3.81240
0.93694
3.14163
1.74658
1.89076
3.77565
3.09178
2.36337
3.84433
2.15338
3.51269
3.41895
2.63891
2.20690
3.57109
3.52794
1.57492
4.02515
3.57519
2.79080
3.20416
2.28138
1.14734
2.29181
3.31085
3.82148
4.14893
3.81511
1.92488
3.78734
3.94003
2.61378
1.32313
2.21184
3.66038
2.39073
3.43146
3.67501
3.00418
3.18935
3.66310
3.88349
3.50800
3.64145
1.75458
3.98109
0.72666
3.28329
3.28349
2.95519
2.68832
3.19062
3.17748
2.94191
2.84657
3.18389
3.96206
3.74991
3.42310
2.49024
4.03298
3.03654
3.42875
0.54917
3.61748
3.24648
2.34992
1.82763
3.90032
3.54598
0.20484
3.67306
2.94640
1.53003
2.92947
3.78032
3.58293
0.02951
2.32842
2.78505
3.54872
3.83503
0.49019
1.11380
0.81914
3.69256
0.24428
3.78139
4.01873
3.53599
3.70678
2.52211
1.42037
3.68059
3.44855
1.58944
3.45122
2.99467
1.69633
3.67126
2.30721
3.56107
3.09275
0.51417
3.83711
2.80754
3.71227
3.87721
2.38003
3.26509
4.11480
2.29015
3.29738
2.38632
0.27459
2.03204
2.03991
3.65174
1.12225
3.53983
3.17206
3.23345
3.05168
2.97764
1.40442
3.25029
1.66560
3.74394
3.74170
3.47604
3.86134
2.40487
2.99955
3.23982
3.43392
3.57983
3.17288
3.09762
3.81106
2.13582
2.70490
2.22125
2.41341
1.45349
3.42870
2.92239
2.88049
3.57742
3.88133
3.19875
3.56326
3.70431
2.27043
2.78836
3.53856
3.88293
3.45403
3.45071
3.69576
3.53437
3.89528
2.34952
0.91503
1.12063
3.35282
3.77240
2.31885
2.49353
3.72052
0.71810
3.46079
3.89862
3.57579
3.66434
0.71085
3.63647
3.97957
3.36523
3.96718
3.82333
3.57376
3.92025
2.19882
3.64942
0.00457
3.69947
3.68687
2.79792
3.66475
3.12679
3.49661
2.70005
2.61011
1.54087
2.95870
1.00956
1.44053
2.77351
3.41575
3.32097
3.64338
2.74345
4.22715
0.31502
3.30792
3.41530
2.33449
0.60272
3.29600
3.81520
1.47472
3.63586
2.57784
3.16698
2.59780
3.29208
0.92356
2.08365
3.22884
1.78079
3.69247
2.62010
2.22653
2.99181
3.36162
3.35729
2.24019
3.59814
3.73114
2.36058
4.28009
2.92738
2.05372
3.84329
1.84112
3.05502
3.74663
3.91448
3.90944
4.22900
3.63647
3.43010
1.12347
2.39233
3.09309
3.16183
1.13187
3.79633
4.02275
3.19684
3.47749
3.88015
3.89064
2.36449
2.87441
2.51358
4.10770
3.46473
3.21748
2.69006
3.26690
1.76232
3.93633
3.92958
2.72455
1.10001
2.80702
3.33162
2.38740
3.49913
3.87562
1.71897
3.28660
2.35386
2.52806
3.41539
3.42228
3.65124
0.32326
3.67035
2.41703
3.49190
1.68628
2.92577
3.13152
2.74638
3.32068
2.25629
2.92990
3.81107
4.11665
3.54547
2.14464
4.13915
3.84333
1.17545
3.30678
0.20299
3.62638
2.33111
3.21363
2.83374
1.57581
3.98608
2.47870
3.06504
3.44249
3.60645
3.85827
2.72011
3.49658
3.48847
3.36791
2.60620
3.79119
3.97857
2.34214
3.70431
3.55789
2.85311
3.13708
3.66091
2.85411
1.21292
2.59850
3.52752
3.04283
1.60801
2.12659
1.57008
1.71644
4.11832
3.78424
2.60216
2.26029
3.47215
3.36440
4.16659
3.43693
2.59399
3.95339
2.85579
1.51530
3.51285
2.75085
3.83113
2.68067
1.44789
1.56015
4.11243
3.55651
2.64255
3.21958
3.53616
3.80920
2.87068
3.19131
2.42581
1.82150
3.37912
3.19079
1.39226
3.62059
0.29674
0.44589
3.66520
3.71768
4.16967
3.48425
2.78687
3.47274
3.48722
2.96830
3.53689
3.49864
3.63918
1.48830
3.94971
3.24597
3.22560
3.63488
4.10837
3.01957
4.26666
3.42268
2.69986
2.45763
3.48314
2.55467
3.12324
3.35765
3.92471
2.88926
2.83958
3.42177
3.20469
0.68708
1.75100
2.86647
3.72346
2.26454
3.65399
1.74716
0.41725
3.85758
3.61290
3.55259
3.58472
2.11779
3.51404
3.51918
3.27666
3.81043
3.91774
3.70808
0.98646
2.32646
3.94180
3.82099
0.92909
2.67401
4.03864
1.60008
2.29141
2.50019
3.39156
0.75658
3.68300
1.95641
0.20226
3.66142
3.90530
0.71339
3.36865
3.74818
2.88140
3.49286
3.15504
3.35454
4.15070
0.92193
0.78976
3.60685
3.41887
2.38846
1.76866
1.15656
2.00083
3.60149
3.33670
3.60673
3.91846
3.85975
3.70047
3.40104
0.94348
1.87454
3.82093
3.67913
3.43766
2.53919
3.27389
1.00057
3.90081
2.70412
3.37785
1.17225
3.55358
3.09797
2.11750
3.63141
3.74334
2.49556
3.70089
3.60710
3.71897
3.47954
3.78068
3.03161
3.26338
3.94399
2.85460
3.38275
1.65696
3.42232
3.42633
2.87947
3.37515
2.91732
2.99216
1.94991
1.74366
3.04440
3.67660
3.75415
3.80598
3.56219
3.33782
2.78609
3.90303
3.64407
2.06743
3.69456
2.81967
3.32235
1.61918
3.56472
3.45749
2.30583
3.66048
2.96267
3.47537
3.39898
2.92436
1.10158
2.97855
1.66725
2.87747
2.96447
2.50132
3.62979
3.55153
1.38512
3.13976
3.70277
1.98930
2.09985
3.87904
3.16955
3.75896
3.54709
3.79584
0.81615
3.15671
3.67869
4.05750
2.56941
3.78133
2.06403
1.05939
3.58825
3.78526
3.60191
2.23437
1.98380
2.14503
3.13253
3.35249
3.09882
3.89501
3.73289
1.83672
1.38585
2.22971
2.62731
4.07925
3.67728
3.55158
3.97701
3.70516
2.91588
2.65047
3.16826
1.63746
1.81101
3.65824
3.55811
3.22834
1.35916
3.68188
2.05575
2.83146
4.00615
3.21280
3.91988
3.30304
3.47195
1.73972
3.31925
1.31319
3.54676
3.57156
3.57951
1.41734
0.20162
2.79882
2.60993
3.19429
2.45309
3.80588
2.65545
0.97989
3.89046
4.18736
0.07904
3.18311
2.83533
1.38533
4.09709
3.72567
3.23100
4.01513
1.95990
3.50033
2.13810
3.03385
3.55235
3.21735
3.76014
3.63891
4.02530
3.36713
3.57355
2.12953
4.02603
2.05310
2.12017
3.78368
3.59566
3.20490
3.51503
0.85220
3.35410
2.38759
2.46136
2.98401
3.93728
3.16837
1.71561
3.17774
3.76046
1.39461
3.16218
2.99799
2.79540
0.64990
3.43330
3.96534
2.27236
3.92504
3.24299
2.44707
3.78541
3.69142
3.93168
3.62239
3.71534
2.12342
3.89001
3.80512
2.22597
2.05073
2.95380
0.93919
3.56724
2.72323
2.86115
3.63439
1.67492
3.87556
1.79720
3.32923
1.08097
1.08073
2.31535
2.28804
2.55352
3.89902
3.63929
2.82782
3.57039
3.56340
3.22480
3.96422
2.56718
3.90782
2.47198
2.88555
2.17212
3.32617
1.51570
3.68536
3.47910
2.30773
2.81851
1.91917
3.50058
2.63246
3.80884
4.13973
3.79210
3.09508
3.39223
1.21376
3.55848
3.79673
1.85458
2.08752
1.09769
0.22890
3.43683
2.79472
2.98029
1.42035
2.53427
2.30026
3.20742
0.94368
1.38270
3.79606
3.97287
3.78333
2.53364
3.32535
4.03789
1.07445
3.87359
2.24167
3.54128
2.44996
3.44067
1.52531
1.22353
2.45179
2.07573
3.25866
1.21277
3.61111
2.26748
3.83714
1.31833
4.13765
3.75312
3.82942
3.72086
2.99115
0.49917
3.74753
3.52930
3.78334
3.54871
3.15248
1.20315
1.67962
2.85417
3.87136
2.96086
2.51955
2.91933
0.92374
0.44583
3.89043
3.12107
2.14694
3.68271
3.71114
4.01224
3.67603
3.80917
2.79019
3.73571
0.41478
3.68504
2.84997
3.67842
3.39507
2.67134
1.93631
3.84643
3.03699
3.94329
2.33757
2.83478
2.36113
3.87606
3.83778
2.55479
3.80984
4.00992
3.74801
0.85930
4.07532
2.85457
3.35623
3.78573
3.17490
3.42911
2.83513
0.84784
3.80949
3.27611
3.87167
4.07538
3.74453
3.39794
3.76941
3.31666
2.13361
1.41482
3.79899
2.87853
1.66370
3.41485
2.62455
3.62561
3.53506
2.23065
1.86915
4.01974
3.75739
3.68911
3.37370
3.88386
1.98726
3.51734
3.64343
3.61279
3.61058
2.38422
3.89637
1.57668
3.11438
1.48259
3.73003
2.82076
4.00370
2.31319
2.98305
3.93712
3.81793
2.91504
0.37276
3.40960
3.69103
1.54369
3.56498
3.73373
2.68961
4.04231
3.59226
3.92335
4.14181
2.05952
3.65535
4.20760
3.11691
2.63468
3.60270
3.34284
2.91289
4.07830
1.39870
1.26820
0.43975
3.89909
3.63635
3.79229
4.05871
2.70587
2.98503
2.58880
1.60573
3.01442
3.91501
4.02730
2.64376
3.26095
0.89306
3.95399
3.53240
3.07864
3.36923
1.73026
1.53214
3.86816
2.97294
3.83326
4.14835
3.53685
2.97123
3.47259
3.33958
3.95513
1.44452
2.74260
3.92282
3.86446
2.92731
3.77688
3.13653
2.98442
2.59245
3.40231
2.95588
2.57175
2.50304
3.55230
3.35962
3.01996
1.74860
2.21035
3.95065
3.02320
3.52379
4.13393
3.82308
3.74098
3.16694
4.03957
2.10218
3.56528
3.50707
1.23638
3.29905
3.76080
3.94786
1.17355
3.77468
4.13243
3.71557
3.65439
3.69801
2.96052
1.13886
1.52309
3.33263
3.92876
3.53376
2.07987
2.55977
1.67802
2.03933
3.88964
3.88331
0.72806
0.30660
3.89519
4.01582
3.27356
2.79311
2.93890
3.41467
3.48020
3.80005
2.02574
2.69165
4.04760
1.49658
3.80022
3.43711
3.81373
2.39205
3.55074
2.06194
2.33823
3.03630
2.21841
0.92907
3.79010
2.88702
3.64691
3.59732
3.17763
3.20359
3.87472
3.50298
1.98902
4.06597
4.00856
3.76952
3.03089
3.35333
3.85070
3.60361
3.92745
3.21214
3.76643
3.70107
2.11966
3.08201
2.76672
3.80574
3.87170
1.59146
3.57093
3.71275
3.78918
1.32008
3.91737
2.91079
2.87846
4.04950
3.69389
3.15441
2.88261
3.70442
3.74611
1.58594
3.51076
3.07733
3.91009
3.87512
2.62745
3.59571
2.29802
3.97810
2.71012
3.77707
4.09777
3.13026
3.44004
1.35508
3.00116
2.13106
4.01335
1.61367
4.23341
3.14382
3.40757
2.83042
3.85121
2.77424
3.88802
3.76091
3.63222
1.14583
1.12105
2.11303
4.14148
3.56849
3.95766
3.42041
3.21665
1.54748
3.13965
3.10542
3.93773
4.19867
3.79183
3.43463
3.56970
3.32411
3.41322
3.41973
2.08890
3.29458
1.13783
1.30031
2.51646
2.70499
3.86649
2.84782
2.50239
1.65933
3.91767
2.68472
3.49500
2.15924
3.40780
3.30097
3.50807
3.71802
2.65708
0.39383
3.40867
3.40388
2.30437
3.09771
3.41434
1.25481
3.97505
1.20452
2.29036
2.63814
3.28054
4.18740
2.50459
3.70881
1.94077
1.23192
3.58923
2.16798
1.59607
3.23129
1.36898
3.77782
1.39335
2.48987
2.44195
1.45732
3.74329
2.70141
4.09076
1.87402
3.56238
3.03832
2.05140
3.00354
2.45851
2.51674
2.45803
2.97223
1.54084
3.61519
2.71907
2.87685
1.01003
3.56464
2.25381
3.35341
1.72164
3.83424
3.63638
3.85279
4.11176
2.77040
2.39411
3.76611
3.63545
3.90617
1.41482
3.44251
0.69881
3.31461
2.99057
3.39477
3.55680
3.32012
1.30391
3.01663
3.94516
0.89947
3.38139
2.59511
2.06431
3.23999
3.29017
3.33836
3.01771
3.72915
4.03054
3.22081
0.88885
3.49532
3.62161
3.58723
2.48335
3.29782
1.31570
2.69888
3.82359
4.01788
1.19627
3.38188
2.44786
1.01960
3.27817
3.87694
3.38574
1.06335
2.69302
2.63300
2.51675
3.51107
3.25457
3.90151
3.42744
3.35414
3.77495
3.04776
3.44490
2.32547
2.47438
2.44711
1.98522
2.91184
3.18770
3.31532
3.57276
3.70866
2.75396
2.81856
2.64505
3.92625
3.74727
3.53375
2.39107
3.96718
2.82968
3.53101
2.83234
3.59298
2.90375
3.70533
3.36083
3.83718
3.20293
3.92884
3.37469
3.76781
3.90876
3.92609
2.80830
2.93989
3.34577
3.68067
3.58604
3.93695
0.26707
3.55095
3.83015
3.98253
3.21723
1.19385
3.14907
3.57444
2.70535
3.81469
3.69843
4.02407
1.79376
1.82259
3.04826
1.93968
3.44998
0.10454
2.77995
3.73738
3.53743
4.15071
2.57611
3.01413
1.35539
3.73495
1.79916
1.33224
3.93214
2.97621
2.74597
3.90494
3.82941
3.41916
3.72763
3.70101
3.20586
3.46277
3.18738
3.11964
3.66959
4.09478
1.16865
2.91940
3.86039
3.73194
1.63408
2.05316
1.06528
3.85636
3.45443
2.73336
3.95029
2.71591
3.80873
3.78119
3.83915
3.50365
3.60354
2.75808
1.09873
3.07110
3.98297
3.39279
1.36012
0.66964
3.66615
3.44941
0.42143
3.74008
3.96850
1.80982
3.62136
3.01088
3.68125
2.08092
1.49462
0.52080
1.78728
1.10837
1.99669
3.91753
1.01440
0.07616
3.72239
2.34867
1.38773
3.62253
2.46762
2.90912
3.08010
3.70306
3.01350
3.53942
3.92204
3.62799
3.48266
1.68465
0.76450
0.81091
4.16958
3.42800
3.46084
3.64622
3.50563
1.15169
3.69501
3.93772
1.77248
3.09133
3.74253
2.32466
3.84553
2.61199
3.07537
3.35943
3.98508
3.07861
2.11980
3.49811
3.51170
3.11028
2.95913
3.69496
1.43573
3.90986
4.03559
2.22792
1.56848
3.77767
3.69001
1.02931
1.79987
3.75438
0.71169
3.87310
3.72645
3.96961
3.21875
4.09074
3.56081
1.00424
2.01363
3.10792
3.78949
3.62658
4.10433
3.02950
3.66966
1.02548
3.82269
3.44413
3.33383
3.80961
3.88361
1.36525
3.35612
3.11392
3.30162
2.86601
3.47403
4.22197
3.14832
2.79866
3.46802
3.96105
3.72622
3.99674
4.11147
4.00702
2.59052
3.39727
3.44663
2.10765
3.48699
3.76745
2.52254
3.85850
3.89084
2.82773
3.56366
4.07551
4.17860
3.06490
3.96604
3.69582
3.99593
2.85381
3.39162
1.23053
3.80961
2.80440
3.04334
1.63668
3.77190
2.53825
1.64513
3.59527
3.78663
1.25176
3.24926
0.58166
3.65145
1.47052
3.43305
1.60051
1.96722
2.35166
1.66009
3.98038
1.77136
3.99582
3.77378
2.97931
2.63483
3.76984
1.56296
2.65493
3.94997
3.50270
2.72457
3.37152
2.56601
2.11318
3.31990
3.91824
3.87107
3.90515
3.74101
3.73120
0.24289
3.64013
2.71934
2.34555
3.92315
2.78556
4.11099
3.21496
3.55257
3.28660
2.28077
4.02593
3.24824
3.86760
2.37368
3.78046
3.41426
3.37854
0.80289
3.74763
1.94448
2.75802
3.89556
3.75513
3.15864
3.71867
3.67821
3.92532
2.73198
3.77625
2.46367
2.67446
3.85087
2.71717
3.30876
3.97414
3.29978
3.96008
1.40455
1.62623
1.56423
2.23778
2.45626
1.80915
3.29186
1.78786
2.30248
4.14018
3.82811
3.95183
3.40040
3.47726
0.00013
1.44931
2.48394
0.91463
3.84616
1.75630
0.01242
2.11266
3.88228
2.91943
3.55679
2.09336
3.33717
3.91830
3.63936
1.01663
3.09311
3.39189
4.06416
0.57812
0.97184
3.30714
3.77582
0.73633
0.10349
4.06116
3.00922
2.76001
2.27170
3.83664
3.20173
0.34171
3.45148
3.70496
3.38971
3.47365
3.21006
3.84028
3.45540
3.34465
1.32030
2.99024
2.35762
1.30499
3.33596
3.13769
0.98153
3.62241
3.43082
1.24348
3.33284
3.72919
4.04193
2.64913
3.10109
3.76702
3.39534
1.66688
3.79626
2.92372
1.65971
3.92817
2.83634
0.33118
3.31047
3.11826
2.01650
2.30028
3.84953
3.40768
3.84090
3.61554
3.62342
3.56932
1.08258
1.35176
2.66202
3.22541
3.93060
3.70096
3.80401
3.54342
3.06595
1.39474
1.79483
3.72779
3.63990
3.63856
2.89396
3.15408
3.85172
3.18889
3.38938
2.83975
2.63439
2.75406
3.49449
1.28969
3.50911
1.06981
3.72198
0.75981
2.93430
3.61754
3.43408
2.12979
3.66309
3.58049
4.05595
3.64000
4.02640
2.37403
3.02458
3.35839
3.81086
3.81590
2.20110
2.28156
3.96571
2.76298
3.25510
3.04184
3.24664
3.59209
2.40639
2.75305
3.83435
3.84313
3.61554
3.85306
1.93947
3.11200
3.88207
3.12092
4.03134
3.72757
3.40514
3.05314
4.08222
2.54238
4.18528
3.06336
2.67676
4.11548
3.85548
4.00822
1.12468
3.12643
3.96848
4.13349
2.88618
3.96244
0.95591
3.91283
3.86640
3.67919
1.54381
4.01393
1.40561
1.09724
3.66863
3.77094
3.82603
2.12858
2.21827
3.57797
3.83835
4.07596
3.15803
3.72504
3.58602
3.43193
0.84558
1.79550
3.23578
3.29371
2.41900
3.42114
2.89743
3.81441
1.72044
3.77932
3.63169
3.97479
4.02846
2.27232
3.43317
1.34847
2.41866
3.05797
2.40252
3.88079
3.38547
1.33406
2.37467
0.94958
3.59035
1.06361
3.63428
3.77595
2.66620
3.72953
2.98997
1.99896
3.42532
3.26387
3.34221
3.28419
3.54424
4.08753
1.89896
3.96039
3.19818
1.70886
2.64737
3.56590
1.80866
1.73043
3.93804
3.80627
3.39368
3.71845
2.50767
3.77570
2.09980
2.41217
2.57231
2.75022
0.41356
1.06914
1.38911
1.38999
0.86547
1.87411
3.46546
2.38704
3.68679
2.53774
2.28770
3.34599
1.47344
0.81902
2.21209
3.61129
3.62201
3.66046
0.80272
0.88209
3.23126
1.26285
3.50031
0.30694
1.21606
4.03443
3.71842
3.60510
3.96212
3.02149
3.78304
3.44003
3.93121
0.25938
3.61154
2.89097
2.98253
1.17566
2.03374
2.64396
3.55716
3.43376
2.44901
0.72619
3.53960
2.61182
3.98053
3.36296
1.67857
3.74926
3.40104
1.72789
3.67922
3.15590
3.41043
0.49552
1.73802
3.68362
3.85767
3.32693
2.99420
3.64027
2.73067
3.55176
3.79812
3.58717
3.83807
2.47037
3.75413
3.81930
3.06278
3.71372
4.14167
3.66537
1.59995
2.68492
3.33174
3.54083
2.21436
1.28209
3.58804
3.37210
1.43833
3.80644
0.73079
3.72370
2.11944
3.33855
1.88255
3.03188
2.64994
2.56255
2.63735
3.84404
3.05333
4.10633
2.11147
3.50381
3.33877
2.94093
3.91183
3.67495
3.51476
3.53622
3.64580
3.15016
1.43071
3.69112
3.19156
3.93145
3.91961
3.76867
3.87105
3.89362
3.96478
3.39679
3.61557
2.93081
3.83824
1.15634
3.92939
3.56766
3.12857
0.91957
3.27104
3.03657
3.31299
3.64938
0.39844
3.74786
0.69431
2.96682
3.94066
3.20211
3.84873
3.34388
3.72201
4.00013
2.51659
3.42865
3.45131
2.67898
1.60556
0.83727
3.28982
3.66563
1.57540
3.69563
3.89946
3.65914
3.76888
0.13555
2.95337
2.41331
3.92875
3.52342
3.72048
1.41206
3.68149
3.95526
2.90635
3.55655
2.20160
2.17176
4.15025
1.31380
2.09037
1.20392
3.12129
3.76898
3.76266
4.00822
3.48525
2.23578
2.79792
2.25155
3.65579
3.12073
0.98988
3.66200
3.56408
3.94922
3.23256
2.28181
2.69679
3.90795
1.88195
3.67913
2.91210
3.64951
3.20882
3.64317
3.37825
2.83208
3.63153
3.33381
1.60352
3.73831
3.48729
3.09739
2.56297
0.96932
2.23107
2.06229
1.87592
3.15666
3.82751
3.40821
3.89875
3.10165
3.04810
3.00940
1.51453
0.76836
3.25955
2.88705
1.76472
2.61066
3.13924
3.58787
2.87217
0.71103
3.57158
2.23678
3.68968
3.85094
3.30045
1.73569
3.14428
2.24515
2.69988
3.93282
2.65250
1.55833
3.34178
3.21920
1.62885
3.83803
3.71273
3.00628
2.87218
1.76444
4.11925
2.11433
3.67406
3.48707
1.20611
3.77640
3.27613
1.26094
2.13008
3.75801
3.55194
3.60322
3.42780
1.56195
3.53384
3.53974
2.83298
4.02172
1.42996
1.72769
3.38299
4.19891
3.17518
3.78703
2.33311
3.47991
2.52022
0.62378
2.83398
3.88903
3.45278
3.78400
2.42313
3.76038
3.12245
3.57603
1.44440
3.49336
3.25200
4.08621
2.69864
3.78937
3.22705
3.92307
3.62968
2.93545
3.71168
3.63007
1.95406
2.40155
2.92103
2.09081
3.31451
2.25734
2.24103
2.57937
2.77508
4.00466
0.76454
3.82179
1.31445
3.44918
2.16573
3.73864
3.42019
4.20838
3.15497
3.12376
2.73291
1.61721
0.56080
3.89768
3.62604
2.86771
3.45033
2.83480
3.40505
3.78079
3.07174
4.08527
3.38320
3.39656
1.42890
3.92955
2.65322
3.16167
3.09079
3.19447
3.28634
1.16948
1.52507
3.54844
1.17483
3.27762
1.84821
3.93827
1.41939
3.86605
0.57628
2.05640
3.25637
3.90476
3.48709
2.97666
2.31751
3.08492
3.31957
3.36091
3.66814
3.05841
4.11576
3.29314
2.21337
3.71607
0.63084
2.23908
1.69714
3.91656
3.74759
4.04086
3.44616
3.64277
3.93323
3.41376
2.00625
2.48878
3.37158
3.73609
3.75385
4.07002
4.03707
4.05979
3.86403
3.78491
0.53773
2.38793
3.86103
2.81892
1.33388
2.96340
3.05381
0.98844
1.59522
2.22234
2.78690
3.76369
2.24309
1.92596
3.54703
3.41660
3.62429
3.78181
3.72223
1.35276
3.39530
3.79918
1.67026
3.39109
3.87711
3.41858
2.59796
0.78293
3.20587
1.93643
0.00333
3.07897
2.56607
2.99182
2.32683
2.93752
3.42811
3.85418
0.66775
3.93159
1.46210
3.22530
0.95894
4.10143
2.97891
3.02054
3.00226
1.74581
3.14334
0.64617
3.65558
2.33608
3.21463
0.91161
0.67953
2.13175
3.35190
1.86470
2.44951
3.16245
3.97905
3.69424
3.40489
0.41812
2.69068
1.68498
1.95969
3.60855
2.90020
3.38287
3.47636
3.76936
1.20387
1.32447
0.97707
3.16551
0.89744
2.84950
3.79415
4.01724
0.80992
2.99073
2.94459
2.32784
3.99193
3.80808
2.29115
3.40540
2.37094
3.67099
3.64099
2.69168
2.62441
3.44536
3.25913
2.87895
3.12656
3.66642
3.70645
3.96412
0.97479
2.81776
3.42606
2.90705
3.62583
2.83293
3.98274
3.66926
3.41948
3.56837
3.09371
3.56705
1.47481
1.97367
3.57112
3.66050
3.94912
3.63133
2.57245
1.31681
2.66917
1.45698
3.66698
3.91676
1.27614
2.38251
2.42130
3.45456
0.42251
3.22415
3.91683
3.80851
3.81701
2.38526
3.82711
3.79059
3.68975
2.10945
2.94114
3.52502
1.20973
3.41146
3.77909
4.06830
3.43300
2.77780
1.82048
2.72341
3.58615
4.05730
2.46995
2.80791
3.96293
1.99363
2.36196
0.75244
3.59417
3.12841
3.51041
3.51938
2.99641
1.01354
2.62687
3.39950
3.66530
3.63060
3.45942
2.75400
3.70000
1.49566
1.64529
3.36929
3.55532
3.55506
2.59863
3.79777
3.55951
3.53281
2.65781
3.32906
3.79746
1.96771
3.05974
4.13965
3.83960
3.58360
1.17613
2.78561
1.30595
1.07033
3.76992
3.48204
2.64818
1.59173
4.15474
3.82711
2.76266
1.80307
3.67817
3.07393
2.14298
2.45287
3.61656
0.99708
1.25355
3.81064
2.55750
3.34295
2.49799
3.72854
2.38961
2.01771
3.95891
2.19024
2.46506
3.39942
4.01783
3.29873
3.30284
3.63448
3.81131
3.59351
1.59796
3.90605
0.57705
3.21400
3.38249
3.44543
3.80001
3.95710
3.85265
3.60697
3.07006
3.23149
2.57702
3.53968
0.98133
0.95380
2.47170
4.07754
3.59224
3.91358
1.91121
3.80308
2.27964
3.81433
3.87918
3.38510
3.73509
4.00919
1.27624
1.56773
1.70199
3.72564
1.01139
3.13461
2.89775
2.99748
3.19791
3.51512
2.95517
0.89192
1.13104
3.63594
3.80758
2.11736
3.94013
3.60751
3.90310
3.43950
3.26913
3.68436
0.67131
3.08471
2.77501
3.56944
1.82559
1.49674
3.06511
3.30428
3.98838
3.52778
1.14439
2.96008
2.04981
1.97103
3.69258
3.81171
2.56610
3.35063
3.36982
3.12806
3.38530
3.48365
3.56779
2.00236
2.90554
1.72543
3.94376
2.81184
3.65875
3.52799
0.92303
3.04757
2.45515
4.04257
2.14116
3.78279
3.87895
4.06629
0.43052
1.26328
3.82715
3.58541
1.69611
3.41572
1.87606
3.05135
3.04639
3.69632
3.62426
3.38866
3.49101
2.02719
2.30041
3.76060
1.30684
1.15882
2.89222
2.11047
3.91781
4.00781
3.24499
3.69452
2.73458
3.77803
2.28437
0.62709
1.69515
3.98090
3.92722
3.70208
3.77171
3.24737
4.11690
3.59321
1.40534
3.82721
2.07993
1.79699
2.94212
4.01971
3.89384
3.75564
3.67137
3.80447
1.58875
4.24092
3.21946
3.92943
3.82854
2.97853
0.55320
3.99394
3.25767
3.41094
3.15184
4.20175
3.59916
3.89089
3.54933
3.46931
2.20142
2.50748
3.86059
0.69117
3.43579
3.16954
3.56854
3.78000
1.09965
3.45345
3.23525
1.43908
3.30177
3.84696
3.04432
1.40201
1.45691
3.69293
1.06412
3.12096
1.87945
3.44106
2.52270
3.46220
3.76458
3.28631
1.91098
3.99519
0.28263
1.02230
3.57993
2.62912
3.48266
3.71900
3.09127
3.99957
1.90997
1.69786
2.80183
3.39082
0.27235
2.82800
2.25232
1.77516
3.13389
3.12023
3.03879
2.45621
3.45921
4.02568
4.03546
2.78432
3.57818
0.93670
3.79228
2.56710
2.92247
3.92560
3.43305
3.60165
3.15294
2.08344
3.26047
1.00608
3.23341
3.36434
3.93017
2.73795
1.27752
3.67589
3.44877
0.38934
1.62768
2.24772
2.08568
3.09715
2.62966
3.47820
3.33341
4.07450
2.71915
2.23575
1.75802
3.23970
2.11912
2.84640
3.37467
3.49416
3.88876
2.52199
3.53454
2.44107
3.31863
3.80874
3.74120
2.86259
2.81296
3.59449
2.76603
3.52167
2.07690
2.93081
4.20571
2.47545
1.61841
4.00742
3.97903
2.95138
0.63859
2.43689
3.73075
3.18031
3.53424
3.95175
0.73969
3.83849
3.64273
3.97765
4.12379
2.22675
2.96650
3.48060
2.32019
3.42269
3.40817
3.12845
3.35425
3.32084
2.73078
3.52203
3.63600
0.21286
0.71811
2.93945
3.41664
1.98791
3.93738
1.00540
3.90972
2.62634
3.67128
3.32207
0.02852
3.85549
2.95613
2.08751
3.41265
3.20514
2.86681
3.15265
3.30478
3.45750
3.66584
4.06837
3.76512
2.08688
1.30225
3.12628
3.13704
2.26492
3.69220
3.14798
2.51841
3.15856
2.67182
3.65533
1.79180
3.79087
3.27861
1.38378
3.67697
3.54706
3.73662
3.58245
3.29146
2.71257
3.58284
3.52136
3.48203
3.60843
1.99303
3.95731
3.81776
3.45275
3.79247
3.77329
1.62041
3.76133
3.67824
3.20928
2.41761
3.04061
3.14503
2.60067
2.54237
3.60374
3.91113
2.67849
3.05011
1.19229
3.51131
2.80237
3.75600
3.99947
0.54175
1.78190
3.09407
3.58136
4.12121
2.93526
4.19570
3.58445
3.81936
0.06670
3.25579
3.99165
1.21748
3.96080
3.48108
3.70262
3.39099
3.83385
1.86528
1.95725
1.36225
3.35225
3.34576
3.47481
3.79226
3.02778
1.27585
4.06665
3.97551
2.91926
3.81196
3.26395
3.95775
3.51526
2.59315
2.81604
3.88153
2.67036
0.35351
0.47707
3.94347
2.47625
3.65085
1.77788
3.98584
1.89495
2.77690
1.44982
3.39963
3.80975
3.71663
3.61515
3.75154
2.38683
1.17205
1.39791
0.80338
2.84110
4.06924
0.89954
0.99021
2.35313
3.06878
3.92908
3.57548
3.81614
0.43412
2.77022
3.07510
1.76581
1.82849
1.90727
3.83343
2.85374
0.21171
3.72767
3.10668
3.88741
2.54975
0.89506
1.10824
2.82749
1.22966
2.75456
0.89284
2.42997
3.61452
3.81331
1.59659
3.54082
2.03046
3.98749
3.74318
3.07981
3.83773
3.36699
1.02725
3.62143
3.11952
3.76181
2.64581
3.84894
4.17866
1.99976
2.10821
3.49781
3.08168
3.58330
2.96720
3.41195
0.81215
3.77569
3.11051
3.96460
3.71029
3.78109
2.21534
3.39023
0.01115
3.98626
2.01426
3.77421
2.75854
3.29393
4.04354
3.79597
4.01796
3.65081
3.63477
2.30064
3.88535
3.46541
3.75336
3.58210
3.59125
3.64130
1.91071
3.95124
3.67393
3.32370
3.22222
3.73864
3.63287
2.94191
3.54190
3.89097
3.20319
3.90887
3.76796
3.62779
2.62677
3.65112
3.72101
2.68496
2.67769
2.18672
3.45515
1.74962
0.68996
1.80936
1.85091
2.41258
2.69491
0.76181
3.89428
3.36804
1.76978
3.76071
3.79080
3.02929
1.14801
2.98210
3.00896
2.30651
3.52590
3.60110
3.65609
3.70343
4.02693
1.81085
2.87696
3.29130
1.21314
2.11684
4.08809
2.29452
3.90793
2.79717
3.00187
2.68169
2.57633
2.02072
3.82566
3.24429
3.52770
2.91781
2.25496
2.50909
3.38271
4.05847
3.67333
3.42390
2.12271
2.84242
3.83049
3.57205
2.11857
3.53233
3.44107
0.36822
3.69155
0.71214
3.60268
2.86062
3.62734
2.26083
3.74925
3.94174
2.60315
3.50370
3.51009
3.56076
3.03714
1.65074
1.92399
1.95379
2.62747
2.68452
2.93136
2.20580
3.86822
3.52846
1.65725
3.80282
1.12959
2.42470
0.96752
2.56751
3.71452
3.41404
0.18664
3.29933
3.08603
2.83396
3.82460
2.62520
0.96223
1.76668
4.08433
3.91532
3.42121
3.27865
3.37101
3.38538
3.45277
2.67882
3.80104
3.66115
3.64666
2.49251
3.90866
0.77375
3.68152
3.80079
3.04786
0.67361
1.84513
3.56189
3.69582
2.81624
3.51360
3.52890
2.89308
3.60737
3.30755
3.44497
2.39043
3.22552
1.11890
3.72818
3.91546
3.46479
1.35237
1.88555
1.64105
2.50172
3.53329
1.81705
3.56543
3.58328
3.34125
3.77511
2.20759
1.95788
3.84759
3.58651
3.42959
2.61540
2.84708
2.74961
2.12819
3.02136
2.53040
0.93624
4.03312
2.86599
3.79903
4.10636
2.88197
3.31584
2.58026
0.76561
2.25111
3.47079
3.80079
3.64853
1.34650
3.55273
2.25178
3.47940
3.80409
1.64813
2.86505
3.50594
3.76470
2.77677
3.34382
3.57755
2.19971
3.82337
3.97766
2.52032
3.43815
1.15904
3.85391
4.06824
3.54901
0.50487
1.89609
3.65390
3.45247
3.56479
3.49210
2.80380
3.82211
4.06479
3.06112
3.84516
3.44320
3.93543
3.21865
3.46433
3.71265
3.57823
3.05987
4.04858
3.13447
1.07775
3.46609
3.71275
3.74456
3.71136
3.89705
3.76727
0.92739
3.83307
3.97106
4.05252
2.35717
0.78141
2.61637
3.21206
1.03416
3.93418
2.54155
2.59308
3.05266
3.09616
3.27741
3.72028
1.92884
3.65077
3.70804
1.42147
1.48962
3.78444
3.89886
3.10377
2.71111
3.16370
1.37060
2.11863
2.19487
1.50167
3.79338
2.42927
4.04828
3.87347
3.86812
3.63508
2.90937
3.70535
4.09342
2.52815
3.91114
2.99396
3.75178
2.51445
2.66603
3.36967
2.05016
2.55893
1.82845
3.63937
2.48658
1.54081
3.72167
3.59928
1.85218
0.44847
3.44996
4.07749
2.59870
2.90541
3.96444
3.08675
3.53875
3.14731
1.58952
3.79958
3.97211
3.82585
3.10944
1.99343
3.37481
2.01965
2.60308
3.64354
3.39528
2.27948
2.05943
1.75945
2.61502
4.06510
3.55977
2.81917
2.49766
3.80191
2.31332
2.90316
2.99025
2.21187
3.42166
3.68998
1.27810
3.41400
0.91142
1.21842
3.53031
2.70331
3.01735
3.88247
2.89473
3.99504
2.66212
3.61827
3.94845
3.61754
1.04709
3.66531
3.60682
1.97565
4.00955
3.36330
3.61636
2.68572
2.43028
2.98611
1.77465
3.92879
2.69952
0.23800
1.88725
3.10652
1.46842
3.35770
3.65676
3.68582
3.15181
3.46180
3.51179
1.02491
1.15535
3.49928
2.12289
0.81234
3.16930
3.54798
3.49976
3.99833
3.81335
3.42463
3.66111
3.83022
1.72479
2.03050
3.61915
3.94866
0.15078
3.93368
1.04515
3.27634
3.66290
3.34758
4.03555
3.74454
2.28026
2.97456
3.27137
3.05777
4.00669
3.71246
3.59312
3.62107
3.59291
3.70205
3.75255
4.12457
3.20123
2.81536
3.58723
1.51386
3.67346
2.20606
3.42999
3.69586
3.59670
3.09936
0.99067
3.60171
2.42203
4.09963
3.56938
3.84468
3.63318
3.06340
2.33308
3.66916
1.30994
3.15760
2.61639
1.72455
3.69843
3.95734
3.59837
2.29100
3.70355
3.57942
2.44140
2.92299
1.25318
1.92144
0.84738
2.04021
2.11893
0.76222
3.16355
3.74558
3.89391
2.19507
3.08429
1.91022
3.61233
3.42691
4.01251
1.97850
1.46971
2.91636
3.90435
3.05583
2.59934
0.02312
4.04836
3.05525
3.96491
2.52224
3.67583
3.70704
3.72701
1.59262
3.53398
3.68030
3.56067
3.01937
2.56330
3.93984
3.95433
3.57700
0.16193
3.82575
3.65060
2.82919
0.03826
0.87124
2.38188
3.77832
2.49289
3.15349
3.17624
1.92757
3.82007
2.65286
2.64396
3.69908
3.41686
3.92252
1.77980
3.91150
2.33764
3.27439
1.47604
2.03571
3.70997
3.52639
2.83962
3.24320
3.69565
0.85910
3.80949
1.32465
0.85335
2.87485
3.57602
2.70818
3.78787
3.75111
3.66649
3.57223
3.98078
3.85743
3.18663
1.28431
2.61960
3.77080
0.76449
3.51680
2.41174
2.81602
1.17148
3.68189
2.54680
3.79715
1.18471
4.08020
1.20085
3.66924
2.36731
3.65022
3.56202
3.79243
2.23372
2.77909
3.75530
4.06528
4.05586
3.63215
1.35962
2.38534
1.23226
1.22165
3.05860
2.38786
3.65391
3.78325
2.81816
3.36456
3.94716
3.95537
2.99881
2.98109
3.28891
2.87027
4.03766
3.78171
1.91265
2.77596
3.52846
3.14751
2.56091
3.81250
2.32649
0.63052
3.69131
2.82127
2.61784
3.17319
2.33089
2.83056
3.10045
3.57844
3.69693
3.69438
2.03633
3.11822
3.16164
1.08206
3.59768
0.79260
2.44333
3.65673
3.22446
0.83246
4.01531
1.21583
2.96358
3.55459
4.02673
2.97860
3.21723
3.54889
2.11640
3.43269
1.76385
3.88652
3.14689
2.40964
4.14635
3.32432
2.71067
0.25965
4.00108
1.67413
3.26582
4.12162
3.59971
2.43306
3.94920
3.28384
3.09614
3.87881
4.08952
2.61442
3.86010
1.17925
3.42712
3.54787
3.48693
1.80284
2.49222
2.03042
3.26622
3.58313
0.78316
3.57518
1.57696
2.87710
2.79243
3.47495
3.83634
2.86923
1.30883
4.07065
3.43335
2.07943
0.66577
2.44403
1.71303
2.90411
3.76662
4.02206
3.31520
0.90270
3.56392
1.87824
0.82726
3.47107
4.08767
2.77156
1.40805
2.91581
2.89718
1.75282
3.17631
0.92448
1.64729
4.09433
3.70691
0.87352
3.12458
4.03533
3.64158
3.58913
2.28688
3.95668
1.58250
2.89940
1.39628
3.87017
3.34967
2.53837
3.01529
3.62832
3.45683
3.88234
1.54116
4.05423
4.10923
3.54746
3.19018
3.72583
3.77710
3.86668
4.02830
2.84952
2.64825
3.68471
2.60384
3.72356
3.86876
3.32572
3.79687
4.00383
3.05603
3.80278
3.69326
3.37247
3.45085
4.04298
0.95593
3.56305
3.72716
3.84451
3.43255
1.28905
2.55753
3.94722
3.71530
2.82388
2.13985
3.22261
2.00837
3.41955
3.64575
4.02039
3.87791
3.43723
2.86535
1.85488
3.60655
3.83158
3.14293
2.27823
2.89533
3.86916
3.60436
2.81322
3.66530
3.64091
3.83189
3.35647
2.23817
2.80674
0.03917
1.98650
3.57248
3.79725
3.12946
2.94431
3.96399
2.53556
2.88494
3.37003
3.18586
2.67814
3.58962
3.18138
3.63422
3.29159
4.12986
3.05733
3.17616
3.53296
3.89878
2.82742
1.71216
3.18878
2.84602
2.13409
3.30676
3.99704
2.00556
3.83133
3.88816
1.16511
3.72395
3.18792
3.92385
3.06497
3.79671
2.96899
2.44898
3.08341
3.02729
2.61093
3.98033
4.11127
3.80955
3.75125
3.91712
3.87133
3.00435
2.47256
4.23132
3.64516
3.91124
4.08891
3.80697
0.46887
2.74423
1.46937
3.88381
0.51846
3.27357
3.75688
0.33859
3.97134
2.47528
3.79024
1.44787
2.37130
1.25212
3.63633
3.50617
3.83088
3.47797
3.83259
3.17679
2.95509
2.81292
3.31616
2.17918
2.27808
2.54609
2.37182
0.15416
3.18623
3.78326
2.64695
3.70591
3.33858
2.85432
3.09147
2.80393
2.34316
3.06073
3.53520
3.33129
2.86436
3.15535
3.82523
1.87902
3.97344
3.74862
3.67595
2.76120
3.88073
0.72979
3.81920
3.16985
3.04123
4.08374
3.87413
2.96032
3.51358
2.26444
0.63789
3.82932
4.01977
2.73819
2.01905
3.94367
2.62712
3.89051
3.69405
3.61462
3.50512
3.10928
3.38835
2.00153
3.48981
3.96630
3.88854
2.24436
3.00788
4.08997
1.82908
2.24941
0.49890
3.93161
3.86901
3.91722
1.90963
3.07643
4.19715
3.88412
2.24671
3.98557
1.68271
3.56777
3.76059
3.49038
2.54732
0.96530
2.49710
2.73345
2.20092
3.84585
3.86834
3.14425
3.67377
2.59178
3.70693
1.80773
4.01761
2.60918
2.25929
3.45109
3.26207
2.06666
4.06002
1.50609
2.69145
3.41190
0.82293
1.32595
3.35947
3.27634
3.80312
2.13989
2.88474
2.79887
2.84774
2.97696
4.08071
2.99396
1.86467
3.65827
3.44239
2.98637
3.65471
3.53587
3.84876
3.15688
3.49641
3.73780
0.78197
3.77129
2.91251
3.69056
3.13092
3.58600
3.66803
3.44705
1.00343
3.21567
3.94068
1.93062
3.25129
3.91433
3.52517
2.93591
3.26025
3.85318
1.61294
1.29219
1.82321
3.69913
3.92585
3.80022
2.53903
2.37177
3.19643
2.04789
0.73693
3.64657
3.57789
3.88163
3.84020
3.49380
1.44023
3.74640
3.81586
3.69503
3.09627
3.26997
2.03805
3.96062
3.96300
1.04438
3.48872
3.94055
3.55827
0.79038
2.39668
3.30578
3.39249
2.97923
3.10485
2.77846
3.34733
3.22768
2.76675
3.83085
4.19434
3.48704
3.92243
1.38836
3.69486
3.76785
3.03009
3.62724
3.55063
4.07078
4.18247
2.08876
3.36991
3.78896
3.88292
2.09710
3.75543
3.53885
4.06673
3.70340
2.58843
3.34895
3.81062
3.63305
2.90820
3.34943
2.15052
2.88887
3.61691
3.77030
2.14328
2.98313
4.03139
3.26702
3.74310
2.13777
1.95753
1.83925
2.23858
1.42351
2.34359
3.97536
3.81651
2.10816
3.67498
2.64344
3.49139
2.97419
3.26909
3.41740
3.82869
4.09221
1.02117
3.28954
3.97092
3.43011
2.39269
1.49976
2.60603
3.90459
3.30537
3.12806
3.20246
4.16287
3.62174
3.43153
3.52784
3.70428
0.54701
2.88796
1.37918
2.67141
4.05318
1.42100
2.35894
2.29764
3.90156
2.60523
3.45499
1.86822
3.81299
3.71430
3.98620
3.29585
3.25119
3.61558
0.77288
3.85766
3.61194
2.78681
3.25640
3.02230
1.84260
3.38913
3.75168
3.75667
3.56608
3.60391
3.66445
3.80422
3.19707
2.62269
3.90785
3.68935
3.28523
3.71492
3.95935
3.74288
4.00214
2.42396
0.10989
3.91727
3.71577
2.75431
2.90658
2.47066
3.70496
2.78399
3.44859
2.70528
4.08362
3.56535
2.78266
2.63252
4.07953
3.52027
3.13910
2.09705
1.79870
3.02487
1.82549
1.84237
3.40865
3.74880
3.73180
3.25501
2.04291
3.92669
4.24772
2.56159
3.83808
3.43854
3.89934
3.49650
3.88681
0.33413
2.05754
2.90207
3.50276
2.04299
2.08676
3.38691
3.40748
3.81431
2.08997
3.85823
3.44611
3.69333
0.94251
2.89626
1.21470
3.57077
3.28114
3.36734
0.33254
2.34871
2.05452
2.08224
2.88858
3.48524
2.97983
3.68881
3.49756
3.74597
2.14573
3.87691
3.46696
1.72843
3.26625
3.39000
4.01811
3.76671
2.10044
3.82627
2.63074
3.23963
3.04475
0.33003
3.81905
3.90281
3.72886
3.64586
3.63875
3.83691
2.04616
3.55602
1.81704
3.52436
3.90291
3.78262
1.78799
1.19862
4.04985
3.69286
2.39031
2.97907
2.10312
2.93786
1.46983
2.98910
3.78725
3.48572
2.85979
2.39766
3.56496
3.43165
1.37044
3.60819
1.72052
3.31672
3.32954
3.23883
2.17077
3.26656
2.53190
4.10856
1.36876
3.06704
3.74317
3.39567
3.72898
2.88492
3.56034
3.63300
0.27175
3.76273
2.48752
3.52953
2.97483
2.42718
1.84037
3.71393
3.89890
0.28078
3.03663
1.68442
1.49720
2.46753
1.58509
3.77098
0.52827
4.22192
3.63140
4.14516
3.51521
2.72874
3.18107
3.60185
3.97292
2.57897
2.52652
2.80665
3.23883
3.91280
2.24085
4.16288
3.91891
3.78508
2.74129
4.03292
3.64415
4.00720
3.84554
1.38733
3.68697
2.87365
3.77898
1.24409
2.68304
0.71876
4.15230
3.60998
1.72363
3.83848
3.93605
3.59014
2.80656
3.45820
3.18541
2.05638
3.89227
3.76742
3.93077
3.44031
1.46490
3.84844
2.68227
2.62803
3.63353
2.21018
1.48984
2.53974
3.37295
3.38658
2.86468
1.78828
1.21830
3.57384
2.45489
3.50410
1.63379
1.32514
0.95864
2.81854
0.93090
0.78723
3.18248
4.14301
3.40015
2.92027
3.49526
3.82168
3.57588
3.52317
0.30347
3.72470
3.59204
3.89412
3.89594
3.58119
3.34288
3.87392
2.05463
2.62533
1.23395
3.73734
3.26642
2.59563
3.77651
1.51708
3.29338
3.66638
2.58126
3.98148
4.13817
2.81751
2.98274
3.81671
2.24681
3.53817
1.96188
3.93227
3.35247
3.53730
2.75837
2.43770
1.52961
2.42598
3.56330
3.68480
1.82378
3.25549
3.32863
0.78452
3.01963
3.06081
2.64671
4.21775
3.62379
3.13835
4.04737
2.17008
3.54550
3.64479
2.12437
3.90364
0.04831
3.86324
3.72755
2.98830
3.06279
3.88041
3.83563
3.37565
2.52234
4.00301
3.86021
0.61482
3.59397
2.76577
3.45034
2.45618
2.59138
3.48560
1.04490
3.39647
3.57202
4.23866
2.63573
2.83544
3.58759
3.32180
1.10426
2.99742
3.34523
3.15506
2.64585
1.30469
3.86403
3.30590
3.24248
1.92989
3.29554
4.10160
3.78094
3.56131
3.15140
2.63766
3.89128
3.84199
3.88924
3.80304
4.07624
3.82361
1.20328
2.82573
0.97468
3.35769
0.70126
3.32476
3.91822
3.52255
3.79463
3.49249
3.93194
3.72109
3.37779
3.46760
2.25769
2.65380
4.01493
3.26359
3.39157
3.52138
3.22930
1.33455
3.65377
1.08185
2.30437
2.86013
3.24218
3.75037
1.89268
2.01525
0.69259
1.69148
1.15851
3.39869
3.39752
3.87286
3.42540
3.26807
2.72693
1.97178
3.75372
3.81990
3.68365
3.67773
3.68995
2.32675
1.42093
3.71937
3.83652
3.42069
4.08168
3.20825
3.40542
1.66377
3.83742
1.43130
3.61452
3.42755
3.65039
3.89551
1.83064
1.31939
3.95408
2.84673
3.41948
0.76811
3.48011
3.92002
2.18061
3.61357
3.55691
3.69697
3.28016
3.66980
1.74652
2.18740
2.95117
3.95405
2.04294
3.59152
2.01518
3.96030
3.78823
3.25217
3.56971
3.80249
3.80827
3.60391
3.60013
3.96825
2.12347
2.90538
3.75852
4.04215
3.29247
3.76706
1.83546
2.29250
2.23241
3.86625
1.73639
3.59965
1.69591
3.60084
2.04359
1.54359
3.37819
2.57660
0.98537
2.39673
3.43717
1.20502
0.61080
3.92083
4.09226
3.42764
4.07555
3.89563
2.00983
4.17013
1.25481
4.02790
1.43619
3.78453
3.73670
3.50014
1.23835
2.71457
1.00607
3.33726
4.05628
3.65926
3.78924
4.04690
1.88963
2.88284
3.62149
3.78568
3.55498
3.44594
3.25011
2.11811
3.67936
4.01203
1.20776
2.08500
3.65288
3.43457
3.33888
3.59590
3.86174
2.34320
0.28604
0.91434
3.93230
3.82361
2.07486
3.81197
3.56802
3.80855
3.82105
3.89669
3.81524
4.01987
2.16643
3.36205
3.46906
2.02180
2.94792
3.43604
2.38821
3.32489
3.52975
3.62101
1.48515
3.70503
3.89258
2.20428
3.93302
3.09137
1.35200
4.06939
3.80916
2.79885
3.49595
0.68437
2.94651
3.86951
3.64120
3.84997
3.87042
3.49872
3.44183
2.44230
0.07978
3.66961
3.54777
2.00059
3.53599
3.90576
3.88981
2.08543
2.44720
0.31407
3.10909
3.75567
3.50048
2.83111
3.57500
3.83910
4.00166
3.74788
1.51367
3.35555
2.72216
1.25224
3.36820
2.00358
3.20541
3.60113
3.94671
2.95822
1.90690
3.35649
1.86069
1.82660
3.52104
3.55873
2.56903
3.03932
3.87587
1.29964
2.96195
0.58616
3.32286
1.98894
3.63772
2.74741
2.03768
3.05216
1.64500
2.77340
3.44200
2.27659
3.60501
3.67913
3.62558
2.40473
3.24359
2.44408
3.77011
3.09442
3.17707
2.59385
1.06566
2.95853
4.07160
3.78535
3.92055
1.93457
3.25425
3.51712
2.36403
3.88139
3.98499
3.95153
3.85133
3.68761
3.89832
3.62435
2.28470
4.03942
3.46943
1.43679
3.99778
0.32637
2.43659
3.78081
3.20476
2.47201
3.41192
3.63828
3.54191
3.43180
3.59760
3.55547
3.65501
3.68068
3.10096
4.07725
4.13807
3.81765
4.06997
4.01549
3.24677
3.91921
3.69775
3.30318
2.94862
3.68877
2.76220
3.95757
2.95098
2.57582
2.59774
1.10013
3.66429
3.72225
2.20951
0.31032
2.21610
0.30682
2.57450
2.66313
1.91436
3.62474
3.67676
3.61055
3.46464
2.69688
2.44904
4.23752
3.92511
3.68070
2.22031
3.69601
3.35104
2.48713
2.94611
0.55575
3.86828
3.87039
2.35989
3.64920
1.76086
3.64556
1.87806
2.12439
3.09648
2.16841
0.63958
3.59010
2.75705
3.88392
3.50566
1.30957
3.28876
3.47543
3.84215
2.38483
3.68606
1.44150
3.38259
3.90527
3.99682
2.29617
2.71956
3.97277
2.24632
1.75052
3.87443
4.10531
3.57816
3.57665
3.95103
3.98281
2.46248
3.43712
3.38805
1.65215
3.62363
2.19125
2.26279
3.12161
3.43291
3.93078
3.30344
3.34373
3.08098
4.01400
2.76518
2.90579
2.31253
1.55273
3.64558
3.46204
2.54888
0.92801
3.99258
3.71205
3.00833
4.06539
3.90009
3.09414
1.11896
2.29371
3.57133
3.79662
1.83036
3.20402
1.36699
3.91340
3.38074
3.86713
2.68946
2.16198
3.71156
2.98406
3.87577
2.61190
3.59863
3.55637
0.11163
1.23018
4.18631
1.70640
3.77406
3.40845
3.55173
1.61573
3.22800
3.50967
3.92487
2.81098
3.26888
3.00542
3.26137
3.94835
3.83288
3.74138
3.72610
3.15458
2.87789
3.65366
3.79510
3.88329
3.45599
3.94122
3.55229
3.81847
4.00160
3.34102
3.87209
3.30107
1.91290
3.55596
3.82604
1.03515
4.00325
2.84105
0.04313
3.79901
3.18214
3.95710
1.45775
3.51229
2.48271
2.53916
0.71538
0.57740
1.54598
4.19150
3.43566
3.79203
1.60418
3.41069
3.60297
2.24777
3.69907
3.82772
2.96086
2.94107
3.58339
3.65272
2.22604
1.96205
3.66973
3.86079
2.70449
1.36952
0.67846
2.30072
3.74635
3.71147
3.89827
3.23602
2.35255
2.08688
1.24384
3.88488
3.71541
3.35732
2.69035
1.61626
3.98832
1.89225
3.05755
3.87159
2.77877
0.31103
3.58784
2.57415
1.93023
3.88594
1.81696
2.72583
3.52366
2.40774
4.05241
3.84277
3.92842
2.53894
3.51213
3.86939
3.97572
3.27689
3.70799
3.24734
1.28732
3.90256
3.49407
2.89295
4.08737
2.20432
2.93023
3.91361
3.73684
1.49104
4.19230
0.46361
4.04062
3.54194
2.98310
3.56353
1.78137
2.07746
3.92763
3.05366
3.64491
3.63056
1.95824
3.06509
3.87031
1.68104
3.66727
4.01023
3.73287
2.96805
3.06982
3.65746
1.89930
3.26903
3.07187
3.07417
2.94528
3.94610
3.07898
3.79817
3.36520
3.28424
4.11226
3.72766
2.59317
3.18470
2.46358
2.38608
4.15746
3.82238
2.32946
3.80142
2.05772
3.79002
2.03246
3.08342
3.06634
2.61443
2.82431
3.56263
3.81864
3.83145
3.44753
1.50876
3.83453
3.89792
1.29505
2.78675
0.61309
3.64161
3.96545
3.53402
1.92546
3.74778
2.16486
0.92281
3.98842
2.00159
2.62721
3.46251
0.91044
3.34959
3.77737
1.78667
3.65414
2.86519
3.49782
3.31351
3.25481
3.30984
2.96701
3.87604
3.80287
0.92107
3.63582
2.94579
3.41036
3.81558
1.47636
3.90594
1.38258
3.52437
2.29001
2.52729
3.73919
3.67243
2.16252
1.59122
3.37761
3.02435
2.74230
3.74112
2.30181
2.85181
2.52598
4.08795
0.88905
3.81907
3.78684
2.86382
3.26610
3.48873
2.09633
3.27576
3.15755
3.54620
2.88837
2.04266
3.36496
3.44465
3.87537
2.30212
3.85759
2.46223
2.26740
1.77954
2.88280
1.18151
3.15383
0.54303
3.29702
3.02026
3.88572
3.48674
0.70811
3.58294
2.39801
3.75390
3.07307
3.17228
3.23777
3.94400
3.62455
3.59328
2.50829
3.24734
3.85619
2.44851
2.22313
3.47569
3.73737
3.56296
3.76010
3.61774
1.53866
1.13325
2.30750
3.69659
1.53311
3.74913
2.54949
3.49410
2.65535
3.79575
3.19693
3.80562
2.57906
2.32052
3.36772
2.93846
1.46550
0.14147
0.66895
1.17712
3.14712
2.98226
3.65777
2.35028
3.39130
2.24511
3.80913
3.49762
3.71131
1.68026
1.96723
3.94263
2.82279
2.95522
3.35816
1.97457
1.11362
2.01179
2.90338
2.13458
3.55212
3.15470
1.96378
3.82203
3.99037
2.49736
2.48942
3.86597
1.52078
3.08383
3.92659
3.63233
2.06586
3.15461
2.39574
0.00119
2.69383
3.79263
2.86280
3.27051
3.66900
1.33504
3.70376
3.61445
4.08361
3.99426
4.06353
3.79995
1.44816
3.91815
3.95304
4.06723
1.37405
4.00804
1.15429
3.18280
3.33679
3.72364
2.35546
2.42230
2.59771
2.89056
2.50786
2.92191
2.77070
0.93009
2.16627
3.39870
1.10572
2.49963
3.46161
3.11700
0.56909
3.16222
2.17996
2.69660
1.38100
1.66717
3.29905
4.09719
3.44401
4.07550
3.58482
3.42279
1.86485
2.39721
3.76099
3.91407
3.69478
4.06421
1.92695
3.06320
2.46872
3.54589
3.03134
3.33350
2.70951
3.46500
2.58208
2.45696
3.09667
3.27043
1.91351
2.41207
0.63202
2.06496
3.26426
3.61989
3.86547
1.00380
3.70209
3.90355
2.97136
0.49945
3.86092
0.30523
2.80775
3.31621
3.61795
1.33708
4.00568
3.41425
3.60997
2.85691
3.40948
2.13073
3.72809
1.85434
4.03828
3.20848
2.30209
3.68403
2.93028
3.45085
0.07627
3.55738
3.27872
2.25171
1.62256
3.08261
3.52691
2.42521
1.57870
1.76651
2.96172
3.61624
1.50453
1.01669
3.29855
2.16692
3.51424
3.63489
3.21345
2.50660
1.06361
1.57031
4.01037
2.93959
1.24599
3.70597
0.76767
0.67984
3.17148
2.46755
2.33215
1.84406
2.82546
3.89413
3.61659
2.82733
3.98497
3.31651
3.87551
3.45903
0.49923
3.71119
3.84992
2.75586
1.78690
2.87988
2.82073
3.59523
0.55646
3.22721
4.05210
3.82727
3.71187
1.34464
1.00791
3.65912
2.36703
2.80458
3.55475
3.00293
1.65761
0.55102
1.73120
2.78397
2.71085
2.88281
3.57980
2.97035
4.17562
2.05519
3.81847
3.30822
3.60729
3.72022
2.69143
4.09728
2.40223
3.59046
2.90549
2.75199
3.59419
1.24048
3.80537
4.00189
1.32906
3.48842
2.08903
2.70029
3.59301
3.18558
3.91266
3.22021
3.36472
3.58876
3.59533
3.33117
3.39346
1.15430
3.78087
3.63739
3.22936
4.18430
3.95337
2.98623
1.39517
0.85858
3.68476
2.17909
0.69575
0.85802
3.88263
3.96420
3.02304
3.76447
4.08756
3.90794
3.07396
3.57380
3.66802
1.23159
3.43721
2.76814
2.43037
3.42854
3.98755
2.91272
3.14832
3.90941
3.62117
3.99165
1.18696
2.16943
2.86678
1.78131
3.82672
3.78898
2.61531
3.17600
4.01864
3.90774
3.68153
2.07085
3.00855
3.45137
1.41637
3.80679
2.64011
1.62708
3.86452
2.99273
3.40561
0.42953
3.84186
1.22266
3.10974
3.64292
2.34143
2.84916
3.30041
2.55533
3.71949
2.28782
1.68012
3.40125
3.76792
3.14556
3.72721
3.75553
0.86444
1.76684
3.18165
2.33061
1.42405
0.82486
2.63371
1.98374
2.87176
3.44711
0.07828
3.61331
3.65572
2.26425
0.78984
3.60729
1.90560
3.69886
2.18120
1.63040
4.09176
2.64980
1.14051
3.20053
3.05331
2.02489
1.10183
4.05668
3.49818
3.82143
3.42233
3.20776
2.69056
0.67640
1.81869
3.71976
2.86863
2.84961
2.85816
3.71260
2.07848
1.93996
3.95445
0.87581
0.69294
0.78336
2.70034
0.78009
2.71188
3.96346
2.43257
2.86989
3.72993
3.66183
3.46810
2.40421
3.00576
3.54214
3.79243
2.99255
3.94732
3.02178
3.75279
3.50431
3.63131
0.58182
3.36127
3.58607
4.11022
2.68033
1.41945
1.42043
3.40402
4.01348
2.78154
1.62392
3.57897
2.34699
0.78773
3.44778
3.90126
2.05033
3.80016
3.61451
2.34519
3.93481
3.73910
1.92359
1.36575
3.76624
2.22999
1.47765
1.40005
3.25296
1.62838
3.62305
3.85434
3.20473
3.80892
3.54887
3.98076
3.85338
3.76970
1.81519
4.09064
3.14338
3.44379
2.33468
3.14789
3.65163
3.41685
4.16647
0.62683
2.23235
3.54296
3.24085
3.67980
2.92317
3.81788
3.73211
1.95841
1.12223
3.42165
2.59282
3.60789
3.64825
1.62094
3.65360
3.61625
1.40284
3.65795
2.08604
3.93304
3.65400
3.77401
2.56579
3.24604
1.69010
3.84381
3.87926
3.87695
1.78742
1.28974
3.68041
3.83595
4.05605
0.93043
3.23918
2.23137
1.73654
3.79028
2.95862
3.63899
3.57859
2.75293
3.42213
2.75847
3.48616
3.73916
3.45233
0.97575
1.72163
3.62789
3.44113
3.46327
1.96048
3.58112
4.14143
3.49380
0.05080
3.41364
3.97068
3.86972
3.59674
3.77756
3.50776
2.61383
3.96771
3.82104
3.94721
1.31753
4.12620
2.16853
1.94464
3.61789
3.72309
3.37773
0.62085
3.34430
2.65376
3.80422
0.69968
3.73611
3.05973
2.70968
4.10056
2.73507
1.33426
3.58887
2.74991
3.19286
3.45581
3.89313
4.00292
1.56929
0.28903
3.72075
3.73960
3.02510
1.23668
0.72083
2.54625
3.77484
2.69110
4.05232
4.13406
2.64019
1.65245
3.01842
3.12910
3.89432
3.53357
3.53123
1.17709
3.47089
3.36128
3.56954
3.16988
3.31321
3.85607
3.41861
1.02467
3.77769
1.02425
3.23133
1.95987
2.89906
3.71792
3.25320
3.45180
3.83894
3.46234
3.63235
3.71375
3.62550
4.10738
2.55878
3.75503
4.02486
3.47213
1.75832
0.20916
2.30960
3.61918
1.25101
3.71884
3.64083
3.11363
2.22481
1.35102
3.02128
1.04031
3.20933
3.74839
3.72019
0.32651
3.85938
2.58627
2.34935
2.52111
3.42951
0.55994
3.30507
3.61946
0.02049
3.92022
3.52921
3.91380
2.62100
2.74514
2.80328
3.45139
2.51192
0.89180
4.11664
3.07221
1.77274
2.77674
2.66160
3.46074
3.94031
2.26762
3.68051
4.14929
3.45288
2.22478
3.90402
1.18830
3.15070
3.05755
1.61769
3.96375
3.75260
3.42534
3.96398
2.87870
3.38398
2.32435
2.98318
1.57168
3.06624
2.28269
3.30505
3.56246
2.90650
3.62967
4.04653
3.83079
3.32226
3.63843
3.68985
2.83049
3.85433
2.53054
2.88065
3.69990
2.09448
3.48387
3.05200
0.60646
3.45219
3.64960
1.26155
0.40712
3.78511
0.31231
2.82140
2.09568
3.40390
1.27627
3.69272
3.49601
2.79362
2.45241
2.70442
2.88097
3.90346
4.17074
3.98405
1.41048
2.82783
1.55464
3.90708
3.54357
3.79566
3.14190
3.68417
1.82714
2.36465
3.70943
3.98397
3.62113
3.64980
3.65968
0.95285
3.39760
3.24764
0.68238
2.90071
0.49439
2.34038
3.14270
3.54361
3.37749
3.44756
3.81989
2.01703
1.03271
0.12161
2.65893
3.32522
2.33186
3.95753
3.96529
4.12548
3.90850
3.58508
1.20951
3.45024
3.30235
3.76593
4.10895
3.32960
3.09474
2.79115
3.50624
2.61510
3.72062
4.00487
1.72031
3.47322
2.87892
0.28737
3.73259
4.05025
3.49239
2.81158
1.81388
3.06928
3.83066
4.07895
3.42355
3.53744
3.89998
3.25439
1.21986
2.61080
4.11701
3.78762
3.61472
3.75834
4.08548
3.33812
2.35488
2.53215
3.98296
2.13897
1.24004
3.21057
2.10737
2.76011
3.30171
3.69417
3.36664
2.06726
3.67445
1.57685
3.59333
3.88531
1.34837
0.45262
3.87309
3.19096
2.82203
1.24448
1.98146
3.37730
3.04577
2.98666
3.75041
3.87288
1.14505
1.67191
2.30195
0.33975
3.22334
3.24915
3.95934
3.06211
3.93468
3.21354
1.84692
3.74957
1.03401
3.41819
2.33879
0.19257
4.05461
3.32719
4.06117
3.24004
1.91525
3.26548
3.88734
3.46943
3.86844
3.26538
3.74601
3.86883
2.18713
0.70239
3.77670
3.95716
3.55754
3.82981
3.87260
2.89041
0.89036
2.23769
3.66624
2.79270
2.50946
3.66130
3.89649
3.74009
1.95215
2.29351
2.81897
3.74027
0.72097
3.53128
0.58886
4.08030
3.75993
3.32422
4.21297
3.16294
3.46370
2.61515
3.93972
2.95433
3.93322
2.60435
3.07700
3.38663
4.07173
3.54164
3.02565
2.67651
2.43949
3.95038
4.21799
1.33205
3.80048
2.37232
3.37987
2.57616
3.96686
3.47125
3.42708
3.63026
0.14296
3.26975
0.75947
3.15952
3.81023
1.01595
3.65459
3.83172
3.14230
3.34468
1.83984
0.00106
3.74329
3.80643
3.80300
3.48845
3.33816
3.29158
3.78655
1.40771
2.82335
3.85672
3.13966
1.25210
3.17127
2.05930
3.52127
3.41819
3.59875
3.55647
3.62743
3.74324
3.60648
3.73402
3.76630
3.79034
2.69850
2.94519
3.14200
3.01811
3.96110
3.81580
2.87292
1.43307
3.50757
3.65978
3.15114
2.15056
3.14107
2.57971
3.65092
3.20583
1.74491
4.01618
2.65452
1.19496
0.26683
3.46289
4.07637
1.51041
2.29288
3.94702
3.19672
1.55763
1.53282
3.51877
3.52870
3.43401
2.92454
1.42202
3.16739
2.70910
3.69389
1.12370
3.65808
3.59397
2.72580
2.88371
3.66738
3.59708
3.60831
3.18002
3.84226
2.55476
3.51582
3.08385
2.20757
3.05016
3.99840
0.38479
3.69557
1.53432
0.24604
3.16107
2.60476
3.79120
1.01185
3.83140
3.37024
3.19084
3.79039
3.38667
3.16030
3.50822
3.04136
2.04838
2.89623
3.45773
3.30568
3.05903
3.24392
1.61762
2.15920
3.47748
2.63261
1.37253
3.74579
3.56821
3.72986
3.94264
1.52342
3.92773
3.18205
3.69164
3.88011
3.51928
1.48369
3.17730
3.43788
3.44032
3.51164
3.66437
3.53703
4.09296
2.14041
3.58523
3.85111
2.69881
3.61904
3.14478
2.55751
2.58800
3.19152
0.53126
4.04396
0.04286
2.58867
3.59703
1.45528
3.82516
3.63966
3.43116
2.75220
0.69492
3.98711
1.18427
3.92418
3.28788
2.40850
3.22797
2.46722
3.60890
2.76081
4.26025
2.52193
3.03753
3.50863
3.16114
3.72382
3.58522
0.25648
2.53337
2.98952
3.93585
3.92425
3.51852
1.89136
2.48810
1.02461
2.95778
0.24368
3.66369
3.22799
2.90732
2.99075
2.33338
3.22180
3.77901
3.71110
3.43863
3.89754
3.85700
2.07500
1.66310
3.85822
3.12463
2.41910
2.15644
1.32820
3.30774
2.36867
1.60568
3.72929
3.38069
3.85795
3.25906
2.78150
3.87123
3.17879
3.85913
2.97077
3.81458
3.62820
3.94098
2.03008
3.57284
1.09111
3.61375
0.63908
2.73005
4.01950
3.68055
3.72401
2.75081
3.64554
2.98806
3.74248
3.88361
3.57928
4.19587
2.09363
3.37643
3.61932
3.55187
3.57390
1.14070
3.84703
4.03623
1.38113
3.04682
4.11133
0.97101
2.61973
4.09521
3.07975
3.90626
3.63748
3.68763
2.80547
3.21706
1.43626
3.86579
3.00883
3.77478
3.57569
1.23552
3.72391
2.96338
4.19304
1.81426
3.15193
3.79328
2.38587
3.50531
1.21852
3.76930
1.86377
2.42780
3.58449
0.66631
2.22022
3.70647
2.74663
2.97282
3.89222
3.89026
3.71262
3.28365
3.90905
3.03904
3.82290
0.91350
3.94101
0.97215
3.31629
3.81767
3.45158
3.67776
4.12627
2.16981
2.95089
3.66333
3.46587
0.06069
0.86880
1.78757
0.90102
2.45729
1.15122
3.07839
3.80568
3.55285
3.31206
3.71093
0.95081
0.40572
3.09640
1.00655
3.68248
2.80986
3.78322
3.36274
0.53608
1.44105
2.78283
1.13166
3.25824
3.58871
3.01915
3.61047
0.48335
2.42264
3.89322
2.87839
2.08953
3.85266
1.45867
3.97391
3.40893
3.61146
3.39694
3.40955
3.71149
3.22397
2.75109
1.91214
3.67656
0.65035
3.90057
3.55693
3.72133
1.45587
0.35562
4.05605
3.12116
3.12370
1.75876
3.84732
1.75028
2.74580
2.69343
2.59253
2.13930
2.72999
3.29965
4.01110
3.95229
3.70564
3.71712
3.84966
3.89910
3.42861
1.86211
3.40868
2.77933
3.92689
2.51074
3.64760
4.05329
3.31056
0.72187
2.99395
2.50116
3.48938
3.07623
3.31000
3.67559
1.22772
0.33385
3.79545
4.05010
3.79713
1.65211
1.61874
4.01583
3.36346
2.91586
3.44325
1.32088
3.67768
0.09750
2.37751
3.72024
2.24059
3.77304
0.71514
2.43850
4.06395
3.30658
3.57051
1.22190
2.96591
3.10633
1.90573
1.33370
1.40320
0.36403
3.63069
3.10295
2.85152
3.00047
3.41940
3.95219
0.20076
3.72044
3.40221
2.96181
1.02026
3.36746
2.42766
0.71068
0.88747
3.67944
3.64976
2.87137
1.93484
3.70562
3.02991
3.67661
3.48227
0.58114
3.59180
4.12471
3.85197
3.44654
3.95629
2.07866
1.72162
3.59258
0.21199
3.75779
3.77816
1.74260
3.46850
3.57484
3.24216
3.58816
1.28528
3.40406
3.39433
3.87067
2.60456
3.39508
2.19803
3.74464
2.27958
2.99366
3.52246
3.41851
1.88215
0.16654
3.90860
2.55056
3.54949
2.50528
0.93897
1.82443
0.56997
1.88639
3.97923
4.17892
3.34282
2.56121
1.57010
2.02036
3.32259
3.35235
3.76566
3.32522
4.04484
1.60676
4.19206
3.63307
0.11656
0.96065
3.40286
2.48087
0.88124
3.50554
3.87435
3.71144
2.98265
3.80314
3.58460
3.66527
3.42599
3.41226
3.59904
2.53430
3.58640
3.64331
3.24740
2.49286
3.81690
0.53999
3.81465
1.27562
3.76529
3.76458
3.05118
3.53865
3.65789
3.31247
3.85479
1.74005
0.02333
3.45898
3.93795
4.24384
3.55034
2.44454
3.89004
1.83057
3.53756
0.24599
3.97554
3.69843
3.61554
3.99595
4.07511
1.82781
1.71669
3.64609
3.62506
1.24731
1.31694
3.86723
2.94646
3.93876
3.19184
1.38135
3.84612
1.93110
1.07624
3.13072
3.51929
3.63591
3.78699
3.24175
3.05015
1.87147
1.11496
3.68110
3.86829
3.70610
2.33471
3.49980
3.76373
3.38274
3.31916
3.93538
3.40398
3.54065
3.75374
2.78897
3.90605
3.36866
3.71570
0.06606
4.03012
1.69138
1.91785
3.74523
2.23423
3.46144
3.85624
3.76034
1.81057
3.53201
4.19799
0.05891
3.83660
2.47531
2.66748
3.18596
2.79583
3.69089
3.59253
3.20778
3.70499
2.71873
3.50674
3.49852
2.73597
3.19761
3.52811
3.44928
2.26422
1.90356
3.56429
3.87773
3.45172
3.49287
0.30009
3.76762
2.75526
2.84177
3.87413
3.95151
1.66330
3.68750
2.07015
2.12381
3.17454
3.66307
3.13949
1.83121
3.69234
3.72936
3.85152
2.49255
2.45165
3.80569
2.29819
4.13135
0.16102
3.69180
3.21688
2.81171
2.65600
3.85993
3.25437
3.44892
2.98785
3.68645
3.52873
2.67372
3.23373
3.95813
2.35429
1.94524
3.91662
3.71390
2.00323
3.41718
1.36632
3.36835
2.93193
3.72881
2.17701
2.63950
3.49132
3.28373
0.76228
1.01981
4.00198
3.74347
1.85483
3.35496
0.33029
3.74858
3.74855
3.04062
3.22998
3.75700
3.20870
3.98975
3.45548
1.77367
1.94464
2.69094
4.13086
1.48149
1.17251
0.38158
3.15014
2.60692
1.27948
3.81639
3.08149
2.05803
1.10194
2.99025
3.19231
3.28639
3.87270
2.74206
3.54559
3.74576
0.05598
3.49668
4.04568
2.75200
3.72177
3.28638
2.93960
3.75649
3.50897
3.75946
2.11474
3.54418
3.05147
3.71139
1.60054
3.71437
2.74204
3.08757
3.82503
1.49311
3.76094
2.80805
3.37153
1.52212
2.08721
3.24096
3.44172
3.85808
3.55528
3.24399
2.79932
3.06122
3.73081
1.21720
3.73189
3.31126
3.65956
3.26003
3.74570
2.99453
1.22490
1.46113
3.57260
3.47773
3.29921
2.55910
3.20371
3.48124
3.83523
3.68552
3.78322
3.34378
3.12635
1.31688
3.88520
1.58856
3.56320
3.65278
2.78050
2.82710
