2.78925
2.50762
3.65266
3.82796
0.74882
3.29003
3.76829
3.72414
1.63100
2.72907
4.00072
3.84801
2.16330
0.88265
2.74568
3.29764
2.17811
3.85395
0.97073
1.04099
3.41471
2.90038
3.31771
3.81985
3.32306
1.38473
0.32847
1.14637
3.61530
3.66085
1.06679
1.48565
3.21180
3.47805
3.13302
3.52675
3.40992
3.93010
3.92564
2.34407
3.40157
2.64815
2.13027
2.13882
1.32818
1.06650
3.43212
2.70284
3.86629
3.98723
4.11444
3.86953
0.32521
3.80685
2.35550
3.84757
2.39381
1.35284
3.61011
2.59670
3.69627
3.26895
3.43773
2.70804
3.40676
2.84244
3.47322
3.21252
3.51459
2.14955
3.90050
3.99067
3.87141
3.48470
2.95289
3.35270
0.46221
3.32994
3.62699
2.68765
1.63412
3.51292
1.45572
3.23372
3.60722
3.01386
1.84806
3.04994
3.78855
2.39625
1.83817
2.01703
3.91969
3.39562
2.88710
3.88843
3.79250
3.97514
3.12355
3.89068
3.68228
2.57889
3.51522
3.35947
3.66888
0.31725
0.24034
1.45024
3.68591
3.65438
2.27842
2.04800
3.95080
3.00032
2.92784
1.91346
2.11618
3.43768
3.25708
0.21311
3.25815
3.91754
3.25381
3.11212
1.88009
2.35796
3.83716
3.63087
2.90536
3.62171
2.75417
1.70553
2.86496
3.65925
3.70913
2.73521
2.00467
3.81826
1.90969
0.49157
3.42119
3.01082
2.15261
3.54202
3.66227
1.59727
3.41921
0.01257
3.36501
3.41343
3.07665
3.58051
3.61004
3.24400
3.85841
3.81450
2.44649
0.57121
3.66706
2.58510
3.91386
2.44882
2.86430
2.52801
3.93845
2.53328
2.54858
4.02013
3.65303
2.78699
3.24045
3.79606
3.83049
3.92524
1.98607
3.23884
3.48653
1.97465
2.66056
2.89902
1.81801
3.76942
2.29207
3.45511
3.85465
3.56088
4.11870
2.28617
3.31501
2.13740
2.79235
3.13056
3.59925
1.99622
0.72841
2.32840
3.17484
3.37649
2.85567
1.66265
2.43348
2.54162
1.03519
0.42301
3.77375
2.61261
3.79224
1.27574
3.65704
3.95925
2.74137
3.41329
3.84355
3.44789
3.58869
3.27648
3.26061
2.20686
3.46929
2.66251
0.77626
3.44890
2.98080
4.08402
3.94711
3.51978
0.68858
0.95099
3.93700
2.50327
3.88611
1.90263
2.41709
1.84981
3.95496
3.27535
4.08039
3.73960
0.12966
2.94738
0.59445
1.41234
3.67265
3.84331
3.38461
2.81483
3.55281
4.13758
3.69916
2.75277
3.69165
2.91017
3.75465
1.60834
3.55963
3.79752
3.39891
3.95838
3.64367
2.44614
2.98545
1.87814
3.31963
3.55924
3.78720
4.02255
3.38187
3.47987
3.28472
3.05986
3.10399
3.90886
2.94000
3.52518
3.47647
3.08766
2.28030
3.85333
2.06112
1.91193
2.98229
1.67941
3.80465
3.44317
1.99678
3.78945
2.96503
3.85189
3.31338
3.66392
3.33900
3.58061
2.47993
3.36774
3.07518
2.94399
3.05647
3.41948
3.35424
3.84775
3.21883
3.55134
2.69160
3.74617
3.16953
3.46373
0.73182
3.77083
3.64707
1.68739
3.77411
2.92219
1.48055
3.17057
3.37084
3.96578
3.93382
3.76870
1.07104
1.36898
2.32966
3.58216
3.84347
1.30319
2.97687
3.65531
3.64781
3.39097
2.09073
4.05333
1.78545
3.79850
1.67041
3.18858
3.92287
0.60005
2.06940
3.84554
2.97017
3.03731
2.82500
4.02119
2.78197
2.26383
2.77364
3.60937
3.10162
3.77845
3.61181
3.92532
3.30738
3.86266
3.68080
3.04008
2.70271
3.76791
3.31639
3.77054
3.74981
3.78185
3.32139
0.30355
2.97310
1.14953
2.95310
1.92088
3.71085
3.45367
3.91700
3.86078
3.09088
0.48265
3.84103
3.36819
2.52569
3.81431
2.35506
0.46870
0.33978
3.67031
3.85980
3.08924
1.22210
3.90081
2.10262
3.69174
3.41347
2.43388
3.02871
3.31715
3.58542
3.06339
3.82067
2.19101
3.90636
3.47412
3.88945
3.41589
2.05236
2.63477
4.00146
3.74276
3.92790
3.92441
3.80734
3.64601
1.94765
2.62503
3.93319
3.51279
3.57583
3.82657
2.00541
4.16992
3.89344
3.85007
4.09763
2.59998
2.82362
3.16406
3.92215
3.66502
3.67019
3.40569
2.05652
1.45843
3.81732
2.71232
3.38696
3.54765
3.25823
3.38924
1.90308
3.59974
3.98986
3.78216
3.45682
2.65405
3.17391
3.40755
2.70805
2.45919
3.65247
2.99187
3.51772
2.23143
3.60386
3.31899
3.41621
2.91615
2.87394
3.56479
1.70184
2.51114
3.94563
2.98544
3.68134
3.67161
3.17958
3.23796
2.86372
0.51941
2.23822
3.80074
2.30679
3.54934
2.62603
2.39309
2.19350
2.80811
3.10387
3.71767
3.60325
3.53487
3.57389
2.56474
3.37086
3.19133
3.96984
2.32763
2.52840
3.61974
3.57796
3.76505
3.26525
3.03937
3.53056
2.03726
3.92933
3.39207
3.57959
1.65723
3.45459
3.68423
3.42738
3.38144
3.78093
3.53685
3.38441
1.46888
3.55859
3.53014
3.75827
3.30931
3.35252
1.69442
3.14562
3.59352
0.76155
2.98362
3.04440
3.56513
3.47345
3.51265
1.49131
0.38309
2.19994
3.70403
2.03577
2.56281
3.52839
4.17291
4.11864
3.76750
1.15747
3.73133
1.71863
3.13194
3.08639
3.28633
4.20925
2.64185
0.84399
1.04726
3.40809
3.11374
2.64248
3.67136
3.07441
3.80342
3.81225
3.51805
2.81468
3.16761
3.32705
3.05510
2.49807
3.79558
2.07234
1.95598
3.00688
3.75322
1.51955
3.86746
2.61058
3.04219
2.44774
2.51199
3.48062
0.80805
3.86190
3.64927
2.75447
3.32909
3.94761
3.39248
1.64829
2.53722
3.23027
3.96553
3.56794
2.74084
4.08833
3.17763
3.44937
3.59876
3.68510
3.24063
3.98532
2.15145
3.65547
2.87300
1.75198
1.84050
2.68873
2.37515
3.12302
3.36618
3.55841
3.82876
3.73364
2.49388
3.02613
1.46283
3.22623
3.26447
3.97905
2.01347
3.38672
3.78329
4.06208
1.84858
2.61572
3.95349
3.82705
3.31482
3.85099
3.84559
3.61856
2.37098
3.10282
2.50566
2.76350
3.31616
2.91166
1.95921
3.63590
3.40560
0.91470
2.75656
3.45090
1.10965
1.85031
3.54793
3.36875
3.82434
2.48151
4.10509
3.07694
0.44845
3.99477
3.38069
3.55989
3.75822
1.96841
2.19867
1.59811
3.65984
3.59768
3.18479
3.98733
3.82275
3.67382
2.65987
2.10895
2.88427
4.10862
0.17669
3.02600
1.90798
3.68226
3.99082
2.81467
3.66719
3.75755
2.13074
3.67575
3.64703
3.83203
3.92757
3.49028
4.13320
2.30591
4.01139
1.21419
0.00230
2.71485
3.63550
3.20546
3.59033
3.61354
2.25758
1.76228
3.52598
4.11279
2.88447
3.80594
2.98926
4.03535
1.76783
3.60542
3.57288
3.60928
2.51331
3.28882
3.71632
3.20388
3.72407
3.67086
3.65107
3.49664
3.58993
2.88443
1.95306
3.77644
3.74273
3.67624
2.26576
2.36206
1.98064
3.01190
3.45175
3.55384
3.60966
3.16842
3.17066
3.04800
3.43945
3.80154
3.45922
3.79933
2.70343
3.74451
3.74250
0.42530
1.76738
3.45076
3.83575
2.77906
2.79062
4.02503
2.17821
0.42609
3.88312
3.85955
2.27404
1.55298
3.77589
1.35071
3.51937
1.31658
3.72418
3.69034
3.37218
0.27316
3.08289
2.84344
3.67366
2.57703
3.76033
3.15917
3.82669
3.62732
3.90883
2.15342
2.82888
3.83346
2.75115
3.78684
0.22953
3.40337
3.71643
3.08561
3.46666
3.70285
1.96145
3.48679
3.77583
3.48280
3.42005
3.96655
2.68021
3.14215
1.31409
3.83889
3.43819
2.97198
4.01749
1.06561
3.55124
1.98258
2.47216
1.69805
3.71003
3.27202
3.88945
1.81929
2.99696
3.55562
3.46632
1.80773
3.88557
3.98040
3.32538
1.89915
1.14821
1.04366
3.59467
0.62864
3.92659
1.73200
3.73351
3.54854
3.21693
3.72932
3.46444
2.86968
3.07956
2.60014
3.90339
3.39155
0.51474
3.06723
3.41349
3.25843
2.01121
2.40371
0.62889
3.80063
3.36776
3.43244
4.04818
3.76740
1.85220
3.38477
2.79758
2.83772
2.32283
4.07060
1.98669
1.54783
3.59114
3.17207
3.62007
3.10919
3.34772
1.68659
4.06186
3.57598
3.81241
3.02166
1.32815
3.83582
3.29284
3.68894
1.98975
2.79151
0.90684
3.92260
1.01021
3.36003
1.44045
3.30168
3.83059
3.74128
3.57834
3.90601
3.84145
1.73778
3.89539
3.14741
2.57296
3.83604
1.99045
3.72375
3.60413
3.64161
3.83333
3.91167
3.60553
3.82104
2.15189
1.69110
3.32047
2.27482
2.51682
3.68072
3.48081
1.66453
2.80813
3.77067
3.46707
3.53262
0.22761
2.82962
2.46781
3.86376
4.02528
2.41429
2.85196
4.08753
3.40287
1.30647
3.33929
3.10383
3.16589
3.76773
2.83681
3.39283
1.68984
2.88243
0.85620
3.46921
3.78794
1.36640
2.83067
1.01947
3.99783
3.00569
3.31592
3.13117
3.82352
3.79195
2.78408
3.14773
1.87512
3.28732
3.09098
2.69498
3.38179
3.46137
2.76495
2.46164
1.66604
2.11820
3.93572
3.54280
4.14734
3.75822
3.53939
4.02290
3.63092
3.28832
3.39173
2.85418
3.46263
3.59005
3.10863
3.70727
3.61953
3.18937
1.33245
3.31367
2.24091
3.50177
0.14086
3.97312
3.53360
1.96411
3.54494
1.35536
0.81822
2.01013
1.57684
1.82902
0.84231
2.72797
3.72982
3.61419
2.74602
3.05060
3.79589
1.86996
3.64048
3.03456
3.28366
2.29156
3.26102
1.53587
3.39259
3.75212
2.16396
3.35018
3.70978
3.07307
3.33534
1.69831
3.10304
2.93185
3.58391
0.25189
3.40458
2.61758
2.65567
3.13347
2.72578
4.03351
2.22718
2.09099
4.14872
3.59240
2.52921
3.17800
3.42239
3.15987
3.56406
3.14645
3.71190
4.19804
3.60402
2.38805
2.82779
3.47446
3.03859
3.70315
3.99129
3.63674
3.57569
1.60745
3.99504
3.92528
0.99749
2.65900
3.04021
3.62612
4.13918
2.84926
3.86127
1.32930
3.63152
3.28499
3.65222
3.48295
3.89916
3.38630
2.36157
3.46245
4.09344
3.17119
2.56913
3.85916
1.64470
3.83084
2.48982
1.32090
3.09186
3.03714
0.41922
3.99619
2.06172
3.16408
2.83139
2.65045
3.51015
3.77476
3.48759
2.46661
3.02738
3.29289
2.17270
3.67998
2.82926
2.08658
2.48262
3.04296
2.69972
3.62429
3.79596
2.59403
2.54536
3.39377
3.52727
3.39364
2.41337
2.65542
3.68944
1.95471
3.39896
3.55311
3.86106
3.86912
3.71420
3.28628
2.49379
2.05947
3.67197
1.92147
3.65393
3.13999
2.92551
2.67028
3.59276
3.71035
2.09832
3.72457
2.23858
1.78407
2.97573
2.45811
3.94802
3.04986
3.59399
3.38702
2.21694
3.58324
3.70167
0.59308
3.39163
3.19730
2.18191
3.56254
3.72465
3.98905
2.56833
3.62519
2.24130
1.99345
0.99678
3.61577
2.85307
3.05389
3.73896
4.06298
3.18637
0.03940
3.81240
2.15740
1.02769
3.55659
1.81852
3.23885
3.03941
3.21621
2.41249
3.65363
1.92619
2.78121
3.00960
3.95209
3.29909
3.56936
3.24724
3.36764
3.96297
3.21224
3.79291
3.82631
3.47355
2.76885
3.20033
2.66478
3.52915
3.56875
3.69594
2.72273
3.19638
0.91293
2.89980
3.85799
3.64492
3.78753
3.07962
2.00753
3.65791
1.68626
3.06359
3.35330
3.39798
3.36975
3.36079
2.95818
3.26652
3.40441
2.33746
3.70209
1.80090
3.95987
1.51962
1.75670
2.33556
4.02048
2.49589
3.81401
2.67235
3.07656
3.57192
3.10695
3.16732
3.75972
3.57882
3.62144
3.28640
3.14461
2.67892
2.92762
3.96373
3.84651
3.41592
0.22342
3.52240
2.81208
2.56939
3.51141
3.40924
3.83807
3.19865
3.46234
4.03196
2.98127
3.46934
3.66794
3.52503
3.66954
2.05931
3.01024
3.49562
3.16304
3.47111
1.80444
2.95903
3.24640
3.96845
3.87750
3.48095
2.19469
2.16777
2.01104
3.78915
3.98820
2.74931
3.33434
3.80273
3.35901
1.07310
3.03000
3.37540
4.09593
3.66524
3.57706
3.88545
3.49186
2.13002
2.65023
1.24680
2.83141
1.05929
3.28509
3.34693
2.32748
2.37992
3.68203
3.47007
2.17761
3.25478
2.80021
1.67606
1.72694
2.14143
2.96364
3.83505
3.45535
3.90154
2.93795
3.56180
2.65104
2.69918
2.73822
2.83145
2.93880
3.01496
3.62195
3.21967
3.61076
3.85809
3.19778
2.54230
3.50562
3.72574
2.31755
3.65189
3.46553
3.04117
3.18924
3.75687
0.03997
0.81583
3.57421
3.99013
2.54363
1.66064
3.19683
2.64319
3.02057
4.06256
3.20546
3.67812
3.46788
3.72017
3.63278
2.26854
3.84987
3.94600
3.52707
3.84349
2.95003
1.62037
1.87153
4.01500
3.13983
2.93287
3.59297
2.78311
2.81392
2.54794
3.33753
2.20339
3.32232
3.83725
3.45326
3.63860
3.90339
3.57132
3.61089
3.09590
3.71570
3.92338
2.01479
3.14398
3.00045
2.04436
3.13455
3.21858
3.46597
3.55596
3.20982
3.82610
3.51590
1.20686
1.17270
3.90155
3.18621
2.88553
2.90815
2.01883
1.01798
3.10659
3.11104
2.27111
3.95933
3.13910
3.13459
3.06065
3.59556
2.47417
4.04377
1.73234
4.04278
2.05822
1.93318
3.87876
3.55625
0.39334
2.16924
3.88059
0.57590
3.60602
3.77338
2.69151
3.41312
3.20130
2.74392
3.70403
3.85359
3.83410
1.26693
0.91876
3.09370
2.26124
3.56133
3.60702
1.21677
2.24626
0.11613
2.27288
0.80287
3.19839
3.84944
3.61185
2.63884
2.14897
3.57849
3.89613
3.50487
0.66180
3.22422
4.00230
3.23765
3.69588
3.75261
3.74469
1.53331
3.15282
2.79967
3.64594
3.12961
3.38818
3.93412
3.05234
3.71891
2.52735
3.24439
3.61369
2.68288
1.00913
3.84348
3.15808
3.34415
2.70764
2.26053
3.77172
3.71489
1.79751
3.84299
3.26876
2.31245
3.46314
3.26350
3.28902
3.96207
3.06085
3.37502
3.31225
3.96814
3.59143
0.85733
0.90140
2.21715
1.38833
3.85049
2.63184
3.25075
3.49012
2.35976
3.77360
3.21599
3.56264
3.49458
3.18596
1.07268
3.07535
3.83666
3.62694
3.41328
2.91967
1.34836
1.17446
2.90276
3.28570
1.42599
3.55181
3.93785
3.08871
3.35923
3.74185
3.25957
2.53067
3.07555
2.99258
3.26446
3.50120
3.54354
2.85368
3.88526
3.99259
3.60870
2.81180
1.72656
0.84729
3.15684
2.27237
3.95511
2.75972
3.65745
3.45240
2.54464
3.18866
2.89936
3.51813
3.31501
0.40560
0.62682
2.99508
2.54147
2.83999
3.94812
2.47852
3.93662
2.26889
2.44968
3.51594
3.23877
3.51251
4.09867
3.41489
3.87481
1.16478
2.35219
2.65730
2.39028
3.24963
3.91720
3.11181
3.38632
3.54629
2.66502
0.80369
3.53720
2.58471
3.81651
4.02703
3.54330
2.99865
3.54257
3.91090
3.58034
3.60772
3.17781
2.38334
1.43220
3.57783
3.18895
3.76085
3.39704
3.29589
1.32385
3.60242
3.00208
3.70385
3.17844
3.63430
3.50447
3.72210
3.57931
4.02937
3.96248
0.81728
3.44482
3.99972
0.71355
3.71265
3.90488
3.64673
4.12465
1.63072
3.03750
2.04156
3.05179
2.65329
3.88296
1.95183
2.25190
3.28385
3.41887
2.93358
3.30275
3.52155
1.82790
3.83906
2.92538
3.60698
3.38093
3.14877
2.51458
3.75169
1.89806
3.41479
3.34552
3.44902
3.58811
3.64135
2.02592
3.52573
2.29408
2.51501
3.52026
3.34702
2.04715
3.87078
1.90363
3.53161
3.77411
3.49765
3.92831
3.77323
1.78555
3.36995
3.01659
2.91224
1.55261
2.40695
2.62265
3.67324
1.61337
3.50707
3.86230
3.52347
3.04287
3.58822
3.72777
1.78460
3.62433
3.93879
0.75516
1.36807
2.79367
1.37153
2.93468
3.19291
3.06482
1.46932
1.77670
3.28853
3.85962
3.74565
2.83927
3.42403
0.07440
3.07310
2.54057
3.19144
3.88800
3.80760
3.09143
3.97418
3.38537
4.10297
3.32443
2.73407
3.44214
3.71594
1.55273
3.38562
3.54940
3.84456
4.01453
0.88826
3.26178
1.97222
1.46744
4.00640
2.57990
2.85036
3.89324
2.95518
3.63278
3.75531
3.13097
1.33097
3.17098
3.27464
2.56598
1.26097
3.28810
3.70852
3.04510
3.68321
3.17361
3.09404
3.47226
3.71347
1.68131
3.72003
0.53806
2.97136
3.87999
3.71572
3.60394
2.30892
0.83867
0.89660
2.52870
3.81516
2.17764
3.38546
3.73258
2.93131
2.97715
1.06197
3.63138
3.64946
3.87203
2.64344
3.85228
4.11703
2.06073
0.52965
3.98696
2.18939
3.44633
3.50596
3.49918
2.56779
3.41753
2.90493
2.25273
4.01323
3.49819
3.81638
3.51433
4.09951
1.46442
2.25843
3.61696
1.89221
4.00386
1.06250
3.21150
3.44288
3.64577
2.99114
3.34699
1.55027
3.15404
3.81008
3.82990
3.97790
0.55219
3.18967
3.27284
3.56305
4.05838
3.53668
2.90463
0.98170
1.17297
3.83011
2.00786
3.80788
2.27492
2.55002
3.31487
3.77276
1.75717
3.64654
2.66358
3.75159
3.41088
3.69996
3.11109
3.80967
3.46631
3.83157
3.56910
3.02193
2.10551
3.49963
2.40074
3.52924
0.61602
3.05449
3.21765
2.68380
1.03651
1.47587
2.57132
2.66709
3.69986
3.66998
2.51162
1.38146
2.23397
2.89809
3.68969
3.71731
3.49271
3.73856
3.46278
4.03645
3.34054
3.51557
3.54132
3.06536
3.91400
2.19077
3.49037
2.98547
2.28560
3.97911
2.43659
2.56328
2.42186
2.76848
3.25292
2.97706
3.25867
3.03781
2.26941
3.63845
3.80028
3.69981
3.96708
0.76963
1.97199
3.84482
3.12313
3.41478
0.82901
3.64006
3.58979
2.72285
3.90710
2.63381
2.93509
3.84224
3.73626
3.90376
3.07421
3.19260
3.11576
3.92171
3.79109
4.08831
1.00006
1.94756
3.83564
4.00511
3.62957
2.65311
2.50438
3.90639
3.53131
3.84746
3.44476
2.04741
3.83055
3.99506
2.23841
3.38789
3.00321
2.36517
3.49021
3.78060
2.79456
1.67308
3.84373
1.97080
3.85410
3.06616
2.52644
3.62669
1.98463
2.77592
2.05836
2.72880
3.72722
2.39065
3.36758
0.80674
3.91321
2.78280
1.86845
3.42519
2.50961
3.77192
1.90024
2.24308
0.52461
3.88542
3.78856
2.56215
3.76142
2.85411
2.42146
3.08925
3.09168
3.00114
0.53327
3.56854
3.23415
1.09926
1.47016
3.94250
2.40885
1.21693
3.52748
3.58517
2.92023
2.96166
3.52444
2.54674
1.31370
1.15604
3.35264
2.60522
2.35176
3.79616
2.47341
1.91631
2.76928
1.34343
3.53899
3.44351
3.78666
3.69040
2.97532
2.24679
2.76623
3.83016
3.22635
3.16546
0.10827
1.96250
2.73176
3.38853
3.81238
1.98993
3.04467
3.10629
3.27350
3.41206
3.48201
3.66550
4.07559
0.84337
2.81670
2.26190
3.75658
3.74709
1.94210
0.88766
1.61065
2.22692
3.80430
3.76817
3.23767
2.41195
3.45089
3.72909
1.86254
4.02682
3.71215
3.23943
3.72994
3.64586
3.24797
0.38274
3.21893
2.84456
3.30914
2.54890
2.08199
2.16275
2.29510
1.64869
3.65373
2.00248
3.89746
3.64740
3.65673
2.72461
3.22378
3.39192
3.52407
1.40189
0.82776
3.57854
3.61239
1.53094
3.45015
3.41714
2.85725
3.90892
3.69936
2.85745
3.62300
2.90141
3.18166
3.67557
3.67543
1.40192
3.65844
3.60851
2.34580
0.20410
3.95758
3.83774
0.14960
2.16515
1.76144
3.47291
1.46199
2.73182
3.32562
3.85647
1.33745
1.90622
3.37570
3.89778
3.22369
3.85204
3.71617
3.57475
0.69268
2.83368
2.83904
2.88920
2.46925
3.54735
1.96316
3.92313
3.63380
3.72422
2.81126
3.40571
3.13083
3.73767
3.93109
2.24871
2.71748
2.51514
1.39106
2.46386
2.69891
3.81632
1.71210
3.64289
1.95749
3.20863
2.20294
3.69336
3.00175
2.26260
3.32193
1.60258
3.26288
3.00330
3.29115
0.15244
2.20478
3.26575
3.55314
3.55388
3.63279
1.31327
3.28760
3.40665
3.70578
3.86074
3.89767
3.68379
2.58311
2.70548
2.30888
3.13428
3.75118
3.69968
3.66573
0.96703
2.90468
2.76984
2.23951
3.80395
3.34037
3.21848
2.40062
3.81949
2.41987
2.09640
3.50734
4.00537
4.02347
3.59992
3.09994
1.22236
3.02672
0.19926
2.68127
3.19345
0.31417
3.66960
0.98285
3.55477
2.66047
4.04773
4.03606
3.14163
2.94450
3.59540
3.07912
3.17565
3.39360
3.67152
3.17822
3.12375
3.02666
3.63497
2.37812
1.86145
3.14429
3.85923
3.79466
2.24199
3.80739
1.71697
3.28914
2.49630
0.78497
1.97587
3.20184
2.77351
3.79586
1.56880
3.63846
3.38187
3.78611
3.20279
1.87271
3.50205
2.44043
2.39446
3.45165
3.52394
3.67829
3.67162
3.53005
3.26030
3.74924
3.76558
1.23853
4.14998
3.53617
2.26266
3.70604
3.76982
2.86115
1.09484
3.24698
3.49688
2.83151
3.83241
3.41153
2.16971
3.88768
3.62543
2.72995
3.50660
3.43937
3.72503
3.76357
2.57115
3.65738
3.83083
2.90206
2.38728
2.26547
1.16366
3.30269
1.30326
2.18283
3.24107
2.71512
3.67134
3.51658
3.25807
3.32339
3.64903
2.91974
3.74429
3.50745
1.76856
2.64610
3.90774
3.80123
1.32810
1.83319
3.57355
3.98323
3.53771
3.36522
2.00340
3.23581
0.36412
3.76099
2.16757
2.66574
3.11916
3.20700
3.86441
3.82563
3.27345
3.94667
3.24926
2.70982
3.51397
2.13581
3.16274
2.13828
3.51165
2.89243
3.61681
4.05231
2.43432
3.12004
1.72244
3.62772
3.40531
3.64738
3.53546
3.31946
1.98232
3.71385
2.38017
3.59156
0.69129
3.47231
1.64928
3.22358
3.66626
3.53465
4.03991
3.56210
3.59675
1.67888
2.69031
2.70134
3.44377
4.13695
3.27982
3.72045
3.70036
3.71521
3.41938
2.86973
1.40674
2.21749
3.51872
3.21296
3.98657
3.46396
3.14879
3.62569
3.57630
2.74645
2.05510
3.47298
3.02663
3.01502
3.71368
3.83496
1.06217
3.83024
3.18668
3.82848
3.43021
2.09473
0.22520
0.92770
3.60872
2.62120
1.77345
2.27424
3.59406
3.43497
3.25336
2.28230
2.51335
3.39269
0.57176
2.94189
3.30095
3.67113
2.17886
2.36759
2.87326
2.23107
2.26028
3.45837
2.55384
3.17261
3.66060
2.07665
3.60381
1.38124
2.03282
3.23365
3.20425
3.32247
3.44265
3.81936
3.01723
1.50232
1.35455
3.05904
3.90908
1.62092
3.97824
3.45179
1.99006
3.72183
3.51571
3.56530
4.06203
3.51012
2.06830
2.73639
3.55227
1.21282
2.93526
3.55392
3.16732
3.91958
3.35727
3.02390
1.98937
1.06060
2.26641
3.82128
2.60735
3.48496
3.57559
3.86898
3.04229
3.29296
3.72078
1.87674
4.13747
3.59457
0.34192
3.95247
4.00395
3.84680
3.34244
3.92038
1.55735
1.61929
3.52158
3.31582
3.50326
4.11602
4.04109
2.49638
3.61944
1.89459
1.43702
3.33593
1.79732
1.39770
3.31705
1.75327
3.48722
3.86522
3.81627
3.02444
3.75509
3.71005
0.39598
3.82082
3.85016
3.18571
4.02742
3.14664
3.27935
3.75760
1.93479
3.71697
4.15046
2.84495
3.76341
2.40718
3.33370
0.63007
3.67629
3.84079
2.15034
1.65314
1.82307
3.43445
3.55732
3.87690
3.45180
3.49768
2.69012
0.94636
3.53314
2.68154
3.73645
3.58581
2.98180
2.29579
3.55238
3.68808
2.67220
2.95546
1.13504
3.24874
0.56605
2.98613
3.19676
1.48474
3.16133
1.83589
3.92573
2.21258
1.67906
3.65375
2.81912
3.26025
3.26546
3.17340
2.94142
3.81948
3.03594
4.01624
3.14066
0.49329
3.48499
2.79710
2.46854
2.67574
0.95043
2.42706
3.62871
3.28925
3.97907
3.02144
3.71294
2.41945
1.05815
1.87852
3.51458
1.19154
2.29694
0.79934
3.79003
1.94145
3.76930
3.81056
3.64009
2.74436
1.22333
3.36201
3.68687
2.44556
2.76814
3.82659
3.37361
0.87913
4.04697
3.82595
3.48106
0.48212
3.26094
1.46143
4.07271
3.17420
2.85464
3.63298
2.53907
3.37463
2.26040
3.89147
3.10176
1.19258
1.90354
2.89949
2.94105
0.71325
2.35237
3.20646
3.78668
2.90095
3.76556
2.55285
1.09167
3.33300
3.94418
4.04229
3.54886
1.22325
1.27818
1.40029
3.51931
3.92025
1.10983
3.55023
3.83249
3.57327
1.97829
3.35985
2.86605
2.19291
3.71533
2.84598
4.16654
3.57829
3.21365
4.02650
3.33436
1.82754
3.91915
3.72219
3.97241
3.62635
3.29263
3.43985
2.74853
3.38215
1.95439
0.19996
3.32614
3.59490
2.03988
3.79685
3.48266
2.29727
2.32187
3.10736
3.42435
3.92237
3.53438
1.59012
2.77745
3.63646
3.60325
0.90126
1.47767
3.00093
3.83172
2.89914
3.26013
1.03910
2.66568
3.02117
3.97882
3.32591
3.91816
2.35691
3.66935
3.97318
4.03844
3.59614
4.00768
2.60792
0.84802
3.08187
3.09750
1.35691
3.63134
3.86171
2.98306
1.58014
3.07415
2.53120
1.95672
3.56731
2.30256
3.45798
3.21556
1.26511
0.25443
3.92418
3.07146
3.36845
3.72337
3.70402
0.23731
3.44164
2.35301
3.54469
2.63801
2.29764
1.37297
3.32287
3.46860
3.81341
3.71118
2.70481
2.17929
2.51766
3.80617
2.06015
3.60003
1.76437
3.67740
3.62519
2.88410
2.72024
3.51237
3.68587
3.76593
2.12965
2.44492
2.71525
4.09171
1.68288
1.55285
1.84765
2.32004
3.16027
3.63279
3.61221
3.09010
2.96734
4.01900
3.61931
3.31323
2.92040
3.90937
2.75911
2.33157
3.84727
3.19667
1.47942
3.59276
1.52124
3.76486
3.56243
3.91961
3.89523
3.56980
2.22257
2.87390
3.49406
3.34081
2.58448
2.75545
3.43033
3.19882
3.79402
2.76423
3.91759
2.11718
2.71545
3.68506
3.95199
3.72000
3.50297
3.82067
3.65549
3.63334
3.90238
2.78000
3.73667
3.77485
3.61234
3.33256
2.68657
2.85562
1.82926
2.60607
4.04635
2.36206
3.83484
2.35000
3.52674
3.76108
3.44517
3.18728
3.81975
1.69073
3.66849
3.67201
1.64038
2.68192
2.95978
2.55341
3.60388
3.35587
1.03454
1.58282
0.54453
1.52225
3.75966
3.46236
3.77408
4.02083
3.53619
3.39122
2.09075
3.65544
3.42567
1.13751
2.49903
3.26053
3.19254
3.16680
3.40841
3.50192
2.31938
3.82029
3.71458
3.40798
2.69933
3.72307
2.37144
3.65390
2.95203
3.55152
3.90992
2.77800
4.00821
3.75653
2.93695
3.15618
0.76563
3.77969
1.50527
3.90168
3.12327
3.14699
3.40756
3.15883
3.21502
2.12559
0.98677
3.76758
2.06313
2.89843
1.73632
3.67729
2.64122
3.23750
3.88154
3.57007
3.50553
3.90428
3.55948
3.59360
3.38126
0.87941
2.52119
3.83120
3.82374
3.65228
1.98937
1.25352
2.14528
2.18211
3.92220
3.12564
3.54080
3.45196
3.33695
3.84788
1.87489
3.23395
3.16963
2.43277
3.62985
2.37960
2.44940
1.67631
3.46730
3.55807
2.75703
2.88804
3.25334
2.81384
2.98262
3.48676
3.34609
2.51406
3.38717
3.70369
3.29722
3.89880
3.55529
3.73757
2.89822
3.59566
2.03330
2.77970
1.18020
2.72325
3.51901
3.57219
3.63379
3.24757
3.85010
3.90112
3.50065
3.64269
2.43063
3.85778
3.92678
3.20909
3.19855
3.94792
4.03457
3.64865
1.65539
1.79074
2.95201
3.84247
3.49907
3.63909
3.78398
3.03775
3.37003
1.67061
3.60810
3.78714
1.36898
3.97146
3.05369
0.21191
3.89597
2.21769
3.16700
2.18973
2.66522
3.79362
1.76510
3.45968
1.96408
3.90016
3.16155
2.94304
4.17122
3.66455
2.53663
0.90645
3.13597
3.20121
4.01300
2.10867
3.01986
3.77072
3.59649
3.50777
0.78351
3.96168
1.20808
1.42806
2.59886
3.60467
2.49247
0.98923
2.61007
3.50982
3.18626
3.18188
1.90686
3.78012
3.16386
3.69092
3.68602
3.99786
3.81328
3.35165
3.98845
1.17075
3.72879
4.02822
3.25044
3.58816
1.82547
3.63887
2.70198
1.90236
3.52929
3.67262
3.40537
3.48242
3.50006
2.56469
3.92300
3.22599
3.92153
3.74386
1.58563
0.95135
3.26788
3.84959
0.60716
3.57246
0.60790
3.38036
4.01862
2.93953
3.74739
3.46028
3.32403
3.55589
3.34045
3.49543
3.42729
3.54369
3.61649
3.60364
3.53050
3.05211
3.33404
2.95189
3.97827
2.52175
3.34720
1.80465
2.66800
3.90268
1.42027
2.70830
2.45025
4.01434
3.52870
2.58006
3.29987
3.50302
3.87430
1.19729
1.20681
3.93075
3.22964
3.56849
3.19233
3.73475
3.69330
3.39316
3.74256
2.72555
2.32405
3.35428
3.94854
0.42795
3.68260
3.67237
3.10313
2.67513
1.44624
3.36332
3.10505
3.92832
4.01405
0.63534
3.86706
1.32535
1.45065
3.94036
2.14139
3.54308
3.58318
0.89382
2.34638
3.51797
3.85991
4.03647
3.29170
4.00957
2.36733
2.68757
3.61748
1.81604
1.46088
3.91393
3.87415
3.21423
1.36316
3.77344
3.38353
3.48895
2.65687
3.65007
3.74214
2.85715
3.45731
3.77064
3.78216
2.52130
3.05197
3.79271
2.21502
1.74444
3.90689
3.06355
1.96816
3.57219
3.74547
3.35968
1.64541
3.89460
1.40868
3.92415
3.40653
3.50844
2.46139
0.46731
4.02497
3.60047
3.06830
2.38598
3.43708
3.44469
2.63971
2.73161
3.52791
2.91446
3.10627
2.22094
3.61124
3.80319
3.78410
1.41588
3.20714
3.76277
4.06057
3.26737
3.69989
2.57659
1.27566
2.87769
3.67737
1.40583
2.93856
3.41461
2.86538
1.96940
3.74381
3.23395
3.74352
2.99381
3.87945
3.54353
2.85548
3.30140
4.04287
0.38989
3.80094
2.98026
3.74614
3.61916
4.01765
3.75560
3.90587
2.34560
1.99130
2.47697
3.96588
3.73462
3.78977
3.64080
3.97254
1.09958
3.33831
3.66742
3.56647
3.18840
2.08692
3.03200
2.84970
3.70462
2.05016
3.66588
0.88965
3.79300
0.93002
1.79008
3.67319
3.32304
3.74877
3.33834
2.27094
3.56718
1.63559
3.09664
3.91732
3.84285
2.78315
3.68348
4.20260
3.46009
3.42703
3.79364
3.44798
1.62037
3.48374
2.71980
0.76350
3.77836
3.27211
3.16316
2.92625
3.40499
3.73171
1.26621
3.45705
1.87670
0.72444
3.75724
3.14881
3.94436
3.54661
2.35005
3.98609
1.86619
3.25160
2.91139
2.86041
3.61208
3.86272
3.15060
2.35218
3.13663
3.15693
1.30150
3.19322
3.62048
3.46978
3.74120
3.56923
2.23179
3.38281
3.76395
3.84183
2.89670
3.95108
3.84139
2.13395
3.68295
3.84115
3.57778
3.33209
2.97872
4.09958
3.62775
2.82009
2.23386
4.13084
2.01117
2.38430
2.21347
2.47297
2.86065
2.78168
3.47079
3.59501
0.53474
3.84913
3.12781
3.95178
2.22247
2.92245
3.49858
1.37660
2.21685
3.76440
3.39472
3.27256
3.81834
2.22547
3.10136
3.59990
1.23043
3.78052
3.49217
3.73425
3.49138
3.96978
2.17690
3.60211
1.83748
2.71579
3.57986
3.58702
3.65743
3.41720
2.54182
3.36019
1.96043
3.70353
0.58959
2.78014
3.49504
1.09820
3.43389
1.70884
3.59211
3.22618
2.94700
2.66024
2.40206
3.20801
3.25107
2.47488
0.27341
2.19105
2.86308
3.64700
2.57534
3.93013
3.79145
3.71616
3.34941
3.48087
3.00771
3.37555
3.40990
3.80570
3.61752
3.58598
2.81280
3.62849
2.83966
2.93633
3.53670
3.93784
3.80395
2.81599
3.30066
2.37751
2.65339
3.78285
3.66088
3.53522
4.13246
4.00655
2.30404
2.37184
3.57796
3.41771
3.99958
3.47732
3.76063
3.27922
1.73105
1.03588
1.61232
2.06860
3.00598
3.86362
3.67937
1.35819
3.21597
3.87923
1.92114
3.64559
3.79611
1.81706
3.22678
2.18100
3.59119
3.39667
2.58226
3.63621
4.05349
3.87894
3.71607
3.76643
3.12620
1.78167
3.32250
3.44280
3.45955
3.09295
3.37921
3.58286
3.66744
1.88520
4.07709
3.50536
3.52042
2.04939
3.79299
2.86836
3.56963
1.97939
3.90075
3.09509
1.88316
2.93085
3.81621
3.97391
3.76598
2.90758
3.48639
3.35043
3.61381
2.24769
3.55916
3.55659
3.71334
2.98713
3.90324
3.81754
3.55497
3.97136
3.61794
3.03733
3.58714
2.83482
2.52769
3.82753
0.74616
2.82758
3.98748
3.85106
3.04665
2.59515
1.83905
3.49529
3.49819
1.19873
3.57585
1.56025
3.51153
3.02807
2.74800
3.02785
3.78474
3.20502
2.30380
1.49458
3.21772
2.68135
3.03927
3.24346
2.35317
2.85799
3.38315
1.43293
3.15707
2.36242
3.27440
1.81585
0.92109
2.17825
3.44261
3.89472
3.23782
3.36969
3.10760
2.69168
1.28880
2.16128
3.06933
1.81902
3.60584
2.81756
2.07627
2.83780
3.02092
0.87787
3.00004
3.94585
0.32314
0.96112
3.68342
2.90654
2.18434
3.80304
3.45265
2.97190
3.21552
3.64668
3.06700
1.97136
2.09304
3.56213
3.00569
3.52219
3.55476
3.55710
3.78747
3.60049
3.88696
3.51888
3.80505
3.93230
0.51227
3.41464
1.75374
3.15638
3.93963
3.18671
3.34736
4.14386
0.75776
3.68061
2.48797
0.85824
2.95503
3.46754
3.09773
3.67892
2.72219
2.01470
3.83708
3.77992
3.17225
3.72213
3.74114
4.07739
4.01189
4.04822
2.29914
2.75420
2.90564
3.39784
2.87964
2.61593
3.43284
3.40900
3.87358
3.73346
2.95977
3.57809
3.72561
2.71787
3.63476
2.03912
3.39429
3.67368
3.40328
1.93505
3.09874
3.17176
2.47818
3.56155
3.60751
3.78165
2.33017
3.32110
3.77726
0.35085
3.41935
3.65151
3.96268
1.88619
1.30250
2.67655
3.55475
3.58204
3.60511
3.04409
1.38416
2.15677
0.24503
2.54640
3.61234
2.48372
4.03429
3.56969
2.71902
3.93335
3.96262
2.65647
4.13213
2.01446
3.84318
3.80666
2.54753
3.81636
2.12426
2.97074
3.37794
2.40121
3.22667
0.18703
4.16198
3.77852
0.62856
3.23358
2.96836
3.60020
3.72725
2.83660
4.01632
3.03556
3.71663
3.42944
3.79188
2.46873
1.99414
2.04545
2.11208
3.93550
2.65792
3.95893
2.93014
1.16327
2.43219
1.43859
3.20972
3.84621
1.93516
3.74043
2.32429
2.80591
2.29778
3.83007
3.69241
1.03884
1.10102
2.68132
3.66243
2.82102
3.86161
2.86010
2.54475
2.46471
1.80551
3.73378
3.23301
2.55134
3.75474
3.44238
3.09781
3.11707
3.69551
2.08857
2.37670
3.84466
3.76534
3.22214
3.64610
1.83426
2.85784
3.70208
1.93869
3.76002
2.39628
2.10527
3.68306
3.25188
3.88498
3.71859
3.39438
3.66631
4.04443
3.81471
3.73026
1.22164
3.56114
1.46149
2.37242
3.77466
3.05243
2.02516
3.84665
3.04954
3.43444
3.41118
2.49077
2.82883
3.50403
3.42726
1.88671
3.98863
3.75512
2.72356
3.23784
2.19316
1.51729
2.54285
3.30873
3.75540
4.17268
3.77030
2.64530
3.83022
4.01347
2.97899
1.36463
2.82345
3.33671
2.87678
3.34679
3.69508
3.31637
3.01548
3.65248
3.74109
3.35206
3.70495
2.34025
3.91172
0.50500
3.30736
3.23314
3.55610
2.31106
2.98383
3.16976
3.16561
2.90571
3.07349
3.84529
3.63885
3.45375
2.60347
4.10804
3.29899
2.68768
0.69012
3.48046
3.54020
1.92455
2.25959
3.73540
3.54930
0.40351
3.63304
3.30768
1.81876
2.97446
3.70761
3.48664
0.09379
2.34492
2.82376
3.21755
3.81339
0.52349
0.94568
0.73169
3.75723
0.18036
3.47048
4.10244
3.27202
3.74698
2.31600
1.22697
3.65960
3.47235
1.76830
3.65974
3.03691
1.86470
3.66787
2.26829
3.58374
3.02484
0.63100
3.79124
3.14782
3.78173
3.52679
2.38496
3.47997
4.03796
2.68055
3.35893
2.26772
0.82016
1.93339
1.99915
3.54983
1.27626
3.47528
3.54263
3.61372
2.96940
3.23362
1.41711
3.02586
2.01157
3.92332
3.66600
3.24982
3.99735
2.85432
2.52464
3.69432
3.28345
3.29545
3.40059
3.04899
3.57454
2.72257
2.51562
2.32516
2.37389
1.51866
3.63748
3.06167
3.31301
3.35323
3.97920
3.46156
3.45093
3.65673
2.27064
2.88563
3.59776
3.73478
3.41990
3.40314
3.75081
3.52796
4.15633
2.62732
1.38063
1.43180
3.06640
3.70919
2.48165
2.86862
3.61438
0.53957
3.50891
3.83986
3.49750
3.85628
0.90628
3.73783
3.99715
3.40337
3.89338
3.51781
3.63616
3.88561
2.02678
3.70083
0.00518
3.72520
3.50339
2.91918
3.77398
3.21482
3.52474
2.92402
2.94876
1.91445
2.86391
0.87449
1.53484
3.18547
3.34687
3.22522
3.58762
2.79689
4.10895
0.52392
3.55418
3.06066
2.53670
1.72960
3.46139
3.71375
1.86498
3.75788
2.66101
3.08460
2.55707
3.56070
1.48121
2.21719
3.65229
1.64091
3.41337
3.29173
2.82668
2.91942
3.29502
2.93854
2.19242
3.58946
3.61352
2.33875
4.23230
3.00396
1.96879
3.93888
1.85055
3.13210
3.61536
3.80017
3.90538
4.06865
3.48591
3.48049
1.68907
2.71441
3.68855
3.11945
1.30865
4.01730
3.95632
2.84551
3.44473
3.83838
3.93750
2.13689
3.38529
3.10106
4.01005
3.42780
3.02678
2.88254
3.10309
2.00461
3.94526
3.86257
2.70912
2.02450
3.05582
2.86979
2.22127
3.26166
3.68098
1.82884
3.38846
2.71490
2.45231
3.27462
3.26161
3.65942
0.38153
3.60271
2.33090
3.37535
2.02496
2.86363
3.23779
3.30298
3.30752
1.85958
3.02154
3.90244
4.08415
3.75833
1.70318
4.06017
3.77756
2.02904
3.44936
0.29612
3.26022
2.29539
3.50896
3.07821
2.05063
3.97683
1.91839
2.98258
3.64007
3.35010
3.86644
2.67241
3.56708
3.66948
3.39777
3.19183
3.72978
3.90462
2.59948
3.37698
3.78699
3.05137
3.49775
3.72722
3.40420
1.33731
2.83423
3.61823
2.31213
1.36552
2.33551
1.68515
1.60322
4.00257
3.76928
2.56419
2.37855
3.61370
3.56041
4.14395
3.41490
2.77338
4.07006
2.60379
1.74682
3.69861
2.39840
3.80343
2.62358
1.31095
1.93813
4.06794
3.29812
2.37840
3.16156
3.56975
3.67783
3.03990
2.57038
3.08599
1.35583
3.40560
3.22122
2.03689
3.70124
1.02590
0.64213
3.69956
3.84311
4.01889
3.37664
2.20056
3.51745
3.49844
2.64684
3.48884
3.31988
3.73567
2.08292
3.76481
3.39836
3.18951
3.68191
4.11144
2.81593
3.96663
3.39478
3.05784
2.47347
3.14885
2.89902
2.98971
3.28442
4.02809
2.27318
2.58190
3.33996
2.91905
0.48275
2.19703
3.13289
3.67801
2.27652
3.73511
2.03696
0.81064
3.81104
3.69819
3.35569
3.43672
1.73074
3.68767
3.61862
3.35880
3.86508
3.90013
3.69852
1.28999
2.60898
3.64504
3.81036
1.01313
2.55616
3.91915
2.62600
2.43283
2.70676
3.19586
0.87702
3.62441
2.92091
0.18530
3.79717
3.84059
0.42464
2.76366
3.79680
3.41341
3.47379
2.91404
3.21792
4.06111
0.96062
1.09295
3.59772
3.42952
2.36164
1.84650
1.42122
2.26794
3.43628
3.46320
3.68603
3.86972
3.75758
3.70661
3.43240
1.38440
1.58596
3.76694
3.65731
3.09408
2.42701
3.06343
1.56736
3.73710
2.05069
3.04362
0.82704
3.38738
2.18753
1.74803
3.46673
3.81096
2.66651
3.34216
3.88157
3.70732
3.55381
3.76609
3.01747
3.18395
3.89907
2.96828
3.18916
1.38061
3.46988
3.28400
2.88094
3.11293
3.23201
3.22561
2.35807
1.85587
3.17101
3.49718
3.46676
3.68151
3.45035
3.32695
2.66712
3.63190
3.42050
2.39297
3.68109
3.15797
3.22644
0.96199
3.85987
3.43121
2.15599
3.77086
2.80266
3.48271
3.41033
3.24396
1.61849
3.26082
1.65241
3.01668
3.08693
2.92300
3.16428
3.31850
1.95222
3.23845
3.71809
1.63570
2.41943
3.78714
2.76387
4.06248
3.32321
3.77596
0.70017
3.37761
3.47676
3.82015
2.38849
3.89994
2.39457
1.47984
3.58269
3.77434
3.52950
2.00327
1.36192
2.10000
3.23672
3.30939
3.35457
3.87463
3.67691
2.64516
1.72402
2.04437
2.74791
3.86039
3.53551
3.75386
3.93494
3.62079
2.88291
2.85632
3.23442
2.30698
1.59890
3.47810
3.46813
3.19095
1.68925
3.63100
2.39984
2.00634
3.98011
3.32637
3.92077
3.00782
3.44133
1.81573
3.05669
1.67792
3.42952
3.59158
3.66737
1.50922
0.44040
3.02667
2.91940
3.36127
3.00996
3.88159
2.53334
1.08742
3.87267
4.16251
0.16031
3.07263
2.92824
1.30938
3.98964
3.74814
3.30047
3.88677
1.88994
3.50443
2.58461
2.96003
3.48780
3.21154
3.74933
3.57732
3.83441
3.03219
3.52076
2.45539
3.92807
2.02135
2.56524
3.77981
3.36245
3.00067
3.50225
0.94982
2.98086
2.01995
2.85783
2.94725
3.86733
3.32327
1.52949
3.09418
3.59654
1.43643
3.12496
3.02687
2.84522
0.86981
3.40708
3.92121
2.40704
3.85064
2.88272
2.98541
3.79907
3.64550
4.00994
3.57961
3.69004
2.57546
3.76423
3.77254
2.20899
2.25789
3.42459
0.94175
3.59990
2.74791
2.71142
3.60363
2.01500
3.83962
1.74406
3.40871
1.47416
1.63949
2.06911
2.09207
2.67896
3.86209
3.53955
3.28210
3.60656
3.45463
3.51438
3.99319
3.24089
3.67494
2.70062
2.94081
2.44831
3.43705
2.08264
3.64784
3.55701
2.09540
2.81334
2.25067
3.26355
2.50776
3.70074
4.02363
3.39741
2.58157
3.31063
1.34474
3.66747
3.68654
3.19197
2.14301
1.22759
0.29732
3.28961
2.80444
2.89093
1.59115
2.98522
2.83748
3.17193
0.82918
1.63302
3.81354
3.84169
3.68832
2.38984
3.34128
3.93035
0.62677
3.90380
2.92074
3.61697
2.42292
3.40077
2.12862
2.10879
3.17100
1.92493
3.47160
1.86759
3.61480
2.79062
3.86490
1.59125
4.00610
3.74614
3.80797
3.61787
2.61431
0.70018
3.76912
3.58689
3.73507
3.71212
3.66703
1.37163
1.64120
2.77407
3.81890
3.25732
2.36558
3.15067
0.91732
0.91541
3.88210
3.46677
2.18707
3.94289
3.67284
3.92365
3.68533
3.80044
3.10867
3.61234
0.31263
3.74040
3.08908
3.44923
3.12572
2.51133
2.56181
3.79602
3.03486
3.81904
2.94239
2.96977
2.36255
3.93802
3.80341
2.62412
3.81457
3.60784
3.51152
0.90890
3.88734
2.70947
3.16897
3.70207
3.18955
3.55250
2.90577
0.85255
3.92404
3.29453
3.99524
4.08801
3.34827
3.33421
3.59958
3.15930
2.40799
1.85646
3.71647
2.96321
1.72533
3.50847
2.32530
3.79869
3.49966
2.45151
2.20270
3.99496
3.67086
3.60809
2.95609
3.80758
1.43763
3.72584
3.53985
3.19947
3.65332
2.43549
3.90978
1.28700
2.78459
1.27352
3.72354
2.83091
3.48197
2.61903
2.91127
3.98760
3.80306
2.80522
0.51457
2.76311
3.44136
2.33989
3.60133
3.76439
3.22430
3.92152
3.47921
3.96448
4.12011
2.14446
3.54348
4.06373
3.33965
2.73148
3.39086
3.39537
3.07911
4.05499
1.72724
2.27588
0.96129
3.79652
3.49396
3.71415
3.97470
2.69973
3.14553
3.19061
1.33847
2.87406
3.77537
3.95156
3.01753
3.21933
0.87401
4.01540
3.48750
2.70003
3.18203
1.96546
1.63935
3.73354
2.88787
3.76691
3.97961
3.61085
3.35286
3.50453
3.43686
4.03531
3.32995
3.05794
3.87766
3.79543
2.79330
3.74215
3.23704
2.99355
2.99201
3.30807
2.55229
3.02843
2.72925
3.62597
3.45236
3.23401
1.80170
2.00596
3.90388
3.40804
3.35865
4.04930
3.79612
3.69152
3.13776
3.99794
2.77523
3.67419
3.47869
1.35125
3.34800
3.51781
3.93964
1.84045
3.93148
4.08088
3.83190
3.59248
3.65874
2.82450
1.65064
1.36398
3.39441
3.84067
3.35973
2.31487
2.63872
1.88615
2.78913
3.85701
3.59461
0.70559
0.44518
3.82085
4.10373
3.31750
2.63283
2.82468
3.58808
3.48896
3.84556
2.29580
2.69895
4.03030
1.39065
3.73440
3.76287
3.76469
2.51342
3.63437
2.11327
2.62434
3.00837
2.76941
1.19178
3.84535
3.06244
3.71321
3.73014
3.43653
3.04430
3.81577
3.44907
1.75079
4.03701
3.86941
3.64212
3.00260
3.74422
3.79060
3.43756
3.83134
3.50898
3.70030
3.56001
2.61829
3.17790
2.62414
3.26892
3.98802
1.84153
3.52681
3.70950
3.89548
1.62581
3.78743
2.91282
3.05985
4.04335
3.66555
3.32270
2.83743
3.73896
3.67182
1.54391
3.12467
3.09030
3.93815
3.92022
2.79196
3.60283
3.33928
3.84196
2.56544
3.64451
4.03913
2.96792
3.25605
2.02756
2.94025
2.07351
3.81641
1.56574
4.24568
3.16270
3.27262
3.28850
3.77462
3.06928
3.78325
3.71107
3.54703
1.24021
2.36881
2.22769
4.07757
3.82526
3.91195
3.15261
2.93390
1.77574
2.90005
3.23569
3.88660
4.18246
3.95413
3.50038
3.40086
3.42113
3.26033
3.64076
2.43533
3.11061
1.04995
1.19221
3.11196
2.23171
3.87183
3.23656
2.40009
1.73248
4.00954
3.22019
3.38080
2.27015
3.44520
3.03250
3.27946
3.64868
2.48681
0.49735
3.20796
3.55956
2.74473
2.92093
3.48642
1.98080
3.97669
1.25585
2.85437
2.58180
3.47467
4.16430
2.91749
3.73787
1.96821
2.49239
3.68603
2.91347
2.23749
3.18287
1.71940
3.63280
1.65579
2.47702
2.81051
1.98490
3.81513
2.54557
3.92999
2.54458
3.47816
3.07029
2.97617
3.15514
2.53803
2.51303
1.92451
3.23768
1.11092
3.64294
2.83699
3.23763
0.76547
3.41006
2.47869
3.37420
2.07665
3.80510
3.54355
3.80590
4.04271
2.54555
2.91236
3.70976
3.61407
3.92240
1.54297
3.25789
1.20074
3.59463
3.15549
3.50257
3.54923
3.40576
2.28426
2.94202
3.72819
1.19195
3.27289
3.24524
2.06078
3.34035
3.20717
3.23361
3.20318
3.87738
4.11537
2.99988
1.44203
3.53184
3.67439
3.72328
2.66824
2.77695
1.57543
3.08030
3.73121
3.97050
1.20758
3.53772
2.64124
1.78878
3.38373
3.79120
3.14090
1.34035
3.52280
2.43730
3.01551
3.34349
3.14909
3.81838
3.72880
3.25521
3.69437
3.31935
3.43573
2.58558
1.97841
2.28649
2.08066
2.68821
2.94347
3.06024
3.67545
3.61791
2.69788
3.21150
2.78638
3.92842
3.36094
3.70335
2.93207
3.90827
3.20765
3.27861
2.87008
3.49829
2.95684
3.63553
3.39276
3.80422
3.26589
3.90544
3.38974
3.54280
3.85620
3.87559
3.24111
3.23987
2.75267
3.66203
3.59376
3.84838
0.66208
3.51817
3.94594
3.90683
3.43449
1.74238
2.56780
3.44608
2.78455
3.89601
3.40347
3.93059
1.75952
2.01218
3.01802
2.04043
3.44498
0.16012
2.61427
3.91175
3.62233
4.06463
2.63288
2.49894
1.81830
3.70971
1.81200
1.69496
3.99105
3.10980
3.00994
3.76855
3.77298
3.41976
3.76534
3.50382
3.22512
3.54334
3.22708
2.95759
3.75145
3.95903
1.27576
2.84492
3.88012
3.80640
1.48790
1.98963
1.15463
3.85169
3.50195
2.57168
3.82328
2.69607
3.70345
3.44180
3.66520
3.89549
3.63601
2.77632
1.16088
3.21437
3.86902
3.53982
2.10729
0.79859
3.68784
3.40988
0.70504
3.76921
3.87388
2.43006
3.49852
3.18555
3.72854
2.77943
1.60897
0.54928
1.68525
1.47963
2.18364
3.69042
1.26517
0.24315
3.70166
2.19474
1.45261
3.37442
2.26823
2.44542
2.75742
3.38155
3.10472
3.64553
3.91815
3.69212
3.43215
1.32216
1.17362
0.99711
4.10617
3.48988
3.46379
3.55931
3.34044
1.07089
3.73698
3.92280
1.77228
2.92425
3.61557
2.57746
3.75977
2.75277
2.79542
3.39504
4.04535
3.34355
2.11782
3.78266
3.49565
2.93547
2.78900
3.61206
1.48280
3.88674
3.76290
2.18784
1.36914
3.55080
3.69720
1.43308
1.83246
3.64503
0.88728
3.78957
3.46149
3.97337
3.44808
4.08083
3.65599
0.91033
1.89149
2.56585
3.61871
3.26972
4.04665
3.60677
3.74052
1.54515
3.60761
3.73020
2.81126
3.72947
3.81798
2.32433
3.56017
3.11466
2.95150
2.88470
3.42109
4.04837
3.05667
2.82045
3.85200
4.11951
3.72754
3.92327
4.06692
3.95003
2.60214
3.43504
3.63324
2.18319
3.40144
4.04186
2.36209
3.91451
3.88471
3.02749
3.40521
4.04659
3.98417
3.05252
3.89896
2.80414
3.87610
2.76873
3.27453
1.32456
3.76298
2.83255
3.08132
1.81847
3.88761
2.25866
2.04612
3.46709
3.66997
1.52266
3.17805
1.00591
3.55563
1.43456
3.51378
2.56516
2.19955
2.18081
1.94042
3.98217
2.66216
3.92064
3.63862
2.58622
2.58311
3.81321
1.81199
2.10915
3.91270
3.32071
2.80842
3.26761
2.96309
2.00148
3.33534
3.88851
3.79747
3.94844
3.64337
3.68804
0.48735
3.50179
2.74252
2.33409
3.81226
3.09908
3.95368
3.13234
3.52741
3.36691
2.37586
4.05804
3.31518
3.83262
2.85688
3.88098
3.39191
3.45986
1.09254
3.59133
1.31040
3.20144
3.76307
3.65819
2.80907
3.69332
3.80860
3.89338
2.92681
3.92084
2.11173
2.50184
3.74898
2.73828
3.11641
4.00056
3.53150
3.83119
2.12589
1.38140
1.72856
2.50127
2.35751
1.66129
3.40154
1.63754
2.40097
4.01420
3.70015
3.92505
3.39748
3.67423
0.00026
2.13740
2.51419
0.89086
3.78042
2.40807
0.06143
2.27556
3.71502
3.28893
3.89640
2.78173
3.64869
3.94543
3.48957
1.66718
2.76726
3.18128
3.96994
0.86440
1.11898
3.01960
3.67116
0.84508
0.11514
3.94780
2.89959
2.81960
3.11210
3.72914
3.45077
0.54399
3.55939
3.61873
3.47390
3.33881
2.99136
3.62116
3.47363
3.36145
1.32326
2.50234
2.60349
1.03943
3.28823
3.32446
1.40421
3.31900
3.59071
1.59267
3.13132
3.58469
4.02405
2.82035
3.16109
3.72514
3.52023
2.42859
3.75431
3.37746
1.62181
3.83980
3.03009
0.39626
3.02810
3.23340
2.33587
2.12596
3.85167
3.27687
3.65374
3.76001
3.60808
3.50187
1.66017
2.06434
2.72431
3.40764
3.97901
3.64075
3.77903
3.56586
2.93519
1.68648
1.75623
3.63865
3.68620
3.58407
2.61670
3.64256
3.80711
3.43708
3.56690
3.03367
2.88044
2.66223
3.23596
1.66187
3.04422
1.53269
3.84583
1.03975
3.47604
3.75681
3.69715
2.19061
3.59280
3.29182
4.03197
3.68741
4.06373
3.24842
2.79209
3.46279
3.84589
3.79219
2.12566
2.39330
4.15476
2.82736
3.25785
3.38921
3.20823
3.58012
2.48127
2.96854
3.71586
3.84321
3.61924
3.80950
2.83041
3.28420
3.84758
3.15222
3.94737
2.84218
3.86072
3.48788
4.05451
2.33881
3.93355
2.61961
2.84740
3.99327
3.86279
4.06598
1.14223
3.05906
3.64942
3.95181
2.93393
3.98086
0.88180
3.99122
3.84817
3.59538
2.56063
3.90495
1.43817
1.34093
3.74159
3.62297
3.82097
2.39134
2.43467
3.45194
3.84032
4.01088
3.37923
3.62353
3.54889
3.84401
1.30856
2.62876
3.31649
3.31163
2.64234
3.30538
3.02222
3.62711
1.71935
3.72587
3.56783
3.85695
3.90624
2.04662
3.53008
1.26589
2.68431
3.29528
2.69157
3.82170
3.38915
1.35531
2.32402
1.09364
3.16374
1.17652
3.70390
3.59119
2.72210
3.77029
2.99784
2.18918
3.66120
3.14393
3.41232
3.30464
3.48274
4.01018
1.81805
3.91614
3.52377
1.43488
2.68518
3.60384
1.94978
2.03854
3.77888
3.74157
3.42708
3.66082
2.24202
3.74063
2.17447
2.56470
2.71351
2.74433
0.52115
1.62637
1.52228
1.44790
0.74205
2.06505
3.71295
3.05403
3.47488
2.32828
2.25022
3.23121
1.51269
0.61694
2.07885
3.68205
3.54667
3.61657
2.46777
1.77793
3.06495
1.71488
3.54325
1.39343
1.70488
3.94710
3.55930
3.58594
3.90155
2.94699
3.75532
3.16469
3.77136
0.58803
3.49551
2.72224
3.09539
1.56528
2.31703
2.91141
3.38366
3.36071
2.64440
1.41660
3.85749
2.65335
3.78233
3.15047
1.81243
3.72865
3.38659
1.95120
3.56591
3.24717
2.90557
0.80859
1.52406
3.59791
3.84930
3.33731
3.06263
3.83084
2.90054
3.54029
3.79402
3.41129
3.93030
2.93963
3.62783
3.93618
3.03125
3.42303
4.11369
3.60880
1.74084
2.86515
3.32063
3.70015
2.13550
1.60299
3.55369
3.28196
1.54191
3.77035
0.93995
3.58636
2.24898
3.56888
2.80480
2.80957
2.57573
2.39353
2.61022
3.73605
3.05558
3.99043
2.13808
3.39081
3.42012
2.93411
3.83920
3.35017
3.45263
3.77127
3.66292
3.23710
1.61735
3.73422
3.04078
3.87814
4.01084
3.66443
3.83401
3.90737
3.93051
3.47261
3.44290
2.63842
3.82067
0.82742
3.82602
3.56938
2.66589
1.42225
3.27324
3.60466
3.57072
3.69393
0.40045
3.71616
0.65915
3.52320
3.82404
2.90455
3.84444
3.49009
3.68343
3.91531
2.55174
3.45325
3.59742
2.79620
2.45256
1.35263
3.47343
3.63220
1.70106
3.94288
3.91236
3.54274
3.37857
0.11859
2.60990
2.25330
3.73578
3.43741
3.66295
1.52106
3.53985
3.97347
3.12361
3.44771
2.47683
1.92025
4.08673
1.47817
2.88728
1.02617
3.60465
3.76106
3.91973
3.97814
3.44592
2.27294
2.84123
2.48325
3.46828
3.18876
1.51591
3.43034
3.51125
4.04136
3.28921
2.67833
2.74120
3.76900
2.39638
3.44890
2.87343
3.09954
3.10225
3.23483
3.16660
2.59944
3.51629
3.33464
1.55184
3.60087
3.63678
3.00159
2.55444
1.62154
2.63101
2.26054
2.40000
2.98351
3.80773
3.44400
3.89725
3.03099
2.97451
2.91096
1.29118
1.21027
3.31832
3.10557
1.83793
2.76173
3.11065
3.39682
2.66091
1.48804
3.39893
2.12868
3.50528
3.92230
3.59050
1.90903
3.09212
2.98283
2.74364
3.87090
2.12208
1.86620
3.49443
2.89170
1.44172
3.88352
3.92175
3.19051
2.55359
2.06949
3.90072
2.05256
3.64546
3.30640
1.85905
3.55315
3.43672
1.47661
1.93853
3.67740
3.37903
3.68461
3.51791
2.25265
3.57327
3.59815
2.60089
3.88618
2.68185
1.71952
3.20290
4.07493
2.80316
3.71101
2.19531
3.68706
2.85572
1.06143
2.66306
3.89202
3.44386
3.72422
3.04627
3.73496
2.88165
3.62557
1.87121
3.33187
3.60319
4.08565
3.07928
3.68833
3.34610
3.74804
3.55699
3.22056
3.68890
3.58818
2.50499
2.27167
3.18217
2.03958
3.18984
2.03896
2.11693
2.69370
3.15787
3.54542
1.09203
3.86693
1.27931
3.05751
1.72023
3.78649
3.32495
4.19432
2.92769
3.37003
3.05579
1.67770
0.90169
3.87242
3.62119
3.23776
3.39713
2.96633
3.13163
3.79713
3.01968
4.00859
3.67841
3.50642
1.73366
3.77565
2.37681
3.14845
3.13237
2.90137
3.20242
1.18357
1.51741
3.48418
0.95117
3.25649
1.87348
3.75363
1.80105
3.97998
0.54874
2.76715
2.58401
4.00988
3.75761
2.82166
1.89362
3.05028
3.51114
3.54695
3.80824
3.01062
4.02525
3.41551
2.49920
3.40140
1.02197
2.21569
1.79522
3.56694
3.70777
3.99030
3.32577
3.60123
3.92645
3.46074
2.30482
2.59776
3.26597
3.63856
3.47012
4.15712
3.93106
3.99980
3.71728
3.64496
0.76069
2.51407
3.92540
2.83531
1.96297
2.69500
2.89012
0.95961
1.96192
2.70461
2.96014
3.70237
2.90512
2.32325
3.29338
3.31734
3.71459
3.44878
3.67361
1.52099
3.23953
3.80385
2.62202
3.36450
3.86642
3.31114
2.59577
0.76835
2.91549
2.06096
0.06095
3.04041
2.68473
3.22436
2.63945
2.81372
3.70083
3.67067
0.70343
3.94023
2.17123
3.18684
1.19290
3.98628
2.97267
2.81514
2.78707
2.18101
3.01306
0.62026
3.37282
3.05748
3.26991
0.86678
0.54329
2.13767
2.44225
2.03458
2.43011
3.38453
3.93362
3.49043
3.50663
0.51291
2.61313
1.92244
1.76733
3.70882
3.12282
3.30794
3.30695
3.76432
1.15684
1.00783
1.53205
3.78674
0.76892
2.79869
3.75955
3.78606
1.46025
3.21697
3.04028
2.67148
3.75449
3.71711
2.33839
3.39114
2.81937
3.62463
3.39110
2.39971
2.86448
3.39854
3.49448
2.53142
3.22690
3.88082
3.58828
3.70119
0.97753
3.18323
3.40794
2.88228
3.74134
3.36840
4.05142
3.55032
3.37790
3.50466
3.23434
3.57357
2.86777
1.90709
3.69209
3.60496
3.59192
3.63534
2.22518
1.74695
3.13258
1.89297
3.66743
3.99370
1.45241
2.17438
2.34419
3.39487
0.90351
3.07392
3.84462
3.76535
3.68757
3.01744
3.79383
3.65475
3.61905
1.85809
2.86255
3.47335
2.50061
3.35996
3.63003
3.85779
3.60140
2.94014
2.07217
2.72878
3.51354
4.11578
2.73210
3.03728
3.87561
2.90713
2.68699
2.79696
3.28539
3.39335
3.60272
3.02873
2.82950
1.60378
3.55318
3.71220
3.54286
3.59022
3.56004
2.50175
3.25482
1.89261
1.69422
3.72040
3.89225
3.80868
2.32007
3.72445
3.56621
3.47160
2.98488
3.18223
3.65814
1.93094
3.21077
4.01719
3.85641
3.57925
1.13378
2.74100
1.22850
1.37895
3.47843
3.62978
2.45202
1.57267
4.04453
3.94427
2.90423
2.21871
3.74422
3.31379
2.13631
2.41838
3.55994
1.72428
1.65214
3.71849
2.58313
3.33916
2.76895
3.64328
2.66161
1.89844
3.88935
2.16174
3.03898
3.33228
3.82015
3.61492
3.18204
3.51825
3.49432
3.57760
1.72529
3.88698
1.13471
3.14977
3.23099
3.39451
3.27794
4.06885
3.88365
3.75096
3.21037
2.82954
2.48942
3.16723
1.42756
0.68587
2.59813
4.01518
3.71088
3.88064
2.17465
3.65042
2.10900
3.72790
3.85366
3.49652
3.76324
3.77293
1.88146
1.59851
1.81073
3.72471
1.65448
2.78884
3.28200
2.98388
2.88456
3.68535
2.84865
0.71550
1.43160
3.73516
3.71375
2.03324
3.71679
3.67799
3.76638
3.48677
3.16381
3.48164
0.80191
3.47809
2.68054
3.71635
2.46803
1.84206
2.96341
3.13730
3.83752
3.23174
1.05200
3.37309
2.89425
2.02367
3.80001
3.79530
2.58241
3.41710
2.97268
3.15348
3.14599
3.34291
3.41922
2.25024
3.26294
1.78736
4.02900
3.02720
3.76363
3.30561
0.80363
2.93139
2.30126
4.06202
2.24061
3.78812
3.94368
3.99997
0.49816
2.08209
3.85595
3.47374
1.87600
3.41591
1.92078
3.02700
3.28848
3.52483
3.59997
3.56772
3.36301
2.10729
2.45128
3.73885
1.54248
1.26145
2.77711
2.43818
3.78631
3.85610
2.86394
3.72391
2.64857
3.70957
2.06347
1.22816
1.65568
3.72268
3.96594
3.57333
3.84442
3.08717
3.97777
3.53797
2.16809
3.72490
1.91434
1.79314
3.11831
3.80004
3.83363
3.66145
3.68555
3.88961
1.42077
4.07270
3.21371
4.01510
3.71784
3.19989
0.41549
3.99120
3.00625
3.64407
3.32019
4.11951
3.56695
3.86028
3.65755
3.34181
2.16406
2.53141
3.68427
0.96559
3.37523
3.33489
3.42040
3.66427
1.46084
3.34887
3.07836
1.81185
3.43768
3.68460
2.77036
2.01709
1.68739
3.61541
1.33359
3.16374
1.98926
3.35356
2.61050
3.28243
3.63554
3.36157
1.96512
4.04741
0.16309
1.32686
3.18756
2.63186
3.44673
3.26093
3.01282
3.98778
2.33755
1.83113
2.80762
3.45038
0.11057
2.51934
2.29612
2.16650
2.96002
3.10306
3.05085
3.07185
3.59008
4.00129
3.99806
2.84067
3.79321
1.37493
3.73305
2.63599
2.80156
3.91786
3.32849
3.56179
2.91117
2.42998
3.45290
1.61190
2.87429
3.30682
3.91124
2.76942
1.61722
3.59832
3.52657
0.55501
1.88730
2.00533
2.12985
2.70489
2.36684
3.53734
2.98365
3.86441
2.64497
2.88782
1.91928
3.38183
1.87241
3.12496
3.67212
3.45170
4.01379
2.84976
3.69502
2.74358
3.04911
3.72075
3.71943
2.63344
2.72016
3.62132
2.98218
3.25349
3.30064
3.52598
4.10897
2.34646
1.76161
3.83468
3.94802
2.93742
0.94830
2.84505
3.73657
2.88248
3.69150
3.99514
1.27797
3.88048
3.71703
3.84369
4.18064
2.11242
2.87811
3.52173
2.22249
3.72395
3.63770
3.41696
2.98579
2.85950
2.78807
3.40811
3.71583
0.49542
0.73224
2.77164
3.12495
2.17331
3.91681
1.39593
3.86982
2.65678
3.71968
3.58945
0.15004
3.77960
3.40671
2.07232
3.57280
3.14697
3.12027
3.44320
3.26695
3.68049
3.60970
4.01517
3.53010
2.46505
1.43571
3.42567
3.35146
2.05937
3.72306
3.10371
2.45171
3.04137
2.93832
3.57853
1.85021
3.78737
3.52224
1.79603
3.64825
3.41594
3.62922
3.42347
3.19225
2.49645
3.46174
3.46938
3.70427
3.57851
1.79823
3.90924
3.71685
3.36998
3.78937
3.77918
1.68478
3.84759
3.45944
2.96185
2.55155
3.26521
3.06596
2.68019
2.53751
3.51720
3.95267
3.21109
3.00251
1.33161
3.39389
2.68614
3.75309
3.86883
0.99248
1.21247
3.40568
3.38841
4.05800
3.04109
3.98409
3.62645
3.44705
0.06005
2.83959
3.96486
0.85951
3.79842
3.29279
3.81694
3.24040
3.73435
3.15152
2.39818
1.42792
3.42559
3.28682
3.21909
3.77967
3.36156
1.22455
3.97228
3.88671
3.25267
3.73070
2.62879
3.85902
3.57594
2.20237
2.81269
3.84852
2.68182
0.52316
1.82214
3.85433
2.51373
3.31031
1.62535
3.93143
1.59077
2.99893
1.73401
3.53085
3.71927
3.53776
3.52598
3.46294
2.73173
1.45373
1.62119
1.20697
2.48792
4.06635
1.19223
1.44691
2.21605
3.26120
3.91709
3.68697
3.70925
0.86035
2.94219
3.19621
1.83420
1.87980
1.87773
3.86050
2.72084
0.28378
3.67692
2.87232
3.70609
3.00803
1.83804
1.17731
3.11624
1.17357
2.85025
0.99999
2.53211
3.51675
3.57941
2.22567
3.37583
2.06447
3.93331
3.77819
2.84407
3.80274
3.41049
0.93195
3.64233
2.82890
3.78234
2.74598
3.80631
4.14176
2.11270
2.22632
3.40159
3.02174
3.62022
2.90746
3.21945
1.12484
3.47796
3.38724
3.94180
3.68536
3.51721
2.22034
3.38200
0.06495
3.97174
1.61686
3.63036
2.73236
3.68444
3.88563
3.55913
3.98742
3.51266
3.52030
2.43877
3.88728
3.53972
3.65939
3.70971
3.63186
3.63300
1.91541
3.92863
3.68283
3.16978
3.30327
3.72787
3.74085
3.30548
3.27239
3.98640
3.34023
3.87160
3.66417
3.40295
2.45066
3.55654
3.81075
2.54381
3.13116
1.77482
3.61341
2.97304
0.74113
2.17750
2.29547
2.88221
2.88343
0.69140
3.88116
2.81903
1.89272
3.70718
3.58400
2.63116
1.18496
3.16142
3.31708
2.13050
3.77852
3.30990
3.57347
3.74488
3.86026
1.93664
3.30158
3.61717
1.80826
2.05518
4.01317
3.22734
3.81649
2.80116
3.40121
2.42346
2.60475
2.11855
3.78373
3.53814
3.37054
3.13066
2.73882
2.81647
3.21377
3.94859
3.79058
3.38606
1.90520
3.30576
3.76650
3.58126
2.18844
3.56322
3.56851
0.64954
3.72620
1.03854
3.55658
2.87306
3.37848
2.82797
3.68770
3.88812
2.65437
3.62759
3.57704
3.60912
2.80080
1.93089
2.13145
1.64273
2.60159
2.91219
3.34683
2.43021
3.78263
3.53043
2.60572
3.62067
1.50259
2.12917
1.19932
2.55253
3.77795
3.35672
0.37094
3.40854
2.71316
3.05978
3.28482
2.53460
1.30741
1.94772
4.01502
3.72935
3.62931
3.28629
3.41579
3.48027
3.69856
3.23750
3.75312
3.78996
3.54924
2.87451
3.93484
1.81314
3.56284
3.81375
2.90894
0.88466
2.70790
3.53705
3.70600
3.09498
3.46121
3.52828
2.96629
3.61334
3.40135
3.14070
2.31834
3.32693
1.18982
3.92854
3.88529
3.33636
1.38920
2.27296
1.87614
3.03041
3.59438
1.50405
3.68687
3.50923
3.03657
3.78728
2.27475
1.91812
3.81018
3.55230
3.32305
2.63982
2.88539
2.77455
2.20305
2.68815
2.65124
1.03349
3.93731
2.94889
3.89440
4.11772
3.29595
3.12526
2.57004
0.83658
2.60469
3.25956
3.65067
3.68279
2.91836
3.31418
2.82747
3.27869
3.74473
1.84082
3.06598
3.36748
3.78778
2.46236
2.97362
3.59256
1.94919
3.66778
3.90097
1.96609
3.74593
1.72449
3.79442
4.02664
3.52483
0.53803
1.91709
3.54679
3.39839
3.40365
3.26836
3.00086
3.63784
4.02356
3.27816
3.90483
3.46061
3.99517
3.43879
3.23617
3.40994
3.67384
3.54401
4.03744
3.19494
2.20466
3.62519
3.48235
3.64102
3.74001
3.90587
3.66103
2.22622
3.79473
3.97410
4.00257
2.57000
0.97389
2.79557
3.23479
1.35137
3.86688
2.53696
2.94874
3.05089
2.82832
3.03578
3.68586
1.85137
3.65881
3.58029
1.58965
1.48852
3.77775
3.80062
2.64307
2.67158
2.99041
1.97852
2.39753
3.09732
1.65442
3.74216
3.26898
4.03774
3.89489
3.86338
3.49266
3.04838
3.73553
4.04306
2.99553
3.91559
2.90562
3.58591
2.79142
2.85281
3.19266
2.14944
1.96561
2.02505
3.53299
2.66346
2.19887
3.72108
3.24010
2.28552
0.65753
3.35657
3.93071
2.76819
2.90556
3.86373
3.57636
3.64237
3.43154
1.68392
3.81835
3.96161
3.75226
3.33726
2.07019
3.20191
1.60526
2.44711
3.69831
3.74014
2.71508
2.25054
1.76213
2.47716
4.03242
3.81166
2.93943
2.58936
3.87539
2.67132
2.69623
3.48690
2.63831
3.55561
3.35218
1.63266
3.38652
0.93435
1.74476
3.36308
3.30861
3.17726
3.43588
2.75778
3.93003
2.70589
3.66501
3.63406
3.54585
1.32274
3.90453
3.52355
1.92387
3.99949
3.52108
3.90356
3.29312
3.23860
2.80592
2.08131
3.85405
2.89547
0.22641
1.93031
2.87092
2.26527
3.41050
3.67141
3.73522
3.63293
3.62519
3.57584
1.13463
1.36259
3.68344
1.75248
1.23283
3.07837
3.30420
3.36817
3.94690
3.70461
3.28151
3.40615
3.88950
2.25546
2.30979
3.58748
3.70330
0.39937
3.85279
0.79595
3.46557
4.03546
3.03269
3.93677
3.29908
2.06424
2.98995
3.45903
3.29129
4.06759
3.43669
3.56033
3.59662
3.49679
3.78584
3.71846
4.06726
3.10063
2.47854
3.72328
1.40768
3.48852
2.25880
3.38153
3.77882
3.73215
3.46969
1.30673
3.71831
3.12359
4.01646
3.55441
3.79728
3.38029
3.64967
2.74198
3.59710
1.25894
3.03913
3.08695
2.22411
3.47953
3.89811
3.66153
2.12850
3.65945
3.88760
2.51716
3.13098
1.17486
2.54686
1.21462
2.35515
2.36506
1.38378
2.73004
3.70788
3.68475
1.96058
3.03539
2.58964
3.47122
2.90439
4.04039
1.75981
1.49249
2.89730
3.92784
3.12610
2.51929
0.36790
3.80638
3.03486
3.90463
2.78720
3.67980
3.64219
3.61809
1.45253
2.97764
3.64904
3.62949
3.37861
3.19321
3.92212
3.69635
3.43087
1.05103
3.87737
3.46053
3.12110
0.04305
1.33701
2.55136
3.68187
2.55161
3.12175
3.10783
2.73185
3.65390
2.65147
2.65354
3.48832
3.54589
3.94239
1.79737
3.81198
2.55543
3.09394
1.50235
2.91937
3.66865
3.71539
3.13682
3.70781
3.76153
1.04513
3.71846
1.84917
1.02384
3.06017
3.43398
3.22099
3.65894
3.32792
3.62741
3.54337
4.00498
3.71243
3.26367
1.65291
2.35254
3.78183
1.30317
3.52072
2.44077
2.91614
1.15604
3.70778
2.83048
3.80818
1.74230
4.01835
0.83561
3.90946
2.43384
3.62735
3.42668
3.67934
2.34062
2.21275
3.62463
4.02175
4.03044
3.69899
1.28800
2.64768
1.46124
1.14258
3.23538
2.32567
3.56467
3.63499
3.07673
3.43354
3.76879
3.85085
3.37618
2.85433
3.23597
2.94984
3.85667
3.60995
2.12806
2.89826
3.01107
3.12929
2.56440
3.68335
2.61943
0.65963
3.35987
2.83272
2.85460
3.40992
2.30577
2.96297
3.27459
3.66191
3.74538
3.74527
2.58815
3.17987
3.18429
1.18374
3.25167
1.04464
2.31237
3.77552
3.18293
0.95472
3.85437
1.41265
2.86844
3.44184
3.90042
3.23836
3.37849
3.51593
2.05271
3.27128
3.10922
3.67555
3.30674
2.40413
4.09253
3.43356
2.53685
0.49949
3.94387
1.77260
3.67952
3.98128
3.73203
2.42582
3.60727
2.97433
3.26603
3.83762
3.98366
2.65342
4.02231
1.53709
3.38532
3.53934
3.48008
2.25342
2.63025
2.00870
3.28248
3.57630
0.97295
3.41532
2.47775
2.98930
2.85225
3.48409
3.77370
2.85695
1.43963
4.11296
3.33086
2.61153
1.06841
2.20277
1.64424
2.67136
3.64970
4.02302
3.34759
2.70362
3.60680
1.99456
1.00868
3.21232
4.17855
2.85560
1.07748
3.16943
3.23707
1.88539
3.23982
1.18567
2.22330
3.97761
3.62968
0.85920
3.47346
4.10387
3.71663
3.49401
2.33115
3.58855
1.66189
2.73174
1.69744
3.90312
3.23679
2.11686
3.03442
3.72596
3.15415
3.72146
1.86833
4.04176
3.97624
3.11429
3.40200
3.43135
3.64385
3.74321
3.97020
2.91298
2.71049
3.68344
2.36853
3.72663
3.73285
3.49542
3.82793
3.98964
3.29039
3.70675
3.55392
3.02165
3.45371
4.08260
1.52307
3.31372
3.63995
3.70822
3.44263
1.40819
2.61513
3.81638
3.54414
3.12496
2.44215
3.21867
1.99903
3.32466
3.70366
3.96610
3.86048
3.95890
3.01687
2.10017
3.62663
3.89075
3.21552
2.17186
2.93965
3.95268
3.43571
2.91027
3.62448
3.58115
3.91787
3.48452
2.26335
2.93505
0.12756
1.95710
3.84122
3.69523
3.05734
3.13573
3.88752
2.53002
3.18296
2.94516
3.05171
2.47208
3.37148
3.43790
3.68292
3.22400
4.04424
3.36805
3.34093
3.55219
3.90572
3.46778
2.02567
3.64002
2.77780
2.04152
2.79620
3.96607
2.13092
3.97351
3.84474
1.23058
3.75900
3.25726
3.78644
3.47495
3.70842
2.64870
2.39215
2.84671
2.88591
2.82374
3.86785
4.08423
3.78549
3.85841
3.68226
3.87797
3.24017
2.33324
4.19405
3.80871
3.80459
4.05966
4.03664
0.97868
2.79236
1.85713
3.91427
0.47923
3.11288
3.54337
0.46376
3.97650
2.39626
3.78278
2.26028
2.62195
1.89478
3.65762
3.47846
3.78755
3.51348
3.73871
3.23422
3.04126
3.31817
3.15080
2.65081
2.15973
2.75442
2.64630
0.23839
2.98902
3.88932
2.87287
3.71980
3.40058
2.38726
3.27743
2.91598
3.30574
2.37602
3.42245
3.35729
2.85194
2.54992
3.80241
1.97562
3.89315
3.78211
3.61892
2.57146
3.66812
0.76301
3.86549
3.05699
3.03678
4.03975
3.99735
2.87522
3.61410
2.57038
1.01717
3.99860
3.99223
3.09261
1.91881
3.91655
2.82132
3.74911
3.55300
3.78689
3.61426
3.03264
3.33330
1.94476
3.67888
3.91913
3.79900
2.22755
2.53754
4.04254
1.89982
2.24583
1.34256
3.94008
3.83913
3.66996
1.81618
3.21669
4.12134
3.90207
2.27717
3.97526
1.58192
3.70874
3.58376
3.49417
2.98104
1.10586
2.50738
3.13170
2.61304
3.50960
3.87016
3.10196
3.68949
2.46084
3.81701
1.96423
3.98154
2.40650
1.97081
3.58386
3.39305
2.35236
4.02084
2.03230
2.46590
3.39473
1.05886
2.12809
3.12556
3.09487
3.86523
2.24601
2.74367
3.12676
2.96973
2.23307
4.16165
3.15404
1.99231
3.61695
3.13861
3.04826
3.49114
3.56201
3.75435
3.10027
3.62516
3.53239
1.37961
3.75788
2.91379
3.65161
3.05552
3.71328
3.80329
3.36321
1.62196
3.08534
3.84757
2.40676
2.70099
3.93553
3.71541
3.29650
3.20794
3.73419
1.59442
1.78341
1.81835
3.56818
3.78286
3.77704
2.11471
2.44915
3.05884
2.10064
0.96315
3.59732
3.46406
3.83053
3.74865
3.01876
1.39385
3.66941
3.69649
3.69821
3.35742
2.82405
1.19523
3.85083
4.06109
1.39716
3.37551
3.95273
3.11194
1.01504
2.72128
3.33577
3.42767
2.92918
3.19829
3.11188
3.51373
3.88975
2.77841
3.74793
4.17234
3.26899
4.00408
2.27580
3.70131
3.77244
3.12970
3.64786
3.61409
4.08846
4.11072
2.10136
3.38346
3.62749
3.90097
2.42204
3.81913
3.47075
4.06649
3.61484
3.34029
3.23026
3.79401
3.73999
2.98042
3.18002
2.02472
2.92451
3.83209
3.75249
2.32963
2.89099
3.96632
3.34210
3.85470
3.10335
1.97314
1.80367
2.13204
1.61855
1.70443
3.94185
3.91645
2.80124
3.63891
3.12306
3.53006
2.88440
3.24402
2.86565
3.85073
3.98056
1.06884
3.50354
3.82104
3.41152
2.48310
1.77312
3.18732
3.91851
3.42541
3.22171
3.59943
4.13595
3.57841
3.63485
3.60753
3.79258
0.46370
2.91034
1.74011
2.88619
4.00297
1.50227
2.43082
1.61422
3.89084
3.21786
3.22867
1.72054
3.88719
3.70703
3.89013
3.59945
3.37577
3.73567
0.93389
3.75180
3.46528
3.22960
2.89456
3.17622
2.17500
3.31199
3.81492
3.82407
3.43484
3.72817
3.16179
3.73527
3.52678
2.55998
3.87532
3.72602
3.11595
3.66901
3.80503
3.73307
4.04985
2.70553
0.18410
3.84878
3.60584
2.90779
3.11742
2.06409
3.66855
2.76472
3.19880
2.90768
3.96027
3.34888
2.91764
2.70360
4.02524
3.11760
3.14663
2.35712
2.33710
3.07299
1.78896
2.27276
3.30946
3.57725
3.55596
3.18697
1.96746
4.13197
4.22782
2.84855
3.72824
3.32541
3.98035
3.36630
3.80868
0.31102
2.98273
2.84514
3.50807
2.65219
1.88898
3.38286
3.81134
3.80044
2.38952
3.75947
3.07344
3.80751
2.08155
2.87445
1.91208
3.58571
3.29670
3.51075
0.73329
2.38387
2.40150
2.49580
3.30023
3.21652
3.05700
3.64204
3.15999
3.64468
2.07944
3.82986
2.91154
1.87235
3.72186
3.45973
4.00635
3.63011
2.57463
3.75380
2.73102
3.43000
3.17510
0.50040
3.62814
3.65864
3.89250
3.79000
3.70613
3.86378
2.66862
3.64841
1.97036
3.65953
4.01967
3.75887
1.66360
2.11225
4.08480
3.35597
2.00739
2.97631
2.54261
2.78075
2.10136
3.38352
4.01627
3.56648
2.85518
2.33965
3.38328
3.16183
2.08177
3.46487
1.53145
3.31777
3.32018
3.45615
1.83374
3.20049
2.29305
4.05107
1.40210
3.36762
3.62644
3.82253
3.60595
3.00316
3.47655
3.70506
0.42611
3.70225
2.69212
3.68583
3.57148
2.84936
2.01749
3.61157
3.71699
0.48321
2.58671
1.63707
1.76948
3.15245
1.54192
3.78122
1.04246
3.92634
3.55603
3.91903
3.57550
2.72651
3.53036
3.66858
3.51833
2.39105
2.49717
2.68595
3.47011
3.94710
2.10791
4.04904
4.00478
3.91067
2.81527
3.89205
3.59661
3.92419
3.64974
1.37200
3.19455
2.82281
3.75403
1.61946
3.13512
1.26378
4.02190
3.60970
1.76663
3.84817
3.87053
3.63235
2.96483
3.41575
3.08362
1.56620
3.90107
3.70795
3.75033
3.51519
1.91608
3.67721
2.77892
2.13926
3.85290
2.11039
1.95253
2.93272
3.53363
3.57587
2.91322
1.90872
1.26114
3.52653
2.44171
3.57728
2.02173
1.96166
1.37981
3.00734
1.20960
1.09786
3.23838
4.08405
3.15547
3.31656
3.37006
3.69345
3.59291
3.40829
0.60670
3.75573
3.31075
3.78595
3.98944
3.51559
3.63109
3.84847
1.77298
2.98073
1.57600
3.85220
3.42131
2.54962
3.76702
1.96045
3.23747
3.76466
2.73354
3.85991
4.13834
2.79469
3.04464
3.47741
2.36565
3.37556
1.82080
3.84650
3.61949
3.54401
2.42472
2.99725
1.50154
2.73865
3.52868
3.73438
2.66964
3.23411
3.21575
0.88430
2.92290
3.49174
2.44433
4.15471
3.55498
2.64892
4.02010
2.31510
3.69927
3.67805
2.70625
3.87141
0.16229
3.90413
3.76345
3.14875
3.36560
3.79064
3.82167
3.46304
2.39787
3.98273
3.83825
0.84358
3.64127
3.50908
3.53239
2.80612
2.88279
3.36830
1.68668
3.41554
3.45456
4.16950
3.08197
2.66567
3.69536
3.00517
1.54279
3.12795
3.17570
2.81805
2.59117
1.14624
3.82727
3.34845
3.04819
1.87806
3.20872
3.97905
3.79837
3.70435
3.04755
2.45340
3.78309
3.75510
3.88271
3.68093
3.95837
3.77852
1.52800
2.79940
1.22071
3.34547
0.76742
2.78395
3.76377
3.35973
3.77700
3.51748
3.75668
3.70088
3.44455
3.36745
2.65470
2.89567
3.88127
2.89149
3.64212
3.40646
2.93068
1.19372
3.51273
1.46153
2.35843
3.15646
3.35604
3.90422
1.89725
1.86556
0.77960
1.53994
0.93559
3.16589
3.47599
3.85317
3.54994
3.71430
2.70028
1.72212
3.84199
3.55118
3.59018
3.51626
3.70585
2.46070
1.67749
3.60463
3.93300
3.73467
4.04904
3.65780
3.35229
1.84226
3.57980
1.85377
3.45220
3.39200
3.56225
3.94708
2.09324
1.79337
3.98949
3.31069
3.47598
1.19721
3.51373
3.72614
1.96574
3.78092
3.62703
3.78993
3.38113
3.56124
1.81476
2.05702
2.84265
3.82354
1.96790
3.45954
1.97174
3.84536
3.66210
3.12826
3.69978
3.79685
3.72795
3.60199
3.32437
4.05250
2.43154
2.86513
3.69264
4.02579
3.38319
3.84230
2.34093
2.11737
2.16252
3.75434
2.31093
3.58161
2.65602
3.16230
2.31268
1.37452
3.23856
2.56930
1.16251
2.31014
3.80266
1.47873
1.14427
3.84101
4.04198
3.45083
4.12006
3.91678
1.99201
4.01629
1.24844
4.02645
2.35551
3.76391
3.68247
3.49782
1.85607
2.65583
0.71123
3.20941
4.02128
3.67193
3.71763
4.03700
2.34409
3.01740
3.70947
3.68387
3.66834
3.51135
3.08718
1.39635
3.59996
3.90956
1.53392
2.36517
3.67003
3.70942
3.33560
3.48695
3.65875
2.33187
0.92823
1.06769
3.76302
3.90079
2.14498
3.82140
3.30375
3.75866
3.93865
3.90928
3.56322
4.08536
2.35814
3.45818
3.32536
2.12211
3.17097
3.49016
2.02023
3.56882
3.45547
3.58123
2.18730
3.63377
3.74044
1.99727
3.95730
2.99736
1.52158
3.97548
3.78327
3.29957
3.26571
1.37926
3.23492
4.04870
3.64860
3.81343
3.70439
3.46471
3.38679
2.55065
0.07073
3.89324
3.65128
2.11981
3.50940
3.85812
3.95881
2.17607
2.29535
0.44749
3.10664
3.69159
3.60093
2.58390
3.56193
3.84559
3.84992
3.61238
1.65132
3.59383
3.00370
1.24729
3.41808
1.88850
3.67785
3.54969
3.94695
3.03300
1.37026
3.15134
2.03631
1.96552
3.54129
3.58227
2.67463
3.15434
3.64908
1.66387
2.99944
0.60996
3.29092
2.04117
3.59252
2.75950
2.01580
3.39510
1.69809
1.96202
3.53051
2.73415
3.56838
3.83207
3.42323
2.34855
3.58503
2.27519
3.58322
3.14451
3.36909
3.05461
0.96912
3.06536
3.95752
3.81632
3.77577
2.49120
3.17604
3.45543
2.31155
3.78464
3.98162
3.92141
3.51179
3.72295
3.79243
3.62253
1.91818
4.01593
3.63122
1.21037
3.94585
0.45608
2.65619
3.70996
2.91729
2.34609
3.53266
3.66565
3.79760
3.46843
3.60331
3.47258
3.29130
3.54167
2.91418
4.06781
4.02702
3.68537
3.94694
4.00541
3.47267
3.84137
3.66770
3.26889
2.84464
3.65197
3.11611
4.01781
3.61413
3.08221
2.93036
0.83483
3.53089
3.69221
2.78831
0.27850
2.31045
0.53655
2.84800
2.48577
1.83024
3.61480
3.55620
3.65146
3.46165
2.77626
2.19593
4.15335
3.91976
3.30650
3.41746
3.63927
2.94323
2.70020
2.89628
0.66355
3.47133
3.80031
2.36085
3.63134
2.85087
3.62981
1.91534
2.17692
3.01248
2.84018
0.69016
3.55170
2.82821
3.86733
3.36111
1.95362
3.26618
3.50863
3.76794
2.45335
3.75660
1.36401
3.44310
3.97376
3.90983
2.10472
2.41194
4.03888
2.33868
1.87711
3.77799
3.91948
3.60348
3.59213
3.88187
4.02131
2.95780
3.40069
3.50292
2.02318
4.02523
2.29107
2.79574
3.16120
3.35881
3.93176
3.12530
3.26809
3.35709
3.82673
2.80926
3.16911
2.22914
1.51197
3.61944
3.48550
2.67261
1.07738
3.96633
3.67707
3.15275
4.07841
3.95301
3.39700
0.97087
2.56702
3.33441
3.70091
1.90856
3.30599
2.31532
3.90154
3.20241
3.90485
2.73341
2.23211
3.52163
3.14734
3.87204
3.01239
3.44458
3.54216
0.29406
1.11519
4.11491
1.63383
3.71279
3.34739
3.40512
1.67350
3.15189
3.19476
3.78477
2.56154
3.25850
2.84769
3.05776
3.94908
3.72848
3.65340
3.71331
3.20119
3.29545
3.31448
3.69069
3.82694
3.51053
3.89372
3.68040
3.76439
4.04942
3.20527
3.77275
3.30804
1.73135
3.45183
3.68251
0.94467
3.87966
2.89953
0.19225
3.65652
3.12378
3.87216
1.88243
3.56475
2.51050
2.71288
0.54179
0.70333
2.64097
4.20538
3.50695
3.66107
1.46603
3.39872
3.68033
2.34052
3.59379
3.72779
2.71907
3.35265
3.54582
3.74034
2.71283
2.22455
3.68857
3.61843
2.55316
1.72225
0.39394
2.13080
3.77088
3.86979
3.93490
3.16062
2.73971
2.25663
1.27377
3.97901
3.67450
3.39974
2.85850
2.18106
3.87613
2.51342
3.17320
3.85839
2.80949
0.20852
3.45663
2.60280
2.01667
3.87728
1.54284
2.78608
3.57130
2.24314
4.05865
3.49564
4.08421
3.06745
3.15508
3.71393
3.93794
3.20349
3.76432
3.86398
1.52124
3.85929
3.06286
3.02574
4.08211
2.75277
2.46350
3.96781
3.80756
1.78398
4.16500
0.40022
4.01498
3.70293
3.06596
3.54226
2.33982
2.06707
3.77943
3.31305
3.74619
3.65546
2.13208
3.15254
3.83441
2.31685
3.33863
3.96047
3.63734
2.72839
3.00358
3.40856
1.97897
3.15961
3.19828
2.90602
2.77579
3.88856
3.33063
3.83900
3.38093
3.22109
4.16647
3.65403
2.21346
3.31584
2.74545
2.40165
4.04141
3.75092
2.30380
3.74854
2.34354
3.74321
1.93723
3.32107
3.17470
2.45148
2.55840
3.47973
3.66390
3.84549
3.28571
1.87728
3.93078
4.02375
1.61300
3.06382
0.91828
3.60402
3.90482
3.46390
2.52250
3.38133
2.04471
1.42113
3.82372
2.72089
3.25557
3.42201
1.28947
3.36072
3.79838
1.84561
3.76281
2.51242
3.30521
2.97757
3.29983
3.05079
3.01057
3.79057
3.82640
0.99147
3.53686
2.98512
3.36161
3.65204
1.45897
3.75117
1.38504
3.29870
2.56268
2.73912
3.66729
3.43268
2.23351
1.97495
3.33412
3.07938
3.07638
3.64505
2.53552
3.27803
2.37717
4.11721
0.77939
3.88897
3.88101
2.76175
3.13129
3.62007
2.34924
3.19746
3.12551
3.53439
3.43696
1.55591
3.13339
3.40905
3.72365
2.29212
3.78205
2.36430
2.71809
2.18237
2.96485
1.85137
2.96005
0.68950
3.11495
3.20239
3.84078
3.43860
0.76843
3.57804
1.97952
3.74460
3.58310
3.07458
3.45053
3.84919
3.53193
3.66409
2.52158
3.27126
3.80756
2.98459
2.24275
3.17663
3.69432
3.40735
3.69762
3.17632
1.75768
1.17327
2.36217
3.75342
1.71300
3.72032
3.42696
3.34956
2.64879
3.76466
3.38480
3.60041
2.65996
1.81544
3.09701
3.06696
1.83422
0.05940
1.29878
1.71409
3.21735
2.71867
3.47027
2.72830
3.32749
2.26632
3.86074
3.50077
3.77705
1.06676
1.83793
3.57815
2.90424
2.90798
3.41706
1.95817
1.01770
2.26597
3.29617
2.09572
3.41657
3.26419
1.92436
3.80364
3.95121
2.57906
2.99734
3.83287
2.29045
3.09053
3.81001
3.56614
1.99287
3.13859
2.54421
0.00852
2.46250
3.70262
3.37472
3.44928
3.52137
1.36942
3.61520
3.56534
3.67332
3.77520
3.88550
3.79566
1.32844
3.89930
3.93469
3.90896
1.16668
3.91336
1.78399
3.05064
3.30354
3.37390
2.50293
2.88139
2.87380
3.03808
2.38836
3.08245
3.02864
1.32952
2.04016
3.48133
1.63951
2.15715
3.47578
3.33613
1.05201
2.96645
2.43701
2.96120
1.71425
1.24318
3.10105
3.89620
3.79004
4.08042
3.47713
3.11034
1.60577
3.35894
3.69073
3.99002
3.59743
4.10458
1.81669
3.21017
2.63270
3.49084
3.06914
3.37083
3.08145
3.53494
2.66077
2.22386
2.94016
3.40192
1.58951
2.56271
1.16810
2.30406
3.41925
3.59537
3.91196
0.96060
3.63637
3.92784
3.10297
0.86694
3.71539
0.52232
3.22988
3.35654
3.72989
1.53416
3.81236
3.37293
3.60292
3.07393
3.22732
1.98834
3.56462
2.58528
3.91796
2.87257
2.28413
3.62222
3.22474
3.47492
0.24516
3.47925
3.42757
2.32388
1.11794
3.14830
3.51030
3.20232
1.52299
1.98717
2.89643
3.54508
1.19349
0.79041
3.48494
2.54628
3.25890
3.61324
3.20910
2.47678
0.95565
1.99496
4.07043
3.11974
1.27043
3.65573
1.09092
1.31437
3.00903
2.08768
2.88219
1.76555
3.07875
3.88374
3.68044
2.72888
3.97350
3.49591
3.68083
3.57871
1.21077
3.76114
3.77321
2.55708
2.40328
2.49096
3.28868
3.65071
0.78741
3.11395
4.01428
3.75637
3.72717
1.62535
1.44402
3.57531
2.13004
2.76969
3.33804
2.86465
1.60310
0.52154
1.69470
2.87278
2.54200
2.63966
3.63831
2.93071
4.03621
2.24299
3.75998
3.18990
3.73779
3.77325
2.70340
4.07977
2.89857
3.60360
3.34945
2.79327
3.71724
1.66645
3.69198
3.93501
1.82385
3.58666
2.33876
2.60725
3.54094
3.34283
3.85909
3.29193
3.52925
3.58760
3.59085
3.39216
3.45744
1.11602
3.71129
3.54896
3.34291
4.12339
3.88717
3.01846
1.81504
1.01832
3.68034
2.36130
0.77827
0.74432
3.77779
3.62579
3.28376
3.77109
3.87321
3.84099
3.30921
3.63931
3.43628
1.64304
3.55104
2.64139
2.29075
3.57597
3.94528
3.05838
3.37168
3.89580
3.71601
4.07059
1.18652
2.13357
2.63421
1.79761
3.61363
3.85284
2.28146
3.52668
3.86973
3.67090
3.69116
2.19175
3.30545
3.00783
1.11927
3.93750
2.59072
1.47925
3.67242
3.18256
3.30826
0.45325
3.86951
1.04472
3.14209
3.73228
2.24619
2.79605
3.16515
3.16878
3.72309
3.07614
1.92234
3.37352
3.48570
3.29534
3.71730
3.70002
1.80187
2.84405
3.00068
2.11655
1.92361
1.04169
2.67484
1.96416
2.49001
3.31433
0.23201
3.71300
3.68388
2.67729
1.12294
3.72834
2.50259
3.63268
2.23323
1.44294
3.92250
2.60363
1.81707
3.15368
3.17740
2.17927
1.30629
4.05826
3.43803
3.89580
3.34061
3.46688
2.80850
0.92501
2.51643
3.70150
2.89477
2.73782
3.34339
3.54997
1.93745
2.93484
3.91288
1.59925
0.77448
1.01105
2.66178
1.32444
2.81689
3.88072
2.38196
2.85039
3.66251
3.69906
3.30004
2.32251
3.30158
3.22685
3.69507
2.88222
3.86749
3.03041
3.61233
3.71390
3.48864
0.86726
3.51171
3.60189
4.12470
2.88324
2.52589
1.42090
3.67911
3.91558
3.12149
1.65909
3.31542
2.43511
0.90184
3.51917
3.80175
2.09563
3.61634
3.05511
2.22599
3.77004
3.70400
2.19306
1.64277
3.77913
1.54258
1.50035
2.21637
3.04642
1.65955
3.52353
3.84877
3.21120
3.81733
3.57343
3.88936
3.79051
3.51910
2.20392
4.03226
3.29606
3.79455
2.21876
3.26886
3.72132
3.74690
3.96083
1.28748
2.14013
3.59377
3.46443
3.75147
2.85711
3.82191
3.87579
2.56700
1.65918
3.43622
2.90277
3.41921
3.65751
2.01502
3.63751
3.47687
1.66769
3.69663
2.25225
3.95866
3.57349
3.86550
2.32829
3.18557
1.92233
3.82530
3.83834
3.87131
2.52364
1.52383
3.74802
3.74756
3.82158
0.89450
3.15672
2.34159
2.13200
3.59471
2.79986
3.72822
3.51261
2.76949
3.38743
2.54349
3.74859
3.58093
3.57356
1.03067
2.13325
3.77637
3.19280
3.22005
2.01974
3.54181
4.02885
3.61090
0.05948
3.39618
3.95067
3.60283
3.55024
3.79332
3.54633
2.47736
3.89765
3.87163
4.05596
1.60783
3.99880
2.54042
2.34838
3.57793
3.72644
3.21747
0.69539
3.20594
3.16939
3.79032
1.02020
3.85254
3.33592
2.52022
4.07871
2.47237
1.64127
3.73303
2.48446
3.23064
3.33530
3.98005
3.97580
1.57361
0.40571
3.90518
3.61382
3.06108
1.65499
1.10363
2.28459
3.70062
2.51938
3.96619
4.14501
2.74114
1.76215
3.03085
3.19069
3.84468
3.60803
3.49362
1.70855
3.25163
3.42654
3.80489
3.00749
3.53353
3.77710
3.36164
1.41317
3.80543
2.30610
3.50424
1.61439
3.16055
3.48277
3.89207
3.48993
3.76413
3.44349
3.84137
3.76841
3.54805
4.02052
3.63637
3.66583
3.88974
3.42220
1.93543
0.41290
2.18328
3.50564
1.83561
3.79095
3.87773
3.34463
2.14135
1.46121
3.55417
1.72838
2.96997
3.59152
3.70997
0.75846
3.68424
2.39504
2.64521
3.02963
3.54987
0.64926
3.18956
3.63845
0.10543
3.83676
3.24822
3.95435
2.46088
2.88002
2.79492
3.65581
2.38155
1.87602
3.96939
3.03559
1.39951
2.89659
2.68292
3.66266
3.85380
2.44416
3.65733
4.13655
3.41799
2.72944
3.79210
1.62400
3.17911
3.19469
1.65730
3.92728
3.80742
3.50947
3.75290
2.88302
3.33917
2.63002
2.74474
1.66991
3.70018
2.26714
3.13629
3.35292
2.86781
3.57741
4.02068
3.76691
3.16764
3.51008
3.85577
2.87086
3.83507
2.96696
2.87313
3.69473
2.10041
3.21241
3.32533
0.74508
3.29317
3.59071
1.31039
0.33623
3.73335
0.40660
2.76026
1.81391
3.17559
1.74921
3.51878
3.55148
2.75601
2.64066
2.44467
3.15198
3.80030
4.09745
3.89974
1.33286
2.72074
1.38378
3.91877
3.30361
3.65103
2.88584
3.76941
1.79380
2.81447
3.57095
3.96229
3.87289
3.91247
3.27790
0.71959
2.73595
3.21460
1.30930
2.87266
0.98511
2.16670
2.70906
3.51709
3.21739
3.42594
3.63957
2.64026
1.27646
0.50306
2.48040
3.37381
2.25279
3.92768
3.97311
4.16169
3.81303
3.01611
1.71982
3.47790
3.25934
3.68026
4.09254
3.34786
3.29699
2.94420
3.51135
3.05093
3.63491
3.99939
2.28239
3.19166
3.12514
0.42267
3.66613
3.91169
3.64191
2.67480
2.07642
3.04408
3.89872
3.87098
3.33966
3.45568
4.01755
3.28925
1.37726
2.78943
4.09161
3.84198
3.65572
3.55327
3.95894
3.25446
2.22581
3.29471
4.01148
1.98529
1.11847
3.48569
1.76282
2.71528
3.08436
3.54027
3.27328
2.00155
3.47528
1.96408
3.55590
3.86053
2.18963
0.72695
3.81772
3.01408
2.98122
1.93011
2.07723
3.30246
3.20215
3.09345
3.90003
3.87257
1.34797
1.68580
1.78811
0.50622
3.34417
3.60409
4.00233
3.34837
3.90819
3.07130
2.25560
3.76012
1.47246
3.74702
3.06575
0.30624
4.12266
3.05409
3.94101
3.60054
1.69223
3.12862
3.97035
3.39873
3.90148
3.11092
3.72206
3.78927
1.42786
0.98679
3.78146
4.01211
3.69260
3.87177
3.49248
2.65036
1.12157
2.12437
3.64662
3.19400
2.57164
3.78157
3.81634
3.38788
1.96941
2.60077
2.67347
3.74071
0.54192
3.43647
0.71939
4.09586
3.76717
3.41764
4.18407
2.93628
3.51719
2.31029
3.88905
3.02109
3.92167
2.85837
3.21085
3.38993
3.91056
3.28575
3.43808
2.35301
3.09882
4.04770
4.23307
1.38122
3.76831
2.88092
3.54406
2.94794
3.72295
3.22428
2.96199
3.70888
0.12936
3.19545
1.28254
3.22854
3.58399
2.53256
3.56401
3.88164
3.14955
3.41372
1.83348
0.01789
3.59421
3.98329
3.66408
3.52830
3.31367
3.68365
3.76322
1.81801
2.62599
3.86311
3.20292
1.31400
3.09959
2.30442
3.50727
3.45858
3.68654
3.45525
3.66362
3.77956
3.61170
3.59472
3.66691
3.76515
3.13516
2.72543
3.09631
3.21731
3.83398
3.65020
2.76656
1.69976
3.34153
3.62004
3.23085
2.46771
3.25979
2.85005
3.36436
3.27374
1.80213
3.80060
2.74592
1.28226
0.35664
3.44491
3.90697
2.00679
2.56316
4.05458
3.29158
2.57836
1.84413
3.27784
3.28782
3.38251
3.00532
1.69347
2.69764
2.67808
3.76388
2.27193
3.62751
3.54775
2.77151
3.20775
3.64711
3.79498
3.28215
2.63004
3.74996
2.32236
3.58556
2.88455
2.25421
3.00287
4.05546
0.99019
3.70873
1.51313
0.31226
3.58828
2.36709
3.87872
1.49250
3.74996
3.35988
2.82449
3.63403
3.35081
3.27943
3.16731
3.12079
1.94633
2.75403
3.38825
3.41023
2.72290
2.86553
2.28944
2.79284
3.50788
2.42118
1.41942
3.73308
3.49235
3.57537
3.80611
2.11969
3.87706
3.23899
3.83943
3.76069
3.52272
2.56669
3.32941
3.36250
3.25286
3.54559
3.68823
3.28951
4.02729
1.92157
3.39105
3.87399
3.05575
3.57636
3.29884
2.46100
2.27136
3.09807
0.36254
3.82456
0.08977
2.56264
3.61412
2.04368
3.92921
3.65766
3.62989
2.61701
1.02573
3.93453
1.17988
3.87602
3.43409
2.89627
3.33922
2.31098
3.72058
2.96995
4.17358
2.67679
3.08297
3.47377
3.40865
3.55362
3.70899
0.14563
2.69455
2.90370
4.02492
3.75490
3.39758
2.61406
2.45215
1.40166
3.38906
0.54975
3.68142
3.11867
2.91164
3.07581
2.87211
3.34143
3.73661
3.76406
3.52319
3.80215
3.84396
1.78365
1.53114
4.02210
3.08919
3.05499
1.70736
1.42498
2.90594
2.66731
1.72918
3.73368
3.47085
3.91030
3.45792
2.99471
3.75621
2.88172
3.87332
2.81063
3.96489
3.31397
3.80572
2.04602
3.65337
0.76745
3.80147
1.23967
3.01118
3.87923
3.96667
3.82366
2.98594
3.66412
3.20679
3.71430
3.66924
3.62231
3.77484
1.98636
3.34941
3.60850
3.53693
3.40888
1.31196
3.80941
4.02722
1.34362
2.87915
4.04837
1.54055
3.22392
4.08512
2.80880
3.98759
3.73627
3.63801
2.81824
3.00713
1.30760
3.86166
2.77285
3.66812
3.73893
1.12174
3.75055
2.90713
4.14670
1.77119
2.94102
3.81168
2.43995
3.17363
1.45653
3.78093
1.88809
2.42504
3.66073
0.62763
2.09789
3.93640
2.88257
2.74910
3.82351
3.82649
3.61490
3.27578
4.02170
3.10666
3.81448
1.38074
3.82894
1.42836
3.20962
3.76873
3.46992
3.87809
4.09202
2.14864
2.91735
3.68932
3.59394
0.25474
0.96206
1.96787
0.90647
2.04076
1.16225
3.31073
3.68558
3.42528
3.35755
3.88569
1.40187
0.33468
3.11676
1.00273
3.42893
2.51112
3.61386
3.20729
0.53591
1.65988
2.69757
1.52242
3.05456
3.68576
2.98941
3.59967
0.36672
2.73148
3.92922
2.96697
1.97087
3.83338
1.77838
3.89435
3.85793
3.49252
3.38889
3.58584
3.54055
3.42003
3.50594
1.95738
3.83005
0.83437
3.82975
3.51177
3.78344
1.11825
0.58588
3.90676
3.43105
3.12708
1.96688
3.80592
1.81787
3.25401
2.82676
2.33356
1.72454
2.61451
3.43850
3.96294
3.86266
3.60307
3.55762
3.77158
3.70709
3.34463
2.82855
3.06712
2.71098
3.83364
2.65894
3.74223
4.07396
3.31394
1.36433
3.17598
2.45177
3.13426
3.16701
3.23684
3.62842
1.25119
0.41609
3.78302
4.13191
3.53218
1.59067
1.83803
3.86438
3.19830
2.85136
3.28430
1.55259
3.63205
0.15610
2.44922
3.79954
2.05446
3.68508
1.01344
2.66909
4.04710
3.47700
3.48228
1.18376
2.71096
3.27782
2.46629
1.64407
1.83440
0.85228
3.56358
3.19415
2.91501
3.13166
3.51824
3.93648
0.21435
3.68437
3.64676
3.07036
0.94782
3.59137
2.69362
0.72494
0.89946
3.82275
3.70561
3.58317
2.84845
3.82340
3.35979
3.76139
3.52540
0.89990
3.50392
3.93598
3.96341
3.27245
3.79653
1.92821
2.31639
3.66471
0.26049
3.69519
3.50145
1.55293
3.41729
3.20941
2.79245
3.50862
1.17222
3.38667
3.03229
3.73079
2.44180
3.39635
2.20991
3.84153
2.20429
3.15070
3.39674
3.40938
2.14921
0.45976
3.85340
2.75665
3.87427
2.90528
1.29827
1.84255
0.66410
2.69944
3.79609
4.15189
3.54377
2.53853
1.30468
1.96192
3.35949
3.60800
3.65232
3.17956
3.97219
1.59824
4.11170
3.67432
0.23701
1.54274
3.34673
2.70999
0.83449
2.61215
3.86458
3.66334
3.06496
3.71150
3.62672
3.45366
3.64771
3.05968
3.53743
2.72467
3.47250
3.72534
3.21277
2.39273
3.76100
0.90089
3.89282
1.49151
3.27111
3.73771
3.25305
3.17719
3.67298
3.34491
3.81449
1.38444
0.02632
3.29111
3.87545
4.20847
3.13399
2.50377
3.80259
2.43827
3.63438
0.59766
3.88135
3.64811
3.97695
4.00196
3.95557
2.53443
1.61926
3.66208
3.40073
2.01188
1.63358
3.90682
3.27059
4.04846
3.41783
1.59411
3.75238
2.13766
1.07893
2.77170
3.43376
3.57936
3.61543
2.89940
3.52533
2.00423
1.04066
3.63492
3.92856
3.67319
2.09817
3.99781
3.73937
3.29558
3.17700
3.67982
3.54108
3.39872
3.68631
3.12029
3.99053
3.12785
3.78783
0.11361
3.99396
1.73189
2.16576
3.78825
2.30288
3.33407
3.91456
3.75707
1.59128
3.58081
4.06233
0.17021
3.65376
3.05938
3.34784
3.64859
2.73717
3.59723
3.46057
3.16547
3.58101
3.46704
3.48853
3.83095
2.98016
3.54472
3.07467
3.55500
2.95748
2.00583
3.59826
3.85560
3.29103
3.47814
0.19968
3.70850
2.44066
3.08003
3.86171
3.79223
1.79392
3.72494
2.52739
1.73212
3.27420
3.76940
3.15428
1.73994
3.96736
3.66945
3.82755
2.61464
2.59682
3.62753
2.17316
4.11780
0.67637
3.77352
3.37160
2.63040
2.77786
3.77006
3.64368
3.60892
2.86039
3.61770
3.90947
2.86320
3.07166
3.97306
2.39196
2.07341
3.91038
3.70235
3.09253
3.07568
1.46861
3.19134
2.93304
3.44723
2.19604
3.36760
3.53656
3.54112
0.98228
1.13476
3.98965
3.61141
2.04001
3.33107
0.33679
3.79764
3.73143
3.20839
2.89503
3.73713
3.00803
4.10371
3.48824
1.92191
2.63449
3.03803
4.07012
0.95446
1.69239
0.66292
3.45213
2.63918
1.80167
3.65049
3.44443
2.05163
1.45078
2.94278
3.05720
3.10905
3.91902
2.53925
3.52702
3.85260
0.16695
3.26623
3.97667
2.75640
3.60225
2.99093
2.87668
3.73888
3.46478
3.85269
2.96931
3.55521
3.02832
3.60615
1.70740
3.84506
2.70021
3.04345
3.55759
1.52484
3.75949
2.72269
3.63602
2.02609
2.43330
3.47800
3.45061
3.77967
3.49254
3.10900
2.71478
2.59670
3.56675
1.30517
3.57994
3.42071
3.43295
3.33442
3.77726
3.25265
1.18305
1.51686
3.51363
3.35145
3.19357
2.33248
3.49056
3.51712
3.87140
3.48328
3.68068
3.27722
3.26934
1.42506
3.81541
1.73607
3.47959
3.69422
2.76382
2.67601
