4.12003
4.37339
4.47754
4.44342
4.09259
4.22908
4.42994
4.39550
4.31865
4.28901
4.31727
4.47089
4.47286
3.30022
3.79429
4.19458
4.31299
4.45987
2.47245
3.73484
4.10040
3.97376
3.79390
4.36206
4.41123
4.45762
4.24003
4.38591
4.44937
3.81623
3.95819
4.49467
3.96431
4.12048
4.36493
4.33450
3.97603
4.29483
4.28483
4.47932
4.33558
4.23338
4.05466
3.41694
4.38399
4.01981
4.39993
3.73354
4.31520
4.49295
4.47245
4.42541
4.08295
4.49734
4.33183
4.49969
3.14296
4.26641
4.41125
4.22139
4.40872
4.16050
4.30347
4.24832
3.72244
4.06153
4.40211
4.44148
4.39531
4.00003
4.47258
4.50535
4.41367
4.23989
4.33655
4.17445
3.19191
4.40419
4.10144
4.02486
3.93462
4.40483
3.92926
4.07297
4.05836
4.41536
4.16340
4.44856
4.36957
3.14058
4.23298
4.45593
4.43499
4.37280
4.47114
4.48371
4.22441
4.47425
4.51147
4.34598
4.31781
3.24575
4.45438
3.98527
4.27735
2.92977
4.31408
4.50262
4.37556
4.35912
3.94699
3.75294
4.33821
3.83157
4.03014
4.08341
3.89675
4.33469
4.36262
4.22988
4.47292
4.43329
4.34301
4.35060
4.11137
4.45872
4.39812
4.45062
4.44423
4.24672
4.26375
4.34995
4.45840
4.37118
4.38829
4.38503
4.41544
4.44392
4.35115
4.42369
4.30876
4.46450
4.41902
4.40291
4.43679
2.99758
4.45404
4.37650
4.32570
4.41443
4.39826
4.47816
4.37916
4.42505
4.35627
4.48822
4.24833
3.74040
4.31567
4.37183
4.46238
4.47767
4.37864
4.16320
4.47756
4.38950
4.13460
4.24111
4.32620
4.31925
4.07914
4.07579
4.31244
4.36104
4.03839
3.33544
4.41413
2.39813
3.73219
4.40373
4.42368
4.33364
4.20737
4.39431
4.31336
4.46010
3.87246
3.91874
4.00034
3.71760
4.22610
4.47569
4.33903
4.26029
4.30069
4.24406
4.33143
4.37593
3.97380
4.38371
3.02551
4.46240
4.37154
4.19122
4.47732
4.44628
4.03117
4.48979
4.46711
4.48592
2.94240
4.36693
4.28269
4.38488
4.47574
4.24572
3.97914
2.23006
4.39184
4.45059
4.45604
3.94765
4.30385
4.49003
4.47515
4.16319
4.20018
4.51028
4.36360
4.37534
3.98621
4.05293
4.43960
3.51647
4.48627
4.40801
4.42779
4.24929
3.57702
4.47684
3.81430
3.86800
4.42307
4.24747
4.27552
2.62999
4.36244
4.45348
4.29231
3.81628
4.42981
4.49466
4.31248
4.45207
4.14712
4.38252
4.39843
4.43101
4.24646
4.31472
4.39985
2.81814
4.49396
4.42086
4.27082
4.35100
4.28244
3.99103
4.06367
4.27633
4.09816
4.40633
4.33715
4.21395
4.36175
4.28517
1.95869
4.38709
2.88202
3.73373
4.26351
4.48738
4.20940
4.20280
3.01948
4.42870
3.93536
4.41300
4.30893
4.36298
4.36801
4.42928
4.38092
4.44639
3.96802
4.33824
4.15195
4.43847
4.40244
4.30734
4.10648
4.49511
4.50191
4.10760
3.92727
4.23850
3.94935
4.27553
4.36372
3.71209
4.36666
3.75868
3.51799
4.27907
4.46561
4.41160
4.39425
4.46105
4.44769
4.39974
4.45488
4.48948
4.42418
1.86527
4.35829
4.02800
4.29240
4.40350
4.46913
4.28804
4.48869
4.23611
3.62524
4.02146
4.43865
4.23928
2.44143
4.35205
4.44585
3.29794
4.26571
3.73454
4.28091
2.78370
3.44377
4.33443
4.37889
4.21998
4.32102
4.41555
4.40578
4.19163
3.84007
4.42511
4.26500
4.46249
4.37100
4.01080
4.41688
4.43825
4.40318
4.13930
4.49928
4.36392
4.36196
4.26575
4.25845
4.41815
4.39738
4.39683
4.45685
4.12154
4.20058
4.34935
4.48917
3.81142
4.23920
3.02613
3.99468
4.17227
4.41350
4.22772
3.63591
4.51509
4.29777
4.35309
3.99200
3.09387
4.39675
4.34402
4.39231
4.03926
4.52892
3.70074
4.42494
4.37135
4.40628
4.50029
4.31100
3.76436
4.13713
4.48614
4.46074
4.45136
4.28039
4.39084
3.89266
4.13748
4.43861
4.38675
4.44864
4.48473
3.07379
4.42316
4.44701
4.40216
4.37400
4.48326
3.34729
4.35472
4.43799
4.47403
4.42463
4.39936
3.93113
4.22994
4.21764
4.30935
4.36396
4.37779
4.23282
3.55155
2.48768
4.24513
4.44072
4.31381
4.52342
3.87951
4.06507
4.45471
4.09415
4.37766
4.11385
4.48832
4.14323
4.32343
3.97185
4.33261
4.19087
4.37331
4.05151
3.85908
4.26653
4.26900
4.37861
3.71615
4.25221
4.34576
4.45940
4.22125
4.46414
4.41972
2.59366
4.33564
4.07845
4.35513
3.96665
3.98430
2.28808
4.32895
4.18327
4.41612
4.27265
4.41309
4.39082
4.47866
4.38533
4.37415
4.41112
4.33528
4.38186
4.30343
4.37277
4.49024
4.29747
3.67290
4.16364
4.32245
4.30034
4.30672
4.29931
3.79087
4.38255
4.42417
4.44326
4.29910
4.42075
4.34880
4.40412
4.36864
4.37163
4.03877
4.42339
4.17468
4.44692
3.99096
4.34118
4.38138
4.33381
2.32886
4.42406
4.26460
4.06827
3.28619
4.15558
3.12715
2.02837
4.44075
2.32908
1.72428
4.26999
4.51810
4.45180
4.43645
1.76384
4.43391
2.65162
4.21639
4.36608
4.07774
4.43928
4.38863
4.40428
4.36764
4.32485
4.09962
4.49058
4.43328
4.10524
4.38149
4.25747
4.10953
4.26242
4.37438
4.42672
3.94493
4.32537
4.44164
4.12626
4.36447
4.42177
4.21453
3.11106
4.40834
4.21976
4.21110
2.20443
4.41337
4.44354
4.38547
4.15110
4.39361
4.21169
3.97739
4.32190
4.51884
4.28841
3.67682
4.29659
4.47742
4.39848
4.36661
4.45121
4.43943
4.12659
4.07683
4.26528
4.18325
4.51465
3.67220
4.47164
4.40646
3.21737
4.40890
3.59195
3.90465
4.35749
4.24628
4.29882
4.17690
4.36772
4.38569
4.12422
4.46937
4.30631
3.57504
4.49038
2.00247
4.02136
4.39835
4.06015
4.21033
3.48308
4.36611
4.52610
4.33389
4.35944
4.48855
4.45916
4.28292
3.22090
4.27309
4.32084
4.20927
3.93723
4.24898
4.23574
4.18996
4.48172
4.26887
4.06943
3.40758
4.48109
4.26747
4.39807
4.18233
3.90190
4.41944
3.84400
1.97001
4.06707
4.25259
4.35547
4.34235
1.90318
4.35788
4.26543
4.50808
4.10512
4.40783
4.51474
4.42567
4.40662
4.30251
4.48479
4.36713
4.47570
3.83442
4.07860
4.00267
4.37122
4.43496
4.36657
4.44226
4.38415
4.34269
4.48106
4.45888
4.27650
4.46670
3.97161
4.31959
4.30780
4.50051
4.31566
3.24713
4.28551
4.46653
4.37605
4.43314
3.77829
2.07624
3.96470
4.36695
4.36406
3.47212
4.16856
3.92020
4.35557
4.03223
4.29229
4.41846
4.41747
4.05673
4.39694
4.21875
4.00969
4.44469
3.61407
4.47056
4.01436
4.33120
4.04871
2.47654
4.44069
4.16485
4.35996
3.91344
2.41392
4.36088
4.48621
4.35664
4.44258
4.31631
3.84571
4.21176
4.38415
4.45807
4.30512
4.46909
4.44190
4.26631
4.44095
3.69566
4.28316
3.23000
4.20898
4.46874
4.20406
4.30227
4.44471
4.23560
2.76521
4.31436
4.33073
3.29081
4.39221
4.37495
3.03890
4.30512
4.28743
3.66647
4.42082
4.39143
4.10421
4.30436
3.90115
4.36135
3.39330
4.45515
3.92170
4.17359
4.23498
4.46312
4.25393
3.77739
4.26989
4.25000
4.34383
1.66339
4.29949
4.14822
4.35440
2.98379
4.36403
4.17138
4.44274
4.28823
4.26993
4.00675
4.21669
4.36472
4.33882
3.13816
4.36214
4.45470
3.59713
4.50800
4.21837
4.32503
4.23569
4.33083
3.99792
4.17280
4.44624
4.19439
3.18369
4.33627
4.52436
4.44460
3.88998
4.39831
4.42677
4.23180
4.28639
4.13998
3.95502
4.47912
4.09925
4.41378
3.85474
4.32464
4.50731
2.87812
4.46854
4.32461
4.43650
4.39728
2.95781
4.43574
4.03541
4.29339
4.40248
4.47915
4.20069
4.32836
4.45459
3.74984
4.39779
4.31511
4.05861
4.48419
4.08733
4.40817
4.36839
2.99307
3.40486
4.42068
4.50082
2.49694
4.35687
4.39587
4.43925
4.47319
4.11317
4.44897
2.87496
4.10637
4.38064
3.81541
3.90352
1.42207
4.31955
4.32946
4.39088
4.09639
4.00882
3.44240
4.41157
4.45410
4.45461
2.65876
4.40388
4.35204
4.39833
4.39892
4.46652
4.43450
3.60035
4.34311
4.35099
3.85670
4.45680
4.32882
4.35935
4.34318
4.40554
4.40289
4.09034
4.08840
4.12050
4.20190
4.27744
3.77588
4.36773
4.48974
4.12724
4.40527
4.26535
3.72496
4.47956
4.22226
4.24427
1.58476
4.13438
4.28277
4.37536
3.96457
4.25547
4.29764
4.20426
4.04880
3.75232
4.29700
3.83927
4.19912
4.37828
4.46555
4.34751
3.78303
4.25999
4.05792
4.49355
4.40328
4.38850
4.45307
4.14598
4.38022
4.18326
4.33424
4.33000
4.37834
4.37247
3.77398
3.68191
4.07413
4.51319
4.38597
3.06617
4.39211
4.48579
4.36492
3.95372
4.00896
4.16430
4.19060
4.38234
4.47245
4.47340
4.33905
4.34433
4.46596
4.45083
4.37257
4.40178
4.24473
4.03283
4.46775
4.39822
4.41643
4.27231
4.15852
4.07253
3.60752
4.35449
4.00158
3.96487
4.46820
4.10773
4.50382
4.17112
4.33748
2.95513
4.40517
3.87716
4.20039
4.45270
4.09532
4.02804
4.51380
4.46027
4.16661
4.33479
4.22941
4.37812
4.51175
3.39688
4.36132
3.75647
4.01407
4.35821
4.33991
4.24688
4.45970
4.39345
4.27561
3.35685
4.23882
3.55654
4.37127
4.24037
4.22025
4.37764
3.75632
4.50114
4.13882
4.33519
4.49095
4.28959
4.28697
4.45031
4.16554
4.34884
4.40287
4.47734
4.47726
4.39043
4.41016
4.51291
4.32673
3.85046
4.27610
4.44254
4.44319
3.81190
4.28738
4.30172
4.18145
3.56621
4.46039
4.51503
4.11931
4.18745
3.03689
4.44855
4.43185
4.00203
4.20710
3.13250
4.24811
3.88572
4.44917
4.44653
4.32708
4.38560
4.38048
4.44257
4.37941
4.15951
4.18144
4.43017
4.17626
4.39820
4.49222
4.31062
4.47410
4.40047
3.91142
4.37689
3.63733
4.45087
4.16889
4.29287
4.28492
4.47935
4.17001
4.47774
4.13285
4.20682
2.43744
4.10348
4.40853
1.98535
4.28099
4.05569
4.38421
4.27765
4.36231
4.46816
3.21551
4.33288
4.46572
4.42165
2.36484
4.13161
4.37525
4.31097
4.25870
4.42708
4.39943
4.23930
4.34671
4.16043
4.03680
4.21218
4.32353
3.74212
4.43647
4.46798
4.32009
3.68327
4.16005
4.39070
3.69069
4.43459
2.74163
3.73259
4.40947
3.72152
4.34967
4.19292
4.44995
4.10222
4.49046
4.26233
4.37124
4.26083
3.38983
4.35032
4.45776
4.12612
3.95941
4.39492
2.40939
4.25225
3.93935
4.04141
2.59169
4.43548
4.44364
4.13441
4.46134
4.41962
4.43843
4.28336
4.19858
4.20193
3.74964
4.12373
4.11568
3.92125
4.45200
3.86149
2.83969
3.84491
2.41979
4.37976
3.43405
4.35260
4.43406
4.25191
4.22991
3.76465
4.48322
4.36093
4.48857
4.27366
4.27198
4.39223
3.54151
4.38513
2.98592
4.47252
4.33194
3.97483
3.52329
3.21222
1.81118
4.45462
4.41029
4.45189
4.29400
4.08673
4.40340
4.31088
4.39635
4.40908
4.53504
4.47715
4.28382
4.31232
4.40284
4.29273
3.94825
4.33860
4.47193
4.18762
2.95323
4.33051
4.35713
4.38461
3.49959
4.40138
4.32852
4.33180
4.26492
4.19155
3.60262
4.37049
4.41545
4.45981
4.09347
4.38271
4.45957
4.41549
4.42264
4.41582
4.25615
3.80588
4.43830
4.19624
4.31739
4.20349
4.33528
4.39986
3.73561
4.35832
4.44417
4.42515
4.41681
4.45443
4.09045
4.34377
2.81057
4.45017
4.24657
4.04369
4.32380
4.39720
4.49729
4.34600
4.48832
4.50671
3.98707
3.93533
3.94352
4.35948
4.40257
4.52168
4.19496
4.40894
4.30412
4.42888
4.32066
3.98003
4.35520
4.43191
4.35074
4.23330
4.33002
4.45519
3.90589
4.42657
3.74856
4.23376
3.72948
4.48338
4.40082
4.24167
3.19457
4.47319
4.47858
4.29162
4.36188
4.21785
4.42657
4.29630
3.69661
4.51063
4.49229
4.13235
4.37327
4.51413
3.83917
3.55961
2.72858
3.69858
4.41780
3.87187
3.44114
4.11776
3.96129
4.33358
4.34894
4.28234
4.41955
4.14306
3.93282
4.25926
4.47587
4.49046
4.50947
4.40172
4.33777
4.41100
3.85829
4.25520
4.39065
4.44922
3.35301
4.31563
4.40201
4.40749
4.41295
4.43714
4.46234
4.35170
4.38580
4.41075
2.58270
4.36702
4.33233
4.49203
4.38935
4.45712
2.29246
3.75290
4.44518
4.34544
4.38668
4.37787
3.96131
4.34151
4.31071
4.40276
4.33836
4.49319
4.49858
4.10934
3.87499
4.45817
4.26012
4.48476
4.12059
3.97487
4.49557
4.40389
3.71814
4.15062
3.73986
4.20740
3.55372
4.25939
4.40391
4.11999
4.24527
4.03396
1.83833
4.35612
3.83477
4.36959
4.18569
3.90278
4.47937
4.25322
4.31818
3.51365
4.40956
4.49154
4.49283
4.21832
4.42072
4.04285
4.38195
4.51066
4.36037
4.47702
4.39922
4.41228
4.49567
4.34684
3.88207
4.32241
4.43108
2.83212
4.38042
4.43025
4.33281
4.26612
4.17918
2.66478
4.31894
4.41169
3.73866
3.91962
4.26322
4.37890
4.16674
4.40994
4.32732
4.27914
3.95845
4.02756
3.80726
3.83609
3.96490
4.46124
4.46942
3.17697
4.29912
4.10874
4.39731
4.13068
3.70917
4.42596
4.36385
4.31306
4.45366
4.39167
4.33500
4.08127
4.43623
4.44627
4.29100
4.10856
4.26585
4.44249
4.26829
4.13037
4.20565
4.43340
4.32237
3.60091
3.25529
4.44532
4.44224
4.14248
4.40592
4.14853
4.39690
4.40568
4.30992
4.25318
4.32083
3.74390
4.39881
4.41738
4.33914
4.53241
4.36849
4.39640
4.22531
4.29451
4.48688
2.86209
4.05328
3.83072
4.40851
4.37009
4.34651
3.95771
4.42067
4.32936
4.43883
4.25311
4.18431
4.10560
4.12407
4.15442
4.37907
3.89845
4.46072
3.44432
4.22413
3.95654
4.39138
3.76356
4.28644
3.84688
4.38496
4.39228
3.90388
4.36566
4.33913
4.49697
4.40452
4.35295
3.89061
4.48056
4.47022
4.43975
4.49458
4.40142
4.46954
4.36986
4.45531
2.82867
3.91948
4.47886
4.09145
3.78540
3.88343
4.38632
4.05902
4.44653
4.14962
4.31029
4.09564
4.50091
4.41344
4.29424
4.51066
4.25244
4.39482
4.38639
4.08042
4.42028
3.52490
4.45326
4.19109
4.38833
4.44309
4.49294
4.23293
4.49546
3.71965
4.35304
4.44460
4.51214
4.44227
4.46742
4.40775
4.12619
4.46260
3.99997
4.45990
4.31328
4.10294
4.41925
4.29895
3.97457
3.62839
4.41312
4.44313
4.31222
4.18251
3.99106
4.28450
4.20793
3.93290
4.47938
4.48815
2.87627
4.16697
4.37270
4.26063
4.40224
4.43647
4.20771
4.34025
4.38885
4.47126
4.40879
4.44606
4.46165
4.00493
4.50396
4.35451
4.00062
4.31736
4.43471
4.36584
4.43751
3.96923
4.21952
4.16413
4.45680
4.42477
4.40437
2.31061
4.26899
4.24837
3.82862
3.86030
4.30830
4.13863
4.47945
4.37347
4.44172
4.31874
3.98702
4.39538
4.45306
4.20541
4.11489
4.46293
4.34613
4.50336
4.34491
4.41163
4.42278
3.98820
4.41351
4.39796
4.46819
4.31399
4.17062
4.42854
4.36168
4.49382
4.38463
4.46106
4.39176
4.44002
3.37382
4.44393
3.60789
3.84660
3.15663
4.35847
4.12242
4.44314
4.05769
4.31266
4.26048
4.41327
4.18840
4.18220
3.93910
3.28284
3.98600
4.43626
3.95944
4.29098
4.31175
4.05083
4.45019
4.47707
4.03408
4.34220
4.35637
3.86779
4.47801
4.18744
4.36966
4.01176
4.00307
4.34546
2.78850
4.53566
4.42335
4.43111
3.93561
4.50967
4.44105
4.27735
4.37511
4.39329
4.20906
4.38365
4.32153
4.39993
4.34614
4.44771
4.34044
4.26441
4.37745
3.67223
3.92987
4.45168
3.65259
3.99872
4.47775
3.23776
4.47252
4.34719
4.40210
3.92368
4.37596
4.45951
4.41853
4.33128
3.49003
4.44700
4.14543
4.23219
4.30560
4.40885
4.19341
4.28201
3.60272
4.44418
4.06297
4.23993
4.17646
4.31517
4.19283
4.29596
4.44547
4.41023
4.34335
4.16954
4.39977
4.06363
4.42951
4.49904
4.42213
3.30466
4.46496
3.98294
4.47385
4.12006
4.38884
4.19229
3.69116
4.35688
4.38142
3.83380
4.44282
4.37332
4.26779
4.32245
4.08883
4.00776
4.47782
4.34801
4.45462
4.26430
4.32760
4.42641
4.02988
4.24434
4.43423
4.15230
4.38138
4.25647
4.41828
4.45504
4.37567
3.98743
4.46364
4.21656
3.25761
3.77429
4.12534
4.13881
3.89192
4.44729
4.21617
4.42142
4.18445
3.84858
4.15895
3.05891
4.31589
4.34649
2.20146
4.36757
4.31174
4.00305
4.26089
4.30826
3.74046
4.40445
4.17524
4.30638
4.01372
4.21402
3.99379
4.43016
4.39501
4.23571
4.44800
4.27740
4.44381
3.99505
4.48702
4.39900
3.95447
4.29273
4.33524
4.46916
4.20260
2.73161
2.77332
3.92093
4.47337
4.42593
3.79365
4.30931
2.35296
4.33771
4.29977
4.47177
4.44085
4.29656
4.43565
4.48440
3.98677
4.44223
4.18886
4.42359
4.28183
4.30112
3.76664
4.13666
3.92705
4.36345
4.10514
3.23415
3.62241
4.29510
4.36657
3.72438
4.43357
4.48529
4.46377
4.31436
4.50980
4.27093
4.33571
3.26087
4.03996
4.37657
4.09202
4.46913
4.16067
4.45649
4.37203
3.55314
4.42250
4.00248
4.17040
4.40748
3.93304
4.50562
4.44363
4.48517
4.15652
4.38700
4.33756
4.08216
4.44046
4.41008
4.29137
4.20856
4.02565
4.43161
4.12386
4.46445
4.07049
3.87097
4.03046
4.40401
4.45668
4.05102
3.73371
4.41443
3.87481
4.17287
4.32269
4.42578
4.34800
3.68521
4.43659
3.89116
4.10131
4.18086
3.32854
4.40191
4.23981
3.47993
4.16102
4.48880
4.35945
4.48737
4.30748
4.20005
4.49143
4.41315
3.82642
4.47683
3.59272
4.20977
1.98724
4.41690
4.21954
4.34368
4.30661
4.09650
4.43182
4.50243
3.27566
4.49261
2.35613
4.49910
4.31702
4.04150
4.43600
3.73452
4.30812
4.34617
4.40125
3.57848
4.44929
4.43893
3.62915
3.67033
3.80986
4.16232
3.55302
4.15967
4.28895
4.31454
4.42290
4.27250
4.48843
3.43554
3.85206
4.43083
4.42692
4.30537
4.32179
4.05834
3.47506
3.39390
4.46533
4.41961
4.33079
3.22186
3.77805
4.35868
3.90431
3.56731
4.38520
4.30939
4.10073
4.42558
3.87929
4.28840
4.17585
4.34242
4.28329
4.02778
4.45778
3.04256
4.46645
4.51142
4.44988
4.20729
4.24000
4.39303
4.31686
4.37584
4.12247
4.23468
4.37148
4.37477
4.33636
4.51002
4.35515
4.43323
4.42490
4.31869
4.31184
3.64273
4.22780
4.22777
3.93882
3.63691
4.33270
4.42271
3.71717
4.42066
4.43989
3.36872
4.48000
4.45188
3.96281
4.09605
4.50745
4.23178
3.71178
4.21305
4.46337
4.32732
4.43804
3.83460
4.22444
4.27831
4.15572
4.31526
4.41284
4.11772
4.46035
3.93879
2.66007
4.32115
4.15635
2.17387
3.93374
4.43266
4.21020
4.26022
4.37557
4.37494
2.17923
4.48712
3.93516
4.40050
3.87059
4.11857
4.17479
4.37994
3.45695
3.87506
4.38278
4.32445
4.50323
4.30473
4.48335
4.46613
3.84453
3.97440
4.48026
3.95043
3.16486
4.21961
4.06556
4.42764
3.90041
4.43761
4.23022
4.03563
4.29987
4.37518
4.40392
4.14052
4.33150
4.42214
4.26344
3.70606
4.18106
4.39355
4.32367
4.25719
2.82727
3.99404
2.85575
4.23476
4.40028
3.26313
4.02002
4.11185
4.45534
4.01212
4.52558
1.83681
2.92428
3.72936
4.37545
4.39266
3.86838
4.13610
4.33765
4.46046
4.36957
4.43671
4.04920
4.39130
4.10907
4.34019
4.49741
4.41966
3.62665
4.45464
4.46223
4.14248
3.73434
4.25166
3.25677
4.41673
4.16130
3.70235
4.39134
4.27971
4.40299
4.32215
4.33868
4.12373
4.40613
4.35385
4.12390
4.28216
2.83392
2.77842
3.86934
4.10874
2.21422
4.24986
3.21128
4.28647
4.32556
4.52702
4.31944
4.06039
4.10853
4.23903
4.44452
4.35252
4.50947
4.33585
4.13263
4.29680
4.50501
4.37687
3.34362
4.03373
4.34783
4.46652
4.46524
3.40754
4.39753
4.29682
4.45649
3.71894
3.74454
4.39540
4.22617
4.34155
4.34027
3.22522
4.43883
4.15704
4.10267
4.23140
4.39977
4.27365
4.01788
4.27256
4.46274
4.42987
4.37817
4.24743
4.25416
4.29638
4.49302
4.51556
4.06628
4.32173
4.31095
4.37826
4.06339
4.44805
4.44172
4.16081
4.32483
4.28252
4.17853
4.45956
4.33113
4.41412
4.42531
4.28873
3.97910
3.85934
4.37102
4.41639
4.45500
4.31698
4.37544
4.49032
4.39288
4.02235
4.33651
4.23509
4.29136
3.11973
3.33826
4.34370
4.05143
3.99454
4.27721
4.39984
4.46746
4.48945
4.40521
4.43060
4.41599
2.86763
4.39685
4.42329
4.34228
4.52316
4.36203
4.47069
4.30362
4.31913
4.13019
4.26778
4.24881
3.65509
4.17599
3.36607
3.78491
4.29102
3.68162
4.36018
4.42995
4.18267
4.49813
4.48409
4.41700
4.28108
4.13723
3.21448
4.45272
4.29218
4.44479
4.46311
4.38474
3.92971
4.45488
4.47477
4.30165
4.32667
4.45834
4.39429
4.37652
4.34330
4.28034
3.91814
4.48495
4.46256
4.32783
4.49340
4.41028
4.16701
4.38083
4.39020
4.35486
4.35134
3.87202
4.23878
4.38429
4.41347
4.36367
2.74419
4.14388
4.27827
4.32259
4.40296
3.74750
4.38962
4.42046
4.36625
3.35028
4.50170
4.18626
4.40948
4.20709
4.46529
3.97496
3.54776
4.20582
3.59632
3.41404
4.23275
4.41752
1.48938
4.22496
4.34462
4.43341
4.01536
3.74640
4.34315
4.09315
4.34144
3.53173
3.70249
4.13820
4.29190
4.44753
4.00132
2.97726
4.18740
4.06711
2.82693
4.43744
4.32829
4.52025
4.36367
4.46065
4.41926
4.22517
3.14407
4.16358
4.22321
4.45516
4.45804
4.49526
4.37313
4.33401
4.34288
4.41633
4.48224
3.83212
4.44062
4.39302
4.42218
4.09315
4.33750
4.11748
4.33550
1.66224
4.38847
4.45531
3.85840
4.38910
4.09751
4.07015
4.40759
4.37036
4.29623
3.62210
4.48694
4.41098
4.39571
4.15844
4.39883
4.49588
4.50230
4.18007
4.03341
4.46310
4.47052
4.48922
4.43558
4.49862
4.28463
4.09251
4.46750
4.41746
4.24046
3.10138
4.32556
4.25404
4.28590
4.23669
4.38106
4.33718
4.01909
4.45140
4.50133
2.99520
4.41830
4.33848
4.28930
4.29315
4.32789
3.95165
4.35741
3.14886
4.03547
3.72963
2.77200
2.78798
4.01760
3.89392
4.16451
4.38555
4.32244
3.96473
4.28858
4.06554
4.20076
4.45315
4.43985
4.35713
4.31964
4.47199
4.17460
4.32949
3.84046
4.39896
4.53832
4.11531
4.44381
4.21367
4.20542
3.59076
4.40516
4.44763
3.05724
4.26731
4.12152
4.16757
4.38745
4.29600
4.31559
4.43086
3.78508
4.32666
4.47450
4.37035
4.44919
4.30157
4.42194
4.32907
4.50514
4.43672
3.40818
4.46323
4.04618
4.21398
3.47300
4.50589
3.44251
4.23926
4.39678
3.52803
4.29919
3.46971
4.33952
4.38268
4.32402
4.21520
4.36841
4.46855
4.35088
4.38540
4.42623
4.46757
4.18336
4.47923
4.21225
4.46509
4.38890
3.62583
4.29888
3.80452
4.18048
4.30050
4.40532
3.22336
4.21376
3.35937
4.07424
4.44047
4.42052
2.83494
4.26777
4.46682
4.45545
2.82965
4.18869
3.76948
4.45855
4.21397
4.23058
4.20081
4.46768
4.39284
3.10227
4.41677
3.16905
4.45774
4.34402
4.19894
4.28765
1.58844
4.23887
4.31740
4.35451
3.78727
4.32082
4.17678
3.76711
3.77695
3.94834
4.41574
4.39786
3.35372
3.94182
3.96611
4.13684
3.49213
4.38398
4.26594
4.17306
2.91241
4.49121
4.47010
3.95372
4.21157
4.52593
4.44560
4.41526
2.97911
4.46323
3.70649
3.94341
4.38652
4.49895
4.33850
4.45274
4.23178
3.11264
4.17011
3.97847
3.81556
4.38672
4.32223
4.38723
4.37661
4.18039
4.38620
4.26030
4.15718
4.25337
4.39505
4.49341
4.42668
4.34225
4.47274
4.12628
4.11340
4.42502
2.75554
4.34686
4.37653
4.18431
4.43605
4.39983
3.56435
4.38217
4.43187
4.51114
4.49793
4.02924
4.17729
4.24370
4.22219
4.45272
4.27583
4.36403
4.47292
4.22116
4.04504
3.96284
4.34252
3.54551
4.20167
4.42590
4.37244
4.31221
2.82129
4.36799
4.45556
4.31041
4.39408
4.43437
4.36100
3.00169
4.28322
4.23749
4.40217
4.14931
4.47001
4.44092
3.66815
4.39087
2.05677
4.04739
4.25792
4.47808
4.41455
4.16886
3.52486
4.05548
4.27574
4.15930
4.43676
4.34453
4.38192
1.70428
4.43043
4.13039
4.42833
4.22603
4.48419
3.73469
4.34880
4.23796
4.34113
4.45551
4.46916
4.25452
4.46368
4.09522
2.66703
4.34152
4.44311
4.42559
4.32522
4.23167
4.38685
4.22505
4.40729
4.18139
4.43449
4.44372
4.04400
4.47027
2.68831
4.41406
4.14963
4.31880
4.37838
4.32184
4.38469
4.44929
3.99520
4.35466
4.47023
4.28746
3.69592
4.48125
4.40933
4.22091
4.33264
4.48071
2.22261
4.11352
4.38291
4.48200
4.19877
4.47629
4.50104
3.61367
4.50766
3.64796
4.41126
3.86256
3.22101
3.76160
4.42198
4.33925
4.29801
4.41258
4.47617
2.11689
4.45102
4.41329
4.37094
4.36625
4.29175
4.41423
4.39452
4.30884
4.46161
3.90443
4.37070
4.34076
4.47609
4.25095
3.74378
2.98201
3.94413
4.35284
4.00671
4.15817
4.47338
4.32545
4.44992
4.43466
4.35015
4.49045
4.29856
4.33866
4.36445
4.49510
4.20733
4.09291
4.02277
3.93787
4.36155
4.26030
4.05360
4.35474
4.37988
4.28102
4.52737
4.39783
4.48928
4.21503
4.53217
4.39571
4.39688
4.52483
4.40073
3.61951
4.48124
3.38298
4.30128
4.48746
4.27641
4.24642
3.77953
4.46135
4.18959
4.33678
4.47972
4.42607
4.14456
4.45917
4.33156
3.97838
4.37189
3.91974
4.12442
4.41936
4.11442
4.31183
3.67341
4.25642
4.16600
4.27363
4.10138
4.29865
4.35682
3.93407
4.43155
2.50067
4.18644
4.21347
4.20732
4.41365
4.38279
4.43618
4.15296
4.49233
4.46690
4.50469
4.23889
4.29595
4.38895
4.37286
4.34729
4.40390
4.30578
3.89694
4.37401
4.41406
4.18645
4.30537
4.47701
4.21540
4.28602
4.51736
4.32223
4.33532
4.49054
4.39977
3.90940
3.82801
4.41718
4.29363
4.48283
4.33301
3.72729
3.33772
4.32232
4.33923
4.33098
4.47999
3.69739
3.76109
4.36870
4.32499
4.43526
4.20132
4.27848
4.14509
4.40071
4.50922
4.13391
4.17451
4.42672
4.39565
4.47142
2.54622
3.46110
4.08278
4.35845
4.35780
4.49881
4.16614
4.40356
4.46922
4.17975
4.10506
4.21903
4.18926
4.40209
4.00858
2.98411
4.43083
4.31111
4.20755
4.20908
4.05670
2.97081
4.43459
4.25299
4.38900
4.44673
3.90381
4.24045
3.72980
4.16173
4.39039
2.83939
4.26256
4.05513
4.32944
4.46244
4.19630
3.75937
4.42842
4.43975
4.45417
4.09115
4.35400
2.34148
4.48624
4.46644
3.82872
4.49876
4.33162
4.32448
4.40652
4.42668
3.49207
4.42418
4.40981
3.94145
4.45109
4.29035
4.39722
4.45367
4.27064
3.97644
3.66045
3.14480
4.10839
4.36147
4.40420
4.06012
4.34930
4.42651
4.48479
4.43360
4.47748
3.36054
4.38417
4.37398
4.49053
4.49024
3.73558
4.23749
3.41380
4.51278
4.43398
4.39408
4.38175
4.44556
4.42143
4.01842
3.54510
4.44964
4.38882
4.32048
4.42450
4.29114
3.82441
4.41570
4.37783
4.00826
4.28597
4.46443
4.34272
4.36051
4.46533
1.12788
4.45519
3.58749
4.37756
4.03767
4.03924
4.31141
4.11737
4.27872
4.48864
4.45140
4.29661
4.43929
4.41776
4.29965
4.40022
3.91061
4.39433
4.31434
4.43261
4.24747
4.45640
4.16146
3.86950
4.19494
4.44285
2.14118
4.44187
4.13484
4.17464
4.38799
4.42077
4.29016
4.42145
4.42479
4.39948
1.96498
4.45284
4.39550
4.42851
3.97827
4.21089
4.24095
4.42708
4.42712
4.25028
4.46807
4.31199
4.47391
3.01332
4.29458
4.04499
4.18138
4.24251
3.79838
4.29165
4.47265
4.34639
4.48905
4.28886
4.36283
4.36572
4.39664
4.46974
3.77861
4.28229
4.20114
3.81001
4.44700
4.46680
4.50096
4.25396
3.74538
4.48813
3.92509
4.43268
4.38733
4.34833
3.29944
4.49343
4.42732
4.47191
4.40684
4.37596
3.49132
4.31791
4.43552
4.42059
4.37125
3.59983
4.50306
4.49357
4.44169
2.66593
4.37068
4.24593
4.11710
3.79830
4.44904
4.20537
4.37650
4.45382
4.45909
4.43486
2.00694
4.39158
2.75604
4.45540
3.57447
3.96579
4.34117
3.73081
4.35156
4.38345
3.85660
2.63825
4.37882
3.34634
2.55680
3.91958
4.26834
4.02382
4.03316
4.29897
3.85840
4.45472
4.32670
4.13380
4.18753
4.31392
4.32337
3.88974
4.29410
4.23311
4.32073
4.12872
4.32779
4.32340
4.43881
4.35841
4.47449
3.98173
4.46865
3.84813
4.46356
4.38111
4.31710
4.03324
4.07632
4.26577
4.39210
4.22255
4.32343
4.03746
4.45202
4.26472
4.42580
4.49711
4.43017
3.68318
3.51214
4.20152
4.46197
4.42111
4.35682
4.24495
4.43362
4.08680
4.53473
4.37327
4.20309
4.42336
4.43981
4.47443
3.68481
3.92703
4.17913
4.17057
4.36671
4.39208
3.88806
4.08360
4.37266
4.30956
4.30230
4.27683
4.20440
4.44784
4.11013
4.14860
4.37236
4.28476
4.49736
4.40130
4.38080
4.24700
4.36512
4.18877
4.30709
4.27466
4.05373
4.01440
2.17384
3.99641
4.33710
3.72034
4.45552
4.10254
4.38331
3.36358
4.50962
2.48520
4.16171
3.72765
4.48733
4.44466
4.34176
3.10647
4.52864
4.03098
4.17476
4.39838
4.34036
4.17069
4.38730
4.28734
4.34371
4.17460
4.49104
4.05511
4.28787
4.48535
4.46958
4.49861
4.37284
4.03395
4.43952
4.24884
4.42567
4.31520
4.34221
4.42269
4.50719
4.38404
4.46629
4.37916
4.40971
3.49340
4.38583
3.94203
4.50403
4.30517
4.43447
3.00241
4.48376
4.49033
4.31631
4.48540
3.75449
4.42949
4.35255
1.97194
4.35556
4.44709
4.46544
4.10744
4.31740
4.44406
3.82682
4.08780
3.99587
4.26121
4.45614
4.42746
4.19104
4.23008
4.39735
4.23750
4.29674
4.51033
4.44987
4.39822
4.36223
4.42402
4.28294
3.69935
3.97514
3.89581
3.25302
4.39498
4.12556
3.96982
4.41207
2.45491
4.37799
4.08813
4.40087
4.38125
3.05035
4.35315
4.28264
4.33891
4.05460
4.43206
3.50009
4.42678
4.42399
3.64989
4.34085
4.18718
4.39423
4.36962
4.40448
4.21914
4.35031
4.42136
4.39458
4.45060
4.37554
4.45646
4.02285
4.46334
4.47974
4.49642
4.46269
4.31212
4.46329
4.00266
3.83911
4.19913
4.28665
4.29199
4.32877
4.30583
4.01340
4.08783
4.18938
4.00143
4.30860
4.46202
4.46329
4.46645
3.73683
4.39872
4.43541
4.43633
4.40761
4.29498
4.24869
4.46536
3.97359
3.61500
4.36192
4.06842
4.45539
4.24561
4.29560
3.79634
4.14081
3.13720
4.16285
4.42500
3.99724
4.49074
4.42959
4.34692
4.22522
2.00964
4.44500
4.33724
4.50927
4.27118
4.29124
2.73608
3.78424
4.00031
4.21282
4.34768
4.37477
4.06675
4.29933
4.12014
4.29607
4.45262
4.17152
4.36505
3.76343
4.23277
4.45620
4.39181
4.14409
4.07400
4.40717
4.38834
4.24917
4.18347
4.37439
4.54292
3.81001
4.35687
4.39661
4.39546
4.11030
4.43051
4.24556
4.40968
3.63270
4.41860
4.33067
4.06404
4.44635
4.35956
3.71552
4.29845
4.38846
4.06254
4.41896
4.07978
2.62978
4.24488
4.31605
4.37591
4.48393
2.42467
4.40875
3.62530
4.31810
3.48138
4.45175
4.23597
4.35381
3.05882
3.61043
4.14575
4.49277
3.24467
4.35987
4.37990
4.05727
3.94343
4.44448
2.19579
2.58318
4.12983
4.31264
1.65490
2.88184
4.28866
4.28433
4.36206
4.40000
4.29325
4.25376
4.29890
3.74336
4.08086
3.99674
2.38128
4.36134
4.36848
3.89682
4.44848
4.12978
3.94484
4.27504
4.41059
4.37769
4.51442
4.49369
4.30890
4.31563
4.36237
4.38867
3.76997
4.37010
4.37825
4.45752
4.24804
4.14794
4.49526
4.45553
4.25002
3.89671
3.64811
4.40538
4.44758
4.07416
4.50311
4.25212
4.52929
4.30909
4.41862
4.43752
4.35687
4.46548
3.63511
4.41864
4.44211
3.98852
3.83397
4.40812
1.81597
4.37610
4.31948
3.70893
4.47513
3.56376
4.34995
4.19406
4.08670
3.64122
4.44850
4.43547
3.95443
4.49136
4.33638
4.12902
4.39451
4.35822
4.06390
4.53935
3.16123
4.45963
4.39225
4.00095
4.41001
4.17960
4.22062
4.45260
4.48283
4.25983
4.04168
2.63993
4.39297
2.66297
4.46337
4.19974
4.26033
4.23503
4.47370
4.30516
3.79819
4.17899
4.23971
4.51766
3.24880
4.14852
4.32731
3.66058
4.12722
4.36852
4.46118
2.72044
4.45253
3.23227
4.40472
4.32139
4.51323
4.50320
2.74922
4.23276
3.93416
4.45464
4.39318
3.59653
4.36573
3.52823
2.51181
4.41149
4.48389
4.37595
4.43024
4.39282
4.47258
4.32650
3.82610
4.53253
4.41887
3.57920
4.41748
4.45053
4.36616
4.09778
4.48176
4.29986
4.44380
4.35526
4.37416
4.35316
4.41473
4.07722
4.47539
3.88229
4.15533
4.49869
4.02026
4.34120
4.03380
3.46336
4.02770
4.48550
4.18421
4.49108
4.27134
4.03605
4.16768
3.49026
4.40561
4.37925
4.49275
4.46781
4.40953
4.13670
4.44467
4.24746
4.45029
4.22477
4.14255
4.07348
4.49621
3.41432
4.12716
4.45058
4.46717
4.39825
4.25433
4.32208
4.42960
4.46697
4.33800
4.47254
4.41400
4.11303
4.29320
2.70843
4.13806
4.34886
4.32103
4.26601
4.28796
3.83587
3.23996
4.47691
1.92316
4.36212
4.22659
4.42312
4.43931
4.14570
4.30415
4.25306
4.39218
4.38781
4.49764
4.41535
4.25788
4.29379
4.18759
1.53727
4.20885
4.46557
4.34540
2.78572
4.39319
4.31425
4.39859
4.31368
4.35708
4.39629
4.49472
3.62505
4.08573
4.32089
4.40694
4.36711
2.80846
3.94956
4.27175
4.48037
4.52048
4.40680
4.34687
4.40505
4.47513
4.44981
4.29293
4.20382
4.37807
4.20606
4.45726
3.97295
4.42835
4.45974
4.33167
4.34004
4.47147
4.41108
4.35124
4.43395
4.47350
4.41184
4.29477
4.47134
3.58091
4.34712
3.79618
3.20367
3.61483
3.96945
4.29188
4.36912
4.26044
4.02260
4.46675
3.32121
4.41415
4.38122
4.46323
2.67438
3.88884
4.31042
4.04229
3.73812
4.41306
4.30613
4.36754
4.31082
4.18172
4.33757
4.20259
4.46703
4.18132
4.17547
1.89070
3.50977
4.51543
4.37500
4.00875
3.14070
3.70649
4.40205
3.88622
3.90867
4.47999
4.38389
4.15086
4.23907
1.80532
3.96884
4.23098
2.36235
4.38357
4.35907
4.10798
4.41881
4.01201
4.36928
4.17192
3.57361
4.38376
4.21379
4.44541
4.39152
3.05181
3.84241
3.99016
4.35189
4.32646
4.13866
4.44449
4.37468
4.14370
4.22703
4.36707
4.43176
4.09986
4.51930
3.71993
4.26049
2.13435
4.41924
4.21952
4.38021
4.32791
4.16156
4.40400
4.49274
4.19106
4.38141
4.44583
4.36337
4.42993
4.02170
4.45340
4.13665
3.45339
4.12844
4.11932
4.38413
4.49835
4.38921
4.38639
4.39249
4.41808
4.46449
4.26238
4.35972
2.79166
4.18365
4.44682
4.44066
4.33560
3.81021
4.32537
4.22708
4.34961
4.50801
3.98009
3.85949
4.06195
4.28777
4.41571
3.75104
4.47472
2.52795
4.03328
4.30253
3.45438
4.36063
4.20331
4.43954
4.52183
4.02327
4.47116
4.32063
4.42086
4.41063
3.31737
4.42992
4.17248
4.46664
4.42107
4.31262
4.40963
4.21403
4.34387
4.41681
4.39364
4.38874
4.31500
4.38162
4.27381
4.21542
4.22855
4.16172
4.21589
3.87636
4.43259
3.80045
4.41978
4.48748
4.51434
4.19398
4.43531
4.33769
3.41590
4.41074
4.38513
4.13782
4.11303
4.46666
4.19191
3.82697
4.50040
4.37867
4.43563
4.30836
4.43822
4.40700
4.37041
4.23340
4.48018
4.38196
4.42129
1.99420
4.33407
4.47049
2.30288
4.36197
4.28000
4.09192
4.24883
4.12997
4.33788
4.34384
4.11087
4.38629
2.74054
4.15918
4.40799
4.47712
4.40021
4.51435
4.18600
4.48826
4.42690
4.47121
4.42971
3.39481
4.47264
4.38129
4.41453
4.28676
4.14412
3.79896
4.33330
3.82344
4.41303
4.36202
4.47562
3.95190
4.15455
4.30755
4.36784
4.33294
4.25221
4.35984
4.06806
4.03400
4.03292
4.47283
4.10045
4.20528
3.48453
4.37603
3.72636
3.98792
3.78965
4.41350
4.41678
4.43364
4.07028
3.05806
4.26753
4.37052
4.37983
4.33784
3.30808
4.42909
4.40861
3.97101
4.46530
4.14677
4.50612
4.45864
4.36905
4.22690
4.20988
4.50674
4.13701
4.42644
4.25925
4.23894
4.11900
4.37164
4.38785
4.32833
4.41826
4.33523
4.19629
4.47681
4.14877
4.43612
4.42663
4.43984
4.27841
4.41271
4.41179
4.22672
4.34804
4.31150
4.31645
4.02937
3.47217
4.29419
4.36806
4.25648
4.39006
4.40978
2.76326
4.50107
4.21533
4.47212
4.03345
4.33825
4.46942
4.27169
4.18645
4.43183
3.70303
4.32288
3.94643
4.03799
4.31868
4.45803
4.02312
2.40699
4.36975
4.43816
4.11637
4.03310
4.42506
4.40917
4.45497
4.35051
3.93047
3.84874
4.29891
2.53223
3.86729
4.46011
4.25358
4.31468
4.48532
4.28504
4.38316
4.45889
4.37954
4.43354
4.41959
4.22085
4.30938
4.41477
4.48801
4.49188
4.11145
4.36693
4.40356
4.18763
4.30257
4.48952
4.22040
4.17703
4.44346
2.96039
4.38924
4.40725
4.14880
4.37016
4.18935
4.33110
4.33111
4.29744
4.33903
4.41760
4.38420
4.28570
3.94982
4.17261
4.51741
4.45481
4.41152
4.25372
4.08662
4.36224
4.18510
4.50075
4.44877
4.35870
4.33392
4.08679
4.22788
3.48389
4.39442
3.68806
3.80089
4.43786
4.30694
4.30756
4.29157
4.42682
4.11959
4.47750
4.28992
2.88151
4.40499
4.28986
4.46120
4.39477
4.38106
4.15306
4.43343
4.25155
4.44122
4.45284
4.06710
4.14389
4.44437
4.45017
4.05918
4.47794
4.45796
2.95926
4.46905
4.03544
4.35459
4.47567
4.39109
4.31542
4.33361
3.95062
4.19631
4.43071
4.42981
4.23721
4.48656
4.44690
3.74312
4.43954
4.19086
4.43525
3.07277
4.33597
4.03050
3.66921
3.67930
4.29967
4.03273
4.19373
4.41156
3.85827
4.28421
4.22161
3.35748
4.48958
4.36622
4.38770
4.51253
4.31000
4.29774
4.18159
3.38357
3.16484
4.33313
4.37794
4.43463
3.78023
4.28887
4.19774
4.41100
4.41285
4.30520
4.42262
4.44348
4.42730
4.37009
3.88912
4.42020
4.48592
4.15309
4.22696
4.47766
4.40206
2.33772
4.49553
4.36876
4.04682
4.08176
4.42603
3.95525
4.43532
4.10618
4.50269
4.22010
3.74363
4.33932
4.38797
3.35933
4.47424
4.11731
4.40720
3.98800
4.41870
4.46860
4.38163
4.34650
4.34353
4.20768
4.35752
4.28196
4.45386
4.02656
4.38195
3.70552
4.26302
4.35243
4.45481
4.13437
2.66815
4.44869
3.81051
4.05370
4.25954
4.37298
4.35856
4.26263
4.47126
4.16894
3.28042
4.34937
4.44091
4.42623
4.35199
4.30396
4.42918
3.32967
4.06662
4.47370
4.16768
3.79919
3.73004
4.47030
4.42214
4.19332
4.34956
4.16065
4.23026
4.16444
4.35822
4.36773
4.31359
3.07100
4.23649
4.49734
3.17880
4.05482
4.47091
4.21316
4.01815
3.75707
4.31154
4.27924
4.17569
4.21269
4.26861
2.98792
4.16707
4.40054
4.30410
4.15436
4.42289
3.34043
4.45832
4.26364
4.31159
4.41475
4.31696
4.48035
3.80312
3.92399
4.41546
4.44478
3.83713
4.40803
4.28301
4.36796
4.08024
4.42176
4.47017
4.13421
4.21190
3.84357
4.40263
4.41462
4.11582
4.32267
3.69825
4.42131
3.82300
4.46567
4.31161
4.38297
4.46224
4.47503
4.21537
3.74673
4.13210
4.48435
4.33775
3.56291
3.57494
4.21743
4.12575
3.89754
4.27935
4.49732
4.28305
4.18600
4.38327
4.46377
4.24749
4.30423
4.38867
4.44635
4.47784
3.42804
3.95093
4.37970
4.37459
4.19266
4.44595
4.10990
4.14161
4.33834
4.33723
2.67303
4.42456
4.18934
4.10959
4.35463
3.68686
3.54812
4.38112
4.22974
4.21792
4.29350
4.30700
4.41059
4.28275
4.34418
4.39717
4.39742
3.71139
4.45768
3.66885
4.33751
4.36462
4.50492
4.15188
4.39291
4.44347
4.18154
4.46711
4.46349
4.43229
4.41705
4.28152
4.16827
2.91474
4.11122
4.30594
4.16948
4.40085
2.35140
4.07725
4.37585
4.35616
4.50862
4.32032
4.31372
4.01559
4.48525
3.83858
3.26625
4.44960
4.40724
4.35388
3.83287
4.36161
4.38519
4.08960
4.45472
4.17286
4.20463
4.29584
4.21347
3.86141
4.49359
4.32313
3.67238
4.35803
3.66680
4.49961
4.37452
4.43549
4.43114
4.14562
4.37815
4.28402
4.48178
2.83581
3.75394
4.44515
4.52372
4.39802
4.32477
4.27286
4.48325
4.31732
4.39802
4.39563
4.20560
4.40749
4.41595
4.12857
4.14582
4.02638
4.50313
3.66477
4.35294
4.37581
4.20595
4.28251
4.18094
4.19292
4.32760
4.35681
4.36218
3.69846
4.38815
3.96670
3.40961
4.48529
4.34414
2.58894
4.47416
4.24419
4.43605
1.84039
4.11430
4.40300
4.36141
4.40784
4.45597
4.29815
4.05148
4.28951
4.45293
4.26363
4.41418
4.28106
4.31587
4.44033
3.81625
4.37330
4.45632
4.01487
4.43300
4.33478
4.40608
4.38142
4.16706
4.50828
4.25235
3.74971
4.42767
4.50553
4.08471
3.87110
4.33852
4.39194
4.39404
4.49700
4.41943
4.45989
4.43276
4.44225
4.25538
4.30280
4.47087
4.23965
4.00212
4.39043
4.45527
4.35327
4.38212
4.44173
4.27720
4.38770
4.37727
4.13629
4.38575
4.32580
4.27963
4.33185
4.49623
2.77397
4.18967
4.43081
4.49547
4.38846
4.48341
3.79148
4.31779
4.00532
4.46638
4.40751
2.10710
4.43836
4.49581
4.32435
4.16693
4.14692
4.34669
4.42794
4.37530
3.56426
4.50550
4.33693
4.44872
4.46092
4.33211
4.40232
4.30337
4.16914
4.38870
4.25351
3.35792
4.38017
4.24928
4.23416
4.49556
2.94924
4.48823
4.40819
4.39878
4.12223
4.35078
4.22807
4.41151
4.43220
4.18991
4.38303
3.76338
4.26180
4.40845
4.40267
4.17644
4.23900
4.50881
4.40287
4.44441
3.96958
4.23990
4.44536
4.44672
3.66536
3.54965
4.21008
4.10183
4.49673
4.20670
4.49410
4.15006
4.42724
4.35229
4.50253
4.23045
4.45253
4.36443
4.19729
4.48341
4.38384
4.24622
4.27255
4.40508
4.48273
4.14397
4.23334
4.35556
4.47167
4.01652
4.42156
4.22606
4.41537
4.39070
4.22461
3.01103
4.25182
4.21083
4.39583
4.48868
4.05938
4.27457
3.90195
4.31050
4.22776
4.48456
3.71314
4.25305
3.99635
4.04207
4.38498
4.22333
4.06281
4.40405
4.29926
4.28951
4.17128
3.61744
4.06937
4.14826
4.48657
4.09422
4.43069
4.42943
4.34814
4.38812
4.15857
4.49742
4.23129
4.15390
4.30873
3.92694
4.38702
4.34158
4.40881
4.45711
4.32869
4.22393
4.11663
4.44973
4.42715
4.45803
4.36000
2.55582
3.76010
4.36102
4.45701
4.44238
4.50557
4.44788
4.17595
4.47696
4.08777
4.39982
4.39205
4.49947
4.26274
4.01594
4.48333
4.40464
4.03509
4.48224
4.43106
4.05915
4.51233
4.22470
4.11571
2.12383
4.30653
4.39785
4.45050
4.50561
4.37465
4.45614
4.37749
4.06552
4.49112
4.16703
4.40463
4.46160
4.29349
4.45782
4.47111
4.03646
4.36605
4.26834
1.94564
4.29244
3.13096
4.40551
4.42080
4.27966
4.25804
4.19231
4.31667
4.20312
4.37072
4.40336
2.63893
4.16846
4.23405
4.20028
4.23362
4.48130
3.76171
4.39779
4.29866
3.75155
4.20771
4.25207
4.48776
4.27823
4.48752
4.21561
4.37333
4.29932
4.18425
4.30294
4.33399
4.33237
4.31064
4.18652
4.45405
4.47158
4.50627
4.44166
4.38406
4.50316
4.07276
4.32506
2.62409
4.37352
4.44112
4.40560
4.44541
2.15497
4.15674
4.24497
4.43769
4.45038
4.23468
4.44265
3.90953
4.23545
2.98907
4.15775
4.22196
4.17359
4.38673
4.42821
4.50695
2.85788
4.38313
3.59672
4.24660
3.71436
4.21971
4.36418
4.32281
3.99937
4.12173
3.78834
4.23607
4.44309
3.38597
4.32476
4.41772
4.44662
3.54541
4.24154
4.20548
4.25261
4.25708
4.24745
4.36805
4.39991
4.36629
3.85575
3.32547
4.40877
4.27462
4.46020
4.38116
3.95669
4.41340
4.22531
4.30205
4.46388
3.72419
3.86739
4.38503
4.17704
4.43269
4.16512
4.48824
4.24227
4.29846
4.40099
4.34221
4.47583
4.40845
3.54689
4.52326
4.50614
4.01840
4.28419
4.38695
3.10877
4.45805
4.42720
4.38881
4.43617
4.32897
4.41089
3.04243
4.38540
4.09670
4.01791
4.41806
4.39601
4.06743
4.04616
4.51023
4.33157
4.45443
4.45735
3.87263
4.36597
4.50390
4.38583
4.30568
4.48852
4.13664
4.26530
4.47586
4.31244
4.20637
4.43425
4.49863
4.21340
4.21839
4.36845
4.32011
4.20561
4.49453
4.45294
4.27283
4.11552
2.63527
4.11278
4.40059
4.40603
4.25649
4.38218
3.60178
4.48614
4.35382
4.32421
4.27978
3.95228
4.39800
4.28025
4.35302
3.99984
3.98075
3.41230
4.43452
4.20466
4.40819
3.77341
4.07146
4.40590
4.47520
4.45149
4.31753
4.31698
4.19309
4.49453
4.22437
4.39360
4.43052
4.29440
4.32455
4.23576
4.35959
4.35478
3.63230
4.32361
4.33162
4.13504
4.29799
4.50039
4.47602
4.26674
4.40723
4.32996
3.10303
4.26697
4.21167
2.84220
4.35951
4.18064
4.23780
3.83827
4.44710
3.64969
4.18915
3.77406
4.39864
4.43769
4.37214
4.30371
4.32769
4.33468
4.47525
4.26046
4.01883
3.85533
4.12427
3.78251
4.36129
4.35467
4.45222
3.26111
4.06650
4.49798
4.47904
4.10896
3.30429
3.90223
4.39352
3.81752
4.49209
4.28709
3.96783
4.45143
4.46633
4.42610
4.51242
4.25301
2.80348
4.34523
4.42702
4.38789
4.43876
4.28005
3.81478
4.49409
4.46344
3.68311
4.43557
3.93418
4.38277
4.33939
4.07924
4.46333
3.55858
4.42463
2.70443
4.40574
3.43656
4.12339
4.29714
3.84365
4.46911
4.33154
4.45703
3.63078
4.33501
2.68446
4.44825
4.41562
4.25414
2.70353
4.46873
4.50265
4.31556
4.46088
4.08752
3.48621
2.84671
4.35083
4.48277
4.45304
4.44788
3.97398
4.33311
4.35107
4.13224
4.24558
2.55721
4.24102
4.17840
4.24259
4.44408
3.04607
3.93494
4.42474
4.17093
2.09427
4.49151
3.93945
4.12075
3.43621
4.34210
3.45502
4.24488
4.32783
4.47813
3.91861
4.49983
4.36334
4.30132
4.40867
4.32469
3.77041
4.44941
4.29647
4.15128
4.24666
4.42385
4.10225
4.02889
4.29322
4.36237
4.25819
4.39937
4.46304
4.42503
4.29406
4.39326
4.48992
4.40739
3.81845
4.32883
4.51271
4.16342
4.35589
4.42012
4.46590
4.18034
4.40388
4.41527
4.48819
4.10805
4.48882
4.44170
4.47336
4.43972
4.24002
4.41182
4.40378
4.43487
4.36785
4.25912
4.41243
4.44801
4.22637
4.25422
4.43533
4.19416
3.75545
4.08403
4.44071
3.88405
4.44243
4.34480
4.28739
4.45703
4.34535
4.00341
4.46097
4.38944
2.79423
4.41069
4.45542
2.74887
4.47794
4.02422
4.42732
4.13742
4.00679
3.59999
3.76316
4.20895
4.44438
4.45493
3.38356
4.18557
4.39481
4.37273
4.41640
4.51453
4.33388
4.37011
4.46649
4.43830
4.46337
4.11705
4.34933
4.33058
4.24460
4.08928
4.18225
1.96808
4.19543
4.49298
3.99374
4.00247
4.33853
4.07592
4.20331
3.76940
4.43693
4.45161
3.94566
4.05900
4.24435
4.49581
4.49451
4.03507
4.46013
4.40903
2.73864
4.48168
3.89824
4.40764
3.76617
4.27510
3.80878
3.69875
4.30162
4.22860
4.48097
4.23245
4.42485
4.44481
4.51500
4.32824
4.45439
4.35753
3.95176
3.20141
4.25314
4.45417
4.28540
4.29863
4.35760
4.35426
4.39020
4.25419
3.87781
4.22601
1.87184
4.00302
4.32756
4.26667
4.37507
4.38247
3.68661
4.44257
4.46131
4.14755
4.16738
4.44661
4.11095
3.66334
4.32762
4.43114
2.59540
3.82671
4.05682
4.46148
4.36680
4.26034
4.47001
4.42419
4.32132
4.24265
3.62267
4.37418
4.44698
4.35338
4.24302
3.98272
4.13106
4.22912
3.48802
4.44736
4.37970
4.46225
4.33906
4.48560
4.40263
4.32007
4.45954
3.78405
4.21193
4.40975
4.26174
4.50453
3.90766
4.34653
3.55823
4.45841
4.49105
4.18684
4.41642
4.34261
4.40378
4.39697
4.24483
4.10592
4.34692
4.27140
4.47538
4.28590
4.37480
4.43193
4.23643
3.96587
4.42205
4.12682
4.47570
4.40478
4.15815
3.96501
4.44158
4.33445
3.35693
4.37828
4.43188
4.45135
4.39954
4.30112
4.33678
4.47609
4.45024
3.70997
4.39520
4.41987
4.36043
4.45379
4.40088
4.43490
4.32216
4.07323
4.40794
3.97714
4.36699
4.49279
4.36652
4.36612
4.43901
4.29014
4.40818
4.39704
4.33304
4.42021
4.44514
3.84031
4.11900
4.45438
4.15939
4.11058
4.32272
4.41354
4.40496
3.50821
4.12897
4.08086
4.20197
4.32301
4.40916
4.50710
4.09901
4.34088
4.47759
4.47794
4.50938
3.78193
4.40991
4.25432
3.93715
4.13111
4.46539
4.39081
3.74417
4.38688
4.32653
3.46691
4.06838
4.37158
4.47433
4.48760
4.37569
4.48274
4.47284
4.17261
4.31358
4.38906
4.37432
4.16434
3.99856
4.50741
4.43435
4.41127
4.12094
4.39902
4.50787
4.13048
4.26047
4.53492
4.34585
4.28707
3.99461
4.48379
4.42162
4.35417
4.20086
4.46170
2.43654
4.22125
4.44176
4.20664
4.43197
4.47120
4.51135
4.33748
4.43677
4.49680
4.35732
2.95075
4.47715
4.41755
3.86029
4.21537
3.99971
4.32998
3.96246
4.48528
4.48712
4.40299
4.22223
4.43843
4.23045
4.45653
4.15992
4.53140
4.28534
3.68302
3.38180
4.47360
4.40374
3.82155
3.81015
4.35026
3.81264
3.84044
4.38310
3.40785
3.82624
4.41076
4.31901
4.22070
4.40570
4.18061
4.13855
4.29466
4.46549
4.08098
4.33567
4.39242
3.40631
4.27471
4.11630
4.45318
4.11852
3.55529
4.43504
3.82916
4.41674
4.29906
4.22827
4.29557
3.78901
4.30612
4.35881
4.29610
2.93249
4.09675
4.26223
2.28149
4.43319
3.77113
4.28415
4.28124
4.38663
4.29906
4.34810
4.15209
4.41709
4.37634
4.13251
4.08258
3.44910
4.34599
4.35048
4.35316
4.35784
3.70932
4.14348
4.29765
4.30755
3.32670
4.26594
4.27267
4.43856
4.24807
4.30394
4.21762
4.38723
4.40895
3.95327
3.60565
4.16596
3.42307
4.27527
4.29813
4.28647
4.30845
4.50190
2.59425
4.41774
4.34395
4.30725
4.50943
4.34550
3.20455
2.66921
4.35054
3.86430
4.16381
4.25647
4.18268
4.47163
1.51229
2.03733
4.23219
4.46031
4.42760
4.45687
4.43315
3.44707
4.27820
4.36560
4.18285
4.45023
4.34694
4.44679
4.25957
4.35895
4.31864
4.38148
4.18491
3.39388
4.41906
4.25923
4.14868
2.93946
4.18051
4.21193
3.44008
3.87286
4.34363
4.05737
4.35148
4.39036
4.41984
4.49823
4.41318
4.43483
4.40504
3.88997
4.34605
4.42592
4.38017
4.35996
3.45164
4.44299
3.22253
4.36596
4.02818
4.34449
4.34245
4.30674
4.40027
4.41323
4.38786
4.00781
4.29066
4.33286
3.78504
4.41467
4.36528
4.40039
4.42117
4.28284
4.44822
4.33546
4.43165
4.20229
4.16980
4.01439
4.05061
4.12192
4.36583
4.29880
4.43456
4.28768
4.34826
4.06090
4.37169
4.12694
4.43484
4.33615
4.29871
4.34907
4.43764
4.30081
4.31337
4.40315
3.83099
3.62326
3.55327
4.12851
4.24641
4.40032
4.47857
4.41522
4.42771
4.37853
4.45664
4.24069
3.15909
4.41057
4.03947
4.38713
4.27447
4.32841
4.47936
4.29517
4.48026
2.67776
3.00866
4.43645
3.90127
4.09975
4.28583
4.09244
4.40245
4.36882
4.46775
4.46139
4.42932
3.98145
4.04428
4.32707
3.25340
4.36083
4.46351
4.37831
4.42595
4.26798
4.42924
4.47821
4.42447
4.39492
3.88449
3.93720
4.42946
4.24803
4.13930
4.44777
3.89194
4.30276
4.31351
4.06115
4.29647
4.45925
4.08184
3.59342
4.25699
4.47623
4.45217
4.16819
4.48661
4.35786
4.50836
4.37240
3.33599
4.43885
3.57929
4.34733
4.43457
4.36958
4.13920
2.60525
4.25751
4.49637
4.39776
2.93205
4.49234
4.33697
3.94370
4.35480
4.33435
4.44235
4.28190
4.28191
3.77463
4.13407
4.29497
4.37614
4.48765
4.37324
3.67094
4.41809
4.17276
4.44418
4.48587
4.34283
2.84034
4.33920
4.31397
4.41198
4.32113
3.93343
3.87484
4.28687
2.62607
4.49930
4.14288
4.40782
4.47771
4.30663
4.37287
4.25290
4.09748
2.76893
3.93633
4.11501
2.63228
3.62049
4.36550
4.17628
4.39469
4.32855
4.33996
4.39510
4.10617
3.80376
4.44353
4.42474
4.36207
4.36105
4.48938
4.47955
4.50766
4.36240
3.13134
4.32884
4.15335
4.25020
4.32345
4.36822
4.38314
4.36268
4.36681
4.27530
4.41667
4.37481
4.35220
4.38751
4.25947
4.27354
3.68725
4.38112
4.36795
4.43149
4.38483
4.45011
4.45908
2.05897
4.50846
4.49538
4.04836
4.45366
4.49805
4.40938
4.48424
4.45863
4.05466
4.11667
4.37439
4.39526
4.14820
3.72204
4.46821
4.36329
4.34213
4.46541
4.31239
4.01608
4.48160
4.17229
4.15208
4.12394
3.45666
4.33770
4.42437
4.40990
1.28796
4.20711
4.26879
3.86858
4.38195
4.29957
3.86402
4.11002
4.46152
3.48595
4.15663
4.32525
4.42078
4.44795
3.94841
3.73111
4.41887
4.43086
4.20261
4.31047
4.09166
4.46634
4.47283
4.45168
4.47984
4.47289
4.34293
1.95743
4.25252
4.40139
4.04534
4.17108
4.00453
4.39313
4.25257
3.80220
3.13117
4.39837
4.40989
4.28318
4.21207
4.07497
4.30229
4.39706
4.22725
3.98552
3.77438
4.48906
4.37116
4.49551
3.53410
4.40902
3.89579
3.78986
4.52072
4.37809
4.48893
4.44582
4.27320
4.20280
4.19927
4.48820
4.49538
4.40856
2.17019
4.17317
4.38462
4.38936
4.26514
4.42985
4.27099
4.33907
4.38409
4.46301
4.46176
2.31161
4.45220
4.43263
4.12709
4.45805
4.31724
4.26473
4.25549
3.98671
4.49221
3.62283
4.34538
4.28932
4.52880
4.01303
4.49030
3.87569
4.36869
4.29773
2.63790
4.39550
4.19319
3.90970
2.83988
4.07136
2.79113
4.10514
4.52856
4.36887
4.37861
4.42921
4.36139
4.01998
4.05294
4.05494
2.77177
4.30643
4.33519
4.30414
4.33343
4.32039
4.26791
4.36260
4.41057
4.18104
4.45816
4.21116
3.48887
4.31561
4.45197
3.92283
4.40358
4.07647
4.43561
4.49470
4.43841
4.37588
3.99360
3.81919
3.38052
4.34796
4.48327
4.16369
4.38195
4.47037
4.42138
4.34245
4.44772
4.38932
4.33660
4.21664
4.32761
3.71014
4.44944
4.30842
4.42708
4.48447
4.45235
3.99928
3.84661
4.16472
4.46063
3.58799
4.30792
4.43071
4.43905
4.49077
4.36437
3.56747
4.32991
4.27546
3.73912
4.08277
4.41168
3.86736
4.41524
2.49774
4.45093
2.89516
4.42777
4.41718
4.23783
4.20383
4.45114
4.25476
4.45538
4.23686
4.21202
4.39874
4.11269
4.28870
4.32981
4.26474
4.35185
4.40862
4.48959
4.45101
2.41091
4.42494
4.40164
3.66793
3.28228
4.26180
4.39145
4.22069
4.40219
4.41663
4.08042
4.52165
3.16428
4.48217
4.42385
4.47781
4.13346
4.43949
4.29911
4.26215
4.17568
3.68533
4.41764
2.54400
4.09537
4.42018
4.47627
3.08394
4.52423
4.36434
3.88068
4.35480
4.42723
4.42442
2.60534
4.41711
4.37997
4.38982
4.50138
1.86364
4.12934
2.20045
3.63002
4.24323
4.42578
4.10165
4.35234
4.03445
4.38022
3.40789
2.92094
4.44079
4.32594
3.93333
2.02719
3.76850
3.92225
3.85377
4.43835
3.78264
4.50614
4.46706
3.77288
4.44157
4.30051
4.51286
4.04661
4.47641
4.48863
4.33748
4.10668
4.44208
4.45071
4.46706
3.96966
4.42536
4.47529
4.37900
4.38812
3.95370
4.33750
4.42912
4.26968
4.33387
4.35366
4.38261
4.12134
3.52795
4.30751
3.92409
2.92561
4.35224
4.23471
4.46339
4.35897
4.13062
4.33810
3.88664
4.30498
4.25523
4.26956
4.33591
4.34921
4.38320
4.27704
4.39727
4.28110
4.37922
4.21619
3.28144
3.96115
4.04440
4.23631
3.77335
3.79481
4.21921
4.45563
4.34512
4.33199
4.02011
4.43215
4.07959
4.29620
4.24515
4.33665
3.91658
4.44264
4.45690
4.27837
4.35108
4.46524
2.92343
4.36266
4.47227
4.39666
4.20350
4.46667
4.10420
3.25563
4.42047
4.21753
3.94620
4.31233
4.43407
3.86241
4.39729
4.24007
4.07526
4.21029
4.08108
3.97922
4.13591
4.45777
4.46565
4.12703
4.36357
3.74540
3.88213
4.49016
3.51190
4.45278
4.38179
4.43531
3.95945
4.24115
4.28168
4.47260
3.70500
4.33730
4.46404
4.47100
4.17436
4.36020
4.26343
4.20553
4.13771
3.88881
4.02417
4.51275
3.63514
3.95321
3.45138
4.38960
4.35958
4.46721
4.27439
4.39049
4.43078
4.37802
4.21022
4.40807
4.34985
4.33470
4.49831
4.25843
4.47083
4.17671
4.35576
4.34372
4.29666
4.42881
3.44267
4.42293
3.54163
4.38408
4.33894
4.24494
4.48457
4.41021
4.23020
4.45754
3.99386
4.50729
4.41206
4.21503
3.78221
4.51186
4.30457
4.14757
4.42856
4.41528
3.55529
4.15032
4.41315
4.48949
3.21908
4.37860
4.37097
3.78863
4.37826
4.38266
4.39914
4.41977
3.76128
4.31556
4.14311
3.67915
4.27730
4.10704
4.19848
3.45188
4.16920
3.94292
2.23667
3.80936
3.62218
4.39186
4.42455
4.11769
4.42945
4.32762
3.75990
4.42596
3.23676
3.39754
4.37895
3.84290
4.32999
4.39618
2.76554
4.39187
4.44296
4.35118
3.34811
4.19862
4.36131
2.87174
4.00579
3.41059
4.08056
4.18277
4.32943
3.23898
4.31960
4.37395
4.05527
4.40562
4.37241
4.39072
4.32437
4.24936
4.34957
4.40488
4.21495
4.40937
4.02661
2.31142
4.42700
3.36480
4.43899
4.40444
4.14225
3.10718
2.00428
4.48587
4.30131
3.92651
1.81099
4.26213
2.93353
4.46553
4.34001
4.40524
3.97445
4.15235
4.42482
3.34916
4.39903
4.24976
4.10896
4.33458
4.28915
4.43038
4.49221
3.98668
3.93172
4.26721
4.35248
4.35929
4.45597
4.36458
4.31218
4.20783
3.53879
4.49510
4.36034
4.50394
4.37712
4.11554
4.29525
4.43715
4.40511
3.98887
4.16277
3.64143
4.46620
4.31530
4.13617
4.48163
4.36822
4.45711
4.44519
4.38712
4.32774
4.03464
3.99816
4.40182
4.37078
4.31396
4.50370
4.43489
4.31265
4.28086
4.36307
4.34722
4.41942
4.03063
4.47696
4.27460
4.36038
4.39004
4.44049
4.36000
4.22477
4.30325
4.39107
4.43755
3.62843
4.41494
4.35318
4.46556
4.48258
4.42025
4.18237
4.36487
4.02305
4.44651
4.35278
4.13450
2.85943
4.45115
4.38889
4.40648
3.58989
4.42593
4.43808
4.24307
4.45447
4.34986
4.18911
4.38586
3.97237
4.07596
4.17296
4.37412
4.45440
4.30060
4.41254
4.28514
4.41911
2.88095
4.34431
4.22968
4.28474
4.34157
2.28790
4.29784
4.45118
4.47065
4.43327
4.32478
4.47292
4.40264
4.42102
4.32148
3.65847
3.68627
3.59650
2.97595
4.05066
4.18241
4.44014
4.44040
2.80757
4.40974
4.44583
4.38447
4.46875
4.28846
3.38768
4.23589
4.46242
3.94450
4.24450
3.32254
4.52169
4.33608
4.20175
4.14495
4.20676
4.38578
4.47737
4.30824
4.47411
4.47036
4.27724
4.43920
4.40320
3.88034
3.24478
4.39352
4.21591
3.06505
4.48312
4.44241
2.42249
4.01940
4.44809
4.35049
4.39786
4.28598
4.19913
3.95959
4.40684
4.17779
4.35833
3.50167
4.34137
4.32953
4.17996
4.48052
3.51053
3.61378
4.50587
4.36072
4.37509
4.34181
4.24999
4.37324
4.36820
4.41378
3.79514
3.97071
3.80520
2.46144
4.41481
4.35414
4.40799
4.14544
4.36382
2.70859
4.41072
4.41729
4.32578
4.09659
3.66338
4.01466
3.13158
2.25173
4.20798
3.84503
4.09889
4.29030
3.33839
4.29153
4.38763
4.46388
4.32509
3.82226
3.69008
4.42735
4.22281
4.50710
4.26124
4.22752
3.75495
4.39831
4.34286
3.99583
3.96501
3.91423
4.38485
3.99360
3.91947
3.80235
4.37418
4.20335
4.32209
4.41882
4.38762
4.51962
4.41474
4.09055
3.53666
3.92177
4.39258
4.29659
2.94218
4.34919
4.37486
4.46105
4.09881
4.45464
4.33247
4.46096
4.40592
4.40981
4.04478
4.32193
4.37369
4.48288
4.33146
4.51252
4.41836
4.29243
4.33453
4.28371
4.03336
4.25547
4.48727
4.42485
4.33331
4.51805
4.32693
4.21778
4.15396
4.41526
4.02800
3.14940
4.17089
4.23355
4.29314
4.50006
4.41247
4.42199
4.46770
4.27965
4.19540
4.34957
4.35300
4.33611
4.31423
4.40470
4.48927
4.43312
4.34559
3.91803
3.54450
3.95813
4.23683
4.45554
4.40641
4.01141
4.37695
4.41718
3.33213
4.48290
4.33400
4.33801
2.88560
4.43247
3.88958
4.31694
4.30380
3.14740
4.15727
4.20354
4.06487
1.91969
4.36489
4.46923
3.84708
4.34702
4.33930
4.06664
4.47447
3.68228
4.38880
4.50240
4.39653
3.47559
4.38389
4.33648
4.32990
4.26909
4.15676
4.35005
4.36982
4.25338
4.44124
4.06553
3.57208
4.36154
4.46630
4.35613
2.48372
4.30421
4.37951
1.79600
4.48150
3.81225
4.25459
2.98318
3.81046
4.29546
4.30565
4.44164
3.44355
4.39711
4.30790
4.34037
4.43973
3.71254
4.39040
3.05399
4.45051
4.46258
4.13517
4.21846
4.39870
4.39281
4.05832
4.41277
4.13216
3.82486
3.65982
3.72264
4.48962
4.37495
4.36420
4.44071
3.57400
4.41302
4.41382
4.24825
4.39412
4.47505
4.50812
3.89056
4.33838
4.30784
4.38259
4.43714
4.44775
4.33342
3.98589
4.49315
4.46702
3.69618
4.45083
4.33421
4.45011
4.36629
4.40362
4.42321
4.12504
4.16346
4.40707
3.88207
4.29700
4.42020
3.76462
4.03089
4.40878
2.82210
4.29947
4.28958
3.72023
4.39602
4.27496
4.50253
3.03087
4.14749
3.69376
4.15384
4.51547
3.28039
4.00313
4.44591
4.33938
4.29542
3.32923
2.31091
4.25281
4.47696
4.20824
3.99194
4.46464
4.25534
3.91260
4.30225
4.22203
3.96378
4.25775
4.37010
4.35435
4.49468
4.51422
3.71244
2.26053
4.14275
3.96851
4.38093
4.31958
4.43052
4.01176
4.36490
4.06769
3.74827
4.31582
4.11404
4.02106
4.32612
4.51406
4.46081
2.82112
4.43079
4.47143
4.26622
4.03525
3.26941
4.24968
4.32237
4.34647
4.25656
4.17459
3.28919
4.40046
4.14143
4.43575
4.11386
4.32539
4.49001
4.17888
4.40105
3.89036
4.30121
4.41248
4.42905
4.36512
4.43245
4.43745
4.04097
4.11970
4.39813
4.18317
4.13862
4.45964
4.48553
4.24563
4.40824
4.35651
4.21595
4.43701
4.40926
4.11104
4.47344
3.91525
4.02387
4.48066
3.94980
2.80784
4.25863
4.40701
3.94982
4.45041
4.45442
3.74966
4.22847
4.42998
4.49813
4.24259
3.98638
3.83941
4.08550
4.28500
4.14838
4.41756
4.34052
4.49664
3.78273
3.74545
4.42129
4.46891
4.20127
4.51723
4.50057
4.45601
4.03354
4.40822
4.02778
4.36653
4.45619
4.50450
4.31476
4.11035
4.34269
4.10567
4.23475
3.30398
4.41671
3.92813
4.20170
4.43205
3.62575
4.36053
4.08890
4.24906
4.09235
4.46936
4.46223
2.97805
4.26069
4.48336
4.19341
4.40149
4.48877
4.27300
4.44864
4.30241
4.30136
4.44194
4.27744
4.09984
4.02579
4.41982
4.25850
4.34227
4.42294
3.90281
4.25644
4.16944
4.44732
4.19965
4.40367
3.26408
4.40181
3.83821
4.29294
4.36245
4.35640
4.45868
4.36270
3.79630
3.73932
4.15712
3.83020
4.22685
3.20494
4.42873
4.47681
3.32804
4.45274
4.44082
4.43978
4.05672
4.35113
4.10936
4.30126
4.33947
3.66320
4.37093
4.43831
4.46283
4.18299
4.23770
3.89497
4.52958
4.45125
4.12281
2.90050
4.39279
3.85192
3.18457
3.94924
4.39660
4.32164
4.27169
4.24739
3.89905
3.79199
4.29510
4.35979
4.43567
3.68346
4.51227
3.98433
4.01324
4.39207
4.36036
4.24399
4.40368
4.36132
4.44956
3.56536
4.45319
4.38469
2.05832
4.45293
4.45806
4.35848
4.46413
4.28109
4.49921
4.47870
4.32043
4.43989
3.93310
4.45875
4.47460
4.29571
4.10935
4.16462
4.30919
4.31630
4.25778
4.20123
3.97789
4.46996
4.41806
4.39499
4.21009
3.73742
4.47212
4.45185
4.47934
4.53148
4.28543
4.50226
4.38664
4.40391
4.48570
4.04657
4.46799
4.35662
4.46778
4.42758
2.54465
4.39583
4.25770
3.73776
3.72422
4.16018
4.26144
4.45531
4.40458
4.29100
3.89226
4.25156
4.27723
4.47749
3.76050
4.42425
4.44459
4.39407
4.10246
4.42900
4.19325
3.73608
4.09961
3.78196
4.32196
4.42338
4.30383
3.85856
2.88628
3.37429
4.20855
4.42648
3.16868
4.31862
4.20042
4.49953
4.30041
4.44337
4.32653
4.39921
4.42651
4.21886
3.78185
4.37627
4.46650
4.45860
4.42339
4.48675
4.05192
4.38524
3.83214
4.43968
4.48064
4.42147
3.34746
3.99276
3.76487
4.02648
4.49186
3.89433
4.21477
4.43192
4.33086
4.49614
4.12968
4.26000
4.44002
4.51431
4.41357
4.22293
3.74042
4.09226
4.46984
3.85415
3.79651
4.32314
4.44935
4.38321
4.26472
3.78123
4.26512
4.44910
3.97866
4.28680
4.42644
3.57142
4.52637
4.30694
4.43777
4.47814
4.39069
4.43893
4.45404
4.43246
4.15231
4.39375
4.46817
4.48227
4.37600
3.62691
3.76059
3.99393
4.21255
4.45637
4.45296
4.44925
3.69708
4.48096
4.50555
4.17744
4.22951
3.68886
2.55196
4.12100
4.50859
4.47082
4.45694
4.06929
4.29209
4.26776
3.18699
4.46741
4.31865
1.99227
4.33994
4.32558
4.47987
4.43689
4.16935
4.39031
3.92063
4.46288
4.05469
4.19964
4.37374
4.35365
4.27667
4.17340
4.42800
4.47952
2.82137
3.97374
4.13546
4.32322
4.40992
4.34548
3.67483
4.45414
4.22656
4.25247
3.83373
4.48036
4.49749
4.33984
4.42506
4.45705
3.85860
4.47680
4.38857
3.57988
3.92631
4.51279
4.39448
4.04916
4.44731
4.42328
4.39783
4.11996
4.39535
4.39925
4.29770
4.41565
3.96100
3.94215
3.91703
4.13771
4.47444
4.17224
3.93616
4.43544
4.43549
3.66206
3.71762
2.04781
4.44979
4.46845
4.41137
4.41537
4.30222
3.86717
4.41396
4.44131
4.29198
4.02376
4.46007
3.91687
4.47099
4.21729
3.72142
4.40830
4.44369
2.71143
4.42336
4.35585
2.45985
4.43035
3.90498
4.48523
4.37228
2.49704
4.50738
4.36449
2.79678
4.45530
3.63600
4.26394
3.96744
4.11575
3.95127
4.47163
4.35888
4.26032
4.32718
4.35642
4.42426
2.49688
3.40860
4.40757
4.45258
3.85012
4.24677
4.45418
3.88551
3.33015
4.27517
4.01372
3.17602
4.48770
4.30450
4.38584
4.35888
4.45891
3.85402
4.41674
4.39643
4.43794
4.43885
4.32282
2.92661
4.37077
4.42013
4.41660
4.34914
4.48275
4.47653
4.49082
4.16169
4.45964
4.46610
4.16966
4.38858
4.31566
4.33080
4.32771
4.37480
4.46255
3.80935
4.47165
4.41796
4.33175
4.13762
4.39893
4.02952
4.41397
4.23311
4.23201
4.44151
4.38582
4.51161
4.51374
1.88751
4.33499
3.97278
4.43094
4.50550
4.44295
4.43731
4.49838
4.48479
4.29936
2.89664
4.29347
3.89477
4.37278
4.24764
4.44114
4.50706
4.38748
3.84091
4.45737
4.50463
4.45992
3.82360
4.45083
3.70457
4.44825
4.10494
4.36696
2.48559
4.43500
4.51869
3.85903
3.46990
3.77092
1.55782
2.20380
4.42363
4.38891
4.47907
4.40501
4.43850
2.90089
4.06082
4.28021
4.46480
4.22534
3.86674
4.20936
4.13195
4.00082
4.46607
4.51288
4.35104
4.23690
4.13731
4.40351
4.15528
4.37204
4.37854
3.89276
4.51069
4.41122
4.39431
4.46990
4.27351
4.17978
4.23996
3.47660
4.07923
4.44113
4.17910
4.40219
4.45024
4.26894
3.68685
4.01472
4.26079
4.51965
4.34544
4.48230
4.13730
4.50257
4.11683
4.38273
4.34571
4.48552
4.49045
4.47563
4.15631
4.08149
3.70136
4.37655
4.10547
3.67723
4.04164
4.44340
2.49985
4.53934
4.20730
4.44704
4.41977
4.34522
3.84873
4.48323
4.41647
4.29129
4.43301
4.47583
4.36832
4.07803
4.04083
3.87773
4.47329
3.97003
4.47710
4.29509
3.56517
4.43046
4.35362
4.05657
4.24152
4.44864
4.22536
4.06836
4.23005
4.48953
4.39407
4.33044
4.35947
3.87326
4.41486
4.38098
2.95652
3.95251
4.40864
4.45362
4.05310
4.18094
4.45777
4.44920
4.27060
2.72321
4.37540
4.46717
3.88700
4.45175
4.33195
3.75235
4.49599
4.51279
4.39411
4.08722
4.33990
4.37621
4.35575
4.44147
3.76257
4.33384
4.33154
4.17447
4.16840
4.13103
4.33476
4.34806
4.45635
4.26309
4.49460
4.42931
4.40911
4.40979
4.20171
4.06590
4.34784
3.79252
4.05946
4.45244
4.17661
4.02610
4.43461
4.02672
3.91394
4.47642
4.33393
3.59046
4.09773
4.38353
4.31692
4.27954
4.44006
4.40302
4.01188
4.09900
3.54070
4.38673
4.32414
4.30398
2.57720
4.35221
4.47985
4.49938
4.26750
4.12691
3.76891
4.28184
4.46067
3.91155
3.82038
4.43297
4.07632
4.19608
4.02296
3.63432
4.22781
4.34797
4.48121
4.25726
4.28127
4.43964
4.38771
4.26018
4.45330
4.48266
4.31717
4.46137
4.36286
4.13131
4.47922
4.50038
4.05434
3.85052
4.18473
4.01257
4.49252
4.32867
4.19468
4.09791
4.31703
4.03476
4.19076
4.21602
4.43634
4.48613
4.21760
3.90874
4.31331
2.27183
4.21387
2.20988
4.31446
4.40333
4.39482
3.29718
4.24301
4.04906
1.73944
4.42463
4.37011
4.09997
4.38704
4.33600
4.43786
3.66406
4.18046
4.50574
4.33555
3.81642
4.35375
4.46318
4.35191
4.44742
3.72889
4.32878
4.26697
4.30659
4.49344
4.42424
4.26845
4.35360
4.46551
4.50143
3.38033
3.95432
4.46582
4.38661
4.28006
4.36611
4.34848
4.46072
3.76574
4.46810
4.40456
4.45605
4.44440
3.53913
4.40778
4.44308
4.29509
4.28819
4.29488
4.02573
4.27295
4.29620
4.07719
4.40209
4.52785
4.25513
4.34668
4.48043
4.10136
4.33761
4.32320
1.79269
4.45814
4.36545
4.30988
3.16479
3.03341
4.19433
4.46897
4.35696
4.35167
3.67268
1.73307
4.48691
4.30748
3.26764
4.12345
4.38448
4.25504
4.32472
4.35033
4.33299
3.61857
3.49843
4.18560
4.37079
4.19261
4.26821
4.12329
4.43725
4.38129
3.71452
4.41674
3.95861
4.50924
4.43198
4.39121
4.17942
4.40751
4.28660
4.20009
4.33833
4.46965
3.89534
4.42406
4.11768
4.30611
4.29498
3.27906
4.37905
4.46669
4.40132
4.27955
4.31363
3.93108
4.42360
4.46611
4.39475
4.44922
4.43490
4.03227
4.26308
4.14842
4.01506
4.19569
4.45030
4.44798
3.62958
3.94974
4.44805
4.40840
4.48305
4.39407
4.45185
4.48627
4.36221
4.31499
4.38675
4.47859
4.48192
4.47984
4.47042
4.45679
4.00825
4.08852
2.87428
4.44845
4.24074
4.18176
2.94313
4.35713
4.23405
3.89727
3.39988
4.37829
4.43315
3.93076
4.37681
4.04721
4.40031
4.22316
4.32435
4.01665
3.80875
3.47775
4.41205
3.54593
4.33798
4.26505
4.12626
4.26969
4.50136
4.50600
4.47614
4.27124
4.47197
4.33227
4.46028
4.00493
4.21640
4.38841
4.39855
4.30048
4.48001
4.34014
3.73285
4.34970
4.16912
4.38122
3.96631
4.31485
4.30617
4.42081
4.38381
4.27236
3.81564
4.27705
4.39066
4.47165
4.10324
3.30422
3.31507
4.24804
4.02083
4.12208
4.29523
4.30050
4.45666
4.36805
1.97607
4.43795
3.99526
4.32808
4.21770
4.38559
4.26895
4.13743
4.45376
4.39649
4.37723
4.39351
3.81965
2.42081
3.30267
4.19219
4.51771
4.35192
4.33851
4.37354
4.34357
4.48074
4.00579
4.28978
4.43452
4.22961
4.31565
3.97764
4.47084
4.11996
4.09550
2.92156
4.52617
4.46232
4.14054
4.03999
4.45922
4.17228
4.29377
4.21927
4.39601
4.48471
4.17586
4.44488
4.17039
4.44374
4.42232
4.40614
3.85535
4.34565
4.46777
4.35488
3.76551
4.41346
4.37010
4.50409
4.38568
3.75155
4.40236
4.19912
4.28139
4.33535
4.40257
4.50574
4.34573
3.93345
2.80688
4.14558
4.23925
3.88167
4.42448
4.45367
3.85262
4.16101
2.30499
4.16639
3.50430
4.21008
3.89588
4.42104
4.40634
3.52022
4.04274
4.02099
4.44543
4.35388
4.25045
4.44716
3.98131
4.38871
3.98061
4.40037
4.12171
4.45848
4.34936
4.30507
4.29727
4.40431
4.15461
4.28128
4.25644
4.20185
3.92687
4.04146
4.46676
4.22838
4.11278
4.29015
3.09362
4.49526
4.45765
4.31351
4.48878
4.51856
4.22793
4.41668
4.32450
4.43011
4.44692
3.97540
4.02755
4.44634
2.46110
4.40437
4.41862
3.11945
4.46275
3.46418
4.22132
4.44295
3.63743
4.35932
4.12108
4.32636
3.60777
4.34664
4.01227
3.81879
4.15111
3.82295
4.25552
4.34872
4.28408
4.49955
3.88121
4.44757
4.36103
4.32948
4.40234
4.39651
2.84804
4.44828
4.28476
4.23040
4.40953
4.45055
4.50684
4.44436
2.91134
3.80117
3.60498
4.00287
4.40124
3.74719
4.29985
4.39820
4.05194
3.80726
2.72864
4.01894
4.07004
4.39205
3.92845
4.36033
4.38750
4.23500
2.65330
4.44550
3.99267
3.81777
4.41919
4.24982
4.45996
4.47117
4.09312
4.49482
3.56636
4.36865
3.45070
3.26496
3.93330
4.35179
4.00715
4.39173
4.29882
4.45813
4.39354
4.32065
4.11362
4.24987
4.45901
4.49569
4.40663
4.38625
4.43129
4.35737
4.39454
4.42828
4.13744
4.29968
4.18796
4.47640
4.47136
1.39657
4.50710
4.45984
4.21579
4.45664
4.32246
4.47001
3.99023
4.41304
4.35285
4.23794
4.40130
4.43376
4.20954
4.39570
4.24560
4.19346
4.20647
4.10640
4.44127
2.88102
4.28202
4.27233
4.47956
3.96914
4.36046
4.45867
4.39017
4.48747
4.29310
4.40838
4.49248
4.46169
3.94109
4.47509
4.48420
4.29986
4.24188
3.79242
3.79703
4.45127
3.40210
4.41138
4.31553
4.37339
4.47866
4.11318
3.79790
4.36184
4.42938
4.31710
3.64502
3.75089
4.39519
4.33246
4.40298
4.36325
4.41912
4.26701
4.32375
4.47074
3.40073
4.36857
3.79720
3.89975
3.85590
3.32596
2.96088
1.80541
4.47388
4.47676
4.35594
4.32951
4.29954
4.36747
3.47354
2.94161
4.29700
4.46385
4.20724
4.34164
4.47202
4.46267
3.30945
4.18647
4.40573
4.41060
4.46403
4.30356
4.08790
1.76379
4.41111
3.15541
4.45809
3.82771
4.49954
4.12919
3.61714
3.54680
4.41711
4.11733
4.47547
4.44480
4.46128
4.43367
4.02874
4.44467
4.13367
4.40570
3.99504
4.42948
2.47627
2.78954
4.43852
3.38896
4.30270
4.45760
3.83570
4.44125
4.23475
4.39841
4.46982
4.37752
4.32383
4.37600
4.30142
4.02154
3.90394
2.69294
4.39619
4.45590
4.48425
4.40210
4.48845
2.41787
3.73469
4.26353
4.37837
4.29070
3.97305
4.49683
3.58401
3.92422
4.15410
4.36748
3.28972
3.93135
4.47007
4.44422
4.20263
4.23843
4.04363
4.47091
4.35541
4.34819
4.14040
4.42852
3.53447
4.48276
4.31357
4.47302
4.19816
4.25250
4.46531
3.95328
4.37755
4.25079
4.43850
4.14230
4.40627
4.23545
3.63855
4.47348
4.49564
4.46291
4.38071
2.93947
4.17357
4.40823
4.34866
4.40718
2.64466
3.10330
4.39464
4.35502
3.97458
4.30289
4.42278
4.52123
3.79074
2.41046
4.47783
4.26574
4.29697
4.47742
4.43920
4.35988
4.51635
4.50649
4.38131
4.44783
4.45759
4.14172
4.34291
4.06705
4.40599
4.33729
4.25020
4.25090
4.26698
4.45319
3.63709
4.34710
4.40095
4.11775
4.43690
4.31560
4.37304
4.49100
4.46515
3.63927
4.38254
3.37902
4.15428
4.40588
4.41210
4.38907
4.29719
3.89935
4.00773
2.76603
4.30749
4.31267
4.49334
4.08685
4.47676
3.94838
4.52488
3.47352
4.07447
2.90471
4.50754
4.46556
4.20383
3.43171
4.27516
4.33641
4.47656
4.32582
2.52666
4.18361
3.90597
2.84137
4.46175
4.34714
4.43681
4.37334
4.50511
4.27907
4.19035
3.51313
2.86461
3.76597
4.37017
4.46894
3.99470
3.86092
4.13276
4.46718
4.48258
4.48974
4.44060
3.57407
4.20685
3.67676
2.39713
4.51350
4.45259
4.38918
4.37925
4.45403
4.37973
3.91158
3.96949
2.43578
4.06413
3.87826
4.41879
3.65517
4.15602
3.86865
2.75701
3.68006
4.37790
4.41768
4.22371
4.07076
4.08835
4.06772
3.76788
4.07338
4.22770
4.44148
4.30459
4.30617
4.43333
3.74598
3.94271
4.43580
4.44785
2.01390
4.45460
2.93472
4.47756
4.22159
3.98604
4.06535
4.14968
4.07340
4.44977
4.47166
4.07166
4.31524
4.06900
4.31487
3.72227
4.51106
4.34875
4.26215
3.99504
4.43548
4.47089
4.15296
4.44784
3.86759
4.47963
4.39769
4.37240
4.32514
4.17235
4.39995
4.36412
4.33860
3.91788
4.28352
4.45587
2.66127
4.51641
3.94042
4.38950
3.05778
3.97558
4.42787
4.41080
4.42094
4.38950
4.03258
4.46065
4.33431
4.41706
4.42665
3.85852
4.24120
4.12134
4.38789
4.10082
3.07264
4.05156
4.46438
3.02475
4.35253
4.46130
4.35930
2.98990
4.15017
4.39162
4.28407
3.96304
4.27910
4.44048
4.29709
4.06816
2.70851
4.35180
4.46404
4.37999
4.49212
4.51357
4.41763
4.36784
4.41988
4.42167
4.49026
4.46875
4.43902
3.83084
4.41033
4.31797
4.13715
3.90831
4.30978
4.46403
4.52110
4.39839
4.42959
4.43901
4.46692
4.50358
4.44026
3.81528
4.33086
4.01876
4.41063
4.27015
4.26509
4.28405
4.51460
4.11102
4.47995
2.98417
2.42193
4.30164
4.29312
4.36683
4.00852
4.23202
4.39146
4.27358
4.47213
4.44899
4.14946
4.22394
3.91500
4.41801
4.31184
3.62423
4.38349
4.31619
4.41502
4.23435
4.32496
4.38023
4.43168
4.16530
3.85402
4.34924
3.92383
4.46431
4.49624
4.42321
4.16808
4.38714
3.43169
4.26616
3.80671
4.24694
3.60611
3.12577
4.32579
4.32703
3.90575
3.84607
4.48539
4.42804
4.11560
4.17798
4.09685
4.49158
4.44738
4.43812
4.34704
4.31741
4.22019
4.47760
4.02500
4.37376
4.35579
4.33223
4.47791
3.81399
4.39352
2.68736
4.38243
4.43225
4.31413
4.42562
3.79669
2.19267
4.12310
3.02979
4.40629
4.23129
4.16064
4.26111
4.22681
4.27335
3.84935
4.04418
4.46738
4.49319
4.41337
2.86208
4.20225
4.34778
3.85071
4.34081
4.35734
4.07152
4.43629
4.00736
4.31115
4.16842
4.24282
4.37681
3.94931
4.45000
4.46451
4.26501
3.29698
4.39075
4.36616
4.45558
4.35747
4.20646
3.87638
3.05011
4.45480
3.55956
4.38079
4.27855
4.45137
4.37881
4.42545
4.37925
4.34486
4.24660
4.16495
4.27412
4.34655
4.42542
4.45085
2.26474
4.34444
4.33209
2.71404
4.47333
4.35481
4.32059
4.10553
4.23191
4.45333
4.42887
4.38412
4.19168
4.09997
4.10044
4.25420
4.47929
3.72767
4.28363
4.25862
4.45068
4.52813
4.49266
2.54849
4.20908
3.75992
4.48494
4.44232
3.99640
4.18725
4.19401
3.62593
4.44714
4.50270
3.98535
4.36279
4.35267
4.39331
4.44651
3.97004
4.47574
4.44836
4.35125
4.45786
4.10903
4.36337
3.88220
4.38108
4.28049
4.37578
4.04554
4.38636
3.97042
4.35908
4.41284
4.20901
4.45870
4.26607
3.57744
3.77600
4.31921
4.46196
4.34252
4.12497
4.43272
4.14058
4.06735
4.30974
3.85735
4.17986
4.30505
3.83602
4.46194
4.39622
4.35852
4.40883
3.92705
3.16465
4.52481
4.35695
3.88377
3.56912
4.01103
4.54481
4.29645
4.28354
4.26883
4.50808
4.47947
4.21190
4.12502
3.86224
4.26977
4.40990
3.36190
4.41563
4.42699
4.41113
4.36124
3.76661
4.16383
4.35568
4.38515
4.13063
4.35234
4.12766
4.44039
4.04341
4.35922
4.27388
4.10570
4.03780
3.51536
4.39809
4.43178
4.36833
3.79439
4.41942
4.29126
4.00179
4.05817
4.12716
4.36471
4.48678
4.42290
4.44189
4.45068
4.20436
3.31005
4.49789
4.22341
4.50763
4.26330
4.00690
4.47535
4.43175
4.00285
3.73955
4.29914
4.43685
4.34037
4.18394
4.52517
4.11508
4.37595
4.16092
4.35280
2.72775
4.27053
4.28824
3.63778
4.07666
4.42166
3.49137
4.08937
4.23014
4.32063
4.27725
2.85008
4.39403
4.43879
4.39995
4.44070
3.89708
4.47547
4.48586
4.43546
4.46132
3.77783
4.44575
4.29053
4.45741
1.96593
4.49404
4.07269
3.66278
4.11882
3.58259
4.23843
1.23671
3.62780
4.26329
4.30339
4.33957
4.45574
4.40731
3.94894
4.32911
4.48571
4.35273
4.20559
4.49386
4.32583
4.32424
4.27387
4.14125
4.24195
3.83897
4.46664
4.40516
4.23474
4.36786
3.82861
2.37788
4.37269
4.43998
3.57793
4.36915
2.01855
4.46029
4.44188
3.90520
4.40764
3.84507
4.18929
3.94620
4.46630
4.32482
4.29081
4.37504
2.61829
4.29049
4.13280
3.81752
4.02833
4.43213
3.84132
4.43915
4.17360
4.37128
4.45439
4.07695
3.77141
4.09313
4.10680
4.22792
4.49399
4.13385
4.24245
4.05371
4.38969
4.47837
4.09009
4.35465
4.36700
4.45603
4.12869
4.26917
4.31602
4.29934
3.92434
4.44685
3.13120
4.39336
2.80844
4.42030
3.54964
4.41212
4.32213
4.31716
2.50473
4.12762
4.43787
4.26424
3.21534
4.37914
4.13196
2.26273
4.50990
4.33550
3.35238
4.25380
4.21287
4.43937
4.35140
4.49989
3.57597
4.36778
4.43561
4.26037
4.36596
4.37837
3.23179
4.30439
4.07077
4.34422
4.35385
4.38219
3.72557
4.47073
3.92798
4.30770
3.94273
4.28433
4.45685
4.15936
3.24112
3.69282
4.08952
4.43829
4.28265
3.17752
2.82351
4.40522
4.29787
3.88012
4.47398
4.38227
4.40811
4.41187
4.29804
4.32070
4.33371
4.32816
4.08829
4.33999
4.43774
2.84367
4.25015
4.25138
4.37060
3.97268
4.23399
4.41671
4.19565
4.16014
4.49551
4.41232
3.58780
4.28557
4.37073
4.41355
1.62688
4.32543
4.40786
4.28028
3.86868
4.10352
4.45464
3.89389
4.24499
4.36772
3.75025
4.47308
4.25471
4.49787
4.41528
3.51536
4.12532
4.43637
4.44034
4.16359
3.99373
4.12702
4.46070
3.80550
4.36646
4.32004
3.53283
4.25669
4.08332
3.65580
3.69840
4.46816
4.10833
4.26050
4.48832
3.24146
4.47650
3.95845
4.38301
3.95232
4.19808
4.44679
4.31178
4.37782
4.40359
3.67911
4.42126
4.49051
3.43373
4.33540
4.42059
4.32037
4.30672
3.82283
4.34716
4.39859
3.69927
4.38722
4.20018
4.39414
2.25157
4.06716
2.14430
4.49892
2.78833
4.46950
4.17622
4.11398
4.38678
3.50391
4.24344
4.47529
4.10650
4.29690
4.51892
4.40458
3.89406
4.38703
4.17681
4.35183
4.49129
4.34798
4.28813
4.25609
4.20379
4.46250
4.18042
4.26030
4.26885
4.14693
4.44969
4.05233
4.45408
4.39488
4.32292
4.33816
4.49234
3.97267
4.21706
4.18638
4.05589
4.51450
4.08651
4.47825
4.15490
4.29734
4.29162
4.49343
3.21158
4.37057
4.34582
4.44002
3.91165
4.23810
4.43398
4.45866
4.14352
4.45528
4.40169
2.26399
4.22567
4.33249
2.33668
3.93429
4.44428
2.53643
4.47931
4.48098
4.40092
4.42809
4.42207
4.31497
4.12245
4.19389
4.41512
4.06633
4.30916
4.39974
4.51265
4.42072
4.47300
4.37753
4.49307
4.21236
4.21330
4.37454
4.17885
1.65376
4.40373
4.16178
4.30962
3.79818
4.30635
4.39506
4.32422
4.31410
3.88927
4.00263
4.26820
4.42810
4.28659
4.41877
4.44198
4.44628
4.35031
4.48327
3.74973
4.31669
4.34288
4.02528
4.28339
3.76304
3.81079
2.77749
3.58460
2.13628
4.37966
4.46114
2.83667
4.17922
4.43503
4.43265
4.46042
4.34939
4.46220
4.45608
4.44320
4.28733
4.21100
4.16343
4.28104
4.34598
4.25582
4.37186
4.15479
4.42812
4.47605
4.41363
4.45363
4.45078
4.36692
3.56795
3.81790
4.46871
4.38670
4.50378
3.91567
4.13541
3.75053
4.00543
4.02661
4.36971
3.46966
3.75896
4.11205
4.25176
4.40587
4.24207
3.36334
3.58779
4.38270
3.53749
4.34599
4.42270
4.11793
3.33588
4.39883
3.88513
4.44694
4.19136
4.43043
4.47502
4.03696
3.81886
4.15448
4.47741
4.46171
4.33835
4.48610
2.61123
4.40453
4.30414
3.98101
4.21804
4.38983
3.99766
4.36169
4.24946
4.22123
2.82436
3.89289
4.27287
4.40238
4.31840
4.24738
3.41227
3.81046
4.49222
4.34392
1.93935
4.48725
3.99252
4.40747
4.45639
4.31074
4.16181
4.49174
4.17242
4.38295
4.48185
4.43267
4.33550
4.36876
4.46816
4.48865
3.69484
4.09116
4.41785
4.30184
4.36974
3.77883
4.14696
4.36189
4.02191
4.48508
4.34171
3.79991
4.44649
3.82927
3.87531
4.27353
4.47887
4.49554
4.33956
2.95678
4.49522
4.42136
4.01652
4.25906
4.43359
4.34649
4.16419
4.42530
4.27317
4.14126
4.39354
3.93302
4.46290
4.47453
3.95798
3.99074
4.47966
4.42379
4.26922
3.66249
4.38029
4.30195
3.01237
4.37834
4.45525
4.29929
4.38222
4.13722
4.44658
4.13991
4.15816
4.41576
4.24079
2.19805
4.22647
4.47114
4.03935
4.47328
3.82622
4.16667
4.35997
4.02421
3.72867
4.30467
4.47507
4.29504
4.33638
4.24998
4.08167
4.40806
4.19128
4.45978
4.39718
2.21372
4.20091
3.31742
3.53588
4.38822
4.47688
4.46733
3.94809
3.95381
4.37858
3.18644
3.98536
4.46687
4.25647
3.17151
4.47401
4.35415
4.09731
4.40005
3.10263
4.44559
4.26499
4.35198
4.40849
3.54627
1.96394
4.45893
4.38070
3.74467
3.89080
4.29026
4.09728
3.51533
3.97634
4.42914
4.25116
4.42003
4.30413
3.97437
3.88738
4.50175
3.86289
4.50780
2.94774
3.69322
4.40108
4.18091
4.12862
4.37974
4.30051
3.92500
4.44109
4.43168
4.31111
4.04203
4.27482
4.13109
3.75079
4.37245
4.27923
4.31007
4.36112
4.48549
4.07160
4.08640
4.01571
4.39982
4.44328
4.43215
4.24271
4.38897
2.55960
4.45425
4.33253
3.90006
4.28828
3.50251
4.24074
2.79852
4.15879
4.09289
3.82878
4.42003
4.45324
4.32651
3.19817
4.37246
3.83764
4.37205
4.42609
4.22205
3.38572
4.45055
4.51529
4.13318
3.93403
4.44552
4.49930
3.21664
3.95622
4.45565
4.22660
4.31136
4.04695
4.10437
4.13843
4.18980
4.26981
4.33343
4.04728
4.49123
4.23639
4.14948
4.43357
4.43242
4.41248
4.20053
3.97111
4.46578
4.50676
1.96401
4.40859
4.38076
4.41748
4.27320
4.42173
3.90086
4.37070
4.23745
2.41958
4.43828
3.94403
3.81938
4.48484
3.89561
4.40722
4.38984
4.29984
4.35268
4.39507
4.37930
4.22560
4.32376
4.47179
3.94627
4.15550
2.36794
4.06200
4.50562
4.30879
4.00565
4.43471
4.01309
3.84218
3.83907
3.59122
4.42704
4.11936
4.43274
3.67965
4.46698
4.34076
4.13852
4.35534
4.00008
4.33555
4.24569
4.44903
4.36699
4.19865
4.22508
3.51080
4.23401
4.31520
4.37475
4.05080
4.49255
3.82667
4.32921
4.36690
4.31367
4.39590
4.37579
4.12013
3.76872
4.32403
4.16662
3.87525
4.05105
3.98961
3.67108
4.10289
4.38418
4.17082
3.60243
4.45768
4.15079
3.13078
4.15007
4.44954
3.97187
4.04679
4.00314
4.46249
4.47923
4.43650
4.35015
4.33241
4.19690
3.91206
4.20961
4.46829
4.34511
4.33503
3.32861
4.12869
4.08965
4.30334
4.45463
4.43236
4.08815
2.66730
3.92860
4.03212
4.46382
4.15896
4.29407
4.44808
4.42653
4.16236
4.42152
4.51391
4.51714
4.18687
4.37902
4.26937
4.41543
4.45334
4.37789
4.08945
4.40799
4.18749
4.25951
4.30669
4.34288
4.44883
4.20337
1.84520
4.47748
4.32737
3.42434
3.12256
4.31539
4.13800
3.68455
4.43945
4.19292
4.43359
4.39531
4.21467
2.82800
4.33423
4.42562
4.17248
3.94115
4.48068
4.18338
4.46461
3.65192
4.47656
4.12701
4.28522
4.47034
4.20165
2.83659
4.38734
4.42536
4.33170
3.87076
4.25141
4.34424
3.84737
4.24000
4.50689
4.49715
3.69244
3.76579
4.35590
4.01542
4.48528
4.45652
4.43964
3.53056
4.34615
4.40360
4.28834
4.36105
4.48543
3.99449
4.22335
3.43973
4.40778
4.44617
4.11347
4.43352
4.37100
4.36040
3.98110
3.41457
4.41069
4.43747
4.46683
4.40855
4.48480
4.37441
2.43480
4.42921
3.66562
4.46112
4.19362
4.07005
4.07961
4.40499
4.48198
4.30725
4.22861
4.39843
4.46826
4.15907
4.44756
4.25601
4.32339
4.49601
4.39642
4.13772
4.27171
4.39560
4.47781
4.30947
3.99242
4.50768
4.18598
4.34274
4.15618
4.30161
4.43704
4.40857
4.38567
4.28447
4.08100
4.40243
3.61475
4.30813
4.12935
4.37652
4.29015
4.03295
4.46747
3.96249
4.52403
4.44393
4.33524
3.00533
3.96495
4.39823
4.38656
4.38669
3.62233
4.43139
4.42954
4.48832
3.68389
4.37464
4.44096
2.19057
4.45581
3.99528
4.43207
4.24666
3.61794
4.26580
4.06885
4.36713
4.32889
4.38181
4.32400
4.34358
4.49233
4.51308
3.96056
4.30705
4.39832
4.25279
3.98885
2.35600
4.28829
4.49778
3.64083
4.48279
4.16882
2.76629
4.27550
4.04814
4.05765
4.42935
3.92166
4.01582
3.92802
4.06875
4.36369
3.70186
4.32328
4.40019
4.40715
4.16483
2.42334
2.94881
3.17726
4.38034
4.25495
4.20162
4.41032
3.43936
4.13848
4.38180
4.37742
4.09846
4.47588
4.18241
4.46299
4.53606
4.42003
4.42958
4.37497
4.44402
4.30355
3.66459
4.29116
4.08891
4.43805
3.32355
4.35733
4.42044
4.17542
4.24444
4.47628
4.22957
4.27412
4.38931
4.37212
4.42617
4.37335
4.21264
4.32506
4.46721
3.74487
2.20291
3.90749
4.41383
4.19158
3.30334
4.35914
4.29519
3.84494
4.31135
3.49150
3.44822
4.36036
4.39035
4.37007
4.46154
3.34281
4.41311
4.34222
4.44285
4.40487
4.34568
4.19903
3.85258
4.39746
4.43227
4.41167
4.33181
4.00714
4.42159
3.86580
4.40165
4.17695
4.50761
4.40700
4.41040
2.28666
2.95828
4.49748
4.27949
4.30151
2.53364
4.39608
4.36151
4.34938
4.43865
4.48938
4.43746
3.99662
3.17054
4.44390
4.31780
4.39491
4.42839
4.09384
4.39140
4.41235
4.40340
3.94803
4.33849
4.44422
4.24314
4.18336
4.17862
4.38463
4.41145
3.64589
4.15867
3.51598
4.24760
4.40382
4.47649
4.44152
4.32324
4.07629
4.50032
2.84146
4.38848
4.18410
3.88324
3.41366
4.35357
4.46860
4.48621
4.33228
4.38291
4.44249
4.30697
4.10478
4.06051
4.39855
4.27965
4.32179
4.44783
3.69371
4.30898
4.23468
4.14291
4.31880
4.46279
4.40067
4.42609
3.94755
4.30155
4.46945
4.36335
2.43902
4.37034
4.40080
4.42725
4.54281
4.26840
4.24191
4.06582
3.87345
3.92833
4.14726
4.38994
4.41951
4.47206
4.40426
4.43466
4.11572
4.35673
4.42453
4.19055
4.41100
3.36343
4.44339
4.27208
3.82835
4.48256
3.79924
4.40746
4.07165
4.48184
4.33773
4.03472
3.99700
4.43681
4.42918
4.51870
4.26484
4.34663
4.41194
4.48754
4.46679
4.29378
3.51893
4.34201
4.33575
4.44096
4.24113
4.30404
4.53642
4.36302
4.41758
4.47783
4.44838
4.30838
3.52564
4.44367
2.03865
4.37194
3.55924
3.73516
2.82183
4.08635
4.42534
4.05167
4.33702
4.45533
4.34346
4.23942
4.43495
4.38020
4.46068
2.26661
4.26873
4.33678
4.42824
4.41612
4.48915
4.32977
4.35225
2.78589
4.43257
4.41649
4.50977
2.56206
3.25866
4.47565
4.16294
4.36176
3.43105
3.54307
4.21556
4.29778
4.11851
4.32028
4.24363
4.42450
3.62973
3.98549
4.40814
4.38561
4.43435
3.60143
2.15756
4.01176
4.17488
3.39162
4.29978
4.23711
3.55696
4.28890
4.26859
4.40737
4.37228
4.30145
4.31161
4.49603
3.04211
4.47295
4.49973
4.17928
4.30679
4.46806
4.48037
4.30852
4.30369
4.41848
4.39331
3.58618
4.34411
4.35539
4.38921
4.28767
3.63421
4.48685
4.35103
4.18490
3.63879
4.36926
4.11234
3.99497
4.53326
4.37419
4.46093
3.89471
4.12614
4.44736
4.44253
4.45680
4.43847
4.17228
4.14326
4.36470
3.91788
4.30600
4.45628
4.43071
4.35517
4.25424
4.41709
4.48331
4.28397
4.11999
3.82190
4.26866
3.46453
4.45038
4.41146
2.52710
4.09122
4.07380
4.48372
4.28827
2.46127
4.10696
4.26233
3.78522
4.46196
3.93027
2.85061
3.92625
4.06140
4.34953
4.38146
2.58745
4.21893
4.33287
4.46311
4.00331
4.44895
4.45389
4.31083
3.96693
3.82690
4.04943
4.30207
3.67199
4.17885
4.37341
3.51693
3.77506
3.13435
4.52935
4.35595
2.65808
4.43549
4.45704
4.29337
3.56548
3.56528
4.25363
4.07445
3.78105
4.36521
4.22631
4.49125
4.47219
4.34991
4.41618
4.50238
4.45422
1.54101
4.38981
4.45314
4.22934
4.46278
4.07848
4.44363
4.47354
4.36552
3.09623
4.31384
4.32822
4.07139
4.45171
4.48135
4.50643
3.49581
3.92563
4.46430
3.63049
4.29306
4.50528
3.92803
4.31082
4.40536
3.97835
4.42231
4.40859
4.47093
4.36838
3.05443
4.36968
4.49763
4.21515
4.41152
4.35851
2.19914
3.57103
4.23542
4.41121
4.29940
4.37825
4.49724
4.43606
3.36211
4.23006
4.35304
4.36684
4.51232
4.42266
4.32763
4.21284
4.47475
3.96150
3.53739
4.42728
3.41188
4.20539
4.30534
4.47668
4.36728
3.70526
4.35183
4.47431
4.43356
4.34266
4.31898
4.34585
4.37648
4.02632
4.41875
4.45346
4.38536
4.35119
4.41419
4.47806
4.43433
4.43813
4.01903
4.18448
4.41691
4.42358
4.46708
4.41808
3.17179
4.42971
4.42311
4.48712
4.37029
4.47792
4.40536
4.48945
4.27173
4.43881
2.35525
4.45020
4.46568
4.09754
4.03049
4.45285
3.70168
1.93517
4.39071
4.44710
3.89358
3.60736
4.41311
3.67403
3.97771
4.38602
4.12196
4.21167
4.43470
2.26264
3.60758
4.29231
4.39159
4.48026
4.24345
3.70562
4.29929
4.39611
4.41764
4.29217
4.43094
3.65982
4.44772
4.51360
4.48201
4.44426
4.45568
4.17600
4.40401
4.27112
4.34246
4.43975
4.43482
4.39055
4.30571
4.44354
4.22342
3.33004
4.43870
4.44021
4.42878
4.20704
4.35487
4.41825
4.36969
4.39650
1.65948
4.27870
4.46919
3.86602
4.14695
4.51284
4.32091
4.45452
4.49291
4.32010
4.32135
4.33478
4.33189
4.13294
3.86986
4.44556
4.29914
3.85893
3.75460
4.47424
4.42139
3.76430
4.28304
3.80961
4.50312
3.93406
4.44760
4.43911
4.15816
3.39677
4.31156
3.65575
2.56769
4.27477
4.41412
4.46584
4.16562
4.42873
4.42791
3.94421
4.46659
3.98103
4.40400
1.43792
4.47729
3.56446
4.45471
4.09212
3.94122
4.35131
4.27883
4.30657
4.24788
3.90778
4.34432
4.43091
4.46689
3.67984
4.38060
2.46279
4.20504
4.22129
4.25622
3.82796
4.11999
3.26558
4.15549
4.24980
3.22546
4.29772
4.30853
4.43390
4.47590
3.37807
3.25974
4.33654
4.21393
2.58330
4.40141
4.23518
4.08526
4.37318
4.30243
4.39254
4.35889
4.45972
4.41288
4.49255
4.40592
3.92483
4.37956
4.53187
4.34203
4.45441
3.70097
4.32991
4.28254
4.31787
4.26514
4.47469
2.01024
4.41372
4.28182
4.26346
3.80067
4.47222
3.85923
4.52435
4.44464
4.15209
4.25292
4.49245
3.01968
4.07523
4.01435
3.92136
4.35970
4.43934
4.46461
4.10013
4.38457
4.07372
4.47915
3.11072
4.19777
4.14665
4.16818
4.43221
1.77606
4.10307
4.29987
4.24266
4.12922
4.37186
4.40897
4.31124
4.46654
3.93992
4.41408
3.35888
4.45651
4.05003
4.03865
4.39619
3.78744
4.24294
4.08448
4.48968
4.29946
2.94423
4.29702
4.40341
4.13936
4.37452
4.51855
4.26667
4.32987
4.47414
4.46941
4.36460
3.81819
3.77527
3.69934
4.38682
3.99203
4.19532
4.02001
4.33193
4.07758
