1.93946
0.75928
2.09435
1.17605
0.28253
2.37876
2.96381
2.75803
1.17091
0.85069
2.46064
2.35873
0.88657
0.00757
0.03298
0.01343
0.01243
0.91448
0.00026
0.01887
0.03071
0.27442
1.61572
3.42731
0.77631
0.01191
0.00002
0.00354
0.62146
3.14183
0.03213
0.91922
1.24368
2.69106
1.16438
3.22859
1.01744
2.33073
1.18540
1.17490
0.76610
2.66623
1.99259
1.40486
0.00033
0.35957
0.20984
0.12642
3.01255
3.06566
0.80703
1.32864
0.00036
0.92519
0.13732
0.44965
0.32787
0.22319
0.17229
0.29085
0.07635
1.26850
2.20657
2.25362
2.49132
0.65566
0.61338
1.46979
0.74599
0.15125
1.02349
1.81247
1.95174
2.44211
0.52262
0.18999
0.00030
0.04754
0.07249
0.89174
0.12874
0.05249
0.00313
0.71269
1.29451
0.18522
0.15223
2.09075
1.10483
1.73038
0.08281
0.33865
3.00328
0.28851
0.76069
1.76950
2.86252
1.70331
1.56744
3.40847
0.85430
0.96086
1.61676
2.52734
2.12105
0.00021
0.00545
0.05002
0.95659
0.75042
0.39408
0.04012
2.23214
0.91020
0.04642
0.13938
0.82367
0.87230
0.72080
0.02646
0.79462
2.74732
0.44140
0.69152
0.09831
0.91205
1.95093
2.12257
0.07549
2.68428
1.69265
0.13126
0.30194
1.67459
3.08462
0.38533
0.13975
2.65567
0.45495
0.03337
1.13144
1.21178
0.13691
3.31704
0.73593
0.18372
1.44229
0.00002
0.07881
0.66012
0.91703
0.24892
2.88829
2.48618
1.06940
1.37183
0.34963
0.28868
2.63066
0.94840
0.15029
0.01525
1.12446
1.71157
2.76711
1.39767
0.00057
2.27687
0.16202
0.91328
0.83393
2.75796
3.00300
1.48032
0.09705
0.59248
2.28215
1.26166
0.05349
0.03337
0.20521
2.20378
0.04944
0.06728
1.02981
0.28145
2.65473
0.18854
0.93121
0.25809
0.11493
1.45010
1.11002
0.04890
0.01301
0.08393
1.24042
1.77573
0.04439
0.17124
0.06119
0.08739
0.02399
0.01823
0.16879
0.71456
0.22251
0.00225
0.03961
2.62616
1.99524
2.04756
1.88023
2.92290
0.00314
2.32450
1.72358
1.10333
1.36832
1.22263
0.16865
2.76768
2.76269
0.04369
2.57246
2.69416
0.03062
0.21469
1.68766
0.89025
2.04779
0.10555
1.62528
0.02094
0.67794
2.46726
1.95592
0.78762
0.00001
0.12583
0.01219
0.00958
0.19390
2.83082
1.91067
1.00959
0.02973
1.21619
3.33840
0.11765
0.37075
0.75717
0.93577
0.00106
1.49229
2.13913
1.37931
1.29989
0.91803
0.25432
0.31162
0.14303
2.89587
0.94363
1.48258
2.84680
2.05664
2.30313
0.66705
1.25804
0.40299
0.11969
1.47974
1.72438
1.68237
0.90617
1.05308
2.29661
1.10059
0.01993
0.45333
0.10060
0.69894
0.28378
0.83235
0.15501
1.31212
3.03627
0.20118
0.19321
2.68546
2.94298
0.70049
1.27167
1.51704
0.05754
1.02975
0.26689
0.93678
1.70327
1.39753
0.51307
0.89927
1.66261
1.82277
2.11748
0.04680
0.05674
2.20781
0.64117
1.94859
0.38362
0.02477
0.79918
1.76366
3.65294
1.03072
1.18930
0.05559
0.04902
1.32951
2.04463
3.06153
0.08450
0.04126
0.80271
2.65348
0.05500
0.68497
3.01520
0.04678
0.17860
0.23404
1.39937
0.67690
0.69455
2.20709
2.40765
1.18050
1.29887
0.62732
3.10775
0.20555
0.10778
0.76020
0.64994
0.32789
1.25381
2.82558
2.23618
1.46996
2.72753
2.30570
1.25992
0.10427
0.38147
0.57145
1.09034
1.07970
2.90683
0.03046
0.00015
2.66510
0.15515
0.01875
1.23961
2.98733
0.96114
2.89464
2.29318
1.29061
0.00572
0.14320
1.42578
2.28087
3.10556
0.62621
0.00589
0.00097
2.95417
0.24445
0.10744
0.00399
2.78432
0.03667
2.63736
0.72990
2.24533
0.81870
0.94843
1.12136
0.89556
2.77199
0.25594
2.78688
0.75516
2.81072
0.49026
0.88888
0.52301
1.72357
2.70852
2.57475
3.03911
0.62384
0.88928
1.57129
0.08541
2.40530
2.79433
0.55587
2.51431
0.19067
3.19314
2.44057
1.93809
3.00938
0.13416
0.27236
1.87764
3.04095
2.62344
1.27624
1.03186
0.64061
0.01914
0.56146
0.47301
2.53916
0.40652
3.37718
0.41804
2.64083
0.24961
1.71448
0.40172
1.30286
1.88486
0.31678
1.45813
0.26183
0.00543
2.38749
0.11231
1.62197
0.12610
0.70263
0.35760
0.96181
1.94303
1.19055
2.45275
0.60891
0.04243
2.13812
1.71402
2.27700
0.90579
0.82370
0.74036
1.77362
0.00007
0.72729
2.84664
1.31967
2.54656
1.22213
1.51678
0.82481
0.32944
0.31638
0.19470
1.43261
0.10105
2.24371
1.14088
1.42188
2.39760
2.15933
0.75609
0.33611
0.00812
2.24086
3.33667
0.07365
0.66272
0.77953
0.65815
3.01867
2.36705
1.10331
0.76742
0.95580
1.26024
0.17872
3.12895
2.40767
3.03330
1.82801
0.08712
1.48836
0.95847
0.76743
1.16781
2.32193
0.05026
0.78258
0.45265
0.02381
1.38125
0.05757
1.03409
2.27541
2.32995
0.25554
0.00044
1.84028
0.20110
1.29603
0.01457
0.24241
1.59586
2.93568
1.91934
0.41063
0.22700
0.37504
1.97603
2.09923
2.08313
3.42846
0.03208
0.01196
0.86398
1.09674
1.83003
0.37412
0.81139
0.04358
1.64480
1.04420
1.61814
0.26229
0.11690
2.82226
1.64841
0.15906
2.09767
1.15418
1.63686
1.85203
2.28544
0.80785
2.04471
1.49043
0.22704
0.86803
0.43230
2.78588
0.40180
2.70226
1.17859
0.15436
1.28026
3.26178
1.46451
0.74670
0.80602
1.54278
3.41078
0.54918
0.04349
3.46277
1.02550
2.73475
2.98105
2.98841
0.16107
3.00120
0.30078
2.77090
1.36354
0.02621
0.61401
0.08598
0.13049
1.41898
2.69891
0.41444
1.85000
2.61755
2.24547
0.05202
0.01690
0.40018
2.33686
2.95736
0.37595
1.67627
1.28623
2.71935
0.90144
0.02650
3.54792
1.48596
0.29354
3.13554
1.30410
1.05467
1.11509
2.09960
0.01168
1.11228
1.79270
0.11351
0.04469
2.14326
0.82355
0.03381
0.61559
1.91215
0.00000
0.11070
0.43584
0.31648
2.76583
0.04299
3.69032
0.59701
0.00125
3.51823
2.05244
1.04774
2.43753
1.48419
0.40958
0.43346
0.00806
0.24508
0.92722
2.67102
1.56284
0.80945
0.33187
0.03213
0.31728
3.30493
0.00146
2.47876
1.30054
0.15049
0.10177
0.04594
2.21505
1.12272
0.76732
1.25885
0.42987
2.68858
0.33897
1.58425
2.25936
0.37549
3.30116
0.20414
0.00000
0.40200
1.85844
0.30095
1.49704
0.70821
2.26811
0.01207
2.50953
2.36012
0.04777
1.41250
0.01569
3.52700
0.05121
0.03072
0.00779
0.44324
0.63742
0.02135
0.74944
1.74553
0.00252
0.40184
1.94806
1.90568
0.03897
0.15001
0.17432
2.16030
3.17846
2.52708
0.00403
0.68968
0.07405
2.55280
1.19532
2.73131
1.86418
2.47244
1.72970
0.39182
0.91475
2.84324
2.52014
1.92575
1.20079
0.76879
0.49914
0.00001
0.62861
1.87714
2.10558
0.86905
0.19550
2.15064
0.14868
0.00395
2.93808
1.10342
0.76644
0.18664
0.51545
0.06089
0.25170
0.25057
1.33637
2.80437
0.69243
0.00053
0.05906
2.22015
2.37432
0.00553
1.47493
1.77509
2.84161
1.61820
2.18454
1.12414
0.04032
0.00545
0.07628
1.18965
0.00026
1.84520
1.95219
0.11676
0.88295
2.71787
0.02940
1.45659
1.10982
2.03425
0.70738
3.16415
2.02614
0.46893
0.36611
2.65631
0.05629
0.32386
0.73067
0.00370
0.98589
0.20608
0.00425
0.05521
0.04465
0.52136
0.55002
0.23315
0.73837
0.63034
0.29567
0.32805
0.32158
2.93327
0.76761
0.80743
0.04745
0.17302
2.09071
0.00062
1.14831
0.00757
2.68972
1.56308
1.21519
2.88259
0.28972
0.62283
1.92063
0.37455
2.53095
2.14112
0.08089
1.35309
0.01532
0.50869
0.65200
1.36087
0.00477
2.03915
0.95284
2.65908
2.22758
2.46380
0.34261
0.66394
0.08236
2.23580
0.03946
2.75947
0.14150
2.27376
2.28194
2.32297
2.04067
2.65332
0.01480
1.34801
1.69953
1.26988
2.13663
0.55958
1.36923
2.94159
1.55803
0.01373
0.76597
1.01200
0.22150
2.27687
0.04829
1.20619
0.02370
0.76530
0.85251
1.70211
2.62653
1.89830
2.30148
0.44923
0.94050
0.58504
0.04775
1.53743
1.35649
3.22434
2.86570
1.87606
3.41875
1.97972
0.45574
3.40191
0.60060
0.08818
0.92844
0.00026
1.92437
2.07977
0.66292
0.04173
1.24490
2.69878
2.46673
2.64559
0.00027
0.32445
1.44902
0.03803
0.47883
0.03060
2.45498
0.90560
0.43120
0.93634
1.65013
2.28268
0.10005
3.36167
0.43159
1.50527
0.07657
0.00524
0.00267
1.47712
0.67094
0.63586
0.66409
0.00014
1.96138
0.49527
0.69726
1.72635
2.01794
2.69616
1.91888
2.75796
0.00202
3.00498
0.73076
0.70320
0.02562
2.33866
0.11130
0.06774
0.11091
0.99061
3.47423
0.71041
0.39245
2.67728
0.54452
2.50795
0.09855
0.40449
0.49495
1.67668
0.05578
2.21054
1.74903
1.04929
1.87286
0.11518
1.08416
0.54032
0.03073
2.63358
0.00229
3.42066
2.81635
0.00707
0.47365
0.47367
0.01285
0.61197
0.03347
0.11689
0.03310
0.83137
3.31212
2.54719
0.43997
1.23425
3.24794
0.00408
0.72959
0.92072
2.67448
0.28414
1.60058
1.67849
0.96172
2.30437
1.07453
2.60637
3.08970
0.02260
1.09543
0.26003
1.03015
0.41203
0.03125
0.00276
1.99758
0.82756
0.39052
1.77313
0.45971
3.77385
0.00990
0.09900
3.57107
0.44589
0.08060
0.09143
2.44312
1.48628
2.30349
2.13825
1.74365
3.17730
1.61111
0.20226
1.53987
1.26846
0.64164
1.58020
3.33217
0.08845
1.59617
0.11297
0.34333
3.47295
0.71611
0.07226
0.52940
2.21982
2.99656
0.32952
3.49354
0.60121
0.86758
0.08250
2.10381
1.39722
2.85866
2.04091
0.00891
1.55557
3.15772
0.68928
0.15745
1.93766
0.14532
2.77648
1.03134
0.35799
0.29535
0.08612
0.00554
1.08696
0.34305
0.03703
2.13357
1.32673
2.65440
1.70082
2.90447
0.42016
1.20637
1.49953
0.29778
2.16082
0.71739
0.90664
0.18749
0.10347
0.07284
1.68333
2.23034
0.15683
2.13731
0.20614
2.35164
2.52861
0.71809
0.29549
0.91908
0.19390
0.60892
3.02562
1.53525
1.24500
3.24146
0.01759
0.50724
0.49671
0.47668
0.98333
1.86822
1.21064
0.95583
1.33011
2.25203
2.25370
0.60947
0.37809
0.72311
0.30310
1.15514
0.00052
2.51827
0.90067
0.35137
0.97433
0.02857
2.26496
2.61193
0.03573
1.85174
2.46700
1.02158
2.07267
2.87917
2.18704
0.17579
2.84917
0.00486
0.04489
0.09757
0.90466
1.76728
0.78277
0.35051
1.91225
0.30191
0.00001
3.22201
0.04889
0.46177
2.42130
0.03200
0.09674
0.23849
2.49773
1.73153
2.11006
1.45336
0.18167
1.79767
3.20951
0.99372
0.25305
1.31561
1.53922
3.13710
1.43922
0.59349
2.32684
2.61035
0.10669
1.99194
0.70731
0.16991
1.02920
2.16056
2.21432
1.70980
0.01266
1.40194
1.70318
2.50062
2.46487
3.11133
0.17609
1.87537
0.17837
0.44285
1.89777
0.03118
0.94246
1.23890
1.56661
0.90408
1.02564
0.61608
1.41964
0.66799
3.57716
0.54549
0.85281
0.01612
1.30950
1.86377
2.45583
0.30941
0.58680
2.67296
0.43182
1.46358
0.38373
1.87523
0.67855
1.51080
1.92903
0.19223
1.30078
2.49089
1.78852
2.41684
0.00322
2.20046
1.78179
1.38083
2.32136
1.27924
0.42765
1.97579
1.42531
2.19260
1.86157
0.66119
1.82260
1.74626
2.67365
0.82282
0.30920
0.05967
2.29430
0.52597
1.09769
0.11871
0.18464
2.61114
2.34576
2.30051
0.01800
1.36796
0.79714
0.67519
0.43592
0.04639
0.03785
0.19891
0.05675
0.02513
0.09248
1.72125
1.49481
1.67155
0.23434
0.20563
0.77705
1.01772
1.61467
0.26786
0.85687
0.01919
1.51802
0.00467
0.16965
0.57508
1.93844
0.00194
0.04001
0.81841
0.04645
0.00218
0.41452
1.91358
1.57839
2.78596
2.63155
2.10700
1.93560
1.21964
1.66865
0.33156
0.22900
0.10353
1.66932
1.23078
0.56060
1.60296
2.64230
0.90496
1.07975
0.07116
0.61476
1.63657
0.40433
0.12804
1.02255
1.55345
0.04433
2.82883
0.00001
0.00613
0.68146
2.23162
0.09914
0.14170
0.75084
0.04561
2.32139
2.15529
0.52853
0.23527
0.28006
2.84966
0.46332
0.08731
3.14986
2.73506
1.05847
2.55164
0.77081
0.61437
0.05051
3.15859
0.57266
0.04685
2.54589
1.41263
0.07543
0.72491
1.32861
0.92217
1.95560
0.07047
2.99332
0.51163
1.54560
0.89846
0.86443
0.74443
1.39696
0.20703
0.11077
1.75628
0.37225
1.79006
2.24477
2.46040
2.55346
2.52743
2.62695
2.03837
2.09398
0.51855
0.00005
2.90549
0.10225
0.25965
1.54254
0.47457
0.54986
2.62417
0.02860
0.36855
2.64700
0.77123
0.09017
1.40671
2.67866
1.15097
1.92846
0.44307
2.47765
0.07105
0.59217
1.99031
1.14554
0.00937
0.02783
2.05052
0.00024
0.27490
2.30305
0.06882
0.59825
2.73397
0.75787
1.01394
2.15706
2.70323
0.05506
0.00008
1.35457
0.14589
1.32607
1.39304
0.01901
0.08441
0.00100
0.95086
0.07195
0.16147
1.04037
1.48414
0.37359
0.92129
0.41007
2.96936
2.21851
0.01832
0.34655
0.40656
0.11766
2.19916
2.04106
1.03881
0.02386
1.60461
0.07695
0.47659
2.64401
1.51133
2.25554
1.84175
1.81523
1.44638
0.61204
0.22466
0.58269
0.71114
1.50628
2.73320
1.49984
0.00729
0.24730
2.24907
2.77000
0.05007
2.27057
0.25463
0.03321
0.49368
0.69696
1.28322
0.80415
0.08496
2.67924
1.10153
2.88549
2.32643
0.22345
0.01387
2.09377
0.12143
2.55953
0.86712
1.84377
1.13719
0.40047
0.65431
1.04274
1.53598
0.03249
0.06174
0.03005
2.05604
2.60391
2.28584
1.09052
2.05895
0.26493
0.09172
0.08677
1.96510
0.01075
2.31097
1.25850
0.12332
2.21864
2.35972
0.42247
1.09317
0.54093
0.16890
0.64396
2.48676
1.59686
0.13973
0.62020
3.39410
0.38679
0.01676
0.71837
0.01565
1.87756
0.09233
2.62198
1.32829
2.34565
2.87972
1.75765
2.75469
1.94728
0.05180
1.16030
0.21569
0.04553
1.23190
0.57443
0.39891
2.04815
0.09988
2.47990
2.02766
0.50787
1.80018
1.86253
0.00092
3.05829
1.14412
0.25838
0.39151
1.04581
0.69884
0.07604
2.18786
1.80034
0.64280
1.45375
2.79864
0.32010
0.00819
2.99301
1.87759
2.87054
0.26536
3.02140
1.09719
1.28861
0.71344
2.69125
0.39562
1.21639
0.17887
0.16489
2.12035
0.04137
3.18656
0.81147
1.86222
0.02676
0.94494
1.02514
2.43428
0.07525
2.56572
2.01782
2.47958
1.57735
1.77861
2.94351
0.02358
0.22722
3.54131
0.00700
2.98430
1.70152
2.43072
0.70729
0.31406
2.33709
0.63790
1.41070
1.14104
1.62805
1.22973
0.10699
0.11115
1.80511
2.96982
0.63266
1.57534
0.00200
0.48108
0.22253
2.36605
2.44986
1.72064
0.05722
1.26236
1.02204
1.10520
0.32729
1.00237
0.48722
0.55095
0.62603
1.65342
0.06014
0.04954
1.22507
1.31950
1.28845
0.25992
0.29388
2.21882
1.08251
2.28296
2.03918
0.65505
1.58272
0.42902
1.88925
1.65505
0.00659
0.17386
1.06669
2.48470
0.20599
2.55828
0.30761
2.84723
1.46346
1.50608
1.76035
0.03242
0.35334
1.93007
0.41792
0.08015
1.57561
0.79833
0.56829
0.30917
1.22863
0.00002
1.00852
2.79865
1.47406
3.56637
0.13004
2.35788
0.01317
0.03898
0.84104
1.57961
1.10614
0.34000
0.26950
2.07377
0.19511
3.24901
2.23371
0.70273
1.15689
1.12097
0.03243
0.00587
2.28668
2.87130
0.07201
0.01510
2.07371
0.07436
0.37992
0.25953
0.19381
0.24142
2.89400
0.86795
2.09637
0.70883
0.79340
0.01914
0.38675
0.27418
1.86516
0.01532
1.99709
2.42683
2.46661
2.79142
0.07342
0.16970
2.90682
1.05751
0.05224
2.05885
0.00611
1.69425
3.30288
1.89265
2.59666
0.00908
0.45958
0.02930
0.09101
1.21168
0.76331
0.74508
1.57317
0.49424
0.17284
0.04886
2.63113
0.28440
2.82706
0.02722
1.53874
3.62153
0.12434
0.00057
2.10886
0.09875
0.15837
0.66252
0.76381
1.27870
2.52245
1.10400
0.16623
1.00746
0.08189
1.49953
2.03896
3.06264
0.93266
2.19460
2.47384
0.47414
0.29933
0.16398
1.01197
1.68623
0.85301
0.13116
0.27044
1.11987
0.47825
0.51572
3.15009
2.41562
0.00118
0.08773
2.16654
1.76445
3.06128
3.47025
1.62315
0.00536
0.85383
2.11143
0.75836
3.13521
0.91423
0.47674
0.28025
2.89507
0.66373
0.45574
1.22438
2.05484
0.96490
1.81807
1.68646
0.81121
1.92727
2.95730
0.13223
1.44669
1.18163
2.55799
0.88959
1.82889
0.01972
0.87950
0.25804
0.13709
0.01029
0.44333
0.63553
0.43198
1.88984
1.73566
0.19680
0.22593
0.92453
0.32699
1.44137
1.74334
1.21514
1.07252
3.08437
2.76303
1.51825
0.03344
2.61775
0.18260
3.21189
0.52386
0.73310
1.63311
0.11015
1.30224
1.98669
1.58623
0.07396
0.31881
0.97248
0.37281
1.31700
0.19876
0.00669
0.48411
2.40390
1.67488
0.27000
0.20340
1.47308
2.50907
0.40440
1.16521
0.08944
1.04777
2.67560
0.50076
3.12819
1.56240
0.42341
0.99957
2.40562
0.73109
2.20201
0.16085
2.31455
0.49396
1.87172
3.08685
0.04948
1.04622
1.49686
2.18396
1.27071
1.35055
1.47604
1.24459
1.98050
0.38039
1.97186
0.28700
2.24068
2.78427
0.00605
1.85087
0.64774
0.14222
3.13255
2.17195
1.69498
0.16680
0.57548
0.03572
3.44729
0.49238
0.08460
0.67675
1.14209
1.52891
0.13071
1.17384
2.01222
0.20697
2.89709
0.17187
1.45898
0.29772
0.00532
2.70771
0.37221
2.46880
1.42584
0.54971
0.00065
2.10975
1.21941
0.03581
2.35891
0.18027
1.53684
0.02346
1.83005
0.76694
0.00003
1.62365
1.53894
0.02160
0.50992
2.81159
1.05105
0.00617
1.51123
2.45508
0.45737
0.72570
2.45874
3.01458
0.28294
0.60369
0.02886
1.59586
0.76046
1.02919
0.28435
0.10858
0.03164
0.00978
0.67818
0.06324
2.69055
2.92644
0.48091
0.48027
1.38298
1.51592
1.08057
2.15503
0.00494
0.40021
0.09035
1.85735
2.54408
0.00171
1.41218
0.07348
0.29446
2.45118
1.35893
1.60938
0.72396
0.01901
1.25963
0.20523
1.22833
0.96769
0.19106
0.03537
0.23684
0.09337
2.70868
1.61473
3.06768
0.02437
3.07344
1.12156
0.03848
3.03488
0.92573
0.26570
2.10002
1.06685
3.06857
0.00184
0.71225
0.05486
0.47196
2.00932
1.96339
0.04889
0.75629
0.00023
2.41639
0.48922
1.79475
0.66664
0.58888
1.98755
0.10762
0.69953
2.18187
0.11443
0.75257
2.04805
2.22834
0.27454
0.38741
1.80331
1.08582
2.28031
0.80932
0.45117
1.42795
1.64234
2.80198
2.60110
0.33940
0.00687
3.29635
0.24711
0.27204
0.00000
2.64759
1.30002
0.00002
0.34770
0.03678
0.41621
0.77638
0.03104
0.98775
3.27590
0.68232
0.07073
2.09698
2.77854
0.12515
2.86184
2.25147
0.16274
0.00006
2.41538
0.95419
0.54319
0.80482
0.72070
0.08331
2.72548
0.82744
2.14870
0.33082
2.87311
2.08893
2.80927
0.35914
0.64763
1.66924
0.01291
0.02828
0.06937
2.55751
1.45246
0.11622
2.73837
0.01869
1.46000
0.99388
1.66361
0.13198
1.50750
0.14279
0.22845
0.06089
0.01872
0.71314
0.00004
0.67119
0.55974
1.05668
0.31020
1.73314
0.00247
0.18569
1.05049
3.43349
1.59081
3.31654
0.08966
0.82968
0.02155
0.38798
0.12571
0.60649
2.88864
2.09055
0.00126
1.36393
0.52451
0.03586
0.07057
2.40231
0.98404
0.16664
2.13566
0.00308
0.37654
3.31931
0.13329
3.26847
1.97465
1.90769
0.03184
1.45720
0.00006
1.94266
2.80359
0.00009
2.43209
0.00010
0.21399
0.36658
0.11580
0.34925
1.71974
0.34166
1.15726
0.00561
1.15324
0.47349
1.40778
2.19581
0.09471
1.88821
2.95767
1.42278
0.13847
0.22558
0.61239
2.29780
0.29753
1.26937
0.01182
2.12251
1.13884
0.03834
0.78837
0.70415
1.38603
2.62592
0.26053
1.05796
2.60305
0.86240
0.37196
0.21156
2.55815
0.21198
1.44361
0.23635
0.37390
0.40341
2.35694
3.24638
2.07622
2.96408
1.65026
0.03982
2.47943
1.40464
0.06143
1.99372
0.46734
0.12365
0.00868
1.08802
2.57942
0.00410
2.92501
0.30044
0.54135
2.18891
0.21903
2.07274
0.43827
1.22511
1.87252
0.52018
0.14829
1.91528
2.62060
0.03908
0.76116
0.94041
0.16421
0.97342
0.09668
0.12282
1.35198
0.16098
1.68567
0.21474
0.63539
0.01937
0.47458
1.70197
2.67585
0.02867
0.43097
1.20009
3.23849
0.47034
0.01092
0.08200
1.29101
3.10612
2.86649
2.36823
0.15574
0.62477
0.01232
2.37370
0.15906
1.66276
2.74117
0.77724
3.69718
1.11300
1.82563
2.86223
0.12075
0.17160
2.05750
0.03217
0.83783
0.17506
2.40129
0.00372
2.38239
1.62501
0.62524
0.06783
0.00286
1.99152
0.32102
1.84903
1.44937
1.60226
0.29146
0.27447
0.08770
1.23695
0.01413
1.15991
0.10646
0.52257
0.06044
1.83270
1.75981
2.85203
0.12985
0.01008
0.51924
1.14443
1.14257
1.83648
2.51635
2.35513
3.39379
1.23545
0.90922
0.56990
0.09196
0.04739
2.42957
2.58335
2.18050
1.67636
0.03331
0.81855
1.72008
0.00040
0.05610
1.02944
1.72941
2.10394
3.09031
2.46041
0.98216
2.76374
0.00779
0.57999
0.51255
0.68323
0.00659
0.00080
1.61034
0.03322
0.59428
0.01145
1.71156
0.02967
1.31438
0.84682
0.64362
2.13893
0.03200
1.92337
0.22029
2.15119
1.26315
0.03934
0.68525
0.30601
0.41790
2.13755
0.28682
0.02736
0.00014
0.11248
2.89610
0.00837
0.49587
0.28179
0.74797
1.95504
0.78500
0.42928
0.78346
0.07159
0.13355
0.83123
1.70154
0.63853
2.27382
0.03775
1.14725
2.54593
2.90762
0.19154
0.36341
2.20276
0.89149
1.76565
2.45376
0.28249
0.10838
2.30462
0.98198
0.72020
0.15138
1.40333
0.37056
0.08704
0.85538
0.90104
0.32138
0.07763
3.31868
2.91382
1.96437
1.16031
0.89551
0.20047
1.06687
2.30952
0.02831
2.36140
2.92738
1.66814
1.01321
3.13346
0.07660
0.14926
0.10196
0.24539
1.13155
2.39903
2.48228
0.15444
0.22475
1.28858
0.66038
0.28236
0.09427
0.10003
0.30105
0.83341
2.76348
2.34916
0.93662
0.07858
2.33874
1.48353
0.00381
0.00562
0.29159
0.13031
3.13159
1.51056
0.96042
2.53327
0.61004
3.46482
3.38091
0.36838
2.48663
1.46916
2.01372
0.01381
2.89559
2.90913
0.07246
0.03661
0.78068
0.48175
2.68397
2.49124
0.02741
0.34607
1.75168
0.48761
1.26391
0.07407
3.31864
0.53648
1.48228
0.27471
2.34222
2.63271
2.26959
0.49592
0.02298
1.71892
0.00605
0.88382
2.87555
0.17013
0.53037
0.18157
3.04987
0.29105
1.27385
3.16324
0.01121
0.62671
1.21001
1.04221
0.24073
0.25446
0.69421
1.28687
1.75054
0.02017
0.04671
0.12102
0.04528
0.79104
0.04732
0.43374
3.32353
1.25843
1.31573
0.11147
1.26995
0.02608
0.36254
0.45761
1.20258
0.15681
0.25023
0.38306
3.01558
0.72775
0.68423
0.80929
0.64174
0.62209
0.10021
2.44413
0.29162
0.33622
0.75509
2.95106
0.92199
1.20954
3.19020
1.89744
1.97718
0.00174
0.73278
0.05025
1.20293
1.14349
0.43576
1.47368
1.33371
2.79172
1.27713
1.26637
0.08713
0.07962
0.72802
1.15897
0.57157
0.04427
0.44816
1.41810
1.59986
2.20489
0.95519
0.98155
0.08482
0.03917
2.50994
2.61686
0.59510
0.01626
0.02662
0.01321
2.14840
0.51185
0.16576
1.54202
3.21503
1.76250
0.07073
1.37215
1.04906
0.15226
0.73603
0.13054
2.67556
2.60273
2.42957
2.98751
2.06994
0.87907
2.50609
2.85062
2.41082
2.05126
0.39177
2.68288
2.35219
1.89646
0.79581
0.00017
0.68709
2.82524
1.07225
2.49383
1.06879
0.69605
0.54039
1.46068
1.22150
3.36930
0.02160
0.45869
0.34226
1.10270
2.76357
0.00508
0.01667
1.98996
0.84185
0.09362
2.53267
0.04591
0.83325
0.21510
2.36129
1.73582
1.82736
0.34095
3.36438
0.27470
3.58583
2.10135
2.15556
1.86432
0.01162
1.78013
0.16832
0.73790
0.03082
0.42983
0.07813
0.63508
0.78080
0.97744
0.00388
2.70998
2.51449
1.63246
0.10252
0.08449
0.00458
2.21785
1.70956
2.52899
2.11832
2.97953
0.00076
1.01451
0.07315
2.57302
1.28135
0.69279
0.06807
0.75961
0.50055
0.60327
2.77005
1.04921
1.16816
0.19033
1.09435
1.01070
0.00851
0.00049
0.16636
2.98401
1.90663
0.15580
2.86608
0.96110
3.17891
0.05660
0.50481
0.04694
3.27365
1.36393
1.15624
0.37257
0.88199
0.61540
0.44736
0.70545
1.73776
0.02971
3.29505
1.46680
0.14450
0.02189
2.25694
0.81292
0.18345
0.32768
0.15401
0.20308
1.79025
0.40349
2.18482
1.42342
1.75203
1.76644
0.64821
0.75084
0.54307
1.84176
0.36947
0.21492
0.33524
1.96420
0.32442
1.75338
1.05344
1.84190
1.35253
0.98748
2.82664
3.34740
2.88713
0.26280
0.53424
1.25650
2.94479
3.19489
0.74614
0.20194
1.98693
1.07784
2.49674
1.42643
0.06697
1.25600
0.07223
3.14041
0.41544
2.65195
0.50802
0.16193
0.33282
0.86274
0.08808
2.56187
0.04180
2.06516
2.78617
0.14991
0.90723
1.42413
1.09108
2.40104
0.04464
0.00537
0.00672
0.00191
0.19552
3.21658
1.79355
2.51283
1.25066
0.90313
0.38833
0.02693
2.12410
1.21617
0.02976
0.08904
1.04561
2.91105
0.14805
2.22094
2.09682
0.66511
0.48302
2.95203
1.82033
0.48561
2.34941
0.20480
0.41493
0.15482
3.17936
1.85164
2.46013
1.15270
2.34587
2.53392
0.36180
0.01135
2.80217
0.08659
1.05054
0.02898
0.60019
0.87255
0.17821
0.31784
0.21912
0.00448
1.61888
1.14508
1.42890
0.27657
2.30257
0.65804
0.38883
2.38733
2.61821
3.09912
0.63103
0.25848
1.48463
0.00099
0.08017
0.23581
0.08221
2.25987
2.65601
0.74147
0.02482
0.99549
0.01863
2.35149
1.65966
1.50929
2.18150
1.83732
0.97886
0.37309
1.22552
1.13938
0.07557
2.74268
0.37038
2.13637
0.18736
1.77186
1.95907
1.13526
1.36564
0.91398
0.00064
0.33655
0.54329
1.44949
0.05530
2.38594
1.15825
1.33877
2.25684
2.32824
2.54077
1.09579
0.05267
1.40138
2.57462
0.14362
0.61514
2.79620
2.99547
0.10849
0.54543
2.55941
2.75221
1.41874
3.24639
0.11292
0.28579
2.79030
1.80106
0.01380
2.71229
0.63201
3.17376
0.02146
0.22201
1.25682
0.03529
0.68690
1.95355
3.04916
1.28213
1.01119
0.03127
1.28148
3.41767
0.33782
0.79649
0.09897
0.00615
2.32836
1.11465
0.09154
1.64755
1.78938
0.97942
0.93597
0.14409
1.33460
0.81586
0.10756
0.91884
1.48036
1.95192
1.01555
0.00340
0.01467
1.77132
2.71030
0.00721
0.28269
1.58590
2.62476
2.15198
0.00241
1.94699
0.17176
0.00873
0.13104
2.80665
0.46010
0.12802
1.89661
0.00545
2.23530
0.40988
0.02829
0.25653
2.62294
0.53077
2.64757
2.08557
1.61365
2.05476
0.89281
0.00986
2.20133
3.43061
0.00530
3.21991
1.18449
2.41286
0.20188
0.08196
1.09268
2.56825
1.05656
2.78117
2.14933
2.18805
2.40368
1.61052
2.86358
1.90088
0.03156
0.03671
0.32000
3.37349
0.00163
0.19163
0.00021
0.07828
3.49495
1.34549
2.97383
1.55634
0.10668
1.80600
0.09159
0.41678
2.00138
0.54555
1.08446
2.12005
2.01389
0.11467
1.84860
0.14044
1.77428
0.00720
0.89348
0.73831
1.89123
0.63875
0.08818
1.24854
0.34430
2.09547
2.76334
0.11410
1.84270
0.87875
1.37043
0.00704
0.01097
2.38366
0.11097
1.15242
1.52478
1.84536
1.08945
0.02505
2.56617
1.01114
0.13715
2.37751
2.87458
0.00367
0.43029
0.08370
0.00896
0.00122
0.32105
0.19668
0.97596
1.88846
1.29777
0.67572
0.32763
0.11231
0.55928
2.27072
0.03045
2.23779
2.66513
0.00002
0.29649
1.68099
2.87028
2.26505
0.89503
1.85051
1.47460
0.21179
1.29555
1.29544
0.12291
0.05609
2.71202
1.48830
0.00429
0.97193
1.73262
1.83042
0.01105
2.86312
3.36967
0.86469
1.34481
1.27814
0.77475
0.60140
1.60024
1.95246
1.34112
0.17390
2.01989
1.46834
0.56151
2.04582
0.66810
2.42480
1.11376
1.30728
0.01749
0.26834
2.37619
3.06410
0.00214
0.00589
2.54665
1.91154
0.04552
0.68113
0.88470
1.46203
1.44223
0.89024
0.17081
0.04807
2.15726
1.00760
2.55429
0.55465
1.05262
0.13020
1.07489
1.88323
0.66270
0.18525
0.66736
0.27960
0.01718
0.66979
1.86661
0.70839
1.71320
0.35412
2.20174
0.06987
1.22511
1.30803
3.10489
1.35018
2.43611
1.71758
0.00111
0.71064
2.88563
0.00111
1.93406
1.94424
1.95585
1.80586
2.52540
1.42340
1.55346
1.36810
0.41354
1.94426
2.59164
1.02363
3.40771
2.71771
3.12975
0.69049
0.24045
1.47564
2.05884
0.43352
0.62521
1.91873
1.23476
1.62922
0.06260
2.94502
0.08563
0.87384
0.10690
0.02239
0.34833
0.42396
1.74022
2.78315
0.71223
1.02162
0.12353
2.25150
2.55637
0.93441
1.34277
0.06132
2.20846
2.85914
1.27542
0.23608
0.79789
1.17620
0.03700
0.30753
0.04365
0.00100
2.33255
2.48127
0.59484
1.45448
1.76725
0.04396
0.78759
1.39177
0.01492
1.91755
0.98726
3.01352
1.57756
0.83725
1.21449
0.43288
0.91946
1.93041
1.15140
0.84243
3.25512
1.52711
0.78433
2.02393
1.12431
0.41488
2.75940
0.91955
1.49553
2.29239
2.74499
0.00309
0.00269
3.28621
0.06277
0.63833
2.87346
2.03719
0.03194
2.61171
0.36100
3.08026
1.42986
2.29953
3.27014
2.69545
0.01897
0.05419
2.96899
0.29046
0.04011
0.06666
2.22718
0.02689
0.06005
2.30662
1.42266
0.00406
0.90820
1.08004
1.15360
0.16161
2.01747
1.33438
0.00157
0.02838
2.79849
0.71369
0.75395
2.70927
0.45783
0.11790
0.42949
0.00060
3.14508
0.71281
2.52921
0.28908
0.27073
0.69083
2.23742
0.12358
0.06779
0.75071
2.36587
0.78649
1.18732
0.30566
2.20578
1.31702
1.51755
0.00567
2.85972
1.65668
0.00355
1.04579
1.15711
1.40424
1.54839
1.33085
0.64884
1.11759
1.51893
2.20918
0.00425
0.02377
0.93307
0.56239
0.51057
0.50343
0.76493
3.34165
0.59203
0.95338
0.10408
0.04440
1.12283
2.36145
2.71749
0.17702
1.29412
0.01342
0.46050
0.12461
0.44905
2.00633
3.01376
3.31377
0.91909
0.42701
0.00015
0.29887
0.29694
2.38747
2.52112
2.00445
2.65348
1.03475
0.25671
1.35248
2.05500
3.02583
1.76260
2.06114
1.79371
0.14070
0.02335
0.06399
0.99340
0.09281
2.41228
2.96578
0.00844
0.02625
3.19003
0.84567
0.50555
1.46619
0.11031
1.13337
0.73363
0.08391
2.26516
0.87082
2.04013
2.50529
1.68236
0.52259
0.13077
0.06985
0.03680
1.63723
0.99206
1.84726
0.96219
2.19230
2.13133
2.70790
0.38850
2.10794
2.01887
2.85947
0.07653
1.05263
0.15229
0.57052
0.79336
2.38234
0.46919
0.09963
2.37874
0.65080
1.18293
0.05898
2.36921
0.83207
2.12642
2.15029
0.01158
0.46193
1.01067
0.39186
1.18224
2.62426
0.99423
2.89604
2.45665
2.62996
2.97508
0.73297
1.70328
0.23129
2.65485
0.00251
0.87029
1.96123
2.34627
0.05648
0.25392
0.01254
0.24716
2.74520
0.04003
2.43643
0.02129
0.29963
1.50649
1.82708
1.71251
2.28860
1.95502
0.82902
0.04373
0.27490
0.92042
0.56783
0.22948
1.88262
1.21066
0.28856
0.00003
1.08516
0.84803
1.67867
0.01358
0.01107
0.03645
2.42365
3.25059
1.16572
2.25984
0.26223
0.69808
0.82998
0.43725
1.40529
0.14357
2.60004
2.75444
0.05628
0.11160
0.16544
0.00184
0.95158
1.29910
0.01057
0.01669
2.30803
2.03868
0.62350
1.08330
2.71436
0.48842
0.70411
2.52652
0.21332
0.21162
0.06127
1.30807
0.18981
1.30191
0.71862
2.56917
0.73827
2.96103
2.88911
0.53573
1.59976
1.04238
0.13133
1.25567
0.53214
1.61913
2.93760
1.03885
0.90191
0.48517
0.02466
2.28133
0.77663
0.02312
0.96199
1.48615
0.78580
2.10429
0.48703
1.69440
2.62203
0.65459
0.48020
1.66361
2.23109
1.84995
2.68344
2.92032
1.03289
0.84520
0.51734
0.10243
1.09852
0.06298
2.37444
2.53477
3.35925
3.01375
0.08208
1.80797
1.77089
0.75070
0.52067
0.51400
0.53222
2.67080
1.97309
0.53559
0.15802
0.24883
1.74839
2.21653
2.76433
1.20342
0.03500
0.92211
1.76195
0.00203
0.94310
0.30154
2.60999
1.36905
0.00780
1.48155
1.16914
3.06572
2.11316
0.32717
0.21672
0.47071
0.00105
1.97658
0.85142
0.59071
2.87576
1.30187
0.61139
1.05313
2.45830
1.02664
2.59797
1.70182
0.47341
1.27249
0.07293
2.35541
1.01377
0.05428
0.35389
0.02638
0.10713
0.00251
3.50317
3.12034
0.06504
1.16588
1.68423
0.04843
1.18139
0.96490
0.28546
0.25363
0.43478
1.41640
1.37936
0.01816
0.04556
0.67951
0.15891
2.84707
2.27686
2.32367
1.82250
0.02735
0.00139
0.14807
0.26905
0.00702
1.17658
2.45522
0.78367
0.43889
0.08365
1.98213
1.24791
0.00002
0.08645
0.36994
0.69583
2.33585
2.80131
2.29679
0.11772
0.94462
0.64777
1.70886
1.29750
0.50770
1.62633
0.82282
0.33792
1.58413
0.90697
0.71655
0.50244
2.19152
2.82762
0.18496
3.34244
0.88042
0.54979
0.85345
0.23392
2.78831
0.05728
0.03079
0.23786
0.17929
2.56317
2.32039
1.04384
3.00152
1.53279
2.48348
3.38438
0.00585
0.84898
1.88607
0.10610
1.89288
1.86095
1.52431
3.11885
0.05731
2.11216
0.92545
0.09381
1.02097
1.97403
2.46732
0.04637
2.15052
0.91179
0.93808
2.13128
0.32639
0.00081
0.28015
2.08797
1.68045
1.72138
1.49270
0.17755
2.17527
1.99441
0.06338
0.70401
0.04041
1.32405
0.34020
2.01224
0.39755
0.08587
1.84609
0.95781
1.16726
2.46879
2.97819
0.12255
1.71819
0.24186
1.79596
2.97925
0.04568
0.96094
0.45201
1.55010
0.45785
0.86073
2.13548
0.75960
1.68461
2.87964
0.57792
2.53208
0.15262
1.63628
0.05366
1.87401
0.51027
0.26710
0.11951
2.63086
2.96062
0.00015
1.46973
0.07241
0.85059
0.16086
0.52101
1.62521
0.00769
0.11049
0.94440
0.41203
2.97936
0.02574
0.16798
0.02422
2.40546
0.05497
2.14032
2.66964
0.71736
1.15875
0.19477
1.06286
1.85521
0.82788
0.55404
0.03373
0.21409
0.26907
1.10658
0.14931
0.22845
1.10503
0.12243
3.12734
1.11678
2.07583
1.54662
1.48970
1.98801
1.76145
0.17842
0.98294
1.42884
0.00016
0.91610
0.85818
2.51367
0.03196
0.25575
0.29418
0.56393
1.05001
1.26661
0.93816
1.61263
0.96993
1.96983
0.95617
2.73858
0.62992
0.05358
1.71724
1.29680
2.21275
1.37497
1.33932
1.26863
3.18009
0.14409
1.74486
0.04137
0.95338
0.03780
1.11597
0.72503
0.79884
2.72278
3.02271
0.58744
2.26370
1.47657
0.10600
0.60613
0.47593
2.96490
0.90705
2.00606
1.53453
1.26583
0.08315
0.22084
0.02300
0.85698
1.45938
2.63567
0.87518
0.92982
1.66166
0.08660
1.73898
2.22653
1.71969
0.72126
0.00002
0.03479
0.07411
0.12923
2.95746
2.54677
0.24715
1.55573
0.75833
1.96272
0.00003
2.10858
0.79364
0.20023
2.62154
0.14445
0.70909
0.17648
0.66498
0.18080
1.56046
0.33333
0.43697
0.59255
1.55253
0.63409
2.60882
1.28198
3.21144
0.00957
0.03993
0.70316
0.23786
0.00016
2.57666
2.32975
0.00825
1.82336
1.72809
1.53139
0.69359
1.15593
0.01945
0.06490
0.08754
0.54424
1.92097
0.39047
0.01321
2.17268
0.97370
0.41338
1.31564
2.23946
3.38301
0.78228
3.39361
1.22031
1.08141
0.23550
0.03148
0.93885
1.77161
3.34730
1.69990
2.74158
1.96522
0.85119
0.00199
0.19831
0.12467
0.45110
0.64153
0.71200
3.22830
2.63937
1.04409
2.84881
2.72833
0.07873
0.07880
0.09949
1.92539
2.61202
1.25375
0.03862
1.35584
0.02173
2.11218
2.11008
1.03874
0.00153
0.10182
0.40343
0.03662
1.45782
3.36136
0.23408
0.57384
2.12233
1.13318
1.50101
2.36270
1.13854
0.00833
0.54994
0.04930
1.61321
1.06089
0.84395
0.39284
0.01708
1.11210
1.26825
1.19628
2.27833
2.99541
0.39159
0.12080
1.57290
2.69690
0.00130
0.08406
0.00221
2.68639
0.06585
0.01011
1.01095
0.04910
1.80120
1.03458
1.91189
0.21779
1.52090
1.33976
2.12339
1.35125
1.12372
0.23124
0.31469
1.65779
3.21000
0.06680
0.21040
0.10352
0.19811
0.82507
2.15494
0.53437
0.15641
0.09930
1.79350
0.47328
1.21880
0.01107
0.10296
0.00167
3.21126
0.52825
0.54805
1.60237
1.20273
0.94310
2.16413
2.70444
1.49269
1.26174
2.09874
0.01756
1.02307
1.73170
3.18122
0.10791
0.07059
0.05319
1.84694
2.83806
2.33981
2.34656
1.34386
2.50463
0.07532
0.96293
0.05124
0.39493
0.31034
1.29045
0.02022
1.41918
0.00037
0.01923
2.41814
1.30057
3.09878
1.57148
2.14362
1.92296
1.35683
1.06736
1.78694
2.11541
0.70136
0.18583
2.74590
1.33336
1.19125
2.10339
2.85812
0.24436
3.97284
1.24144
0.13029
0.61118
1.09035
0.57696
1.14394
2.29757
1.25414
0.91353
0.36667
0.25222
1.88199
0.07645
0.18415
0.77971
1.42827
0.08902
0.13702
0.07948
0.02058
1.46787
1.46866
1.61736
2.33637
0.51634
0.12247
1.44221
1.19346
1.85080
2.94337
0.97179
0.20379
0.08664
3.26711
1.60175
0.04746
0.18435
2.35251
0.01828
0.08757
1.12116
1.39572
0.02983
2.14588
0.03973
0.02294
0.51725
0.56942
0.00047
0.02250
3.09457
0.73388
1.24382
1.77329
0.92450
0.39419
0.05486
0.09263
1.53994
1.60578
1.20149
0.01450
0.01387
0.19385
0.00799
1.51231
1.34380
2.58555
2.95100
2.01369
1.43870
0.01895
0.13805
1.18361
0.39687
1.79863
0.45361
0.81351
0.00936
3.01921
0.54861
1.60519
0.27819
1.77271
1.73926
0.64238
0.30185
1.82054
1.32928
2.40328
0.05033
2.79318
1.72672
2.18766
2.01821
2.09619
1.21702
0.81461
0.70677
0.20648
2.25528
0.25560
0.36496
1.66782
0.62058
0.11770
0.82338
0.04844
0.29775
2.60919
0.86823
2.23976
0.52009
1.95467
1.52264
1.05019
2.25444
0.38769
0.06545
0.54039
1.74399
0.08065
0.71081
1.19796
1.80403
2.41266
2.00650
2.06761
2.83444
0.00440
0.03761
0.63432
0.08773
2.01143
1.45211
0.95633
1.64947
2.61737
0.03599
0.22647
1.95473
0.27488
1.12022
2.06302
0.32650
0.21843
1.86235
1.24188
0.08166
0.34930
2.24329
3.45169
0.40573
1.52047
0.16400
0.00198
0.84167
2.71893
2.66475
1.10224
0.83915
0.12793
1.32515
1.97504
0.19051
2.44463
2.12880
0.21752
0.04784
1.02126
0.13406
0.40771
1.55116
0.23101
2.53636
2.79159
2.01103
1.09051
1.91917
0.02039
0.10818
2.16062
1.32671
2.03752
0.38537
2.64312
0.16174
0.07354
2.24053
1.46541
0.75784
1.83213
2.98101
1.15051
1.58417
0.01457
1.89854
1.79135
1.81170
0.13631
0.00103
0.14246
0.26966
0.41063
0.05200
0.99926
1.30837
0.08301
3.10218
2.64296
0.00059
1.84548
0.30700
0.02974
1.51751
0.79488
0.22356
2.90201
1.30266
0.30900
1.09401
0.44329
1.09285
1.78350
0.75749
0.30532
2.27522
1.52894
1.10644
0.20140
0.62369
0.44972
0.35964
2.23088
0.18461
1.43186
0.15329
0.01767
2.51184
0.65132
0.61633
1.83236
3.47359
0.28915
0.01056
1.80093
0.76225
1.26179
1.77628
0.82223
0.14675
0.03490
2.36797
3.27243
0.05425
0.03502
0.84071
0.59944
2.35793
2.12347
0.95540
2.83315
2.44819
0.16162
2.90553
1.32265
0.60188
0.07986
0.25883
0.06858
1.81321
0.01742
1.66756
1.06970
0.06703
2.97393
1.02080
0.35875
0.03803
0.00398
0.63425
1.20065
0.16621
3.09227
2.95342
0.02221
1.70676
1.88750
0.00819
2.38326
0.03293
2.05388
0.79742
1.41082
0.05003
1.25904
0.01535
0.90018
2.09803
0.42556
1.06136
0.03151
2.75442
1.41926
2.14742
3.46145
3.06263
2.35247
1.18952
0.24080
2.35771
2.46588
0.04376
0.39708
0.05059
0.00059
2.05211
0.52625
0.20379
0.22561
0.61996
0.14913
1.08407
0.14675
0.06174
1.27961
2.19432
3.28506
1.96266
0.52722
2.14485
0.02975
3.03339
0.06035
1.20217
0.45200
1.42232
0.01383
0.00442
0.25227
0.13522
0.04091
0.05701
1.80362
0.22409
1.45202
0.02033
3.03548
0.36284
2.61061
0.92832
1.60926
0.02143
2.42444
1.41018
0.87358
2.45987
0.05083
0.02338
0.95684
0.69589
1.99534
0.62501
1.56315
0.04240
0.07812
0.12205
1.83524
2.17020
0.41755
1.69016
0.90845
2.72580
2.65460
2.66919
0.14029
1.22898
0.00009
2.68638
1.03220
2.45085
1.30451
1.61629
0.03459
2.61250
2.37310
2.06282
0.07799
0.70765
2.21610
0.37558
2.46261
0.57167
1.57320
2.28548
2.27571
0.02287
1.50996
0.56778
0.57807
0.06288
1.13072
1.92176
0.90885
0.13174
2.07102
0.13824
3.10761
2.63278
3.10931
0.71021
1.67476
0.36059
0.01616
0.00886
0.43138
0.66497
0.18444
1.24781
1.11436
0.74525
2.19291
0.00497
0.83856
1.65530
3.06599
0.18377
1.46852
2.29716
0.05494
1.07553
2.09462
2.28396
0.14378
0.28771
2.54226
0.04544
1.34119
0.15426
2.77051
1.30447
2.21486
0.96154
0.97579
1.87612
2.02892
0.93039
0.01016
2.82566
0.67852
0.12252
2.72877
1.88903
1.27661
3.15114
0.63917
2.34101
3.12206
0.97293
3.14097
3.43901
0.56022
0.79748
2.64073
2.54805
0.09256
3.21449
0.17632
0.02755
0.02989
2.20229
0.18166
2.26934
3.20219
1.27336
0.07717
0.00245
0.13143
0.07981
0.48970
3.14257
0.15914
1.94950
0.00050
2.04223
1.27541
2.16837
1.46754
0.10476
0.45363
1.45346
0.39198
0.67580
2.38543
1.56107
1.49150
0.18778
1.70445
1.96055
0.20390
0.10615
2.31741
3.62313
0.62312
3.19175
1.57639
0.92512
0.76776
1.66249
0.67173
0.00298
0.01376
2.33172
2.82524
0.43984
0.06923
0.12387
1.57181
0.14091
2.21909
1.37645
3.49042
2.77520
0.10708
2.10986
0.36200
2.08405
1.27871
0.01820
0.21667
2.50180
0.00307
0.00349
2.19051
2.84166
0.84966
2.38526
1.55378
2.03374
0.07880
0.40715
2.66203
0.63389
2.74752
0.10582
0.44291
0.05915
0.04995
0.42490
1.96176
0.07477
0.01162
0.36777
2.31504
0.36567
2.48907
0.01932
0.39118
2.59903
2.44700
0.04341
1.67775
0.52629
0.00671
3.25653
0.24335
0.16999
0.83200
0.59481
0.12421
0.18340
1.53822
0.04137
0.04772
1.60831
0.17269
0.52980
0.49508
0.79845
0.27262
1.98951
1.53693
0.07658
3.20515
2.70256
0.55189
1.62122
1.21369
0.04964
2.39993
1.07791
0.62819
1.30800
2.22453
0.16642
1.42171
0.08274
3.12231
2.00050
0.09006
2.60003
2.59248
1.58593
0.00891
2.86228
0.73167
0.42636
2.83824
1.05147
1.10752
2.25911
1.13393
1.34753
0.09440
0.86051
1.12262
1.85494
2.36456
1.03053
0.04645
0.28354
3.07414
0.49165
2.97958
1.29290
1.59905
1.85745
0.02496
0.43829
1.89293
3.24905
0.91146
3.41369
1.94155
1.87466
0.01018
2.39182
1.33698
3.21911
2.09027
2.54085
0.04314
0.00160
0.11551
3.70075
0.46372
2.31096
3.03337
1.96098
0.62107
0.80404
1.30838
3.09332
2.45287
1.92117
1.61627
2.33191
1.70695
0.60790
0.03317
0.07013
0.98447
0.40298
0.06039
0.00293
1.32384
1.44970
0.84176
0.05612
0.13153
1.28384
0.31376
2.77841
1.16336
0.20788
0.92078
1.67458
0.70158
1.61029
0.02560
0.49750
1.46361
0.25127
1.99585
1.50312
0.01591
0.89160
0.28026
0.18072
1.11914
2.66500
2.85094
0.03736
1.64394
0.81462
0.04024
2.89553
0.01423
0.02515
0.94370
0.11005
0.04302
0.19072
1.97253
0.41330
0.00772
0.80722
0.29217
3.54372
0.01157
1.98154
1.23825
0.17140
1.80852
0.53102
0.49923
0.22319
0.58549
0.03701
2.34995
0.26926
0.69450
0.76357
1.76511
1.06940
0.09901
0.22250
2.69618
2.51663
2.23124
2.29145
0.39051
0.21771
1.89109
3.66625
1.68070
0.77537
1.46969
0.00906
0.37696
1.43757
1.87081
0.19160
1.14863
0.03104
1.17986
1.53500
0.02097
0.51327
0.37004
1.49962
0.27225
0.41674
0.18306
1.06898
2.15665
2.61951
2.25640
0.00603
0.77799
1.25211
1.43889
0.14687
2.17996
0.12527
0.69149
2.07341
2.43156
1.03223
2.31505
0.16176
0.14528
2.00875
2.63056
2.08533
0.67822
0.02853
1.53331
0.14126
2.56009
1.26513
1.33933
0.10636
2.40074
0.86647
1.13086
2.73598
0.90193
0.08983
1.39968
0.78057
2.59333
2.00463
1.73745
0.56220
1.19484
1.02445
0.02063
0.01652
2.78960
2.05791
1.28052
0.07220
2.74664
0.39704
2.82207
1.33236
1.80928
0.98886
1.40328
0.50281
2.34658
0.04872
3.54888
1.48915
2.49345
2.05680
3.50755
0.12090
1.17583
3.21253
2.44936
2.69999
1.14361
0.00173
2.13298
2.27737
2.33184
0.05063
0.10458
1.95822
1.85315
0.50696
2.96488
0.29050
3.27380
0.55915
0.24526
0.81606
0.46026
1.72815
0.00575
0.00224
0.84127
2.82229
2.36778
1.16288
0.87183
0.02585
0.80878
0.45724
0.04757
1.96847
0.05774
0.22952
2.97267
2.76539
0.87305
0.86540
2.34888
0.84013
1.89511
1.34603
2.11426
1.32913
1.18260
0.05076
1.38400
2.93614
1.25054
1.60103
1.70764
0.10148
3.30143
1.71611
0.82470
3.02809
0.61574
1.48504
0.04772
2.00260
1.55008
1.13970
0.63002
0.23585
0.21381
1.09360
1.42420
0.00702
0.01602
1.83777
2.50300
0.01214
1.64484
3.14881
0.24313
0.65087
0.02573
1.41304
0.04553
0.00751
0.01354
1.35247
0.04289
0.61940
2.34657
0.03162
0.00276
1.78736
0.42868
0.15062
1.68604
1.89018
0.80979
1.32672
2.39490
0.84636
0.33899
2.61247
1.53283
2.05494
0.80559
0.08650
0.00523
2.49234
0.26158
1.68307
2.13894
2.40924
0.14332
2.77114
1.79717
1.46490
0.88557
3.23834
0.67890
2.07955
1.65212
2.14599
2.19476
3.18494
1.02836
0.99499
0.91409
2.28323
2.10945
2.04548
2.73064
0.15758
2.44234
1.27068
0.06460
0.77766
1.99167
0.76714
0.02693
0.09916
2.66577
0.01446
2.55959
3.23771
0.76533
0.44769
2.27625
0.79039
0.21978
0.08341
0.01641
2.75080
1.52356
3.28922
0.11057
2.24647
0.06699
2.58761
0.00425
1.28937
2.95577
2.54215
0.02893
0.45218
1.69338
0.44921
1.11839
2.69412
2.89490
1.04707
1.31656
0.21630
1.16463
2.43500
1.19975
2.56281
2.76153
0.26762
2.07993
1.77692
0.48223
2.16888
0.73199
1.36449
0.57124
2.56172
0.09246
0.90321
1.65191
1.56661
0.78009
3.42259
2.48911
2.82139
0.40427
1.45581
0.57399
2.63090
0.18535
1.53744
0.26416
1.94477
1.86946
0.13083
0.37481
3.15098
0.03952
1.18136
0.05752
0.91168
0.09288
2.01326
0.17116
0.42223
1.13364
0.02691
0.42100
0.03345
1.39087
2.89602
1.90007
1.30470
1.53542
0.04112
1.09925
2.79378
2.48895
1.46267
0.18164
0.07006
1.88186
0.41200
2.27105
1.95808
0.01988
2.59760
2.12588
0.00118
1.73456
0.08128
1.30787
3.23681
0.19661
2.13991
0.76343
1.53843
1.83000
1.29687
1.53693
0.41681
0.88810
0.01965
0.60070
0.51483
0.38718
0.00858
0.29441
1.00321
0.21534
2.25372
2.79483
0.53176
2.61344
2.05280
2.99019
0.70661
0.44278
0.14695
0.31413
2.77015
0.08691
2.29537
0.29894
0.00268
1.06818
0.10299
1.37094
0.33503
0.16338
0.84892
0.16395
0.07854
0.03935
0.71235
3.59241
1.71405
3.12814
1.43989
2.60535
0.00000
0.21626
0.02523
0.03017
0.98781
0.06588
0.00000
1.05313
3.09244
0.32351
0.56085
0.20485
0.16927
3.34608
2.80804
0.05391
1.12510
0.67716
3.00073
0.00274
0.02266
2.73902
1.03416
0.06031
0.00107
3.36846
0.16977
0.88471
0.02419
0.60784
0.00537
0.00008
1.27304
2.50531
0.70591
0.04834
1.07120
1.26046
1.53951
1.49393
0.91401
2.09108
0.15297
0.35909
0.46005
0.03295
0.00838
0.74687
2.21537
0.01310
2.22450
2.90907
2.57514
0.92945
0.99113
2.75395
0.46730
0.04133
2.61777
0.18114
0.00737
0.13559
0.77895
0.01251
0.14492
0.37291
0.03200
0.00763
1.13271
2.18969
1.96095
0.00676
3.41049
1.53706
0.60147
0.38622
1.56027
0.34105
2.35439
2.22231
0.09941
1.44915
1.72368
0.49990
1.13334
1.11286
2.14768
1.78990
1.77411
0.10979
0.94049
0.03246
1.50129
0.35753
0.23350
0.55849
2.48063
0.68215
0.58734
0.03371
0.93818
0.02168
0.04975
0.93366
2.00100
0.18532
2.46596
3.09047
0.05295
1.71142
0.46580
0.12736
1.87901
1.25307
1.94614
0.33038
0.16561
0.85131
1.53955
1.34051
0.47418
0.02818
1.40772
1.08746
0.13013
0.78892
0.73035
2.60937
1.05296
2.79452
0.11467
0.47199
2.99543
1.19494
3.07869
2.22290
0.05587
0.23515
2.84986
0.92665
3.02306
0.51497
2.01687
2.82636
3.03164
0.51300
0.11605
1.45794
2.89242
2.23602
1.11833
0.05052
0.01308
0.14054
2.11865
0.97432
0.00417
2.58071
0.69679
0.06521
2.75634
2.69512
0.51175
0.10339
0.59962
1.70378
2.24662
2.92926
0.19925
2.10958
1.91282
0.86406
0.01954
0.20894
2.37321
0.40154
0.74475
1.75004
0.08660
2.30018
0.07209
2.57143
2.25723
2.86950
3.41695
1.14700
0.18966
0.78002
0.26320
0.77530
0.36330
2.71801
0.92083
0.07633
0.05101
0.31404
2.38549
0.42093
1.69782
1.47690
0.03900
1.04541
2.41976
0.62569
0.92786
1.09745
1.57219
2.64763
0.84755
3.31135
1.20587
2.38112
0.87934
0.59776
1.42932
2.58830
1.37440
0.13364
0.84552
1.91785
0.05960
2.36665
0.48047
2.98961
1.30401
0.99156
0.66630
1.31124
0.00011
0.00187
0.00324
0.15269
0.00431
1.23020
0.37584
0.06115
2.74408
0.08876
1.21377
1.54061
0.10275
0.04722
0.77354
2.84706
0.85396
1.79041
0.01346
0.00240
1.11628
0.26654
0.21052
0.00369
0.05940
2.87231
2.30857
0.50125
3.08655
1.73178
1.83497
1.13188
3.06839
0.00136
3.11815
1.67493
1.32749
0.16804
1.05912
0.62996
0.83269
2.66615
0.45199
0.00469
0.79135
0.69138
1.44494
0.93102
1.17829
1.89893
1.07994
0.39737
0.97156
1.19969
1.35935
0.08452
1.13000
2.81691
1.45620
0.35638
0.62137
0.16633
1.43403
2.17427
2.10166
2.29495
3.10559
0.14844
0.84039
1.19472
0.78734
0.52516
2.31186
1.13089
0.18406
0.93132
0.12951
0.14248
0.99534
0.02177
1.31655
1.32963
0.24519
0.17596
0.02512
2.53808
0.06209
0.05656
0.04319
0.16739
2.13001
1.59726
0.07626
1.08379
0.74616
3.52972
0.97509
2.73381
2.16467
0.13029
2.82227
3.35737
1.73791
2.14865
1.74434
1.31941
0.04065
1.53014
0.62852
2.08924
0.51835
2.36950
1.92950
1.66826
0.66602
0.60959
1.15600
1.46624
3.02164
0.36168
1.84299
1.86994
0.66509
0.50294
0.88647
0.21741
1.29487
2.34427
0.00681
1.19992
0.04053
0.22928
2.23429
2.41480
1.71473
0.34384
2.38324
1.54228
1.15228
0.29639
0.66041
0.48193
0.19079
0.01416
0.10782
2.23497
0.13542
2.80437
0.69922
0.64561
2.86976
0.00259
0.50506
0.13550
3.22015
2.24935
2.97417
0.21921
1.42498
0.03144
0.52878
1.71672
0.15481
0.12503
2.87963
0.19235
0.00577
0.00633
0.94886
2.75884
0.30238
1.56992
0.40654
1.40530
0.16107
1.72515
0.70386
1.47196
0.01984
2.65455
1.30479
2.23957
1.79424
1.16246
0.98408
2.26847
0.30129
0.26631
0.52429
2.81804
2.14125
2.29128
0.80163
1.08255
1.50839
2.39424
0.01852
2.07605
0.15343
1.39188
0.92034
0.06000
0.00525
0.22527
0.15180
1.80878
2.60567
1.70657
0.46348
0.59340
0.31357
1.61330
0.19802
0.00625
0.21338
1.06868
1.85222
1.83034
2.01637
2.06479
1.94344
0.02613
1.72365
1.12054
3.07083
2.46784
0.35772
0.06924
1.36984
0.11719
0.89412
1.64597
0.08314
0.01571
0.52491
2.26436
0.80241
2.49802
2.43095
0.22571
0.37569
0.45121
2.63458
1.48981
0.75905
0.24589
0.02191
2.00808
0.64644
0.03311
0.20103
2.56934
2.74945
1.20646
0.52683
0.02827
0.82653
0.57586
0.30773
2.63000
0.01619
0.26149
2.27605
3.33754
1.74947
2.73961
0.01062
0.66622
0.88965
0.00271
2.10937
2.96333
0.66711
2.46760
0.07357
1.22063
2.31227
1.32987
0.01100
2.27229
0.76758
2.72632
0.12639
1.27058
0.15760
2.38562
2.15847
0.04158
1.48139
0.22362
0.02123
0.19638
0.70252
0.10753
2.27067
0.27061
1.16070
0.11935
0.10545
0.50757
0.02723
2.15764
0.01693
2.30101
0.12266
1.43902
2.03307
2.26030
1.05773
0.32477
0.32965
1.09890
0.01681
2.19791
2.34576
0.92012
1.12105
1.16959
2.02960
0.20623
1.02398
2.98121
0.46968
0.11462
0.01373
3.15812
0.83310
0.83078
1.23774
0.00484
1.20484
0.18866
0.62192
0.44200
0.10080
2.24383
1.35018
2.82592
0.18034
1.26674
0.02447
0.37400
2.66213
1.46919
0.20050
0.55775
0.05627
0.19011
1.90644
0.21941
0.36047
0.78166
2.96266
0.80634
0.44841
1.44471
0.00514
1.11864
1.40041
2.99871
2.24104
3.38719
2.28672
1.31112
2.50054
0.90034
0.21503
0.01415
1.71565
2.30465
1.33130
2.12572
1.94437
2.60901
1.86669
2.82043
0.00764
0.30075
1.89543
0.05333
0.28723
2.13550
2.06883
0.16342
0.13474
0.01489
0.05805
2.11820
0.01797
0.12936
0.97530
2.38693
1.64039
2.51611
1.95116
0.02161
0.42007
2.28940
0.50562
2.00333
1.55448
1.97243
2.10349
0.01412
2.61422
0.88816
0.00000
1.65849
1.18542
1.71581
0.64952
1.88907
1.34516
1.28529
0.10451
1.68288
0.03016
1.50179
0.01009
2.70839
0.63256
2.53872
1.27565
0.09233
1.68618
0.08979
2.73948
0.72160
1.04435
1.14000
0.02254
0.60883
1.39511
0.03534
0.66015
1.26949
2.82040
1.54397
0.41560
0.00392
1.31476
0.06141
0.41715
1.07672
0.53818
2.21121
2.44410
3.41125
0.04235
0.16457
0.01224
0.18168
0.20628
0.58166
2.48928
2.78860
0.29104
0.21690
0.50058
0.15177
3.24250
0.31856
0.26360
0.41063
0.44321
1.02371
1.87414
0.01036
0.91700
0.33161
0.28077
0.53798
0.92278
0.79303
1.85141
2.78787
0.04104
0.10273
1.86514
0.15512
1.55005
0.03592
2.38174
2.12850
0.55050
1.50592
1.01820
0.49639
0.04012
1.19679
1.42324
1.84878
2.51137
2.46275
1.93860
0.32882
1.74764
0.05165
2.09529
0.76081
0.02366
0.72295
0.49801
0.14214
0.00520
1.48976
1.82939
2.53074
1.99331
0.07821
0.42484
1.96373
2.68924
0.33573
1.07950
2.07905
0.04177
1.48230
3.14210
2.77901
2.56364
1.16499
0.05315
0.91986
1.36447
2.71278
0.04952
1.65409
2.85617
0.63784
0.19471
0.00103
1.05371
0.29908
0.05395
1.97371
0.41470
0.60249
0.19416
1.00253
1.76203
0.49583
1.73927
0.64867
0.95077
0.32630
0.74522
0.93743
1.48264
1.43386
0.46506
1.25629
0.80104
1.11371
0.70961
2.41988
2.34251
0.21978
1.12388
3.26023
1.76877
1.26801
0.29765
0.45866
0.48874
0.09120
1.66424
0.01522
2.02745
0.03060
3.57529
2.54095
1.90373
0.04442
2.07103
0.76635
0.94686
0.48523
2.47583
0.00584
0.26145
2.87497
0.62575
1.24958
0.29013
2.20417
0.77048
0.03069
2.22661
1.37123
0.83323
1.91931
3.35975
0.13253
0.09687
2.08081
2.46171
1.36943
0.73391
1.99012
0.00472
0.24722
1.60326
3.17229
2.93698
1.78104
1.16964
1.21614
1.34744
0.74240
0.52345
2.68987
0.01352
0.04859
0.92641
2.94962
2.02369
1.75381
0.00308
2.63668
1.26629
1.50229
1.16334
0.92392
2.29336
3.33267
0.03505
0.09676
0.03224
2.12275
0.00150
2.43381
0.81543
1.21664
0.39669
1.81726
0.41447
0.65173
0.27678
0.63680
1.63792
1.24328
2.53225
0.74718
3.30147
1.13313
0.66862
0.68872
0.67818
0.02045
0.06176
0.57742
0.80406
0.02918
1.24835
0.63783
0.37819
1.16739
0.05104
0.97993
0.00041
0.10980
0.41507
1.62312
0.35900
0.55007
2.24735
1.17877
1.51920
2.11203
2.04975
0.45588
0.06243
0.03735
2.07173
0.70994
2.80560
0.17185
0.00570
0.58174
0.77576
2.06279
1.40247
1.77197
0.18924
3.10829
0.00317
0.00691
2.84132
2.65576
0.76580
0.68124
1.16016
0.91029
0.90386
0.83036
2.76396
0.24557
1.82636
1.19119
0.82409
1.53673
0.48715
0.13023
1.56715
0.12585
1.57915
3.03468
0.56881
1.28267
1.07626
0.94095
0.64064
0.00233
0.75598
2.65331
1.98791
0.93959
2.61245
1.61287
3.73939
1.71233
0.00922
1.73544
0.44171
1.06028
0.58305
3.36076
2.61242
2.38197
0.54121
2.05866
1.27870
3.89199
2.67654
2.75025
0.46383
0.18806
0.01046
2.28602
0.44550
0.44704
1.21840
3.91565
2.15259
2.94375
0.67415
2.44195
0.04684
1.39440
1.94189
0.00018
2.40238
1.04963
2.57146
2.89099
0.96473
2.30214
2.32042
0.03936
1.94027
2.25905
0.22139
0.02234
0.00261
1.11020
0.00676
0.17209
0.18023
2.07801
1.36071
0.65004
3.23816
0.35624
0.28614
2.64939
0.10714
0.26664
2.74666
0.56021
0.64015
2.08922
1.68090
2.82119
0.04581
0.24311
1.14123
1.90660
0.00072
1.89710
1.13485
0.40551
0.52898
2.20678
1.65145
0.07400
1.72519
2.18568
1.88291
0.07547
0.24004
0.00205
2.87272
0.02709
0.02868
1.41220
1.65819
2.62681
1.72607
0.00375
0.22836
0.00216
1.36563
1.65338
2.30935
0.09187
0.01456
0.80798
0.51049
0.00223
0.17131
0.70184
0.38904
0.63929
1.60140
1.00724
1.84056
3.57452
0.33614
0.03792
0.28472
0.84586
0.43325
0.24837
1.57532
1.82281
0.16009
0.61118
1.81515
0.70247
1.42171
3.06303
1.54524
1.57272
1.10117
1.19594
0.33923
2.15384
0.12999
0.28491
3.28117
0.90548
0.09875
2.10330
1.39589
0.94645
0.00057
0.06260
0.97338
0.93409
2.69136
1.75207
0.00969
2.82248
1.70615
2.34189
0.65186
0.43181
1.40917
1.94273
0.15464
1.10724
0.16834
0.04767
0.42350
0.71836
1.60769
0.25701
0.54442
0.00224
0.03080
2.06593
2.09791
0.32946
2.47620
0.24489
3.52886
0.94848
0.56379
0.84335
0.00001
2.92548
0.08389
0.89801
1.18927
1.53666
0.34595
0.25650
0.83623
1.57241
2.74764
3.41441
2.25519
0.92083
0.51841
0.27502
0.18446
0.74397
1.77686
1.84405
1.28108
1.45624
1.57298
0.31803
0.15063
1.92717
0.89037
0.03288
0.94838
2.14219
1.04042
2.10281
0.15565
2.08440
0.74067
1.27407
0.27887
2.47588
0.11263
2.80551
2.91017
0.12738
0.91199
2.09522
0.39614
0.32248
0.15153
0.52518
0.04308
0.36703
0.53797
0.92573
1.56954
0.90571
2.63310
0.65332
0.78957
0.10240
1.57730
1.59606
1.65644
3.48823
0.00060
1.42813
0.04381
2.25578
2.42883
0.05219
3.26398
2.01140
3.05696
0.00308
0.79977
2.07446
0.00420
2.33127
2.13427
0.44627
2.07066
2.94147
0.00520
0.03335
0.10382
1.00716
1.72554
2.22883
2.73932
1.04536
0.37954
2.92983
3.56495
0.11667
2.89950
3.07471
2.77650
2.58142
0.46597
1.00973
2.75107
2.08397
0.00028
0.00014
0.39877
0.22679
2.73039
0.28983
0.39124
0.98597
0.50057
0.03570
2.16768
1.40876
0.89611
1.39182
3.38340
0.09115
0.10447
0.15502
0.00508
1.82095
2.04762
0.00008
0.00393
1.45048
0.26844
1.98663
1.79662
3.22114
0.03653
1.84591
0.75440
0.98404
0.74916
0.20537
0.74121
0.64763
0.00747
1.97760
1.27788
2.57023
0.13340
0.00675
0.82568
1.14988
0.12339
1.51803
0.68472
0.33029
1.68273
3.25638
0.01760
1.82038
1.34413
3.16177
0.77461
1.05605
2.46023
0.45892
0.34166
2.05220
0.85731
0.16297
0.60657
2.54228
3.44545
0.06578
1.77978
2.53736
1.66096
0.47944
1.09609
1.93394
0.01154
2.70571
0.95251
2.45064
1.07195
0.91490
0.70374
0.44968
0.00000
3.32620
0.12691
1.54722
0.47443
0.03546
2.53469
3.03645
2.20937
1.07344
0.65675
0.34437
2.01275
1.32246
1.13122
0.49939
1.77812
0.35973
0.66874
3.07055
1.13196
2.18389
1.71696
2.93573
0.73058
0.02470
2.22144
0.55711
1.94160
2.09926
3.18889
0.27451
0.45830
2.00152
0.24079
0.97026
1.48302
0.64270
0.02395
0.37930
0.01570
0.15896
0.10025
0.20525
0.74899
0.01628
0.50298
2.94814
1.09246
0.82485
3.30452
2.73847
0.07713
0.86318
0.02791
0.10390
0.92268
2.62954
1.19369
1.97183
3.29714
0.27342
1.29084
1.11477
0.02762
0.58901
0.32903
0.07719
2.88301
0.05466
1.01481
1.80958
0.22981
0.18068
2.28263
0.68845
1.93666
1.13529
0.19569
0.46439
0.64735
3.19950
0.14195
0.03206
0.71999
0.04742
3.35512
0.78953
1.05258
1.87483
0.11040
0.00291
2.17203
0.07110
2.52664
1.70805
0.57200
0.15202
0.97383
2.52139
1.83035
0.14599
0.94937
0.24820
0.78838
0.05312
0.26983
1.18752
1.30203
0.10095
0.64029
0.85061
1.44711
1.27800
0.01967
0.52487
0.10711
0.56129
0.78086
0.18047
2.58375
1.32834
0.00036
0.91772
1.15098
0.27193
2.55525
0.54959
0.00678
0.93600
1.89772
2.30470
1.15606
1.11874
1.06453
0.64024
0.83613
1.75757
2.27871
2.45989
2.67833
0.04966
1.98941
0.00036
0.63534
0.46913
1.26588
0.05397
0.04087
1.82226
1.77372
0.21229
0.78763
2.34598
0.37373
2.68337
1.80974
2.50989
0.66906
0.03773
0.06334
2.34504
0.76788
0.73996
0.03080
0.63039
0.10690
0.67428
1.02611
0.02433
2.29785
2.19231
1.37829
0.07327
0.76885
1.23152
2.95520
0.50316
0.91552
0.12116
1.45738
0.67817
1.33235
1.93979
0.28203
0.00003
3.48467
0.86174
2.77577
3.18407
0.11404
1.13226
0.77416
0.00110
0.17700
2.65201
1.41789
2.70091
0.00555
2.59054
0.11081
1.69123
2.63053
0.00062
0.29120
1.29479
0.37741
1.19837
1.96853
1.90251
0.60922
0.13358
2.68053
2.01418
1.15444
0.02082
3.23443
3.36394
2.83840
0.00395
0.04856
1.21737
2.59810
0.76583
1.74742
1.01152
2.32418
1.25948
0.79976
2.54412
1.72007
1.58041
1.89831
2.75536
0.44090
2.05976
1.12834
1.70292
1.11610
0.01020
1.73551
2.35769
2.84883
1.13422
2.63338
2.85352
0.10238
2.36297
0.27860
3.24722
0.09070
0.03819
0.44585
1.50934
0.80397
3.29235
0.05572
0.33625
1.18604
2.42342
1.50952
3.28614
0.64156
0.20521
2.58010
0.81066
0.18807
2.33554
3.20770
1.01490
0.45666
1.88224
0.03238
0.41609
0.82374
0.05926
1.75322
0.54250
0.53165
3.12670
1.17646
2.81839
0.33603
3.09957
3.30405
0.04106
2.73341
0.53912
1.46854
0.99247
0.48774
2.28692
1.00408
0.46675
1.08487
1.96508
0.08398
0.85660
3.07734
2.91397
0.03456
0.00172
0.45901
3.59926
1.01801
2.39774
1.35762
0.34755
0.23636
1.09554
0.68890
1.97876
3.24842
3.07382
1.22807
0.96102
0.58942
0.12501
1.32541
0.87868
0.72119
0.04385
0.11301
1.01210
1.14530
3.65446
1.29928
0.78195
1.92453
0.53686
0.59441
0.13073
0.41917
0.28200
0.31949
1.04211
0.05431
1.18056
0.61612
0.04891
2.66209
0.04056
0.01851
2.70224
1.18395
2.24057
0.81936
1.64901
3.59505
1.98091
0.01214
0.70698
2.95558
1.09031
2.79354
0.39522
1.70937
0.16333
0.26646
0.71456
0.17346
0.26098
0.35628
0.00050
0.06588
0.31391
0.00211
2.69892
0.08365
0.15496
0.04909
0.05367
1.35680
0.01581
0.64237
1.27677
0.10199
0.03003
0.04433
0.36562
0.83354
2.63271
2.96491
2.35453
2.33210
2.43595
0.02096
0.17628
2.87387
2.78500
0.00018
0.12100
0.08931
1.22566
0.05092
1.60393
2.05005
0.95101
1.50020
0.06301
0.34147
0.81490
0.15487
2.94480
1.38151
1.41523
0.52340
1.10180
2.57945
0.64851
1.40317
0.21342
1.43889
0.35477
2.79969
1.29782
0.59259
1.58323
0.69974
1.37303
0.11020
0.02831
0.10460
3.14333
2.46423
1.72678
0.17683
0.06112
0.11243
2.42774
0.09761
0.49181
0.04689
0.15933
2.46569
2.50622
0.52845
0.31739
2.96207
2.61744
0.02846
0.81200
0.56426
0.35866
0.01181
0.48724
0.69134
0.06485
2.47918
1.83632
3.42360
0.72296
0.72634
0.03619
2.90528
2.30852
0.91440
0.18279
0.01988
1.48330
1.46328
0.79476
1.20046
0.00001
1.07253
0.37081
2.97139
0.50180
0.83205
2.69980
0.70418
0.74823
2.45122
2.93065
1.28591
0.60553
0.22454
1.10598
2.06258
1.46364
0.01073
0.13536
0.24112
0.01238
0.01012
0.01958
0.90821
2.97224
0.02904
1.76517
0.54980
0.00672
3.19080
1.13809
1.89499
0.36300
0.38783
1.02563
0.05731
0.07090
1.11088
1.60290
0.36349
0.02242
2.73984
0.09654
0.93720
0.40710
1.57563
0.00308
0.56123
0.71187
0.04493
1.02246
0.82023
0.13173
2.37142
1.74954
0.82189
2.67732
1.43309
2.81978
0.70267
0.11187
1.35810
0.61079
0.10135
0.36184
0.61457
0.09965
0.30374
2.64947
0.13524
1.12543
0.10180
2.08881
0.82475
0.55587
0.77183
2.13085
0.13058
2.56978
1.15423
0.16936
2.31153
3.42542
3.42666
0.09091
0.00292
0.89018
0.27750
0.01299
0.26397
1.73351
2.57415
1.55793
0.77149
1.45566
2.55161
2.32922
0.73509
1.16875
1.36329
1.81490
2.81891
1.41927
0.62657
0.57062
0.30349
0.09655
0.23522
1.10426
0.13592
0.03188
1.98828
1.26680
0.16907
0.88950
0.96273
0.03565
0.13533
1.17237
2.83517
1.96790
0.04081
0.05330
2.15261
0.20796
2.23888
0.01164
0.09880
0.14259
1.78547
0.01235
2.80765
0.10568
1.79879
1.74642
3.07634
0.80832
1.77534
2.98365
0.63017
0.91587
0.00046
0.99951
0.56902
1.04431
2.83144
0.65132
1.13190
0.01417
3.06409
1.50027
0.03520
2.89603
1.18139
0.33155
2.44331
2.00205
0.18290
2.43100
3.27167
0.31860
2.37635
0.04662
2.16358
0.68888
1.94810
0.51834
0.10626
1.11042
0.55399
2.17205
0.04986
0.07417
0.12366
0.18085
0.03869
0.42200
2.27307
0.54154
0.54565
0.80551
0.53946
0.08017
0.36926
0.69064
0.54223
0.73861
2.85783
2.67355
1.96562
0.00077
1.15314
0.65223
0.21595
1.61610
0.93003
0.27070
0.44595
0.28764
1.18082
0.22291
0.71038
0.00177
0.06552
2.75461
1.60584
0.00837
0.05341
1.68150
0.18572
1.31704
0.68783
2.88023
0.27026
1.55092
0.17636
0.06225
1.89144
0.13548
2.43845
1.44290
2.29325
0.57915
0.85190
2.41857
3.12250
1.28858
1.14037
2.70119
1.43600
3.26214
2.54349
2.44397
0.17119
0.83746
0.41093
2.75763
2.41140
0.06562
1.67954
0.83945
0.03582
2.94256
0.41693
2.21442
0.97635
1.12323
0.00224
2.08077
2.21895
2.40255
0.68579
0.15878
0.02203
1.81129
1.36605
0.11950
0.33613
2.56836
0.01153
1.17560
2.75531
0.43308
1.50945
0.51742
0.37788
0.62263
2.39954
1.80980
0.98448
0.26025
2.04849
0.66465
2.18056
0.86285
3.05414
1.43584
3.06394
1.54678
1.36914
0.49378
0.00001
1.14716
0.29561
1.18143
2.29071
0.80706
3.19202
0.81864
0.06586
0.42285
1.40763
0.12084
2.86823
0.74085
0.23275
0.43913
3.23541
0.02003
0.86608
2.57824
1.70090
0.16620
0.14154
0.04143
0.24003
1.67878
1.55942
0.95411
1.39493
1.69341
3.00337
0.01632
0.85554
2.23125
2.86161
0.15551
2.44849
0.14019
0.01368
0.08907
1.68938
0.24752
2.54652
3.56664
2.50152
0.28705
1.45644
2.28700
0.88284
1.90030
0.38511
1.99526
2.04247
2.96660
1.38731
0.00230
0.02944
0.09117
0.34544
0.06157
0.94224
0.51950
0.01961
2.42907
0.64987
2.73525
0.04136
0.17919
0.03662
0.53112
0.55365
2.39030
0.03749
2.94673
0.22915
0.05379
0.00562
0.44020
0.92128
0.12085
0.02056
0.01505
0.00362
0.04267
0.08673
0.10218
2.31784
0.12697
0.81385
0.87096
1.46385
0.08213
1.21577
2.92998
1.01121
0.79946
2.08846
2.28138
0.65600
3.83186
2.35826
1.94253
1.75408
2.35461
0.00305
2.03732
0.68032
2.40820
0.89252
2.62110
0.31796
0.24611
0.05001
0.01951
1.96612
0.86488
0.21706
1.45590
2.56080
0.11769
3.10819
2.79491
0.92539
0.87655
0.53665
0.47195
0.32893
0.04167
3.10592
1.59495
0.97548
2.19316
3.36216
0.61988
0.09271
0.00138
2.52721
2.88994
2.89649
1.31522
1.12821
3.41303
1.79177
1.37639
3.14475
0.44928
0.81158
1.16128
0.89373
0.14509
0.01337
0.17348
0.06577
0.02314
1.72405
1.30902
0.83899
2.33536
0.93240
0.96205
0.84955
3.16938
1.10885
0.72334
1.23961
1.15784
1.08717
2.95187
0.01920
1.36447
1.50166
0.15789
0.55575
2.59013
2.10896
1.43659
0.23142
1.20947
0.01201
0.34593
2.28626
3.28420
0.79001
0.27720
2.53302
1.81538
1.24380
1.68692
0.04130
3.06184
0.21266
0.42477
1.96026
0.00077
0.52504
1.80769
2.45074
0.15501
1.29802
2.82175
1.06847
0.10120
0.14726
2.70147
0.52289
1.85454
0.26407
0.03672
0.77474
1.34557
2.62104
0.44164
0.01203
0.68716
2.31389
2.86988
2.07297
0.02866
0.40173
0.97277
0.02786
0.10433
2.43618
1.28897
3.01665
2.46553
0.90831
0.24885
1.41977
2.94916
0.77094
0.13201
2.89495
0.05912
2.33618
2.42414
0.03516
0.00117
2.25496
1.24570
0.00118
0.17018
0.07009
0.39768
2.32079
1.27139
1.04894
0.17962
0.00345
0.29178
1.98113
3.32045
2.42654
1.86133
0.00094
2.13130
2.58284
0.39145
1.90525
1.99675
2.44142
3.24591
0.00936
0.96340
2.36484
0.89686
0.06091
3.18025
2.05919
2.42051
2.80882
0.18649
0.85362
2.77421
0.29070
1.85956
0.46606
1.85307
1.27843
0.58192
2.05506
0.32081
0.21788
2.81991
0.02334
0.21582
0.15941
0.05528
0.64096
0.80114
0.67794
1.50627
2.96159
0.09882
0.03051
1.44058
0.02885
1.35548
1.69130
0.93391
2.68227
1.09599
3.12596
0.25036
0.53201
2.01988
0.60010
0.51349
0.56209
0.07946
3.00360
2.19347
0.06107
0.06435
3.34457
0.25610
1.29986
0.99830
1.66058
0.11602
0.56462
0.49171
0.10208
1.61999
0.47225
0.31330
0.09441
1.79243
0.92622
2.30131
0.44504
1.78172
1.26294
2.54696
1.26316
1.32984
0.36204
0.03628
2.18662
2.73443
0.24731
2.34744
1.05874
0.57635
0.08213
1.26765
0.22660
2.59470
1.05347
2.84400
2.98916
0.73353
1.69581
0.27867
0.71529
1.51288
2.23719
3.28939
2.25520
2.33920
0.12188
0.00269
2.55810
2.27268
2.22057
0.49946
0.21700
2.04311
1.50156
0.91210
0.86554
1.58917
1.77591
1.45275
0.12949
2.89167
2.49028
1.07858
0.55412
0.21293
2.46336
0.22989
0.19341
2.68509
1.93375
2.10970
1.81389
0.22234
1.39761
2.79431
0.05040
2.85194
2.54641
0.93082
0.29568
2.69811
0.12879
0.62695
0.52539
0.96265
0.01814
0.17894
1.03707
2.30024
2.31028
0.13015
0.04114
2.12275
0.22423
0.00454
1.91404
0.00162
0.80394
1.03913
1.94837
0.01495
0.08872
0.14153
0.28970
0.40033
2.66037
2.34131
2.28804
1.40952
1.61001
1.08238
2.44069
0.92133
0.87278
0.47291
0.55988
2.75978
2.60390
0.02244
3.32630
0.12056
1.70441
1.95949
0.02917
3.80143
2.95512
0.08286
0.08571
0.29730
2.78847
0.62690
0.51705
0.04155
1.21676
0.71670
2.43273
0.61876
0.01252
2.57799
1.52889
1.30740
1.34062
0.46759
2.01617
0.00672
1.78543
0.33360
2.20867
0.00568
0.36906
1.83293
0.60155
0.01791
1.80236
0.60095
1.88051
1.76404
0.07440
0.23789
1.55481
0.57088
2.97485
0.02553
1.51872
2.48509
0.94897
0.92536
0.17098
1.12499
0.90740
0.00335
2.00985
0.40643
0.14744
0.88516
0.00825
0.82782
2.39345
2.82247
0.02146
0.64890
0.07160
0.04543
0.00212
0.03341
2.72971
0.02242
3.04811
0.93633
2.59809
1.91551
0.31193
0.55279
0.12770
1.87107
0.26439
1.68978
0.50045
0.55592
0.77794
1.34838
3.51558
1.43408
1.14275
0.02189
3.03892
0.05387
2.98420
1.45188
0.72627
1.99826
2.29585
2.23653
0.13308
1.47997
0.01973
2.94028
1.67793
1.59045
1.06910
2.31215
0.75545
0.40203
1.32927
1.92662
0.08988
3.29290
2.86817
1.89848
0.55384
0.01768
0.88126
1.09964
2.20213
0.28861
0.63479
0.18649
0.08405
1.16765
0.19720
1.04421
0.02025
0.21024
1.96507
0.15957
1.75387
0.00957
0.00963
0.06435
0.15609
0.09003
0.08278
1.32034
2.63629
2.29401
0.60734
2.24841
2.46584
2.64914
0.78084
0.00946
2.56898
0.01740
3.32583
1.58243
2.97344
1.02018
2.19998
0.41774
0.69814
0.37339
2.31581
0.14897
0.86974
3.10133
0.32924
2.60831
1.24066
0.37482
3.23526
1.51265
0.94475
0.74699
3.09243
0.02419
2.46820
0.95239
1.52955
1.36162
2.92136
2.32555
0.24023
0.48643
0.43265
2.20154
0.30554
0.36888
0.41411
1.56775
0.05792
1.70624
0.50267
0.67165
3.49908
1.12259
2.35686
1.73949
0.06472
0.77012
2.59323
0.51569
0.19042
0.00011
1.03703
1.57691
1.68795
0.71295
3.28826
0.59491
0.64542
0.24394
2.27084
0.43326
0.00905
1.37697
0.27865
0.96370
0.55402
0.05882
1.64791
0.02831
0.92672
0.52423
2.77293
0.20594
0.87286
2.21809
0.16581
0.03300
0.72808
2.69714
2.11928
0.18883
0.37791
2.38286
1.10261
0.91099
0.59261
0.51561
3.12031
2.18731
1.91980
1.90266
1.60823
2.38649
2.90176
1.73327
2.97654
2.85783
3.12034
0.02713
1.34249
0.01552
1.20238
0.00422
2.33615
1.28397
1.10147
1.98060
2.11112
2.84841
2.17163
0.23620
0.80997
0.10196
0.17202
2.16845
2.16314
1.58721
2.66332
1.14403
1.41554
0.62519
0.00008
1.71699
0.29690
0.14311
3.21632
0.51541
1.15700
0.06612
0.32459
0.00758
2.22782
0.38553
3.16450
0.44117
0.06223
0.36985
0.61149
2.62917
2.92096
3.06987
2.34323
1.70716
0.32278
0.10222
2.66121
0.70326
0.06281
2.90779
0.26410
0.67423
1.25082
3.39781
0.03256
2.28687
2.20426
1.63191
0.80980
0.02493
0.03987
1.78597
0.17902
1.68165
0.04757
0.03221
3.18873
0.62085
0.41727
2.38237
2.09413
1.23364
2.31596
1.06465
0.28435
0.34154
1.15441
0.43958
2.32020
0.27153
2.88281
1.25003
2.11443
0.13048
1.77707
1.93440
0.53109
2.84131
2.03164
0.38933
2.21360
2.77025
3.07336
0.25552
1.16827
0.00867
1.15584
0.03100
2.90311
0.01754
2.20520
0.02518
2.71827
0.02403
0.60678
1.36989
1.29353
0.20197
0.51029
1.40983
0.18488
0.00931
3.66648
3.39326
1.70566
0.91226
1.38201
0.47979
3.29384
0.45257
1.97581
0.00227
2.19746
2.42601
0.19223
0.00317
0.64751
0.01715
1.88857
2.74198
0.96000
1.67788
2.62840
0.19443
0.67678
1.16586
0.42452
0.93609
0.85695
1.87777
0.02242
2.54710
2.44206
0.01020
0.26636
1.24838
1.09714
1.92296
0.31378
2.47095
1.04249
0.00003
0.01368
3.05609
0.19165
0.99645
2.05188
3.35496
2.96465
2.79427
1.76247
2.61033
2.50121
0.07918
0.99807
1.54963
0.62885
0.30071
1.47809
1.48549
0.12892
1.72096
2.79926
0.19677
2.31963
1.48727
1.00812
3.23250
2.33150
0.21428
2.60753
3.55147
0.06441
2.41599
0.65834
0.73868
0.03030
1.05786
1.60516
1.11552
2.33515
2.00843
0.65960
0.00145
0.01472
1.68916
0.06474
0.17656
2.31151
2.57786
0.57510
1.08095
0.05517
0.92329
3.12922
1.97202
0.96484
1.81775
2.55350
2.72039
1.66490
0.12139
2.13910
0.42879
0.16557
1.96658
0.20157
0.16974
0.48027
0.33861
0.20567
0.98346
2.93293
0.76105
0.15073
1.70278
2.30261
0.60296
1.45560
2.53839
0.02428
1.65183
0.00117
0.99523
1.13971
1.21339
0.64536
1.12569
0.11671
0.25596
0.20830
0.71413
0.64122
0.96262
3.38544
0.84770
1.10462
0.54986
1.08770
1.59574
0.44863
1.85646
0.11059
0.16957
0.92771
2.03750
2.34146
3.12140
0.02304
0.76971
2.48466
1.00039
2.66128
2.97648
0.66832
3.14152
2.63233
2.62567
2.43761
1.06219
0.97538
0.78378
0.06756
0.84512
0.00057
0.88885
2.84447
2.71809
0.19146
0.02228
2.06365
0.66554
1.39989
2.66310
1.21167
2.55039
2.01366
2.38641
1.41988
2.99094
2.93248
0.30613
1.44215
0.01062
1.45291
2.62217
1.60979
0.27690
0.03775
0.77061
0.44337
0.03235
0.89550
0.05597
0.07677
2.32679
2.20745
0.14784
0.00089
0.03672
0.00135
0.35263
0.08090
0.70736
0.56754
3.20865
0.53031
0.89471
0.66295
0.03389
3.32169
2.66776
1.31761
0.07565
2.20191
2.14382
0.06299
1.09189
0.06534
3.14958
0.84279
1.51593
1.93280
0.01843
3.06346
0.44824
0.08102
1.10378
0.03392
0.00693
2.13399
0.17875
1.19903
2.24897
0.18291
0.89970
1.51396
1.89516
0.33438
0.36247
0.25210
2.01446
1.78950
2.88260
1.25389
2.32177
1.72412
0.00654
0.26190
2.82864
2.02594
1.86091
2.54450
2.28006
3.14141
0.04784
2.03429
0.15957
0.32758
0.03928
0.05586
0.14583
1.60538
0.71335
1.65190
2.42476
0.01387
1.83932
3.36773
0.50354
0.79570
1.40817
0.02887
1.11622
1.05727
1.59449
0.00223
2.14648
2.58161
0.14793
3.20076
0.05543
0.10505
0.03813
0.75044
1.19624
2.92549
0.37676
1.83681
0.29859
2.17964
1.67438
1.52403
0.03001
0.08385
1.03486
0.85879
2.42358
0.03966
2.43235
0.89837
0.00003
0.59599
3.22862
0.14690
1.69562
2.83112
1.40990
0.14555
2.06441
1.07606
2.93525
1.33887
0.67408
0.15573
1.90524
2.86829
2.24691
1.18672
3.14839
0.16202
0.15502
1.06912
2.63668
1.63076
0.09026
1.17423
2.41786
2.79737
1.61850
2.62734
1.32890
1.98747
1.70594
0.14753
0.37961
0.05821
3.62751
1.62325
0.00013
3.15861
1.45629
1.71881
0.09643
0.53791
1.09800
0.68840
0.07181
0.14059
0.00086
2.76856
0.13463
2.48942
0.17398
1.76562
1.87783
0.11842
1.45585
1.74387
1.21326
0.24188
0.43417
2.72514
0.02356
0.01018
2.18786
2.04007
1.58436
0.28309
0.03848
0.88101
2.50067
0.57061
2.80579
2.66061
0.23194
0.05951
0.06128
2.77946
2.59788
2.15673
1.16543
0.18807
3.24524
0.03203
1.09203
2.35517
2.07625
0.03013
2.68879
0.27508
0.24714
1.84636
0.66944
1.78368
1.39124
1.48210
2.28013
2.21048
2.61426
0.53956
2.47839
0.67753
2.02693
0.57528
0.85668
0.05670
0.02297
3.27164
2.24766
0.70830
3.21754
0.01342
2.06282
2.24115
2.61075
0.54604
2.79823
0.01380
2.68278
0.15864
0.55169
0.39432
0.12484
0.09861
0.68182
0.89846
0.42805
0.14088
0.14562
0.07228
3.18331
0.01864
2.23145
3.44429
2.74386
0.60765
0.70319
2.48732
0.40662
1.82456
0.57376
1.02864
2.52476
3.04375
0.86282
0.69820
0.47391
1.23156
2.34420
2.87216
1.82113
0.48677
0.66433
0.93876
3.65346
2.72517
0.24310
2.60432
0.58037
2.77118
0.66607
0.20425
1.19569
1.09619
2.00039
0.96221
2.85552
1.99732
2.43956
0.72306
1.92344
0.06222
0.22036
0.43283
0.01031
0.06295
1.26931
2.86801
0.02896
1.97576
0.92514
0.00632
2.51531
0.03386
0.44483
0.91255
0.00136
0.64266
1.83622
0.32363
2.49967
0.23489
2.59705
0.07217
0.81015
1.77125
0.01871
2.44866
0.22017
0.17082
0.70147
0.56522
1.69781
1.55386
0.18276
2.93384
0.52138
1.73940
0.82146
0.77357
2.66824
0.96581
1.33416
0.16012
0.34723
1.84366
0.01616
3.11604
1.09578
0.05847
0.45777
3.38430
0.00535
0.94888
0.23777
0.18839
1.28108
1.13301
0.35341
0.45088
1.36099
1.18679
1.32969
0.21774
0.48363
2.21071
1.58770
0.38699
0.55463
0.53822
0.31314
0.01512
0.65621
0.02381
2.37152
0.00053
2.05163
0.78820
2.66145
1.09234
0.00185
1.43104
0.26645
2.54401
0.09019
2.25058
0.03664
2.16298
2.75607
1.14508
1.28043
1.82776
2.77853
0.14987
0.16600
0.30278
3.42637
2.06915
1.00221
3.13535
0.77644
0.04952
1.60870
1.72947
0.19371
2.02242
0.00003
0.08497
0.18749
1.51351
2.15561
1.19899
0.68923
0.96766
2.49203
1.57221
0.13059
0.00125
0.00846
0.03362
0.41695
0.16088
2.77895
0.27755
2.09102
0.43966
2.17180
1.31619
1.39372
0.33614
1.50815
2.85566
0.01970
0.54712
0.60292
0.04818
0.00460
0.09159
0.05099
0.77959
2.06529
1.04888
0.71450
2.80738
2.34588
0.74489
0.27067
2.49525
0.00379
0.04066
3.50529
2.06575
0.68424
1.09916
0.10710
0.00000
0.10425
1.82307
0.18094
2.45436
0.90879
0.12487
0.94720
0.45687
3.47523
3.19143
3.04889
1.92621
0.88566
2.38055
2.96860
3.48494
0.00220
2.15593
0.00300
0.06183
1.90890
0.04553
1.23128
0.29957
0.34892
0.91491
0.09079
1.36662
0.51484
0.08046
1.17759
0.65821
0.06488
2.00841
1.66262
0.98295
0.01925
0.01988
0.43822
1.18505
0.00481
0.95088
1.64185
2.85902
0.88932
2.54085
0.38054
1.78209
1.34044
0.54455
2.35899
0.82594
0.21104
2.98111
0.05117
0.43864
0.03639
0.68715
1.49059
0.08433
0.83731
0.61289
1.61966
1.71239
0.42117
0.28801
1.47741
0.06174
0.01389
0.55333
1.85844
0.26906
2.74515
0.00895
1.06661
2.17288
0.51139
0.02375
2.01131
0.01267
1.23108
0.79118
1.07825
0.03935
1.82653
0.82008
2.24240
1.76126
1.00196
0.95224
3.00783
0.07497
2.08402
0.95359
0.40492
2.10291
0.01415
1.53840
0.00004
1.91300
2.44575
0.99925
0.62141
0.55063
1.18086
0.14242
0.08180
0.11417
1.61125
0.13835
0.05798
0.01391
0.07221
0.28626
1.12069
0.05296
1.65748
1.35973
0.02701
0.01434
0.69499
0.56435
0.79894
3.04928
0.11954
0.05111
0.78589
0.05612
0.07103
0.01408
0.62593
2.64748
1.92784
0.26857
2.56440
1.49068
2.79132
1.73318
0.00040
0.20057
1.71799
0.10176
0.09587
1.93662
0.14204
1.68296
0.02368
0.30127
1.95657
3.10253
0.12821
0.73807
0.15569
0.63881
1.39226
1.67166
0.36799
0.53932
0.25517
0.00152
0.03472
1.23505
1.07318
1.19776
0.05090
0.80585
2.24099
0.54071
2.29166
2.07621
0.84563
0.44770
1.31612
1.01272
0.64067
1.55224
1.91589
0.63381
2.06047
0.07253
3.30499
2.22939
0.24793
1.98398
0.60552
2.01528
1.03068
1.45415
3.16433
1.86668
0.06530
1.20114
2.79303
2.36513
0.18251
0.01758
2.37640
3.20702
0.13038
2.69222
1.21595
1.21365
0.17524
0.05748
2.01144
0.50539
0.42960
0.07790
2.49100
2.86122
1.91903
2.53027
3.53403
2.75664
1.18579
2.05007
1.37341
0.03272
0.67785
0.56887
0.37833
1.47279
2.97036
0.09405
2.21412
2.99408
1.66192
1.37722
0.04251
0.95721
1.43737
0.66006
0.93796
0.47460
0.08965
0.03065
2.30247
1.33133
2.50304
0.61752
0.11309
1.34827
0.33380
0.62720
0.28707
0.22396
1.31688
0.05295
1.36680
0.02726
2.48598
0.11489
2.43869
0.94318
0.32115
0.38991
1.28042
0.00320
1.57554
0.04246
0.12437
1.58839
3.04727
1.48195
1.87027
1.54661
0.06156
0.04111
0.23718
0.95580
0.00577
0.00069
0.27600
0.60275
0.00217
0.88841
0.00015
0.03454
0.04547
0.04241
0.01097
0.10911
0.00046
0.07196
1.02428
0.06498
3.67981
0.31371
0.00962
1.42251
1.18588
1.06722
0.43625
3.21015
0.91788
2.56597
1.75580
0.10019
0.12622
0.05024
0.03286
2.72157
0.01102
1.02790
0.00301
2.20851
1.17824
0.00205
2.35803
0.00068
0.34109
0.00107
0.64751
0.00303
0.70937
2.74847
1.46341
1.36448
2.68595
1.22329
1.30875
0.74673
0.03173
3.03312
0.01566
1.02719
1.07226
2.47099
0.18696
0.09166
2.94093
0.00028
1.18854
0.49331
2.45336
1.65564
0.14158
0.30212
1.27817
2.17779
0.19497
0.01346
2.24587
0.04071
0.05021
0.86225
3.12426
0.85987
1.71657
2.11162
1.85676
3.30390
2.67025
1.49191
0.50872
2.10040
1.19306
0.78394
0.00242
1.45351
0.55066
2.58000
1.92293
1.98901
1.47504
2.39062
3.38353
2.18445
1.56396
1.15221
2.91659
1.85345
0.26721
0.20424
1.48124
0.77962
1.55763
2.91678
0.00589
1.42828
0.19183
0.41972
2.51368
1.11565
1.09540
0.07810
0.25070
0.00941
0.55667
0.01034
2.61377
0.99544
0.07145
1.64575
2.14978
0.67116
2.18121
0.09123
1.48728
2.06691
2.33036
0.41477
2.55726
0.22122
2.09704
1.79632
0.46005
0.01140
0.05260
2.22386
2.39075
3.02260
0.03370
0.25132
0.56341
0.04380
2.62042
0.77305
1.23455
1.51311
1.41768
0.63839
1.40422
1.81944
2.71400
0.25885
0.04305
0.00065
1.48214
1.34656
0.34288
0.82670
1.62579
3.23829
0.11704
0.00047
1.65961
2.76376
2.12083
2.00070
2.49581
2.91027
0.97697
2.94516
1.78006
0.51826
0.71081
0.63607
0.14446
0.51082
2.55033
2.37792
1.40162
0.08261
0.56520
0.16109
1.71894
0.02625
2.12917
0.46895
1.34294
0.20937
2.59229
0.00466
0.20218
1.61187
1.43799
2.52951
2.78721
2.58137
0.04750
0.00105
2.07053
2.54699
0.70810
0.00399
0.02712
1.61752
2.67882
1.06075
2.66950
1.61325
0.10635
1.28171
0.82791
2.05606
1.02845
1.74920
0.40412
0.48211
2.84658
2.37340
1.48876
1.56283
1.94663
2.59163
1.74072
0.13232
2.15014
0.00292
0.07298
0.07963
0.30697
2.44933
0.67234
2.43165
1.59218
0.50241
0.38630
2.88458
1.95180
3.44834
0.04655
2.27756
3.15801
2.16237
0.28611
0.00213
0.95492
1.98806
0.06388
0.02041
0.42541
0.34221
1.38938
0.39522
0.60761
0.00562
2.62298
2.21856
0.95695
0.00096
0.61721
0.12593
0.23118
0.11961
0.10003
0.00115
0.60997
0.97551
0.00000
3.34571
2.04019
2.48759
0.41929
0.43794
0.71132
1.20184
0.08210
0.04170
2.97365
1.18857
1.13250
0.09062
0.42562
2.29201
2.14715
0.31057
0.98318
3.16086
1.29347
0.13877
2.70030
0.04526
1.81724
0.85316
1.10887
3.23952
0.62587
2.88363
1.21533
0.59565
1.07327
0.72266
0.74844
0.62129
0.50787
0.81961
2.57321
1.49167
2.37777
2.13681
1.26455
2.46209
1.61841
1.25674
0.51173
0.26344
2.47371
0.15947
0.73728
0.37266
1.84135
2.50684
0.43403
0.27585
2.79171
2.79312
0.09568
0.07455
2.67080
0.02003
1.39846
1.02649
0.14464
0.21435
2.97001
1.88020
2.01125
0.21925
0.85248
0.22152
1.67120
2.02990
3.36612
0.07547
1.66091
0.29242
3.25828
2.88951
2.29170
2.68193
2.25079
0.78955
0.53023
2.29615
0.79805
0.42331
0.99174
1.01785
0.14201
2.10974
1.41279
0.03960
1.32927
0.00859
1.15207
1.76434
0.47030
2.57876
1.68224
3.19618
0.17932
0.20797
0.00045
0.99040
2.30309
1.29989
3.18491
2.22777
3.46359
2.05196
2.32375
0.04894
1.73936
1.39145
0.96962
2.76745
0.33687
0.08214
1.38229
1.90515
1.68799
2.80186
0.38629
0.00413
2.23468
0.17333
0.02380
3.06553
3.13390
1.61673
1.02907
0.57961
0.67796
1.74789
3.22217
0.81881
1.07990
3.04270
0.39374
0.76075
0.07613
3.27903
1.75962
1.70276
1.82064
3.70761
0.29783
0.65606
0.06811
1.54516
0.01459
0.26068
0.42403
1.41087
1.20185
1.99385
2.60447
1.22815
0.93246
1.54621
0.12830
2.51162
1.14778
0.02818
0.07698
1.61414
0.83947
0.00932
0.08264
0.27200
2.99284
1.52999
0.82721
1.34354
1.53459
0.38166
0.00248
0.32342
0.00506
2.30651
0.51622
0.69720
0.49039
2.15224
0.57202
0.14280
1.99190
0.10223
0.35152
0.07287
0.00230
1.14135
1.81509
1.78666
0.78114
0.02538
1.75899
0.46952
0.65792
0.80744
2.68774
2.17217
2.98883
0.29347
0.00655
2.97164
0.19617
1.16328
1.11308
0.20327
1.26009
0.00256
0.49486
2.96125
0.15590
0.38212
2.25382
1.44017
3.32382
0.96222
0.19949
1.90877
1.18183
0.11874
1.07897
0.02493
2.76967
2.27770
1.77398
1.14722
0.60371
0.92023
2.37529
3.09767
1.69137
2.47984
0.43764
0.14573
1.11273
0.94245
0.04537
0.15123
0.15392
0.02344
2.56033
2.97882
0.49991
2.36385
0.31263
0.36968
0.37590
3.17687
3.03889
1.54542
2.19495
0.00744
1.05740
0.05955
0.95651
1.85014
0.00598
1.85465
1.84896
0.11519
1.97848
0.07127
0.00000
2.89292
1.63734
3.13446
1.87832
2.54289
0.24844
2.04334
0.38692
0.94220
0.42665
0.57785
0.06057
0.77832
0.25868
1.40507
0.53882
1.25059
2.84386
3.22247
0.00662
0.69849
2.87734
2.95524
2.00459
0.19247
1.92183
1.30121
0.27627
2.13286
2.08338
1.47586
0.00019
1.49246
1.02936
0.73948
0.78294
1.36055
0.08510
0.83006
1.43736
0.64138
0.73967
0.05857
0.30952
0.01381
0.00877
3.33868
0.06149
0.99245
1.05319
0.13923
0.00193
0.05162
1.42251
2.70151
0.94893
1.08300
0.59367
0.39128
0.11668
2.51376
0.00165
3.05481
0.06396
0.32564
1.02934
2.76440
0.57747
1.59861
0.56014
2.63986
1.02532
1.21663
0.57543
1.20435
1.36523
2.60397
0.00895
0.00358
0.86072
0.00489
0.53906
2.36190
1.40434
0.00959
2.08627
1.38286
1.92158
1.37557
2.16713
1.15206
1.27431
1.41877
0.19522
0.37126
1.55763
1.01888
1.28469
0.02134
0.00549
0.13860
1.24177
2.23744
0.75607
1.68395
2.55151
1.95508
1.54166
0.03022
2.04548
0.08703
0.31047
3.04542
2.04488
0.05509
0.13795
1.56720
0.55865
2.07453
2.25886
2.80240
2.71802
0.31284
2.66408
1.47087
0.51592
1.40566
0.22598
0.72081
0.21099
0.06343
0.00609
3.54689
0.00010
1.09761
1.18400
0.02520
0.17431
0.39492
0.57105
0.82829
0.02917
2.45226
0.00398
2.48421
1.85092
0.23923
1.11026
1.69091
0.63577
0.84942
3.51953
0.13723
2.25373
0.57336
1.52144
2.59068
2.51680
0.01104
0.85644
1.12964
2.24457
1.89465
2.32543
0.81206
1.15984
0.05307
0.17974
0.00318
1.30760
2.11864
0.08999
1.21951
0.00489
0.00949
0.56889
1.74400
0.25378
2.80201
1.69986
0.53765
1.10850
0.31224
0.30901
0.18435
1.18439
0.02911
2.59215
0.24866
0.22241
2.71337
0.99111
2.32809
0.07566
1.28402
2.03445
1.20571
2.39787
1.43603
1.60268
2.45799
2.97135
0.11770
2.13666
0.05057
0.02800
0.00330
0.20790
3.26448
0.35709
0.45357
0.09654
0.31581
0.00756
1.96171
1.38711
0.30917
1.53335
0.23068
1.50252
1.65662
1.84670
1.52959
0.02660
2.32724
3.21215
0.03169
0.22549
3.40160
0.23819
0.01415
3.54358
1.03407
1.84763
0.21706
2.69611
1.75027
1.44211
0.56013
2.84034
2.15138
3.00992
0.19271
0.00942
2.74153
0.52389
2.57790
0.45583
0.74819
0.12372
1.23348
2.20807
0.08763
1.52522
1.30749
0.61240
2.37145
0.02200
1.55793
0.22486
0.02199
0.27873
1.19066
1.97796
1.73663
0.66480
0.28805
0.11848
0.87452
0.01758
0.04433
0.05919
1.14438
1.33042
1.06711
1.86616
2.91341
1.18967
1.21210
0.86487
0.63726
0.00001
0.02774
0.33188
0.02419
1.12156
1.07987
0.41656
0.18606
1.57768
1.76208
0.47471
0.03162
0.00614
1.68027
0.00700
2.64698
0.97317
2.37558
1.77171
0.02995
0.07825
0.30759
0.07658
2.86942
2.52842
1.37760
0.55090
0.02580
0.17626
1.48486
0.40631
0.02494
2.92546
0.74973
1.55726
0.26328
2.04076
1.33977
0.01378
2.76198
0.60450
0.05073
0.06897
0.05652
0.00230
3.44352
2.24727
2.03659
0.94861
0.01762
0.61834
1.01607
0.16309
1.35310
2.86836
0.05219
0.66293
0.46733
0.97921
0.60028
0.30964
1.22217
2.80860
2.91516
2.42525
2.52556
2.05953
3.10207
1.19783
0.47028
2.34169
0.57422
0.90859
0.75775
1.20945
0.63738
2.68278
0.03474
0.68080
1.56018
2.64556
0.65593
0.68395
1.60030
0.20750
0.00181
0.37719
3.00437
2.06973
0.15276
0.46927
2.10795
1.17606
0.21949
2.56021
0.04231
1.94909
0.00029
0.04331
0.78152
0.13332
1.79995
0.01491
0.05846
0.95644
0.03406
1.76401
0.01495
1.76401
0.05644
0.08406
0.12184
0.29310
0.03873
0.80336
0.32205
0.28020
0.83430
0.48954
0.95140
0.00491
2.32684
0.81989
2.08051
0.05856
1.66544
0.25776
0.00139
0.02956
1.48251
1.50137
0.37238
0.32762
1.87202
0.07176
1.30991
2.25449
0.00040
2.12108
2.07039
1.55209
2.63941
2.53111
0.39870
0.56288
1.10835
0.00133
1.96811
2.32203
0.13359
0.67483
2.48969
1.83003
0.77312
0.02665
1.06413
0.87211
0.81445
0.37550
0.93759
0.08603
0.49841
1.76312
1.46905
1.18018
0.72812
0.21279
0.00000
0.75766
0.69735
0.59739
0.35252
0.02237
0.19825
0.00240
0.00359
2.08231
2.89082
0.16494
0.14008
0.30640
1.86222
1.11859
1.95055
2.93477
2.60567
3.66841
1.34762
3.31406
1.01571
0.00071
0.01316
1.03892
0.00907
0.02321
2.74382
2.20613
1.84774
0.63456
2.45598
2.28781
1.59744
0.23063
2.44993
2.60644
0.02285
0.55142
2.34253
0.29509
1.91132
2.38727
0.00230
2.14371
0.17521
3.61231
3.16479
0.82897
2.55674
0.40587
1.20481
1.29846
0.45402
0.00052
1.87396
2.39532
3.42741
1.94164
0.93834
2.48959
0.11382
1.24944
0.00614
2.24810
0.65873
0.39275
3.31698
2.22556
0.00949
0.68680
0.14094
0.23582
0.01582
0.05679
0.11274
0.26654
0.06943
0.13168
0.64277
2.20039
0.27521
0.06909
1.46934
1.68060
0.50966
2.32613
1.22254
0.02426
1.74921
0.00120
0.04470
0.34749
2.60120
0.98529
1.55625
2.00033
1.65416
0.45203
2.85271
2.12133
2.80890
1.13602
0.96136
0.76889
2.28304
0.16373
0.00009
1.32135
0.55984
0.24295
0.26718
0.92641
1.24471
1.84128
2.07759
0.34463
2.78905
2.14938
0.00002
2.35756
0.18601
0.11049
0.04530
0.30654
2.78085
1.32862
1.73259
0.44700
0.13755
1.35350
1.58543
0.48533
0.03016
2.07492
0.48538
0.10910
0.45841
2.24431
2.63375
0.36963
2.01022
0.01319
1.55162
1.71628
1.31705
2.36165
3.48958
0.04486
0.10340
0.09933
1.44626
0.09175
0.46535
1.62638
0.05604
1.65888
2.02105
2.89005
0.91070
0.37076
1.07231
1.53622
3.11495
0.00022
1.84158
0.58129
1.35596
1.07968
3.07171
0.70393
1.87479
1.89291
2.49610
0.02411
1.33211
2.68023
0.63917
1.29392
0.49656
2.69230
3.18926
0.10873
2.93093
0.70860
0.32840
0.08094
1.79075
1.08953
0.30403
1.36768
0.02042
0.02000
1.20529
2.80751
2.15346
1.08603
1.00877
0.00107
2.87618
0.98509
0.93557
1.16532
2.27019
2.04805
0.35471
0.26717
0.03387
0.00565
0.07236
0.38166
0.38656
0.18361
0.01233
0.41670
0.14212
0.04315
3.05546
0.59852
1.40157
0.01599
2.50918
1.72705
1.04025
2.65768
0.40723
0.60562
0.24992
0.00012
0.97878
2.38255
1.24829
1.71209
2.58450
2.20190
2.01092
2.09364
2.82968
0.05648
0.15961
1.87333
1.74072
0.15914
0.92112
0.84085
0.82465
3.11479
0.57701
2.05013
0.26827
1.12610
0.10275
0.06658
0.01714
0.09319
1.55144
2.60006
1.66533
1.61976
1.04944
0.36237
0.02950
0.60727
1.22964
2.78510
0.99390
1.72560
0.28320
0.44984
0.82769
2.02536
1.81836
1.77277
1.26501
0.11296
0.83681
2.44396
1.44321
0.33255
0.90713
0.42463
0.09804
3.25143
1.09506
2.52677
0.17191
0.02574
1.47119
