3.02542
2.63764
3.57162
4.01998
0.60555
3.10563
3.79289
3.72260
1.47604
2.55009
4.03080
3.85314
2.15084
0.93612
2.18426
2.60772
1.94032
3.81185
0.76968
0.70702
3.31086
2.88254
3.27747
3.85176
3.28456
1.18220
0.22818
0.83001
3.33686
3.62996
0.98597
1.51255
2.78838
3.35525
3.04123
3.58894
3.17970
3.99307
3.93141
2.19902
3.36500
3.00032
2.32235
2.10104
0.83251
0.93269
2.94629
2.38353
3.90195
3.90190
4.13041
3.94509
0.22905
3.71842
2.21535
3.70781
2.29206
1.35650
3.51032
2.52846
3.57714
3.36047
3.49244
2.88561
3.50754
2.70690
3.23575
3.23109
3.51630
2.40012
3.96914
4.01898
3.89456
3.56393
3.20803
3.30639
0.19556
2.80335
3.54452
2.06136
1.27548
3.31474
1.08164
3.20590
3.54270
3.07692
1.06648
3.31881
3.81066
2.42047
1.36021
1.95808
3.90317
3.18309
2.85491
3.92715
3.88688
4.03094
2.96755
3.94035
3.64199
2.55522
3.42461
3.50108
3.67766
0.31162
0.13766
1.04777
3.67105
3.66321
2.28674
1.44836
3.97072
3.06882
2.86585
1.81044
1.57482
3.17388
3.04131
0.12140
3.07616
3.95003
3.07481
2.98347
1.51346
2.21802
3.88658
3.56791
2.87835
3.63687
2.73134
1.75516
3.16375
3.59401
3.73593
2.29245
2.23447
3.89891
1.98111
0.66362
3.40838
2.69373
1.90668
3.64883
3.53346
1.60473
3.11788
0.01005
3.14121
3.34671
2.90340
3.53879
3.71773
3.13380
3.78255
3.77329
1.93324
0.52909
3.63683
2.73729
3.84414
2.02239
2.97589
2.40971
3.97036
2.30073
2.25408
4.02952
3.65414
2.87688
3.17144
3.88251
3.86798
3.95532
2.21933
3.17306
3.52161
1.55301
2.69833
2.65278
1.57043
3.80432
1.72853
3.43831
3.81808
3.01881
4.08482
2.23737
3.06373
2.38061
2.65035
3.07079
3.60670
1.68304
0.63342
2.02938
2.94446
3.40691
2.66694
1.79537
2.51792
2.38553
1.06424
0.52037
3.88646
2.65265
3.79876
1.06321
3.65437
3.95795
2.85579
3.21455
3.83428
3.59546
3.32338
3.38505
3.21516
2.18411
3.30340
2.42846
0.78776
3.43131
3.14623
4.13511
3.90723
3.65808
0.84749
0.88869
3.93272
2.61712
3.89048
1.76846
2.39509
1.58386
3.85478
3.14687
3.99980
3.70827
0.03603
3.12391
0.70932
0.89682
3.82115
3.75335
3.21874
2.69688
3.48091
4.06704
3.67818
3.03611
3.61158
2.77107
3.63733
0.96537
3.54901
3.79227
3.17765
3.99544
3.63536
2.52972
3.19976
1.70232
3.30341
3.65100
3.65929
4.02833
3.31412
3.49954
3.39625
3.16738
2.50355
3.94534
2.96176
3.57123
3.52549
3.31433
2.24710
3.88892
2.12641
1.80012
2.85758
1.45334
3.43555
3.10830
1.88740
3.81005
3.03329
3.83600
3.39247
3.72468
3.31998
3.49507
2.44255
3.28520
3.05666
2.95283
3.01591
3.44902
3.41558
3.20677
3.19948
3.56449
2.82714
3.69922
3.23781
3.35260
0.51431
3.78921
3.59854
1.41911
3.77060
2.93828
1.25037
3.30394
3.39468
3.94648
3.99761
3.79652
1.19065
1.02018
2.24977
3.57295
3.85536
1.35509
2.86531
3.64308
3.72165
3.53918
1.99776
3.96472
1.51370
3.84408
1.80479
3.16560
3.71188
0.71185
2.35963
3.81846
2.87532
2.81971
2.49274
4.06923
2.66868
2.14503
2.34789
3.58116
2.59098
3.61522
3.59699
3.90455
3.00729
3.82297
3.52893
2.80246
2.11459
3.59316
3.37089
3.77567
3.63091
3.82105
2.86391
0.31858
3.04434
1.05671
2.78028
2.15768
3.77692
3.33543
3.91551
3.80318
3.00514
0.38828
3.43801
3.21216
2.43706
3.62501
2.05619
0.44716
0.25425
3.75600
3.73428
3.10725
0.84820
3.98252
1.82988
3.65288
2.93609
2.35944
2.93036
3.34171
3.67936
2.95158
3.88650
2.12486
3.94128
3.45700
3.83494
3.46569
1.93210
2.63565
3.97211
3.72415
3.92301
3.95748
3.79625
3.67858
1.73770
2.65725
3.92809
3.64672
3.31041
3.75155
1.71929
4.20712
3.81906
3.87241
4.08559
2.45555
2.85487
3.28195
3.90337
3.60941
3.72154
3.46124
1.87929
1.71471
3.79751
2.74040
3.40110
3.40887
3.29234
3.42949
2.12851
3.67730
3.92383
3.82032
3.51713
2.74485
3.26965
3.45072
2.48754
1.64466
3.60392
2.77662
3.53329
2.16538
3.59317
2.84290
3.17464
3.04015
2.48610
3.63863
1.64821
2.57871
3.93072
2.77160
3.68092
3.67912
3.06748
2.94058
2.77038
0.52339
2.10106
3.86121
2.47085
3.59117
2.72561
1.99783
2.16888
2.83661
2.48675
3.66011
3.70644
3.47804
3.51929
2.71100
3.16128
3.32759
3.99663
2.52938
2.43968
3.69634
3.62809
3.84785
3.15649
3.07540
3.44173
2.01211
3.97150
3.31589
3.61293
1.67501
3.40061
3.78187
3.32481
3.40635
3.80658
3.55111
3.30399
1.25038
3.63655
3.53369
3.55088
3.09525
3.10698
1.23841
3.06669
3.22365
0.53641
2.94895
2.89201
3.23368
3.39913
3.50221
1.55590
0.29472
2.01910
3.70618
2.10482
2.78478
3.52615
4.18926
4.13525
3.84680
1.16877
3.43608
1.67948
3.20161
2.99456
3.21355
4.20835
2.57878
0.86059
1.13824
3.08191
3.22346
2.18018
3.65722
1.92163
3.69504
3.67475
3.52398
2.61751
3.17002
3.38000
3.24104
2.36614
3.76047
2.23974
2.26836
3.25375
3.58315
1.50411
3.88857
2.88893
3.11184
2.22585
2.40034
3.54318
0.77625
3.75205
3.47068
2.65675
3.36540
4.01278
3.20669
1.81620
2.36007
3.27468
4.02383
3.55687
1.89468
4.05071
2.99842
3.39318
3.59779
3.75549
2.98821
3.94061
2.14704
3.75802
2.74421
1.73026
1.62138
2.48834
1.95858
3.22940
3.44529
3.33437
3.83588
3.69338
2.54276
2.57357
0.65389
3.02588
3.24687
3.96544
1.72060
3.46122
3.75666
4.10596
1.87366
2.45588
4.05183
3.83388
3.35487
3.85192
3.70988
3.43108
2.63858
3.12863
1.70408
2.48042
3.27897
2.88499
1.29418
3.49442
3.35736
0.72426
2.09807
3.48486
0.86909
1.46457
3.48312
3.08482
3.82709
1.94496
4.14169
2.98799
0.27897
3.96724
3.53778
3.50117
3.79840
2.10992
2.30594
1.67367
3.42834
3.56093
2.92458
3.97435
3.86370
3.40202
2.59093
1.55380
2.89853
4.12482
0.13770
3.05359
1.89850
3.74257
3.92008
2.68710
3.75713
3.68036
2.43274
3.63025
3.36938
3.81573
3.89848
3.36674
4.09788
1.93410
4.10214
1.47543
0.00061
2.02367
3.45247
2.84749
3.62628
3.58947
2.02556
1.36843
3.54056
4.11517
2.43571
3.90336
2.36144
3.97567
1.48139
3.41995
3.62916
3.53245
2.80829
3.08094
3.53558
3.17758
3.59777
3.54086
3.68013
3.52600
3.69615
2.60805
1.90165
3.73636
3.84757
3.67423
1.85826
2.26010
2.05239
3.19720
3.57398
3.47380
3.55260
3.48103
3.24127
3.20009
3.28914
3.79603
3.53994
3.75204
2.63301
3.64668
3.64346
0.21294
1.34374
3.49701
3.99729
2.70762
2.42534
3.98088
1.70225
0.41493
3.92066
3.77654
2.07959
1.30079
3.75624
1.15079
3.24459
1.42259
3.74821
3.62008
3.25183
0.21594
3.07319
2.80423
3.68362
2.31067
3.74740
3.27361
3.76143
3.58761
3.94360
2.25247
2.22605
3.63457
2.48325
3.71956
0.13824
3.43971
3.86143
2.44072
3.32441
3.72204
1.46264
3.52613
3.81118
3.61256
3.29617
3.94477
2.72582
3.28455
1.27557
3.78946
3.47186
3.10194
3.86129
0.98055
3.46778
1.83434
2.42080
1.69074
3.44772
3.15983
3.66579
1.95794
3.12317
3.47412
3.56547
1.74210
3.73597
3.92153
3.16383
2.29862
1.09350
0.89919
3.64164
0.37951
3.91985
1.12158
3.75748
3.49854
2.96212
3.65116
3.55037
2.39261
2.97176
2.54775
3.83579
3.44655
0.85728
2.94831
2.23113
2.90498
2.30608
2.45923
0.56259
3.64985
3.22765
3.41490
4.09270
3.76304
1.67500
3.45630
2.95368
3.01648
1.89801
4.14966
1.76093
1.68162
3.70293
3.20630
3.63675
3.26590
3.24956
1.83822
3.99432
3.49778
3.84446
2.45000
1.26058
3.85220
3.08188
3.60853
1.95533
2.68258
0.78290
3.87942
0.95147
3.01215
0.98928
3.23231
3.82131
3.72681
3.46925
3.88648
3.83903
1.75560
3.72969
2.93541
2.66936
3.82022
1.80486
3.79403
3.65865
3.65708
3.95693
3.80384
3.63858
3.81706
2.15125
1.74548
3.02726
1.46162
2.57429
3.65688
3.38261
1.29570
2.65906
3.75251
3.38441
3.59920
0.16445
2.91339
2.47158
3.67448
4.01925
2.48936
2.51725
4.00442
3.29749
1.22622
3.40931
3.10455
3.13244
3.86724
2.24159
3.50216
1.41333
2.55048
0.83535
3.29710
3.79344
1.29309
2.66017
0.33294
3.93519
3.13963
3.39490
3.17303
3.64636
3.83379
2.64534
3.36469
1.08462
3.58658
2.44224
2.27980
3.49830
3.51534
2.45924
2.22643
1.13855
2.11223
3.88382
3.30035
4.19571
3.73018
3.50182
3.98360
3.44380
3.14114
3.08209
2.96756
3.01253
3.57551
3.05561
3.62335
3.56619
3.21192
1.11995
2.97425
2.05153
3.21109
0.18395
3.98825
3.52144
1.88326
3.58077
1.30364
0.56029
2.01690
1.19515
1.96401
1.15138
2.36608
3.75350
3.63352
2.21521
2.85758
3.88578
2.04917
3.49702
2.92322
3.33712
1.95032
3.26219
1.33733
3.34047
3.75537
2.05338
3.35203
3.74012
3.20110
3.28137
1.40954
2.83738
2.84857
3.51419
0.28928
3.48316
1.92251
2.24795
3.34450
2.77163
4.15564
1.76918
2.04065
4.18931
3.60362
2.45527
2.61857
3.42501
3.01240
3.59893
3.47127
3.64538
4.21863
3.52148
2.23566
2.74589
3.44586
3.09014
3.77481
4.00717
3.46924
3.58314
1.44376
4.00701
3.96506
1.35826
2.29164
2.87536
3.61840
4.12419
2.45234
3.89820
1.28004
3.67847
2.69424
3.29044
3.42520
3.96348
3.42368
1.65215
3.35843
4.07392
3.14484
2.07256
3.90877
1.53050
3.77917
2.15244
1.14572
3.05980
2.66501
0.52493
3.90207
1.59574
2.96410
2.67425
2.95833
3.62229
3.72425
3.48476
2.35722
2.87924
3.44528
2.05724
3.66846
2.43742
2.32083
1.99036
3.15648
2.22108
3.72301
3.85547
2.46089
2.50425
3.39409
3.33083
3.47585
1.96436
2.20688
3.70722
1.87641
3.34999
3.55052
3.90063
3.76995
3.84618
3.04412
2.36308
2.02553
3.71796
2.06927
3.66958
3.05601
2.90473
2.47190
3.55650
3.80388
1.70323
3.76895
2.20271
1.45390
2.64406
2.30043
3.92950
3.17134
3.31250
3.36800
1.69511
3.58357
3.72817
0.81434
3.31689
3.22797
2.07794
3.55023
3.73493
4.00444
2.61609
3.79691
2.16734
1.45248
0.83713
3.49564
2.76496
3.21482
3.71978
4.06897
3.18668
0.02491
3.86181
2.18169
1.06500
3.59643
1.81365
3.14283
3.10940
3.13697
2.53478
3.56474
1.99509
2.74588
3.06721
3.94334
3.01002
3.56780
3.45063
3.43272
4.01367
3.18528
3.81545
3.79748
3.48920
2.57618
3.12899
2.61919
3.47706
3.52811
3.70938
2.86561
2.96728
0.80340
2.76415
3.87635
3.62300
3.85675
3.07767
1.73449
3.51753
1.40266
1.90084
3.31346
3.49383
3.20651
3.29574
2.76998
3.05089
3.18862
2.39803
3.62356
1.49292
4.00654
1.37646
1.56779
2.03203
3.91826
2.38116
3.83797
2.88827
3.24404
3.67716
3.16128
3.06521
3.52057
3.57397
3.46603
3.18189
3.20149
2.32534
2.80916
3.92230
3.84072
3.43605
0.31924
3.58544
2.84546
2.68179
3.64561
3.42170
3.68922
3.16672
3.39516
4.05310
2.86338
3.39048
3.66835
2.90702
3.61737
1.73352
3.13782
3.48051
3.25952
3.27893
1.59855
2.63155
3.18020
3.98386
3.90014
3.55312
2.09133
2.17404
1.77169
3.67412
3.89226
2.63917
3.31440
3.80056
2.51434
1.17249
2.93910
3.39280
4.06865
3.76878
3.29998
3.92924
3.28859
2.16825
2.75312
1.10363
3.07068
1.03288
3.31051
3.23732
2.42003
2.15134
3.63387
3.13573
2.08769
3.31430
2.48896
1.42601
1.66736
2.16702
2.77273
3.82160
3.46997
3.94888
2.75084
3.29076
2.57204
2.81151
2.67658
2.18520
3.05923
2.83451
3.53173
3.21701
3.71812
3.74205
3.28486
2.61126
3.28089
3.56076
2.42431
3.47771
3.48442
2.95774
2.72102
3.77528
0.02579
0.74100
3.55462
4.01138
2.17709
1.36438
2.86648
2.44222
3.19654
4.06872
2.97127
3.61848
3.25172
3.76165
3.66623
2.31646
3.89767
3.97760
3.24460
3.78563
2.63996
1.67737
1.49715
3.93364
2.99896
2.81294
3.56840
2.88215
2.50109
2.57515
3.07094
2.33717
3.09202
3.64419
3.57580
3.58431
3.81204
3.47334
3.54347
2.89919
3.65636
3.97719
1.64423
2.90183
3.05770
1.99053
3.19747
3.23936
3.56154
3.50552
3.25946
3.82466
3.56545
1.29030
0.57429
3.87633
3.08892
2.62850
2.72287
2.31100
1.31902
3.22692
3.06199
2.62118
3.94816
2.90622
3.24787
2.89579
3.63409
2.35200
3.96579
1.44420
4.02884
1.86063
1.79811
3.85967
3.25788
0.27285
2.12199
3.87980
0.29882
3.63872
3.84326
2.72667
3.37345
3.32393
2.73800
3.62641
3.92693
3.89069
1.24232
0.63806
3.16171
2.07629
3.35415
3.66594
0.93740
1.95701
0.07603
2.34163
0.66128
2.83488
3.73188
3.40022
2.67612
1.98987
3.62673
3.92773
3.68856
0.87727
3.06169
3.86121
3.01133
3.68548
3.70429
3.72059
1.31142
3.17491
2.29678
3.58574
3.25740
3.02509
4.02298
2.90034
3.59901
2.48454
3.01881
3.45702
2.55054
1.38393
3.82221
3.10788
3.36250
2.15795
1.75977
3.65758
3.71523
1.72257
3.69894
3.37804
1.80976
3.60681
3.07924
3.37746
4.03066
3.05220
3.41503
3.39834
3.88017
3.70164
1.01992
0.57375
2.20139
1.19507
3.85221
2.61541
3.03979
3.40991
2.17841
3.87828
3.09238
3.54133
3.19845
2.85131
0.81810
3.18658
3.86612
3.59670
3.55247
2.80711
1.21323
1.47326
2.40487
3.36397
1.10207
3.67439
3.79766
2.78269
3.36224
3.72509
3.08389
2.40060
3.23655
2.56023
3.16514
3.45129
3.48374
2.14264
3.69182
4.02137
3.70763
2.31097
1.75771
0.63776
3.04896
1.80673
3.91191
2.31507
3.78204
3.45661
2.43384
3.08617
2.78549
3.58323
3.43843
0.40830
0.38857
2.94237
2.70006
2.99509
3.93923
2.47939
3.97859
2.10680
2.18957
3.36777
3.26716
3.15517
4.10313
3.37683
3.93179
1.01223
2.20810
2.38189
2.50843
3.06077
4.00816
2.03353
3.40938
3.62333
2.63223
0.47074
3.57937
2.72864
3.86687
3.96671
3.42187
2.86881
3.53449
3.92280
3.60676
3.64791
2.87305
2.50794
1.15849
3.50763
3.19064
3.73855
3.33508
3.40824
1.04321
3.44419
2.96337
3.67572
3.09108
3.66500
3.52874
3.55631
3.65772
4.00718
3.98708
0.60727
3.36727
4.01246
0.64791
3.76609
3.84416
3.51297
4.13284
1.79071
3.02165
1.83148
3.14711
2.77772
3.79375
1.62170
2.37902
2.99504
3.17624
3.06925
3.02280
3.29315
1.22303
3.94821
2.83730
3.68739
3.27813
3.20313
2.26261
3.59359
1.45323
3.42328
3.33349
2.98608
3.35013
3.39431
1.99306
3.40455
1.62478
2.19636
3.54095
3.33998
2.02761
3.88573
1.34586
3.62055
3.75085
3.45336
3.91350
3.65359
1.79866
3.04271
3.18439
2.93265
1.59627
2.19648
2.62116
3.65049
1.36552
3.54917
3.79049
3.68072
2.93022
3.62509
3.84693
1.64219
3.40991
3.86358
1.00123
1.09872
2.98527
1.13478
2.74517
3.20304
3.05319
1.24311
2.23691
3.29381
3.90215
3.82307
2.64647
3.45672
0.10742
3.09467
2.57532
2.82067
3.87915
3.85253
2.63811
3.91085
3.31423
4.11807
3.33101
2.39715
3.52560
3.60789
1.68286
3.01959
3.47630
3.82751
4.03197
0.87285
3.29028
1.61222
1.64134
3.65346
2.56412
2.84945
3.93910
2.88332
3.64326
3.51126
3.02190
1.29753
2.72444
2.77084
2.62585
0.79642
3.17539
3.67635
3.07127
3.70261
3.02085
3.04862
3.50779
3.52013
1.44816
3.69869
0.33939
2.92275
3.89745
3.69467
3.72067
2.07057
1.02190
0.59646
2.38128
3.81631
2.08243
3.30579
3.78048
2.81236
2.45882
1.23380
3.64633
3.53342
3.90746
1.91287
3.72450
4.05674
1.65115
0.28542
3.98904
1.89979
3.42343
3.48369
3.29364
2.63850
3.27780
2.80803
2.05993
3.93331
3.45729
3.92029
3.45822
4.14467
1.74433
2.37298
3.43234
1.70543
3.84079
1.23716
3.03299
3.36236
3.68759
2.62782
3.29771
1.83213
3.01790
3.62986
4.00648
3.96926
0.44447
2.98912
3.20756
3.32925
4.07703
3.55360
2.94354
0.47249
1.26947
3.83384
1.96181
3.69694
2.17750
2.94666
3.25564
3.78049
1.65822
3.77610
2.54755
3.64073
3.40679
3.70040
3.13625
3.82915
3.43497
3.84787
3.53762
3.15080
1.90286
3.36375
2.27556
3.59563
0.64487
2.81943
3.14739
2.46582
1.05940
1.17109
2.24232
2.59001
3.76372
3.71507
2.48366
1.25938
1.99961
2.53309
3.67501
3.35969
3.47393
3.62062
3.52514
4.10174
2.97000
3.54764
3.65819
2.59416
3.90959
2.08636
3.40250
2.86176
2.05667
3.89319
2.78262
2.52505
2.11398
2.83989
3.33519
2.54668
3.37608
2.94929
1.99808
3.56222
3.66657
3.79412
4.00769
0.46075
2.14759
3.86622
2.70571
3.28389
0.74565
3.67093
3.71546
2.77455
3.96698
2.75286
2.94853
3.80705
3.71135
3.93280
3.26480
2.65662
3.46057
3.85363
3.68552
4.05664
1.01284
1.89745
3.80846
3.93900
3.21108
2.79095
2.39350
3.70037
3.53250
3.91088
3.29719
1.99299
3.43445
4.00900
1.37134
3.28180
2.76680
2.32010
3.48799
3.74691
2.91899
1.85423
3.85302
1.79646
3.80462
3.16815
2.43359
3.45254
1.94275
2.77700
1.84858
2.42852
3.72389
2.06526
3.38350
0.68684
3.82234
2.69230
1.43492
3.38233
2.12164
3.75876
1.63618
1.73055
0.50757
3.84310
3.68056
2.24559
3.81978
2.67760
2.26079
2.75696
2.99464
2.97572
0.19407
3.43675
3.34970
0.79463
1.23332
3.96358
2.37013
1.04095
3.53629
3.54576
2.78159
3.08344
3.48438
2.60650
1.25978
1.20095
3.16952
2.11945
2.28701
3.74579
1.41566
2.07198
2.52569
1.39888
3.40329
3.44605
3.84578
3.68514
3.02073
2.42631
2.96632
3.77309
3.05520
3.29024
0.15118
1.51198
2.14725
3.49376
3.85233
1.00153
2.86702
2.79364
3.51786
3.51763
3.47129
3.70215
3.98123
1.05060
2.29025
2.38230
3.76509
3.52139
1.81599
0.76139
1.29312
2.30031
3.78625
3.51062
3.32153
2.68932
3.47570
3.65444
1.80787
4.04372
3.62799
3.19765
3.80534
3.75678
3.47414
0.44641
2.82749
2.85678
3.25209
2.80577
2.62388
1.94866
2.19689
1.07047
3.57720
2.01056
3.81315
3.42123
3.40986
2.81558
3.17753
3.24104
3.61022
1.22222
1.05224
3.62559
3.75017
1.31827
3.46748
3.36323
2.64337
3.90140
3.77413
3.01068
3.62823
2.65562
3.22364
3.73764
3.57319
1.07533
3.70518
3.55583
2.12446
0.23940
3.95933
3.79666
0.07890
2.17651
1.49928
3.27145
1.38398
2.69145
3.18185
3.81484
1.49290
1.47666
3.36149
3.85779
3.06324
3.87665
3.75292
3.51958
0.47451
2.97712
2.75905
2.58013
2.02794
3.52028
2.04004
3.85950
3.61836
3.60705
2.42190
3.44357
3.23778
3.73849
3.97433
2.30447
2.83737
1.91049
1.35009
1.94772
2.85289
3.82947
1.22168
3.74290
0.95205
3.13416
1.80240
3.78521
2.83749
2.24857
2.86823
1.78260
3.20777
3.05066
3.26682
0.08636
2.15405
2.03023
3.33776
3.54438
3.32663
0.82194
3.16979
3.12611
3.67169
3.78684
3.93275
3.64396
2.65138
2.30591
2.23543
2.52704
3.74515
3.72128
3.59937
0.60502
2.75702
2.51815
2.27013
3.65384
3.32426
3.29667
2.01170
3.81316
2.09756
1.47727
3.60174
3.85638
4.01529
3.64397
2.78906
1.01616
2.75734
0.06999
2.71098
3.35704
0.21111
3.71230
0.90977
3.31312
2.52198
4.03514
3.89921
3.02496
2.56183
3.50084
2.42609
3.15646
3.24607
3.53678
3.11937
3.15401
3.25451
3.72707
2.40831
1.98457
2.73897
3.93739
3.73885
2.22169
3.78439
1.61873
3.12337
2.36959
0.44449
1.88545
3.05237
2.88362
3.78264
1.20285
3.53311
3.36800
3.73213
3.32649
2.13769
3.64597
2.58453
2.31514
2.88305
3.36034
3.67047
3.81508
3.61619
3.22700
3.76407
3.74309
0.96699
4.07004
3.55161
1.85317
3.58638
3.74568
2.77215
0.93758
3.01342
3.54657
1.74021
3.92667
3.31577
2.16429
3.91521
3.48490
2.97777
3.35753
3.47268
3.75441
3.64787
2.45895
3.77421
3.78336
2.84156
2.30133
2.04717
0.76769
3.25356
1.42541
2.07242
3.27681
2.37819
3.47312
3.36577
2.92675
3.03076
3.52439
2.98985
3.64301
3.23992
1.68018
2.62734
4.03637
3.74246
0.96440
1.86423
3.50085
4.00712
3.62709
3.31027
1.64415
3.19575
0.24785
3.82029
2.38231
2.63904
3.43048
3.21496
3.89058
3.81719
3.16463
3.93759
3.17923
2.80244
3.41873
2.07771
2.83445
1.68528
3.48105
2.79356
3.78400
4.00989
1.75518
2.78887
0.96941
3.64328
2.85610
3.53932
3.34164
3.39917
1.87500
3.73581
2.25601
3.67963
0.79849
3.58938
1.64171
3.24284
3.63093
3.52228
4.06704
3.51850
3.63078
1.11740
2.11439
2.44576
3.39200
4.16204
3.01306
3.49055
3.74030
3.82871
3.47023
2.61791
1.01780
1.89315
3.48050
3.10695
3.77892
3.25903
2.80734
3.58940
3.61639
2.26509
1.80325
3.32170
3.07951
3.09702
3.82370
3.92346
0.79591
3.76442
3.04336
3.83911
3.36130
2.11559
0.27971
0.77714
3.70950
2.27369
1.46620
2.27978
3.40529
2.88653
3.27260
2.10479
2.21289
3.35457
0.44826
2.79649
3.15992
3.67310
2.11570
1.58946
2.51048
2.04334
1.68002
3.68803
2.15008
2.80453
3.44514
1.82862
3.59226
1.29255
2.08747
3.01689
3.15496
3.42205
3.49504
3.77208
2.66077
1.32299
1.40939
3.11118
3.88834
1.62728
3.98475
3.41015
1.99500
3.80571
3.50374
3.49157
3.95055
3.56661
2.09230
2.68504
3.48202
1.26957
2.60749
3.50572
3.15659
3.87759
2.76783
3.10238
2.20250
1.36062
2.26105
3.82753
2.57630
3.49804
3.62766
3.87317
3.07202
2.93139
3.70074
1.44455
3.90062
3.60466
0.35556
3.83293
4.08203
3.89334
3.19772
3.96088
1.58467
1.42012
3.30915
3.05252
3.37113
4.08812
4.01744
2.26703
3.57870
2.11000
1.07710
3.23636
2.04473
1.53388
3.32087
1.81257
3.58766
3.76493
3.79282
3.05009
3.79074
3.67243
0.37471
3.71274
3.71529
3.38526
3.97606
3.30289
3.13990
3.81385
1.94681
3.76397
4.16434
2.74166
3.82451
2.42198
3.36382
0.34187
3.65205
3.85788
1.82974
1.63470
1.76639
3.34024
3.59938
3.74858
3.28746
3.28583
2.49098
1.07118
3.30071
2.65344
3.72788
3.44438
2.88438
2.12658
3.43749
3.68275
2.74880
2.70109
0.74960
3.41724
0.60027
2.89304
3.03341
1.43855
2.97864
1.64268
3.90306
2.31522
1.59961
3.65818
2.74291
3.26420
3.33109
3.25771
2.61287
3.87087
2.85520
3.96145
3.17534
0.57564
3.03215
2.08810
2.35961
2.63458
0.78922
2.44439
3.65931
3.35293
4.02760
3.00005
3.60991
2.21956
1.30281
1.70088
3.52922
1.20149
2.09112
0.94869
3.78463
1.77425
3.80858
3.86895
3.73315
2.41691
1.20265
3.47871
3.02265
2.28429
2.66154
3.81250
3.32159
1.04926
4.08177
3.87231
3.50494
0.30353
3.16761
1.33827
3.93862
2.77068
3.16145
3.70717
2.42545
3.43997
2.23062
3.90253
2.52412
1.32944
1.85137
2.89781
2.46340
0.54550
2.86067
2.97904
3.80570
2.84482
3.46253
2.13462
1.26837
3.33634
3.98174
3.96373
3.26787
1.21453
1.24034
1.13324
3.73727
3.86939
1.09157
3.59049
3.82970
3.46052
1.84376
3.47826
2.71277
1.65797
3.66015
2.48739
4.17810
3.53538
3.23130
4.02704
3.19096
1.69233
3.93038
3.73259
3.94616
3.57961
3.02333
3.50398
2.64914
3.30565
1.74641
0.24307
3.13187
3.59738
2.28219
3.82958
3.32845
2.24483
2.14374
2.66923
3.24321
3.94713
2.67992
1.67398
2.76668
3.56611
3.58021
0.82390
1.54640
2.80262
3.79830
2.22341
3.44748
0.78598
2.71015
2.90692
4.00278
3.29034
3.90178
2.35415
3.72041
3.91306
4.03006
3.37564
4.04975
2.95856
0.59054
2.90558
3.10248
1.37651
3.55596
3.85749
2.78737
1.66501
3.12370
2.22856
1.79234
3.56989
2.11167
3.46161
3.08977
1.23129
0.15122
3.91661
3.02903
3.40392
3.72545
3.72477
0.11725
3.49629
2.57366
3.64161
2.71966
2.32551
1.39689
3.28082
3.37663
3.91097
3.70940
2.67193
2.20078
2.26064
3.65101
1.82721
3.46946
1.38536
3.63239
3.66390
3.00542
2.40458
3.52517
3.27212
3.87639
2.25718
2.44989
2.58021
4.05078
1.89159
1.78234
1.81210
2.20682
3.13618
3.60483
3.55628
3.11000
2.73839
4.11466
3.61571
3.33397
2.86107
3.92227
2.63844
1.54947
3.81759
2.97337
1.15446
3.53814
1.27364
3.77228
3.41262
3.79817
3.89467
3.54929
2.29335
2.87290
3.46558
2.64985
2.22126
2.74629
3.25852
2.62012
3.55381
2.76969
3.75834
2.04578
2.72190
3.73237
4.04602
3.77168
3.57222
3.77393
3.65162
3.67848
3.97491
2.55330
3.64192
3.75887
3.55066
3.42708
2.58860
2.87042
1.73733
2.66518
4.04663
2.28529
3.83311
2.33309
3.47182
3.60991
3.36745
3.09589
3.68497
1.25975
3.64049
3.71802
1.45636
2.76718
3.19115
2.60952
3.60739
3.43758
1.06765
1.61246
0.43365
1.50051
3.79945
3.44750
3.56074
4.01136
3.53605
2.85016
2.00046
3.62929
3.24326
0.73982
2.24927
3.29644
3.40024
3.03866
3.43695
3.56027
2.15095
3.85429
3.68947
3.43601
2.52164
3.74505
2.49817
3.63412
2.64118
3.63869
3.98978
2.93983
3.87196
3.71333
2.96838
2.95801
0.67042
3.82135
1.55420
3.86976
2.64781
3.11041
3.41568
2.60176
3.29930
2.02259
0.80070
3.76853
2.05759
3.08897
1.10079
3.70956
2.35129
2.96963
3.73556
3.68417
3.55995
3.88917
3.57123
3.54287
3.05238
0.76914
2.14997
3.56961
3.81801
3.56812
2.24029
1.14882
2.39465
1.91408
3.84330
2.95058
3.61688
3.24526
3.48823
3.77698
1.81138
3.31457
3.10835
2.31781
3.55539
2.36487
2.49529
1.78413
3.61927
3.55502
2.76032
2.75261
3.10919
2.47295
3.07769
3.41309
3.52672
2.37093
3.45606
3.74660
3.20109
3.90747
3.63819
3.88011
2.76951
3.31588
1.94872
2.88819
0.84514
2.52310
3.63480
3.73187
3.58891
2.94893
3.85319
3.91654
3.31564
3.63276
2.49423
3.77922
3.85190
3.20360
2.95018
3.97506
3.97272
3.67509
1.53373
1.34329
2.82505
3.75368
3.61008
3.87393
3.79471
3.02330
3.34440
1.62368
3.19028
3.80896
1.48113
3.92242
3.17727
0.33650
3.84977
2.06922
2.75296
2.19157
2.75778
3.68321
2.08012
3.49165
1.59605
3.72860
3.16056
2.78581
4.16114
3.63752
2.59144
0.78843
2.49675
3.22240
3.94299
2.16511
2.76261
3.68312
3.57538
3.42890
0.71824
3.99412
0.91705
1.36921
2.32193
3.68578
2.19621
1.03183
2.81819
3.31963
3.26638
3.10888
1.47355
3.81597
3.13700
3.70690
3.70347
4.06946
3.81660
3.53615
3.97261
1.20840
3.64301
4.05229
3.00189
3.64580
1.62670
3.70754
2.78587
1.18802
3.49747
3.62554
3.42063
3.58973
3.49286
2.53334
3.77515
3.35040
3.96030
3.66384
1.21786
1.10357
3.16868
3.89268
0.38386
3.47142
0.27171
3.40632
4.03128
2.74479
3.79869
3.40755
3.19609
3.38385
3.03078
3.51548
3.44400
3.46575
3.21846
3.61905
3.51906
2.83265
3.31290
2.97348
3.93617
1.73153
3.23727
1.68789
2.71484
3.93494
1.40183
2.91355
2.46611
3.98698
3.50023
2.51523
3.39473
3.37913
3.74999
1.27137
0.88339
3.84279
3.08581
3.63752
3.02906
3.74271
3.75696
3.33865
3.70789
2.60725
2.14619
3.38188
3.87244
0.27151
3.69961
3.59700
3.11568
2.12288
1.62508
3.25518
3.01409
3.88616
3.99186
0.91743
3.68346
1.16123
1.32244
3.95020
1.94411
3.59002
3.55326
0.35286
2.08565
3.22724
3.84392
3.98428
2.95571
3.99710
2.38692
2.52949
3.64488
1.73849
1.39361
3.72240
3.80328
2.78186
0.99503
3.75838
3.37398
3.63872
2.04460
3.68160
3.86580
2.71110
3.32733
3.72380
3.70510
2.46045
2.80497
3.64789
2.03273
1.68105
3.76215
3.10253
1.49941
3.62352
3.36264
3.46663
1.35680
3.77990
1.27111
3.93556
3.40869
3.62953
2.05800
0.30357
3.93677
3.51061
2.61927
2.04747
3.64936
3.29790
2.59766
2.67027
3.63584
2.61214
3.03067
2.30554
3.64545
3.83027
3.80195
1.20161
3.07915
3.67437
4.06148
2.82107
3.74627
2.38414
1.22918
2.96982
3.64117
1.75090
2.71464
3.17976
3.06584
1.65452
3.57399
3.22575
3.84439
3.03383
3.92843
3.15381
1.99300
3.09381
4.02208
0.32767
3.82998
2.75854
3.76872
3.64793
4.00734
3.69796
3.72690
2.42718
1.85119
2.59683
3.96412
3.71270
3.75478
3.73401
3.99634
1.03714
3.12890
3.65734
3.53504
3.02530
2.02049
2.64594
2.89443
3.72677
1.42254
3.78358
0.85609
3.58608
0.98819
1.52943
3.38909
3.43642
3.73110
3.33077
2.48476
3.47847
1.26195
3.09924
3.86990
3.86892
2.81536
3.70678
4.20888
3.44894
3.43756
3.59924
3.44946
1.66099
3.07692
2.23173
0.55539
3.63249
3.38016
3.11945
2.88077
3.28872
3.81635
1.28037
3.48574
1.78946
0.87514
3.83133
2.81131
3.86870
3.58269
1.98779
3.96638
1.73039
3.13322
2.97287
2.91087
3.59450
3.86379
2.91976
2.72731
3.05066
3.39112
1.28740
3.11564
3.71003
3.52936
3.91125
3.62473
1.30095
3.26805
3.54049
3.67161
2.86260
3.93729
3.87924
1.74155
3.72627
3.72925
3.54091
3.07108
3.05792
4.10651
3.38462
2.82577
1.74862
4.14927
2.24816
2.25793
1.93344
2.52041
2.23782
2.83287
3.42094
3.61344
0.25182
3.66423
2.96145
3.89834
2.26100
3.09357
3.38383
0.74796
1.77643
3.82326
3.29267
3.09417
3.83038
2.36723
3.13471
3.67318
0.85391
3.82701
3.33861
3.75188
3.34712
3.89370
1.87138
3.63921
1.26743
2.37009
3.48616
3.61168
3.50458
3.00192
2.09313
3.47535
1.89530
3.62642
0.40447
2.85005
3.37099
0.92312
3.35423
1.69497
3.65479
3.05608
2.93021
2.80171
2.49287
3.16574
3.36573
2.16845
0.20633
1.88863
2.52240
3.50805
2.26242
4.01188
3.86812
3.61277
3.00247
3.55748
2.79031
3.44661
3.27936
3.81037
3.69336
3.44213
2.75622
3.60779
2.33034
2.99747
3.57436
3.94963
3.85506
2.62073
3.18998
1.94054
2.24636
3.75749
3.61023
3.24698
4.11978
4.07903
2.24104
1.87422
3.34876
3.62968
4.03793
3.50524
3.66916
3.27026
1.62691
1.05920
1.88851
2.25146
2.46781
3.94444
3.74352
0.97275
3.13589
3.90848
1.59309
3.47644
3.67229
1.69860
3.21170
2.06187
3.44184
3.43456
2.56554
3.62494
4.07739
3.85179
3.66529
3.62050
3.06962
1.66025
3.30083
3.45206
3.48680
2.98120
3.39499
3.44532
3.64699
1.36949
4.03049
3.51568
3.59176
1.67840
3.59828
2.68735
3.57907
1.91918
3.88685
2.82474
2.18343
2.87266
3.73375
3.92731
3.63961
2.90512
3.50650
3.33571
3.59364
1.75281
3.42276
3.55702
3.61916
2.72601
3.91720
3.75787
3.83032
3.98511
3.68305
3.11231
3.29487
2.62534
2.36412
3.80017
0.64448
2.66789
4.01558
3.78861
3.07668
2.59051
1.59654
3.42309
3.42807
1.43233
3.63934
1.37020
3.51657
2.92165
2.85097
3.01069
3.82903
3.17357
2.41312
1.38454
3.35210
2.34458
2.96118
3.06054
2.30949
2.49917
2.93011
0.55663
3.21889
1.90416
3.32063
2.01789
0.57359
1.39238
3.33674
3.90487
3.30696
3.38426
2.80593
2.54060
1.34684
1.97417
2.97873
1.95487
3.63152
2.76254
1.70617
2.51771
2.93212
0.87644
2.91800
3.89814
0.36315
0.81114
3.72915
3.15268
2.28050
3.83170
3.42209
3.01333
3.31323
3.71951
2.70706
1.83652
2.28070
3.59298
3.04054
3.57997
3.45550
3.67979
3.66293
3.66873
3.93923
3.49804
3.69270
3.96082
0.35428
3.24200
1.66813
3.18492
3.88408
3.22211
3.43804
4.16690
0.53405
3.67633
2.61500
0.63607
2.54197
3.46182
3.00988
3.55481
2.65717
2.16621
3.71277
3.77404
3.23015
3.61876
3.72146
4.08172
4.03805
4.02751
2.47934
2.73219
2.79401
2.96636
2.80279
2.22249
3.40862
3.52273
3.85513
3.75672
2.64279
3.70312
3.51845
2.65566
3.29867
1.77697
3.26264
3.61476
3.47628
1.93320
3.10692
3.03696
2.78151
3.62557
3.62939
3.63827
2.00986
3.12498
3.86990
0.13993
3.26116
3.60521
4.01962
2.00876
0.97108
2.61124
3.50240
3.58043
3.63944
3.14269
1.25503
2.08223
0.30922
2.52282
3.42788
2.33009
4.06060
3.67964
2.62956
3.96674
3.94713
2.61752
4.08975
2.22656
3.81467
3.75744
1.62719
3.79433
1.93075
3.09455
3.01720
2.64200
2.91724
0.17938
4.15501
3.84200
0.87563
3.25380
2.96526
3.24834
3.62293
2.77513
3.97564
2.74459
3.78836
3.48369
3.72175
2.15066
1.59719
1.94767
2.04787
3.98814
2.82823
3.92462
3.00711
0.82492
1.42126
1.15921
3.23815
3.76675
1.83090
3.69610
2.06276
2.54407
1.79300
3.74255
3.62822
0.84963
0.88755
2.43498
3.66599
2.88121
3.80209
2.98980
2.16545
2.34906
1.48677
3.71807
2.82936
2.47696
3.59737
3.02577
2.90964
3.24819
3.52180
1.66836
2.40938
3.96827
3.61115
3.12389
3.68235
1.93234
2.45085
3.68710
1.53682
3.74838
2.60325
1.96910
3.65508
3.20745
3.86417
3.72635
3.47606
3.63555
4.06642
3.67472
3.84676
1.17006
3.18461
1.41755
1.77778
3.75263
3.03859
2.19691
3.83331
2.60219
3.36153
3.29187
2.50621
2.60669
3.42676
3.43730
1.34300
3.93314
3.57121
2.47770
3.15244
2.34750
1.18818
2.01819
3.26678
3.75221
4.17527
3.78255
1.80728
3.81308
3.93272
2.80889
1.35457
2.37014
3.40198
2.36943
2.95902
3.52239
3.07326
2.98370
3.68436
3.82451
3.44121
3.72029
1.81387
3.97399
0.58720
3.26437
3.05407
2.80807
2.53501
3.04027
3.14071
3.18783
2.61878
3.12204
3.85966
3.61955
3.38138
2.53796
4.07534
2.80955
3.00357
0.79365
3.42303
3.45162
2.05350
1.84464
3.75321
3.52323
0.29472
3.66070
3.13950
1.62266
2.78205
3.73919
3.55014
0.05040
2.13216
2.93857
3.45441
3.84453
0.50867
0.95193
0.82303
3.77521
0.22561
3.51108
4.07011
3.41094
3.27631
2.17155
1.33379
3.64169
3.24098
1.40539
3.58748
2.58578
1.71520
3.65623
2.35272
3.59175
3.30834
0.43736
3.79828
2.88216
3.60010
3.68605
2.11494
3.22085
4.02740
2.58259
3.29196
2.20775
0.30610
1.97660
1.95499
3.59466
1.35529
3.38145
3.38802
3.53286
3.10973
3.00758
1.11189
3.24747
1.78401
3.85583
3.74675
3.24232
3.95874
2.63334
2.54488
3.41606
3.14160
3.45693
3.22756
2.84961
3.74980
2.23368
2.80526
2.12947
2.34042
1.46226
3.52010
2.79040
2.84732
3.41098
3.98276
3.36186
3.53515
3.62628
2.27137
2.97620
3.59005
3.76995
3.49264
3.04273
3.80070
3.53328
4.00231
2.20797
1.02871
1.21364
3.25496
3.71569
2.14623
2.53949
3.58579
0.66452
3.52982
3.83995
3.44634
3.60423
0.63263
3.80001
4.00734
3.35115
3.93427
3.63563
3.45136
3.86529
2.06963
3.72709
0.00370
3.72348
3.48180
2.74838
3.79444
2.51485
3.48647
2.66006
2.68520
1.59948
2.70997
0.93288
1.50534
2.92826
3.27953
3.27451
3.58502
2.80131
4.13570
0.40710
3.60638
3.26435
2.26715
1.14548
3.42074
3.78055
1.34215
3.65843
2.42307
3.22016
2.47970
3.32073
1.50918
2.25974
3.25198
1.63288
3.40810
2.65818
2.44758
2.86304
3.41454
3.10115
2.08183
3.58557
3.69301
2.36115
4.24698
2.68973
1.69805
3.92558
2.00826
2.91338
3.72012
3.89193
3.83117
4.13778
3.55500
3.55164
1.53265
2.83111
3.30669
2.99820
1.21828
3.84325
3.97809
2.88661
3.45504
3.88512
3.93966
1.95784
2.86514
2.59179
3.97395
3.27470
3.01468
2.88706
3.06410
1.38065
3.98090
3.85599
2.63429
1.48929
3.00899
3.15458
2.29550
3.28655
3.78029
1.52793
3.29642
2.59180
2.15833
3.39331
3.14220
3.56877
0.31185
3.46234
2.44609
3.37053
1.74521
2.92868
3.09968
2.95644
3.25897
2.00593
2.85543
3.72518
4.12108
3.52793
2.25039
4.11998
3.80731
1.26561
3.38169
0.27614
3.35726
2.15584
3.10205
2.76593
1.72660
3.97692
2.19709
3.06461
3.44217
3.45309
3.88486
2.80885
3.47463
3.47804
3.18761
2.88485
3.72507
3.86517
2.41070
3.46436
3.73818
2.93809
3.20244
3.73683
2.84426
1.23203
2.82049
3.29013
2.48053
1.51763
2.14582
1.92432
1.44180
4.03558
3.75515
2.53630
2.37834
3.50074
3.38840
4.18340
3.39647
2.61814
4.06648
2.63749
1.62644
3.53777
2.44664
3.78000
2.37894
1.28771
1.26343
4.06434
3.35275
2.20828
3.22391
3.54431
3.64505
2.85173
2.35326
2.52700
1.50233
3.25587
3.03820
1.53513
3.69906
0.63675
0.41144
3.68515
3.74601
4.10035
3.47986
2.40041
3.33697
3.49916
2.85414
3.49861
3.36028
3.73616
1.62888
3.78789
3.25088
3.16476
3.67684
4.07039
2.64784
4.12497
2.96186
2.76447
2.47603
3.23002
2.63129
3.01013
3.29823
3.90478
2.47291
2.89810
3.40547
3.05849
0.55136
1.81288
3.07667
3.67262
2.15617
3.71783
1.80929
0.53663
3.68558
3.58328
3.39332
3.55070
1.78557
3.59084
3.50423
3.22747
3.89777
3.91616
3.66329
1.14867
2.19028
3.80330
3.80275
1.11363
2.64594
3.93973
1.85107
2.47447
2.48827
3.14069
0.57760
3.65698
1.96581
0.20903
3.64256
3.81890
0.50242
2.78364
3.82411
3.32467
3.45282
2.88559
3.02036
4.05029
0.84433
0.60400
3.62892
3.34425
2.28076
1.43875
1.38428
2.16703
3.51441
3.36251
3.67943
3.87701
3.78746
3.77236
3.45481
1.06678
1.71376
3.78619
3.69328
3.22115
2.25032
3.14777
1.24365
3.79046
2.68394
2.95737
0.77052
3.48650
2.63879
2.02698
3.41920
3.71435
2.57841
3.50905
3.75263
3.77046
3.45655
3.74834
2.88045
3.20108
3.86559
2.59638
3.23627
1.34584
3.39553
3.22592
2.85419
3.16402
3.04907
2.75958
2.13107
1.73298
3.27455
3.60798
3.61306
3.74936
3.60046
3.38554
2.73556
3.75697
3.43231
2.25242
3.68968
2.43757
3.29574
1.11453
3.67107
3.37913
2.09026
3.63872
2.73197
3.38711
3.38366
3.21592
1.04083
2.88384
1.65907
3.03340
2.98410
2.51110
3.43698
3.35356
1.73792
3.13240
3.72141
1.71138
2.09479
3.83090
2.87746
3.91917
3.34268
3.61351
0.49903
3.46764
3.41924
3.97656
2.35905
3.72985
2.16319
1.26089
3.64387
3.79731
3.58008
1.95564
1.60461
1.60139
2.99223
3.25273
3.26542
3.87044
3.67120
2.39092
1.34402
2.22737
2.63595
3.98364
3.44615
3.66528
3.97285
3.53107
2.87379
2.85782
3.11409
1.85841
1.65950
3.62505
3.43677
3.13457
1.41313
3.58022
1.51255
2.36747
4.01337
3.06077
3.90774
3.21564
3.42544
1.73935
2.99973
1.36121
3.43169
3.53831
3.61361
1.43955
0.19097
2.59447
2.41014
3.06519
2.18387
3.75270
2.53737
1.07022
3.93655
4.13440
0.06137
3.16638
2.71953
1.11996
4.01359
3.68353
3.28122
3.86062
1.72782
3.54114
2.36439
2.73437
3.45158
2.95246
3.73396
3.58511
3.89279
3.00564
3.68423
2.06228
4.00659
2.20900
2.20900
3.71783
3.40256
3.08131
3.30791
0.97111
3.19578
2.07514
2.33114
2.91846
3.84831
3.21387
1.59771
3.06143
3.62252
1.36933
3.08221
2.86129
2.57086
0.89620
3.46250
3.92071
1.84018
3.88329
3.02259
2.69154
3.77694
3.55430
4.01489
3.59327
3.71617
2.30270
3.81124
3.61391
1.97106
2.14330
3.05099
1.13106
3.50225
2.55311
2.66859
3.66186
1.92432
3.81893
1.35211
3.30483
1.22360
1.37526
2.12072
2.15435
2.65784
3.85993
3.56794
2.89331
3.55099
3.29097
3.21617
3.94286
3.05102
3.79909
2.69794
2.98906
2.18324
3.37636
1.98171
3.57720
3.54321
2.26360
2.74729
1.76445
3.47528
2.43436
3.67600
4.06140
3.51137
2.74596
3.25878
1.32726
3.61041
3.67312
2.78746
1.99983
1.50070
0.22559
3.39248
2.52748
2.70022
1.49514
2.77807
2.55004
3.12627
0.88097
1.41564
3.78425
3.87786
3.74090
2.12075
3.42101
3.92195
0.78589
3.87923
2.41998
3.59158
2.44326
3.43150
1.78501
1.31625
2.72676
2.10619
3.28848
1.52650
3.64206
2.27655
3.81831
1.28505
4.01404
3.70094
3.77983
3.60561
2.43926
0.53826
3.80405
3.59012
3.69218
3.71947
3.32479
0.96676
1.61343
2.64794
3.89325
2.94435
2.33500
3.24187
0.84150
0.64224
3.77595
3.20330
2.17687
3.86780
3.66582
3.92633
3.56923
3.74688
3.03965
3.67760
0.37429
3.78864
2.85944
3.59145
3.25832
2.23542
2.00984
3.74775
2.87547
3.88664
2.65254
2.68102
2.01732
3.84214
3.83467
2.56504
3.78917
3.77799
3.63568
0.92639
3.93354
2.70213
3.21404
3.71304
3.10227
3.55375
2.73086
0.84525
3.89221
3.14219
3.90809
4.12230
3.49016
3.35037
3.66164
3.26100
2.14321
1.30607
3.67811
2.81615
1.71107
3.34405
2.39730
3.62014
3.41651
2.35828
1.90586
3.98743
3.75695
3.71831
3.12165
3.78309
1.72478
3.63897
3.53988
3.27625
3.55842
2.17417
3.91209
0.98666
2.84907
1.46409
3.60483
2.67349
3.71042
2.63786
2.97723
3.95989
3.78681
2.76639
0.51801
3.02167
3.45453
1.77605
3.66669
3.72090
2.90822
3.94140
3.49354
3.95181
4.10938
2.14081
3.63475
4.15779
3.29567
2.69539
3.24684
3.38883
3.09881
3.99156
1.56896
1.88620
0.74487
3.76756
3.58891
3.68682
4.00066
2.49325
2.90060
2.60947
1.41317
2.87376
3.84621
3.96115
2.74541
3.27173
0.71544
3.98120
3.41335
2.48597
3.09161
1.92273
1.51100
3.76090
2.85787
3.81724
4.03439
3.47917
2.74932
3.52170
3.34192
3.91812
2.29142
2.85494
3.93826
3.79598
2.96831
3.73269
3.01405
2.76656
2.65472
3.19501
2.72244
2.65514
2.59696
3.65102
3.23084
3.14546
1.59059
1.84954
4.00806
3.19518
3.43928
4.12388
3.71684
3.69085
2.95921
4.04872
2.45099
3.49265
3.41916
1.33368
3.28019
3.60696
3.96197
1.33573
3.92732
4.10220
3.62807
3.62373
3.61016
2.97922
1.19466
1.65086
3.36537
3.86163
3.42900
1.98432
2.65402
1.98403
2.14185
3.93868
3.84631
0.68978
0.42037
3.78708
4.05752
3.35681
2.74211
2.90049
3.56934
3.46760
3.85180
2.31418
2.71396
4.02687
1.39939
3.76719
3.58969
3.84490
2.61787
3.31640
2.04232
2.61858
2.78575
2.61590
0.99299
3.69862
2.88342
3.72237
3.68836
3.26280
2.97651
3.81059
3.37024
1.72377
4.01155
3.92818
3.67601
2.68639
3.46943
3.77075
3.53358
3.82357
3.18867
3.75497
3.59174
1.98736
3.26180
2.56534
3.52800
3.98118
1.81423
3.60462
3.68056
3.86988
1.36299
3.91248
2.85612
2.83373
4.06177
3.65838
3.19451
2.67229
3.67878
3.71921
1.20767
3.18613
2.97943
3.89412
3.93389
2.61284
3.63874
2.57197
3.94211
2.40667
3.70613
4.11436
2.98751
3.32072
1.40545
2.83267
1.74239
3.90754
1.54522
4.21208
3.06030
3.40070
3.02066
3.84400
3.00166
3.85673
3.72941
3.53021
1.06140
1.53230
2.08638
4.08033
3.78159
3.95745
3.30048
3.07066
1.78958
3.05599
2.95629
3.90607
4.10596
3.75520
3.46777
3.43779
3.25350
3.20012
3.58029
2.39397
3.19251
1.13683
1.28325
2.77819
2.29023
3.80465
2.94166
2.35186
1.75577
3.98573
2.87717
3.37113
2.06642
3.52430
3.16532
3.35780
3.61653
2.17247
0.34541
3.17714
3.39917
2.70057
2.94745
3.43282
1.43991
3.87555
1.26529
2.37998
2.56114
3.50073
4.20650
2.56880
3.55487
1.93910
1.63412
3.49396
2.81688
1.83375
3.18387
1.49812
3.67471
1.25094
2.60372
2.25008
1.76533
3.75444
2.71597
4.06726
2.09604
3.48154
3.10694
2.54636
2.83401
2.56473
2.28434
2.40779
3.09461
1.49989
3.59154
2.87994
2.99564
0.93364
3.44223
2.28955
3.29605
1.65088
3.81296
3.52035
3.81903
4.08395
2.78160
2.31255
3.73031
3.63473
3.89877
1.46317
3.06882
0.97058
3.33974
2.82424
3.30643
3.44898
3.32939
1.79487
2.81284
3.76280
1.19891
3.44493
2.84342
2.10790
3.37993
3.35595
3.09618
3.16646
3.83080
4.09373
3.10846
1.09154
3.51464
3.70565
3.47958
2.55931
2.72665
1.42865
2.64456
3.71934
4.00159
1.24645
3.49751
2.57368
1.04380
3.25569
3.74732
3.28343
1.18503
3.35326
2.54495
2.70857
3.42971
3.12978
3.80225
3.55588
3.44364
3.77535
3.26672
3.47508
2.52256
2.12060
2.45441
1.94339
2.84399
3.09674
3.18994
3.51492
3.71921
2.71587
2.97653
2.71828
3.95657
3.38208
3.44433
2.50805
3.89249
2.92698
3.43634
2.70981
3.53728
2.90055
3.60672
3.36617
3.77853
3.35017
3.93616
3.45316
3.56769
3.85965
3.90347
2.79226
3.12288
2.95085
3.65512
3.59773
3.91320
0.28474
3.38299
3.94204
3.97552
3.48517
1.58420
2.84324
3.42100
2.40660
3.88725
3.40905
4.01014
1.63079
2.02986
2.98675
2.03872
3.42419
0.14290
2.40043
3.85940
3.59679
4.07803
2.63190
2.43451
1.41063
3.71500
1.79622
1.23465
3.98121
2.62297
2.91690
3.87527
3.76884
3.12231
3.75251
3.48231
3.19756
3.46472
3.11968
2.84925
3.63753
4.07005
1.41003
2.98511
3.83873
3.68968
1.53662
2.08129
0.94436
3.90645
3.34535
2.38992
3.83880
2.59610
3.62654
3.72483
3.64634
3.83881
3.64635
2.62588
1.08733
3.22022
3.83720
3.45917
1.60818
0.73302
3.65290
3.43239
0.32070
3.71013
3.89606
2.05032
3.47811
3.14935
3.65889
2.34754
1.39492
0.38421
1.69237
1.26749
2.03244
3.62664
1.01372
0.15479
3.74984
2.17268
1.27784
3.38589
2.04804
2.60421
2.77654
3.40896
2.81263
3.53600
3.96343
3.57626
3.46012
1.52464
0.99106
0.99897
4.13260
3.32395
3.17496
3.62251
3.21688
0.80531
3.68606
3.87837
1.62563
3.04502
3.66337
2.30757
3.84090
2.56939
2.91241
3.25406
3.98470
2.89414
2.15013
3.50802
3.32042
2.88004
3.04300
3.58354
1.55818
3.88406
3.84027
2.24813
1.46241
3.52527
3.56475
1.09386
1.76751
3.74785
0.55224
3.75169
3.61322
3.96572
3.30440
4.07969
3.52107
1.04704
1.63663
2.92923
3.68431
3.44566
3.99061
3.14352
3.79428
1.16435
3.65072
3.55442
3.08732
3.76424
3.89413
1.70880
3.45586
3.05977
2.96891
2.68284
3.38062
4.12033
2.86712
2.67999
3.56226
3.99447
3.55533
3.97190
4.06983
3.96680
2.42729
3.30778
3.48778
2.39066
3.43737
3.84997
2.43183
3.78613
3.78835
3.03239
3.42977
3.93403
4.03318
3.06058
3.90930
3.14472
3.88282
2.75860
3.34908
1.20121
3.74968
2.51698
2.94558
1.52539
3.74588
2.29893
1.76156
3.46644
3.66299
1.28945
2.75793
0.90881
3.61033
1.34632
3.44705
2.41965
2.10826
2.09819
1.60740
3.98239
1.58416
3.87992
3.67818
2.68443
2.52661
3.81978
1.58447
2.25881
3.95677
3.35860
2.66305
3.33219
2.77902
1.99728
3.02585
3.82729
3.82124
3.87045
3.68867
3.77796
0.30939
3.41962
2.57449
2.30081
3.74148
2.47090
4.02087
3.17066
3.33553
3.31387
2.27640
4.05263
3.18880
3.55035
2.65945
3.79554
3.28943
3.45194
0.99635
3.53295
1.71196
3.13757
3.77129
3.76050
2.92586
3.63645
3.62796
3.83055
2.61384
3.85148
2.31859
2.59980
3.78624
2.07326
3.05073
4.02648
3.37557
3.89271
1.61801
1.35368
1.85615
2.29187
2.33344
1.74610
3.26711
1.82012
2.37727
4.04110
3.77806
3.99430
3.44504
3.48261
0.00010
1.67544
2.06326
0.75332
3.67076
2.01548
0.01756
2.28733
3.73502
2.83205
3.42473
2.10862
3.17412
3.93541
3.53661
0.96988
2.77813
3.32113
3.97958
0.87541
1.05641
3.04933
3.71690
0.67016
0.12619
3.84233
2.90506
2.66248
2.79195
3.76549
3.26465
0.39584
3.56722
3.61439
3.46754
3.36922
2.96531
3.71061
3.40689
3.46296
1.36626
2.58277
2.25795
0.99151
3.34973
3.17898
1.12319
3.41284
3.52856
1.19253
3.33000
3.57573
4.07218
2.85413
3.10349
3.72714
3.48226
2.01646
3.67201
3.26711
1.84693
3.78902
2.83600
0.30240
2.86147
2.94995
2.20239
2.11360
3.78911
3.34208
3.73441
3.67911
3.52726
3.47716
1.22886
1.24727
2.75738
3.31630
3.85359
3.58754
3.75712
3.51911
2.99615
1.55456
1.68918
3.62150
3.65480
3.63655
2.52084
3.65305
3.86459
3.23420
3.60276
2.86336
2.74310
2.63457
3.28059
1.51217
3.33361
1.16168
3.79488
0.86093
3.13202
3.69870
3.51570
2.23168
3.51866
3.44551
3.94411
3.67322
4.01562
2.50555
3.02160
3.19856
3.81699
3.79423
1.90406
2.31301
4.00071
2.65530
3.23525
2.99174
3.09827
3.61169
2.46312
2.66106
3.75771
3.84057
3.28903
3.72219
2.34310
3.02661
3.87443
3.15476
4.01130
3.26081
3.51583
3.39503
4.07974
2.32124
4.02807
2.87079
2.62930
4.06358
3.85068
4.02582
0.90193
3.06035
3.78269
4.01326
2.83257
3.94698
1.04905
3.91268
3.80787
3.62514
1.63019
3.94101
1.43492
1.00326
3.73686
3.75136
3.76888
1.84230
2.28326
3.52805
3.78501
3.99405
3.07411
3.54265
3.61304
3.82258
0.92211
1.83264
3.28763
3.25564
2.29030
3.22620
3.05135
3.70975
1.41435
3.63163
3.59050
3.94655
3.91859
2.10455
3.46900
1.25588
2.61933
2.85795
2.43389
3.80904
3.34805
1.35524
2.15275
0.88430
3.27897
1.02346
3.54883
3.62536
2.54584
3.65822
3.03462
2.12847
3.31318
3.03790
3.30208
3.31385
3.42973
4.06369
1.84610
3.94963
3.35994
1.56717
2.68134
3.56000
1.92922
1.62261
3.82729
3.70059
3.51583
3.64628
2.55564
3.62146
2.02060
2.52327
2.55124
2.71252
0.52815
0.73502
1.27829
1.29948
0.82803
1.66849
3.42146
2.30523
3.57667
2.06699
2.23201
3.31544
1.40878
0.69435
2.18190
3.70926
3.51703
3.59123
1.61221
1.26284
3.14638
1.22734
3.53951
0.82038
1.77330
3.89290
3.72603
3.53801
3.86880
2.90387
3.79926
3.33656
3.75394
0.21427
3.55110
2.58953
2.94075
1.21627
2.11353
2.62117
3.48614
3.32215
2.61386
0.85142
3.75567
2.49897
3.79277
3.32029
1.64965
3.70766
3.33158
1.78939
3.60723
3.28893
3.06629
0.53224
1.29547
3.53153
3.83229
3.26940
3.04601
3.77495
2.93961
3.61240
3.73951
3.45114
3.83051
3.07942
3.65211
3.95694
3.08056
3.55584
4.07250
3.66191
1.67810
2.85882
3.25044
3.36681
2.02472
1.63348
3.60478
3.28742
1.51555
3.67521
0.62976
3.61627
2.15011
3.50749
2.53605
2.95327
2.53352
2.52745
2.54691
3.82651
3.00458
4.04812
2.13557
3.47668
3.34815
2.81883
3.81891
3.37312
3.58420
3.71470
3.63892
3.08463
1.50298
3.74775
3.04968
3.77509
3.86604
3.57369
3.82712
3.87755
3.97808
2.96630
3.53541
2.77297
3.71466
1.07843
3.80373
3.51859
2.89881
0.80766
3.27775
3.51845
3.22241
3.76831
0.26760
3.66183
0.75051
3.47037
3.80291
3.10533
3.79227
3.07264
3.69089
3.91287
2.25465
3.48562
3.39766
2.72742
1.65315
1.32729
3.47356
3.52369
1.72635
3.82995
3.91530
3.69356
3.60819
0.11938
2.71611
2.44716
3.74653
3.48025
3.62471
1.39288
3.58381
4.02130
2.72662
3.55773
2.24588
1.97851
4.14002
1.14671
2.57989
1.09300
3.15081
3.76668
3.93486
3.94620
3.52062
2.04562
2.70638
2.41372
3.45727
3.13294
1.02440
3.51163
3.48572
4.05086
3.22359
2.50700
2.55340
3.79054
1.97440
3.51284
2.92248
3.42659
3.26600
3.31887
3.31083
2.46108
3.54065
3.32798
1.57603
3.71032
3.52244
2.93035
2.59183
1.21286
1.94076
1.60037
2.45138
2.93104
3.80920
3.46957
3.91984
3.09510
2.91904
2.98036
1.41710
0.87990
3.34350
3.09037
1.69826
2.76677
3.08799
3.46016
2.53772
1.04883
3.52460
2.26330
3.55980
3.91192
3.34768
1.47524
3.16828
2.60262
2.54702
3.87764
2.43668
1.29885
3.30151
2.64235
1.50832
3.75494
3.84430
3.01424
2.87328
1.84430
3.91355
2.04902
3.59848
3.48766
1.35703
3.63843
3.37241
1.33545
1.88360
3.68226
3.42996
3.54560
3.40379
1.51620
3.53891
3.61981
2.75500
3.81419
2.10743
1.79919
3.19020
4.12795
2.91323
3.51306
2.33187
3.51862
2.31600
0.93644
2.63696
3.93672
3.48453
3.79690
2.96899
3.73889
3.01051
3.54551
2.04046
3.30171
3.46140
4.05365
2.79400
3.66858
3.22425
3.77540
3.60010
3.22021
3.75072
3.63481
1.73420
2.11303
3.09451
1.98621
3.22527
2.06833
2.15522
2.62803
2.79554
3.76008
1.10078
3.89801
1.33835
3.18044
2.05420
3.63731
3.31508
4.18413
2.95593
3.22565
2.95293
1.68657
0.83588
3.87277
3.62018
3.15756
3.40992
2.77929
3.25686
3.75549
2.96674
4.00070
3.48744
3.42773
1.44724
3.68401
2.34782
3.16634
3.10946
2.79972
3.11420
1.03999
1.35107
3.39767
1.13107
3.24878
1.75960
3.80279
1.33796
3.91418
0.68046
2.11687
2.78235
3.99662
3.48562
2.50905
2.10968
3.04580
3.42076
3.33196
3.76604
2.94082
4.04770
3.13953
2.08334
3.45135
0.82699
2.24700
1.47028
3.77310
3.61300
3.96380
3.51398
3.48387
3.93284
3.47305
2.03292
2.63984
3.11605
3.57007
3.55324
4.05904
3.85314
4.02361
3.77020
3.67057
0.66033
2.47106
3.90398
2.86262
1.25279
2.92127
2.90106
1.01823
1.44192
2.00875
2.93095
3.67560
2.59139
2.05208
3.34469
3.20099
3.67370
3.63269
3.64358
1.37736
3.24959
3.82199
2.22280
3.31806
3.87683
3.38797
2.65381
0.86722
2.97191
2.01404
0.03013
2.97663
2.61366
2.78827
2.41995
2.89458
3.67416
3.79130
0.71823
3.95964
1.83197
3.10954
1.03194
4.06720
2.88301
2.90118
2.88328
1.59335
3.09265
0.65226
3.51548
2.44157
3.23707
0.79126
0.58047
2.07255
2.81730
1.62955
2.39321
3.34391
3.83797
3.61293
3.46587
0.49402
2.22197
1.86489
1.86243
3.71322
2.84112
3.21793
3.46568
3.71063
1.19291
1.24003
1.22101
3.42447
0.85452
2.78911
3.70315
3.87228
1.02183
3.10580
2.63624
2.48035
3.78773
3.74407
2.38617
3.23280
2.29910
3.63889
3.56044
2.53653
2.71185
3.35928
3.40065
2.74761
3.04062
3.68869
3.68128
3.77111
0.93865
2.97163
3.33519
2.88355
3.65546
2.94506
3.99517
3.62656
3.46472
3.51020
3.10511
3.38677
1.42680
1.85407
3.49507
3.74353
3.77016
3.60421
2.30779
1.54703
2.87848
1.24999
3.50343
3.94803
1.11139
2.15985
2.39743
3.45774
0.66011
3.00467
3.93155
3.74815
3.78152
2.66725
3.78067
3.80973
3.66834
1.94066
2.79627
3.53592
1.80244
3.27752
3.70745
3.99446
3.37929
2.87462
1.69454
2.59860
3.55879
4.10918
2.77152
2.60315
3.77674
2.20370
2.27071
1.99087
3.31160
3.32737
3.56819
3.25706
2.73208
1.12203
3.16153
3.55152
3.53488
3.45954
3.42306
2.71528
3.57545
1.69553
1.33465
3.51014
3.74949
3.64556
2.43115
3.80892
3.60624
3.48577
2.81591
3.22563
3.63324
1.89494
3.26599
4.06327
3.76667
3.50214
1.11211
2.90535
1.23895
1.14820
3.50749
3.63601
2.56906
1.37396
4.04918
3.83711
2.86263
1.93025
3.66595
3.18463
2.07334
2.44883
3.59404
1.24292
1.48909
3.73800
2.55721
3.20525
2.74170
3.64829
2.44988
1.90277
3.91032
2.25711
2.87825
3.28849
3.83553
3.58806
3.23184
3.62373
3.57065
3.60576
1.70860
3.99128
0.76109
3.08329
3.33351
3.35023
3.42642
3.99376
3.78486
3.61303
3.08114
2.92500
2.40644
3.38212
1.10589
0.76106
2.37444
4.01334
3.72531
3.88583
1.87857
3.71669
2.37588
3.81791
3.78101
3.54564
3.61332
3.91435
1.51352
1.31344
1.58896
3.72643
1.08662
2.95149
3.16870
2.93187
2.80977
3.61034
2.96131
0.81257
1.51695
3.59053
3.70962
2.17061
3.85280
3.58071
3.83459
3.43379
3.21738
3.46609
0.61092
3.08885
2.28495
3.58938
1.90180
1.30999
3.05080
3.03979
3.87767
3.12934
1.16144
3.00403
2.54803
1.86219
3.77728
3.68388
2.03489
3.46199
3.04355
2.93092
3.10217
3.47134
3.57412
1.97887
2.95929
1.90584
3.91862
3.09111
3.66175
3.44341
0.97419
3.06718
2.05760
4.07910
1.95283
3.85465
3.89816
3.99003
0.56725
1.76335
3.87785
3.46916
1.71359
3.38667
1.79283
3.01335
2.93026
3.59170
3.63776
3.49089
3.43922
2.16496
2.28131
3.77221
1.19196
1.00306
2.80767
2.27234
3.91635
3.92730
3.01178
3.73105
2.58872
3.65915
2.13789
0.93037
1.54724
3.78078
3.84890
3.61544
3.69796
3.04720
4.01787
3.62590
1.62037
3.63485
2.00836
1.69379
3.01697
3.81134
3.81809
3.67256
3.48441
3.89699
1.27397
4.12659
3.23786
4.00993
3.66676
3.04447
0.48514
3.98571
3.13848
3.41998
3.11599
4.14227
3.50438
3.87388
3.62871
3.32568
2.20565
2.47241
3.81736
0.67511
3.34458
3.06407
3.39477
3.72393
1.32337
3.28445
3.17576
1.83428
3.33806
3.65618
2.90551
1.86752
1.43990
3.47279
1.02268
2.94476
1.74218
3.29694
2.55578
3.31316
3.60304
3.36551
2.05696
4.02455
0.22572
0.89869
3.22117
2.50456
3.30093
3.47376
2.82651
4.00954
1.75292
1.66561
2.71137
3.43410
0.12889
2.66455
2.17742
1.71637
3.23918
3.06931
2.80518
2.63233
3.44437
3.95799
3.96671
2.83372
3.59320
1.14929
3.77804
1.86502
2.90244
3.92134
3.13212
3.39591
3.10389
2.29735
3.36600
1.25876
3.00940
3.41514
3.93278
2.76710
1.52721
3.54292
3.51281
0.49480
1.81070
2.10143
2.11640
2.84659
2.42836
3.50015
2.85815
3.91098
2.73056
2.37465
2.04588
3.05133
1.75471
2.93842
3.26892
3.34281
3.93617
2.65500
3.50105
2.38820
3.15871
3.69112
3.62393
2.67884
2.71708
3.54301
2.67304
3.28361
2.38870
3.31125
4.15486
2.34270
1.69788
3.91438
3.88816
2.88568
0.60688
2.40722
3.80139
3.05714
3.44205
4.02548
0.83431
3.86017
3.69054
3.82095
4.09128
1.99851
2.67768
3.38434
2.06289
3.57280
3.67816
3.08827
2.99292
3.04965
2.80910
3.44263
3.73019
0.29843
0.75534
2.74679
3.25591
2.17252
3.90242
1.18865
3.83775
2.60710
3.61157
3.36060
0.07634
3.83756
3.12962
1.74633
3.40672
2.96433
3.10103
3.19430
3.27463
3.46561
3.64888
4.05065
3.50669
2.07072
1.48856
3.21794
3.33527
1.90606
3.69309
3.10012
2.41924
2.98638
2.79889
3.58012
1.67823
3.76054
3.38733
1.27957
3.49826
3.43350
3.67109
3.43250
3.32550
2.29566
3.51587
3.49737
3.60934
3.58319
1.93988
3.81872
3.72578
3.44354
3.72802
3.68894
1.65267
3.87271
3.57825
3.06824
2.10471
3.06042
3.14764
2.41045
2.54508
3.60783
3.89005
2.70482
2.69357
1.20501
3.38034
2.71158
3.83086
3.86785
0.82376
1.48755
2.99560
3.25657
4.11102
2.79699
4.08250
3.56408
3.60436
0.07698
3.06554
3.95819
0.90015
3.82087
2.97768
3.86102
3.33029
3.70363
2.54977
1.92580
1.28469
3.08252
3.24471
3.30277
3.77622
2.91020
1.21327
3.95798
3.92801
3.12618
3.73964
2.93626
3.86281
3.55395
2.34392
2.88073
3.82440
2.73461
0.39881
1.50822
3.88720
2.43552
3.54683
1.68956
4.02206
1.63961
2.78199
1.23874
3.50543
3.68743
3.59294
3.38363
3.49141
2.37755
1.41013
1.72398
0.82048
2.48592
4.08554
0.85447
1.13137
2.34245
2.89559
3.87050
3.66252
3.76717
0.53924
2.65688
2.98227
1.51679
1.77816
1.75042
3.78676
2.50452
0.27503
3.69444
3.12054
3.80581
2.55330
1.26335
1.19577
3.01463
1.35837
2.83062
1.05477
2.37763
3.55507
3.71933
1.49746
3.49570
1.88797
3.93065
3.74568
3.05600
3.84707
3.21421
1.23928
3.63817
2.91596
3.75427
2.28542
3.83509
4.06099
2.24119
2.16830
3.48569
3.09775
3.62142
2.72347
3.27552
0.79111
3.35856
3.03174
3.89793
3.74443
3.62103
2.38356
3.51117
0.03595
3.99300
1.78378
3.72325
2.70832
3.62087
4.03806
3.77645
3.94939
3.58894
3.26029
2.37977
3.90910
3.51775
3.69620
3.67299
3.62674
3.66962
1.78974
3.76989
3.63481
3.19735
3.26368
3.75128
3.61662
2.85022
3.30740
3.98604
3.32395
3.84442
3.76640
3.53298
2.54531
3.55594
3.67052
2.69705
2.97820
2.02099
3.40756
2.43988
0.74964
1.83941
2.03090
2.26403
2.49834
0.76366
3.87996
3.01357
1.69457
3.69097
3.61579
2.63575
1.01681
2.92466
3.28918
2.19164
3.53159
3.49362
3.60746
3.71004
3.87538
1.45928
3.03065
3.08802
1.44567
1.90141
4.07112
2.88235
3.84873
2.80762
2.97730
2.40351
2.65166
1.65400
3.83129
3.38851
3.54027
2.86371
2.23589
2.51099
3.14806
4.00845
3.67810
3.30550
2.02704
2.63878
3.74828
3.55350
1.96227
3.52343
3.21493
0.31146
3.75506
0.89800
3.51992
2.73721
3.53763
2.32423
3.67801
3.92661
2.51775
3.36954
3.54041
3.63683
2.89187
1.89368
1.92274
1.91079
2.59362
2.46118
2.94648
2.06035
3.79175
3.35874
2.01347
3.66021
1.36279
2.35980
1.21344
2.51984
3.65573
3.36769
0.35678
3.31998
2.88942
2.97245
3.53560
2.70550
1.24091
1.90844
4.05118
3.64189
3.58072
3.29701
3.33224
3.48473
3.62251
2.99156
3.64789
3.63360
3.58811
2.57009
3.86612
0.90673
3.54724
3.81992
2.84882
0.82551
2.12391
3.45679
3.74553
2.80914
3.25913
3.49132
2.91597
3.57721
3.40878
3.13522
2.44822
3.30643
1.38630
3.90245
3.88489
3.20279
1.10310
2.03922
1.82697
2.34705
3.27484
1.61030
3.68025
3.54082
3.15374
3.78678
2.16915
1.91309
3.76866
3.64988
3.30796
2.73739
2.71264
2.68284
2.00017
2.91744
2.54658
0.76268
3.93653
2.86999
3.79365
4.10586
3.02694
2.96058
2.52872
0.59578
2.37479
3.16046
3.40982
3.59541
1.62233
3.40104
2.38272
3.39502
3.66281
1.56512
2.91469
3.42350
3.63494
2.54256
3.08491
3.40946
2.03030
3.48964
3.90694
2.09042
3.52622
1.35819
3.82946
4.02714
3.53202
0.40088
1.91127
3.70659
3.41865
3.44961
3.26325
2.69372
3.84076
4.02668
3.09753
3.85837
3.23715
3.94488
3.16557
3.29088
3.49003
3.72764
3.52607
4.03942
3.12951
1.39904
3.47140
3.59785
3.65481
3.72478
3.84238
3.75002
1.84665
3.81657
4.01259
4.05895
2.21147
1.00726
2.85753
3.13936
1.13278
3.76020
2.55538
2.70088
2.99355
2.85333
3.12388
3.71676
1.63469
3.73904
3.58130
1.45320
1.51549
3.71577
3.77883
2.92953
2.63410
2.91769
1.55435
2.28246
2.40784
1.60551
3.72406
2.73893
4.05305
3.93909
3.76704
3.51901
2.76548
3.70421
4.01831
2.50557
3.91430
2.79178
3.59700
2.72334
2.86658
3.25407
2.14887
2.20983
1.83059
3.59790
2.52533
1.98978
3.70826
3.44334
2.05338
0.47017
3.40448
3.96159
2.54352
3.00143
3.88094
3.47163
3.51360
3.04670
1.70711
3.69697
3.96868
3.78078
2.99737
2.07999
2.91643
1.74325
2.51420
3.75857
3.35962
2.43217
1.91800
1.58901
2.53264
4.05077
3.77285
2.61657
2.56277
3.89071
2.37992
2.90090
2.80040
2.60073
3.60549
3.58925
1.32014
3.37110
0.80569
1.34792
3.60667
3.05070
3.01607
3.48287
2.89078
3.98606
2.54405
3.52176
3.75464
3.48497
0.85411
3.66195
3.49411
2.00713
3.99514
3.42959
3.72118
2.92286
2.77407
2.69514
1.68016
3.90697
2.89859
0.14746
1.72398
3.14199
1.67925
3.39488
3.65785
3.66014
2.96745
3.64520
3.44542
1.14593
1.18259
3.43788
1.84081
0.89876
3.03463
3.33656
3.49082
3.97162
3.74769
3.12576
3.56911
3.83565
1.99377
2.13036
3.60264
3.72171
0.17695
3.87366
0.94339
3.50006
3.75940
3.20658
4.00645
3.46652
1.80576
2.87634
3.40826
3.07891
4.06904
3.54545
3.52687
3.69336
3.47179
3.66110
3.73218
4.09565
2.84240
2.37763
3.47958
1.38534
3.53614
2.31466
3.08589
3.63187
3.70505
2.96815
0.87551
3.62246
2.42536
4.03985
3.59318
3.71257
3.51508
3.16402
2.26160
3.57622
1.27977
2.99971
2.98159
1.58867
3.60347
3.95814
3.60820
1.92835
3.70218
3.76925
2.54398
3.05024
1.28239
2.03186
0.85703
2.10616
1.99211
0.81336
2.93974
3.70004
3.79163
2.16087
3.14919
2.11436
3.56951
3.23325
3.97942
1.89473
1.54053
2.66655
3.87071
3.02871
2.46609
0.09948
3.94944
2.83982
3.90931
2.41172
3.66934
3.61639
3.71038
1.46661
3.19895
3.64488
3.61962
2.71886
2.72993
3.93033
3.78555
3.44674
0.75124
3.79953
3.57887
3.09888
0.05264
1.01352
2.46121
3.65314
2.28094
3.15457
3.11773
1.96648
3.68596
2.57415
2.50823
3.74068
3.38936
3.90794
1.53413
3.82300
2.28950
3.25773
1.26081
2.49137
3.66209
3.56788
2.93146
3.28382
3.67671
1.05770
3.72767
1.40441
0.84596
2.85990
3.37713
2.56584
3.66670
3.35130
3.60094
3.58179
3.94436
3.68603
3.14739
1.55017
2.47061
3.78873
0.91045
3.51310
2.47567
2.80815
1.26202
3.53439
2.52041
3.75692
1.31108
3.99433
0.91204
3.71896
2.44032
3.72698
2.99867
3.71620
2.29107
2.57702
3.56367
4.07603
4.00193
3.63497
0.94403
2.47271
1.37777
0.93943
2.79469
2.33703
3.64986
3.57565
2.90133
3.28190
3.85163
3.88823
3.01067
2.79896
3.23235
2.91707
3.89983
3.70409
1.91415
2.83174
2.71191
3.09942
2.47316
3.69772
2.24287
0.69974
3.43259
2.92641
2.65853
3.18012
2.14992
2.89978
3.14622
3.62462
3.68579
3.66316
2.21771
3.15170
3.02832
1.01065
3.28189
0.79218
1.75362
3.76845
3.03676
0.72770
3.99531
1.51784
2.92523
3.34998
3.97062
3.14130
3.35620
3.48803
1.91398
3.26056
2.42463
3.74521
3.07944
2.24509
4.12846
3.40076
2.53365
0.26524
3.96155
1.97554
3.68818
4.04728
3.65422
2.04587
3.85255
3.10960
3.15360
3.92982
3.97721
2.71249
3.93937
1.38400
3.45883
3.53912
3.62160
2.07273
2.56527
1.85348
3.36444
3.55410
0.93265
3.48475
2.25814
2.91147
2.90957
3.48456
3.72501
2.87716
1.33362
4.03026
3.40181
2.11344
0.80182
2.30981
1.76760
2.74054
3.58569
4.03592
3.46743
1.76489
3.43937
1.80182
0.76700
3.11749
4.07600
2.72375
1.20235
2.87701
2.78279
1.62045
3.19955
0.87104
1.70528
4.04076
3.73948
0.92826
3.30095
4.02824
3.72025
3.53529
2.00279
3.82157
1.65932
2.84113
1.51142
3.83674
3.17531
2.08195
3.06778
3.62029
3.17693
3.77419
1.71145
4.02437
4.00412
3.38681
2.90236
3.61617
3.63647
3.78126
3.99647
2.66863
2.71851
3.63328
2.48764
3.81258
3.78734
3.38480
3.80991
3.96292
3.09895
3.77712
3.59552
3.19884
3.41376
4.00099
1.21501
3.47876
3.55141
3.82756
3.36604
1.30162
2.42381
3.91420
3.64215
2.74708
2.06854
3.28640
1.93730
3.36008
3.65165
3.96985
3.86402
3.58504
2.99280
1.75710
3.42711
3.92433
3.09475
2.24072
2.93428
3.84248
3.42555
2.66761
3.56877
3.64830
3.75550
3.33235
2.17017
2.93917
0.08158
1.66009
3.52085
3.51182
3.00213
2.72384
3.93467
2.45625
3.08361
3.08817
3.07545
2.38549
3.41811
3.19854
3.58823
3.28527
4.07348
2.87033
3.06077
3.55091
3.81989
3.24187
1.65179
3.52584
2.85341
1.88562
3.07651
4.02639
2.11883
3.73251
3.81487
1.37090
3.75964
3.17090
3.85792
3.34752
3.65358
2.92560
2.30131
2.75287
2.76492
2.35769
3.93733
4.03914
3.74229
3.66684
3.80756
3.88218
3.23052
2.32613
4.21452
3.84629
3.78629
4.10219
3.93088
0.73323
2.59907
1.96214
3.88652
0.45229
3.23425
3.40190
0.61794
4.06406
2.35990
3.82901
1.40444
2.43136
1.19457
3.43417
3.57810
3.80908
3.55555
3.70683
3.09088
2.73484
3.09568
3.25311
2.36224
2.27088
2.45696
2.62267
0.18085
2.59564
3.76951
2.61533
3.66747
3.24026
2.55494
3.15140
2.68676
2.91065
2.78815
3.49703
3.18891
2.82643
2.70214
3.85642
1.89706
3.92214
3.76638
3.65942
2.53202
3.70548
0.56416
3.80222
3.08585
2.83698
4.01942
3.97191
2.95843
3.62862
2.48053
0.63688
3.88950
4.01123
2.51801
1.98338
3.81811
2.23623
3.85271
3.59043
3.81338
3.56927
3.14771
3.35955
1.68404
3.67185
3.89939
3.81418
2.19710
2.84928
4.09094
2.01123
2.16890
0.84339
3.91904
3.75154
3.76791
1.85079
3.21588
4.10305
3.90794
2.06782
3.97672
1.80996
3.71021
3.59850
3.45431
2.63969
1.05838
2.19310
2.85821
2.14317
3.45277
3.91925
3.12923
3.58275
2.48342
3.76717
1.89628
4.01317
2.51532
2.07473
3.52977
3.22716
2.09669
3.94754
1.46623
2.57337
3.43762
0.87190
1.45031
3.32996
3.26150
3.86436
2.27247
2.85476
3.24678
2.71657
2.49098
4.11274
2.95427
1.72941
3.59122
3.37988
2.59601
3.49622
3.60718
3.73843
2.89979
3.68858
3.57806
0.63469
3.80426
2.77058
3.62300
3.11226
3.56451
3.85000
3.27418
1.17865
3.07405
3.86026
2.29360
2.81717
3.92945
3.69110
2.73090
3.05371
3.76284
1.64605
1.59450
1.62895
3.58517
3.81381
3.65334
2.04274
2.45175
2.74511
2.23332
0.65994
3.54497
3.49033
3.73060
3.82426
3.22669
1.50844
3.78025
3.72780
3.66089
3.24258
3.02666
1.41379
3.76018
4.04351
1.15895
3.33470
3.97776
3.24287
0.56703
1.99494
3.26258
3.46254
3.02841
2.95070
3.02205
3.27538
3.48511
2.53543
3.74965
4.15852
3.41648
4.01350
1.85116
3.66021
3.73364
3.03639
3.62241
3.60917
4.06722
4.17093
1.99054
3.37492
3.72077
3.91148
2.31840
3.74314
3.36368
4.10446
3.53942
2.90985
3.31848
3.75025
3.62125
3.06944
3.21605
1.73302
2.68550
3.55465
3.73774
1.80059
2.92257
3.93586
3.17076
3.74510
2.77288
1.82488
1.34428
2.03597
1.39693
1.99924
3.84814
3.84433
2.46059
3.64526
2.75074
3.36330
2.85801
3.22428
3.06037
3.82701
4.02065
0.96166
3.21723
3.82423
3.02192
2.45962
1.40293
2.96982
3.93669
3.39918
3.10111
3.45408
4.11834
3.57607
3.39440
3.51834
3.74968
0.32212
3.04643
1.23552
2.81785
3.99781
1.43321
1.90948
1.91169
3.82657
3.12907
3.20490
1.94609
3.90556
3.77485
3.92867
3.44846
3.21074
3.52838
0.75826
3.77418
3.27644
2.76353
2.98044
2.97687
2.01026
3.29184
3.74565
3.80073
3.32039
3.48051
3.38947
3.67297
3.30712
2.57801
3.83851
3.71521
3.15041
3.60548
3.94357
3.79918
3.91156
2.23957
0.16814
3.87623
3.66508
2.81065
2.86148
2.32003
3.63293
2.80235
3.27492
2.69849
4.01013
3.34251
2.85681
2.55380
4.03547
3.32707
3.03542
1.83745
2.00321
3.10247
1.73644
2.11454
3.36200
3.62795
3.62132
3.33455
1.86874
4.07508
4.20025
2.73509
3.78958
3.33686
3.93834
3.37602
3.66964
0.34509
2.75486
2.54837
3.41958
2.16507
1.99680
3.35549
3.60436
3.83626
2.16557
3.77866
3.19581
3.72506
1.52316
3.02500
1.56657
3.50634
3.10626
3.39408
0.49541
2.35213
2.35695
2.54920
3.04709
3.35422
2.98411
3.68008
3.27163
3.64380
1.76289
3.80114
3.19568
1.62086
3.24638
3.08389
3.97482
3.44577
2.06744
3.72119
2.56256
3.24579
2.83103
0.50634
3.71190
3.69466
3.90282
3.74630
3.64121
3.77016
2.28847
3.43623
2.00976
3.35880
3.97775
3.71753
1.93547
1.45846
4.06025
3.54948
2.11096
2.88959
2.07469
2.83964
1.91886
3.25416
3.82385
3.44638
2.84510
2.52074
3.48350
3.08299
1.49143
3.48523
1.45437
3.31355
3.17479
3.25277
1.80039
3.22225
2.37703
4.06604
1.32761
3.07457
3.69244
3.50872
3.64890
3.05027
3.52884
3.68929
0.37772
3.71186
2.57841
3.50245
3.07948
2.52997
1.80706
3.58773
3.70831
0.37725
2.67902
1.34616
1.60345
2.80570
1.45314
3.78759
0.77927
4.11748
3.55833
3.99328
3.54823
2.67787
3.47065
3.56014
3.55128
2.51642
2.26840
2.62697
3.17551
4.00083
2.25883
4.09288
3.95923
3.85006
2.67420
3.88858
3.39574
3.90823
3.75113
1.23568
3.33814
2.39466
3.77535
1.12017
2.66886
1.36985
4.02485
3.63426
1.71271
3.84157
3.84609
3.80782
2.93334
3.36389
3.17621
1.63354
3.90024
3.80124
3.76667
3.41159
1.70637
3.84671
2.67590
2.23601
3.68097
2.03345
1.55366
2.72671
3.52611
3.17172
2.58854
1.79788
1.17993
3.50951
2.47344
3.59947
1.81286
1.68393
0.95692
2.79308
1.18000
0.91121
3.06235
4.11368
3.26792
3.00133
3.33052
3.76672
3.51626
3.39744
0.32278
3.79543
3.39071
3.83046
3.91747
3.56496
3.34648
3.79062
1.84378
2.68882
1.31365
3.67490
3.37633
2.63208
3.71945
1.73234
3.30304
3.62092
2.57268
3.93124
4.14537
2.57314
3.10686
3.63092
1.98880
3.41640
1.83845
3.80856
3.53092
3.55042
2.44324
2.49350
1.15920
2.66733
3.45420
3.65853
2.27801
3.24914
3.14585
1.05153
2.69655
3.44494
2.33532
4.16980
3.52726
2.71896
3.99999
2.20936
3.50931
3.66380
2.44396
3.89341
0.11190
3.88620
3.72597
2.85718
2.97937
3.81196
3.74564
3.36437
2.44952
3.93054
3.82778
0.66221
3.67503
2.94699
3.33632
2.52488
2.44624
3.40427
1.19228
3.27327
3.37628
4.21093
2.66511
2.67468
3.68722
3.09955
1.16787
3.18645
3.33861
2.86957
2.54292
1.30992
3.86418
3.32652
3.22741
1.86723
3.36707
4.01215
3.66862
3.50380
3.16053
2.66777
3.87573
3.87201
3.78707
3.76321
4.01507
3.84200
1.31978
2.91034
0.90522
3.23442
0.66235
2.93456
3.78604
3.38694
3.71887
3.62528
3.76070
3.66277
3.32456
3.33979
2.20367
2.72050
3.89521
2.80311
3.59075
3.46677
2.96230
1.23343
3.48099
1.27693
2.38218
2.85054
3.30034
3.82505
1.96669
2.04088
0.82885
1.63681
0.87473
3.24949
3.40063
3.95690
3.47620
3.63613
2.64018
1.58309
3.87083
3.69882
3.57015
3.62679
3.76865
2.23426
1.55550
3.63924
3.89214
3.71382
4.10998
3.40097
2.91276
1.39000
3.69183
1.64573
3.53042
3.46666
3.39251
3.71557
1.53322
1.56754
4.00783
2.95169
3.33186
0.96339
3.47576
3.73999
1.92005
3.73388
3.62098
3.76774
3.21883
3.54912
1.72118
1.99527
2.86799
3.85483
1.73506
3.37013
2.03590
3.74724
3.69803
3.12641
3.65160
3.81972
3.65595
3.42507
3.38294
3.96639
1.76524
2.59729
3.79538
4.02920
3.38684
3.74604
1.97522
2.16345
2.31886
3.79675
1.92993
3.52596
1.93701
3.21802
1.99167
1.47981
3.22359
2.55901
0.98194
2.32117
3.63515
1.34842
0.92582
3.84577
3.98306
3.41302
4.08840
3.90989
1.82128
4.06412
1.12615
4.04320
1.87570
3.65682
3.67829
3.50313
1.58190
2.48452
0.83181
3.02134
4.04570
3.64361
3.81221
4.00934
1.89592
2.71639
3.63275
3.68532
3.67063
3.54067
3.06306
1.59172
3.52848
3.92357
0.96624
2.38290
3.66620
3.31957
3.40682
3.58176
3.69451
2.08548
0.59883
0.94052
3.75370
3.66214
1.94700
3.89334
3.28558
3.75562
3.82252
3.81998
3.58160
4.01918
2.30728
3.43201
3.46273
2.12149
3.07942
3.17165
2.34508
3.33996
3.53146
3.52419
1.78238
3.67339
3.78750
2.07585
3.93733
2.82813
1.38827
3.95270
3.78758
3.04810
3.37094
1.10006
2.96987
3.93702
3.58866
3.71983
3.76018
3.53336
3.48762
2.46954
0.07783
3.72113
3.53654
1.66321
3.56074
3.77882
3.91737
1.79347
2.40203
0.29875
3.02588
3.55016
3.38136
2.45713
3.57976
3.84614
3.82720
3.69097
1.35116
3.57021
2.89764
1.39302
3.40823
1.75223
3.24693
3.58729
3.93663
3.07066
1.44198
3.17428
1.97990
1.53390
3.50966
3.56213
2.74126
2.79392
3.69661
1.35476
2.91962
0.41373
3.28595
2.03750
3.60820
2.75481
1.65495
3.24148
1.57440
2.36581
3.35979
2.14287
3.55205
3.75749
3.53936
2.08242
3.58130
2.05517
3.68274
2.98202
3.32787
3.02074
1.08819
2.67807
3.94896
3.79544
3.74067
2.30838
3.09271
3.23539
2.27093
3.83170
3.90261
3.95699
3.62035
3.62289
3.83115
3.51921
2.12280
4.00410
3.46552
1.25199
3.91325
0.31166
2.37340
3.73260
3.08835
2.21184
3.46600
3.53022
3.45610
3.41353
3.66436
3.51383
3.40216
3.52751
2.81402
4.06298
4.09714
3.72401
3.94433
3.97359
3.56083
3.90706
3.62993
3.23018
2.77099
3.58124
2.53969
3.95690
3.20376
2.83008
2.84700
1.00924
3.40270
3.68793
2.25007
0.21836
2.18020
0.48334
2.72362
2.68464
1.70780
3.43036
3.62404
3.62710
3.39447
2.69974
2.45221
4.12637
3.91121
3.37687
2.76220
3.68562
3.21537
2.22836
2.70656
0.73582
3.59376
3.80996
1.90899
3.66884
2.18263
3.60030
1.79331
2.25196
2.98396
2.47843
0.50060
3.62127
2.88850
3.85948
3.21755
1.56419
3.17438
3.36235
3.83047
1.78870
3.73471
1.42829
3.42913
3.94909
3.92478
2.27027
2.53525
4.01963
1.95954
2.00391
3.80014
4.01614
3.55235
3.62608
3.93022
4.05860
2.21266
3.37727
3.41023
1.85992
3.83030
1.76991
2.49598
3.08947
3.34458
3.93558
3.09246
3.28203
3.21297
3.88314
2.69642
3.00640
1.87824
1.47680
3.58127
3.46239
2.35908
0.96648
3.96742
3.69431
3.07647
4.04362
3.94461
3.25659
1.11508
2.33567
3.35690
3.75252
1.77298
3.25801
1.76348
3.86712
3.32276
3.88289
2.91839
1.56798
3.51647
2.87280
3.90263
2.62957
3.44998
3.47093
0.17571
1.19486
4.11076
1.66824
3.77016
3.41384
3.48974
1.64874
3.06391
3.31593
3.80312
2.68855
3.26721
2.86255
3.07915
3.90944
3.79342
3.66997
3.75235
3.15655
3.10194
3.48864
3.73138
3.80012
3.15348
3.86520
3.62653
3.77509
3.93405
3.39908
3.73682
3.22527
1.76858
3.46065
3.72471
1.07035
3.93699
2.80288
0.05283
3.51574
3.19096
3.89700
1.22368
3.57709
2.19257
2.51916
0.54163
0.46158
1.98504
4.23014
3.46984
3.69205
1.59285
3.38298
3.52766
2.16379
3.67751
3.75920
2.79936
3.12107
3.53755
3.71306
2.20481
1.78731
3.66075
3.74780
2.36397
1.42640
0.49165
1.73551
3.76134
3.80670
3.90058
3.22879
2.73560
2.12778
1.20347
3.92523
3.56284
3.30101
2.78115
1.74819
3.90153
2.13013
2.97493
3.88512
2.80885
0.28908
3.46354
2.58273
1.90531
3.81164
1.28523
2.83681
3.42666
2.21485
4.07659
3.68560
4.02185
2.86855
3.13142
3.72067
3.91497
3.09875
3.45989
3.41077
1.03788
3.88812
3.18232
2.79402
4.08392
2.38586
2.71311
3.99189
3.63219
1.54084
4.16529
0.44992
3.97987
3.68990
2.87782
3.62615
2.08046
1.88320
3.67224
3.09336
3.63855
3.56129
2.16183
2.84764
3.86316
1.81720
3.32232
3.92543
3.66437
2.84393
3.05462
3.56025
1.80353
3.14710
2.86486
2.76318
2.68730
3.92866
3.05540
3.83696
3.24886
3.21670
4.15404
3.71597
2.28238
3.01584
2.46174
2.16940
4.06159
3.72738
2.24304
3.73993
1.94917
3.82519
1.87043
3.23510
3.17016
2.49907
2.60492
3.43323
3.69823
3.85770
3.48590
1.70208
3.74439
3.89179
1.21994
2.86145
0.86688
3.63318
3.88027
3.48625
2.19747
3.53591
1.85790
1.02934
3.90716
2.12598
2.77583
3.40704
1.28781
3.38810
3.58841
1.79066
3.68621
2.77639
3.53801
3.01148
3.22915
3.20299
3.09659
3.79299
3.78091
1.09188
3.52263
2.97224
3.35510
3.72540
1.37343
3.73170
1.43225
3.23452
2.19054
2.41954
3.65285
3.50461
2.00425
2.09009
3.38509
3.11710
3.03117
3.63359
2.36460
2.95225
2.45808
4.06207
1.01270
3.90386
3.85480
2.67975
3.14848
3.55866
2.17540
3.18918
3.05927
3.55275
3.15269
1.78931
3.27897
3.44583
3.82080
2.41706
3.78632
2.26800
2.21319
1.87967
3.02252
1.45699
3.03709
0.59538
3.24375
2.63459
3.80359
3.26404
0.51798
3.46163
2.39918
3.74355
3.29747
3.02649
3.28164
3.89968
3.52681
3.62193
2.26637
3.18818
3.74232
2.75674
2.25809
3.29882
3.71644
3.52185
3.58951
3.36003
1.58832
1.12881
2.21137
3.74422
1.47022
3.74581
3.15303
3.42375
2.42995
3.77119
3.33928
3.66203
2.39101
2.00218
3.27079
2.70162
1.87677
0.07544
0.88013
1.39750
3.14905
2.55262
3.52981
2.26528
3.39175
2.15072
3.89062
3.46814
3.72632
1.28643
1.88823
3.77533
2.72884
2.99938
3.19598
1.94819
1.19810
1.95108
3.00465
1.93760
3.45900
3.20253
1.50394
3.85627
4.01548
2.50050
2.75348
3.92209
1.72558
3.05598
3.86386
3.57891
1.64020
3.11311
2.57744
0.00531
2.67187
3.64467
3.24301
3.30817
3.51115
1.08221
3.52075
3.56574
3.77357
3.89403
3.91286
3.67396
1.39694
3.84024
3.84496
3.91104
1.06648
3.95773
1.42070
3.11423
3.21545
3.26195
2.52126
2.23288
2.71161
2.81107
2.37503
3.11917
2.88791
1.10835
1.88617
3.40295
1.60349
2.34742
3.35173
3.30945
0.47524
2.98202
2.15669
2.80856
1.52284
1.43536
3.16319
3.97681
3.60392
4.06520
3.54101
3.06236
1.73907
2.26956
3.68652
3.99751
3.56057
4.08274
1.91535
2.99436
2.20200
3.27986
3.19761
3.33871
3.06841
3.45195
2.34524
2.40427
2.83285
3.08864
1.67948
2.61160
0.68512
2.03098
3.31436
3.67109
3.90461
0.86823
3.64151
3.87816
3.01278
0.68038
3.69545
0.32975
3.03362
3.27620
3.63750
1.50327
3.88378
3.39978
3.56454
2.87652
3.22853
2.02729
3.53264
1.87478
3.94367
2.84182
2.27114
3.71541
3.28342
3.44596
0.11975
3.41593
3.16216
2.14503
1.49569
2.95466
3.42532
3.02690
1.44535
1.71746
2.93728
3.55668
1.38302
0.87183
3.44207
2.46599
3.31289
3.51409
2.91347
2.46365
0.72149
1.65056
4.10325
3.01876
1.06683
3.60887
0.97308
1.04200
3.01941
1.92611
2.45644
1.80618
2.81502
3.79959
3.68647
2.75053
3.98441
3.46311
3.79940
3.49346
0.52950
3.76058
3.78838
2.66580
1.85391
2.41315
3.16484
3.55807
0.48172
3.00231
3.98620
3.84619
3.66881
1.50688
1.17347
3.58488
2.27635
2.82291
3.25519
2.90853
1.49493
0.48520
1.69310
2.63773
2.40132
2.61662
3.57425
2.99976
4.10293
2.23265
3.81826
3.10039
3.59899
3.73862
2.62503
4.04502
2.69330
3.53514
2.77894
2.61688
3.58776
1.74701
3.71973
3.85561
1.74619
3.43899
2.18114
2.59260
3.53400
3.23094
3.94535
3.28761
3.43433
3.52302
3.55604
3.45182
3.45655
1.39394
3.71121
3.64055
3.42568
4.11917
3.92495
2.79708
1.24710
0.84876
3.79339
2.11170
0.64814
0.53871
3.81461
3.75515
3.18965
3.83397
3.99172
3.90984
3.09833
3.65355
3.46591
1.21388
3.39986
2.76258
2.33831
3.59821
3.98808
2.99653
3.21676
3.86589
3.47078
4.06165
1.15084
2.08214
2.53713
1.66798
3.68643
3.84070
2.53036
3.29054
3.81087
3.83125
3.69131
2.11093
3.27469
3.13163
1.35537
3.79435
2.80691
1.46447
3.83432
3.21441
3.33680
0.58601
3.71394
1.22879
3.10500
3.71751
1.86391
2.76741
3.18426
2.82628
3.62426
2.73429
1.67867
3.19387
3.55250
3.08993
3.72853
3.71838
0.86839
2.21938
2.95390
1.87103
1.44202
0.93409
2.49166
1.75848
2.52015
3.25757
0.09406
3.67482
3.68685
2.63891
0.98144
3.76174
1.98178
3.61031
2.01272
1.18777
4.02230
2.60939
1.28673
2.92553
2.96971
2.02524
1.00119
3.97219
3.49686
3.73400
3.39276
3.14151
2.76443
0.82004
1.80505
3.62542
3.02255
2.73366
3.26667
3.58855
1.93686
2.23864
3.89174
0.78544
0.61898
0.72007
2.78170
1.11954
2.79871
3.95757
2.48578
2.52978
3.71949
3.63055
3.36381
2.33416
3.12951
3.32592
3.69818
2.94756
3.91025
2.87856
3.69640
3.70995
3.39516
0.61982
3.27743
3.50424
4.13778
2.54112
1.73877
1.37041
3.54026
3.95945
2.76260
1.67145
3.31095
2.47228
0.62767
3.40843
3.89431
1.88018
3.75690
3.46134
2.17030
3.85515
3.59872
1.87750
1.57617
3.83511
1.97101
1.17118
1.55798
3.09453
1.49389
3.61492
3.95314
3.26172
3.79875
3.57997
3.90200
3.84823
3.60332
2.07211
4.02717
3.38686
3.53715
2.05244
3.21002
3.62912
3.51864
4.07653
0.55362
2.20862
3.64088
3.29588
3.71999
2.74209
3.78543
3.91123
2.19539
1.23226
3.29886
2.63033
3.47967
3.45015
1.92380
3.69013
3.57487
1.27573
3.68782
1.82473
3.87657
3.36867
3.78379
2.39606
3.31223
1.42930
3.84123
3.87661
3.84719
2.14999
1.29122
3.67678
3.82584
3.91079
0.74115
3.12782
2.19569
2.03717
3.63234
2.75368
3.66478
3.63447
2.86745
3.37344
2.62884
3.52600
3.72142
3.40498
0.85107
1.31223
3.74586
3.12681
3.32287
1.79800
3.53559
4.09654
3.47386
0.04561
3.34405
3.93745
3.70952
3.55610
3.76862
3.41840
2.49055
3.96732
3.80979
3.96811
1.31363
3.98488
2.39698
2.03891
3.59287
3.67439
3.22734
0.68969
3.29151
2.90982
3.75528
0.63055
3.89992
3.04920
2.18477
4.07603
2.55220
1.11451
3.58279
2.56538
3.20266
3.47698
4.00808
3.97521
1.57806
0.24668
3.76498
3.64349
3.01420
1.07409
0.91245
2.23477
3.62099
2.45626
4.01795
4.12987
2.56917
1.67729
2.70380
3.17209
3.80352
3.64501
3.43258
1.30167
3.32202
3.35042
3.54585
3.13432
3.28188
3.84781
3.34989
1.15297
3.76939
1.24118
3.43873
1.79495
2.90207
3.65071
3.46774
3.35417
3.75576
3.46859
3.82770
3.77629
3.59388
4.01673
2.90062
3.71351
3.98800
3.36880
1.74369
0.19912
2.04770
3.54473
1.71979
3.70004
3.88764
3.22217
2.08245
1.13609
3.50440
1.02231
2.88894
3.63657
3.65954
0.29781
3.65351
2.54888
2.41538
2.35883
3.54815
0.59604
3.17024
3.48699
0.10196
3.94763
3.33011
3.93778
2.70410
2.53469
2.63579
3.53187
2.33848
1.32075
3.95985
3.14041
1.53064
2.62548
2.64341
3.58592
3.87809
2.30682
3.68404
4.17495
3.43878
2.09547
3.81484
1.01455
3.20738
2.93817
1.41676
3.93847
3.78102
3.51505
3.92752
2.81648
3.21081
2.41290
2.71302
1.50447
3.33480
2.23278
3.20162
3.37573
2.75474
3.59888
4.02578
3.75219
3.08562
3.25615
3.69737
2.96323
3.84057
2.68017
2.88691
3.57662
2.03808
3.23626
3.05651
0.55021
3.33118
3.56667
1.16913
0.19595
3.69620
0.27958
2.55911
1.87938
3.27553
1.50662
3.51484
3.55645
2.89470
2.58892
2.52264
3.01540
3.83598
4.11845
3.92464
1.58291
2.99046
1.51700
3.88302
3.42831
3.58631
3.16600
3.69323
1.82632
2.56665
3.55197
3.99057
3.62858
3.92677
3.30877
0.83277
3.05557
3.22623
0.87794
2.85440
0.71467
2.07284
2.86815
3.39405
3.33212
3.39975
3.75590
1.96447
1.30485
0.22807
2.34409
3.34602
2.27045
3.90146
3.87846
4.16556
3.83153
3.21252
1.32575
3.52037
3.34475
3.69931
4.10222
3.32455
2.94555
2.63682
3.53605
2.44550
3.60396
3.91579
1.98022
3.38298
2.90669
0.34161
3.72925
4.02297
3.64482
2.60094
1.77328
2.74023
3.85265
3.92515
3.34480
3.45993
3.96565
3.18228
1.18228
2.59122
4.03589
3.85566
3.43745
3.70681
3.97551
3.19427
2.13283
2.68083
4.00547
2.01634
1.15081
3.28667
1.87149
2.54781
3.15939
3.64076
3.02665
1.88600
3.35883
1.95985
3.65409
3.89033
1.98226
0.50474
3.81915
3.13700
2.96313
1.63288
1.90019
3.38809
2.94813
3.00028
3.77902
3.83477
1.27591
1.42821
2.06140
0.28794
3.51349
3.46104
3.96520
3.01903
3.90867
2.95535
1.95909
3.71799
0.80567
3.47283
2.53021
0.20721
4.07059
3.09576
3.92987
3.25925
1.77290
3.14381
3.98386
3.52487
3.88344
3.02357
3.65174
3.82979
1.95533
0.92284
3.78945
4.01652
3.55740
3.87579
3.32801
2.81573
0.91992
2.10795
3.58178
3.07404
2.49544
3.63823
3.83153
3.58189
1.96883
2.44000
2.65145
3.67913
0.65740
3.19081
0.72847
4.07480
3.74653
3.09785
4.18506
2.69445
3.48416
2.43057
3.91266
2.84782
3.87023
2.55928
3.20081
3.36502
3.89158
3.27452
3.08164
2.56625
2.47592
3.99782
4.17431
1.39657
3.74263
2.75519
3.30123
2.27705
3.84785
3.24310
3.33865
3.70201
0.10157
3.16226
0.81987
3.24032
3.70354
1.27677
3.50775
3.75121
3.16673
3.36446
1.95290
0.00837
3.62370
4.01159
3.68263
3.51192
3.27497
3.59703
3.75448
1.52335
2.57949
3.89102
3.23091
1.24865
2.91089
2.03002
3.42921
3.30236
3.62863
3.54973
3.70580
3.70647
3.64650
3.59713
3.70778
3.73538
2.99721
2.62259
3.12015
3.09758
3.88448
3.71316
2.92062
1.54724
3.30266
3.51032
3.15154
2.13329
3.20048
2.41810
3.37854
3.07237
1.27439
3.81594
2.65704
1.14694
0.33902
3.49055
3.92598
1.70650
2.49209
4.01055
3.10224
1.94626
1.30159
3.43089
3.44502
3.37204
2.99268
1.51552
2.83304
2.64087
3.74661
1.47977
3.59393
3.45003
2.43119
3.16960
3.64311
3.66788
3.33252
2.88388
3.78965
2.38004
3.62080
3.02057
2.21431
3.03234
4.00396
0.65336
3.72828
1.60673
0.23508
3.47139
2.44043
3.78485
1.20234
3.75658
3.29903
2.75847
3.65654
3.30901
3.16865
2.99687
3.14250
1.79370
2.81009
3.36155
3.30647
2.85001
3.09082
1.92699
2.30778
3.31740
2.44435
1.40271
3.70217
3.38074
3.55449
3.80866
1.75092
3.88495
3.21151
3.55963
3.73456
3.51073
2.01891
3.27980
3.26109
3.27881
3.59437
3.67891
3.41587
4.05836
2.02743
3.44881
3.95653
2.65196
3.69266
3.33595
2.54675
2.34212
3.07840
0.49450
3.89448
0.03905
2.49819
3.64377
1.57436
3.86428
3.66329
3.42960
2.47104
0.91883
3.95673
1.24190
3.92633
3.32274
2.55250
3.25220
2.28569
3.67353
2.73915
4.20476
2.59521
3.05799
3.43810
3.20464
3.59158
3.52008
0.22823
2.57400
2.52248
4.01394
3.77185
3.48823
2.22961
2.44642
1.16334
3.06761
0.27465
3.65141
3.11160
3.01923
3.08191
2.30326
3.19878
3.60013
3.72190
3.25168
3.75686
3.81746
1.92094
1.57483
3.94749
2.91931
2.66975
1.82178
1.14523
3.18053
2.40838
1.55230
3.68468
3.34088
3.88103
3.18367
2.97742
3.82319
3.13172
3.86852
2.69713
3.75444
3.48427
3.85345
1.75584
3.68938
0.90510
3.76146
0.80034
2.86164
3.98252
3.79145
3.74808
2.55590
3.68087
3.14268
3.70513
3.78511
3.53427
4.01354
1.96463
3.35269
3.61066
3.50469
3.48766
1.01378
3.77442
4.02513
1.55324
3.07569
4.02850
1.08033
2.71185
4.11913
2.76720
3.98708
3.56603
3.58778
2.76542
3.09391
1.20746
3.86186
2.88343
3.66765
3.66386
1.13884
3.69722
3.00138
4.16866
1.72034
3.17383
3.81971
2.48975
3.15457
1.31184
3.76467
1.89315
2.39017
3.51018
0.54731
1.96492
3.80319
2.77418
2.96809
3.91510
3.90770
3.65744
3.37536
3.95055
3.07053
3.80173
0.78646
3.74575
1.44319
3.31197
3.74921
3.42867
3.72627
4.02868
1.72784
2.92179
3.60559
3.51540
0.15830
1.00873
1.81857
0.82344
2.37320
1.04473
3.06300
3.71348
3.36643
3.34797
3.82342
1.44301
0.27366
3.01898
0.90638
3.39103
2.62596
3.68748
3.25391
0.48436
1.61372
2.81165
1.19049
3.11160
3.62949
2.96004
3.55337
0.55127
2.38317
3.96518
3.13083
2.14299
3.78700
1.62911
3.98608
3.49279
3.51796
3.38572
3.56111
3.64319
3.27555
3.05328
1.46823
3.76439
0.57121
3.99773
3.46265
3.75248
1.32604
0.37553
3.95537
3.20236
2.99013
1.63472
3.81489
1.72562
2.89721
2.75031
2.78799
2.04082
2.84603
3.01505
4.02581
3.91355
3.48699
3.66341
3.86421
3.83616
3.34642
2.33198
3.18328
2.31783
3.91952
2.28764
3.60535
4.13113
3.30840
1.08659
2.68381
2.50833
3.16547
3.04777
2.99430
3.58657
1.15082
0.28851
3.84260
4.11897
3.68607
1.63053
1.74049
3.96768
3.27256
2.86459
3.29293
1.39544
3.47036
0.11155
2.49579
3.84792
2.37965
3.66821
0.73438
2.63382
3.97742
3.48261
3.50210
1.16559
2.94635
3.27010
1.58789
1.77264
1.45611
0.44615
3.48822
3.13602
2.68263
3.15763
3.27383
3.92589
0.25440
3.69447
3.07421
3.01444
1.10915
3.50689
2.25601
0.59708
0.60920
3.54655
3.49724
3.31155
2.36649
3.80875
2.87988
3.69177
3.43115
0.56326
3.51488
4.01227
3.91800
3.36880
3.82777
1.83779
1.91111
3.64641
0.14866
3.69286
3.51895
1.59071
3.52140
3.18722
3.04510
3.45904
1.08461
3.44915
3.20387
3.72837
2.60047
3.28851
1.72498
3.71817
2.16647
3.19424
3.44990
3.31024
1.84232
0.24234
3.88719
2.60568
3.73650
2.63798
0.95230
1.43325
0.63825
2.35863
3.79187
4.12048
3.50841
2.51723
1.44178
1.96528
3.30434
3.39446
3.65949
3.21654
4.01973
1.43898
4.03052
3.61430
0.16786
1.36839
3.33495
2.76144
0.85498
3.08914
3.89068
3.56577
3.06940
3.81339
3.64637
3.53335
3.47653
3.03486
3.49257
2.65078
3.46111
3.60177
3.21093
2.23531
3.81473
0.66429
3.91228
1.33431
3.44346
3.70103
3.07826
3.39506
3.69312
3.13402
3.86142
1.51519
0.01615
3.30637
3.98543
4.21918
3.26597
2.45293
3.85863
2.10895
3.34150
0.27718
3.85990
3.59925
3.88035
3.93882
3.99590
2.46569
1.29173
3.51668
3.67393
1.59169
1.44454
3.84025
3.09355
4.01831
3.34261
1.12577
3.81790
2.10478
1.01119
2.92448
3.42196
3.49984
3.77420
2.86009
3.17449
1.92119
1.03209
3.67252
3.89123
3.70046
2.08644
3.67759
3.69707
3.18820
3.23330
3.80533
3.40948
3.54099
3.75884
2.71275
3.93013
3.16584
3.74492
0.05748
4.03804
1.67259
2.37327
3.78745
2.41909
3.43207
3.92380
3.63122
1.67605
3.57150
4.15962
0.11675
3.69542
2.35257
3.16540
3.26963
2.62281
3.70593
3.35238
3.00454
3.59488
3.07735
3.49078
3.39483
2.90323
3.20723
3.23539
3.56500
2.36898
2.12238
3.60439
3.85321
3.24726
3.46585
0.21735
3.80853
2.46145
3.03868
3.85153
3.73948
1.24462
3.72115
2.14708
1.90145
3.12868
3.75451
3.19451
1.77723
3.77478
3.71685
3.91540
2.40586
2.51925
3.71399
2.25789
4.07217
0.18626
3.73939
3.17407
2.56668
2.62560
3.77003
3.28132
3.54634
2.98247
3.66230
3.70658
2.45781
3.13562
3.96583
2.08659
1.77816
3.92714
3.68459
2.58589
3.14242
1.36105
3.36380
2.77581
3.65461
2.21936
2.47096
3.51680
3.44582
0.81518
1.03604
3.96448
3.61144
2.05857
3.41397
0.40330
3.77299
3.74152
2.67859
3.14838
3.76430
2.94136
3.92950
3.37238
1.85857
2.12392
2.70046
4.10631
1.23856
1.44699
0.49150
3.29336
2.27280
1.34814
3.57655
3.48147
1.89256
1.16397
2.72673
3.10165
2.86382
3.92569
2.51272
3.51122
3.68804
0.05965
3.41739
4.00186
2.77469
3.60836
3.33977
2.85012
3.76577
3.49820
3.86230
2.52889
3.54163
3.13752
3.67374
1.65464
3.79727
2.57639
3.06416
3.57291
1.14824
3.68843
2.80433
3.63920
1.52456
1.99076
3.29924
3.39153
3.76293
3.51735
3.07511
2.75315
2.64312
3.58814
1.44452
3.53690
3.39047
3.59619
3.26096
3.75003
3.11752
1.07112
1.43773
3.49607
3.44074
3.32995
2.36781
3.38275
3.54420
3.86504
3.52005
3.66230
3.39278
3.22255
1.27295
3.86194
1.34651
3.53413
3.69004
2.77223
2.80858
