3.85687
4.16098
4.14811
4.04426
2.00805
4.05283
4.25384
4.11164
3.15882
4.10381
4.08532
4.30199
3.74223
2.91533
3.57997
3.91014
3.77549
4.23343
1.79859
3.65926
3.84882
3.39444
3.54043
4.15243
4.17587
3.90894
3.40604
4.11848
4.37887
3.69881
3.43134
4.26153
3.80763
3.74862
4.07145
4.13831
3.78486
4.16944
4.01674
4.02740
3.99290
3.68802
3.66212
2.94015
4.09918
3.42696
4.26778
3.75797
4.05181
4.32959
4.31388
4.33168
3.45564
4.41427
3.94037
4.34669
2.76162
3.57998
4.19738
3.90402
4.14739
3.88809
3.93245
3.85980
3.55227
3.84222
4.13274
4.21596
3.94091
3.41859
4.27655
4.35210
4.13223
3.89517
4.00918
4.03910
2.91332
4.10514
3.87481
3.28512
2.44758
4.16193
3.63578
3.76336
3.77533
4.27788
3.88023
3.90451
3.88267
2.69957
3.75425
3.28274
4.32331
4.15034
4.24928
4.26101
4.10812
4.17499
4.30929
4.21533
3.95470
2.75431
4.35930
3.77306
4.03669
2.20618
2.77405
4.22991
4.18106
3.91739
3.71513
3.68539
4.24776
3.42910
3.28090
2.90024
3.65250
4.10173
4.29870
3.93668
4.30949
4.28761
4.08085
4.21432
3.76605
3.84862
4.23164
4.11216
4.29546
4.05491
3.82645
3.96025
4.31894
4.10004
3.93448
4.29371
4.05265
4.22648
3.85939
3.99661
3.93785
4.28957
4.11177
4.20982
4.29020
2.64177
4.30853
4.04629
4.02219
4.15146
4.23732
4.30140
3.93524
3.88722
4.27151
4.32594
3.71040
2.21468
3.73036
3.75004
4.34537
4.24635
4.04788
4.00404
4.29177
4.20618
3.61685
4.15000
4.00399
4.02740
3.42503
3.92966
4.06521
4.24261
3.33447
3.06009
4.10820
2.41566
3.43943
4.03550
4.13025
4.09879
4.02685
4.24007
4.12946
4.30622
3.71885
3.52146
3.91486
2.92428
3.49795
4.03330
4.22197
4.21581
2.94374
3.99898
3.92631
3.72628
3.64789
4.00224
3.06798
4.29889
4.09283
3.73982
4.33810
3.91223
3.74031
4.32296
4.41743
4.35090
2.76215
4.23634
4.20793
4.00911
4.36016
3.88429
3.70912
2.53350
4.22971
4.18818
3.20674
3.47655
3.60767
4.31732
4.28566
3.87997
3.83572
3.68123
4.08710
3.70040
3.70074
3.43706
4.30816
3.40790
4.39312
4.07277
4.12599
4.09414
3.32215
4.27133
3.45389
3.82793
4.28896
4.21059
4.13510
2.73538
4.06245
4.32486
4.09218
3.33173
4.04954
4.00578
3.97075
4.28651
3.85310
4.13228
4.19079
4.31377
3.97788
3.78689
3.99606
2.55187
4.28612
4.16662
4.16586
4.27649
4.00668
3.94244
3.94374
3.89279
3.98087
4.28374
4.20891
3.93316
3.77260
4.10730
1.94287
4.20772
2.38718
2.78494
3.78110
3.79955
3.95519
3.91369
2.42680
4.24732
3.61280
4.20509
3.84040
4.14567
4.02780
4.18020
3.78277
4.15089
3.75707
3.85900
3.90994
4.22249
4.31839
4.13964
3.90127
4.16871
3.99657
3.85131
3.30477
4.12923
1.82637
4.10037
4.23005
3.57187
4.11923
3.54483
3.43359
3.73308
4.30503
4.25742
4.19205
4.29400
4.27015
4.18384
3.84688
4.39109
4.29649
1.70580
4.17123
3.83102
4.13727
4.10209
3.92317
4.17620
3.51996
3.92142
3.27539
3.69239
4.26154
2.85676
2.11512
4.14469
4.17787
2.78312
3.92672
3.61602
3.12310
2.57057
3.27849
4.12932
4.25221
4.14423
4.16054
4.18812
4.18020
4.06406
3.64570
4.21480
3.81694
4.34194
4.06511
3.77506
4.26693
4.19880
4.17502
4.02518
3.99766
3.55284
4.06164
3.97477
3.93687
4.16400
4.18251
4.08791
4.11098
3.16655
4.15827
4.19499
4.16556
3.77489
3.82150
2.53000
1.89795
3.94560
4.13441
3.84514
3.50333
4.33987
4.00213
4.06301
3.66328
2.80951
4.00966
4.14286
4.07042
3.87562
4.40817
3.05474
4.10783
4.00433
4.28928
4.36206
4.03194
3.17798
3.85874
4.35296
4.24866
4.13459
4.04711
3.85891
2.72570
3.89546
4.27354
3.95665
3.93272
4.33215
2.72970
4.34819
4.22704
4.16511
4.23830
4.27035
3.37462
3.81642
4.24246
4.25451
4.07418
4.08785
2.27332
3.25467
3.99466
4.07536
4.17018
4.14003
3.72204
3.23297
2.10474
4.00211
4.16826
4.20512
4.32563
3.40207
3.82833
4.34409
3.86637
4.22330
4.10628
4.26279
3.83386
3.89820
3.78352
4.08458
3.78933
3.68674
3.91801
3.69602
3.79503
4.05955
4.19057
3.57606
3.90102
4.12259
4.15090
3.90296
4.07873
3.15675
2.62299
4.03294
3.47037
4.14167
3.66704
3.49963
2.28462
3.87003
4.06174
4.13736
3.98806
4.16259
4.16100
4.26508
4.21067
3.78540
4.28866
3.94581
4.00551
4.08519
4.17331
4.20385
4.12504
3.16453
3.98242
4.00087
4.15925
4.05016
4.03773
2.31979
4.28602
4.33376
4.15918
3.86674
4.23043
4.12046
4.28005
3.46863
4.06269
3.69556
4.36163
3.83256
4.29174
3.75494
4.03328
4.26763
4.11287
2.52628
4.23118
4.01161
3.74388
2.92587
3.96092
2.61465
2.02867
4.24212
1.87993
1.25901
4.00985
4.41755
4.18641
4.18568
1.72264
4.34876
1.89604
3.74498
4.14308
3.82109
4.39179
3.97051
4.06848
3.20789
4.14244
3.85378
4.32113
4.13783
3.99422
4.23564
4.09693
3.93516
3.88409
3.89258
4.26778
3.71996
3.98120
4.26508
3.71297
3.93221
3.94740
3.98552
2.26399
4.22507
3.34893
4.00224
1.85043
4.34776
4.18223
4.00458
4.03977
4.27302
3.85614
3.85680
4.03940
4.43096
4.06651
2.92304
4.07155
4.28889
4.24573
4.15939
4.25547
4.17169
3.87638
3.71649
4.12970
4.02573
4.46373
3.33123
4.08800
4.00013
3.00136
4.28014
3.26710
3.81857
4.22364
3.87823
4.05364
4.08576
4.07800
3.75007
3.86770
4.29284
4.06469
3.46524
4.37834
2.08537
3.81879
4.12154
3.97246
3.57653
3.07975
4.01637
4.41723
4.07373
4.08795
4.20485
4.23769
3.45591
3.04664
3.99700
4.08051
4.04946
3.61446
4.05084
4.03601
3.95955
4.31635
3.85343
3.92995
3.25484
3.87409
4.01809
4.26029
3.96338
3.47989
4.18206
3.71717
1.68636
3.83447
4.11825
4.10870
4.20310
1.71599
4.03551
4.03847
4.39702
4.03953
4.27438
4.42916
4.32143
4.11581
3.96178
4.05327
4.17324
4.32278
1.46613
3.78536
3.39648
4.01247
4.14247
4.21678
4.12485
4.19702
4.16092
4.31801
4.18649
3.91143
4.31969
3.79426
3.97367
3.63032
4.32317
4.07246
1.58654
4.02023
4.28301
4.20921
4.27368
3.50469
2.00832
3.28849
4.10935
4.23517
3.33039
3.96176
3.91121
4.26909
3.80402
4.09045
4.03473
4.22184
3.45366
3.84029
4.09046
3.58134
4.31966
3.08877
4.13456
3.79091
4.10518
3.68700
2.41638
4.18433
4.05240
4.05482
3.68807
2.41426
4.11270
3.88065
3.98646
4.24309
3.88228
3.39743
3.62166
4.22650
4.09111
3.99984
4.08154
4.25181
3.56320
4.22085
3.56032
4.27198
3.09664
3.88848
4.07909
3.67063
4.10210
4.33228
3.98014
3.14486
3.95490
4.14180
2.75212
3.96864
4.27365
2.63632
4.01160
4.07847
3.66940
4.33467
4.02495
2.08491
3.97124
3.41147
4.07280
3.03368
4.24395
3.84636
3.93413
4.00032
4.30073
3.95544
3.69795
4.09614
4.06814
4.18585
1.47866
3.89867
3.46268
4.04907
2.83133
4.00250
3.30277
4.22626
4.11747
4.11542
3.92559
4.09451
3.97540
3.86268
2.30095
4.13231
4.27850
3.49876
4.33699
3.81916
3.95537
3.37416
4.03535
3.12018
4.07585
4.00949
4.11469
2.44505
3.93896
4.33799
4.26210
3.13577
4.18851
4.29335
4.13059
3.52045
2.22004
3.42633
4.34258
4.10002
4.28931
3.35479
4.01081
4.32851
2.89096
4.35045
4.22030
4.21074
4.15224
2.90249
4.32977
3.81772
4.07972
4.08772
4.35053
3.90953
3.47757
4.19627
3.59966
4.18656
4.16508
3.73342
4.32445
3.97404
3.97696
4.01957
3.05377
3.12063
4.12462
4.36823
2.64962
3.88069
4.07757
4.30879
4.16566
3.68406
4.24196
2.23836
3.97196
4.27165
3.24535
3.83461
1.38036
4.06756
4.07908
4.20247
2.49985
3.55141
2.34842
4.28738
4.06573
4.34336
2.79008
4.17510
4.21299
4.24720
4.13731
4.30933
4.20540
3.01381
4.23497
4.18817
3.43035
4.24830
3.29146
4.15765
4.01096
4.03265
4.05581
3.98180
4.09031
4.01014
3.89381
3.80473
3.59862
3.83586
3.95525
3.76625
4.18597
3.89298
3.86871
4.35327
4.04067
3.98131
1.59244
3.96729
3.51608
4.19008
3.86482
3.85668
4.15096
3.94548
3.92191
3.50104
4.05801
3.59858
3.90405
4.22803
4.17403
4.04554
3.62019
3.99545
3.83105
4.25129
4.14310
3.88351
4.13096
4.00923
4.23620
3.74564
3.75309
4.00635
4.09967
4.17345
3.44424
3.36020
3.57624
4.07847
3.99979
2.94090
3.96246
4.26788
3.45772
3.54457
3.44582
3.18668
3.96683
4.25234
4.06477
4.18432
4.07919
4.25775
4.33706
4.24723
4.13883
3.98673
3.99098
3.77244
4.00853
4.22178
4.23361
4.07497
1.58889
3.97217
2.89541
4.17006
3.74633
3.86004
4.38019
3.91830
4.22755
2.74979
4.06187
2.74449
4.12120
3.00029
3.36027
4.25574
3.82210
4.01078
4.36171
3.99695
3.88631
3.72677
4.10178
4.14504
4.32605
2.66192
3.95211
2.57009
3.78735
4.17716
3.87983
3.41433
4.01154
4.08602
3.87340
2.92177
3.66276
3.56755
4.12553
3.21793
3.84330
4.20089
3.67158
4.25743
3.75995
4.25172
4.31215
3.75748
4.15967
4.12850
3.84747
4.15366
3.91869
4.20217
4.28153
4.14751
4.26960
4.38119
4.16687
3.33860
3.89813
4.29857
4.24966
3.81035
4.20154
4.14577
3.96256
3.00159
4.36597
4.36218
3.82301
3.94496
2.78433
4.31334
4.24018
3.79200
3.95282
2.10091
3.83082
3.77338
4.30266
4.31172
4.15017
4.32248
4.08929
4.17047
4.29988
3.85856
3.97466
4.21140
3.15946
4.24021
4.20983
3.74576
4.12022
4.08137
3.26768
4.18251
3.49112
4.34438
4.04617
3.19544
3.84120
4.27212
3.86715
4.21878
3.67287
3.98241
2.33330
3.87347
4.27317
2.00956
4.15253
3.91476
4.16266
4.09379
3.94624
4.24803
3.03799
4.24013
4.32958
3.96675
2.52763
3.92600
4.08357
3.59451
3.93381
4.11642
4.23236
4.03287
4.01548
3.83405
3.55830
3.67295
4.19796
3.34090
4.21675
3.96331
4.14772
3.57529
3.90881
4.21957
3.57778
4.17023
2.51381
3.56385
4.11889
3.51153
4.18607
3.52087
4.23072
3.84483
4.30883
3.96381
4.18706
3.64827
2.76440
4.03489
4.19571
4.06950
3.76861
4.15713
2.48729
3.93847
3.54730
3.79083
2.45920
4.20698
4.23918
3.35913
4.15627
4.35056
3.95946
1.48907
3.88051
3.96480
2.62736
3.71001
3.62735
3.78194
4.11317
3.74520
2.64420
3.67696
2.41420
3.93842
3.24487
4.19884
4.31587
3.91800
3.71804
3.27695
4.19383
4.06544
4.28416
4.01966
4.08940
4.13894
3.52336
4.00096
2.73600
4.34006
3.94866
3.53587
3.41235
2.81370
1.72378
4.11925
4.17243
4.23763
3.67625
3.65988
4.20059
4.01235
4.10196
4.06346
4.27731
4.26438
3.78617
4.18308
4.24829
4.06569
3.40356
4.11010
3.86721
4.11581
2.20597
3.63217
4.18071
4.20013
3.22180
4.16136
3.53735
4.00234
4.01265
3.84559
3.44765
4.20925
3.95539
4.36616
3.76462
4.14711
4.12874
4.13509
4.31295
3.96974
4.01367
2.87350
4.12676
3.63257
3.91907
3.94459
3.93189
4.27482
3.39063
4.08270
4.38340
4.13197
4.27556
4.22471
4.00421
4.06390
2.94826
4.18470
4.01531
3.40671
4.14349
3.69578
4.27863
4.03317
4.32336
4.35884
3.64953
3.82534
3.43763
3.98354
4.25728
4.36312
3.88543
4.33363
3.98461
4.26372
3.75160
3.76238
4.09193
4.32544
4.05625
3.81154
4.21296
4.29886
2.81905
3.93087
2.44681
3.65067
3.17489
4.23461
4.22602
3.91496
2.95762
4.20982
4.37534
3.90463
3.68449
3.95832
4.35087
4.08806
3.37417
4.35156
4.36595
3.76436
4.16545
4.18510
3.72873
3.40904
2.76732
3.46884
4.33454
3.76270
3.28472
4.03014
3.69180
4.07559
4.17843
3.89517
4.19784
3.94909
3.77461
4.16139
4.21103
4.28480
4.18470
4.18230
4.14775
3.97980
3.68911
3.92084
4.09750
4.03155
3.06969
4.04741
3.94767
4.19314
4.29047
4.08955
4.31208
4.19168
4.00160
4.30169
2.56076
3.76680
4.23474
4.32196
4.21596
4.21268
2.16524
3.63558
4.04949
3.78258
4.19056
4.11194
3.78500
4.17700
3.99844
4.27829
4.05829
4.36911
4.36943
3.82103
3.70187
4.29749
3.98334
4.34398
3.90617
3.80964
4.33698
4.06301
3.28736
3.80533
3.14475
3.81876
2.98375
3.81350
3.99309
3.89987
4.11035
3.91993
1.67334
3.87794
3.53420
4.15759
3.95914
2.98453
3.77293
3.13456
3.85353
3.45758
3.99022
4.33957
4.28031
3.87276
4.27279
3.72536
3.78201
4.33267
4.19118
4.35786
3.79869
4.05197
4.38146
4.17725
3.61249
3.76432
4.17974
2.84873
4.13307
4.24475
3.83085
4.06000
3.71039
2.77207
4.05662
4.29869
3.71571
3.66835
3.61863
4.23410
3.33106
3.91040
4.08422
4.09379
3.69701
1.99626
3.56933
3.10449
3.84552
4.36114
4.26204
3.03372
3.69377
3.79468
4.21002
3.75127
2.46014
4.13307
4.30594
4.08632
4.32473
4.11073
4.04807
3.84825
4.11445
4.20780
4.07482
3.98557
4.04595
4.31886
3.81820
3.92137
3.80562
4.33913
4.09231
3.48537
2.33841
4.29803
4.09538
3.62129
4.11675
3.52220
4.21742
4.08024
3.73954
4.05080
3.96550
3.55331
4.01795
4.21465
3.93485
4.37353
3.93229
4.16029
3.90156
4.14605
4.31690
2.39851
2.95148
3.36955
4.10723
4.19405
4.24614
3.67459
4.18332
4.05177
4.28601
3.97266
3.94441
3.83619
3.85393
3.88511
4.11412
3.83112
4.17130
3.26614
3.82634
3.48449
3.74711
3.69935
4.11769
2.97422
3.96988
4.26711
3.33622
4.00554
4.17431
4.31888
4.09978
4.06170
3.68398
4.22419
4.32532
4.26805
4.22459
4.18614
4.24173
4.20997
4.16819
2.54269
3.62005
4.14243
3.66132
3.79093
3.70658
4.12860
3.81787
3.79123
3.25077
3.66996
3.71973
4.38004
4.06103
3.60928
4.17355
3.61505
4.16584
4.12050
3.58663
4.16752
3.09005
3.91998
3.99184
4.20418
4.02840
4.31771
3.96420
4.23892
3.21527
4.09176
4.02877
4.07833
4.21046
4.31653
4.26839
3.85396
4.17438
3.53186
4.08015
4.00493
3.72744
4.20578
4.08369
3.42488
3.01455
4.10516
4.36105
4.05786
3.83682
3.87789
3.83820
2.98552
3.69294
4.26124
4.28153
2.43950
3.83493
3.75422
3.94345
4.18863
4.19253
3.81106
4.07962
4.17682
4.34864
4.21875
4.35574
4.17299
3.42139
4.29080
4.01732
3.54736
4.04786
4.26465
4.18050
4.25586
3.40093
4.03054
3.33109
4.02323
4.02819
4.21559
2.33355
3.83767
4.06333
3.60292
3.69466
4.02369
3.76893
4.18735
4.18661
3.98584
4.19260
3.66206
4.16395
4.28724
3.54038
3.52466
4.17128
3.88837
4.34257
4.08365
4.13624
4.09150
3.83263
3.94239
4.23652
4.31046
4.14737
3.72795
4.26485
3.58182
4.25296
4.18119
4.08654
4.16349
4.32818
2.90694
4.24409
3.11362
3.16516
2.97408
3.92712
3.72770
4.26238
3.18152
4.05517
4.06978
4.16724
3.95961
3.95741
3.71272
2.99573
3.81422
4.30266
3.79984
3.89522
4.29368
3.65039
4.31844
4.27855
3.76525
4.13055
3.96674
3.41483
4.34373
4.08276
4.12945
3.45235
3.43631
3.97141
2.57220
4.40396
4.25998
4.18705
3.85393
4.38200
4.31494
3.99193
4.03513
4.20280
4.00613
4.14752
3.61586
4.21500
4.18686
4.27796
4.09409
4.00060
4.01882
3.51354
3.57824
4.30136
3.00181
3.41386
4.35509
2.72244
4.23637
4.14535
4.28188
3.19639
4.07566
4.27708
4.05526
3.54415
3.45307
4.23358
3.42420
3.93521
4.11536
4.05559
3.89082
4.07200
3.41840
4.22035
3.32756
3.83361
4.03246
4.07940
3.33469
3.98288
4.04335
4.08377
3.94417
4.01425
3.80289
3.95329
4.13415
4.22771
4.17842
2.31382
4.16205
3.83495
4.15516
3.94454
4.12803
4.11032
3.42740
4.07508
4.19778
3.55095
4.14178
4.05641
4.09819
3.65190
3.76222
3.70094
4.05976
4.10837
4.18833
3.99476
3.88583
4.31706
3.82196
3.95693
4.21693
3.92774
4.35297
3.65059
4.28953
4.21558
4.04028
3.77541
4.21106
3.82103
3.39941
3.68851
3.34412
4.02326
3.57292
4.16589
3.72867
4.34993
4.09161
3.65324
3.82444
3.00611
4.07563
4.21475
2.16106
4.21288
3.98707
3.71585
4.04623
4.11141
2.73970
4.23169
3.90815
3.80733
3.72193
3.63328
3.86059
4.14352
4.11050
4.06979
4.25387
3.97047
4.21892
3.77709
4.23153
4.19795
3.17682
3.89325
3.95315
4.21294
3.81473
2.51032
2.47508
3.45419
4.29823
4.37569
3.44610
3.58645
2.17575
3.99990
3.99514
4.37291
4.21230
4.25137
4.27684
4.38374
3.81628
4.30787
3.95688
4.08593
4.06204
3.67294
3.75375
3.91609
3.80936
4.24226
3.67786
2.79200
3.25299
3.87811
4.18023
3.63618
4.16215
4.26482
4.28166
3.98780
4.36062
4.03545
4.13339
2.78654
3.51119
4.28036
3.82190
4.35663
3.82783
4.21260
3.98247
3.33692
4.23977
3.74642
3.46489
4.17267
3.88925
4.35767
4.05795
4.21918
4.06123
4.17869
3.86596
4.02874
4.06178
3.61022
4.17620
4.12674
3.93320
4.00361
3.91332
4.32488
3.68717
3.86414
3.86004
4.13267
4.39771
3.70932
3.25345
4.20588
3.75914
3.85560
3.84003
4.27498
3.60886
3.21188
4.26000
3.26874
3.90570
3.64555
2.97046
4.18115
3.49240
3.11380
3.73974
4.40127
4.04053
4.35890
3.94547
2.83280
4.22860
4.21307
3.58666
4.11073
2.69811
4.07070
1.91143
4.27189
4.06819
4.12992
4.17955
3.75677
4.02208
4.34377
2.81832
4.22614
1.96692
4.30063
3.93927
3.64207
4.26753
3.49997
3.28958
4.29770
3.59197
3.41329
4.24082
4.31023
3.28034
3.15487
3.48893
3.60378
3.28769
3.96031
4.01285
4.20193
4.18211
4.01138
4.32240
3.37463
3.92329
3.53361
4.14770
4.09388
4.12347
3.74873
3.35028
3.19952
4.05225
4.16031
3.81253
3.13966
3.10402
4.12133
3.77968
3.32101
4.21637
3.97720
3.96377
4.24557
3.79769
4.24695
3.90139
4.04523
4.19683
3.91227
4.27618
3.35080
4.34868
4.38264
4.21046
2.75456
4.03566
3.21352
4.22672
4.12999
3.50006
3.85222
4.24768
4.28254
3.82439
4.41906
4.08272
4.08263
4.22966
4.02423
4.06707
2.82673
3.91156
3.87381
3.75594
2.96082
3.55501
4.23537
3.43512
4.24790
4.05329
2.57112
4.34655
4.32083
3.86545
3.86938
4.29302
4.07103
3.56681
3.78079
3.98202
3.97049
4.13799
3.50726
3.92002
3.93105
3.24000
4.05578
4.27768
3.89386
4.29485
3.46282
2.84737
4.01197
3.91287
1.93866
3.45386
4.27721
4.02221
3.88802
4.17604
4.07278
2.08123
4.15338
3.80593
4.10705
3.59340
3.77297
3.67881
4.09597
2.86957
3.61547
4.04416
4.21050
4.33986
4.19096
4.35102
4.09451
3.56635
3.50403
4.22840
3.72148
2.39327
4.14108
3.24960
4.23338
3.59201
4.27933
3.56466
3.78932
3.73746
4.24410
4.26732
3.55029
3.79085
4.21268
3.39784
3.58625
3.64055
4.17065
4.14414
4.01269
2.40494
3.45003
2.49587
4.12956
3.97158
3.07923
3.91683
3.56201
4.19567
3.76992
4.36547
1.88645
2.40302
3.45344
4.16828
4.13391
3.76573
3.93602
3.80253
4.30687
4.15091
4.37831
3.83387
4.19511
3.32625
4.13783
4.12870
4.27816
3.12845
4.29960
4.33547
3.59027
3.83251
3.73372
2.98925
4.14494
3.86171
3.62700
4.02537
4.19278
4.01349
4.09723
3.96147
4.06551
4.24727
4.13530
3.63625
4.17293
2.61029
2.26306
3.52557
3.89839
1.78078
3.96515
2.94113
4.01909
3.90996
4.41829
4.11267
3.45415
3.75898
3.98695
4.26465
4.09540
4.39388
4.18539
3.83806
3.78187
3.97197
4.14760
2.69673
3.55764
4.15012
4.31369
4.34128
3.39979
4.20453
4.13694
4.14485
3.11627
3.10853
3.93598
4.11658
3.81470
4.12949
2.58371
4.21269
3.82107
4.06105
3.89075
4.09406
3.94414
3.69070
3.88474
4.31610
4.21306
4.16824
3.96214
4.05304
3.89494
4.19641
4.37539
3.72625
4.05913
3.90640
4.18769
3.94179
4.05939
4.20844
3.00780
4.00321
4.07784
4.02420
4.17129
4.04821
4.03246
4.32129
4.17561
3.65003
3.80105
4.12323
4.35314
4.30747
4.07930
4.02482
4.31642
4.25602
3.79255
3.71047
3.00062
4.01084
2.91145
2.94835
4.04471
3.79018
3.81480
3.99442
4.22831
4.28033
4.33328
4.21536
4.22105
4.28500
2.58324
4.12624
4.25527
4.19746
4.41638
4.15216
4.24979
4.13215
4.20719
3.91349
4.03307
4.00533
3.30802
4.06750
3.26639
3.27589
4.09515
3.71111
4.08861
4.34011
3.99891
4.38578
4.24876
4.25062
3.86239
3.83107
2.88921
4.14081
4.06419
3.91764
4.28254
4.20109
3.65782
4.37733
4.37281
4.01012
4.13121
4.05708
4.27179
3.96825
4.01667
4.10307
3.64786
4.31632
3.56861
4.04673
3.98629
4.23487
3.92649
4.21483
4.27312
3.94493
4.09025
3.60774
3.88730
4.17940
4.19128
4.29374
2.27595
3.90762
3.98611
4.21080
3.95070
3.62218
4.25295
4.15951
4.03132
3.22321
4.35588
3.78277
4.02994
3.92210
4.29358
3.83011
3.35938
3.98289
3.29801
3.18164
3.88556
4.19187
1.47349
4.00807
4.16153
4.18876
3.86758
3.52798
2.25433
3.39966
4.14354
3.28502
3.43453
3.83061
4.08910
4.33838
3.80242
2.11563
3.71414
3.81562
1.79210
4.18551
3.96474
4.29154
4.01408
4.18615
4.07460
4.01506
2.89769
3.77471
4.06491
4.32827
4.28925
4.15966
4.11549
3.57624
4.14341
4.17328
4.29698
3.65710
4.36688
4.29701
4.16599
3.44421
3.90447
3.70326
4.27303
1.63741
4.22955
4.23721
3.05726
4.24448
3.86276
3.95990
4.33872
4.06004
3.84921
3.66769
4.28649
2.20377
4.05702
4.15320
4.12678
4.33831
4.44045
2.60087
3.32117
4.14718
3.75871
4.20047
4.07354
4.42610
4.09613
3.94545
4.20678
4.23803
3.97415
2.24993
4.25040
3.84942
3.87203
4.08122
4.17192
4.13789
3.83632
4.24370
4.33055
3.00988
4.29735
4.07018
3.94995
4.20122
4.10077
3.86506
3.61602
2.56753
3.35270
3.60247
2.38648
2.65543
3.90781
2.66130
3.60549
4.15800
3.94308
3.52395
4.10645
3.89386
3.19708
4.26052
4.27612
4.14786
4.25036
4.19226
3.87744
4.13350
3.14035
4.15509
4.46347
3.60951
4.23986
3.52825
3.83154
3.12429
4.27426
4.28795
2.62793
3.91429
3.64810
3.87930
4.01073
4.11524
4.12183
4.26436
3.34915
3.68330
4.34361
3.40524
4.26284
4.03849
4.16819
4.21869
4.36095
4.11805
2.70116
4.24460
3.67942
3.81416
2.95601
4.18187
3.41392
3.48930
4.22855
3.39081
4.26257
3.21190
3.77703
3.94225
3.94688
3.89289
4.15533
4.23143
3.99215
4.34838
4.25334
4.16118
3.40762
4.22713
3.99557
4.29202
3.93827
3.45349
3.49687
3.43766
3.93095
3.93939
4.09222
2.86549
4.03352
2.60701
3.34717
3.99747
3.86201
2.14158
3.81946
4.24117
4.24506
2.60910
4.00477
3.56483
4.25767
4.04706
3.99856
3.92506
4.36658
4.12966
2.83697
4.15470
2.84449
4.08358
4.22282
3.99533
4.13437
1.57524
4.05733
3.33166
4.26342
3.57905
4.12488
4.04077
3.22013
3.48813
3.22799
4.29691
3.96551
2.77521
3.47340
3.70907
3.98130
2.95432
4.06131
4.03720
3.92526
2.64500
4.39245
4.30006
2.71788
3.97895
4.35251
4.31000
4.23068
2.54210
4.14336
3.55730
3.67512
4.21736
4.26645
4.14108
4.22196
4.02078
3.01428
3.88872
3.52241
3.34866
4.16271
4.04435
4.34891
4.05884
4.00382
4.28652
4.08391
3.66589
3.92932
4.16969
4.37267
4.25454
4.13328
4.13999
3.55599
3.82921
4.18371
2.10388
4.11703
4.07324
3.25656
3.99067
4.30249
3.43287
4.04443
4.21303
4.28451
4.37124
3.58351
3.76883
3.82320
3.96962
4.33519
3.51129
3.61282
4.16236
4.01762
3.90313
3.75452
3.66995
3.32295
4.04064
4.26696
4.27218
4.03599
2.65957
4.27236
4.19633
4.20769
4.21182
4.24743
3.74202
2.85164
4.05703
3.73536
4.22286
3.99068
4.27821
4.01006
2.66956
4.00567
2.18306
3.74191
3.96615
4.18123
4.05606
3.66335
2.80252
2.68043
4.02666
3.88796
4.05785
4.13382
3.98095
1.65774
4.03394
3.70584
4.25522
3.76446
4.20189
2.62116
4.11610
3.86580
4.00618
4.18454
4.24611
3.52340
4.22162
4.00391
2.51889
4.03489
3.79544
4.18065
4.00717
3.52268
4.14347
3.85576
4.17663
4.08823
3.78402
3.59141
3.67839
4.27220
2.15795
3.98022
3.71806
4.14535
4.14706
4.15910
4.20693
4.06018
3.71417
4.24609
4.07252
3.89378
3.60787
3.84692
3.76846
3.84011
4.05844
4.24207
1.83522
3.97086
3.91343
4.25204
3.86616
4.29185
4.36760
3.55932
4.24293
3.68322
4.20636
3.87372
3.04399
3.50526
4.21915
4.14844
4.10727
4.24890
4.14935
2.22405
4.35995
4.18338
4.06887
4.08109
4.09071
4.24206
4.08944
3.75207
4.29471
3.83392
4.17531
4.19508
4.35581
3.76208
3.52506
2.86347
3.31324
3.93860
3.82423
3.69028
4.35560
4.03489
4.09491
4.26354
4.06291
4.29975
4.07451
3.92176
4.20483
4.22256
3.68554
3.77011
3.81903
3.35187
4.05444
4.10071
3.63879
4.25595
3.86005
2.97572
4.39635
4.18240
4.33136
4.03225
4.33537
4.27640
3.87415
4.36418
4.04332
3.46617
4.35056
3.19236
4.11418
4.03746
3.81048
4.12474
3.41474
4.30598
3.71248
4.03833
4.29526
3.91524
3.77228
4.31034
4.15988
3.64298
4.15137
3.58471
3.94832
4.11187
3.37003
4.20005
3.26215
3.88629
3.76981
4.05294
3.99631
4.00107
4.09875
3.82756
4.29623
2.41385
3.74037
4.10898
2.98486
4.14549
3.98617
4.33994
3.50818
4.21102
4.39665
4.34539
3.77040
4.13701
4.13175
4.19511
4.13776
3.91634
4.14150
3.79054
4.18145
4.21532
3.78855
3.31110
4.21014
3.90406
4.21481
4.39031
4.10274
4.09894
3.95220
4.24004
3.46549
3.58202
4.03228
3.83361
4.26296
4.14826
2.85534
2.70763
4.14817
3.95007
3.96793
4.34635
3.40699
3.42605
4.09783
4.05926
3.99377
3.87976
4.00155
3.88707
4.20636
4.39236
3.99367
3.81566
4.21690
4.22805
3.67695
2.56182
3.34405
3.84750
4.11372
4.04032
4.32853
4.18269
4.13010
4.28623
3.89421
3.88002
3.47171
4.03964
4.23698
3.68215
2.90506
4.23127
4.27258
3.94314
4.02155
3.85903
2.52482
4.33813
3.74697
3.88785
4.28718
3.39395
3.86444
3.39765
4.08534
4.33195
2.49820
4.08193
3.73717
4.08056
4.33744
3.18142
3.69676
4.03899
4.18215
4.32173
3.37094
4.07121
2.30370
4.41453
4.27043
3.69497
4.36320
4.02654
4.00316
4.00457
4.19007
3.12838
4.24773
3.91665
3.83908
4.37913
3.75424
4.08799
4.18394
4.16399
3.76384
2.90796
3.07583
3.84075
4.12427
4.11972
3.69530
4.10952
4.08155
4.32165
3.93282
4.36232
3.14002
4.05596
4.08241
4.28921
4.21121
3.83335
3.86577
3.13846
4.26254
4.27632
4.23709
4.10802
4.16948
4.15427
3.83337
3.11940
4.31732
4.13553
4.08954
3.80168
3.99062
3.39939
4.28483
3.99554
3.70469
3.98792
3.96362
4.25850
4.12290
4.23849
1.29417
4.19019
3.32889
4.05369
3.95585
3.71214
4.03975
3.79278
4.03496
4.37510
4.27154
4.00046
4.14704
4.16514
4.03738
4.20643
3.64478
3.98420
3.91526
4.25757
4.04088
4.23859
3.83270
3.07715
3.56236
4.12050
1.76506
3.96176
3.73298
3.73080
4.07842
4.26886
3.84293
4.20061
4.23580
4.07904
1.96319
4.12841
4.07952
4.10413
3.89014
4.01068
3.76087
4.18257
4.05486
3.83020
4.29664
3.78862
4.33021
2.75606
4.08605
3.90672
3.86856
4.13193
3.02464
3.76825
4.38373
4.26067
4.32095
3.28038
4.14667
3.61915
4.23586
4.35958
3.10833
3.93628
3.72159
3.56352
4.26479
4.34654
4.36780
4.12161
3.68893
4.27107
3.54128
4.09673
4.07003
3.90554
2.26289
4.39051
4.33163
4.22666
4.09453
4.08942
3.62780
4.14994
4.15488
4.07130
4.11877
3.52608
4.34309
4.27485
4.35094
2.44967
4.20561
4.10073
3.51193
3.62347
4.29996
4.03244
3.90741
4.21592
4.27983
4.31636
1.78770
4.27408
2.57907
4.28481
3.31877
3.58402
4.05165
3.49341
4.13558
4.06800
3.74437
2.56443
4.14239
3.08353
2.50613
3.52252
3.89136
3.63613
3.66404
3.82219
3.74076
4.21743
4.15261
3.74984
3.83926
4.16297
4.22545
3.67841
3.96989
3.99525
4.00194
4.00278
4.14114
3.32206
4.04208
4.26374
3.60704
3.43757
4.31825
3.46273
4.15774
3.80308
4.08886
3.81491
3.96157
4.14153
4.11514
3.99843
4.15741
3.68349
4.16219
3.77221
4.33260
4.36675
4.19368
3.27448
3.27047
3.93552
4.36024
4.24953
4.27803
3.80932
4.26441
2.68574
4.43780
4.06912
3.69357
4.19879
3.87465
4.34532
3.32880
3.70583
3.97744
3.81767
3.20076
4.28257
3.22607
3.75272
4.25262
4.05947
4.17436
3.49305
3.86771
4.25952
3.86504
3.55124
4.23184
4.11427
4.28083
4.24974
4.11869
3.88180
3.96181
3.98134
3.90939
3.52381
3.34201
3.79600
1.99926
3.99120
3.81922
3.62329
4.10203
3.65298
4.12505
2.84823
4.32596
2.57007
3.53144
3.41025
4.40828
4.33658
3.98347
2.92346
4.44361
3.37774
3.99752
3.89969
4.01961
3.66162
4.13397
3.85054
4.01818
3.89864
4.28732
3.55398
3.57459
4.28403
4.09808
4.32029
4.12742
3.85342
4.20160
3.89256
4.26829
4.10879
4.17773
4.25280
4.26610
3.95567
4.28143
3.91183
4.17129
3.17663
4.26456
3.73272
4.21023
4.10043
4.26394
2.72692
4.31406
4.15281
4.20488
4.44318
3.67387
4.11718
4.19633
1.84262
4.19263
4.20246
4.25616
3.95186
3.96026
4.24363
3.10651
3.69310
3.72727
4.06695
4.21013
4.13699
3.93149
3.84697
4.12115
3.54769
4.02304
4.40421
4.10102
4.10562
4.28448
3.88623
3.90681
3.00333
3.58059
3.63907
2.78395
4.08214
3.58103
3.61862
4.23444
2.34491
4.18288
3.70072
3.93945
4.14916
2.44788
4.18140
3.97969
3.97132
3.66573
4.17333
2.92935
3.63237
4.21041
3.45619
4.24045
2.22718
3.99950
4.32314
4.24499
3.70253
4.29280
4.33378
4.14985
4.16412
4.06252
4.35125
3.80344
4.20911
4.33705
4.17757
4.24200
4.01772
4.33463
3.83483
3.36440
3.62546
4.10947
4.08625
4.08394
4.05110
3.87938
3.86864
3.78721
3.74813
4.17270
4.37939
4.32009
4.23819
3.55369
4.19308
4.16021
4.27033
3.98984
4.14047
3.73900
4.04042
3.31218
3.23594
3.85575
3.91627
4.29497
4.01223
3.92828
3.64310
3.93095
2.71318
3.86586
4.26837
3.41562
4.30815
3.89578
4.16292
4.00258
2.01442
4.25349
4.18289
4.39827
4.04893
4.01321
1.70586
3.05198
3.68541
4.01356
4.03046
4.01743
3.62759
3.94139
3.91335
3.97355
4.37775
4.01044
3.99100
3.50834
4.12557
4.26338
4.16836
3.82555
3.90460
3.96882
3.97375
3.30345
4.07493
4.21114
4.42627
3.41936
4.11411
3.90329
4.19054
3.85912
4.26359
4.07283
4.19673
3.67108
3.99591
4.25234
3.78194
4.23470
4.16306
3.30464
4.08606
4.21249
3.62843
4.19542
3.68618
2.66740
3.91478
4.19707
3.85937
4.16036
1.94570
4.18757
3.27431
3.77669
3.60153
4.19292
3.91405
3.92108
2.74697
3.26572
4.03668
4.31345
2.95962
3.86937
4.10149
3.70465
3.55265
4.16991
2.31416
2.59043
3.98551
3.94688
1.45658
2.60275
4.24768
3.72090
4.13585
3.72934
3.85155
4.14717
4.12013
3.51346
3.85828
3.58849
2.20430
4.04130
4.09228
3.09938
4.30608
3.79116
3.70162
3.88702
4.33617
3.84404
4.20896
4.33477
3.21684
3.85760
4.13671
4.05712
2.28738
4.17585
4.17606
4.12543
4.11957
3.91066
4.35135
4.26350
3.34093
3.64818
3.40903
3.97442
4.20491
3.74845
4.30360
3.69618
4.22683
4.11413
4.32573
4.16233
3.45080
4.34072
3.01080
3.96478
4.31668
3.49549
3.59088
4.27672
1.61606
4.29064
3.77483
3.12959
4.35203
3.63958
3.90900
3.91804
3.86403
3.45808
4.31289
4.25662
3.72872
4.27056
4.17445
4.11171
4.11854
4.19823
3.86510
3.98746
2.87595
4.30765
4.14047
3.56325
4.00114
4.04927
4.06393
3.99142
4.28584
3.83576
3.94269
2.54863
4.17496
2.19308
4.25990
3.97140
3.99401
3.79830
3.93529
4.18075
2.97373
4.02569
4.09190
4.43592
3.14744
4.01467
4.05653
3.34700
3.72006
4.19290
4.26663
2.32593
4.33678
2.82492
4.18401
4.14180
4.37050
4.29940
2.45964
3.31562
3.72844
3.99790
4.18774
3.57384
4.13576
3.59812
2.63076
4.20133
4.39060
3.59103
4.22089
3.74538
4.28861
4.02500
3.78869
4.34882
4.23547
2.99865
4.18243
4.22276
3.77854
2.59615
4.26495
4.08824
3.81535
3.72789
4.08877
4.09184
4.36072
3.56373
4.22962
3.73183
4.04992
4.24304
4.01969
4.04506
3.24321
3.35060
3.65744
4.36622
3.39370
4.36710
4.02526
3.27929
4.07102
2.77838
3.89656
4.20829
4.01982
4.39567
4.08581
3.95896
4.26555
3.99862
4.19799
3.96270
2.01043
3.80564
4.31276
2.64544
3.97481
4.16150
4.14610
3.59795
3.94841
4.21997
4.17826
4.13902
4.04974
4.34278
4.18557
3.70484
4.03152
2.40465
3.06022
4.16354
4.04671
4.01071
4.04902
2.99293
2.62136
4.35712
1.77978
4.07763
3.98887
3.90916
4.17294
3.61103
4.13782
3.93213
3.88369
4.30796
4.38533
4.27261
3.96364
3.83148
4.11062
1.55566
4.02746
4.33252
4.14312
2.25929
4.13124
4.00360
4.07446
4.24758
4.12213
3.96874
4.35833
3.45718
3.82226
4.10191
4.24519
4.13326
2.90589
3.27138
4.11837
4.22087
4.38722
4.04337
4.17496
4.20971
4.21039
4.21871
4.16121
3.97246
3.79468
3.89651
4.24355
3.80847
4.19600
4.21474
4.11694
3.96363
4.11092
4.16366
3.83620
3.99872
4.22283
4.32219
4.06578
4.30141
3.48135
4.16927
3.42766
3.15119
3.48228
3.67738
3.82892
4.02491
4.04164
3.90720
4.26827
3.22136
4.30634
4.13076
4.29522
2.55046
3.75340
4.09206
3.56159
3.65096
4.20854
3.96808
4.07747
4.20386
3.98372
3.93655
3.65206
4.27239
3.96204
3.71805
2.19529
2.81142
4.39528
4.16438
3.64217
2.71850
2.94130
4.22991
3.52554
3.68926
4.34721
4.00816
3.62420
3.93862
1.46110
3.84643
3.96739
2.25266
4.19106
4.03809
3.84454
4.19928
3.31813
4.11415
3.81852
1.65337
4.08472
4.06989
4.33782
3.97045
2.72386
3.71088
3.88395
3.97440
4.07367
3.33986
4.23557
3.87304
3.42571
4.03758
4.15708
4.26313
3.98871
4.38259
3.19138
4.17479
2.02874
4.02485
3.53017
4.23638
4.02744
4.05547
4.16957
4.37371
3.87693
4.22867
4.16944
4.09951
4.13141
3.55497
4.29047
3.97728
2.94181
3.88618
3.65065
4.21585
4.32854
4.25543
4.11179
3.91438
4.26042
4.26129
3.74828
4.09764
2.60771
4.02854
4.12971
4.12265
4.21025
3.75774
4.15354
3.86902
4.27904
4.31056
3.79713
2.58137
3.55154
4.12047
4.06585
3.57639
4.04239
2.20624
3.83177
4.08877
3.54452
4.21525
3.89342
4.09043
4.38744
3.95819
4.31511
3.30243
4.36008
4.08130
2.81795
4.31800
3.25004
4.25514
4.33680
3.99019
4.22703
3.98863
3.95032
4.18231
3.97482
4.05569
4.02510
4.19648
2.85276
4.05326
3.87399
4.06018
3.85824
3.22105
4.09512
2.89059
4.35194
3.94852
4.37103
3.98094
3.76044
4.14118
3.20639
4.24732
4.10851
3.76605
3.93588
4.20135
3.57389
3.17220
4.40515
4.24213
4.22323
4.17212
4.03252
4.00261
3.75213
3.78742
4.27937
4.07249
3.93776
2.31251
4.22741
4.19489
2.04874
4.17738
3.69435
3.43425
3.99409
3.91750
4.26136
4.22488
3.72295
4.13604
2.18680
3.76796
4.21039
4.15961
3.63797
4.38961
4.13276
4.01757
4.13440
4.27548
4.31562
3.29126
4.29415
4.26500
4.24054
3.97720
3.93930
3.32537
3.94170
3.49208
4.10971
4.15223
4.36579
3.74191
3.97413
3.74924
3.96548
4.10341
3.87114
4.06815
3.90677
2.93008
3.68017
4.13785
3.41041
4.06634
2.12525
4.09685
3.53096
3.70359
3.34378
3.90677
4.24803
4.28872
3.88636
2.37183
3.88169
4.18186
3.99305
4.15471
2.78345
4.24335
4.20592
3.88814
4.14905
2.58595
4.21180
4.19973
4.11068
4.07777
4.03402
4.41402
3.77656
3.83791
4.05542
3.97698
4.01670
4.05920
4.22292
4.11492
4.22040
3.62383
3.86367
4.38947
3.99031
4.36076
4.22486
3.85864
4.11667
4.10713
4.36207
3.96938
4.12384
4.11646
3.96154
3.45000
2.58333
4.00642
4.25326
4.22471
4.13011
4.27665
2.56895
4.39609
4.06293
4.31579
3.89688
3.98560
4.39708
3.77551
3.56740
4.26436
3.60420
4.06106
3.73534
3.60671
4.10480
4.31223
3.77841
1.89475
4.12844
4.23865
3.62827
3.92871
4.21701
4.06802
3.91141
4.01341
3.62776
3.25795
4.11455
1.76156
3.69858
4.26093
4.07337
4.23011
4.25933
3.46852
4.12921
4.16071
3.70231
4.12220
4.00840
4.01221
3.78941
4.05267
4.32840
4.22180
3.84959
4.14081
4.20428
4.01216
4.12423
4.11491
3.75025
3.75888
4.26748
2.90280
4.04331
4.28547
3.67038
4.14397
3.98137
3.75268
3.83218
3.81158
4.19243
4.13898
4.24946
4.15071
3.47249
3.86203
4.40850
4.32699
4.12962
4.06013
4.00902
4.02931
4.07762
4.36549
4.27043
4.23586
3.99368
2.75584
3.88263
3.38368
4.12630
3.39830
3.54166
4.21927
4.09062
4.15000
3.69444
4.32528
3.89140
4.27220
4.10405
2.38807
4.28730
4.10805
3.28613
4.12851
4.19051
3.74001
3.97462
3.59740
4.16352
4.33965
2.86177
3.59467
4.27181
4.20145
3.04757
4.23675
4.24237
2.71966
4.26017
3.76591
4.17286
4.33833
4.02007
4.14377
3.98251
2.90429
3.81262
4.25197
4.15048
3.73304
4.34754
4.13556
3.50435
4.12382
3.82088
4.32769
2.62389
4.09121
3.70684
2.66892
3.60661
3.94023
3.49458
3.88946
4.26283
3.62561
3.99444
4.15794
3.25729
4.29612
4.24485
4.15572
4.41758
4.08677
4.02157
3.95423
3.28258
3.05255
4.07342
4.24924
3.80746
2.85794
4.17447
3.99614
4.09380
3.97162
4.03134
4.24729
4.30334
4.04070
4.04582
3.60209
4.18990
4.36584
3.76813
3.53864
4.37632
4.19262
2.36187
4.39582
4.04131
3.64075
3.76955
4.21187
3.74346
4.04710
3.68036
4.23478
3.99338
3.56113
4.06562
3.81093
3.51003
4.21129
3.77857
3.58351
3.62565
4.14801
4.13865
4.28459
3.93442
4.12539
3.28825
4.13206
3.99982
4.24793
3.19797
4.33841
3.63416
3.78591
4.09545
4.32444
3.72728
2.26614
3.83364
3.04966
3.85755
4.08915
4.15932
4.19074
4.08186
3.98954
3.58104
2.63595
4.19252
4.23913
4.19860
4.25742
4.04689
4.16552
2.90422
3.94975
4.33217
3.98373
3.59637
3.56725
4.25729
4.07845
3.33942
4.09215
3.72542
3.45618
3.95644
4.23601
4.21834
3.75937
3.28162
3.79050
4.22020
2.89684
3.78113
4.27750
3.79730
3.47062
2.99168
4.11055
4.13011
3.90742
4.03805
4.05817
2.65322
3.65617
4.18733
4.27211
3.73239
3.99101
3.24205
4.31038
4.18730
4.04707
4.17273
4.03019
4.29781
3.51879
3.76839
4.10169
4.15738
3.64783
4.30517
3.98898
4.07079
3.51449
4.09381
4.16615
4.08576
3.91289
3.44962
4.10520
4.23318
3.80722
4.09698
2.52285
3.76085
3.17624
4.27192
3.91326
4.12411
4.32387
4.35871
3.90488
3.60869
3.23727
3.91161
3.89191
3.48136
2.86646
3.94963
4.05240
3.59523
4.06286
4.31197
3.79549
4.12121
4.16114
4.39410
3.93170
4.08291
3.94116
4.31999
4.32542
2.95779
3.15117
4.08979
3.59777
3.76547
4.28667
3.68823
3.78629
3.62157
4.05077
2.15661
4.27897
3.19028
3.63278
3.83244
3.58774
3.14145
4.25145
3.80209
3.97986
4.08787
4.20764
4.15767
4.19576
4.12256
4.25056
4.16605
3.54145
4.15439
3.49104
4.05407
4.12515
4.34343
3.83691
4.01074
4.22859
3.67599
4.07150
4.31583
4.23358
3.67296
3.52495
3.96576
2.12377
3.92308
4.25184
4.02194
3.84982
2.11668
2.74822
4.09922
3.97179
4.36285
4.00715
3.96314
3.81007
3.97126
2.95538
3.23576
4.18959
4.16703
4.30758
3.62315
4.13881
4.26760
3.97606
4.28335
3.87618
3.98660
3.85861
3.96253
3.31598
4.31186
4.06100
3.12328
4.16918
2.98107
4.30593
4.04901
4.25251
4.15874
4.06160
4.14952
3.96371
4.38634
2.41540
2.37550
4.17795
4.42082
4.25738
4.12838
4.05383
4.42989
4.05927
4.10266
4.29117
3.96838
4.05984
4.15880
3.88094
3.20678
3.59631
4.39651
2.89984
4.14215
4.11971
4.10327
4.16874
3.84275
3.94055
3.94397
3.45027
4.10050
3.06058
4.19545
3.91281
2.90291
4.35993
4.15593
2.73879
4.25665
3.73573
4.09163
2.06627
4.06715
4.17477
4.07837
4.17152
4.28143
3.77509
3.41471
4.07411
3.94367
3.88249
4.11006
3.90591
4.04711
4.27479
3.56936
4.18599
3.98327
3.89837
4.27406
3.95091
4.15373
3.85939
3.82157
4.20702
3.82333
3.68658
4.22998
3.87887
3.76384
3.55110
4.17757
4.08065
4.17953
4.22860
4.22256
4.23545
4.16018
3.88275
4.10192
3.38167
4.16537
4.11271
3.49284
4.00162
4.29113
4.23093
4.24176
4.18594
3.85419
4.17473
3.98181
3.61148
4.20988
3.96768
4.07519
4.06832
4.19425
2.30832
3.62041
4.24242
4.30781
4.27181
4.31149
3.65524
4.15208
3.76023
4.32878
4.16478
2.11172
4.14038
4.34015
4.03418
4.02153
3.64236
3.70605
4.09880
4.29021
3.07034
4.34815
3.98654
4.34750
4.27861
4.12095
4.30063
4.15595
3.90132
4.09178
3.78989
3.29307
4.22764
4.01661
4.06500
4.16698
2.78291
4.39964
4.09082
4.09795
4.12152
4.09487
3.06879
4.07334
4.15444
4.05080
4.20987
3.81751
4.03460
4.29753
4.10556
4.02518
4.16239
4.20290
4.20020
4.02091
3.49544
3.73180
4.15420
4.28297
3.67268
3.47086
3.89376
3.57528
4.32374
3.96983
4.37116
3.92269
4.27777
4.19929
4.32047
4.08160
4.05355
4.23809
3.93654
4.37485
4.05571
4.07416
4.07069
4.22101
4.21810
3.69446
3.89401
4.02434
4.20674
3.84197
4.28151
4.12820
4.35166
4.09806
3.98146
2.96113
3.94905
3.56726
4.13100
4.39663
3.77890
3.90985
3.44780
3.97850
3.93260
4.31610
3.50639
3.96427
3.24802
3.93547
4.27368
4.07248
3.63044
4.03269
4.00114
3.94773
3.89762
3.41677
3.67473
4.02629
4.15223
3.98511
4.23592
4.28582
4.10137
4.22847
3.43024
4.09389
3.69484
3.72440
3.47029
3.79272
3.95637
4.17255
4.04776
4.33955
3.99315
3.69554
3.81926
4.26633
4.25027
4.36515
4.11499
2.54418
3.54002
4.08556
4.02334
4.26694
4.39961
4.14562
3.95185
4.40632
3.69675
3.40318
3.69454
4.32289
3.28919
3.81638
4.36288
4.24297
3.64862
4.32866
4.27084
3.70576
4.39861
3.83281
4.10545
2.27589
4.20039
4.19227
3.69352
4.23013
4.26710
4.30429
3.89727
3.53197
4.29780
4.04058
4.23098
4.01346
4.04598
4.16593
3.97339
3.00670
3.85820
4.03562
1.94484
3.93702
2.45486
4.12474
4.23092
4.06351
4.02414
3.81690
4.04637
3.95160
4.12705
3.72303
2.51012
4.11921
3.95048
4.06069
3.99686
4.35777
3.37663
4.06286
3.64164
3.28776
3.86177
4.06473
4.35118
4.12842
4.19844
3.66146
4.13274
3.86705
4.13787
3.80291
3.58701
3.86824
3.90495
4.08282
4.31859
4.40340
4.29018
4.13596
3.82365
4.38503
3.96483
3.97060
2.58311
4.20064
4.20544
3.78192
4.22758
1.83898
3.83815
3.77112
4.26172
4.32996
3.31748
4.18823
3.73808
4.09378
2.20008
3.13360
4.00101
3.83713
4.25662
4.18205
4.40928
2.78269
4.18755
3.48893
4.13835
3.69161
3.32216
3.67687
4.19493
3.79855
3.83115
3.52901
2.94335
4.08684
3.09123
4.19338
3.77983
4.10879
3.36654
3.88943
3.93644
3.82676
3.89245
3.32374
4.34488
3.70820
4.07987
3.61156
3.31849
4.20372
3.86001
4.11548
4.09005
3.78666
4.31056
3.76933
4.10671
4.19271
3.60804
3.74780
4.04013
3.96132
4.39590
3.77732
4.29760
3.92158
4.14188
4.20116
4.22633
4.36787
4.20092
3.34326
4.36184
4.41033
3.23356
4.16079
3.99448
2.50980
4.24814
4.30421
4.00380
4.05375
4.22844
4.16877
2.86723
4.08087
4.09891
3.84111
4.25647
4.19436
3.27359
3.65016
4.23186
4.03666
4.36824
3.75583
3.61270
4.22005
4.27438
3.97052
4.14181
4.33669
3.74133
4.02205
4.09885
3.76263
3.74854
3.99493
4.31938
3.83836
3.84016
4.18873
4.09161
3.90572
4.20736
4.13070
4.06737
3.47509
2.59469
3.80996
3.81995
4.09926
4.09167
4.20727
3.56274
4.29521
4.28322
4.01594
4.01717
3.84294
4.16695
3.86422
3.59839
3.60470
3.75655
3.22510
4.28218
3.98526
4.17119
3.39435
3.93125
4.08204
4.13648
4.34863
4.12039
4.10013
3.91223
3.98562
4.10736
4.10907
4.18655
3.70513
4.08503
4.09364
4.08766
4.24119
3.45641
3.51725
3.97849
3.87554
3.97738
4.33359
4.35908
3.39722
3.69773
3.89437
3.05697
3.99310
1.91937
1.64262
4.24686
3.93455
4.14344
3.56435
3.63572
3.56599
3.94683
2.65206
4.06899
4.24343
4.27742
3.91428
4.12134
4.11096
4.36647
4.05363
3.30595
3.81210
3.94137
3.51568
3.89910
4.22428
4.35540
2.56538
3.66572
4.35439
4.33273
2.52167
2.20688
3.55992
4.16521
3.84637
4.26413
4.06722
3.24159
4.30323
4.30781
4.22371
4.38606
4.05586
2.63524
4.14757
3.91810
4.20934
4.21475
4.15745
3.08040
4.30268
4.07227
3.50398
4.24682
3.75242
3.94885
3.89115
3.79620
4.26622
3.21202
3.66398
2.26770
3.84727
3.34249
3.72310
3.98413
3.72039
3.44028
4.11071
4.12941
2.64679
4.08455
2.02482
4.06968
4.09041
4.02729
3.02300
4.24643
4.42180
4.17245
4.29198
3.75770
3.43129
2.64697
4.19426
4.35961
4.30564
4.18403
3.60840
3.76670
4.12755
3.95631
3.48709
2.54119
3.87046
3.82046
3.71284
4.27318
2.63259
3.61894
4.26395
3.99348
2.19678
4.37716
3.72801
3.54018
2.50906
4.03485
2.46224
4.03648
3.92307
4.18188
3.60204
4.39752
4.21443
3.70190
3.91123
4.10037
3.18574
4.30025
3.76801
4.03656
3.94939
4.29815
3.87148
3.33080
3.93186
3.59248
3.92090
4.06933
4.40939
4.26800
4.07788
4.17112
4.35815
4.02562
3.48996
4.16126
4.28097
4.01284
4.20772
4.21708
4.05149
3.85062
4.14562
4.30363
4.04942
3.77200
4.34205
4.37319
4.35520
4.22794
3.93964
4.25617
3.86320
4.07834
4.27164
3.73357
4.08322
4.31262
3.77195
4.05399
4.24544
4.06192
3.57471
3.99905
4.33725
3.54668
4.13767
3.49387
4.17412
4.12655
4.13109
3.80679
4.31290
4.21418
2.78257
4.09690
4.21201
2.47792
4.25042
3.77158
4.12723
3.19540
3.74599
3.32529
3.77004
3.72503
4.27122
4.31958
3.01027
3.86090
3.99426
4.14083
4.18356
4.32221
4.04943
3.93704
4.02708
4.27216
4.10437
3.80802
4.01231
3.96729
3.86565
3.66726
4.00655
1.95370
3.84808
4.27625
3.78158
3.83411
4.08258
3.97649
2.61251
3.57659
4.02195
3.99952
3.78795
3.81098
3.88583
4.24136
4.29767
3.97394
4.16728
4.18006
2.68677
4.39706
3.47795
4.32846
3.48710
4.16271
2.91146
3.54300
3.72867
3.69743
4.25385
4.07162
3.96988
4.21870
4.37917
3.90402
4.13591
4.20845
3.80525
2.77100
3.99966
4.04336
4.13542
4.19864
4.00096
4.24966
4.15228
3.98802
3.32044
3.96910
1.99590
3.20364
4.10774
3.20220
3.99772
4.22898
3.37691
4.28419
4.26265
3.81509
3.78645
4.01016
3.99005
2.83683
4.16205
4.24813
2.40513
2.75354
3.83749
4.23136
4.13473
4.08583
4.36320
4.09332
4.04297
3.85378
3.39993
3.82259
4.33543
4.04381
4.10441
3.93913
3.84974
3.81835
2.93707
4.32544
4.29366
4.20464
4.09101
4.26595
4.21733
3.89784
4.25328
3.64345
3.90288
4.09680
3.81299
4.40830
3.74508
4.16153
2.06440
4.03902
4.23695
3.84971
4.16412
4.16221
4.13129
4.25165
4.12362
3.45388
4.04194
4.08412
4.23728
3.86933
4.03753
4.33537
4.07512
3.76523
3.98706
4.00872
3.90632
4.31712
3.89219
2.34444
4.04863
4.07768
3.43051
3.95275
4.21629
4.12380
4.20438
4.14513
4.08752
4.22104
4.23939
3.63474
3.89730
4.28564
4.27736
4.24910
4.33042
4.19405
3.77362
3.34890
4.07643
3.76888
4.13869
4.35792
4.28727
4.19160
4.24710
3.89869
4.16343
4.24726
4.00195
4.19100
4.14550
3.66367
3.99578
4.30485
4.02897
2.73049
4.10302
4.24750
4.14805
3.08948
3.96806
3.72253
4.12573
4.01797
4.29189
4.29828
3.87522
3.92409
4.25100
4.33877
4.21633
3.59850
4.26814
3.92664
4.02667
3.91910
4.10583
4.09431
3.30694
4.22677
4.08432
3.39215
3.71359
4.20358
4.31176
4.20291
4.22443
4.24510
4.39300
3.82986
4.17801
4.07584
4.27144
3.48964
3.70533
4.06341
4.27928
4.33698
3.78664
4.27977
4.27138
3.93594
4.06413
4.33140
4.10698
4.14038
3.61977
4.35768
4.05274
3.84280
4.00688
4.34864
2.20282
3.94486
4.19316
3.91953
4.25495
4.28109
4.33875
4.09248
4.19164
4.35684
4.28502
2.92329
4.18925
4.34872
3.76574
3.99381
3.59507
4.05251
3.51113
4.18678
4.30354
4.22498
4.00494
4.31341
4.12902
4.20248
3.90400
3.88968
3.89090
2.81656
2.91703
4.33514
4.22818
3.73117
3.73363
4.23898
3.42942
2.20704
4.10666
2.35780
3.74079
4.10622
3.80365
3.99218
3.66534
3.89711
3.88099
4.16264
4.34769
3.69747
4.03456
4.12871
2.92177
4.22330
3.90935
4.22523
3.62713
3.43952
3.77765
3.19338
4.32430
4.16759
3.95715
4.11537
3.49928
4.19394
3.94067
4.02676
2.65826
3.86206
3.59214
2.09189
3.90351
3.36910
2.99199
3.63375
4.23216
3.70382
4.20722
4.02650
4.16349
3.91221
3.70763
2.35929
2.81500
4.08126
3.99640
4.12881
4.18995
3.62382
3.79221
3.65574
4.16437
2.74116
3.84665
4.17091
3.97689
4.09734
4.04132
3.68897
4.25256
4.25928
3.84857
3.46656
3.99063
3.06875
3.72636
3.44127
3.94098
3.92490
4.21127
2.76409
4.05380
4.07311
4.08661
4.31596
4.27689
3.06447
2.47327
4.15213
3.80404
3.79399
3.90890
3.92231
4.29799
1.36956
1.92416
3.89743
4.34218
4.12448
4.13181
4.27422
3.23306
4.03375
4.24187
3.91580
4.28681
4.27263
4.25899
4.17453
4.19897
4.08470
4.25901
4.11877
2.52066
4.02451
4.09884
3.97854
2.46352
3.63510
4.01591
2.52881
3.17296
4.14867
3.63066
4.12141
4.23519
4.29679
4.26504
3.83709
4.07364
4.18428
3.71138
4.21114
3.59413
4.34279
3.40896
3.40777
4.22387
2.86707
4.11690
3.80737
4.18651
4.22191
4.08779
4.07242
3.69802
4.16749
3.52526
4.17246
4.18258
3.37292
4.10933
4.14336
4.30516
4.24405
3.98683
4.08964
4.23907
4.22815
4.05873
4.04422
3.77730
3.79222
3.82429
4.20275
4.00970
4.22209
3.53899
3.98689
3.76785
4.02624
3.95798
3.75241
4.15480
4.19157
4.23073
4.18432
3.87038
3.85739
3.97114
3.23322
3.62453
3.00607
3.78993
4.10474
4.07322
4.32724
4.15171
4.23783
4.14124
4.16213
3.77330
2.84456
4.19080
3.85070
4.01688
3.83318
3.99896
4.22129
3.95475
4.29289
2.64207
2.90896
4.29007
3.53417
3.90242
3.84722
3.91657
4.13477
4.20670
4.36944
4.05161
4.19779
3.48854
3.49049
4.12103
2.73969
3.95899
4.06643
4.15724
4.26148
3.89942
4.13489
4.31247
4.20818
3.88086
3.74817
3.45808
4.17991
4.21185
3.86369
4.24985
3.09228
4.08957
4.09207
3.33239
4.15495
4.26621
3.88920
3.18284
4.09740
4.24769
4.25347
3.73390
4.09605
4.04191
4.37959
4.21738
3.05040
4.13386
3.21057
2.84999
3.98408
3.88248
3.59571
2.21972
3.80295
4.24987
4.00936
2.38471
4.38964
4.02344
3.35458
4.26301
4.27240
4.22419
4.00797
3.90801
3.69591
3.93448
4.14060
4.16218
4.33817
4.21129
2.93722
4.14391
3.70721
4.30471
4.33136
3.78507
2.60107
4.21675
4.00289
4.06386
4.07538
3.79740
3.90311
4.01103
2.23312
4.05331
3.81472
3.88758
4.20272
4.08734
4.14120
4.04043
3.95535
2.35363
3.69429
4.08998
2.49512
3.39332
4.26213
3.92552
4.24552
3.91608
4.16873
4.27270
3.85541
3.34140
4.32623
4.10967
4.03604
4.19293
4.35025
4.17596
4.33222
4.11641
2.82912
4.18039
3.86585
3.70072
4.10943
4.19318
3.77282
4.01739
4.02293
3.97755
4.26554
4.01832
3.96531
4.09259
3.86443
4.00118
3.52783
4.01518
4.15918
4.26196
3.97871
3.95219
4.26354
1.86709
4.35383
4.04050
3.87474
4.18084
4.33567
4.29857
4.19138
4.34594
3.39221
3.86946
4.18841
4.07327
3.67469
3.49022
4.27226
3.50647
4.04953
4.36892
4.08078
3.82602
4.34885
3.89430
3.97140
3.27558
3.10444
4.20028
3.99840
3.88810
1.20324
3.97773
3.87472
2.89945
4.06187
3.64067
3.62843
3.38317
4.31291
2.60832
3.74016
3.68463
4.32591
4.36838
3.55662
3.46617
4.21420
4.28644
3.84410
4.17633
3.61866
4.24878
4.39480
3.91519
4.23249
4.08949
3.96740
1.77205
3.89899
4.25722
3.93471
3.93896
3.71558
4.17471
4.08345
3.68137
2.96291
4.25768
4.28579
4.05083
4.25937
4.03903
4.18399
4.11099
4.01609
3.73720
3.42309
4.35376
4.06919
4.33363
2.93422
3.98097
3.41489
3.55831
4.42435
3.80711
4.35761
4.31427
4.08158
3.89879
3.65779
4.27863
4.24463
4.05590
1.83875
3.71524
4.17920
4.18048
4.00437
4.17874
3.63484
3.86544
4.13644
4.05991
4.10866
2.29121
4.00704
4.00373
3.92223
4.07385
4.04473
4.23491
4.02606
3.65339
4.37902
3.40738
4.20894
3.86210
4.45198
3.76168
4.27561
3.46369
3.78095
3.74433
2.61830
4.16066
3.88861
3.38491
2.02729
2.44535
2.64409
4.06819
4.36769
4.01373
4.22931
4.36419
3.79100
3.83085
2.64387
3.47672
2.34988
3.88976
4.10484
4.06439
4.10172
4.05952
4.03871
3.89429
3.90198
4.03138
4.34089
3.40031
3.23261
4.15547
4.36163
3.55916
4.27079
3.96112
3.91956
4.39874
4.21612
4.00719
3.67019
3.55724
3.29327
3.92758
4.29050
3.85386
4.24967
4.33346
3.70944
4.16209
4.22102
4.17841
4.20530
2.62712
3.89209
3.60661
4.12601
4.09720
4.31287
4.34548
4.10609
3.89833
3.55998
3.90283
4.27057
3.21975
3.85015
4.24906
4.24264
4.18964
4.28562
2.95401
4.03819
3.81664
3.42410
3.88192
4.40164
3.65977
4.12119
2.42207
4.11907
2.72383
4.04325
4.27327
4.05608
4.07181
4.15732
3.91037
4.14272
3.98033
3.89777
3.98511
3.94837
4.12399
3.98507
4.23580
4.10533
4.25115
4.24640
4.17714
2.33607
4.23679
4.21196
3.17765
2.99111
4.06072
4.25642
4.10267
4.27143
4.18289
3.67150
4.44456
2.82023
4.07501
4.19454
4.32920
3.72431
4.10858
3.97100
4.04693
3.68475
3.23620
3.89402
2.39673
3.89394
4.22442
4.34473
1.95001
4.41427
4.22641
3.61027
3.94030
4.17706
4.13616
2.62095
4.03205
4.29457
4.14586
4.35074
1.48330
4.14147
1.56126
3.57115
3.76451
4.13881
3.32822
4.24850
3.83840
4.15116
3.14049
2.72254
4.20064
4.09355
2.89741
2.06164
3.32870
3.81753
2.92377
4.11469
3.32455
4.07314
4.21907
3.38863
4.16165
3.62880
4.43611
3.74929
4.08390
4.32288
3.79918
3.87304
4.17107
4.00800
4.37188
3.26739
3.05574
4.23929
3.98939
4.23332
3.66083
3.94684
4.22197
4.20039
4.20356
4.14315
4.17768
3.81764
3.36203
3.79590
3.69280
2.46408
3.94017
3.86734
4.13249
4.03245
3.84024
4.24892
3.75632
4.26229
3.90282
3.90386
4.12448
3.87973
4.07648
3.84774
4.13291
4.06636
4.22318
3.99734
3.00572
3.70204
3.93008
4.11548
3.38410
1.96860
3.70132
4.23956
4.21070
3.72093
4.07755
4.26114
3.93044
3.76883
3.72769
4.01358
1.88235
4.32947
4.19810
4.13921
4.03172
4.16933
2.74400
4.01004
4.32915
4.24727
3.85835
4.20927
3.83726
2.55747
4.28993
3.99171
3.54965
4.03243
4.17748
3.21953
4.21080
3.93822
3.72811
3.66008
3.90286
3.23786
4.04765
3.97325
4.31874
3.97179
3.18054
3.33847
3.08776
4.38988
3.01401
4.20968
4.16304
4.31517
2.96386
3.82828
4.10433
4.25458
3.41139
3.91345
4.21371
4.19518
3.78379
4.07391
3.95629
3.89985
3.79115
3.64766
2.83173
4.19416
3.06292
3.42894
3.01983
4.17957
4.12190
4.32448
3.95189
4.22777
4.30110
4.24682
3.35034
3.91061
3.21544
4.20677
4.38663
3.91410
4.32484
3.87852
4.28734
4.14734
3.87760
4.28458
3.15752
3.73805
3.24990
3.87194
4.16575
3.89115
4.42306
4.29049
3.86019
4.30046
3.65745
4.39823
4.28649
3.92331
2.08561
4.40080
4.00369
4.09901
4.18966
4.29831
3.52333
3.92326
4.14361
4.08009
2.81524
3.80615
4.10301
3.67935
3.95834
4.25305
3.85416
4.11452
3.31230
4.16649
3.75093
3.14225
4.02745
3.77208
3.51260
3.35416
3.84777
3.81690
1.79978
3.68052
3.50523
4.29896
4.11575
3.84032
4.20751
4.13336
3.35265
4.28742
2.59716
2.87431
4.04932
3.34246
3.98846
3.78423
2.60926
4.26827
4.19006
3.90604
2.94955
3.95754
3.99238
2.73011
2.76594
3.12210
3.51387
4.13264
4.10194
3.29015
4.11263
4.25430
3.79116
4.01652
4.33225
4.23411
3.93744
3.90916
3.37968
4.27827
3.75552
4.27152
3.52713
2.48058
4.30317
2.70696
4.09724
4.17260
4.03451
2.95238
1.75456
4.33288
4.12751
3.10361
1.80330
3.58431
2.86404
4.32952
4.01234
4.16021
3.70153
4.13002
4.03364
3.26243
3.89299
3.97897
3.22896
4.07037
4.21330
4.27270
4.40368
3.76468
3.81878
4.01835
3.78622
3.81507
4.12194
3.90739
3.77089
3.87812
3.40064
4.19753
4.09475
4.36273
4.30403
3.74286
4.02367
4.23608
4.22843
3.50675
3.95577
3.56676
4.28781
3.90024
4.05620
4.21217
3.66565
4.22397
4.21703
4.10647
4.31217
3.66153
3.65357
4.24104
4.00157
4.12613
4.36835
4.23325
3.91869
3.88559
3.82767
4.06270
4.07051
3.67399
4.31140
3.75190
3.72809
3.44916
4.17303
3.89066
4.02809
3.91001
4.23237
4.28116
2.95993
4.23111
4.19210
4.13918
4.27474
4.22420
4.02885
4.23731
3.68620
4.36074
4.09514
3.91002
2.32814
4.36103
4.00275
4.11282
3.42413
4.06696
4.21059
3.47788
3.88103
3.83998
4.04851
4.05895
3.88199
3.94354
3.91999
4.17604
4.23811
4.01519
4.20800
4.12256
4.06316
2.26016
4.04028
4.02144
4.13170
4.02947
2.27151
4.03093
4.21584
4.29202
4.22600
4.21452
4.10029
4.27392
3.97363
4.06732
3.56009
3.76412
3.47990
2.43898
2.98664
3.75660
4.26102
4.22352
2.62658
4.26647
4.28930
3.75245
4.15786
4.15075
2.75267
3.98037
4.34267
3.39560
4.08343
3.20113
4.32643
4.10930
4.05088
3.91711
3.69383
4.20541
3.62979
4.11187
4.33706
4.34933
3.94712
4.27138
4.25028
3.63704
2.85662
4.26472
3.63258
2.86752
4.34733
4.25828
1.85551
3.77200
4.26096
4.12937
4.14841
3.44418
3.68024
3.66027
4.12883
4.14473
4.21049
2.71805
3.66972
3.91283
4.00194
4.21170
3.50148
3.34265
4.37946
4.22438
4.12078
4.11793
3.99135
4.03725
4.23454
4.24739
3.30013
3.95754
3.48664
2.22213
4.14353
4.27128
4.28433
3.91618
3.62332
2.35379
4.23925
4.19972
4.01054
3.80350
3.49744
3.91885
3.05010
2.31156
3.82363
3.26969
3.84849
4.08855
2.78726
4.15771
4.19230
4.36167
4.08553
3.71663
3.04056
4.22079
3.46550
3.95753
3.82498
3.60465
3.54225
3.98846
4.01803
3.72806
3.91137
3.51853
4.28273
3.73037
3.70946
3.84503
3.09864
3.93198
3.87369
4.13540
4.10208
4.35236
4.30191
3.74316
2.63578
3.76291
3.97896
3.97279
2.65996
4.11491
4.12688
4.28710
3.55880
4.32828
4.05069
4.19647
3.93521
4.21064
3.43815
4.14635
3.77138
4.28962
4.06733
4.39140
4.14752
3.87454
4.16102
3.97618
3.94208
3.81989
4.30962
4.18474
4.09760
4.35382
4.22132
4.01997
2.94415
4.28060
3.74956
2.95696
3.83912
3.84105
4.13722
4.39387
3.99239
4.24658
4.14608
4.00054
4.11544
4.12748
3.49326
3.89108
3.95914
4.13987
4.38552
3.77657
4.16550
3.55052
2.88405
3.69327
3.93455
4.19226
3.82447
3.61507
4.33419
3.92157
2.92445
4.33960
4.02111
3.92593
1.77190
4.22934
3.51930
3.74533
4.00099
2.92545
3.87711
3.86148
3.81552
1.84232
4.02783
4.33082
3.71529
4.16022
4.16326
3.91261
4.34092
3.30903
4.23393
4.00463
3.95300
3.58623
4.23857
3.89625
4.12449
3.97814
3.95317
3.42859
4.00802
4.05584
4.16439
3.82469
3.43154
4.25729
4.34276
3.90921
2.40710
4.11226
4.29216
1.64132
4.28209
2.83282
3.79653
2.64333
3.51927
4.05001
4.18786
4.23725
3.09039
4.18424
4.12567
4.12077
3.88415
3.01275
3.63660
2.53385
4.23002
4.33259
3.82963
3.95921
4.21372
4.05914
3.71245
4.23407
3.30539
3.17918
3.23397
3.66985
4.35103
4.14345
3.96728
4.38543
3.43513
4.26800
4.09925
3.41123
3.93838
4.20652
4.17289
3.76616
3.90878
3.95393
4.11988
4.19668
4.21317
4.28585
3.76732
4.35493
4.27474
3.51291
4.22173
4.04110
4.26672
4.04399
3.97667
4.01753
4.05028
3.89375
4.16808
3.88015
3.98812
4.13682
3.45011
3.97978
4.03219
2.73222
3.14131
4.02805
3.44084
4.22367
4.06091
4.18506
2.67333
4.02438
3.02057
4.01226
3.97239
3.31364
3.72469
4.03392
3.88155
4.17297
2.83617
2.41405
3.97320
4.25963
4.00732
3.66796
4.01652
3.43082
3.61875
3.96567
3.85642
3.51706
4.07355
4.20520
4.15120
4.35031
4.19036
3.16911
2.32870
3.79889
3.77324
4.15786
4.20409
4.17365
3.93678
4.03182
3.97173
3.39204
4.19298
3.90033
3.44376
4.00947
4.38780
4.15976
2.79718
4.10116
3.35972
4.28174
3.92263
3.04284
4.17276
3.71260
4.20686
4.17984
3.91018
3.05591
3.94622
3.82816
4.23021
3.85671
3.96007
4.32442
4.00602
4.23363
3.72533
4.10282
4.17186
4.22604
4.06046
3.88168
4.19337
3.75117
3.95523
4.16751
3.90100
4.05948
4.33292
4.22930
3.99354
4.08010
4.15581
3.82565
4.00805
4.06363
4.06391
4.28244
3.67757
3.72211
4.16505
3.66443
2.81957
3.97500
4.18571
3.60647
4.11477
4.07077
3.01451
3.99768
3.47000
4.19530
4.10310
3.41352
3.10347
3.77970
4.01215
3.06265
4.22108
3.90488
4.35967
3.36859
3.68065
4.02597
4.29914
4.14704
4.33069
4.39479
4.22168
3.63949
4.19961
4.00456
4.08274
4.15319
4.35533
4.04414
3.78797
4.22717
3.48460
3.91710
2.63272
4.12014
3.78109
3.93850
4.02762
3.38335
3.99150
3.80840
3.96631
2.89083
4.18462
4.20544
2.70849
3.48365
4.37970
3.97272
4.22957
4.32593
4.11984
4.28557
4.08845
4.09980
4.20464
3.67208
3.52512
3.74254
3.96686
4.08976
4.15360
4.04618
3.76015
3.83329
3.36383
4.30608
4.04969
4.25754
2.87681
4.20540
3.73598
4.00023
4.20382
4.12438
4.21927
4.10561
3.55520
3.76204
2.27861
3.64613
3.32746
3.13046
4.17874
4.03401
3.43784
4.20302
4.28051
4.24819
3.56851
4.25833
3.71072
4.12984
3.98726
2.84685
4.22032
4.24248
4.20274
3.96290
4.09328
3.83084
4.27576
4.35722
4.00825
2.60742
3.80129
3.48685
2.99390
3.62310
4.31247
4.00800
3.91135
3.96592
3.84541
2.84812
3.60625
4.14966
4.21296
3.47445
4.26039
3.72757
3.68087
4.25576
4.03986
3.86886
3.90851
4.08731
4.15623
3.15500
4.09082
4.18968
1.89105
4.26301
3.95541
4.06837
4.38859
3.71132
4.24254
3.97654
3.88822
4.13966
3.69099
4.34732
4.35417
3.89854
4.05972
3.99757
4.17770
4.15250
4.00737
4.17333
3.73697
4.26295
4.25647
4.25646
3.85899
3.71893
4.19053
4.30926
4.33456
4.42616
2.68019
4.36205
4.30436
4.23307
4.25269
3.92003
4.29888
4.22818
4.21484
4.09916
2.08736
4.09211
3.91637
3.45125
3.33730
4.04606
3.92052
4.21256
4.27797
4.06248
3.43464
4.05791
3.61555
4.31091
3.62192
4.03347
4.25601
4.23974
3.26892
4.26198
3.78098
3.68230
3.93376
3.34597
3.97757
3.90424
4.21794
2.73854
2.13698
3.21053
3.98184
4.20920
2.96567
4.11542
4.19558
4.33469
4.09379
4.20775
4.08614
4.14276
4.12918
3.56419
3.35713
4.08674
4.19326
4.33956
4.31633
4.33398
3.86239
4.14234
3.66582
4.36577
4.20308
4.16887
3.07689
3.79965
3.24546
3.74710
4.09412
3.76826
4.01270
3.85581
4.16123
4.29045
3.64430
4.01793
4.28057
4.26252
4.06726
4.03168
3.65828
3.65636
4.27658
3.77466
3.54803
4.08808
4.14232
4.21602
4.02394
2.92950
4.17931
4.08096
3.12116
4.03419
4.16591
3.40036
4.43984
3.82523
4.16611
4.23282
4.28821
4.22018
4.02228
4.04420
3.52672
4.22261
3.48722
4.31002
3.58516
3.47021
2.73405
3.95169
4.09376
4.28916
4.08628
4.27508
2.81732
4.34359
4.34702
3.92536
3.99388
3.59065
2.54296
3.54412
4.30252
4.32140
4.11371
3.95457
4.18576
3.96797
2.71163
4.24638
4.03993
1.96021
4.09359
4.11022
4.31198
4.26613
4.04921
4.16789
3.56092
3.93959
3.79624
3.74871
4.16389
4.07220
3.92547
3.54088
4.19853
4.38289
3.06280
3.76738
3.86544
3.92421
4.22012
4.19620
3.74151
4.29084
3.69494
3.81374
3.71976
4.36827
4.24038
4.05675
4.35043
4.22559
3.62104
3.96084
3.78298
3.29415
3.68011
4.26187
4.11293
3.90544
4.23375
4.18729
4.23541
3.78552
4.17551
4.08970
4.02363
4.02773
3.50306
3.75411
3.87024
3.89680
4.32966
3.05292
3.84714
4.30625
3.47401
3.15081
3.74092
1.97819
4.23410
4.28245
4.28075
4.23266
4.08425
3.21221
4.19256
4.17531
4.13131
3.56622
4.30741
3.67766
4.13526
3.87263
3.42874
4.09263
4.27637
2.62410
3.82538
4.05425
2.22828
4.02044
3.49338
4.34273
4.19759
2.71196
4.33467
4.10814
2.14754
4.34248
3.45512
3.83407
3.35254
2.98923
3.63045
4.29298
4.15570
4.22020
4.08435
4.05618
4.20338
2.62720
2.09645
4.14585
4.34374
3.43124
2.57015
4.03538
3.78411
3.31193
3.86604
3.74874
2.89604
4.25998
4.16335
3.20717
4.20661
4.25064
3.58974
4.14776
3.93858
4.18691
4.23007
3.95375
2.59651
4.26425
4.00506
4.22357
4.15990
4.24676
4.15915
4.22749
3.19937
4.27919
4.29335
3.96708
3.99474
4.06517
4.05506
3.94689
3.96662
4.28890
3.41365
4.35309
4.22833
4.10047
3.96350
4.10399
3.66791
4.28921
3.98299
4.04065
4.06851
3.87378
4.34461
4.36481
1.93407
4.13057
3.57988
4.18004
4.41853
3.74326
4.25679
4.30366
4.28258
4.17594
2.55959
4.06434
3.53055
3.80298
4.10628
4.34240
4.40742
4.27259
3.55687
3.97944
4.30256
4.36185
3.64949
4.13984
2.90169
4.19072
3.85896
4.27498
1.93269
4.14121
4.40827
3.71360
2.74046
3.33603
1.44697
2.33671
4.32250
4.23906
4.26164
4.14339
4.33261
2.63740
3.75896
3.48205
3.99801
4.04372
3.73279
4.03493
4.05589
3.86085
4.36968
4.37052
4.26021
3.86784
3.87168
4.21398
3.76244
4.31986
4.10217
3.40802
4.32201
4.21245
4.11087
4.29512
3.96315
3.73178
4.04618
3.32645
3.60886
4.24721
3.81823
3.88127
4.01088
3.76044
3.33646
3.92034
3.96974
4.40957
4.18891
4.31812
3.87290
4.31544
3.88357
3.84479
4.18236
4.27660
4.26794
4.37071
4.02091
3.80446
3.07528
4.07222
4.10993
3.26885
3.75287
4.31979
2.05660
4.42116
3.65664
4.33988
4.22875
4.19191
3.59995
4.27686
4.17018
3.94231
4.23648
4.30388
4.09516
3.39455
3.68996
3.34882
4.27031
3.56551
4.25543
3.98755
2.59525
4.36718
4.01489
3.91933
3.91963
4.28338
3.64760
3.77654
4.14844
4.24230
3.98507
3.89371
4.21172
3.67002
4.21053
4.22072
2.65963
3.70846
4.27222
4.27671
3.63290
3.76956
4.21799
4.24561
4.03331
2.61837
4.11213
4.33208
3.43986
4.29454
4.06231
2.84801
4.33529
4.38649
4.26211
3.40853
4.15858
4.23343
4.14200
3.98241
3.88924
4.24801
3.68998
4.01784
3.95659
3.90366
4.08574
4.19505
3.99891
3.62958
4.32404
4.11212
4.09759
4.31938
3.98967
3.93017
4.16562
2.87687
3.87081
4.32457
4.10659
3.93526
4.27326
3.35287
3.82739
4.34217
3.86947
2.84239
3.78344
4.14718
4.06499
4.12676
4.00905
4.12915
3.52168
4.04932
3.06664
4.22115
3.76466
4.10974
2.41093
3.73443
4.31177
4.25873
4.06056
3.93796
3.45901
4.09951
4.22937
1.91419
3.69789
4.19805
3.77190
3.97220
3.51988
3.36201
3.99946
4.06378
3.71602
4.16936
4.06788
4.24217
4.19323
3.89993
4.25680
4.31983
3.97863
4.21119
4.04391
4.04032
4.07403
4.22848
3.86232
3.55956
3.95779
3.64270
4.28854
4.12839
3.89776
3.89935
4.01888
3.69526
3.84287
4.03336
4.30984
4.19213
4.07152
3.31193
3.88753
2.09171
3.59144
2.17940
4.21045
4.24113
4.17774
3.13924
3.90841
3.90138
1.57563
4.13088
4.12000
3.84415
4.10840
4.13209
4.14283
3.00429
4.06538
4.17254
4.12189
3.53457
3.77839
3.91623
4.03132
4.32157
3.78186
4.08998
3.98254
3.96177
4.23003
4.05580
3.77642
4.23599
4.24470
4.29791
3.20014
3.82510
4.25383
4.14150
4.01597
4.28544
4.10988
4.35864
3.54020
4.32730
4.11335
4.18411
4.02165
3.59672
4.24291
4.38086
3.80729
3.89053
4.08180
3.83193
4.08178
4.12397
3.55796
4.07457
4.39134
4.12223
3.85904
4.32905
3.95141
3.85077
3.79179
1.81051
4.18754
4.18594
3.98033
2.15472
2.91621
4.08578
4.32513
3.97270
4.19176
3.50659
1.67306
3.48613
4.15179
2.54902
3.94318
4.23069
3.69946
4.08474
3.93074
4.10629
3.39749
3.40075
3.92882
4.27283
3.94748
3.43515
3.96191
4.23641
4.31463
2.84479
4.06812
3.36754
4.36948
4.19313
4.22114
3.94625
4.25567
3.97908
4.06863
4.16514
4.20706
3.68921
4.10746
4.03607
4.04918
4.15649
2.98079
4.24815
3.87876
4.22414
3.74984
3.88561
3.20192
4.26840
4.27081
4.27477
4.12745
4.17666
3.76671
4.08431
3.84452
3.85430
3.93126
3.97213
4.14568
3.23668
3.79687
4.26488
4.24356
4.25747
4.22911
4.15206
4.41602
4.07361
3.89721
4.18576
4.19513
4.22214
4.29321
4.27778
4.18750
3.98590
3.86691
2.19337
4.36876
3.98209
3.79730
2.78371
3.66449
3.90993
3.91653
3.17935
4.09274
4.20170
3.47294
3.98520
3.70546
4.28625
3.51884
4.13997
3.77218
3.64355
3.17783
4.03424
3.12628
4.19642
3.97028
3.98827
3.89946
4.30408
4.41162
4.38846
3.56322
4.25768
3.76850
4.31061
3.48375
4.03052
2.10179
4.09502
4.07032
4.13394
3.87829
2.94536
3.99332
4.03681
4.13908
3.31464
4.18515
4.09206
4.26695
4.12716
4.07637
3.31339
4.10901
4.18759
4.30791
3.66834
2.97701
3.21111
3.84751
3.86013
3.72669
4.12181
4.16223
3.98686
4.22311
2.10561
4.25367
3.74537
3.30705
4.10961
4.20621
4.17557
3.82154
4.13366
4.07175
3.99229
4.19478
3.51533
2.25365
3.22839
3.71961
4.37292
4.12470
4.26265
4.08571
4.22609
4.30958
2.89673
3.92497
4.31796
3.97436
3.09057
3.42039
4.21237
3.81634
3.63795
2.71703
4.38957
4.26875
3.82245
3.62855
4.36114
3.90947
4.12982
3.83206
4.16940
4.20173
3.28763
4.19998
3.86889
4.27845
4.17724
4.19494
3.76967
4.07522
4.30061
4.20520
3.32992
4.19019
4.09255
4.35240
4.14429
3.63298
4.24744
3.99165
3.79272
3.94181
4.08229
4.38998
4.26481
3.80117
2.01084
3.96041
4.06698
3.03965
4.16740
4.10324
2.87120
3.94702
2.12686
3.99520
3.18030
4.18080
3.79474
4.12187
4.28906
3.21904
3.71131
3.90139
4.35649
3.62213
2.85630
4.02295
3.69191
4.34817
3.46327
3.96611
4.01026
4.29575
4.04253
4.19847
4.13074
4.18688
3.97193
2.39104
3.48301
3.79465
3.84645
3.68974
4.26317
4.10981
3.97016
4.00138
2.23711
4.38902
4.31091
4.22789
4.34863
4.37602
3.96831
3.87070
4.07164
4.15600
4.18754
3.79972
3.82024
4.26873
2.20246
4.33087
4.33358
2.51084
4.21588
3.42348
3.95990
4.20916
3.22143
3.91635
3.63907
3.83707
3.09178
3.98831
3.25778
3.72198
3.61901
3.73198
3.00534
3.58855
3.88173
4.32106
3.70730
4.32117
4.13276
4.13012
4.08902
4.18300
2.83739
4.18943
4.06433
4.03296
4.26244
4.10050
4.32373
4.26867
2.20026
3.64944
3.62034
3.85720
4.18874
3.57195
4.08462
3.95372
3.48404
3.73023
2.73640
3.89238
3.89659
4.08821
3.58645
4.00317
4.12091
3.79035
1.98489
4.23103
4.03779
3.48473
4.27348
3.93699
4.24323
4.30854
3.84090
4.33959
3.35033
4.17135
3.48159
2.71189
3.57219
4.07971
2.51796
4.16487
4.21220
3.82885
4.24893
4.19936
3.91805
4.05595
3.88376
4.18555
4.10164
4.20128
4.27934
4.14393
4.28008
4.15895
4.06687
4.00334
3.77078
4.32762
4.28196
1.46680
4.30531
4.26915
4.05764
4.21764
4.08116
4.21933
3.66889
4.07647
3.99587
4.06590
4.05565
4.03190
3.93299
3.85202
3.22848
3.67106
3.88035
3.28000
3.41595
2.41982
4.04446
4.06797
4.04500
3.33421
4.05840
4.37480
4.29992
4.30716
3.83826
4.04946
4.34983
4.00057
3.78404
4.14922
4.41614
4.08824
3.84243
3.31399
3.64687
4.02342
2.28147
3.89810
3.99872
4.12445
4.32708
3.77181
3.76904
4.08192
4.30654
4.09168
3.25574
3.44190
4.12472
4.17614
4.24240
3.88874
4.12821
3.95711
4.12878
4.15276
2.69418
4.26710
3.65380
3.56533
3.34882
3.07589
2.75652
1.58646
3.96549
4.22639
4.19187
3.85595
4.04613
4.20747
2.89310
2.71048
4.12127
4.26292
4.00927
3.98037
4.17665
4.25662
3.05879
4.01243
4.23255
4.19452
4.30214
4.26441
3.90299
1.86221
3.55974
2.48698
4.12142
3.70756
4.33298
4.01894
3.40855
3.44116
4.30462
3.97903
4.36527
4.05417
4.16673
4.19873
3.20504
4.29111
3.87999
4.22745
3.97703
4.19916
2.11781
2.46331
4.13592
3.51176
4.05235
4.23982
3.40959
4.28998
4.07680
4.25237
4.38856
4.19777
4.12300
4.11917
3.83835
3.91673
3.57179
2.59065
4.23367
4.22066
4.16542
4.32157
4.24745
2.38243
3.10868
3.97532
3.74150
4.16758
3.80779
4.34878
3.45507
3.71303
3.57575
3.65616
2.30343
3.26212
4.29673
3.88206
3.10583
3.96781
3.98254
4.15362
4.15094
4.19033
3.75994
4.25755
2.31898
4.30204
4.13612
4.24427
3.83837
3.79499
4.27836
3.47976
3.32053
4.10016
4.30678
4.02219
4.29998
4.06242
3.35299
4.28863
4.34941
4.31069
4.02998
3.12147
3.86587
4.18227
4.08419
4.32084
2.32558
2.72182
4.15237
4.02810
3.65557
4.13240
4.15306
4.32075
3.25038
1.95141
4.23993
4.11174
3.98442
4.24493
4.14150
4.01893
4.40202
4.16263
4.17268
4.28340
4.10036
3.91524
4.13283
3.95589
4.12736
4.23251
3.71500
3.95945
3.70447
4.00371
3.43914
4.24417
4.28096
3.63182
4.16408
4.01355
3.79451
4.38887
4.26290
3.48972
4.04649
3.04615
4.13492
4.20816
4.23305
4.25588
3.94301
3.68648
3.27001
2.54941
4.14089
4.21644
4.31944
3.82037
4.23623
3.85540
4.44330
3.52669
3.71220
2.75165
4.39944
4.32465
3.93304
2.89882
4.03875
3.91978
4.28460
4.11315
2.18022
3.90379
3.81055
2.64366
4.30944
3.73715
4.34900
4.10965
4.39861
4.14259
3.88451
3.34942
2.78272
3.62182
4.10641
4.22238
3.68828
3.73265
3.88856
4.28739
4.40463
4.32828
3.99872
2.86355
3.72615
3.10927
2.08344
4.24602
3.12316
4.15600
4.14598
4.25707
3.98296
3.53186
3.73264
2.42180
3.78694
3.47114
4.16583
3.59411
3.98446
3.61404
2.57409
3.53772
4.22152
4.18826
4.02934
3.87747
3.78584
3.86442
3.21326
3.90826
4.08569
4.35708
4.11429
3.94221
4.30496
3.54180
3.10744
4.30090
4.15431
1.95570
4.19375
2.88934
4.22485
4.11217
3.38903
3.58668
4.07414
3.96949
4.24932
4.17572
3.95555
4.10514
3.83834
4.05678
3.34159
4.42930
4.25962
4.01690
3.95683
4.31430
4.25722
3.98279
4.31556
3.49690
4.37344
4.14949
4.15864
4.20821
4.12986
4.11437
4.09595
4.10693
3.63812
4.02343
4.21734
2.42017
4.21628
3.42298
4.03934
2.92983
3.65905
4.15204
4.01449
4.23418
4.08305
3.43773
3.97222
4.21848
4.27229
4.22869
3.74403
4.04908
3.42451
4.19560
3.75916
2.40275
3.73668
4.27365
2.60547
3.91735
4.26375
4.02796
2.97372
3.75155
4.19259
4.02727
3.65660
3.97231
3.58786
4.18009
3.75183
2.70038
4.30026
4.27898
4.18357
4.37344
4.29471
3.91931
4.06182
4.19212
4.23713
3.82198
3.82620
4.31872
3.69133
3.80211
4.07131
3.66406
3.82868
4.11129
4.36214
4.37840
4.13263
4.02784
4.22132
3.62327
4.41753
4.14909
3.69879
4.09279
3.89888
4.27999
4.11246
4.07181
4.09356
4.35537
3.81331
4.05502
2.57503
1.98020
4.08396
3.85584
4.20863
3.83679
4.06736
4.12526
4.13448
4.29205
4.08772
3.75888
3.97031
3.17623
4.16219
4.00394
3.52902
4.00002
4.05588
4.29314
3.92444
4.06351
4.35887
4.17503
4.01923
3.69424
4.14531
3.76296
4.12763
4.30104
4.14597
2.95690
4.31290
3.05176
4.02583
3.16704
4.00333
2.92357
3.03335
4.06960
4.09800
3.58214
3.43344
4.14974
4.11880
3.84821
3.62258
3.88709
4.34379
4.25935
4.24642
4.10950
3.97745
4.15342
4.27817
3.82585
3.93559
4.16442
4.25017
3.64616
3.76595
4.06291
2.50966
4.19981
4.18713
3.02587
4.15509
3.82812
1.93549
3.93949
3.12378
4.29319
3.58272
3.88295
3.33076
3.95808
3.59670
3.47464
3.88785
4.34692
4.24939
4.08075
2.73305
4.01359
4.11322
3.65980
4.12997
4.25507
3.81086
4.37159
3.80516
4.14338
3.97299
3.76966
3.86300
3.82733
4.28241
4.29475
3.56408
2.69155
4.22193
4.12688
4.31516
4.03297
3.55847
3.58067
2.15221
4.33034
3.48137
3.97537
3.90629
4.21362
4.22796
4.11965
4.13274
4.04882
3.68473
3.98563
3.84351
4.05364
4.09867
4.25319
2.01790
3.81838
4.16465
2.50176
4.40261
4.16556
4.19664
3.79790
4.15157
4.29328
4.19958
4.23213
4.03530
3.97605
4.04202
4.01518
4.05114
3.62652
4.20086
4.03866
4.21705
4.40756
4.36243
2.46465
4.01892
3.37861
4.42365
4.23192
3.66388
4.02965
3.88420
3.02774
4.36729
4.34914
3.79653
4.12614
3.88131
4.16470
4.22111
3.86126
4.28101
4.30938
4.01064
4.19654
3.18674
4.17754
2.70692
4.18318
4.00128
4.24666
3.64897
4.20353
3.83252
4.02667
4.27090
3.86396
4.29712
3.81218
3.54202
3.45241
3.90775
4.26407
4.18411
3.76595
4.04870
3.80387
3.72965
3.84314
2.69668
4.01261
4.14241
3.04857
4.10277
4.09211
3.83989
4.13532
3.54440
2.37602
4.41844
4.23636
3.52412
3.40578
3.29012
4.44818
4.16137
3.97793
4.03454
3.93720
4.20786
3.56740
4.01276
3.75856
3.71269
4.06792
2.70896
4.22347
4.30483
3.91193
4.16933
3.09933
3.93507
4.19118
3.84317
3.81189
3.93370
3.92812
4.26097
3.62168
4.11186
3.80978
3.80020
3.75367
2.73160
4.25936
3.23348
4.27777
2.77079
4.31593
3.89681
3.60055
3.90268
3.80066
3.91651
4.31529
4.31903
4.25188
4.23985
4.08103
2.85632
4.30331
3.33744
4.35069
4.10833
3.62616
4.27006
4.29039
3.98439
3.51045
4.08820
4.21846
4.07980
3.96482
4.11172
3.89824
4.25798
3.93745
4.12023
2.17476
4.05079
3.90643
3.42511
3.91440
3.82019
3.19398
3.86753
4.09006
4.09777
4.19534
2.77481
4.22331
4.29334
4.02431
4.21322
3.63477
4.32090
4.23506
3.59904
4.29000
3.13455
4.04347
4.17300
4.19338
2.13968
4.35787
3.88896
3.07066
4.01464
3.54303
3.98268
1.01912
3.02306
3.91595
4.13776
3.95441
4.31106
3.98548
3.72362
4.00157
4.29025
3.98437
4.00131
3.86097
3.88514
3.97771
3.81147
1.84684
3.81801
3.67877
4.25689
4.04130
3.83307
4.15640
3.55723
2.47066
4.15239
3.93828
3.45741
2.87858
2.00044
4.23401
4.23850
3.51612
4.20392
3.40598
3.57833
3.68881
4.32379
3.92894
3.98971
3.97841
2.51567
3.81955
3.89465
3.44248
3.60392
4.15258
3.74592
4.15654
3.92334
3.87325
4.29404
3.63167
3.17551
3.46898
3.48026
4.13081
4.23424
3.76166
3.90230
2.78226
3.91899
3.83960
3.63963
4.11556
4.14880
4.28549
3.31025
4.14848
4.07469
3.92632
3.44691
4.22316
2.55748
4.19632
2.83006
4.21144
3.18859
4.12202
3.98916
3.81395
2.43205
3.92154
4.29266
3.77430
3.06016
3.98296
3.56785
2.07171
4.38260
3.99271
3.26882
3.94546
3.44773
4.36118
4.13132
4.14443
3.50178
4.24978
4.27671
4.16792
3.99161
4.14010
2.42347
3.97297
3.82636
4.16681
4.21321
4.19336
3.56511
4.24419
3.50820
4.21941
3.23271
4.03767
4.32320
4.06575
2.98464
2.56355
3.60314
4.19613
4.02035
2.98798
2.83990
4.16508
3.96316
3.63840
4.37244
3.79328
4.23063
4.17584
3.98490
2.84182
3.90445
3.75577
3.67101
4.02255
4.24096
2.37438
4.03930
4.02664
4.11104
3.67038
4.03368
4.05562
3.93307
3.88123
4.18811
4.18345
3.38925
3.96106
4.05708
4.09705
1.63829
3.92725
4.23620
3.93017
3.52247
4.02723
4.19917
3.68838
3.63935
4.10329
3.48547
4.24004
3.82384
3.77080
4.20748
3.42783
3.72043
4.19230
4.03831
3.59342
3.53826
3.80524
4.32338
3.49134
3.16175
4.04315
3.29991
3.51754
3.78637
3.52323
3.60149
4.01046
3.97720
4.07107
4.32064
2.44981
4.31231
4.02560
4.12660
3.64404
3.81446
4.14514
4.15063
3.88082
3.99043
3.40532
4.25448
4.21384
3.00371
4.15119
4.31887
4.06410
4.11964
3.27452
4.10500
4.26849
3.21442
3.91458
3.93819
4.13278
1.98995
3.30516
1.83248
4.26785
2.95138
4.18488
4.11635
3.72777
4.24348
3.14955
4.09750
4.21339
3.97016
4.03171
4.34751
4.20910
3.67797
4.10061
4.01999
4.09155
4.27270
4.09817
3.95688
4.10241
3.76365
4.19300
3.70240
3.92731
3.96847
4.01321
4.25941
3.92423
4.25364
4.12157
4.05446
3.79622
4.15859
3.53160
3.86101
3.95290
3.82354
4.34342
3.89472
4.20166
3.46426
3.66762
4.05790
4.23890
1.88545
3.99694
4.13606
4.24936
3.80634
4.05894
4.11747
4.13264
3.91983
4.21195
4.26410
2.37468
3.88358
3.50480
2.09878
3.79877
4.34946
2.58552
4.29912
4.19402
4.10418
4.25733
3.78357
3.95346
3.88957
3.14188
4.22217
3.92559
4.07864
4.15697
4.44096
4.12498
4.25990
3.93627
4.29479
3.92877
3.81595
4.16119
3.83519
1.34741
4.22190
3.97877
3.97672
2.68856
4.20621
3.75588
3.97660
4.08489
3.51069
3.71762
4.04513
4.22335
4.16825
3.91094
4.07095
4.31949
3.83586
4.27633
3.71290
4.18967
4.03717
3.92008
3.29005
3.47499
3.53201
2.52107
3.41437
1.98993
4.05192
4.03232
2.65109
3.99655
4.22275
4.31341
4.17962
4.13287
4.33723
4.20462
4.27985
4.07412
3.85596
3.76359
4.08012
4.16392
3.75109
4.00766
3.82347
4.26228
4.16802
4.26382
4.19791
4.09140
4.04969
3.38928
3.74968
4.20996
3.83872
4.06424
3.85052
3.90233
3.07856
3.92875
3.88512
4.06083
1.94172
3.64240
3.40324
3.73539
3.78156
4.21847
2.99906
3.16294
4.11111
3.24903
3.93205
4.16755
3.75191
2.97618
4.13000
3.73329
4.27333
3.59442
4.20882
4.21317
3.70312
3.68320
3.92970
4.16465
4.36016
3.81064
4.27939
1.95735
4.15509
4.11896
3.67031
3.76057
4.16046
2.75157
2.66933
3.88909
4.08894
2.66192
3.62692
3.81759
4.00550
4.21017
4.03151
2.25518
3.46119
4.34130
4.05494
1.89313
4.29520
3.63620
4.20744
4.26652
4.18164
3.78867
4.29665
3.93002
3.96179
4.30824
4.23127
3.98272
4.20318
4.33189
4.37023
3.14386
3.87766
4.21820
4.12557
4.21124
3.53040
3.83768
4.08297
3.79661
4.21356
4.02591
3.65629
4.31726
3.76866
3.56448
3.89863
4.27092
4.39598
3.96266
3.03378
4.27885
4.21874
3.00093
3.93929
4.33087
4.18228
4.02756
4.30575
3.49857
3.45348
4.07573
3.68770
4.31960
4.37220
3.47228
3.79451
4.38509
4.27545
3.92603
3.33606
4.15664
3.56443
2.79946
4.17232
4.17352
4.17708
4.07444
3.66261
4.26062
3.43040
4.05375
4.04061
4.06798
1.93201
4.01538
4.33413
3.53171
4.30414
3.34170
3.94276
4.17073
3.67965
0.93196
3.90272
4.21124
3.58731
4.04259
4.04619
3.96434
3.95813
3.98409
4.23256
4.25395
2.03469
3.93402
3.03412
3.39071
4.06860
4.10561
4.31753
3.57695
3.83659
4.19568
2.97702
2.11206
4.30782
4.00259
2.49098
4.17901
4.00783
3.51468
4.14775
3.03732
4.28368
3.75719
4.18272
4.13539
2.61958
2.08976
4.35779
4.07046
3.49289
3.51820
3.31572
3.85579
3.34616
3.11610
4.28943
4.24395
4.25266
3.64339
3.41361
3.82554
4.37118
3.75641
4.39406
2.41476
3.44900
4.26280
4.03310
3.57385
4.08431
4.15034
3.67314
4.03873
4.08144
3.87320
3.81982
3.80619
3.82787
3.40236
4.19061
3.73690
4.07065
4.12684
4.27640
3.71424
3.78120
3.88581
4.16176
4.17905
4.27183
3.86282
3.86629
2.57966
4.23841
4.02946
3.43971
4.01750
3.64638
3.76913
2.36227
3.99440
3.98693
3.58983
3.95182
4.35831
4.00441
3.20361
4.03225
3.62026
4.16477
4.24420
4.10287
2.45982
4.25734
4.33725
3.75181
3.81179
3.89104
4.27765
2.95990
3.57370
4.23454
3.92778
3.94256
3.65559
4.06858
3.89004
2.71564
3.84725
3.95038
3.97468
4.22529
4.05645
3.83024
4.30973
4.23551
4.25200
3.92190
3.56198
4.19634
4.29155
1.60562
4.20674
4.15515
4.19131
4.05478
4.28061
3.79363
4.17123
4.00751
1.94296
4.27663
3.22408
3.15614
4.30656
3.62581
4.14988
4.05473
3.97812
4.07872
4.18570
4.12546
4.03710
3.98680
4.11586
3.47590
4.02890
2.30770
3.38423
4.29897
2.24040
3.61978
4.09155
3.58575
2.49900
3.75819
2.62412
4.20881
2.73011
4.13434
2.36041
4.30070
4.14801
4.05755
3.83559
3.43806
4.12429
3.94401
4.32571
4.20411
3.27879
3.85414
2.75651
4.13564
3.78895
4.03572
3.82136
4.24474
3.16948
3.93546
4.29905
4.14456
4.15565
4.27845
3.83016
3.46385
4.01462
3.63251
3.63363
3.17367
3.83050
2.83415
3.53673
4.16195
3.83167
3.44120
4.24341
3.94019
2.65724
3.69583
4.28341
3.70611
3.84870
3.83193
4.27328
4.37685
4.10217
3.83752
3.81007
3.98072
3.88326
4.05092
4.36115
4.00100
4.02055
3.13547
3.91365
3.99832
4.15124
4.32787
4.26162
3.60832
2.59371
3.45011
3.71622
4.16619
4.00836
4.00447
4.22001
4.13184
4.00392
4.25570
4.27542
4.29349
4.05929
4.06661
3.09682
3.74281
4.34604
4.19614
3.98994
4.19798
4.01219
4.06174
3.97363
4.25863
4.14899
3.45903
1.49700
4.26473
3.88222
3.01333
3.06213
4.13181
3.89060
3.19303
4.35123
3.71609
4.19406
4.14386
4.02899
1.97666
4.21241
4.05398
3.80653
3.76940
4.32057
4.06755
4.26751
3.08682
4.31826
4.06167
3.81310
4.24199
3.78786
2.63471
3.95482
4.17396
4.17133
3.69754
4.25495
4.15239
3.70353
3.92965
4.07843
4.39251
3.56545
2.05251
4.26613
3.72568
4.36706
4.29153
3.84571
3.41622
4.25288
4.22427
4.23873
4.12914
4.26432
3.68041
3.68242
3.17908
4.26678
4.32403
3.92857
4.22540
4.10016
3.88732
3.47623
3.06305
4.11950
4.29661
3.96663
4.10347
4.31948
4.05062
2.19276
3.54916
2.97564
4.14800
2.22558
3.78438
3.31180
4.33517
4.14060
3.99698
4.14739
4.04016
4.26258
3.46095
4.33243
4.00637
4.04409
4.36693
4.06620
4.00461
4.21557
4.23439
4.29796
3.51933
3.86914
4.27751
4.15084
3.31550
3.83251
4.05358
4.22758
4.12248
4.26360
3.92393
3.49648
4.22676
2.72592
3.96100
3.91788
4.02188
4.10452
3.71739
4.10364
3.66121
4.33531
4.32870
3.62839
2.47795
3.77084
4.26163
4.25285
4.15161
3.54545
4.33082
4.08845
4.15399
3.44278
4.10894
4.19395
2.03550
4.07097
3.70611
4.19317
4.20506
3.77477
3.87827
3.79395
4.33129
3.92063
4.21880
3.99803
4.19415
4.03988
4.29085
3.74734
4.07373
4.28886
4.18706
3.71585
2.11708
3.93025
4.37619
3.42934
4.23714
3.77605
2.68565
4.14804
3.62722
3.99834
4.35073
3.60599
2.78179
1.97815
3.64904
4.11491
3.60047
4.05665
4.33112
4.21337
4.07342
2.37121
2.88515
2.86807
4.01354
3.90675
3.64073
3.82250
3.28456
4.00874
4.15720
4.04332
3.97209
4.33599
4.04399
4.06480
4.39561
4.24082
3.93799
4.22842
3.73145
4.09445
3.50080
3.82763
3.63213
4.33853
2.87533
4.19812
3.98957
3.70224
3.85216
4.01307
3.95356
3.84014
4.12723
4.11354
4.16435
4.10337
3.96781
4.02981
4.20645
3.48197
2.08063
3.26684
4.07633
3.89965
3.14447
4.04302
4.15475
3.69380
4.04132
3.32620
2.70350
4.19371
4.17442
4.00972
4.20207
3.06485
4.12646
3.84111
4.33331
4.09939
3.96321
3.92482
3.52303
4.16927
4.24830
4.18621
3.98099
3.54248
4.27947
3.39859
4.17734
4.04404
4.35427
4.04184
4.15638
2.21417
2.91497
4.34338
3.81786
4.08270
2.12251
4.08390
4.16392
3.90791
4.27787
4.35535
4.16842
3.54704
2.52441
4.33852
3.48303
4.16739
4.30618
3.87258
4.18560
4.24176
4.20604
3.72004
4.26753
3.81096
4.07457
3.87431
3.95096
3.95160
4.21064
2.58176
3.35710
3.02564
4.06534
4.10900
4.34572
4.15162
3.35856
4.02316
4.35758
2.70241
4.09626
3.76839
3.63870
3.23289
4.12668
4.33508
4.31228
4.07441
4.13091
4.28104
4.22774
3.24172
3.88939
4.27360
3.97573
3.91252
4.37873
3.58533
3.50517
3.90410
3.75846
4.08726
4.20819
4.28195
4.26813
3.49698
4.13775
4.14022
4.08314
2.42040
4.22377
3.73676
4.11161
3.88588
4.03556
3.41725
3.95306
3.72430
3.75472
4.07286
4.24860
4.23477
4.08386
4.29095
4.37423
3.88663
4.01309
4.23445
3.84083
3.64472
3.22825
4.29335
3.94567
3.71127
4.33775
3.65889
4.28499
3.83227
3.94111
4.13673
3.81116
3.59479
4.28924
4.11243
4.44295
4.12984
4.06903
4.16005
4.16149
4.02630
4.06312
2.90178
4.04426
4.18625
3.89928
3.83459
4.21789
4.43254
3.84687
4.25980
4.23776
4.01860
4.16612
2.51124
4.01280
1.98063
3.95016
3.49296
3.25266
2.44729
4.00297
4.28066
3.80167
4.23425
4.21565
3.96837
3.99160
4.25735
4.07986
4.28868
2.21268
4.29393
3.68908
4.09556
4.33099
4.35717
4.12221
4.18763
2.22681
3.78664
4.23849
4.34749
2.61011
2.94255
3.84439
3.89981
3.58378
1.95142
3.43288
4.00196
3.78077
3.69549
4.23506
3.85066
4.30174
3.58152
3.56061
3.95383
3.67350
4.21174
3.39965
1.68928
3.90277
3.94337
2.78006
3.91666
3.86228
3.30036
4.10949
3.39573
4.13355
4.26483
4.09617
3.67942
4.31398
2.45539
4.28083
4.38443
3.85768
4.13599
4.30101
4.17363
4.08790
4.28157
4.18453
4.26613
3.45431
4.35034
4.23697
4.19555
4.09707
3.39489
4.22394
4.03788
3.90238
2.72294
4.20212
3.38881
3.75577
4.27509
4.13173
4.06191
3.63815
3.93716
4.34231
4.32862
4.28182
4.15105
4.04265
3.57868
4.07991
3.63616
3.58226
4.21531
4.20739
4.13400
4.13978
4.20914
4.07800
4.15947
3.77279
3.37909
4.02778
2.93938
4.18729
4.08770
1.81428
3.78352
3.75638
4.28840
3.95262
2.15206
3.29623
4.11141
3.11764
3.70500
2.83453
2.55432
3.83168
3.88538
4.06354
4.22192
2.16263
3.95359
4.03934
4.24264
3.88868
4.20367
4.05114
3.75729
3.79044
3.64621
3.78827
3.81201
2.86012
2.13140
4.16198
3.39409
3.48470
3.15542
4.34069
4.10529
2.21600
4.14445
4.30149
3.72249
2.76525
3.59628
3.86508
3.94293
3.41172
4.16762
4.03204
4.38181
4.27541
4.16382
4.26721
4.26924
4.29348
1.60161
4.10857
4.25601
3.96990
4.23430
3.85270
4.02579
4.30178
3.81682
2.80665
3.85782
3.65942
3.39654
4.18651
4.22742
4.01804
3.07666
3.72361
4.26124
3.44515
4.10099
4.13395
3.88346
3.90741
4.20902
3.36847
3.97631
4.14715
4.30394
4.05963
2.85820
4.24138
4.34275
4.09236
4.15918
3.79571
1.88404
2.70626
4.25156
4.20083
4.24727
4.13837
4.30294
3.99751
2.75897
3.64917
4.21652
4.24321
4.28668
3.99798
4.17609
4.10757
4.34670
2.37216
3.42482
4.04650
3.10811
3.70279
3.98854
4.38061
4.01225
3.31329
4.16795
4.21981
4.21896
4.14010
4.08114
4.06069
4.06889
3.96040
4.24948
4.13908
3.85416
4.03241
3.90998
4.32537
4.02100
4.24004
3.81842
3.53797
4.27581
4.24097
4.34099
4.23242
2.78894
4.08522
4.29316
4.40549
4.35373
4.25955
3.78577
4.25639
3.84160
4.20542
2.47882
4.26312
4.31878
3.91482
3.89054
4.25477
3.52416
1.77396
4.15955
4.18456
3.44577
3.14052
4.23744
3.59064
3.90245
4.10927
3.85465
4.04887
4.14999
2.16431
3.02935
3.94422
4.04447
4.34843
3.92622
3.68679
3.21404
3.72836
4.12573
4.01711
4.24979
3.39924
4.27728
4.35128
4.28757
4.11703
4.25225
3.59056
4.14620
3.99273
3.89869
4.28310
4.16267
4.20755
3.20754
4.22891
3.88070
3.14093
4.16754
4.24236
4.12738
3.99922
4.09857
3.87891
4.16250
4.28581
1.74657
4.07559
4.24955
3.73787
3.94875
4.33374
4.12668
4.20087
4.34136
4.18030
4.13656
3.98145
4.08270
3.95842
3.42454
4.16057
3.93691
3.84980
3.35021
4.22497
4.25143
3.66147
3.97662
2.47298
4.32350
3.67154
3.88277
4.29554
3.67607
3.03120
4.19973
3.43723
2.29477
4.00005
4.20992
4.00774
3.83780
4.28278
4.24450
3.80057
4.29457
3.56277
4.11479
1.84443
4.29843
3.56501
4.24990
3.74894
3.41960
4.05964
4.01264
4.17426
3.77768
3.66455
4.13594
4.28315
4.30478
3.42817
4.16544
2.48468
3.91929
3.93158
3.83643
3.74399
3.45443
2.37958
4.03707
3.98787
3.22027
3.70350
4.12462
4.19082
4.29264
3.11619
2.14791
4.15095
3.80138
2.45974
4.12802
3.94035
3.95706
4.19494
4.04678
3.89974
4.26731
4.16394
4.28852
4.42110
3.65042
4.02727
4.10945
4.38379
4.03226
4.17699
3.24640
4.12047
3.70409
4.16757
4.17919
4.29202
2.04239
3.99849
4.06716
3.88979
3.07556
4.35040
3.39578
4.26194
4.24241
3.94920
3.90565
4.32280
3.13928
3.90816
3.45612
3.54324
4.16255
4.14721
4.26478
3.82791
4.11121
3.48932
4.22253
2.22271
4.17195
3.93907
3.87050
4.29264
1.67387
4.04798
3.97328
4.17967
3.90680
4.21968
4.09171
3.78630
4.34706
3.72582
4.08540
3.31567
4.13374
3.62416
3.60396
3.75309
3.77149
3.58151
3.85904
4.23410
4.11690
2.03343
3.49477
4.15210
3.85264
4.00803
4.25627
4.06449
3.98825
4.37963
4.08823
4.24876
3.38103
3.67761
2.69430
4.17304
3.55443
3.91359
3.86629
3.95301
3.62818
