3.91530
4.15426
4.14353
4.12251
1.55948
4.07273
4.25059
4.08922
2.97365
3.94265
4.13467
4.27222
3.67763
2.91685
3.52725
3.91241
3.53978
4.25881
1.83298
3.61298
3.89420
3.50940
3.59785
4.11025
4.20854
3.89051
3.50859
4.18490
4.38422
3.69862
3.29157
4.26195
3.78100
3.80909
4.00888
4.09335
3.85370
4.20337
4.02397
4.04285
3.95709
3.65306
3.75174
3.03202
4.01393
3.67314
4.20627
3.70842
4.09205
4.32158
4.32243
4.37565
3.40321
4.34898
3.99285
4.35697
2.78595
2.99212
4.16761
3.90330
4.11275
3.85797
4.00396
3.85687
3.56526
3.96862
4.11930
4.03372
4.01329
3.36377
4.25699
4.35336
4.11314
3.95217
3.95300
3.99082
2.30850
4.14128
3.93452
3.27826
2.07679
4.14568
3.53973
3.72636
3.70521
4.14399
3.92564
3.85910
4.00119
2.73998
3.81642
3.30532
4.32526
4.12294
4.21609
4.23590
4.21920
4.17183
4.31084
4.22566
3.99829
2.52284
4.32923
3.68758
4.04234
2.09877
2.32850
4.11857
4.22330
3.93114
3.61382
3.58391
4.25785
3.42429
3.42439
2.60905
3.69580
4.09030
4.27873
4.02496
4.27522
4.26437
4.05997
4.18549
3.71484
3.76113
4.25276
4.14554
4.18231
4.07916
3.81807
3.95074
4.34943
4.14440
3.94969
4.29152
3.86528
4.23249
3.42183
3.93582
3.88327
4.29213
3.89267
4.16116
4.27650
2.72268
4.33432
4.16875
4.01422
4.15543
4.21452
4.31044
3.98824
3.83258
4.23761
4.30871
3.79583
2.28472
3.73987
3.71227
4.36539
4.27051
4.08883
3.92532
4.27975
3.95536
3.52608
4.18010
4.03125
3.88015
3.57208
4.01660
4.07876
4.20224
3.41326
3.23094
4.13461
2.51436
3.42233
4.03307
4.16391
4.11338
4.04759
4.28896
4.19374
4.32477
3.84544
3.72721
3.93649
2.63031
3.62001
3.99724
4.17558
4.03242
2.91178
3.94015
3.88026
3.71514
3.73202
4.07659
3.09941
4.30914
4.01625
3.37467
4.34184
3.86973
3.76915
4.30875
4.40827
4.32160
2.85849
4.26099
4.17326
4.06488
4.36061
3.83985
3.69021
2.54633
4.23609
4.22382
3.20806
3.70372
3.56613
4.32020
4.27112
3.96380
3.64207
3.67345
4.13704
3.75645
3.78883
3.48011
4.26465
3.18014
4.38293
4.05644
4.22871
4.16497
2.88727
4.30641
3.42331
3.72111
4.26134
4.25877
4.11569
2.81727
4.08513
4.32714
4.12113
3.67883
4.04930
3.99565
4.03568
4.28352
3.92804
4.14823
4.22526
4.27614
3.96072
3.84947
4.00349
2.60014
4.27670
4.17415
4.20374
4.33359
3.85274
4.02608
3.99469
3.85836
3.97448
4.27401
3.89362
3.91275
3.80571
4.10386
1.93286
4.21604
2.50590
2.60471
3.78970
3.81399
4.05746
3.92110
2.33868
4.20813
3.65982
4.21389
3.88343
4.17188
3.99640
4.17565
3.85479
4.12975
3.61709
3.85976
4.04256
4.19039
4.31305
4.20319
3.81283
4.11948
4.03125
3.89689
3.48513
4.15011
1.70354
4.14626
4.25436
3.60602
4.12795
3.52177
3.32234
3.70500
4.31945
4.31634
4.21489
4.28796
4.28321
4.16807
3.81762
4.36406
4.32104
1.84458
4.19366
3.88532
4.15148
3.59737
3.92955
4.20400
3.37828
3.93264
3.39279
3.60108
4.28028
2.35692
2.22417
4.18423
4.20540
3.02618
3.97435
3.64688
2.98049
2.63474
3.26345
4.16199
4.23615
4.23052
4.18902
4.20823
4.04507
4.12083
3.74398
4.21384
3.91987
4.36968
4.04443
3.75911
4.24135
4.17276
4.21729
4.07175
3.83775
3.58182
4.10750
4.01823
3.96739
4.12317
4.12268
4.11946
4.09789
2.96526
4.17354
4.17066
4.21991
3.64388
3.76931
2.47523
1.94795
3.98338
4.18048
3.76580
3.38565
4.31427
3.95005
4.05837
3.58504
2.71891
3.99999
4.14958
4.12442
3.85235
4.40806
3.25808
4.18699
4.01842
4.30038
4.30225
3.85269
3.13539
3.81000
4.33775
4.26917
4.15220
4.00668
3.83149
2.71796
3.70202
4.25441
3.97457
4.03089
4.30254
2.62470
4.30698
4.25417
4.17589
4.20704
4.31253
3.10931
3.79073
4.31161
4.27010
4.08341
4.06568
2.01437
3.23717
3.97985
4.07107
4.19370
4.12917
3.70182
3.37859
2.14269
3.99822
4.24752
4.21536
4.30711
3.42925
3.88364
4.33934
3.99879
4.18641
4.22394
4.15525
3.87767
3.88526
3.83507
4.14723
3.81906
3.65305
4.05828
3.74361
3.87491
3.91450
4.21954
3.46235
3.91133
4.11458
4.10267
3.90290
4.09853
3.34939
2.61713
4.13755
2.92861
4.10676
3.60302
3.47311
2.46444
3.86777
4.08697
4.12996
3.97089
4.14047
4.23757
3.92906
4.16493
3.78040
4.30960
4.06110
4.05079
4.09446
4.17255
4.25954
4.10355
3.19911
4.00084
4.05018
4.16513
4.12176
4.03259
2.47368
4.18144
4.31457
4.20304
3.84677
4.22408
4.10053
4.27422
3.55319
4.07513
3.75256
4.36310
3.86467
4.29438
3.70538
4.04625
4.22772
4.17322
2.53023
4.21134
4.10288
3.78445
3.26957
3.84193
2.35778
2.02978
4.24060
1.94371
1.59843
3.99652
4.41581
4.22430
4.23177
1.65204
4.33595
2.00938
3.79313
4.11864
3.80368
4.41614
4.02502
4.07884
3.31111
4.14736
3.84776
4.29984
4.14450
3.91518
4.28630
4.09349
3.92374
3.86737
3.88061
4.25907
3.77104
3.99942
4.30126
3.63114
3.94602
3.94854
3.96888
2.35484
4.28453
3.24611
4.04522
1.81388
4.31552
4.16367
3.68322
4.09839
4.27050
3.81693
3.91735
4.06651
4.38190
4.00353
2.86538
4.06783
4.31969
4.15489
4.18265
4.25468
4.19077
3.95391
3.80754
4.15595
4.04799
4.41929
3.26211
4.13261
3.85470
3.04307
4.29731
3.36307
3.73306
4.14472
3.87877
4.02272
4.09264
4.06173
3.86331
3.95105
4.22949
3.96374
3.27786
4.39081
2.08963
3.53561
4.19012
3.99166
3.51788
3.16030
4.13114
4.39069
4.07596
4.17847
4.23070
4.22814
3.42203
3.00840
3.95690
4.10713
4.03771
3.37544
4.12937
4.02573
3.95947
4.27740
3.85519
3.90347
3.36921
3.79623
4.09965
4.25979
3.90793
3.61455
4.23191
3.61988
1.54437
3.76381
4.06284
4.20317
4.23005
1.72371
3.83622
3.70514
4.39127
4.01271
4.24779
4.42851
4.31477
4.11345
4.02744
4.15532
3.96707
4.32681
1.57344
3.77214
3.47755
3.98284
4.15575
4.25038
4.09953
4.20916
4.08007
4.27350
4.22316
3.94598
4.33222
3.74522
4.06261
3.67242
4.36521
4.10640
1.07587
4.05395
4.25839
4.21348
4.27994
3.57447
2.16950
3.31295
4.14638
4.24918
3.15019
3.88578
3.86407
4.24710
3.79903
4.07500
4.05353
4.26164
3.32008
3.90958
4.14706
3.62157
4.33064
3.11570
4.16958
3.80609
4.12969
3.70771
2.45864
4.18033
4.12793
4.09599
3.58285
2.42921
4.18090
3.84807
4.01147
4.27368
3.85198
3.40038
3.67548
4.19175
4.06498
4.10141
3.93757
4.24302
3.65684
4.26363
3.74604
4.11579
3.12584
3.86090
4.07538
3.51140
4.12280
4.29964
3.97326
2.94202
3.99328
4.20942
2.61627
4.03164
4.28034
2.25639
4.01155
4.06845
3.76464
4.32562
4.07215
2.26557
3.93917
3.41955
4.06616
2.96089
4.21567
3.95931
3.93520
3.98727
4.21684
3.89149
3.60986
4.17457
4.06177
4.18077
1.54724
3.92577
3.52390
3.98003
2.74116
4.03396
3.07755
4.24101
4.15664
4.09461
3.87648
4.12689
4.09572
3.82677
2.14513
4.14975
4.26947
3.38797
4.32915
3.42055
4.01530
3.29208
4.05665
3.29713
4.12072
3.97963
4.10347
2.26196
3.95209
4.30106
4.05420
2.87126
4.19716
4.33148
4.20462
3.60778
1.94038
3.60453
4.34251
3.87644
4.28085
3.54279
4.00713
4.35482
3.18420
4.35189
4.30858
4.22929
4.20624
2.62072
4.30362
3.68107
4.05445
4.04685
4.37609
3.92508
3.43423
4.21111
3.38196
4.24888
4.12081
3.76101
4.35217
3.98699
3.81793
3.99164
3.35959
3.05046
4.06186
4.36076
2.80076
3.98109
4.03504
4.30027
4.10872
3.71499
4.26413
1.97565
3.98645
4.27896
3.39679
3.94514
1.24878
4.05504
4.12721
4.20511
2.57144
3.59298
1.97120
4.30690
4.12011
4.34273
3.03346
4.17239
4.21881
4.21630
4.15180
4.32317
4.22751
2.93759
4.20657
4.16501
3.66370
4.26532
3.24065
4.21057
3.95065
3.99867
4.06208
3.94122
4.22178
4.01338
3.63434
3.77654
3.74964
3.77259
3.97093
3.76320
4.16561
3.90721
3.90355
4.32217
3.99840
4.01476
1.41208
3.84289
3.56543
4.22968
3.80139
3.64961
4.15599
4.10470
4.00187
3.54544
4.09372
3.41042
3.96062
4.16882
4.14635
4.04543
3.62822
3.99014
3.92263
4.23575
4.15762
3.60503
4.16469
3.95531
4.26225
3.74964
3.56590
4.01190
4.11170
4.19163
3.33316
3.28701
3.58073
4.11123
4.01377
2.79307
3.96003
4.23859
3.58755
3.68383
3.54312
3.01571
3.96421
4.25528
4.06253
4.19767
4.10393
4.27424
4.30133
4.21860
4.12816
3.83881
3.97420
3.73610
3.99240
4.11893
4.22973
4.07258
1.32959
3.91197
2.85417
4.16161
3.75761
3.96235
4.37722
3.86442
4.19269
2.47904
4.03721
2.44147
4.10177
2.88012
3.20276
4.24130
3.87631
3.87285
4.36786
3.82200
3.96068
3.74440
4.10649
4.12895
4.32360
2.42566
4.03545
2.61696
3.81197
4.20781
3.65300
3.53039
4.05740
4.09544
3.80832
3.05624
3.50173
3.48765
4.16452
2.77325
3.86504
4.19970
3.55054
4.23652
3.67953
4.27000
4.27028
3.17948
4.15121
4.14690
3.83929
4.15232
3.90747
4.23863
4.26912
4.15790
4.26098
4.41638
4.19943
3.43355
3.86605
4.30364
4.20564
3.88728
4.24534
4.13972
4.07066
2.61259
4.37491
4.30964
3.89819
4.07097
2.68767
4.32041
4.28624
3.75644
3.94246
1.98774
3.90045
3.80447
4.32584
4.31307
4.15315
4.23524
4.12054
4.16426
4.31272
3.85949
3.87038
4.23684
3.15048
4.23344
4.19879
3.65434
4.12767
4.11718
3.10372
4.19359
3.36779
4.36513
4.02969
3.16737
3.91096
4.25367
3.84935
4.20465
3.59460
4.08903
2.33982
3.86899
4.29798
1.85729
4.20543
3.92383
4.17795
4.13007
4.05750
4.22771
3.14699
4.24179
4.30527
3.95756
2.51564
3.81176
4.12531
3.61522
3.96679
3.93643
4.27554
4.07894
4.06177
3.85904
3.64496
3.53170
4.22343
3.35893
4.22045
3.91914
4.18134
3.48908
3.89346
4.25865
3.42074
4.16311
2.50897
3.57628
4.11808
3.43808
4.22788
3.56683
4.26751
3.76922
4.27468
3.97657
4.21009
3.61231
2.76835
3.91446
4.06660
4.06002
3.72804
4.17834
2.62687
3.96936
3.54600
3.80002
2.35480
4.23883
4.17021
3.34486
4.07029
4.33305
4.03405
1.36319
3.85091
3.94451
2.46895
3.73934
3.62699
3.84863
4.12333
3.81627
2.47884
3.55513
2.28963
3.98424
3.17397
4.16166
4.35219
3.91547
3.80283
3.15680
4.16428
4.08331
4.29276
4.00365
4.11153
4.12964
3.66530
3.97802
2.73599
4.30889
3.95781
3.67995
3.30359
2.94547
1.77438
4.20377
4.12546
4.24310
3.65831
3.66700
4.25747
3.53605
4.12956
4.02342
4.22568
4.31562
3.85028
4.19939
4.26136
4.08813
3.51889
4.16893
3.72325
4.09268
2.03956
3.46826
4.14739
4.19873
3.18647
4.25029
3.54475
4.05051
4.01528
3.91905
3.29416
4.20176
3.88282
4.37487
3.72877
4.18004
4.15417
4.14771
4.31949
4.04859
4.05953
2.46175
4.13450
3.60326
3.92654
3.98045
4.02855
4.28412
3.57930
4.06455
4.36809
3.93657
4.27676
4.20330
4.00613
4.12076
2.76851
4.14871
3.99694
3.48671
4.16157
3.32400
4.27154
4.07322
4.33589
4.34124
3.67628
3.82849
3.39793
4.01743
4.27027
4.35095
3.93817
4.37578
4.02205
4.13774
3.21976
3.82588
4.16012
4.36722
3.95956
3.89924
4.16938
4.29365
2.86404
3.97755
2.18470
3.62321
2.93952
4.25093
4.23978
3.88670
2.99903
4.20052
4.33332
3.93590
3.69809
3.91985
4.33015
4.03590
3.15775
4.34594
4.37507
3.79767
4.17836
4.20004
3.68757
3.21644
2.81889
3.38605
4.31114
3.85107
3.11505
4.04689
3.57073
4.05986
4.18582
3.92431
4.02732
3.93251
3.62034
4.01258
4.21622
4.26710
4.19318
4.21783
4.21383
4.01697
3.44507
3.93157
4.10991
3.82183
2.88185
3.99180
3.97651
4.25120
4.27205
4.16233
4.29488
4.17610
4.08494
4.23637
2.89050
3.78756
4.25183
4.33566
4.20085
4.24633
2.14512
3.51537
4.06329
3.87100
4.17170
4.06753
3.84765
4.25107
3.88361
4.23129
4.04923
4.39218
4.37827
3.81680
3.87373
4.32393
4.03134
4.35013
3.96460
3.99554
4.29024
4.09218
3.23283
3.47138
3.21356
3.82023
2.97164
3.86829
4.01349
3.93495
4.13521
3.97410
1.80877
3.81145
3.52112
4.19802
3.42974
2.79783
3.86721
2.96530
3.89631
3.34334
4.07306
4.32500
4.30241
3.59325
4.28874
3.71465
3.87548
4.36536
3.99653
4.38711
3.89510
3.86184
4.35774
4.15436
3.40225
3.81331
4.19898
2.73319
4.20323
4.26613
3.91479
4.07108
3.69048
2.70389
4.09774
4.31143
3.77505
3.68311
3.53732
4.19285
3.37135
3.92589
4.05017
4.09695
3.82142
2.00311
3.61268
3.02450
3.80842
4.37594
4.23096
3.10558
3.25308
3.86370
4.22731
3.39759
2.59433
4.11776
4.30863
4.09519
4.31581
4.13033
4.13133
3.61004
4.03133
4.29022
4.05679
4.02599
4.03199
4.31831
3.81643
4.00933
3.86111
4.34601
4.14774
3.67751
2.32088
4.25594
4.06672
3.71947
4.13781
3.60904
4.21841
4.08065
3.48222
4.10646
3.99471
3.44755
4.04511
4.19554
3.93428
4.39356
3.96512
4.06317
3.92723
4.07119
4.31772
2.41023
3.03923
3.33786
3.69841
4.17890
4.27717
3.53618
4.13308
4.00953
4.27343
3.94554
3.97998
3.90552
3.84464
4.01965
4.09533
3.95650
4.21066
3.36256
3.72865
3.44824
3.82210
3.66667
4.10219
2.90663
4.00811
4.24298
3.41061
4.02531
4.18870
4.28720
4.16707
4.02212
3.60196
4.21210
4.36207
4.25555
4.11656
4.21064
4.26323
4.23916
4.16879
2.43746
3.54662
4.03749
3.71360
3.82501
3.81992
4.20878
3.82189
3.84991
2.96751
3.71139
3.65298
4.35631
4.02772
3.62135
4.17248
3.24646
4.11185
4.14393
3.53177
4.20349
3.14486
3.93088
3.95209
4.17379
4.08791
4.33890
4.10602
4.20173
2.80333
4.10848
3.99816
4.13974
4.27270
4.30809
4.29146
3.94505
4.18010
3.50161
4.16132
3.98701
3.57803
4.17720
4.18768
3.65789
2.87335
4.09548
4.34697
3.98805
3.90120
3.84707
3.93493
3.03953
3.78680
4.24886
4.31458
2.85025
3.98541
3.74578
3.94969
4.20140
4.17297
3.67065
4.02003
4.22711
4.36495
4.20495
4.33646
4.18296
3.31637
4.26525
4.09174
3.44531
4.05264
4.26894
4.14790
4.29952
2.79630
4.09988
3.25024
3.83175
3.98927
4.22410
2.23466
3.77642
4.05072
3.66441
3.45153
3.96287
3.94614
4.11859
4.19570
4.10718
4.22832
3.67789
4.13016
4.24550
3.44424
3.43934
4.16869
3.93486
4.33200
3.96966
4.12561
3.82976
3.76086
3.92105
4.26077
4.31110
4.11851
3.25372
4.28482
3.57545
4.28589
4.21192
4.10288
4.16374
4.34491
3.09684
4.14864
3.35435
3.31003
3.05319
3.94498
3.74179
4.23001
2.86256
4.00081
4.05285
4.13000
3.96958
3.93770
3.77287
2.71110
3.90239
4.30528
3.80899
3.91810
4.34124
3.66843
4.17549
4.29331
3.51352
4.08640
3.84206
3.63934
4.33931
4.11388
4.09177
3.56608
3.48415
4.01473
2.77441
4.36156
4.27009
4.16381
3.77757
4.37019
4.23117
4.04121
4.06666
4.25931
3.94000
4.20894
3.58209
4.24240
4.17237
4.26933
4.11315
3.93567
4.02582
3.44522
3.48337
4.33146
2.89057
3.23604
4.36497
3.19116
4.23300
4.21426
4.23530
2.83465
4.15026
4.25199
3.81024
3.60559
3.36710
4.26042
3.41897
4.02863
4.16005
4.06015
3.91854
4.17395
3.28651
4.28965
3.23347
3.78147
4.02198
4.13447
3.43884
4.04670
3.97327
3.82604
3.90860
4.03615
3.71501
3.86131
4.14633
4.23338
4.17570
2.41518
4.15641
3.83563
4.12659
3.93102
4.15479
4.12174
3.39354
4.03255
4.23059
3.52461
4.15057
4.06849
4.19895
3.40182
3.71135
3.60356
4.01150
4.12303
4.21603
3.94946
3.86209
4.34022
3.80751
3.92746
4.20124
3.89828
4.33811
3.60818
4.26643
4.21448
4.05981
3.84927
4.20628
3.81190
3.39065
3.59136
3.35632
3.94978
3.53662
4.14504
3.68823
4.33517
4.17865
3.61335
3.79178
2.57592
4.12867
4.22485
2.13854
4.19667
3.74727
3.73522
3.90576
4.11998
2.75102
4.21799
3.74938
3.85943
3.77873
3.63868
3.88076
4.16581
4.06330
4.10730
4.25496
4.09475
4.25732
3.64516
4.15372
4.19821
3.14256
3.87081
3.95399
4.16040
3.16021
2.41971
2.61301
3.53124
4.31110
4.36199
3.56584
3.38118
2.15748
3.91226
4.02568
4.36099
4.20639
4.28961
4.28927
4.34955
3.92604
4.30297
3.87769
4.13768
4.14132
3.45280
3.73016
3.80255
3.76622
4.24789
3.62792
3.04843
3.27100
3.88994
4.13069
3.54699
4.13123
4.30584
4.27341
3.95300
4.37953
4.05239
4.17422
2.31654
3.38953
4.28294
3.85932
4.36343
3.79197
4.17430
3.92939
3.30742
4.24085
3.76049
3.44189
4.17224
3.94721
4.34434
4.01641
4.19513
4.10976
4.19072
3.98059
4.00018
3.97132
3.42460
4.23159
4.13891
3.92965
3.96240
3.83991
4.35158
3.76712
3.92993
3.89164
4.12506
4.39784
3.88060
3.40137
4.19073
3.68776
3.92192
3.79480
4.25806
3.58235
3.27827
4.27515
3.38551
3.85926
3.70064
3.11856
4.16476
3.28823
3.28723
3.80015
4.34073
4.08738
4.30758
3.93755
2.90521
4.20176
4.24355
3.69284
4.09749
2.94259
4.09627
1.84695
4.27193
3.86615
4.16812
4.16207
3.73857
3.98742
4.26118
2.81768
4.23482
2.05707
4.25413
3.98063
3.63706
4.25446
3.44824
3.04136
4.28736
3.67664
3.25249
4.22925
4.30581
3.39813
3.13686
3.62232
3.54897
2.83346
4.03382
3.99143
4.22884
4.18535
3.98625
4.26190
3.15762
3.78433
3.46112
4.18550
4.08147
4.12120
3.75887
3.26168
3.15259
4.08127
4.20630
3.78164
3.02129
3.14388
3.97278
3.69294
3.26347
4.17078
3.95827
4.05341
4.25646
3.92664
4.24991
4.04222
4.05791
4.23043
3.78193
4.22152
3.29239
4.33922
4.39539
4.23435
2.84447
4.09117
3.01527
4.26455
4.17740
3.40113
3.92875
4.17370
4.26514
3.72803
4.40575
4.11711
4.13144
4.06544
4.05231
4.12870
2.57387
3.88559
3.88493
3.68447
3.15226
3.56496
4.26228
3.31081
4.25748
4.06738
2.66844
4.38396
4.32566
3.86074
3.86873
4.29134
4.04447
3.63533
3.68765
4.01370
3.99379
4.18258
3.33296
3.90714
3.91120
3.14997
4.06366
4.30579
3.90982
4.29364
3.45240
3.08816
4.02949
3.96389
1.91233
3.58963
4.29363
4.04509
3.97043
4.14980
4.12592
1.76516
3.67083
3.74427
4.09707
3.80466
3.83101
3.82960
4.08539
2.68827
3.57225
4.08684
4.26562
4.33855
4.18242
4.31631
4.08955
3.53999
3.66754
4.26372
3.78960
2.22823
4.15359
3.48127
4.23792
3.59436
4.27136
3.62585
3.70861
3.76654
4.20720
4.27605
3.58241
3.86672
4.25218
3.06130
3.47753
3.58828
4.11500
4.00485
4.02579
2.63999
3.26486
2.36446
4.17748
4.00510
3.03044
3.85433
3.05231
4.15825
3.69856
4.28416
1.66677
2.33910
3.52407
4.12632
4.12630
3.71661
3.89818
3.84853
4.32225
4.11905
4.39087
3.77224
4.23324
3.59875
4.10051
3.93166
4.23337
3.14921
4.23380
4.32577
3.68475
3.79918
3.77160
3.00951
4.21371
3.93612
3.74783
4.04538
4.17550
4.08354
4.06369
3.97956
4.07151
4.29907
4.11565
3.56516
4.17262
2.80965
2.40578
3.59792
3.84430
1.40949
3.97706
2.95814
4.06710
3.95402
4.40525
4.23742
3.42331
3.95463
3.96103
4.27257
4.13906
4.38786
4.18609
3.84584
3.89583
4.00828
4.12132
2.59000
3.45018
4.16046
4.29246
4.36010
3.23186
4.21670
4.12756
4.13462
3.22748
3.03296
3.80778
4.12434
3.86389
4.12733
2.54387
4.17492
3.87580
4.07347
3.93693
4.14523
3.84310
3.82549
3.83338
4.31091
4.22736
4.13788
4.01084
4.09340
3.92927
4.15873
4.35558
3.69445
4.06869
3.89911
4.13109
4.03267
4.12296
4.11886
2.55456
4.03516
4.10980
4.03881
4.19533
3.96667
4.08399
4.32440
4.18312
3.54192
3.79532
4.09938
4.33373
4.32178
4.11658
4.10055
4.34941
4.25049
3.31804
3.83599
2.76444
4.01493
2.73499
3.16987
3.90092
3.81600
3.71745
3.92850
4.25698
4.27629
4.33605
4.13841
4.22942
4.26965
2.60088
3.90103
4.29513
4.17868
4.40401
4.08492
4.27723
4.24586
4.22393
3.95180
3.86242
3.95544
3.09698
4.07167
3.05373
3.34832
4.11290
3.90122
4.21836
4.34489
4.00411
4.34702
4.26134
4.26727
3.94786
3.90875
2.99560
4.10665
3.99114
3.93873
4.26901
4.26278
3.74965
4.36337
4.27864
4.01130
4.14070
4.08976
4.24953
3.97138
3.99627
4.12115
3.78479
4.30961
3.68526
4.08243
4.01619
4.23053
3.73817
4.17480
4.33766
3.98221
4.07706
3.55175
3.99673
4.16272
4.20586
4.26486
2.55135
3.88875
3.99977
4.19987
3.92874
3.55514
4.26544
4.14591
4.04123
3.15069
4.32274
3.72854
4.07135
3.96151
4.27420
3.81236
3.66775
4.00580
3.36864
3.39421
3.79450
4.17371
1.53817
4.06462
4.18881
4.18590
3.78824
3.35486
2.28441
3.28681
4.11756
3.27077
3.34552
3.87883
4.01313
4.32651
3.89264
1.86802
3.76309
3.78422
1.51993
4.14859
3.97875
4.18797
4.06759
4.19439
4.04514
4.02443
3.17295
3.75518
4.07905
4.30623
4.32173
4.12373
4.12507
3.65124
4.20322
4.13688
4.31266
3.58713
4.35947
4.31646
4.10974
3.10804
3.81754
3.75208
4.26658
1.67799
4.27346
4.19863
2.98543
4.23440
3.86691
4.09871
4.33386
4.03328
3.56422
3.74172
4.30568
2.14978
4.12347
4.17057
4.14041
4.32547
4.44289
2.81975
2.67241
4.16193
3.68906
4.15462
4.11885
4.43570
4.06677
3.97293
4.21163
4.29588
3.98940
2.25255
4.28129
3.98671
3.75659
4.10111
4.20452
4.16615
3.91577
4.26492
3.90836
2.96284
4.32462
4.12292
3.99818
4.21383
4.09553
3.93760
3.61085
2.55802
3.14359
3.74173
2.35355
2.52409
3.76803
2.18482
3.77635
4.22726
4.01187
3.47611
4.12575
3.91071
2.88405
4.28898
4.31568
4.11419
4.29864
4.22762
3.92947
4.06469
3.06969
4.15850
4.44527
3.70710
4.21870
3.65296
3.85792
3.27348
4.25257
4.30020
2.82552
3.84357
3.12756
3.88703
4.02289
4.08193
4.17467
4.27511
3.47670
3.72859
4.38459
3.37762
4.21126
4.04300
4.12907
4.21671
4.32249
4.12598
2.96384
4.22512
3.74157
3.81344
2.80376
4.09449
3.43524
3.41536
4.26710
3.26480
4.29574
3.08689
3.30101
4.01150
4.01534
3.87436
4.21886
4.21618
3.99857
4.32903
4.24346
4.13752
3.31061
4.16255
4.01046
4.28380
3.92066
3.27113
3.32786
3.26162
4.02053
3.88507
4.10664
3.00867
3.97388
2.53781
3.22252
3.53409
3.87276
1.89975
3.82847
4.24341
4.21284
2.39042
4.04445
3.77843
4.28543
4.02505
3.93363
3.96236
4.33788
4.15610
2.95339
4.15520
2.94027
3.99476
4.25999
4.02701
4.23619
1.32300
4.11992
3.40694
4.32740
3.45967
4.15529
4.06192
3.47380
3.48058
3.02915
4.32117
4.00968
2.84844
3.45726
3.74686
3.93486
2.52426
3.97078
4.05696
4.09084
2.78067
4.40532
4.24242
2.83955
4.01183
4.34468
4.31194
4.23889
2.62193
3.71951
3.48839
3.83897
4.21229
4.26048
4.17739
4.23844
4.03627
2.71327
3.90239
3.60375
3.31017
4.21044
4.14850
4.34923
4.07426
4.13791
4.28936
4.05001
3.57846
3.98292
4.14836
4.36364
4.24242
4.12819
4.16392
3.53443
3.84339
4.21361
2.06746
3.97750
4.03830
3.20667
4.01886
4.30968
3.28868
4.09637
4.23654
4.31423
4.37680
3.65702
3.67173
3.93059
3.99876
4.30324
3.25984
3.28388
4.11466
4.03355
3.91358
3.75550
3.68651
3.21659
4.05910
4.23717
4.19467
4.09156
2.53349
4.26782
4.25320
4.24730
4.25672
4.29876
3.70136
2.66454
4.09491
3.86184
4.23950
3.97555
4.30485
4.05813
2.27128
3.84660
2.15320
3.77419
3.98567
4.19778
4.05624
3.62631
2.96001
2.71963
4.12968
3.87676
4.17104
4.13274
4.04163
1.68633
4.03637
3.63200
4.21897
3.80994
4.08154
2.31423
4.12495
3.90237
3.89593
4.21581
4.07135
3.53291
4.24139
3.99799
2.42361
4.10458
3.79984
4.17918
3.96927
3.55791
4.12127
3.85674
4.19617
4.14143
3.81562
3.60150
3.68681
4.27970
2.18915
3.82825
3.78503
4.15921
4.12304
4.17171
4.21683
4.06833
3.66312
4.26281
4.10094
3.91016
3.56879
3.83201
3.70232
3.86005
4.08781
4.15229
1.66321
4.01102
3.47801
4.27221
3.95411
4.29142
4.35762
3.65518
4.24704
3.74608
4.24649
3.71829
3.01164
3.40809
4.23543
4.16282
4.11820
4.30036
4.16679
2.22832
4.33680
4.19108
4.06848
4.09061
4.11576
4.28011
4.13700
3.83803
4.24923
3.96039
4.11826
4.16752
4.28713
3.74804
3.41461
2.97688
3.13997
3.79552
3.88395
3.46402
4.36026
4.00854
4.13364
4.26017
4.13316
4.30256
4.13177
3.86569
4.23020
4.10615
3.78016
3.73066
3.81699
3.15127
4.03944
4.14176
3.62837
4.30808
3.83402
3.07456
4.38446
4.13921
4.33172
4.02159
4.27033
4.31491
3.88916
4.36288
4.03698
3.38538
4.27738
3.43987
4.09295
3.91455
3.89467
4.19501
3.31342
4.30343
3.91545
4.06613
4.23394
3.95328
3.92274
4.31349
4.17487
3.62285
4.17355
3.56053
3.97534
4.15206
3.44479
4.22496
3.30776
3.95032
3.71685
4.09723
3.97945
4.04864
3.77917
3.74504
4.26043
2.47426
3.03512
4.13768
2.92177
4.02165
4.05973
4.31778
3.52187
4.03308
4.40384
4.32544
3.77266
4.14956
4.14906
4.23223
4.10447
3.67011
4.11975
3.71363
4.12627
4.22819
3.77813
3.35112
4.24004
3.92570
4.22743
4.32705
4.10747
4.07165
3.94070
4.25309
3.40164
3.69971
4.06731
3.84779
4.30695
4.09777
3.00683
2.66955
4.15218
3.93311
3.82444
4.22357
3.38987
3.38820
4.16369
4.10012
3.88432
3.91852
3.93205
4.01968
4.24490
4.38319
4.17616
3.89778
4.07961
4.20247
3.64001
2.41900
3.28973
3.89497
4.08091
4.12014
4.26973
4.18416
4.16178
4.30090
3.93549
3.90494
3.68611
4.04591
4.26759
3.70711
2.88820
4.23898
4.29276
3.94033
3.96618
3.88347
2.50577
4.30885
3.82808
3.81212
4.27302
3.68859
3.89093
3.33980
4.09991
4.35029
2.15952
4.12789
3.68901
4.01934
4.33485
3.40486
3.68188
4.08722
4.20210
4.36608
3.28591
4.09719
2.23960
4.37294
4.31211
3.65786
4.31787
4.01360
3.79524
3.92736
4.19721
3.40732
4.26251
3.93957
3.69018
4.41058
3.84251
4.05866
4.04165
4.15650
3.70413
2.73266
3.00979
3.65572
4.10671
4.18641
3.77454
4.09749
4.09287
4.27107
3.88513
4.34532
3.15056
4.02280
4.07947
4.27720
4.23369
3.95306
3.85378
3.02486
4.18178
4.33195
4.26374
4.10345
4.17600
4.11808
3.85794
3.24784
4.29063
4.12165
4.10889
3.84121
4.05175
3.42858
4.30019
4.05934
3.69785
4.03714
4.04190
4.16200
4.02256
4.23929
1.14838
4.18541
3.29572
4.09844
4.03279
3.74337
3.99469
3.91283
4.05747
4.38520
4.25188
3.90508
4.07280
4.12543
4.19022
4.25193
3.74622
3.80714
3.87198
4.27456
4.05418
4.23685
3.87504
2.81987
3.62314
4.12675
1.87305
3.97321
3.73403
3.89419
4.05321
4.25538
3.84755
4.15342
4.29879
3.98482
1.93496
4.17205
4.01922
4.09559
3.74475
4.01513
3.68380
4.20174
4.14299
3.89678
4.30003
3.79599
4.30677
2.82360
4.10751
3.87360
3.91316
4.12575
2.97001
3.82246
4.34822
4.28766
4.34802
2.80004
4.17090
3.70513
4.27791
4.35852
2.82707
3.99695
3.70056
3.52335
4.24894
4.38300
4.35559
4.19488
3.61177
4.25531
3.56147
4.19094
4.06524
3.52661
2.39069
4.36523
4.33461
4.20757
4.13620
4.15254
3.72067
4.17815
4.17002
4.05227
4.15884
3.36902
4.32677
4.13174
4.33238
2.64073
4.21722
4.11865
3.53715
3.54046
4.28700
3.82717
3.82213
4.25683
4.32338
4.29489
1.70997
4.26499
2.53700
4.31302
3.37247
3.60378
4.09512
3.33940
4.16795
4.11686
3.67310
2.59184
4.10472
3.18290
2.53006
3.46012
4.00548
3.66280
3.56809
3.67624
3.78022
4.17116
4.19071
3.81257
3.91083
4.18018
4.25735
3.63733
4.09969
3.97695
4.02536
3.97561
4.18631
3.33453
4.00514
4.29662
3.53651
3.50160
4.28666
3.38527
4.19286
3.74199
4.16464
3.84718
3.91317
4.12166
4.13902
3.92319
4.22398
3.75600
4.12748
3.85594
4.32432
4.34876
4.17640
3.20232
2.77644
4.01323
4.32937
4.23076
4.28396
3.76901
4.29048
2.53605
4.42400
4.06132
3.74851
4.21747
3.79001
4.30536
3.14035
3.75367
4.01062
3.81582
3.24115
4.29846
3.01449
3.89964
4.28623
4.00640
4.17824
3.51158
3.81997
4.22855
3.79440
3.56174
4.24758
4.11336
4.29475
4.18701
4.18358
3.88145
3.90426
4.02519
4.08786
3.33307
3.50791
3.80137
1.74662
4.09623
3.81176
3.24730
4.08276
3.54911
4.16927
2.93393
4.34451
2.57777
3.44756
3.67234
4.41944
4.32510
4.01652
2.91623
4.43336
2.99702
4.05621
3.85968
4.00259
3.72314
4.12698
3.88400
4.05892
3.83717
4.28655
3.59593
3.59657
4.32613
4.07542
4.31953
4.11120
3.59615
4.09102
3.93592
4.32769
4.06406
4.17256
4.24845
4.21716
3.99211
4.28163
3.93651
4.16992
3.04993
4.28027
3.73799
4.22469
4.17005
4.29681
2.73211
4.33135
4.16035
4.12160
4.34404
3.64551
4.12106
4.21720
1.87626
4.17282
4.18224
4.28311
3.89327
3.81680
4.24140
2.94699
3.76367
3.61797
4.05116
4.20089
4.14196
3.61813
3.88866
4.11569
3.55507
4.08558
4.37778
4.11972
4.12761
4.27879
3.67322
3.94887
2.98598
3.49812
3.77044
2.93838
4.10087
3.69364
3.72176
4.23054
2.36334
4.17232
3.73402
4.00479
4.22504
2.09300
4.22448
3.55137
4.00292
3.58874
4.14648
2.93836
3.60838
4.20801
3.52092
4.23756
2.27216
3.78031
4.28546
4.25632
3.66716
4.31531
4.33489
4.16558
4.17552
4.04678
4.34436
3.85026
4.17824
4.33214
4.21693
4.26470
4.05681
4.29733
3.80577
3.49133
3.73891
4.16685
4.07197
4.04189
4.02978
3.92945
3.87171
3.76229
3.79915
4.17041
4.37628
4.31598
4.20376
3.42565
4.22116
4.15222
4.31432
3.96717
4.11588
3.83816
4.04572
3.14506
3.20007
3.28256
4.08164
4.28575
4.05805
4.08698
3.64278
4.00354
2.52936
3.99832
4.28798
3.38943
4.18422
3.57056
4.21502
3.99012
2.05691
4.26188
4.19725
4.37268
4.06490
4.01704
2.07642
2.99797
3.76191
4.05567
4.11423
4.02724
3.72843
3.91820
3.88898
3.88268
4.37241
4.03328
4.07832
3.46354
4.13066
4.14755
4.22090
3.74961
3.94720
3.91762
4.01129
3.33095
4.04122
4.27559
4.35653
3.46602
4.05374
3.91254
4.13975
3.96535
4.29674
4.06188
4.16577
3.66309
4.08113
4.23617
3.80123
4.27776
4.09055
3.33879
4.12730
4.16236
3.66760
4.17246
3.60780
2.73468
3.93089
4.28332
3.85336
4.10437
2.02523
4.17135
3.18692
3.77914
3.74745
4.14032
4.01658
3.84835
2.74715
3.16381
3.95249
4.31755
2.95898
3.82703
4.19355
3.75320
3.53590
4.19914
2.35902
2.56757
3.97505
3.99756
1.20819
2.44144
4.21194
3.71997
4.00242
3.79779
3.91156
4.16861
4.01369
3.24174
3.87856
3.68265
1.95837
4.06186
4.10613
3.10355
4.32077
3.80457
3.59371
3.86782
4.28401
3.88419
4.21073
4.31326
2.79348
3.84631
4.16485
3.81665
2.52180
4.21763
4.11424
4.11555
3.96362
3.93711
4.34547
4.28158
3.53426
3.66798
3.29931
3.96043
4.16399
3.82498
4.28387
3.63089
4.19395
4.07632
4.30816
4.19113
3.60126
4.34801
2.97355
3.95889
4.30637
3.43472
3.61074
4.26944
1.30695
4.31362
3.65504
3.14542
4.33650
3.68907
3.81990
3.91884
3.96541
3.25964
4.27739
4.14797
3.64176
4.29529
4.20310
4.11048
4.17222
4.19580
3.88843
3.94433
2.89288
4.21071
4.19770
3.57132
4.00954
4.17088
4.13326
3.96453
4.26286
4.01684
3.92756
2.71803
4.16018
1.95956
4.28676
3.95139
4.05832
3.85176
3.86651
4.17902
2.60638
3.94583
4.17430
4.42850
2.94805
4.09639
4.08689
3.20577
3.70190
4.19020
4.30629
2.31949
4.29026
2.90566
4.21151
4.11871
4.35669
4.27607
2.37372
3.19436
3.68380
3.88682
4.22953
3.48711
4.12063
3.65762
2.67647
4.19652
4.35051
3.23463
4.22960
3.75994
4.25870
4.06820
3.88894
4.34553
4.23227
3.27009
4.21819
4.21467
3.76416
2.40213
4.23482
4.05796
3.66958
3.73670
3.95769
4.12269
4.37393
3.70804
4.24296
3.63321
4.09131
4.24812
4.02057
3.94101
3.37492
3.17875
3.64687
4.33687
3.21876
4.37925
4.04609
3.26659
4.03745
2.86495
3.90805
4.17490
3.92728
4.35370
3.84338
3.97002
4.28224
3.98305
4.19053
3.93164
1.54415
3.81291
4.32730
2.79482
3.94611
4.08092
4.15538
3.67694
3.95942
4.25605
4.16831
3.95727
4.05115
4.34562
4.19191
3.68594
3.98305
2.31960
3.16961
4.22882
4.04784
4.06137
4.08044
2.90759
2.48565
4.32383
1.88679
4.09553
3.81394
3.94889
4.13751
3.62692
4.14651
3.98709
3.87885
4.30501
4.36891
4.31223
4.03073
3.67463
4.09956
1.48180
3.98769
4.32826
4.12606
2.42097
4.16189
4.07329
3.90160
4.21775
3.93577
4.03109
4.37549
3.59345
3.83836
4.11899
4.22602
4.22465
2.48101
3.47390
3.98597
4.24484
4.34032
4.08704
4.23770
4.23263
4.21886
4.21439
4.24086
4.05768
3.56802
3.91323
4.20747
3.70706
4.21096
4.17994
4.14029
3.96874
4.10865
4.17518
3.60379
4.02320
4.20665
4.33372
4.05431
4.27695
3.35632
4.22532
3.24299
3.32948
3.30325
3.65670
3.86455
4.07326
4.07283
3.90281
4.24502
3.11160
4.31412
4.17973
4.25359
2.64874
3.68584
3.97187
3.54814
3.51216
4.16451
3.91799
4.12639
4.23051
4.03536
3.50193
3.73440
4.17043
3.93718
3.83831
2.26811
2.86680
4.39896
4.14591
3.63473
2.28028
2.82393
4.25810
3.52229
3.67338
4.33828
4.06120
3.86239
3.85505
1.40873
3.74530
3.97723
2.24104
4.25292
4.15548
3.94330
4.21749
3.28741
4.12910
3.77824
1.32158
4.14568
4.03367
4.31923
3.97629
2.71011
3.69015
3.88235
3.95049
4.01165
3.58839
4.22918
3.54717
2.81311
4.06036
4.23430
4.29230
4.09253
4.37112
3.26101
4.15319
1.86468
4.01107
3.43086
4.20255
4.01674
4.06584
4.20032
4.30261
3.90181
4.17986
4.17438
4.09672
4.14983
3.66746
4.24493
3.94595
3.06520
3.85254
3.31222
4.18705
4.33229
4.27637
4.12358
3.93263
4.27152
4.25479
3.76344
4.11086
2.69980
4.14989
4.15595
4.11132
4.17588
3.79995
4.09923
3.91379
4.27173
4.29960
3.73918
2.32332
3.47756
4.12634
4.14899
3.48518
4.02826
2.36404
3.95717
4.06981
3.52907
4.24637
3.92114
4.06580
4.37722
3.95098
4.32742
3.28994
4.38242
4.05881
2.37663
4.30673
3.37075
4.23932
4.33270
3.89416
4.14415
4.06608
3.98007
4.02518
3.93895
4.11561
4.01468
4.08417
3.05075
4.04926
3.85663
4.07095
3.81908
3.18735
4.13277
2.78650
4.36292
4.00308
4.35337
4.00053
3.80389
4.09697
3.32246
4.25569
4.14804
3.63518
4.01147
4.26225
3.57019
3.23776
4.39720
4.27082
4.23183
4.15457
4.04003
3.98563
3.78818
3.83875
4.16622
4.08889
3.83109
2.28963
4.21468
4.18618
2.00500
4.18950
3.63155
3.47640
4.11298
3.96275
4.25439
4.28386
3.69589
4.11418
2.44436
3.73540
4.20655
4.17611
3.36045
4.34673
4.17668
3.84836
4.12666
4.26073
4.30457
3.17853
4.25928
4.19814
4.24705
4.04940
3.95270
3.21947
4.01263
3.46742
4.15569
4.14136
4.34609
3.82919
3.70357
3.58686
4.03905
4.07413
3.95605
4.06604
3.98093
2.90648
3.68922
4.08346
3.39989
4.07522
2.18394
4.13361
3.49761
3.64717
3.12614
3.87199
4.24159
4.24536
3.92986
2.40301
3.92033
4.24516
4.06889
4.14071
2.76936
4.25892
4.18529
3.85739
4.09487
2.57625
4.23162
4.20813
4.16928
4.08376
3.87723
4.37876
3.49116
3.82584
4.14817
3.96562
4.09584
3.74932
4.18845
4.09190
4.17696
3.65425
3.86730
4.36887
4.02457
4.36591
4.25668
3.80431
4.16346
4.12414
4.36421
3.68309
4.06602
4.11366
4.03558
3.69872
2.36053
4.06257
4.26676
4.28617
4.17805
4.27286
2.65240
4.35595
4.17610
4.31134
3.93180
3.95014
4.40457
3.73237
3.48459
4.30204
3.56213
4.08938
3.81556
3.71709
4.20005
4.27720
3.79338
1.84223
4.09090
4.27637
3.58405
3.73306
4.20152
4.10023
3.92544
4.07113
3.60976
3.38077
4.03687
2.08987
3.68199
4.21687
3.98508
4.23550
4.24790
3.18766
4.10107
4.12824
3.59489
4.08990
4.09126
4.02457
3.82864
4.10266
4.33258
4.21200
3.89267
4.20641
4.24738
4.04158
4.12250
4.08548
3.77440
3.75550
4.22408
2.99548
3.99949
4.33666
3.71607
4.11603
3.93295
3.80329
3.37921
3.82258
4.19441
4.14962
4.17804
4.18717
3.51553
3.78487
4.38735
4.33084
4.16565
4.08575
3.95638
4.09185
4.12605
4.31412
4.27363
4.22844
3.99661
2.93277
3.87815
3.51069
4.17070
3.39250
3.52047
4.22244
4.04395
4.20589
3.77509
4.34582
3.90684
4.22933
4.20821
2.38634
4.28548
4.17415
3.43660
3.98750
4.15401
3.62141
3.97506
3.58000
4.17623
4.34519
2.88486
3.67422
4.27525
4.12796
2.66162
4.20057
4.29151
2.90535
4.21893
3.66964
4.14299
4.31911
4.04998
4.13355
3.93894
2.60578
3.50646
4.30982
4.15642
3.75322
4.18144
4.15556
3.39502
4.16600
3.81626
4.28840
2.18824
4.08494
3.58982
1.89798
3.68467
4.05369
3.57431
3.83909
4.25237
3.67095
4.03076
4.23295
3.11001
4.30135
4.25756
4.25001
4.38334
3.91871
4.02087
4.02825
2.92937
2.91359
4.06703
4.28606
3.65550
2.61002
4.14518
4.06362
4.09062
4.01496
4.03749
4.25677
4.33676
4.04758
4.05413
3.48713
4.20138
4.31834
3.74111
3.64159
4.35619
4.22215
2.38762
4.39408
4.04806
3.63570
3.68833
4.21808
3.63674
4.07291
3.74071
4.20684
3.97386
3.49004
4.01895
3.77844
3.37810
4.11651
3.82243
3.67732
3.78087
4.14438
4.11516
4.27674
3.93315
4.10438
3.31003
4.12277
4.16161
4.26022
3.11015
4.36795
3.50525
3.71060
4.09662
4.32037
3.73470
2.36640
3.97410
3.04529
3.86197
4.17952
4.12851
4.19584
4.07574
3.82314
3.54646
2.46677
4.02109
4.25963
4.17609
4.26859
4.04991
4.18938
3.07853
3.94441
4.30808
3.93297
3.53087
3.60751
4.28212
4.14304
3.30622
4.12578
3.69848
3.61395
3.95529
4.26425
4.32373
3.72065
3.30619
3.25337
4.23748
3.10500
3.79523
4.30654
3.77035
3.44493
2.73570
4.20690
4.14681
3.89729
3.97932
4.07743
2.66733
3.64624
4.21519
4.28525
3.31616
4.02933
3.34404
4.31068
4.20031
4.02709
4.18764
4.08686
4.24936
3.42109
3.78757
4.14808
4.15557
3.55101
4.32105
4.01356
4.05410
3.54629
4.02650
4.05768
4.08002
3.58966
3.59278
4.10369
4.18661
3.64525
4.15039
2.24937
3.81091
2.74076
4.27534
3.94398
4.17461
4.28945
4.29373
3.89157
3.55734
3.26619
3.92009
3.86395
3.37370
2.79274
4.09421
4.11204
3.63506
4.10066
4.26708
3.78097
4.10086
4.19572
4.40024
3.95858
4.08089
3.92280
4.28559
4.30830
2.73604
3.06527
4.07350
3.55198
3.92332
4.27033
3.65051
3.77138
3.51326
4.07899
1.93853
4.33667
3.26985
3.60549
3.84194
3.70080
3.06525
4.23522
3.86076
3.98689
4.06382
4.28287
4.21964
4.20019
4.12833
4.18056
4.15416
3.50479
4.21618
3.55517
3.94867
4.20465
4.31890
3.53307
4.10227
4.19292
3.74812
4.02401
4.34286
4.23925
3.70277
3.64309
3.94129
2.07512
3.91077
4.24057
3.99124
3.78953
2.25689
3.00584
3.85434
3.93565
4.35381
3.90205
3.97325
3.81499
3.95830
1.70214
3.20843
4.17843
4.18793
4.38551
3.26511
4.10833
4.23762
3.82532
4.30709
3.88642
4.13936
3.74340
3.95988
3.06677
4.29415
3.97403
2.92102
4.24388
2.98822
4.31015
4.04219
4.21245
4.05884
4.04701
4.19301
4.00047
4.38427
2.48149
2.43695
4.16901
4.39389
4.24527
4.15884
4.04880
4.41869
4.02556
4.09354
4.26603
4.05875
4.15280
4.15481
3.78378
3.04243
3.69339
4.29227
3.15051
4.20460
4.15379
3.98561
4.16011
3.82058
3.90214
3.99988
3.63112
4.09293
2.89678
4.14637
3.96560
2.79468
4.32481
4.15088
2.88172
4.25445
3.69674
4.14144
2.03456
4.02560
4.19789
4.02332
4.19581
4.29334
3.81573
3.33831
4.12946
3.95821
3.88874
4.10714
3.91264
3.97559
4.29540
3.65554
4.16474
4.00796
3.96069
4.26022
3.99727
4.18437
3.95675
3.86120
4.22776
3.60838
3.63901
4.16141
3.63920
3.73733
3.77120
4.22035
4.07317
4.09738
4.15315
4.27725
4.20398
4.13663
3.85016
4.11475
3.47642
4.15043
4.07976
3.47622
4.04832
4.23698
4.25877
4.28011
4.04364
3.83975
4.16605
4.04484
3.54435
4.17145
3.69559
4.16368
4.21787
4.19826
2.31576
3.59876
4.23505
4.26591
4.25883
4.31333
3.65234
4.19758
3.72371
4.29576
4.21775
2.13586
4.16366
4.34613
4.06432
3.97428
3.70530
3.80627
3.94784
4.23452
3.12829
4.34816
3.74261
4.31074
4.24211
4.12689
4.31699
4.22679
3.79543
4.12014
3.81806
3.29369
4.13526
4.06095
4.13345
4.15199
2.71396
4.39721
4.11938
4.19123
4.14013
4.08281
3.12653
4.14975
4.18518
4.10897
4.24930
3.78889
4.07491
4.28468
4.11911
4.11813
4.16726
4.15886
4.18731
4.03442
3.48663
3.81917
4.09410
4.30937
3.55539
3.55212
3.87306
3.42531
4.25027
3.98908
4.28886
3.84740
4.24555
4.21245
4.30616
4.06755
4.03640
4.22786
4.00331
4.33761
4.04741
4.08836
4.06114
4.28656
4.16150
3.57654
3.86379
4.02772
4.23416
3.76686
4.26119
4.18298
4.34735
4.09639
3.98291
2.99433
3.94217
3.52691
4.10741
4.37540
3.89858
3.92069
3.46593
3.72099
3.89282
4.32741
3.57250
3.92969
3.07990
3.87604
4.32089
4.04015
3.62105
4.11105
3.98820
3.93001
3.86800
3.42838
3.71563
4.04341
4.20283
4.00833
4.28836
4.29558
4.03112
4.21652
3.10138
3.99206
3.78148
3.49193
3.50301
3.69871
3.99353
4.17785
4.00698
4.34334
3.97073
3.88217
3.83703
4.17815
4.24657
4.36284
4.12528
2.51131
3.64590
4.11734
4.09485
4.29127
4.36916
4.14963
3.90602
4.33358
3.75229
3.24924
3.76744
4.30929
3.26423
3.80366
4.35154
4.25457
3.63907
4.32431
4.29808
3.75449
4.40506
3.84721
4.09767
2.28069
4.16613
4.16784
3.65093
4.11897
4.23634
4.29326
3.93007
3.78625
4.31989
4.03468
4.23997
3.82203
4.08548
4.17650
4.03643
3.27740
3.77813
4.11478
1.82876
4.05297
2.39967
4.14526
4.20955
4.03440
4.02485
3.81892
3.88152
3.92500
4.11668
3.73941
2.01859
4.13301
3.92975
4.06559
3.98889
4.36941
3.49211
4.00926
3.36052
3.23088
3.85147
4.06297
4.31461
4.08786
4.23830
3.63805
4.10394
3.83086
4.24430
3.50906
3.64744
3.99937
3.60636
4.13434
4.29289
4.39873
4.24849
4.18012
3.77591
4.36560
3.95156
4.01904
2.60285
4.19476
4.16519
3.83414
4.20055
1.82677
3.81488
3.75009
4.25542
4.30829
3.27817
4.23584
3.66059
4.04236
2.25936
3.25008
3.82945
3.88134
4.31065
4.21296
4.42160
2.64483
4.21547
3.45272
4.09734
3.76194
3.32981
3.65706
4.20115
3.78260
3.91224
3.66469
2.81371
4.05875
2.92830
4.19672
3.77454
4.13821
3.42977
3.95396
3.94463
3.79365
3.87849
3.28462
4.35144
3.59721
4.10468
3.63523
3.40224
4.05310
3.82747
3.82880
4.11303
3.71388
4.27555
3.77273
4.16528
4.26145
3.29247
3.62157
4.09333
3.96207
4.39192
3.93342
4.31612
3.94063
4.12503
4.25568
4.22997
4.35241
4.21842
2.82842
4.37836
4.37567
3.50343
4.05672
4.03935
2.61554
4.26410
4.30555
4.14393
4.01264
4.25877
4.21883
2.87215
4.05672
4.24637
3.90776
4.23392
3.97915
3.41761
3.35105
4.15503
4.00782
4.36551
3.57037
3.82477
4.20869
4.27436
3.92907
4.20598
4.32369
3.64716
4.08036
4.07029
3.71518
3.78371
4.02035
4.33021
3.94618
3.90810
4.23492
4.13404
3.91057
4.18000
4.18028
3.84433
3.53374
2.40746
3.68123
3.81650
4.12950
3.90834
4.24334
3.70498
4.19143
4.29388
3.97616
4.17047
3.79675
4.19349
3.92769
3.53770
3.67105
3.75529
3.24354
4.28266
4.01442
4.20257
3.39682
3.94654
4.05312
4.09873
4.35926
4.12183
4.09760
3.87125
3.97470
4.11463
4.16029
4.23908
3.59219
4.05340
4.05570
4.12596
4.28302
3.34229
3.68874
4.02891
3.84661
3.97833
4.36753
4.38363
3.05468
3.47897
3.89691
3.09675
3.99979
2.04428
2.03938
4.22583
3.92264
4.18690
3.73088
3.57519
3.46091
3.96156
2.63063
4.05443
4.26645
4.16709
3.79313
4.13231
4.12699
4.35894
4.06845
3.30679
3.62882
3.93431
3.52974
3.91138
4.23394
4.35320
2.47595
3.51137
4.34308
4.35001
2.24761
2.36538
3.66670
4.15719
3.81390
4.16994
4.12574
3.42224
4.30857
4.34233
4.20754
4.39771
4.08830
2.63991
4.13061
3.93986
4.24492
4.08451
4.13897
2.93303
4.31270
4.01814
3.54815
4.24545
3.79771
3.98184
3.91968
3.87869
4.27601
3.31529
3.69466
2.21312
3.55007
3.10410
3.39742
3.99127
3.68231
3.63658
4.04961
4.09546
2.38612
4.07027
2.13412
4.06405
4.11892
4.00499
3.02580
4.24612
4.40327
4.20457
4.33673
3.73330
3.32756
2.71359
4.22005
4.36710
4.32356
4.16889
3.69473
3.68951
4.09606
3.92105
3.59211
2.65849
3.92017
3.82276
3.78303
4.11896
2.71546
3.85906
4.28116
4.08010
2.26500
4.37562
3.73810
3.58576
2.55360
4.07411
2.28511
4.04440
3.95600
4.18121
3.56073
4.40245
4.22677
3.73731
3.90827
4.15761
2.90196
4.33773
3.80219
4.08189
4.02491
4.27498
3.90702
3.33195
3.90415
3.54441
3.95140
4.14926
4.40501
4.22222
4.09743
4.11945
4.33438
4.02928
3.45584
4.10670
4.28637
4.05016
4.26183
4.11507
4.02148
3.84166
4.10600
4.30150
3.98078
3.76647
4.32224
4.36306
4.35249
4.23346
3.92109
4.24115
3.92732
4.07711
4.28294
3.74856
3.97854
4.33565
3.69474
4.01073
4.22786
3.88391
3.74900
4.00643
4.30530
3.61803
4.16035
3.63368
4.18375
4.11854
4.17757
3.61904
4.32340
4.22395
3.03370
4.13428
4.24694
2.37585
4.12098
3.79156
4.16105
2.95074
3.90477
3.14986
3.85331
3.67552
4.28142
4.31920
3.11494
3.80648
4.00936
4.12570
4.12923
4.33678
4.03893
3.98400
4.00321
4.27425
4.10273
3.81383
4.03080
3.91582
4.00182
3.74696
4.12327
1.96153
3.95257
4.26319
3.84904
3.77679
4.06551
3.97570
2.73648
3.66103
4.05673
3.97041
3.68418
3.87795
3.95334
4.23047
4.27357
3.92276
3.94062
4.23113
2.88361
4.37402
3.59816
4.34974
3.46614
4.21637
2.98798
3.42775
3.68318
3.67375
4.24266
4.12910
3.95661
4.26177
4.35117
3.89272
4.02899
4.23567
3.56709
2.80907
4.08459
4.06871
4.16036
4.23048
3.96761
4.25749
4.06891
4.01046
3.39433
4.07363
1.99376
2.57239
4.18169
3.08932
4.01962
4.22509
3.47473
4.33027
4.26981
3.92475
3.82826
3.99674
4.02581
2.98901
4.18763
4.24776
2.19410
2.50869
3.87574
4.25337
3.96147
4.09693
4.34891
4.14486
4.02622
3.81432
3.06412
3.82332
4.34198
4.01150
4.09167
4.06204
3.82058
3.73487
2.90232
4.30688
4.22876
4.24620
4.10568
4.15007
4.23991
3.80459
4.21658
3.70988
3.92396
4.07197
3.90606
4.41568
3.65714
4.13687
1.75356
4.02919
4.23602
3.84498
4.20720
4.17238
4.13216
4.27606
4.14366
3.53368
3.97438
4.16498
4.22821
3.90607
4.00847
4.30396
4.09431
3.83760
4.02098
4.06528
4.01315
4.29113
3.92396
2.14669
4.05722
4.18534
3.21635
4.03639
4.18963
4.16642
4.21212
4.11166
4.06987
4.22076
4.25465
3.47477
3.88814
4.29242
4.31511
4.24209
4.30927
4.16105
3.76633
3.51833
4.06892
3.78832
4.16851
4.37360
4.26302
4.21249
4.29993
3.88289
4.21558
4.23264
4.01541
4.10114
4.15018
3.65494
3.88397
4.24333
4.07606
2.59684
4.13122
4.28376
4.15886
3.09888
4.03816
3.64077
4.08389
3.97336
4.31651
4.29826
3.88754
4.07322
4.24960
4.27983
4.21191
3.63022
4.29225
3.94184
4.07359
3.94698
4.12218
4.03518
3.01217
4.26202
4.17102
3.29261
3.77435
4.19966
4.31689
4.19422
4.20726
4.23876
4.36215
3.85477
4.19117
4.08151
4.27073
3.44692
3.66545
4.14092
4.29106
4.34997
3.75977
4.33089
4.17856
3.89812
4.02671
4.30859
4.08191
4.11994
3.77768
4.40008
4.08074
3.97130
3.97862
4.32525
2.14513
3.81951
4.18247
3.92263
4.29301
4.27564
4.29094
4.09519
4.20369
4.34822
4.29154
3.05679
4.07705
4.36275
3.71950
3.97884
3.59019
4.07495
3.62005
4.20710
4.25495
4.22429
3.93500
4.33971
4.12417
4.25658
3.90355
3.79120
3.90072
2.67151
2.86543
4.33124
4.23933
3.90690
3.59047
4.15217
3.50075
2.04842
4.15108
2.07655
3.64876
4.12532
3.81182
4.02779
3.73963
3.81144
3.79948
4.12826
4.37688
3.70395
4.00923
4.13805
2.81406
4.25596
4.02821
4.06530
3.72277
3.29073
3.84931
3.51590
4.33881
4.20256
3.96948
4.08928
3.53932
4.20527
3.83399
3.79455
2.58776
3.86004
3.59238
2.06121
3.98355
3.44331
2.88234
3.44252
4.22280
3.69027
4.25077
4.03696
4.06953
3.93620
3.60198
1.94541
2.66238
4.05918
3.96334
4.12764
4.17469
3.88564
3.87354
3.60453
4.16156
2.90487
3.82186
4.21141
4.04412
4.09164
4.05740
3.72738
4.24544
4.27718
3.82959
3.38420
4.00192
3.10026
3.55470
3.22216
3.70825
3.85094
4.04985
2.99522
4.08297
4.01391
4.11055
4.26258
4.26204
3.16052
2.56012
4.21657
3.84650
3.74188
3.93643
3.89345
4.28241
1.32073
1.80780
3.83177
4.32806
4.15504
4.09374
4.27297
3.45122
4.04501
4.25288
3.84597
4.31793
4.21519
4.23717
4.10114
4.05295
4.10355
4.23905
4.07146
2.27400
3.91042
4.15114
4.03838
2.48316
3.61318
4.00852
2.51028
3.26651
4.16917
3.67127
4.13921
4.22785
4.28447
4.21292
3.84356
4.14015
4.15021
3.88963
4.24050
3.39293
4.29825
3.24953
3.21351
4.21701
2.63458
4.18115
3.80992
4.23304
4.16166
4.09363
3.78485
3.80541
4.16570
3.70485
4.19419
4.24498
3.31013
4.11562
4.20031
4.34375
4.25858
3.97561
4.00327
4.21956
4.19523
4.05007
3.97550
3.81769
3.81812
3.76418
4.23963
3.98072
4.26626
3.43326
3.95116
3.85331
4.03908
3.91507
3.71548
4.16835
4.17022
4.22665
4.13212
3.84347
3.90322
3.98130
3.22410
3.48048
2.92949
3.80741
4.14685
4.08508
4.34505
4.15390
4.25210
4.10750
4.13947
3.79256
3.07177
4.22345
3.90517
4.00925
3.59291
4.03178
4.27156
3.96493
4.32515
2.81670
2.73232
4.27089
3.48694
3.92701
3.80874
3.87531
4.11718
4.22929
4.33251
4.03676
4.16286
3.77196
3.56325
4.13088
2.92508
3.94256
4.07429
4.13781
4.29690
3.88778
3.94741
4.30497
4.09069
3.97660
3.77918
3.37306
4.14528
4.16307
3.86547
4.23759
3.11206
4.09234
4.09327
3.44755
4.11875
4.27630
3.89008
3.12782
4.20240
4.19554
4.29278
3.76839
4.13975
4.04722
4.30672
4.25436
3.06265
4.15612
3.10261
2.61746
3.96380
3.87308
3.63585
2.06140
3.85823
4.18157
4.06569
2.43736
4.38114
4.03523
2.92784
4.24494
4.25647
4.22334
4.02624
3.88739
3.56343
3.97304
4.16277
4.07198
4.35309
4.22581
2.87690
4.21095
3.92311
4.26599
4.31630
3.86519
2.71441
4.25586
3.69095
4.06191
4.07987
3.71592
3.97635
4.05889
2.09429
4.02272
3.83680
3.88468
4.22055
4.01584
4.14095
4.02508
3.94736
2.28645
3.67997
4.05256
2.40214
3.48302
4.28739
3.90177
4.25594
3.92517
4.21386
4.16619
3.85058
3.28156
4.32703
4.13139
4.05370
4.18571
4.34567
4.18962
4.30901
4.10708
3.18216
4.18392
3.86946
3.69225
4.11555
4.17910
3.74792
4.03054
3.95288
3.98583
4.28051
4.01700
3.92300
4.16097
3.44311
4.00657
3.45035
4.07590
4.09621
4.29289
4.04001
3.92553
4.22012
1.58940
4.35410
4.08380
3.94773
4.18958
4.35624
4.25787
4.17359
4.28077
3.30227
3.93968
4.20360
4.03020
3.78485
3.45350
4.31720
3.68993
4.12005
4.33016
4.06398
3.81932
4.35655
3.86152
4.12948
3.25076
3.01040
4.15598
3.98244
3.95345
1.32244
3.95969
3.87040
2.57116
4.08382
3.71593
3.63062
3.50850
4.32494
2.50998
3.71903
3.74117
4.29552
4.33716
3.69857
3.35468
4.21414
4.29073
3.70018
4.13159
3.73450
4.27725
4.40657
3.85537
4.20306
4.09685
3.69888
1.68272
3.86422
4.22975
3.86459
3.91999
3.75965
4.22247
4.10767
3.58194
3.06376
4.24479
4.28751
4.04405
4.25145
4.00974
4.15297
4.12855
3.98971
3.69886
3.42889
4.37956
4.12438
4.30300
2.88202
4.08507
3.29034
3.65003
4.29091
3.87657
4.38286
4.30755
4.02017
3.91291
3.64053
4.32496
4.20085
4.09354
1.94885
3.72043
4.20911
4.16613
3.96764
4.21186
3.58310
3.74469
4.05682
4.07860
4.10834
2.31245
3.98417
4.02124
4.05005
4.07818
3.63073
4.23140
4.08113
3.76792
4.38413
3.36081
4.25172
3.71944
4.42452
3.73208
4.26534
3.39501
3.81582
3.77145
2.80533
4.22270
3.92136
3.40988
1.86317
2.08754
2.70318
4.16391
4.34044
3.67824
4.20398
4.34969
3.71277
3.80541
2.50396
3.19084
2.29760
3.74358
4.17649
4.02411
4.13545
4.06352
4.07358
3.71673
3.84978
3.99885
4.37171
3.21933
3.28028
4.16120
4.38835
3.51504
4.29405
4.01428
4.02309
4.39934
4.19088
3.95297
3.71282
3.53555
3.51942
3.88334
4.28473
3.91293
4.26275
4.34594
3.68360
4.16073
4.21619
4.21952
4.19538
2.32891
3.93228
3.48498
4.20004
4.07237
4.36208
4.36953
4.12761
3.99270
3.46176
3.88943
4.29586
3.28742
3.81688
4.28520
4.25120
4.25025
4.29543
3.04710
4.07116
3.83373
3.45759
3.96234
4.39684
3.57705
4.07433
2.57471
4.09539
2.73334
4.01970
4.27138
4.00158
4.09861
4.17523
3.96301
4.07841
4.01067
3.97873
3.99881
3.90669
4.13752
3.94497
4.24413
4.11462
4.24564
4.26141
4.19668
2.29041
4.24989
4.22518
3.40210
3.10721
4.06716
4.27932
4.06142
4.24049
4.13095
3.66579
4.43688
2.64356
4.03847
4.17882
4.35748
3.68615
4.10960
3.90096
4.13354
3.46395
3.32595
3.85952
2.31994
4.09153
4.25599
4.34051
2.30980
4.41870
4.23656
3.60520
3.92325
4.15856
4.18433
2.49561
4.04804
4.29293
4.13464
4.32321
1.42499
4.23202
1.51163
3.38304
3.80412
4.20609
3.44834
4.21323
3.81410
4.25121
2.96069
2.72636
4.21163
4.08501
2.79360
2.12562
3.38882
3.75130
2.76461
4.09307
3.22884
4.08871
4.22358
3.49498
4.21325
3.65437
4.41813
3.60868
4.07614
4.27142
3.87674
3.75870
4.12309
3.89272
4.29322
3.22910
3.02362
4.22272
3.94592
4.25396
3.72535
3.91907
4.27236
4.21094
4.26446
4.12687
4.13593
3.80489
3.51465
3.80331
3.65868
2.06559
3.88621
4.00728
4.13106
4.13939
3.84381
4.26891
4.01102
4.24015
3.93049
3.90197
4.15540
3.97001
3.90222
3.57343
4.18496
4.14707
4.12965
3.93444
3.35046
3.84377
3.70131
4.10135
3.38570
1.87928
3.72892
4.26982
4.19585
3.53619
4.15616
4.24489
3.84726
3.78919
3.73626
3.96202
1.59641
4.30684
4.24638
4.16971
4.01772
4.17793
2.61399
4.05154
4.31592
4.24508
3.79958
4.18194
3.88065
2.28726
4.27587
4.02433
3.46212
4.03507
4.17928
3.51088
4.24951
3.88470
3.75005
3.86311
3.95914
3.21640
4.15240
3.96323
4.32471
3.90118
3.05922
3.49753
2.90274
4.41460
3.09123
4.21093
4.22393
4.32915
2.69206
3.84306
4.10429
4.28936
3.11072
3.88515
4.09546
4.08260
3.82815
4.10851
3.91092
3.91651
3.81339
3.64521
2.57694
4.23429
3.12525
3.53029
3.06599
4.17413
4.14065
4.32552
3.99172
4.18847
4.31808
4.23003
3.49853
3.95369
2.90749
4.21783
4.37535
3.97518
4.32798
3.83608
4.28678
4.17626
3.93555
4.30110
3.24918
3.45426
3.35495
3.80864
4.19624
3.95310
4.39928
4.27681
4.00682
4.34433
3.64170
4.38765
4.28738
3.88158
1.72636
4.37636
3.61273
4.19014
4.21238
4.30236
3.64767
3.95871
4.13286
4.06356
2.69452
3.81142
4.09675
3.66904
3.91265
4.26751
3.82297
4.06466
3.09454
4.18450
3.88677
3.25339
4.01842
3.86919
3.75071
3.13603
3.95099
3.78029
1.91638
3.68870
3.32662
4.26141
4.00497
3.50450
4.21343
4.14909
3.42678
4.28396
2.65807
3.18676
4.00648
3.61302
4.08682
3.75857
2.62052
4.29021
4.16300
3.93569
3.00227
3.83460
4.00901
2.76730
2.76415
3.03955
3.47685
4.15852
4.25300
3.61504
4.16752
4.28574
3.78395
4.00919
4.35540
4.21227
3.94748
3.74684
3.37289
4.30003
3.68356
4.29353
3.30344
2.54859
4.26259
2.71796
4.13599
4.15501
3.99310
3.05789
1.83838
4.32300
4.11837
3.08485
1.85001
3.55763
2.58965
4.07371
4.07980
4.16349
3.90409
4.25244
4.04586
3.08310
3.87976
3.99635
3.14460
4.03783
4.22482
4.32550
4.38479
3.67600
3.81820
4.07582
3.83993
3.89126
4.15980
3.93796
3.78453
3.98416
3.21622
4.23573
4.09742
4.35593
4.26893
3.59818
4.01839
4.25823
4.25639
3.56415
3.88558
3.40414
4.30715
3.90488
4.00987
4.22796
3.62222
4.22474
4.17805
4.15822
4.35267
3.54334
3.70289
4.25542
3.96000
4.13486
4.32848
4.22653
3.95715
3.72241
3.83215
4.10863
4.06961
3.69715
4.27826
3.79386
3.72909
3.52531
4.16441
3.95279
4.10956
3.78975
4.26214
4.30332
3.31778
4.22703
4.17348
4.10734
4.23843
4.21739
4.09503
4.23241
3.58276
4.33506
4.11967
4.07190
2.66348
4.33622
4.06229
4.16736
3.54489
3.86727
4.21651
3.46056
3.67006
3.85374
4.05625
4.08131
3.77069
4.14482
3.90770
4.26872
4.29341
4.02601
4.17356
4.08810
4.10138
2.12428
4.04542
4.02583
4.19002
3.97746
2.00859
4.06414
4.21667
4.25126
4.20836
4.20740
4.17519
4.26861
4.01651
3.86299
3.40941
3.54005
3.50684
2.54225
3.14114
3.84484
4.29766
4.20882
2.53061
4.10542
4.29509
3.80528
4.16608
4.16231
2.86554
4.00843
4.28538
3.34740
4.15327
3.57234
4.32278
4.16191
4.03075
3.84100
3.72871
4.23849
3.76043
4.11111
4.31942
4.32040
3.89500
4.28602
4.23882
3.52382
2.66088
4.23818
3.66679
2.96342
4.34556
4.27127
1.78851
3.83585
4.25886
3.92272
4.15072
3.48899
3.79717
3.65298
4.16201
4.05165
4.20717
2.70691
3.59401
3.92138
4.04174
4.07649
3.56975
2.98510
4.36693
4.23357
4.10638
4.13262
4.00535
4.06427
4.22988
4.27155
3.08535
4.04272
3.31251
2.33123
4.08509
4.19285
4.28437
3.90545
3.61691
2.49392
4.17856
4.16751
4.01431
3.80095
3.32649
3.94362
3.04732
2.24677
3.46482
3.24158
3.79686
4.09037
2.85045
4.12830
4.15204
4.38128
4.08604
3.61063
2.99993
4.12654
3.12657
3.89511
3.90043
3.18213
3.47536
4.03514
3.99141
3.62864
3.86666
3.48646
4.31915
3.34886
3.72071
3.93978
2.46884
3.89993
3.82808
4.25929
4.13170
4.31153
4.34072
3.74398
2.47442
3.77011
4.00917
3.94921
2.83167
4.09219
4.17010
4.27488
3.61344
4.33608
4.08555
4.21239
3.76582
4.26592
3.49763
4.20743
3.84462
4.25968
4.02833
4.40750
4.21041
3.90400
4.26352
3.99157
3.99598
3.77939
4.30907
4.18917
4.18231
4.32274
4.20576
4.01843
2.67778
4.28161
3.72923
2.97852
3.59259
3.88333
4.19654
4.37828
4.01406
4.25772
4.11555
4.09332
3.93918
4.12940
3.39832
3.87026
4.03306
3.91341
4.27827
3.95951
4.12447
3.60292
2.87779
3.60927
4.04728
4.24362
3.78945
3.54973
4.29261
3.88563
3.08723
4.30968
4.00061
3.93966
1.74320
4.18047
3.38550
3.53073
4.02938
3.01237
3.93865
3.93638
3.79025
1.76539
4.07081
4.36765
3.62470
4.05059
4.25002
3.96074
4.34048
3.20466
4.25604
3.94515
3.97351
3.16857
4.21480
3.92719
4.13089
3.99256
3.92486
3.36955
3.99344
4.16432
4.15690
3.77323
3.45661
4.26008
4.34121
3.93400
2.39147
4.09303
4.26193
1.55660
4.25567
3.06244
3.79722
2.62571
3.41544
4.05761
4.20277
4.22390
3.29038
4.13973
4.08125
4.00441
3.88144
3.06096
3.63977
2.64788
4.11343
4.29850
3.90490
3.97937
4.22333
4.04869
3.79373
4.24588
3.37974
2.62492
3.34641
3.53972
4.34361
4.14937
3.99985
4.32712
3.61802
4.25032
4.10896
3.37619
3.84221
4.12331
4.15013
3.76268
3.98039
4.02448
4.12034
4.18308
4.24946
4.27946
3.73203
4.34009
4.24323
3.44719
4.23988
4.03455
4.24610
4.03715
3.99140
3.99558
4.06597
3.90741
4.22817
3.99581
4.10454
4.09305
3.30115
3.89161
4.13368
2.88248
3.12303
4.04940
3.44314
4.27049
4.15341
4.17910
2.64808
4.05417
2.72783
4.02745
3.97698
3.40500
3.71222
4.01171
3.87513
4.17730
2.95276
2.52764
4.05161
4.27526
4.01416
3.57015
4.11825
3.40830
3.62498
4.03312
3.88428
3.68373
4.12174
4.22641
4.21513
4.33338
4.17114
3.02076
2.34734
3.87981
3.65478
4.13519
4.22357
4.15501
3.89492
4.05920
3.97196
3.32304
4.20387
3.88216
3.49617
4.00185
4.36870
3.98007
2.90015
4.08438
3.44692
4.26425
3.85636
3.26299
4.17750
3.56896
4.13551
4.12390
3.87888
2.78261
3.96544
3.83540
4.21981
3.88172
3.97185
4.30092
4.06166
4.25121
3.63099
4.11126
4.16179
4.26999
4.08827
3.91896
4.24646
3.98171
4.01509
4.22478
3.89350
4.03166
4.36430
4.20261
4.01326
4.17033
4.14793
3.78747
4.04994
4.07888
4.09869
4.29192
3.66768
3.68462
4.13032
3.53927
2.53996
4.05274
4.22659
3.40147
4.14448
4.12144
3.07111
4.03702
3.54260
4.23424
4.08817
3.26731
2.92441
3.84559
4.05053
2.98537
4.20656
3.92688
4.23556
3.31087
3.55151
3.97674
4.30023
4.16798
4.35027
4.38471
4.24944
3.62633
4.23609
4.03804
4.14181
4.17696
4.36632
4.09254
3.82805
4.19997
3.64824
3.79372
2.54503
4.14960
3.67155
3.79462
4.03162
3.32792
3.96703
3.81677
3.96009
2.81803
4.17065
4.16154
2.86213
3.47242
4.40639
4.09768
4.19079
4.35331
3.98947
4.28931
4.22918
4.24302
4.17652
3.04460
3.52714
3.74388
3.38182
4.04338
4.17846
4.07090
3.73597
3.79143
3.16368
4.31328
4.05912
4.23962
2.87617
4.18115
3.63734
4.01555
4.24686
4.12803
4.20940
4.12772
3.45723
3.65728
1.84681
3.72595
3.39514
3.26491
4.18613
4.04895
3.16090
4.23568
4.16183
4.30347
3.71225
4.29169
3.60384
4.12320
4.05929
2.81748
4.20137
4.25795
4.25239
3.96364
4.07092
3.73982
4.13556
4.35967
4.04236
2.20750
3.58945
3.45066
2.88893
3.61641
4.27958
4.01668
3.94063
4.03284
3.79434
2.77791
3.67399
4.14534
4.13643
3.50987
4.24146
3.64816
3.61817
4.29778
4.12296
3.78876
3.89943
4.07451
4.12481
3.12585
4.02570
4.20019
2.02819
4.30053
3.88124
4.10291
4.38835
3.67513
4.22528
3.97907
3.93639
4.10926
3.80610
4.36609
4.34950
3.95965
4.10143
4.15223
4.20369
4.17733
4.00840
4.22129
3.72644
4.19674
4.23392
4.25616
3.87307
3.29782
4.22393
4.33780
4.31900
4.37113
2.33230
4.33704
4.28570
4.21765
4.22178
3.86478
4.29009
4.26285
4.25832
4.08702
2.09886
4.10311
4.01417
3.44588
3.27434
4.04138
3.92494
4.19138
4.33006
4.10729
3.50747
3.89936
3.42357
4.03846
3.57619
4.06896
4.21928
4.26110
3.20088
4.28848
3.74607
3.45326
3.92241
3.38656
3.97036
3.87912
4.24554
2.31358
1.94679
3.13840
4.03753
4.22558
3.13015
4.12954
4.19885
4.23843
4.10631
4.25927
4.09169
4.11406
4.12388
3.12399
3.29076
4.11425
4.22833
4.32852
4.34811
4.27838
3.91131
4.20307
3.50892
4.37122
4.21519
4.19578
3.07727
3.77375
3.31716
3.72414
4.13195
3.69392
3.91491
3.88141
4.16155
4.29320
3.76252
3.93997
4.25976
4.28090
4.05333
4.05242
3.53781
3.68419
4.31012
3.72625
3.59381
4.07905
4.15589
4.18777
4.12308
3.03618
4.20078
4.08297
3.12815
4.04599
4.15010
3.44742
4.37508
3.90545
4.17446
4.19869
4.26820
4.20072
4.02979
3.80305
3.11602
4.19558
3.64566
4.29614
3.58654
3.36345
2.83381
4.01316
3.89547
4.33745
3.97354
4.31693
1.94775
4.33169
4.29462
3.88695
4.02677
3.68182
2.57644
3.59668
4.26394
4.32165
4.07758
3.93780
4.04620
3.79921
2.81883
4.29635
4.04630
2.04825
4.13379
4.12156
4.28968
4.25247
4.08218
4.17108
3.43475
3.96609
3.80668
3.75365
4.18189
4.06612
3.93499
3.45222
4.15742
4.33803
3.15840
3.71812
3.91062
3.55943
4.25347
4.00292
3.92622
4.28738
3.68459
3.66773
3.72998
4.34964
4.27251
4.10554
4.34548
4.06893
3.84654
3.90938
3.86541
3.20410
3.56607
4.29308
4.10001
3.87937
4.22567
4.24725
4.23504
3.89246
4.16059
3.99042
4.10406
3.98553
3.49819
3.76346
3.84170
3.93805
4.32050
3.19282
3.88775
4.29774
3.54972
3.20273
3.71373
2.08226
4.21967
4.30426
4.29292
4.27991
4.08738
3.37393
4.16163
4.19715
4.15766
3.70695
4.31180
3.67696
4.16915
3.87556
3.46035
4.03012
4.29768
2.63489
3.71361
4.05309
2.07120
4.01627
3.41245
4.15808
4.18852
2.45206
4.34930
4.06592
1.88470
4.33573
3.41247
3.84791
3.28878
2.38770
3.44774
4.26454
4.10454
4.24170
4.00664
4.02824
4.25546
2.57896
1.69005
4.19548
4.37862
3.51244
2.30741
4.09042
3.68363
3.06367
3.91584
3.68284
2.90129
4.28292
4.17002
2.92725
4.19098
4.24504
3.60544
4.17744
3.96521
4.21124
3.84884
3.90164
2.48329
4.25175
3.96428
4.15695
4.13416
4.29041
4.14105
4.16251
2.80524
4.28737
4.28837
3.85707
4.05016
4.00556
4.14465
3.91481
3.99128
4.31156
3.23147
4.33360
4.24053
4.06520
3.96367
4.17504
3.82373
4.31984
4.00291
3.99893
4.02414
3.85636
4.34198
4.37440
1.81537
4.04641
3.47799
4.21773
4.39578
3.73187
4.28943
4.32023
4.24105
4.16519
3.02189
4.05616
3.40604
3.79228
4.19944
4.29851
4.37452
4.24669
3.72458
3.99690
4.33093
4.35656
3.76452
4.09777
2.80754
4.22997
3.78852
4.28867
2.14933
4.17416
4.38969
3.61554
2.54476
3.35508
1.31157
2.26783
4.32305
4.23088
4.25504
4.17472
4.31897
2.62211
3.71283
3.56107
3.97366
4.05876
3.61005
4.03937
4.03761
3.85736
4.35237
4.36208
4.29712
3.84392
3.85147
4.18062
3.76679
4.32784
4.04651
3.31176
4.29713
4.28313
3.85483
4.33413
3.99056
3.75648
4.02522
3.27286
3.63588
4.25149
3.82867
3.86507
4.04426
3.82694
3.37687
3.83733
4.04291
4.39154
4.25707
4.30327
3.84267
4.31728
4.13404
3.79478
4.21691
4.30011
4.24980
4.38674
3.99683
3.89486
3.15376
3.95106
4.02664
3.03085
3.80655
4.30733
2.17923
4.42423
3.65302
4.33242
4.13401
4.17090
3.53024
4.27101
4.13191
3.96161
4.23403
4.29021
4.00954
3.52410
3.85750
3.49674
4.22895
3.27138
4.24146
3.77712
2.51485
4.36160
4.09179
3.88307
3.92945
4.27127
3.29106
3.89555
4.04305
4.16579
3.88939
3.91540
4.25170
3.62416
4.22519
4.20648
2.37880
3.67245
4.24133
4.28647
3.68965
3.91997
4.14974
4.26114
4.05925
2.72121
4.16503
4.32838
3.55932
4.26663
4.04296
2.90410
4.32274
4.39927
4.27706
2.95923
4.19335
4.28150
4.16579
3.97933
3.99402
4.22686
3.69769
3.93281
3.95371
3.98821
4.14069
4.21059
4.03738
3.71096
4.31007
4.06472
4.06705
4.32065
4.04213
3.96302
4.18534
2.67300
3.89426
4.34876
4.11365
3.97015
4.28856
3.06706
3.72797
4.20445
3.90403
3.04766
3.90965
4.12756
4.06606
4.18164
4.09009
4.08776
3.35327
4.13699
3.25851
4.19994
3.43778
4.14806
2.14446
3.61901
4.25437
4.26229
4.03781
3.91918
3.44827
4.08344
4.11820
1.46915
3.60776
4.07198
3.53400
4.00616
3.54974
3.21458
3.87093
4.06972
3.73443
4.20700
4.11835
4.23627
4.13345
3.87596
4.26292
4.31428
3.97725
4.22042
4.03267
4.05189
4.07321
4.20829
3.95451
3.63116
4.01903
3.53273
4.28831
4.13737
3.96248
3.87993
4.06348
3.69736
3.85687
4.08652
4.31133
4.21482
4.05361
3.44885
3.96624
1.92594
3.55544
2.11300
4.24844
4.23906
4.24409
2.99441
3.95223
3.94096
1.85578
4.10630
4.12675
3.77795
4.07749
4.18546
4.14047
2.94922
4.21848
4.16972
4.19407
3.56556
3.82957
4.00474
4.09315
4.31762
3.58322
4.11747
4.03340
3.97359
4.20857
4.12236
3.79268
4.14118
4.26560
4.29065
3.22407
3.76828
4.28521
4.12509
4.04206
4.30021
4.07681
4.37063
3.64250
4.29854
4.13843
4.17753
3.96050
3.72096
4.27160
4.40842
3.92645
3.96839
4.14660
3.84688
4.10363
4.15785
3.48610
4.16193
4.37278
4.07352
3.53594
4.31154
3.94276
3.76556
3.79365
1.70061
4.10714
4.19027
3.97206
1.97987
2.90890
4.13076
4.33309
4.01012
4.19937
3.25322
1.58405
3.27222
4.20029
2.47139
3.94242
4.23053
3.77072
4.08310
3.89389
4.16552
3.39120
3.24690
3.97281
4.25971
4.01894
3.54826
3.93651
4.22383
4.31949
2.82315
3.93827
3.33321
4.34782
4.15035
4.25164
3.97564
4.31354
4.03457
4.07157
4.16172
4.19837
3.95506
3.85616
3.96024
4.00385
4.19591
2.89476
4.23040
3.85782
4.25785
3.45341
3.92447
3.17677
4.28724
4.27650
4.24336
4.12626
4.19637
3.70814
4.03444
3.97574
3.87233
3.87707
4.07114
4.12283
3.38268
3.79539
4.25200
4.25648
4.19549
4.26422
4.16058
4.39915
4.17631
3.68885
4.17730
4.19191
4.23446
4.29002
4.27416
4.20479
3.93711
3.88516
2.15025
4.35346
3.98173
3.75975
2.92069
3.61802
3.89029
3.52030
3.22381
4.09649
4.15231
3.53525
3.94275
3.68017
4.31083
3.50003
4.14174
3.83508
3.61411
3.32135
4.02870
3.05175
3.97561
3.94891
3.95632
3.87178
4.31696
4.43718
4.39304
3.64164
4.24575
3.75755
4.31906
3.56943
4.05902
2.30721
3.99475
4.10172
4.15145
3.90986
2.47875
4.00939
4.03308
4.11514
3.24993
4.17292
4.04984
4.32976
4.06644
3.99843
3.32644
4.09284
4.19047
4.30920
3.55236
2.60201
2.99793
3.80942
3.86818
3.81260
4.19567
4.19127
3.99297
4.27495
2.04781
4.26981
3.76472
3.53320
4.12725
4.20546
4.24078
3.79522
4.11299
4.11888
4.05068
4.18437
3.42957
2.32111
3.31440
3.85757
4.36543
4.14609
4.21479
4.09724
4.22356
4.28193
2.78717
3.97089
4.30258
4.01723
3.13115
3.46730
4.19210
3.84225
3.25391
2.73170
4.35493
4.26696
3.85313
3.68683
4.38201
3.87944
4.10433
3.26464
4.14824
4.22725
3.25326
4.19564
3.64138
4.27783
4.21612
4.22960
3.71569
4.07663
4.31721
4.26174
3.08080
4.19594
4.07287
4.37816
4.11856
3.67085
4.20713
4.01917
3.83698
3.94890
4.06562
4.38885
4.28478
3.89511
1.75158
3.98962
4.10364
2.84920
4.18918
4.09734
2.47919
3.95684
1.51120
4.01342
3.15455
4.16064
3.80163
4.14665
4.27280
3.30422
3.80880
3.86547
4.33905
3.67196
2.71920
3.86082
3.69797
4.34191
2.83013
3.94189
3.99265
4.28869
4.08337
4.21124
4.18042
4.19779
4.00033
2.07506
3.36195
3.87796
3.93198
3.77298
4.30131
4.07240
3.96378
4.01418
1.98780
4.33913
4.31379
4.25548
4.25543
4.38244
3.89176
3.88662
4.04634
4.15788
4.21179
3.79969
3.15030
4.30713
2.38445
4.31586
4.34377
2.36874
4.05213
3.17531
4.03056
4.19712
3.14025
3.84595
3.23654
3.88303
3.18613
4.02108
3.37308
3.59689
3.68939
3.66593
3.09269
3.66506
3.87364
4.37659
3.64558
4.28694
4.12058
4.10350
4.12334
4.20333
2.75360
4.20319
4.06494
4.06284
4.21972
4.09495
4.30953
4.22750
2.20902
3.57882
3.53019
3.77489
4.19279
3.20601
4.04450
3.74670
3.55446
3.65656
3.02653
3.89230
3.89540
4.14447
3.34169
4.00587
4.15420
3.78672
1.93994
4.28475
4.02332
3.41550
4.24438
4.01514
4.27196
4.26105
3.85166
4.30583
3.40314
4.04283
3.34558
2.61938
3.64829
4.09123
2.52295
4.19596
4.22024
3.85764
4.23254
4.14301
3.79467
4.05066
3.67983
4.18825
4.07356
4.22943
4.27989
4.14451
4.28887
4.11418
4.03498
4.00453
3.75552
4.30019
4.27505
1.34196
4.32102
4.26457
4.03182
4.13416
4.10025
4.20356
3.89566
4.02240
3.95993
4.18698
4.06415
4.11778
4.06306
3.78517
3.28810
3.69514
3.80854
3.37658
3.52894
2.34906
3.99323
4.12901
4.10646
3.21751
4.06324
4.36738
4.28956
4.30129
3.86123
3.65758
4.28163
4.04553
3.72349
4.16180
4.25929
4.05796
3.73750
3.59012
3.55312
4.04920
2.02618
4.00474
4.01054
4.14345
4.32198
3.83050
3.69840
4.00410
4.23148
4.10135
3.28350
3.35019
4.10207
4.16927
4.19972
3.86811
4.12378
3.98547
4.05800
4.17825
2.70693
4.26073
3.64692
3.80277
3.31312
2.87514
2.94205
1.74829
4.03421
4.21280
4.17754
3.82037
4.05937
4.23697
2.80540
2.54602
3.99566
4.28015
4.01246
3.96836
4.18185
4.21900
3.00757
4.00513
4.25769
4.21120
4.28816
4.25114
3.89801
1.77762
3.62878
2.46323
4.12637
3.59664
4.31252
3.95804
3.37455
3.19725
4.29585
4.13585
4.33274
4.03576
4.11970
4.16377
3.35092
4.29111
3.85429
4.22206
3.93543
4.20888
1.98197
2.47428
4.16552
3.36353
4.07099
4.23004
3.41250
4.30176
4.10855
4.22330
4.37232
4.19885
4.14494
4.18741
3.86991
3.88730
3.69586
2.57653
4.25402
4.27724
4.16299
4.28625
4.05500
2.46816
2.95618
3.92769
3.84703
4.24641
3.79744
4.36087
3.33067
3.62826
3.69688
3.71173
2.00774
3.19113
4.31164
3.55643
3.26037
3.99141
4.01024
4.12235
4.12876
4.18288
3.67873
4.26876
2.23906
4.28547
4.06189
4.21422
3.84993
3.86142
4.31574
3.25460
2.94865
4.13555
4.32567
4.02113
4.31688
4.05096
3.25963
4.29428
4.32887
4.30779
4.09599
3.18623
4.01178
4.21181
4.13918
4.30115
2.28314
2.89582
4.25112
4.13242
3.64547
4.15373
4.16545
4.25723
3.20926
1.60346
4.25161
4.17886
4.01885
4.23456
4.16707
4.05730
4.39928
4.16824
4.18795
4.28617
4.14237
3.82794
4.13691
3.92439
4.15493
4.23490
3.53405
3.94489
3.75216
4.01687
3.28680
4.24487
4.26323
3.65820
4.15825
4.01651
3.42769
4.40469
4.22132
3.34292
3.88844
2.84670
4.15418
4.23349
4.22245
4.27822
3.93265
3.90771
3.29914
2.38809
4.14012
4.16070
4.32809
3.84276
4.22805
3.84821
4.42041
3.42111
3.50609
2.82489
4.34505
4.37082
4.01870
2.91581
4.05948
4.01723
4.32689
4.11602
2.13687
3.88057
3.83098
2.72995
4.31562
3.78069
4.34984
4.10187
4.36911
4.12705
3.78282
3.16271
2.71223
3.49280
4.09659
4.21645
3.63640
3.70603
3.92073
4.31356
4.32237
4.34147
3.98670
2.46829
3.76062
2.99564
1.86116
4.24428
3.23196
4.17491
4.10803
4.23359
4.03824
3.70847
3.36330
2.42836
3.85179
3.36288
4.19184
3.50744
3.97171
3.63211
2.74268
3.39691
4.23061
4.16429
4.01547
3.75937
3.74644
3.88264
3.34047
3.93331
4.15109
4.33034
4.14642
3.97607
4.34188
3.41886
2.26045
4.26493
4.18470
1.87368
4.18881
2.84933
4.09147
4.11659
3.31299
3.70590
4.09929
3.97933
4.24346
4.19666
3.97237
4.11798
3.85988
3.99507
2.99211
4.41942
4.28089
4.02474
3.92628
4.35086
4.19897
3.99802
4.32962
3.47344
4.33775
4.18656
4.16622
4.20042
4.08153
4.10309
4.01816
4.10654
3.68955
4.11751
4.11386
2.04904
4.08937
3.49242
4.07511
2.94698
3.44012
4.17439
3.97803
4.21770
4.13794
3.28471
3.98408
4.22474
4.26178
4.23155
4.01659
4.07253
3.43404
4.07029
3.75943
2.40722
3.78655
4.26207
2.49562
3.94759
4.26167
3.98997
3.03862
3.51795
4.13856
3.97443
3.66363
4.00355
3.58874
4.18078
3.79782
2.39713
4.29084
4.31138
4.16846
4.36533
4.27873
3.88765
4.12279
4.25382
4.24157
3.76119
3.97735
4.31704
3.73075
3.80791
4.08542
3.69331
3.82945
4.15246
4.35231
4.36049
4.01312
4.05154
4.26436
3.51300
4.39226
4.09725
3.64589
4.15047
3.90950
4.26437
4.10484
4.00158
3.78917
4.34921
3.80405
3.97206
2.35670
1.87710
4.10663
3.86911
4.22635
3.88687
4.08178
4.12324
3.95868
4.31214
4.08405
3.76242
4.01682
3.18896
4.22120
4.00850
3.30924
3.95163
4.04190
4.27327
3.89654
4.07056
4.34350
4.14302
4.04268
3.65715
4.20533
3.69835
4.04367
4.27229
4.11549
2.91365
4.33382
2.99843
4.03392
3.19653
4.03389
2.59687
3.13661
4.00016
4.12378
3.53645
3.53820
4.14271
4.05629
3.91706
3.72408
3.90025
4.33575
4.26478
4.21634
4.12221
3.95817
4.18163
4.24848
3.82341
3.99786
4.16949
4.25894
3.71977
3.74475
4.04589
2.53569
4.12814
4.17835
2.76592
4.18787
3.78735
1.92101
3.87216
3.04266
4.22130
3.63642
3.87716
3.31745
3.94815
3.17421
3.55288
3.82465
4.35879
4.09858
4.05694
2.40949
4.01978
4.09894
3.63618
4.08876
4.19081
3.82890
4.37332
3.82689
4.12528
4.03187
3.79340
3.81819
3.84365
4.25085
4.33435
3.26817
2.76898
4.25330
4.23157
4.30502
4.02535
3.61741
3.40056
2.04688
4.33070
3.35593
3.99200
3.95714
4.19661
4.22695
4.01472
4.14101
4.05206
3.66910
4.03591
3.79166
4.12318
4.13955
4.23344
1.90312
3.73810
4.17525
2.57569
4.37912
4.17479
4.19667
3.75505
4.12459
4.30573
4.25100
4.21155
4.04641
4.00269
4.06679
4.04078
4.12350
3.57993
4.22524
4.04008
3.74009
4.40679
4.33977
2.43549
4.01930
3.63503
4.35187
4.21397
3.73203
4.01412
3.94855
2.98164
4.40394
4.31532
3.85088
4.12560
3.90321
4.22493
4.24225
3.76745
4.31893
4.30467
3.87380
4.17724
3.25050
4.25738
2.79076
4.24601
4.07158
4.23535
3.60938
4.17335
3.82760
4.09604
4.31740
3.86081
4.24524
3.90191
3.76861
3.37281
3.89313
4.27617
4.20813
3.78419
4.02239
3.83707
3.65512
3.95148
2.83666
4.09762
4.13796
2.87430
4.16097
4.12978
3.82607
4.12329
3.71677
2.21631
4.40288
4.27782
3.60612
3.41676
3.20936
4.36253
4.18518
3.97794
4.04868
3.95374
4.20483
3.58215
4.04985
3.67926
3.79212
4.10098
2.82139
4.14583
4.29020
3.93044
4.15421
3.04966
3.98076
4.21813
3.81279
3.78889
3.95570
3.96589
4.27096
3.44123
4.07442
3.93773
3.73681
3.74986
2.65408
4.23409
3.11224
4.28567
2.63040
4.30734
3.96905
3.71923
3.80879
3.65064
3.99908
4.28986
4.29318
4.22454
4.04180
4.08150
2.55475
4.30730
3.21233
4.34949
4.21406
3.40064
4.27459
4.27951
4.00840
3.61995
4.17085
4.19856
4.04323
4.08716
4.12521
3.95884
4.24137
3.56507
4.11948
2.25208
4.09038
3.89515
3.43425
3.89531
3.79914
3.23539
3.77872
4.11328
4.09172
4.21630
2.73929
4.19414
4.16803
4.08481
4.19989
3.55796
4.31163
4.26775
3.63735
4.28657
3.22095
4.10802
4.13438
4.20738
2.21922
4.35287
3.84424
3.18827
4.02930
3.44581
3.90340
1.11102
2.97092
3.88507
4.13695
4.01247
4.32923
4.01954
3.66410
3.98653
4.25879
3.98590
3.96774
3.91056
3.62701
3.97986
3.82352
1.38955
3.79820
3.59528
4.23366
4.11725
3.82546
4.11701
3.58740
2.65824
4.15566
3.94506
3.53556
2.68603
1.97987
4.24606
4.21824
3.39606
4.22116
2.73287
3.64395
3.57608
4.33614
4.03338
3.96988
3.97660
2.52150
3.88160
3.95257
3.17163
3.51174
4.14280
3.64262
4.15625
3.83812
3.89252
4.26580
3.58741
2.76128
3.61559
3.64280
4.07590
4.10439
3.81009
3.87938
2.42035
3.91962
3.79983
3.56613
4.11023
4.21103
4.29031
3.14881
4.17728
4.13186
3.90836
3.15897
4.23323
2.65156
4.18494
2.82202
4.18982
3.15866
4.09338
3.84444
3.80553
2.33684
3.74850
4.31427
3.54623
3.25050
3.97765
3.50646
1.99143
4.33880
3.96573
3.10766
3.95149
3.58248
4.34329
4.07657
3.91905
3.63069
4.25552
4.24523
4.19189
3.96829
4.13030
2.13607
4.07868
3.87188
4.17193
4.18485
4.23735
3.44508
4.22034
3.62397
4.25933
3.50009
4.04656
4.30075
4.11442
3.07822
2.68614
3.66659
4.26666
4.02454
3.10858
3.00031
4.00098
3.87555
3.63413
4.35743
3.91748
4.23169
4.21258
4.06797
3.01468
3.95981
3.61741
3.70092
4.15701
4.28615
2.40552
4.04135
4.02590
4.11737
3.74372
4.01740
3.79416
4.02170
3.82132
4.21405
4.18495
3.34969
4.01177
3.96316
4.14278
1.40376
3.99884
4.22992
3.95082
3.45022
4.02099
4.15051
3.57706
3.68762
3.99781
3.46041
4.26270
3.82029
3.85064
4.14332
3.21445
3.74280
4.17744
3.94917
3.69073
3.61381
3.94227
4.32227
3.46532
3.31927
4.04480
3.21687
3.61855
3.80086
3.39068
3.65952
4.07517
4.01845
4.10956
4.31274
2.34073
4.31456
3.98491
4.17030
3.71583
3.83690
4.14799
4.12451
3.52462
4.02878
3.34008
4.25353
4.20024
2.96834
4.15302
4.35401
4.13648
4.12348
2.98326
4.02393
4.28768
3.16674
3.96311
4.02947
3.87324
1.96714
2.95720
1.95263
4.22667
3.00243
4.15271
4.09788
3.76347
4.26615
2.96348
4.03449
4.15280
3.95539
4.07537
4.20358
4.24511
3.65193
4.05350
3.98340
3.96731
4.27914
4.04559
3.97537
4.09658
3.79439
4.16374
3.80205
3.90768
3.94070
3.96104
4.28262
3.90481
4.19486
4.08678
4.02796
3.83106
4.17612
3.50368
3.85568
3.91616
3.82144
4.35578
3.93620
4.14486
3.51608
3.70622
4.09401
4.20985
1.78951
3.98091
4.09664
4.30078
3.75693
4.08334
4.10048
4.17174
3.88986
4.17457
4.26120
2.21034
3.89958
3.50684
2.21166
3.80024
4.35904
2.84627
4.29052
4.23524
4.10667
4.27542
3.75905
3.77856
3.90395
3.07943
4.27720
3.94482
4.05200
4.12530
4.40102
4.18074
4.22882
3.81317
4.24910
3.90758
3.71887
4.15767
3.83299
1.05533
4.28639
3.97875
3.97155
2.50962
4.22135
3.66949
3.96124
4.12420
3.31090
3.67681
4.03095
4.26365
4.24342
3.95047
4.05925
4.31708
3.68520
4.28849
3.57998
4.23458
3.95416
3.89909
3.32283
2.81891
3.43641
2.40111
3.23302
1.97285
4.03770
4.03982
2.40732
3.98682
4.21333
4.27737
4.10327
4.15111
4.26367
4.18988
4.27213
3.95795
3.88958
3.79673
4.08806
4.23799
3.79996
3.64424
3.70193
4.27448
4.16771
4.27894
4.15742
4.08882
3.66891
3.23254
3.66436
4.19516
3.81806
4.10094
3.83849
3.92324
3.01714
3.94242
3.86783
4.10945
1.47747
3.63039
3.48904
3.74190
3.83386
4.20905
2.96685
3.17198
4.09286
3.45997
3.91559
4.11670
3.85112
3.14962
4.18781
3.75414
4.30103
3.54810
4.16047
4.19882
3.64690
3.37246
3.99136
4.18332
4.37837
3.89306
4.24743
1.91360
4.24516
4.11833
3.69419
3.80558
4.16628
2.80462
2.59219
4.04288
4.14000
2.67855
3.65193
3.93784
4.02122
4.19112
4.02423
1.87368
3.26228
4.34999
3.91047
1.76659
4.25447
3.61335
4.22668
4.25835
4.18998
3.75390
4.22982
3.87654
4.04773
4.29323
4.22418
3.82933
4.23870
4.29980
4.30656
3.14508
3.86617
4.22860
4.17820
4.23810
3.51681
3.84779
4.08376
3.80482
4.21565
4.00399
3.62417
4.30941
3.64402
3.38883
3.93344
4.30718
4.34691
3.93149
3.22958
4.30430
4.16399
2.64085
3.94977
4.32169
4.18367
4.03501
4.31803
3.23792
3.42099
4.14472
3.70189
4.32563
4.35205
3.56786
3.71198
4.39872
4.28917
3.81170
3.09521
4.01608
3.68320
3.01361
4.23362
3.96281
4.20059
3.84504
3.66508
4.29740
3.28844
4.05467
4.11350
4.14630
1.75038
3.87569
4.30319
3.64196
4.26310
3.07087
3.99443
4.19710
3.66766
0.93537
3.89276
4.26706
3.57970
4.10809
4.00039
3.97682
4.00736
3.98976
4.22660
4.25299
2.02823
3.94708
3.07459
2.96806
4.06097
4.10329
4.24346
3.43514
3.69170
4.20912
3.06362
1.80424
4.32005
3.97763
2.59885
4.19080
4.08888
3.73254
4.19306
2.93412
4.31119
3.74913
4.15568
4.09178
2.16659
1.86163
4.34235
4.11823
3.43326
3.64359
3.42200
3.83977
3.36496
3.08605
4.27327
4.22883
4.28006
3.23028
3.26905
3.72297
4.37886
3.81980
4.33494
2.15490
3.53977
4.20877
3.98374
3.55753
4.16854
4.22510
3.52440
3.81552
4.14614
3.94413
3.84250
3.37857
3.82072
3.48545
4.24794
3.70166
4.07639
4.09026
4.27843
3.78546
3.70002
3.85228
4.14743
4.16258
4.32872
3.86627
3.91326
2.64064
4.25721
4.07569
3.58549
4.11242
3.45371
3.77463
2.27762
3.85071
3.89393
3.63729
3.90453
4.33175
4.01654
3.12855
4.10931
3.67332
4.19708
4.22581
4.09501
2.25392
4.17101
4.29966
3.73825
3.60905
3.81990
4.31998
3.12612
3.49389
4.19958
3.67209
3.99093
3.52238
4.12311
3.91568
2.40973
3.93401
3.97525
3.98437
4.26711
4.05670
3.99637
4.35345
4.21423
4.17523
3.95879
3.70004
4.15630
4.26400
1.43329
4.19649
4.13560
4.16269
4.08814
4.15333
3.77020
3.97163
4.03108
1.98165
4.29110
3.17723
3.19780
4.29021
3.59013
4.15226
4.09888
3.96596
3.99028
4.18274
4.14886
4.01854
3.99403
4.07354
3.51702
4.04316
2.29451
3.22817
4.28854
1.69016
3.57507
4.10893
3.65207
2.12574
3.80090
2.81652
4.19037
2.83985
4.13278
2.57031
4.31748
4.23331
3.91213
3.93031
3.54880
4.09196
3.95734
4.29630
4.19199
3.09234
3.92513
2.36345
4.17985
3.80897
4.10293
3.85453
4.25411
3.23565
4.00443
4.30449
4.14231
4.19407
4.21501
3.78192
3.38315
3.96234
3.47229
3.52484
3.31272
3.74917
2.76029
3.50706
4.15967
3.84650
3.31046
4.21470
3.90822
2.52194
3.81514
4.22434
3.74238
3.62446
3.94096
4.25870
4.36682
4.14302
3.84481
3.76182
3.91319
3.95398
4.09749
4.36921
4.01660
3.96074
3.12353
3.83027
3.89949
4.17071
4.32076
4.25132
3.55229
2.90668
3.48060
3.75813
4.15467
4.02976
4.05377
4.08018
4.17918
4.04880
4.24499
4.23309
4.22772
4.16617
4.03999
2.87154
3.67132
4.36311
4.21424
4.01116
4.06724
4.00484
4.10222
3.96170
4.28273
4.15762
3.04379
1.43920
4.34321
3.85988
3.04453
3.12815
4.15258
3.97124
2.95731
4.35097
3.66968
4.18313
4.12841
3.96850
1.63224
4.22800
4.05405
3.73503
3.76637
4.26973
4.07580
4.28601
3.23736
4.33149
4.06164
3.73871
4.21564
3.77691
2.35137
4.00650
4.20755
4.15578
3.65220
4.26732
4.16983
3.59341
3.93170
3.99989
4.37146
3.46296
2.37234
4.24027
3.74342
4.36423
4.25101
3.89609
3.39348
4.24797
4.24654
4.26394
4.17599
4.25662
3.72771
3.55713
3.06789
4.22447
4.32446
3.92201
4.24239
4.16975
3.73889
3.07794
3.17502
4.12425
4.23452
3.66454
4.10007
4.30028
3.92401
2.17872
3.53406
3.08328
4.18199
2.03849
3.69194
3.23661
4.33903
4.16576
3.96560
4.16022
4.03279
4.29152
3.12593
4.34717
3.95242
4.12925
4.27141
4.09865
4.00920
4.22763
4.33043
4.28054
3.41691
3.87555
4.28446
4.15087
3.06932
3.76010
4.08636
4.25336
4.14744
4.25493
3.96050
3.42266
4.18051
2.72250
3.98654
3.89903
3.72427
4.18937
3.72667
4.10945
3.55752
4.30802
4.33270
3.56021
2.61574
3.75694
4.26560
4.21979
4.15019
3.36754
4.37162
4.11953
4.12841
3.52645
4.15991
4.08263
1.87589
4.10573
3.76476
4.25880
4.19572
3.85441
3.81033
3.83750
4.33578
3.97318
4.23234
4.02732
4.17362
3.99935
4.29291
3.74669
4.08672
4.31090
4.21688
3.66415
1.93406
3.90800
4.34856
3.43581
4.24669
3.72932
2.67220
4.16019
3.55147
4.02164
4.36495
3.46855
2.64577
2.12813
3.61575
4.12367
3.50060
4.04683
4.35646
4.21236
4.07910
2.43665
2.95897
3.05851
4.02587
3.92250
3.28753
3.91023
3.03974
4.05211
4.16568
4.02629
3.92264
4.28229
4.08544
4.11527
4.36789
4.23031
3.93079
4.13544
3.60889
4.18152
3.70077
3.80416
3.56061
4.34147
3.10353
4.18736
3.55939
3.63790
3.92867
3.95229
4.04182
3.80637
4.13243
4.08559
4.26475
4.09779
3.97487
4.10584
4.24990
3.52985
2.05406
3.36427
4.07864
3.90379
3.19283
4.01056
4.25970
3.65587
4.16640
3.14684
2.79978
4.20424
4.24258
4.10255
4.21415
3.00586
4.18927
3.90786
4.34716
4.11406
3.94876
3.99991
3.53787
4.21901
4.25853
4.14170
3.96624
3.71352
4.33469
2.90164
4.06201
4.05907
4.34332
4.08221
4.21248
2.25946
3.06094
4.34376
3.52809
4.19212
2.04982
4.04158
4.15758
3.74711
4.29537
4.35379
4.16485
3.57403
2.38692
4.29350
3.39279
4.00583
4.32207
3.76670
4.16033
4.06837
4.16034
3.83611
4.23509
3.88156
3.93994
4.01997
3.95147
4.05791
4.16124
2.54804
3.39799
2.96214
4.08038
4.15365
4.34132
3.87123
3.23449
3.75002
4.32128
2.46119
4.09925
3.75592
3.70347
3.14499
4.08671
4.33785
4.24617
3.97049
4.17541
4.23215
4.23164
2.73821
3.91152
4.34454
3.95154
3.95188
4.37167
3.46994
3.57456
3.96898
3.73104
4.08955
4.23649
4.31215
4.23056
3.59677
4.24911
4.17089
4.11469
2.49613
4.23586
3.74203
4.16230
3.92241
4.05855
3.53206
3.97012
3.64793
3.83993
4.09008
4.26450
4.26753
4.12975
4.31792
4.35505
3.90053
4.04338
4.23333
3.83632
3.55791
3.18639
4.28538
3.93748
3.84524
4.36382
3.65224
4.26420
3.76731
3.98208
4.22520
3.97000
3.57798
4.29510
4.11678
4.43659
4.13715
4.04129
4.13167
4.17347
4.03399
4.05215
2.87821
4.13853
4.18841
3.95353
3.84216
4.29918
4.41467
3.74989
4.26467
4.28761
3.95603
4.06496
2.17210
4.06905
1.99636
4.02453
3.40653
2.60815
2.53943
4.08322
4.28591
3.93294
4.25753
4.23113
3.96776
3.99602
4.25907
4.05464
4.28497
2.37149
4.27115
3.80126
4.05905
4.32252
4.33073
4.12404
4.23505
2.14926
3.86230
4.23013
4.31355
2.55647
2.90145
3.75929
3.78100
3.52974
1.64480
3.31492
3.96609
3.81514
3.73233
4.27136
3.87994
4.25609
3.65731
3.79704
3.95069
3.77285
4.19217
3.33063
1.36921
3.98882
3.98958
2.65230
3.87800
3.87559
3.13625
4.06813
3.42973
4.12857
4.23351
4.07421
3.66805
4.27914
2.64322
4.27468
4.37754
3.90111
4.18145
4.21706
4.13549
4.12609
4.29613
4.19249
4.30246
3.35531
4.33291
4.23278
4.25179
4.03020
3.22127
4.24914
4.01934
3.84678
2.68670
4.16199
3.26873
3.74466
4.17496
4.11197
4.07497
3.54512
3.99725
4.35896
4.30396
4.32382
4.12996
3.98524
3.53030
4.04767
3.66887
3.45676
4.16716
4.25799
4.12758
4.16280
4.26030
4.05429
4.02160
3.82529
3.44759
4.07897
3.17427
4.20539
4.06809
1.73013
3.74124
3.87662
4.25613
3.94807
2.15804
3.25859
4.09864
3.21116
3.83497
2.75054
2.29421
3.78194
3.81115
4.13498
4.23887
2.18772
3.94723
4.02265
4.26330
3.83361
4.21033
4.04477
3.27202
3.60231
3.85160
3.79294
3.80626
2.91998
2.29953
4.18285
3.48217
3.42610
3.16992
4.34616
4.19599
2.31786
4.13098
4.28634
3.75012
2.84369
3.50675
3.82397
3.94850
3.12565
4.21894
4.06067
4.21933
4.25372
4.18345
4.23196
4.24229
4.31856
1.66799
4.11829
4.24151
4.00962
4.30972
3.89341
3.80436
4.23992
3.78235
2.53076
3.93368
3.71579
2.83072
4.20419
4.26452
4.02908
3.17113
3.47045
4.21180
3.55523
4.10700
4.11548
3.91225
3.94648
4.18785
3.25477
4.01281
4.17441
4.28237
4.19955
2.60016
4.25029
4.34524
4.08075
4.15688
3.80049
1.72303
2.71842
4.18929
4.21584
4.27132
4.19242
4.21911
3.94754
2.66021
3.54661
4.25047
4.24656
4.24835
4.02228
4.11517
4.14489
4.33674
2.32360
3.19284
4.12124
3.02991
3.60684
3.66677
4.34806
4.05029
3.15614
4.17091
4.21144
4.19570
4.20926
4.13311
4.06790
4.09000
3.96488
4.26057
4.18248
3.93522
4.11270
3.80366
4.31331
4.03522
4.26752
4.03639
3.56283
4.12887
4.20774
4.33265
4.27691
2.78553
4.07388
4.28908
4.36952
4.36212
4.28526
3.58696
4.22587
3.86321
4.26344
2.45512
4.22814
4.31876
3.84120
3.86930
4.28316
3.53756
1.66665
4.19556
4.14568
3.31146
3.38177
4.28399
3.43585
3.90903
4.07505
3.82388
4.07102
3.97897
1.73993
3.01874
3.94517
4.04444
4.35101
3.82749
3.61602
3.25265
3.79952
4.13729
4.07095
4.28085
3.26292
4.30908
4.32723
4.27770
4.15083
4.24982
3.62211
4.10103
4.00155
3.98165
4.28072
4.16871
4.19100
3.13513
4.27065
3.42338
3.30894
4.19386
4.16527
4.09385
4.03123
4.15339
3.91212
4.14928
4.32565
1.54587
4.06618
4.30884
3.61754
3.98217
4.29964
4.20403
4.19426
4.32519
4.20369
4.18546
4.01201
4.17723
3.95878
3.49238
4.10082
3.88889
3.79138
3.25932
4.21692
4.21555
3.61283
3.94762
1.96945
4.32681
3.54134
3.89723
4.33735
3.52922
3.18837
4.22040
3.49374
2.33599
4.00722
4.21888
3.94752
3.73926
4.27620
4.14002
3.89624
4.27984
3.53548
4.13501
1.97541
4.28846
3.46298
4.23635
3.82055
3.46030
4.09584
4.03328
4.12789
3.76753
3.57073
4.11976
4.31326
4.26138
3.36168
4.23383
2.48471
3.80787
3.92441
3.82678
3.60499
3.52791
2.40301
3.87764
3.95924
3.42380
3.38400
4.15328
4.18919
4.25869
2.99009
1.85211
4.18647
3.83832
2.32494
4.12035
3.86710
4.05226
4.15917
4.03543
3.90612
4.28472
4.17861
4.29804
4.37350
3.59628
3.74449
4.18343
4.39639
3.85745
4.11700
3.14486
4.10955
3.86736
4.17242
4.18114
4.31984
1.99560
4.02299
4.02303
3.87847
3.06631
4.35885
3.44750
4.02882
4.22446
3.76403
3.94264
4.30844
3.20236
3.92407
3.35326
3.57845
4.15670
4.16797
4.24101
3.77962
4.09964
3.54319
4.20020
2.24264
4.18930
3.89817
3.90265
4.27666
1.59021
4.03069
3.96333
4.21440
3.88759
4.23338
4.13643
3.81793
4.38675
3.69876
4.11461
3.32610
4.17091
3.91789
3.54280
3.69761
3.64306
3.69155
3.70787
4.23152
4.14990
2.05876
3.19708
4.13656
3.87254
3.98306
4.15980
4.04806
3.97761
4.36295
4.10364
4.24264
3.59343
3.41552
2.57821
4.19987
3.34830
3.88488
3.78779
3.93433
3.63784
