4.18806
4.41964
4.38063
4.37798
3.27496
4.23099
4.42893
4.28883
3.80833
4.27545
4.25260
4.45572
4.35290
3.20240
3.73511
4.19240
4.14061
4.41620
2.43154
3.63140
3.98837
3.95056
3.93632
4.36777
4.34935
4.35841
4.21824
4.36310
4.42961
3.81162
3.94440
4.39833
3.98502
4.00002
4.25807
4.37631
4.02620
4.23575
4.20546
4.43552
4.28062
4.24874
4.09978
3.42878
4.38824
3.99209
4.33873
3.61041
4.22205
4.48717
4.43230
4.47815
4.01355
4.50229
4.20447
4.48163
2.98635
4.17462
4.35112
4.19417
4.30747
4.15100
4.24738
4.13502
3.66324
4.05049
4.33514
4.39274
4.15496
3.71856
4.42585
4.45845
4.36882
4.00292
4.33344
4.19414
3.07687
4.36727
4.01805
3.80154
3.43219
4.38853
3.91068
3.99215
3.86781
4.41561
4.12588
4.17720
4.24222
3.07090
4.16074
4.26365
4.44429
4.28069
4.45576
4.44312
4.29467
4.34477
4.47354
4.31272
4.13329
2.90440
4.43950
4.01181
4.21331
2.66563
4.21713
4.48084
4.34038
4.20808
3.92817
3.76941
4.29933
3.65115
3.51964
3.60637
3.95737
4.31966
4.35750
4.24043
4.48787
4.39668
4.32790
4.28386
3.97853
4.23915
4.33776
4.32517
4.40184
4.15016
4.18157
4.24211
4.45784
4.35637
4.15509
4.40946
4.34466
4.41453
4.28409
4.31972
4.14556
4.46298
4.33915
4.41145
4.45156
2.97617
4.47279
4.29794
4.26638
4.35279
4.40777
4.45513
4.30380
4.35712
4.40421
4.47346
4.25173
3.62096
4.00465
4.08276
4.46935
4.45177
4.25111
4.14713
4.44280
4.33806
3.95656
4.22916
4.22454
4.28297
3.76843
4.00994
4.25918
4.32006
3.94818
3.16312
4.28912
2.37863
3.70422
4.20036
4.42763
4.27506
4.21372
4.40208
4.27159
4.46390
3.69140
3.96056
3.96314
3.47667
4.13146
4.28630
4.30226
4.23746
3.88241
4.19910
4.27995
4.09847
3.87925
4.37279
2.98479
4.45437
4.34407
4.16880
4.48685
4.28032
3.99837
4.47876
4.48709
4.47540
2.92166
4.36322
4.26986
4.26430
4.46511
4.10043
3.88997
2.29857
4.38458
4.38845
4.19894
4.04354
3.88344
4.45600
4.47613
4.25437
4.13819
4.41023
4.26084
4.06644
4.00692
3.79914
4.47280
3.52105
4.47082
4.33045
4.37653
4.23071
3.38859
4.45652
3.74588
3.94524
4.40833
4.22485
4.28597
2.63918
4.28315
4.46447
4.22916
3.82686
4.30260
4.40815
4.22507
4.44236
4.13455
4.35873
4.41975
4.41699
4.17913
4.06272
4.27996
2.85468
4.48810
4.38100
4.24528
4.31725
4.26847
3.93172
3.98185
4.26456
4.11833
4.37240
4.37011
4.18924
4.07619
4.15415
1.80574
4.35425
2.66432
3.55917
4.06261
4.34939
4.19753
4.23346
2.75738
4.41305
3.87630
4.32113
4.14585
4.22718
4.33161
4.43110
4.35501
4.38144
3.86706
4.11329
4.18407
4.43471
4.42550
4.25613
4.01276
4.45188
4.32748
3.87428
3.96242
4.28123
3.63821
4.20139
4.38931
3.60268
4.27337
3.65695
3.50798
3.97009
4.47173
4.39656
4.39061
4.43775
4.42782
4.40538
4.33064
4.48224
4.41674
1.77649
4.36415
4.00649
4.29934
4.30877
4.35655
4.31472
4.11721
4.09071
3.72767
3.78570
4.42614
3.82470
2.41096
4.34586
4.42569
3.05402
4.17367
3.76642
3.80532
2.65132
3.49441
4.29569
4.34035
4.30449
4.30037
4.40549
4.35577
4.15848
3.98179
4.41492
4.13934
4.45144
4.30560
3.82713
4.37512
4.41146
4.36421
4.18995
4.44898
4.20417
4.22935
4.26628
4.13995
4.40599
4.34682
4.31763
4.43225
3.89736
4.29986
4.36778
4.45939
3.87985
4.15600
2.83828
3.33469
4.06185
4.32051
4.15525
3.64104
4.48677
4.24432
4.24771
3.77844
3.06621
4.38626
4.37533
4.28494
4.03083
4.52548
3.67001
4.29982
4.25933
4.39978
4.49346
4.29126
3.66073
3.94820
4.47098
4.38729
4.42315
4.28849
4.13210
3.68697
4.09714
4.39096
4.20577
4.17269
4.41869
2.91017
4.43044
4.41549
4.34885
4.36922
4.40466
3.27860
4.09340
4.36443
4.43804
4.28558
4.32176
3.30095
3.75068
4.21830
4.25004
4.32423
4.35018
3.95827
3.42444
2.21941
4.24790
4.32285
4.34674
4.49409
3.80909
4.05429
4.46465
4.13494
4.33064
4.14666
4.47780
3.97301
4.32009
3.85197
4.30407
4.08765
4.28745
4.14025
3.82513
4.19822
4.18071
4.36323
3.64457
4.06493
4.29109
4.33637
4.05821
4.44239
4.27982
2.60782
4.33678
3.82760
4.32762
3.93852
4.01202
2.17103
4.09053
4.23430
4.32466
4.23265
4.42632
4.36727
4.43710
4.35921
4.08119
4.44195
4.30976
4.35956
4.22850
4.33958
4.38940
4.20447
3.15788
4.17330
4.34232
4.31350
4.28433
4.20940
2.90635
4.43171
4.43766
4.33907
4.25332
4.37411
4.28011
4.37245
3.80965
4.30443
3.76234
4.44248
4.05974
4.42239
4.02407
4.19877
4.36604
4.34125
2.30502
4.42125
4.22099
3.93978
3.23654
4.17493
2.83456
1.98897
4.40549
2.06198
1.55241
4.28225
4.49968
4.37648
4.43301
1.75997
4.45885
2.44929
3.98599
4.34327
3.98981
4.43032
4.19063
4.29440
4.01558
4.32191
3.99689
4.49368
4.30640
4.22799
4.35670
4.21745
4.03894
4.12388
4.15845
4.40574
3.86492
4.36678
4.41663
3.98717
4.14936
4.23220
4.13859
2.94375
4.40489
3.81137
4.06420
2.03578
4.47053
4.37986
4.35529
4.06305
4.42026
4.11135
3.92046
4.24897
4.51394
4.27844
3.34996
4.26612
4.44512
4.38201
4.40163
4.44413
4.35777
4.09769
4.10822
4.20792
4.17893
4.51250
3.59867
4.27908
4.21886
3.08570
4.39445
3.52256
3.90028
4.35966
4.11124
4.23835
4.15950
4.26379
4.32714
4.13493
4.39561
4.27602
3.52590
4.47933
1.92444
3.97356
4.29542
4.13601
4.10450
3.34189
4.33771
4.51192
4.24060
4.31195
4.40792
4.43693
3.88152
3.22299
4.24176
4.24766
4.19201
3.85340
4.23923
4.07868
4.06037
4.45838
4.26502
4.09899
3.59556
4.43678
4.21989
4.42712
4.05538
3.93154
4.34363
3.85709
1.86800
3.88326
4.15551
4.35121
4.38629
1.86775
4.30731
4.32274
4.48974
4.10982
4.40010
4.51283
4.45097
4.38422
4.30395
4.34048
4.30931
4.44941
2.76783
3.84394
4.03338
4.25560
4.39387
4.36364
4.39491
4.31561
4.29569
4.46819
4.39319
4.16854
4.44736
4.03198
4.28749
4.00147
4.47865
4.29043
3.08677
4.21973
4.46177
4.36032
4.41110
3.72708
2.01304
3.88096
4.32271
4.30578
3.36818
4.02923
3.94643
4.35369
4.00164
4.22385
4.21749
4.36526
3.89613
4.34225
4.14714
3.85112
4.42334
3.54080
4.32325
4.09259
4.31701
4.09339
2.33594
4.34690
4.18972
4.31004
3.87725
2.39136
4.25312
4.17560
4.23861
4.38742
4.14605
3.68917
3.96574
4.40584
4.40329
4.24407
4.41162
4.44462
4.18185
4.40756
3.71081
4.26645
3.18503
4.05829
4.35179
4.14531
4.25849
4.47064
4.28923
2.71314
4.14529
4.30577
3.25690
4.30405
4.33324
2.76348
4.29839
4.28847
3.56321
4.44730
4.38646
3.65858
4.20753
3.68300
4.32051
3.13515
4.40556
3.98943
4.13196
4.17346
4.47226
4.09627
3.79042
4.28078
4.26511
4.35684
1.65372
4.15570
3.77561
4.25224
2.90321
4.20336
3.86463
4.38050
4.25744
4.18925
4.01173
4.24977
4.31793
4.25662
2.91178
4.34514
4.44492
3.48655
4.46195
4.14888
4.34295
3.92626
4.26543
3.93126
4.22979
4.27771
4.09688
3.08009
4.15103
4.49304
4.40735
3.58618
4.40991
4.40123
4.20194
4.27312
3.45750
3.96599
4.47372
4.10890
4.31660
3.94802
4.14897
4.49992
2.77515
4.47007
4.34561
4.37296
4.40911
2.77504
4.44775
3.92776
4.34662
4.29154
4.46456
4.18338
3.92331
4.43395
3.72636
4.37335
4.31625
3.91253
4.43461
4.07148
4.37737
4.30254
3.02149
3.22925
4.37710
4.44827
2.48032
4.35088
4.26991
4.48714
4.34072
3.92976
4.43876
2.55576
4.13440
4.35924
3.70124
3.99423
1.28932
4.22218
4.24501
4.34321
3.95814
4.15955
2.94659
4.40127
4.43612
4.47645
2.69369
4.35012
4.30183
4.35163
4.35947
4.46185
4.37550
2.87034
4.38127
4.31682
3.80480
4.41024
3.82512
4.28383
4.25251
4.37478
4.25096
4.10915
4.20986
4.03720
4.17097
4.12127
3.80601
4.31670
4.20459
3.96016
4.41966
4.24352
3.81864
4.48867
4.17326
4.29985
1.63849
4.07318
3.89091
4.29587
3.97507
4.15725
4.28344
4.22244
4.06699
3.90465
4.19600
3.73421
4.13373
4.39613
4.39369
4.23403
3.78364
4.17826
3.99608
4.48858
4.39557
4.34987
4.40564
4.18102
4.35977
4.15507
4.25649
4.37201
4.30564
4.33202
3.68702
3.49839
4.06324
4.42294
4.32135
3.06074
4.20487
4.46254
4.26800
4.01347
3.94761
4.01646
4.02131
4.37342
4.37828
4.36839
4.29503
4.35593
4.43484
4.44243
4.31915
4.38429
4.10567
3.99110
4.34521
4.34086
4.42927
4.24237
3.15029
4.07354
3.15385
4.35415
4.14225
3.87915
4.48996
4.08255
4.45984
3.45996
4.31147
2.80729
4.38006
3.43445
3.68385
4.44955
3.96168
3.97778
4.48660
4.39324
4.23110
4.00606
4.26026
4.38706
4.49090
3.13862
4.34536
3.55378
3.98569
4.36960
4.21960
4.07972
4.26177
4.30767
4.16745
3.42837
4.13568
3.44628
4.31229
3.98438
4.07847
4.40440
3.76827
4.48328
4.04489
4.28691
4.46594
4.23970
4.19938
4.31228
4.11055
4.33872
4.25266
4.43518
4.46181
4.28573
4.39579
4.50220
4.34132
3.82832
4.16261
4.43193
4.43657
3.77375
4.26207
4.31030
4.20054
3.17380
4.46939
4.50995
4.12892
4.09492
2.80802
4.43794
4.42204
4.03187
4.19035
2.81382
4.05674
3.88815
4.42534
4.42129
4.26463
4.38740
4.35469
4.43451
4.40241
4.15223
4.19747
4.42736
3.99909
4.37395
4.42644
4.06822
4.42366
4.36374
3.65334
4.23420
3.61469
4.45520
4.23896
3.73977
4.11882
4.45617
4.12791
4.41007
4.07240
4.24575
2.32189
4.10185
4.37453
1.95236
4.33382
3.96812
4.32594
4.33683
4.26582
4.39149
3.32361
4.32019
4.45388
4.26880
2.58959
4.14526
4.26651
4.23994
4.23060
4.35387
4.40917
4.17359
4.18352
4.09409
3.88051
4.13848
4.33849
3.71943
4.36801
4.39456
4.30308
3.68350
4.16120
4.35577
3.69218
4.34394
2.65393
3.79692
4.32786
3.73050
4.37729
3.86245
4.35046
4.04145
4.43464
4.14874
4.36503
3.99967
3.07502
4.25631
4.35880
4.19987
3.79977
4.35338
2.36185
4.12191
3.85795
4.09895
2.50918
4.38016
4.42627
3.90592
4.37385
4.41446
4.24783
4.07383
4.12806
4.18862
3.28744
4.01741
3.90483
3.72225
4.43402
3.61974
2.76555
3.77365
2.32769
4.30856
3.31238
4.36095
4.45190
4.17985
4.12208
3.64107
4.36817
4.29462
4.44655
4.17210
4.29125
4.36555
3.61972
4.26987
2.81132
4.50429
4.20057
3.58926
3.42857
3.17006
1.76473
4.28542
4.41007
4.34133
4.17712
3.90312
4.40352
4.26869
4.40175
4.36335
4.50003
4.43463
4.01876
4.31964
4.40015
4.19428
3.94853
4.29457
4.41010
4.24522
2.86387
4.22827
4.34061
4.30602
3.29139
4.37805
4.23474
4.33291
4.26360
4.22555
3.54579
4.32564
4.23848
4.44239
3.96179
4.34562
4.32088
4.37758
4.42104
4.35504
4.28996
3.57691
4.29907
4.03235
4.16680
4.07775
4.31553
4.37970
3.80460
4.25826
4.47365
4.39696
4.45470
4.42432
3.99583
4.29237
2.72405
4.45915
4.14309
3.64978
4.29861
4.31098
4.47829
4.17137
4.45474
4.50362
3.92812
4.03259
3.98593
4.30034
4.41297
4.51089
4.19585
4.41906
4.22020
4.43975
4.15103
3.95326
4.27490
4.45208
4.30160
4.06290
4.35089
4.45144
3.16167
4.32712
3.03631
3.96506
3.41276
4.43006
4.37732
4.17697
3.22429
4.42339
4.46905
4.09642
3.99666
4.17002
4.44965
4.28352
3.71799
4.49926
4.48099
4.00695
4.34778
4.47984
3.79884
3.56388
2.69629
3.62165
4.45515
3.88495
3.35180
4.10097
3.81615
4.22163
4.26803
4.08958
4.37302
4.16453
3.95675
4.26536
4.37978
4.41328
4.47497
4.35463
4.33093
4.23424
3.83947
4.19241
4.30738
4.36713
3.26058
4.26601
4.36717
4.39021
4.38936
4.35335
4.44479
4.32894
4.17128
4.39350
2.56800
4.10779
4.33005
4.46605
4.31130
4.41625
2.28379
3.74422
4.35156
4.08727
4.40096
4.35980
4.02642
4.34197
4.32346
4.37463
4.26955
4.46402
4.50369
4.05450
3.98568
4.41523
4.14822
4.45529
4.13713
3.99416
4.48371
4.28196
3.65223
4.05431
3.59063
3.87335
3.37608
4.04616
4.23195
4.05738
4.20373
3.98820
1.76432
4.26788
3.65195
4.37387
4.06826
3.54261
4.40727
3.73268
4.09659
3.49695
4.36937
4.46957
4.46074
4.06318
4.38506
3.81830
4.28910
4.45122
4.39719
4.43684
4.15230
4.28734
4.47263
4.30221
3.88461
4.00757
4.28138
2.63074
4.32003
4.43560
4.10608
4.14271
4.02629
2.61649
4.20716
4.40245
3.81965
4.09874
4.02829
4.37787
3.95947
4.11934
4.30494
4.28721
4.05708
2.94903
3.80567
3.68831
3.95477
4.47450
4.46133
3.00812
4.24971
3.93816
4.35821
4.10348
3.25174
4.34373
4.41165
4.25317
4.46405
4.35558
4.30552
4.01401
4.36378
4.39812
4.25427
4.20484
4.22024
4.45227
4.04652
4.10786
4.19258
4.47138
4.31152
3.53259
2.90758
4.45133
4.34474
4.15313
4.35576
4.03277
4.35051
4.33859
4.19283
4.23324
4.22708
3.77067
4.33781
4.35495
4.22824
4.50350
4.14106
4.32783
4.01410
4.27522
4.43456
2.79652
3.76984
3.65568
4.38957
4.31096
4.37292
3.75066
4.41447
4.24732
4.40340
4.23572
4.16842
4.11068
4.16853
4.19555
4.33751
3.97999
4.35554
3.30110
4.10979
3.93322
4.37253
3.83648
4.35030
3.56346
4.23063
4.33317
3.59050
4.25036
4.26349
4.46699
4.39585
4.31885
3.89761
4.45385
4.47855
4.44192
4.46581
4.31372
4.41220
4.36459
4.34738
2.77422
3.76625
4.32799
3.90758
3.84972
3.85407
4.37201
3.96296
4.40957
3.88152
4.21279
3.94612
4.49461
4.30031
4.10781
4.45241
4.03932
4.35731
4.26581
3.95623
4.41482
3.57006
4.40293
4.12072
4.40815
4.27317
4.47003
4.21096
4.39155
3.51887
4.28599
4.29712
4.39457
4.41174
4.47264
4.37309
4.15752
4.38922
3.93040
4.40156
4.28495
3.99342
4.41338
4.32690
3.97594
3.41091
4.35429
4.47158
4.17830
3.97679
4.03123
4.30901
3.73682
3.71116
4.47082
4.39225
2.85222
4.14129
4.04530
4.22066
4.42565
4.38955
4.02351
4.21502
4.38421
4.47592
4.42512
4.44549
4.43650
3.89007
4.48602
4.31045
4.01443
4.17915
4.43692
4.31753
4.41538
3.89150
4.18363
4.03648
4.35949
4.21303
4.37151
2.27471
4.12988
4.25770
3.68520
3.69625
4.25552
4.15423
4.46868
4.31121
4.36814
4.29946
3.92242
4.35840
4.40575
3.91967
3.91560
4.34647
4.09113
4.48967
4.29921
4.40168
4.30928
3.95920
4.32166
4.44291
4.47825
4.32076
4.00988
4.40086
4.28098
4.48391
4.34398
4.29095
4.34085
4.46498
3.18246
4.40925
3.66986
3.79125
3.09500
4.18942
4.15416
4.40217
3.90219
4.19498
4.15765
4.29742
4.21847
4.12288
3.87437
3.18960
3.89564
4.43053
4.07445
4.20519
4.35309
4.10868
4.43184
4.48390
3.87647
4.32563
4.33572
3.80925
4.46837
4.16144
4.39341
3.74896
4.00683
4.14432
2.62815
4.52101
4.40513
4.31080
3.99468
4.51647
4.47747
4.13993
4.30824
4.35590
4.23086
4.35737
3.99524
4.40878
4.27959
4.45305
4.35033
4.24291
4.32636
3.70086
3.81595
4.43363
3.56033
3.92842
4.46557
3.35049
4.39040
4.28461
4.44053
3.70960
4.22161
4.47139
4.31918
4.16815
3.44943
4.40146
3.80727
4.15657
4.22657
4.28227
4.16542
4.26531
3.50670
4.39027
3.96622
4.05533
4.16223
4.30461
4.09360
4.22902
4.39837
4.34400
4.22971
4.13070
4.34168
3.96642
4.40779
4.40702
4.43890
3.07588
4.41056
3.97192
4.39545
4.14077
4.26465
4.12887
3.79516
4.36141
4.31814
3.77804
4.39485
4.24887
4.25233
4.21029
3.97835
3.90746
4.43643
4.31984
4.35269
4.11159
4.22246
4.37592
4.02313
4.23174
4.42277
4.19455
4.44824
4.13891
4.40735
4.38781
4.28846
3.98109
4.44619
4.23736
3.17865
3.77271
3.65216
4.04386
3.72881
4.38266
4.15500
4.44154
4.14004
3.86631
3.95608
2.94063
4.33851
4.30394
2.16621
4.33638
4.20398
3.88798
4.24856
4.23429
3.58823
4.40163
4.07967
4.11917
3.85229
4.13337
4.00632
4.32000
4.31548
4.16110
4.40222
4.19089
4.39816
3.82866
4.44500
4.36838
3.64679
4.22582
4.30009
4.46925
4.11364
2.51153
2.64871
3.80914
4.47329
4.44939
3.86877
4.06617
2.26229
4.32927
4.24102
4.48311
4.43432
4.28843
4.42518
4.45834
4.03527
4.43685
4.00379
4.39118
4.26636
4.17685
3.89060
3.93088
3.88509
4.33486
4.05824
3.21989
3.52123
4.12928
4.37606
3.69186
4.40438
4.47434
4.47724
4.21264
4.47896
4.24434
4.29362
3.10185
3.81639
4.36615
4.15832
4.48608
4.22526
4.39828
4.21768
3.48388
4.41436
3.90156
3.84083
4.30590
3.90291
4.49134
4.28638
4.45064
4.17561
4.32744
4.24444
4.15370
4.22110
4.30853
4.22507
4.14096
4.00440
4.31681
4.04071
4.43242
4.03996
3.78449
4.07716
4.38260
4.47712
3.99486
3.75673
4.33476
3.75558
4.20248
4.08429
4.38202
3.99735
3.55332
4.35960
3.87723
3.97593
3.97346
3.32440
4.34361
4.08379
3.58788
4.12771
4.50378
4.29466
4.46823
4.29062
3.84836
4.41623
4.38999
3.88557
4.35274
3.39438
4.14589
1.84194
4.38868
4.15818
4.27688
4.28788
3.99843
4.25104
4.49176
3.33951
4.47125
2.05862
4.45586
4.23839
3.81403
4.46098
3.62845
3.97578
4.40339
4.17872
3.48583
4.41562
4.44423
3.48010
3.49351
3.84016
3.96076
3.36675
4.13172
4.29207
4.36324
4.36480
4.31079
4.48988
3.28489
3.77563
4.10947
4.30734
4.18913
4.32034
3.92010
3.39557
3.42157
4.44260
4.33746
4.17929
3.25159
3.88992
4.25350
3.94684
3.41869
4.37534
4.27357
4.08969
4.42992
3.98257
4.29887
4.18817
4.25310
4.34293
4.06877
4.44117
3.20267
4.47184
4.50601
4.38298
3.54343
4.15900
4.06502
4.35660
4.33375
4.07645
4.12530
4.39886
4.36531
4.09042
4.51187
4.20085
4.29581
4.38737
4.27618
4.30236
3.45207
4.16972
4.18250
3.95993
3.67800
4.16480
4.31406
3.62586
4.41134
4.26975
3.34770
4.46335
4.44970
4.04278
3.95914
4.48312
4.22561
3.57590
4.12669
4.43808
4.18105
4.33476
3.73805
4.05166
4.16103
3.93542
4.22562
4.39804
4.00281
4.45776
3.71552
2.69239
4.18280
4.14329
2.05905
3.74490
4.42222
4.15080
4.19967
4.35665
4.31993
2.10524
4.43131
3.94198
4.32576
3.91756
3.90694
4.11257
4.28591
3.37061
3.90856
4.28306
4.33439
4.49996
4.30782
4.44673
4.45045
4.00569
3.89133
4.35139
3.99842
2.95742
4.29887
4.01871
4.37327
3.78973
4.41426
3.96099
3.92004
4.00809
4.41775
4.42072
3.77390
4.28055
4.36579
4.02147
3.74563
3.94186
4.32729
4.35391
4.16346
2.45323
3.92683
2.79299
4.20499
4.23843
3.18583
3.95254
3.94326
4.43966
3.87818
4.50917
1.80223
2.72962
3.80821
4.32904
4.29299
3.88565
4.17546
4.24723
4.44947
4.26895
4.45440
4.06998
4.36639
4.09404
4.37153
4.45684
4.39287
3.61789
4.45400
4.43759
4.08306
3.81193
3.95323
3.20848
4.35918
4.13721
3.59581
4.23685
4.30267
4.24115
4.34388
4.18944
4.07308
4.41361
4.30745
4.04263
4.35204
2.81489
2.72654
3.75746
4.05023
1.94402
4.16594
3.18671
4.17791
4.28071
4.51638
4.31301
3.77590
4.10562
4.27100
4.40579
4.30440
4.51040
4.28311
4.07534
4.06559
4.41284
4.38904
3.21521
3.92342
4.31365
4.44918
4.44177
3.45167
4.38282
4.30080
4.37983
3.74697
3.76597
4.30230
4.27241
4.08500
4.36867
2.98078
4.38977
4.01356
4.07598
4.19397
4.35069
4.26104
4.05566
4.18425
4.47746
4.38380
4.39838
4.12096
4.31053
4.23046
4.44493
4.51147
4.00334
4.15972
4.23063
4.40549
4.03796
4.31587
4.40922
3.97838
4.22296
4.22953
4.16811
4.44831
4.29557
4.32888
4.41647
4.24379
3.98957
3.78576
4.33903
4.42231
4.45136
4.32067
4.31272
4.44562
4.38419
4.00194
4.22350
3.52149
4.16618
2.95094
3.34482
4.27201
3.96747
4.01446
4.23179
4.39572
4.46657
4.44786
4.40694
4.36430
4.42474
2.85624
4.36186
4.43250
4.34287
4.51498
4.37030
4.40453
4.30293
4.37744
4.15724
4.20407
4.20366
3.60385
4.12130
3.34847
3.65167
4.30048
3.84224
4.33089
4.41157
4.15609
4.47799
4.46901
4.43308
4.12338
4.14098
2.97435
4.33024
4.23915
4.41379
4.39856
4.35552
3.89699
4.45000
4.49615
4.29695
4.29122
4.28063
4.36932
4.18748
4.28290
4.28044
3.98903
4.45490
4.28802
4.16087
4.42423
4.42474
4.07382
4.33630
4.34526
4.28506
4.27762
3.90701
4.25183
4.36283
4.37153
4.37264
2.75643
4.17679
4.18397
4.36653
4.17182
3.79786
4.35133
4.42252
4.23684
3.30873
4.49502
4.03573
4.37192
4.03732
4.39777
4.01441
3.39534
4.11574
3.49776
3.42668
4.16711
4.38595
1.46247
4.14836
4.27634
4.33757
4.03527
3.57143
4.07918
3.69587
4.34224
3.40696
3.56243
4.05551
4.22939
4.43473
3.87978
2.64498
4.16529
3.92811
2.30306
4.36646
4.17030
4.48965
4.32264
4.45628
4.29003
4.25838
3.04544
4.02808
4.20527
4.46641
4.38977
4.45921
4.35935
4.28562
4.35726
4.37430
4.46508
3.73731
4.43440
4.38816
4.31976
4.09340
4.19058
3.96592
4.39754
1.71235
4.36762
4.43773
3.63918
4.38838
4.10464
4.13295
4.41632
4.37974
4.21965
3.69024
4.47698
3.75177
4.36954
4.12930
4.38720
4.47633
4.49175
3.29989
3.72894
4.41018
4.12126
4.46684
4.39550
4.48670
4.26414
3.97675
4.41342
4.36303
4.13840
2.84342
4.34590
4.22907
4.21991
4.13995
4.37065
4.26076
4.08697
4.38991
4.47777
2.99968
4.37162
4.32317
4.10254
4.32151
4.32138
4.02142
4.01180
3.00346
3.94346
3.76159
2.68081
2.80058
3.89651
3.53441
4.13732
4.35175
4.13906
3.70629
4.27723
3.98723
4.16456
4.41644
4.43908
4.33947
4.31533
4.46883
4.12931
4.32110
3.57187
4.35699
4.53580
4.06813
4.40775
3.92494
4.05826
3.70475
4.44019
4.44536
3.02171
4.15914
4.04142
4.10665
4.26444
4.27313
4.31855
4.39410
3.70627
4.24231
4.45978
4.21107
4.40631
4.34395
4.39288
4.30083
4.48910
4.32203
3.13338
4.47090
4.13359
4.09468
3.36991
4.46745
3.48580
4.17036
4.37981
3.54271
4.30840
3.40244
4.25076
4.23754
4.25527
4.17855
4.30740
4.37718
4.25888
4.43913
4.40453
4.36929
3.92583
4.48825
4.12715
4.44003
4.32756
3.60975
3.97204
3.70343
4.15037
4.10250
4.29223
3.15819
4.21917
3.16115
3.71006
4.41062
4.11253
2.76759
4.07846
4.43249
4.42686
2.67163
4.17685
3.86752
4.44919
4.25231
4.28082
4.11336
4.43616
4.37133
3.10438
4.37715
3.14195
4.47991
4.31098
4.13725
4.26479
1.54261
4.14954
4.05058
4.39518
3.62865
4.30659
4.12288
3.87479
3.62968
3.73416
4.42579
4.25129
3.37998
3.80057
4.00925
4.18622
3.59946
4.30942
4.29253
4.11439
2.81437
4.50110
4.46103
3.71462
4.19075
4.49968
4.40185
4.38659
2.94264
4.45249
3.69797
3.92492
4.34086
4.48397
4.29951
4.43935
4.22500
2.78952
4.08053
3.69819
3.83591
4.29053
4.31808
4.40244
4.37711
4.20153
4.43974
4.29290
3.95536
4.22007
4.33875
4.48160
4.41999
4.23139
4.39100
3.85025
4.07349
4.39468
2.54618
4.31029
4.31251
3.77637
4.38183
4.41560
3.48448
4.36574
4.39621
4.45687
4.47744
4.05922
4.09622
4.25807
4.11097
4.46073
4.01733
3.98124
4.46017
4.08563
4.07261
3.90018
3.97392
3.39355
4.14637
4.38893
4.42906
4.21879
2.69311
4.37158
4.41339
4.26410
4.38658
4.38847
4.19187
2.74788
4.32252
4.06755
4.35664
4.15761
4.42027
4.34293
3.32531
4.34461
1.94991
4.06143
4.13991
4.41253
4.29397
3.97114
3.44902
4.02442
4.20887
4.16639
4.38206
4.31629
4.29259
1.70137
4.24799
4.05008
4.43305
4.17406
4.46548
3.08973
4.31650
4.02724
4.28343
4.34110
4.42371
4.10710
4.45048
4.11810
2.54921
4.17374
4.40338
4.39431
4.22914
3.93774
4.41084
4.11637
4.38957
4.22571
4.14738
4.34413
3.93140
4.41615
2.55105
4.33638
4.02592
4.33286
4.30559
4.23294
4.33886
4.40914
3.86291
4.38819
4.43637
4.08746
3.78585
4.29667
4.30211
4.09004
4.21590
4.46585
2.08709
4.09692
4.33112
4.39985
4.14215
4.45207
4.50757
3.58276
4.45998
3.73886
4.42185
3.80924
3.05821
3.77986
4.40819
4.30513
4.22415
4.42755
4.41335
2.16609
4.43953
4.30767
4.25415
4.33066
4.25320
4.38511
4.36419
4.11233
4.47386
3.88328
4.34925
4.25860
4.48769
4.03112
3.66407
2.94479
3.83544
4.29975
3.91679
4.06250
4.46976
4.26867
4.29354
4.40921
4.32296
4.45660
4.25211
4.33224
4.40642
4.46126
3.98918
4.03916
3.86935
3.85266
4.24873
4.20197
3.87546
4.38864
4.13775
3.85696
4.51192
4.40021
4.47960
4.30850
4.48618
4.40562
4.20796
4.46015
4.30248
3.59041
4.45673
3.28792
4.27971
4.43237
4.11180
4.24595
3.77425
4.44750
4.17560
4.18794
4.43338
4.32849
4.14132
4.39726
4.24177
3.90891
4.33387
3.81713
3.97803
4.26183
3.67707
4.30019
3.76659
4.07571
4.11113
4.23469
4.13676
4.17613
4.33285
3.96666
4.42990
2.36112
4.17415
4.25114
3.43989
4.34893
4.37998
4.46658
4.07538
4.44535
4.45835
4.49588
4.06697
4.20874
4.34487
4.41070
4.28845
4.40398
4.30366
3.87065
4.34143
4.37791
4.00179
3.96905
4.45910
4.06264
4.36625
4.52615
4.26683
4.27827
4.34928
4.39599
3.82516
3.89557
4.21878
4.11922
4.44534
4.30960
2.86534
3.06585
4.33109
4.29216
4.26435
4.45642
3.76571
3.47224
4.40066
4.20782
4.36774
4.02697
4.29512
4.07824
4.39879
4.47329
4.20799
4.05118
4.40139
4.40228
4.13545
2.46838
3.45439
4.14865
4.37581
4.27325
4.46101
4.17896
4.34564
4.43424
4.12399
4.11298
3.94296
4.11441
4.36797
3.87368
2.71206
4.40231
4.35085
4.21517
4.17774
4.04941
2.87970
4.44896
3.97796
4.22616
4.38245
3.80962
4.06233
3.62524
4.18383
4.37716
2.57154
4.18581
3.98789
4.32006
4.44663
4.12750
3.80199
4.31162
4.34082
4.44830
3.64310
4.27268
2.29433
4.50006
4.38325
3.71923
4.48813
4.25917
4.23940
4.38032
4.39994
3.28295
4.36348
4.15783
3.93314
4.47546
4.20874
4.28749
4.42815
4.26237
4.07273
3.28327
3.04222
3.99698
4.30669
4.40299
3.98913
4.30103
4.34563
4.43814
4.24639
4.45910
3.21331
4.21184
4.28592
4.42926
4.41070
3.80575
4.12363
3.20549
4.49605
4.42916
4.35959
4.31989
4.41808
4.40681
3.91283
3.37854
4.47052
4.33555
4.30350
4.34930
4.17686
3.65328
4.37834
4.23982
3.82126
4.21038
4.43907
4.39622
4.34641
4.45109
1.30046
4.44410
3.37972
4.21209
3.95105
4.09305
4.26559
3.94088
4.30318
4.47335
4.39064
4.16551
4.34786
4.36915
4.27073
4.41625
3.72229
4.33163
4.22236
4.40489
4.17915
4.45986
4.14647
3.65114
3.86970
4.33710
1.95599
4.21080
4.14851
4.12952
4.35418
4.38540
4.12366
4.41498
4.34559
4.34578
1.89243
4.36055
4.32574
4.28860
3.98837
4.19812
4.00738
4.37635
4.33723
4.11005
4.46469
4.10030
4.43508
2.82664
4.21333
4.09916
4.09086
4.31146
3.47005
4.09567
4.46670
4.36382
4.47341
3.99788
4.33323
4.26856
4.42428
4.47353
3.48422
4.16301
4.01533
3.88776
4.44142
4.44332
4.50690
4.26188
3.80273
4.42434
3.87499
4.41332
4.29704
4.29166
3.19455
4.48742
4.42248
4.41629
4.41401
4.23372
3.52574
4.24187
4.36621
4.25558
4.27893
3.58174
4.47513
4.48860
4.40887
2.63623
4.35055
4.22645
3.92672
3.72398
4.44601
4.10796
4.33599
4.38728
4.42976
4.43764
1.87928
4.35981
2.80455
4.44564
3.42082
3.90227
4.28495
3.76490
4.29067
4.30381
3.93388
2.58884
4.35680
3.12466
2.46935
3.75329
4.28983
3.74583
4.01220
4.20174
3.91916
4.39610
4.27245
4.07811
4.17963
4.25726
4.27884
3.85039
4.24043
4.19254
4.16308
4.05011
4.33369
3.70225
4.40420
4.37600
4.13805
3.84097
4.46685
3.70720
4.31273
4.15918
4.22377
3.94257
4.06370
4.22401
4.33672
4.12755
4.32294
4.02737
4.38535
4.03462
4.44831
4.48440
4.36159
3.44408
3.38632
4.18632
4.44882
4.36032
4.35688
4.01329
4.36279
3.45493
4.52070
4.23406
3.93999
4.44456
4.34383
4.47265
3.67558
3.96766
4.21334
4.05156
4.09869
4.36474
3.62346
4.02681
4.40469
4.21124
4.28779
3.86780
4.25171
4.41507
4.17649
3.86480
4.37596
4.18709
4.49520
4.41131
4.31590
4.13402
4.19117
4.19694
4.14919
4.07829
3.92627
4.03554
1.91778
4.12947
4.24595
3.64202
4.43677
4.04848
4.31171
3.40760
4.49976
2.58454
3.90580
3.79665
4.50045
4.43936
4.13259
3.18462
4.50965
3.86845
4.22040
4.28269
4.31558
3.88362
4.36637
4.10661
4.24078
4.07824
4.48084
4.04290
4.14692
4.41261
4.35381
4.47988
4.31822
4.00586
4.39247
4.19793
4.43294
4.25374
4.27393
4.40593
4.49187
4.39738
4.41897
4.13545
4.38323
3.33788
4.32995
3.96966
4.37738
4.31246
4.43850
2.89904
4.47117
4.38886
4.30720
4.46085
3.76294
4.37013
4.32151
1.86331
4.35655
4.44873
4.41001
4.13980
4.25671
4.40078
3.61066
3.96242
3.80838
4.25657
4.37644
4.29795
4.04643
4.03935
4.38034
3.88321
4.18726
4.50793
4.40474
4.32633
4.32903
4.27795
4.19015
3.62913
3.85651
3.69683
3.10222
4.31877
3.98347
4.02180
4.40435
2.50808
4.34215
3.88744
4.37839
4.32859
2.77777
4.30254
4.20045
4.29328
4.04023
4.37296
3.47398
4.01494
4.39053
3.52157
4.34874
4.14317
4.33603
4.38044
4.42876
4.16276
4.35451
4.41846
4.30158
4.28259
4.37544
4.44602
4.06803
4.38540
4.45622
4.29207
4.37539
4.14890
4.46304
4.02544
3.72696
4.09419
4.27984
4.29507
4.28455
4.23573
4.03510
4.04732
3.99814
3.94724
4.29514
4.44946
4.46693
4.43665
3.76777
4.38919
4.35613
4.45709
4.21573
4.34217
4.00506
4.32277
3.64399
3.54171
4.19259
4.10771
4.43369
4.16055
4.25061
3.86099
3.99278
3.01568
4.07475
4.38565
3.78861
4.45304
4.36697
4.33763
4.22105
1.84364
4.40597
4.25130
4.49436
4.17500
4.22818
2.62099
3.50379
3.89351
4.15241
4.28929
4.33843
3.85259
4.23072
4.10765
4.24919
4.44152
4.18520
4.32760
3.82903
4.26962
4.43592
4.34186
4.03260
3.87545
4.36343
4.32886
4.10757
4.08777
4.29935
4.52940
3.76668
4.33195
4.22506
4.36249
4.15390
4.40906
4.23576
4.37270
3.60014
4.22039
4.33336
3.85722
4.35395
4.34756
3.56308
4.27888
4.36671
3.90899
4.33940
4.10319
2.64608
4.11934
4.32869
4.20100
4.41354
2.17082
4.40662
3.47054
4.27905
3.55453
4.44884
4.10549
4.31897
3.00901
3.45264
4.16644
4.48178
3.09850
4.24611
4.31273
3.97863
3.90883
4.30971
2.19130
2.56484
4.12367
4.28100
1.51363
2.79223
4.29765
4.14653
4.31610
4.12145
4.09169
4.22952
4.25489
3.68793
4.02228
4.02532
2.30775
4.34836
4.33349
3.64041
4.40484
3.92913
3.91681
4.23749
4.44837
4.29854
4.48806
4.47609
4.09620
4.27470
4.35160
4.30535
3.32669
4.27696
4.38433
4.43433
4.24964
4.09205
4.47095
4.47475
3.72200
3.74340
3.44741
4.20560
4.43328
4.04787
4.45348
4.16612
4.48197
4.23262
4.43649
4.41009
4.31550
4.44075
3.49819
4.28107
4.42336
3.76044
3.75579
4.37202
1.58542
4.40162
4.21799
3.52528
4.46328
3.55465
4.29211
4.13096
4.16096
3.60778
4.44025
4.44145
3.81331
4.42635
4.26336
4.16507
4.35578
4.30896
4.11046
4.47224
2.99244
4.39825
4.33475
3.78033
4.24878
4.25228
4.18226
4.26154
4.46791
4.12349
4.09005
2.52162
4.33539
2.34600
4.43721
4.13168
4.23234
4.23096
4.42090
4.29106
3.75956
4.16654
4.25834
4.50418
3.21946
4.19092
4.28250
3.54351
3.93214
4.31173
4.46318
2.62577
4.43685
3.13387
4.37916
4.27281
4.48305
4.47951
2.59979
3.84202
3.90204
4.40117
4.36989
3.66606
4.23370
3.47109
2.49351
4.35292
4.46904
4.11777
4.40751
4.24400
4.44537
4.24647
3.70647
4.48384
4.39921
3.60389
4.33404
4.43198
4.07471
3.80062
4.42888
4.31951
4.29623
4.26247
4.32777
4.27487
4.44664
3.80799
4.35574
3.94831
4.09121
4.48112
4.02718
4.32469
3.86137
3.47415
3.98046
4.46229
3.79052
4.47806
4.28598
3.75993
4.14590
3.23612
4.13191
4.32740
4.32885
4.49146
4.38140
4.22922
4.38582
4.15066
4.44072
4.23111
3.39692
3.91866
4.51349
3.17403
4.07764
4.38974
4.42337
4.34378
4.23322
4.34101
4.36611
4.41282
4.23401
4.47117
4.36272
3.83817
4.24224
2.57378
3.87118
4.37907
4.25299
4.13709
4.18305
3.60018
2.97215
4.45064
1.87855
4.26790
4.14042
4.39460
4.37977
3.86963
4.31638
4.11621
4.23929
4.39244
4.48823
4.40865
4.23026
4.22685
4.30696
1.57684
4.26599
4.43678
4.30063
2.55979
4.35815
4.10268
4.37204
4.33180
4.25825
4.34657
4.51303
3.56550
4.16092
4.31706
4.40568
4.36170
2.65152
3.91326
4.16462
4.41661
4.50063
4.31913
4.35377
4.39461
4.46327
4.43886
4.32994
4.19049
4.15691
4.08777
4.41815
3.88853
4.38033
4.44298
4.30957
4.11354
4.31815
4.38316
4.23806
4.31773
4.40965
4.38038
4.20131
4.42843
3.58379
4.32721
3.61213
3.30596
3.55918
3.86024
4.10918
4.34511
4.15559
4.07170
4.45918
3.25025
4.42459
4.38667
4.44723
2.63859
3.87863
4.30733
3.84488
3.73646
4.40236
4.24651
4.31749
4.36610
4.13790
4.23197
4.17757
4.44249
4.21686
4.16441
1.91882
3.23473
4.50000
4.33465
4.10843
2.90913
3.28469
4.43414
4.01224
3.95629
4.44565
4.21855
4.07734
4.16419
1.56921
3.86877
4.16412
2.24092
4.33140
4.30265
4.10166
4.34925
3.75697
4.35020
4.17215
2.62778
4.24123
4.25612
4.43584
4.32235
3.00211
3.90584
4.06455
4.31168
4.31891
3.81194
4.42704
4.21023
3.94692
4.19514
4.34242
4.35634
4.09510
4.50594
3.50367
4.26153
2.02763
4.30725
4.10601
4.36286
4.20162
4.22498
4.29779
4.47891
4.20529
4.39791
4.40650
4.25329
4.41197
3.59545
4.44650
4.17249
3.38629
4.16251
3.92332
4.37118
4.44453
4.35439
4.37409
4.19683
4.38519
4.42011
4.06851
4.27849
2.80109
4.21061
4.30805
4.32486
4.30157
3.90447
4.30895
4.19417
4.32307
4.47259
3.99462
3.31501
3.88903
4.19569
4.35763
3.77627
4.37033
2.51774
4.09000
4.22590
3.37053
4.37069
4.22450
4.35658
4.51149
3.91859
4.44562
4.10761
4.42594
4.32258
3.26331
4.42023
3.78064
4.40497
4.47348
4.30041
4.31502
4.24208
4.25585
4.31202
4.34445
4.32484
4.20580
4.34309
3.83456
4.15229
4.13959
4.12695
4.01973
3.84865
4.38291
3.30572
4.43756
4.17656
4.51133
4.26705
4.35353
4.34842
3.40851
4.38731
4.36067
4.00227
4.16256
4.37958
3.84127
3.78272
4.48755
4.38680
4.39580
4.27954
4.38526
4.36747
4.02131
3.94844
4.42909
4.27629
4.23382
1.99311
4.27238
4.45270
2.18748
4.33712
4.10517
3.70775
4.32266
3.99689
4.33822
4.38622
3.95839
4.39838
2.34556
3.99224
4.33516
4.35046
4.27367
4.50866
4.19848
4.44166
4.33814
4.44209
4.41305
3.32336
4.46375
4.39581
4.38746
4.26939
4.13463
3.61244
4.30382
3.72288
4.24655
4.31101
4.48742
3.99626
4.07556
4.21334
4.20103
4.39444
4.15283
4.29052
4.06974
3.22967
4.10878
4.36845
3.77315
4.20244
2.93294
4.29324
3.68695
3.96344
3.58537
4.37933
4.42015
4.42718
4.11402
2.93697
4.27925
4.34581
4.34884
4.26277
3.04202
4.40517
4.38671
3.98961
4.38267
3.51605
4.47483
4.31984
4.32532
4.27331
4.16061
4.50288
4.00545
4.20373
4.28093
4.14219
4.20650
4.34870
4.39921
4.30486
4.42508
4.23885
4.05008
4.49565
4.20081
4.42344
4.38235
4.27634
4.30065
4.24660
4.45264
4.18468
4.34910
4.30116
4.20720
4.02661
3.10131
4.31561
4.35720
4.25201
4.25390
4.39436
2.69673
4.47639
4.19164
4.46800
4.00369
4.18862
4.47468
4.04086
3.86336
4.44021
3.59395
4.21484
3.85148
3.93504
4.26924
4.45799
3.93048
2.18987
4.39787
4.38698
3.87338
3.94092
4.46717
4.31414
4.36686
4.36103
3.81679
3.59927
4.27253
2.30658
3.98553
4.41431
4.26834
4.26423
4.45805
3.95755
4.32630
4.35500
4.05359
4.31765
4.25815
4.17672
4.02851
4.39452
4.47964
4.41627
4.07407
4.31937
4.38922
4.08686
4.32666
4.47000
4.16671
4.05076
4.44102
2.80553
4.29756
4.39242
4.04581
4.38783
4.05281
4.05066
4.22929
4.02509
4.28374
4.33024
4.40694
4.29426
3.83657
4.18077
4.49962
4.44825
4.33765
4.20834
4.11207
4.17010
4.12878
4.46570
4.39028
4.36727
4.24281
3.51230
4.12112
3.58101
4.29403
3.70258
3.85567
4.46462
4.31368
4.30375
4.22997
4.45268
4.15396
4.47138
4.23096
2.81441
4.42415
4.29084
4.32147
4.40257
4.34059
4.00269
4.20415
3.85556
4.39245
4.45775
3.97308
4.19988
4.44659
4.39164
3.78436
4.47642
4.38066
3.03760
4.44755
3.99663
4.34271
4.47567
4.26513
4.26538
4.30481
3.66838
4.13257
4.37696
4.30086
3.98322
4.50108
4.44921
3.70536
4.31398
4.14605
4.39698
2.94075
4.28803
3.96902
3.62641
3.71528
4.24376
3.95884
4.13983
4.43366
3.84603
4.23419
4.16490
3.30660
4.42964
4.34596
4.36948
4.51332
4.33666
4.22832
4.12418
3.30250
2.92894
4.27210
4.34726
4.36579
3.43519
4.30026
4.19868
4.32946
4.15404
4.20784
4.39187
4.44901
4.26151
4.33637
3.92422
4.39538
4.46605
4.03039
4.20090
4.48478
4.42240
2.23328
4.48535
4.35334
3.87556
3.98537
4.38735
4.02511
4.22420
4.14872
4.41131
4.18891
3.79237
4.34151
4.13017
3.26070
4.46051
3.97968
4.24271
4.00105
4.39854
4.31317
4.41800
4.18017
4.25869
4.14299
4.27756
4.26400
4.44982
4.00942
4.39123
3.68267
4.10693
4.27019
4.43220
3.93043
2.53395
4.36208
3.49648
4.08788
4.29018
4.33363
4.30085
4.25620
4.39254
4.05366
3.01593
4.31845
4.45221
4.36535
4.31214
4.25191
4.39142
2.80612
4.07259
4.44456
4.15702
3.69268
3.71762
4.39972
4.36451
3.68631
4.29760
3.98370
4.19172
4.06528
4.31125
4.32424
4.10068
3.34269
4.13861
4.44177
3.13667
3.88264
4.41870
4.02147
4.06899
3.61754
4.30311
4.24435
4.15095
4.14907
4.20473
2.74270
3.96059
4.36019
4.38243
4.15985
4.40243
3.24576
4.45928
4.19975
4.24543
4.30799
4.25987
4.46855
3.76637
3.96097
4.34063
4.44046
3.75450
4.47672
4.16268
4.27526
4.05802
4.33498
4.44155
4.20238
4.18148
3.90351
4.33331
4.40095
3.96940
4.30659
3.23347
4.16389
3.59697
4.41030
4.33029
4.21229
4.47154
4.48618
4.25872
3.78199
3.89570
4.39052
4.29374
3.50084
3.21409
4.17220
4.04103
3.97928
4.18070
4.48530
4.09726
4.12365
4.39184
4.47315
4.20908
4.27110
4.28470
4.45050
4.48464
3.27898
3.63891
4.23695
4.21745
4.15576
4.44839
4.09292
3.93543
3.99823
4.22684
2.55940
4.42715
3.83276
3.99831
4.28434
3.56590
3.36251
4.40372
4.00879
4.08629
4.31020
4.34867
4.35771
4.25942
4.30235
4.34715
4.35776
3.67225
4.43095
3.45200
4.31000
4.25416
4.48762
4.10638
4.39242
4.44464
4.01208
4.43655
4.46986
4.35186
3.99878
4.21721
4.20118
2.64146
4.07289
4.32513
4.19215
4.22896
2.33498
3.63071
4.34886
4.33098
4.49413
4.31068
4.11585
4.09976
4.23435
3.73795
3.26504
4.36888
4.34724
4.41328
3.77497
4.34072
4.39679
4.10692
4.45488
4.09255
4.20233
4.18696
4.14319
3.73678
4.46144
4.24566
3.67204
4.32195
3.36033
4.49115
4.29296
4.46429
4.40586
4.12769
4.28289
4.15789
4.49520
2.68082
2.79478
4.38849
4.51963
4.37388
4.30135
4.22987
4.48715
4.28935
4.32506
4.38537
4.20002
4.35681
4.34143
4.13425
3.96233
3.96669
4.50535
3.59510
4.34570
4.26299
4.19287
4.27033
4.07686
4.07355
4.17917
4.29135
4.36238
3.57259
4.36228
4.09844
3.31700
4.46172
4.28214
2.58079
4.43533
4.05155
4.32847
1.83962
4.10957
4.33206
4.37174
4.36947
4.41939
4.01492
3.75387
4.26353
4.41678
4.24769
4.33622
4.13003
4.23585
4.43834
3.89267
4.33585
4.40695
4.08567
4.41641
4.19354
4.32926
4.09630
4.12456
4.48210
4.22765
3.77936
4.38523
4.36424
4.08436
3.79497
4.26923
4.28514
4.31680
4.47553
4.34818
4.42725
4.37914
4.19902
4.27120
4.24173
4.40112
4.18418
3.70600
4.27070
4.46685
4.31141
4.38718
4.41952
4.19085
4.32267
4.18661
3.86462
4.39088
4.20063
4.21240
4.30708
4.47980
2.56798
3.89241
4.34423
4.48058
4.42325
4.43796
3.81218
4.26927
3.92163
4.44508
4.36929
2.04368
4.35961
4.46944
4.24384
4.14152
3.96956
4.12858
4.35882
4.39729
3.35348
4.48647
4.31632
4.47051
4.43635
4.28889
4.39338
4.25077
4.12033
4.26767
4.23275
3.51756
4.32537
4.22678
4.14785
4.42544
2.82573
4.48507
4.38527
4.42215
4.23330
4.38624
3.87028
4.34526
4.40846
4.11484
4.36213
3.66545
4.31114
4.41604
4.30299
4.21076
4.30161
4.42699
4.32627
4.31222
3.84490
3.93451
4.42562
4.43484
3.68745
3.57483
4.10867
3.82275
4.49412
4.10228
4.49707
4.16465
4.40354
4.34481
4.48502
4.13092
4.29238
4.40547
4.20152
4.49205
4.31873
4.22676
4.24446
4.36575
4.45918
3.99152
4.02235
4.26781
4.44681
4.01948
4.38372
4.14706
4.41330
4.35580
4.12637
2.86907
4.17377
3.89316
4.36826
4.47033
3.97511
4.31689
3.76498
4.19139
4.19339
4.40926
3.63189
4.29661
3.95687
4.10626
4.40489
4.13445
3.99011
4.24124
4.15933
4.25820
4.07168
3.51423
4.05156
4.06218
4.48041
4.06347
4.37550
4.39960
4.27073
4.33143
3.93664
4.42520
4.14919
4.08832
4.05235
3.88823
4.37572
4.33321
4.25716
4.45510
4.21005
4.06202
3.93882
4.40109
4.36773
4.48274
4.27166
2.56671
3.56411
4.26526
4.35191
4.42519
4.49081
4.38027
4.20299
4.45552
4.02793
3.96356
4.30547
4.44419
3.86868
3.93689
4.48939
4.36248
3.94706
4.46951
4.40813
3.95280
4.52370
4.09598
4.06303
2.13009
4.30320
4.32700
4.37260
4.44657
4.42339
4.45206
4.31883
4.08681
4.42470
4.19886
4.36612
4.45061
4.20122
4.33062
4.40701
3.37046
4.01432
4.32995
1.84094
4.12261
3.04964
4.33278
4.38383
4.23435
4.15813
4.07011
4.29297
4.08060
4.34144
4.12539
2.38345
4.20222
4.20228
4.09057
4.22362
4.49131
3.73631
4.29871
4.19374
3.53810
4.09203
4.23574
4.47899
4.30057
4.41169
3.95030
4.30231
4.12391
4.15023
4.24945
3.98439
4.14636
4.24885
4.14245
4.45844
4.48299
4.50958
4.28963
4.26281
4.50498
4.16424
4.16930
2.61503
4.35751
4.36760
4.09027
4.41961
1.97731
4.00087
4.15835
4.40777
4.44570
3.77446
4.40920
3.92169
4.23697
2.83235
3.83510
4.23084
4.00638
4.36725
4.41015
4.48839
2.93251
4.35539
3.64249
4.25625
3.65697
3.87402
4.12876
4.33475
4.05633
4.06943
3.87385
3.56184
4.24824
3.32013
4.33800
4.36301
4.32379
3.41019
4.08641
4.21365
4.06294
4.09267
3.80940
4.38198
4.09499
4.28165
3.74376
3.39103
4.40502
4.14000
4.42933
4.35819
3.92733
4.42191
4.03761
4.20054
4.35324
3.60990
3.84434
4.20236
4.07711
4.46558
4.10122
4.47416
4.17362
4.29432
4.38652
4.35293
4.48511
4.37300
3.44028
4.48675
4.49823
3.65334
4.24500
4.38423
3.00743
4.42563
4.43767
4.31619
4.38907
4.34044
4.39212
3.03063
4.30159
4.19878
3.95294
4.42007
4.35470
4.00811
3.98493
4.44535
4.21544
4.47118
4.27736
3.75183
4.40677
4.43764
4.18710
4.28555
4.49600
4.07179
4.27512
4.26961
4.14465
3.93298
4.23689
4.47118
4.16130
3.99783
4.29704
4.32099
4.16537
4.46609
4.43908
4.28020
3.81773
2.55129
3.99005
4.17646
4.28819
4.24523
4.39198
3.64217
4.47125
4.34951
4.18240
4.24875
3.93501
4.28549
4.07117
4.14643
4.01110
3.90355
3.24718
4.43140
4.16016
4.37060
3.70493
3.98788
4.34985
4.37334
4.44560
4.26150
4.27535
4.07440
4.41333
4.30259
4.37373
4.38846
4.23880
4.30289
4.21277
4.27655
4.28789
3.53494
3.96703
4.24585
4.12191
4.17843
4.48289
4.45900
4.15198
4.26947
4.24414
3.00390
4.18173
3.52914
2.41498
4.33804
4.21662
4.16680
3.90189
4.32501
3.62548
4.10581
3.52498
4.37385
4.42062
4.32916
4.20678
4.33315
4.23853
4.46459
4.12819
3.67301
3.84119
4.02075
3.71013
4.29658
4.36553
4.45855
3.11582
3.89574
4.44942
4.41335
3.60940
3.02525
3.97618
4.36181
3.79178
4.42397
4.31500
3.93465
4.45601
4.44240
4.35982
4.51708
4.12942
2.77427
4.30393
4.30639
4.35510
4.42158
4.35286
3.35229
4.48463
4.44463
3.67218
4.38698
3.85688
4.36290
4.30543
3.91494
4.35553
3.44666
4.36431
2.68691
4.26782
3.42640
4.01882
4.28607
3.89792
4.36781
4.38271
4.41188
3.24849
4.29675
2.41908
4.35297
4.39046
4.21731
2.74595
4.45148
4.50335
4.31119
4.41716
4.11331
3.60748
2.82872
4.34830
4.45372
4.42789
4.43639
4.03174
4.28933
4.28272
4.18964
3.95046
2.56325
4.08606
4.17951
4.00534
4.46007
2.76270
3.80341
4.37671
4.16272
2.04269
4.48739
4.00643
4.14232
3.18924
4.23762
2.75181
4.20319
4.23440
4.41018
3.97504
4.50298
4.35804
3.99759
4.38592
4.30265
3.65677
4.39823
4.03441
4.06821
4.22567
4.40901
4.06063
3.54173
4.26793
3.98453
4.17993
4.31581
4.47439
4.43989
4.28374
4.37891
4.46477
4.24637
3.69534
4.32643
4.41027
4.18507
4.35569
4.41378
4.31484
4.08665
4.37605
4.40719
4.41878
4.08046
4.48528
4.48180
4.48624
4.34343
4.10183
4.39069
4.32859
4.39853
4.36094
4.10315
4.27073
4.41799
4.17402
4.21179
4.40702
4.14353
3.74422
4.15548
4.44227
3.75752
4.36142
4.32316
4.32309
4.45572
4.39464
3.87456
4.43043
4.36094
2.88327
4.36866
4.38341
2.52174
4.42862
3.86846
4.32452
3.64863
4.04484
3.58510
3.81450
4.11778
4.43142
4.46134
3.23943
4.12267
4.28104
4.32552
4.36201
4.45340
4.24570
4.36114
4.38759
4.44203
4.41425
4.11444
4.20956
4.24537
4.16210
4.00541
4.14122
1.83252
4.14076
4.47188
3.89861
4.03487
4.38133
4.15701
3.71052
3.79931
4.26517
4.44267
3.94176
4.16451
4.17470
4.37313
4.48688
3.99105
4.36664
4.31745
2.70088
4.49764
3.87294
4.37779
3.69941
4.26718
3.50482
3.64621
4.12654
4.12898
4.43474
4.23799
4.24036
4.34067
4.50197
4.14735
4.42518
4.37927
3.84488
3.17109
4.21925
4.30940
4.33197
4.29188
4.29526
4.32549
4.39458
4.29488
3.71771
4.22369
1.86687
3.91557
4.33134
3.66695
4.29971
4.31105
3.37331
4.43306
4.44332
4.20549
4.07774
4.40628
4.13256
3.52458
4.25400
4.37075
2.44075
3.30790
4.07342
4.45461
4.34958
4.21277
4.47375
4.31890
4.29515
4.17767
3.60054
4.08238
4.41230
4.32184
4.24934
4.08893
3.94929
4.05529
3.63780
4.42389
4.36134
4.40851
4.30419
4.42911
4.38244
4.20595
4.44935
3.93098
4.07209
4.33456
4.21916
4.48137
3.97661
4.26095
2.98987
4.32262
4.41794
4.23904
4.33844
4.29309
4.42590
4.36494
4.21020
4.13280
4.26745
4.20914
4.43049
4.20245
4.25206
4.42979
4.28967
3.99111
4.26019
4.11395
4.41955
4.40285
4.06009
3.89163
4.39258
4.33981
3.28114
4.33164
4.40104
4.28729
4.35418
4.29160
4.30322
4.41440
4.40276
3.88688
4.23901
4.42067
4.35848
4.40331
4.42232
4.41551
4.25376
3.93674
4.33173
3.80418
4.27408
4.46791
4.38646
4.28970
4.44250
4.13689
4.41451
4.40056
4.22182
4.37967
4.39367
3.80679
4.10070
4.44715
4.10156
3.87673
4.26738
4.33985
4.32932
3.49788
4.16484
3.91341
4.24211
4.24607
4.37828
4.48666
4.06166
4.28174
4.41801
4.43182
4.49990
3.75473
4.41402
4.22036
4.03758
3.95427
4.42970
4.37792
3.47905
4.33913
4.27222
3.40686
4.09111
4.35115
4.45450
4.45259
4.34552
4.46777
4.49427
3.89794
4.30546
4.31209
4.42428
3.88233
3.79994
4.42170
4.39509
4.44003
3.97871
4.40070
4.46310
4.14859
4.19912
4.46314
4.35817
4.35190
4.00229
4.45519
4.35751
4.13789
4.14095
4.45060
2.37547
4.17821
4.43110
4.18809
4.40330
4.48205
4.48223
4.29570
4.38282
4.49046
4.35235
2.73582
4.43623
4.45494
3.99313
4.19164
4.03843
4.26136
3.96163
4.46581
4.44747
4.34378
4.24597
4.41402
4.17125
4.39845
4.04356
4.46695
4.18671
3.09434
3.28104
4.46064
4.35321
3.96201
3.88207
4.41327
3.75948
2.98636
4.32355
2.78480
3.84060
4.30404
4.08821
4.09218
4.32429
4.12203
3.98605
4.35768
4.45518
4.00582
4.23296
4.30389
3.15665
4.37450
4.07127
4.41609
4.09224
3.51902
4.29965
3.83371
4.38102
4.29556
4.03757
4.31579
3.87317
4.30972
4.29135
4.26967
2.84391
3.99082
3.89537
2.14537
4.40519
3.56574
3.66478
4.07359
4.37568
4.04502
4.37021
4.17811
4.38683
4.13567
4.09295
3.24572
3.13037
4.30976
4.23176
4.36794
4.39034
3.84884
4.20736
4.31485
4.32374
3.21795
4.15434
4.24100
4.34029
4.27174
4.27261
4.12233
4.34773
4.37825
3.90275
3.56806
4.07669
3.40035
4.14114
4.02298
4.27896
4.30478
4.46717
2.62004
4.36579
4.34671
4.23289
4.46489
4.36747
3.14355
2.69498
4.31727
3.78587
4.13368
4.14039
4.24008
4.43566
1.42233
1.94973
4.08842
4.44134
4.37108
4.46293
4.39717
3.51585
4.33386
4.34081
4.08815
4.40885
4.32867
4.42278
4.26029
4.25305
4.23360
4.31425
4.13977
3.07620
4.38742
4.28709
4.05279
2.82271
3.94269
4.13717
2.83556
3.63842
4.28253
4.05429
4.30819
4.45423
4.40837
4.48033
4.11309
4.39112
4.39217
3.95502
4.30002
4.32200
4.39855
4.02315
3.42056
4.42816
2.94146
4.31545
4.02679
4.33726
4.36970
4.22666
4.34103
4.25429
4.29246
4.00413
4.21521
4.27940
3.52365
4.31870
4.22961
4.38274
4.40115
4.19708
4.40665
4.30503
4.43226
4.13195
4.15520
3.90122
4.09480
3.95861
4.35683
4.24674
4.35881
4.30446
4.21963
4.15801
4.26489
4.15698
4.10355
4.29719
4.27894
4.39488
4.31071
4.26849
4.00601
4.38328
3.56982
3.69241
3.35908
4.08163
4.26480
4.34084
4.48793
4.30928
4.42291
4.30257
4.39375
4.08921
3.16793
4.35946
4.07142
4.25344
4.28375
4.25633
4.38914
4.16389
4.43545
2.57315
2.93097
4.45780
3.82237
4.01055
4.19611
4.13632
4.42861
4.36842
4.47701
4.28705
4.43558
3.94844
3.84491
4.30207
2.97888
4.21857
4.24535
4.39362
4.43436
4.21900
4.41555
4.46060
4.34658
4.15384
3.81050
3.88685
4.40496
4.30308
4.16932
4.38725
3.79623
4.27028
4.26893
4.05864
4.26607
4.43093
4.12003
3.39666
4.21256
4.47058
4.39970
4.05527
4.43133
4.26998
4.48445
4.32585
3.25490
4.43709
3.36705
3.87873
4.21531
4.15814
3.98560
2.48128
4.11862
4.45432
4.30012
2.84877
4.48930
4.18922
3.67936
4.29853
4.32497
4.38005
4.30712
4.16609
3.78966
4.15634
4.28563
4.40862
4.48990
4.35088
3.47665
4.39599
4.12777
4.46362
4.46125
4.11993
2.84107
4.30865
4.30229
4.29879
4.24903
3.95901
3.82829
4.13941
2.43955
4.46517
4.01845
4.19016
4.39424
4.32679
4.29989
4.27750
3.96934
2.50186
3.96352
4.18059
2.55484
3.48139
4.32988
4.13184
4.40476
4.13662
4.33381
4.31709
4.06925
3.56961
4.42985
4.38642
4.29066
4.34994
4.46154
4.37191
4.47130
4.38112
2.97166
4.29085
3.95426
4.06601
4.25254
4.30303
4.32691
4.26851
4.26760
4.08665
4.40089
4.24454
4.25532
4.35833
4.17134
4.25599
3.59756
4.37821
4.30107
4.38626
4.38007
4.26958
4.42382
1.97772
4.48565
4.41006
4.04430
4.38143
4.44715
4.40641
4.42025
4.45060
3.92470
4.08822
4.35166
4.29050
4.13052
3.57056
4.42127
4.05831
4.23733
4.50200
4.31751
3.95741
4.45800
4.09730
4.23566
3.54475
3.38139
4.31466
4.25222
4.31667
1.28278
4.24020
4.21085
3.51146
4.33254
4.25626
3.73349
3.92502
4.44290
3.01681
4.11503
4.11434
4.43266
4.43848
4.01989
3.52001
4.39445
4.45138
4.12618
4.32524
4.06182
4.42179
4.49919
4.45993
4.47678
4.32714
4.27246
1.77984
4.07389
4.36781
4.07413
4.19190
3.86439
4.37430
4.18583
3.81248
3.03549
4.41571
4.42920
4.25206
4.27611
4.16876
4.30086
4.31308
4.16165
3.98878
3.66561
4.49693
4.21014
4.46791
3.32209
4.38899
3.76150
3.90227
4.51703
4.03824
4.46501
4.44353
4.20224
4.05994
4.10478
4.42657
4.41530
4.25939
2.26576
4.04649
4.39818
4.36318
4.18738
4.33473
3.94962
4.27048
4.37319
4.38763
4.39795
2.22433
4.37294
4.28649
4.15188
4.42297
4.24446
4.31016
4.31597
4.09377
4.49723
3.44274
4.31568
4.13535
4.52615
4.03092
4.47018
3.84990
4.19050
4.16694
2.68824
4.35114
4.22568
3.53684
2.57109
3.23209
2.64570
4.02924
4.50767
4.32020
4.30358
4.46157
4.11561
4.01060
3.61467
3.89271
2.62072
4.28095
4.33755
4.21451
4.36203
4.29851
4.16812
4.30180
4.38933
4.26674
4.43935
4.03282
3.35836
4.33157
4.46752
3.97698
4.37683
4.13726
4.27320
4.50667
4.43849
4.31985
4.07977
3.87669
3.28732
4.19121
4.43962
4.23665
4.36398
4.45484
4.09072
4.30425
4.43880
4.33263
4.36373
3.51247
4.12343
3.73023
4.38176
4.23171
4.44215
4.45315
4.35766
3.94787
3.73490
4.03578
4.45361
3.61841
4.05841
4.37774
4.41763
4.48483
4.36303
3.35463
4.33013
4.07181
3.78982
4.01950
4.45789
3.72828
4.38420
2.38563
4.33818
2.81237
4.40734
4.40647
4.19771
4.18507
4.40983
4.19569
4.43456
4.24084
4.20149
4.25762
4.07934
4.33195
4.17992
4.25937
4.26472
4.37633
4.45234
4.43182
2.34716
4.41544
4.33494
3.67351
3.34497
4.21283
4.37480
4.20125
4.40530
4.40703
3.96302
4.51424
2.88068
4.44981
4.39376
4.47835
3.87447
4.32655
4.16805
4.26725
4.04274
3.68001
4.25606
2.50690
4.12873
4.39576
4.45505
2.94725
4.52556
4.37974
3.67296
4.20000
4.40512
4.30338
2.56135
4.30003
4.34916
4.35521
4.48960
1.58579
4.21886
1.88901
3.74019
4.21034
4.28472
4.07028
4.39599
3.84544
4.36016
3.31186
2.79952
4.37357
4.32213
3.79313
1.91870
3.67979
3.94434
3.50895
4.38411
3.62629
4.40115
4.43350
3.51057
4.42739
4.17298
4.50093
4.02729
4.45508
4.46444
4.29806
4.05978
4.39589
4.36209
4.47285
3.79501
4.13510
4.41100
4.33829
4.40497
3.88975
4.26377
4.41277
4.26776
4.28828
4.33293
4.37178
4.04387
3.47173
4.04659
3.95872
2.59079
4.28899
4.20366
4.38100
4.30194
4.13681
4.34059
4.02213
4.28909
4.07820
4.21565
4.30992
4.17791
4.32187
4.22251
4.36753
4.22904
4.43098
4.11326
3.06227
3.85607
3.97223
4.23684
3.61119
3.08860
4.07918
4.43515
4.39481
4.20687
4.11775
4.44019
4.06237
4.00742
3.98129
4.18786
2.86920
4.46426
4.39400
4.31681
4.27973
4.46559
2.74116
4.33461
4.46279
4.35771
4.07770
4.41660
4.03678
2.98019
4.40420
4.12147
3.70296
4.21365
4.43526
3.76136
4.38771
4.04924
4.01802
4.12199
4.06874
3.68693
4.13792
4.23976
4.47374
4.04366
3.82788
3.66239
3.74709
4.48177
3.40848
4.43881
4.36268
4.42983
3.57874
4.12064
4.20771
4.42304
3.52375
4.21617
4.43171
4.44169
3.99797
4.32523
4.13580
4.17755
4.08736
3.87888
3.32135
4.39760
3.43347
4.01963
3.26748
4.38738
4.28862
4.43502
4.22251
4.40151
4.44035
4.33916
3.85437
4.40246
4.08326
4.38496
4.48296
4.07245
4.47270
4.10862
4.32574
4.34183
4.04048
4.44543
3.41416
4.26005
3.42442
4.14721
4.29501
4.06424
4.51118
4.41364
4.17896
4.41812
4.03626
4.49166
4.40807
4.15949
3.07577
4.51005
4.21300
4.22561
4.39027
4.36619
3.59196
4.07138
4.33661
4.45420
3.09520
4.20994
4.37194
3.88994
4.21916
4.38538
4.22218
4.35341
3.72106
4.30376
4.15788
3.68222
4.26695
4.11047
4.20829
3.44033
4.17898
3.96277
2.04653
3.82541
3.55979
4.37012
4.38590
4.06496
4.40969
4.26933
3.64751
4.40908
3.03605
3.31632
4.34594
3.84644
4.20088
4.19510
2.59082
4.39002
4.42932
4.21249
3.23279
4.08449
4.30580
2.93324
3.77162
3.24617
3.81682
4.28134
4.32940
3.38382
4.22860
4.32477
3.87266
4.23160
4.40843
4.34583
4.33950
4.22256
4.27815
4.34545
4.19031
4.43983
3.85541
2.25151
4.45423
3.22097
4.26372
4.39560
4.17084
3.10578
2.18385
4.46123
4.30482
3.67024
1.70520
4.16976
2.88576
4.44126
4.23811
4.38539
3.99348
4.28355
4.26810
3.27190
4.25502
4.15485
3.68795
4.27726
4.34708
4.42574
4.51048
3.90316
3.95133
4.25444
4.09946
4.21075
4.33619
4.36075
4.10348
4.17355
3.48718
4.46175
4.29203
4.47259
4.36672
4.04375
4.22535
4.40122
4.35379
3.59195
4.21668
3.62467
4.46148
4.22370
4.16549
4.45440
4.01736
4.41953
4.40935
4.32397
4.39239
3.92920
3.72419
4.38128
4.34958
4.31237
4.47295
4.42741
4.29157
4.17467
4.12062
4.27560
4.41380
4.07118
4.46489
4.02842
4.07334
4.11485
4.35861
4.38191
4.18422
4.13674
4.34460
4.43597
3.69562
4.41099
4.36329
4.33560
4.41663
4.41549
4.08497
4.39169
3.91719
4.43498
4.21485
4.12363
2.93704
4.43480
4.35152
4.35962
3.51002
4.39659
4.40055
3.86439
4.31761
4.15076
4.21700
4.27096
3.97055
4.13496
4.12264
4.38762
4.40801
4.24423
4.41543
4.22378
4.40537
2.71096
4.25729
4.11111
4.28817
4.30454
2.25540
4.23941
4.45082
4.46327
4.37921
4.32550
4.42631
4.39561
4.20506
4.35580
3.73765
3.53231
3.57503
2.84164
3.36178
4.03688
4.39317
4.44617
2.78072
4.39135
4.44022
4.30937
4.34995
4.25190
3.35763
4.20070
4.46779
3.91238
4.09960
3.35519
4.47932
4.28741
4.23860
4.15502
4.03391
4.40309
4.31907
4.23880
4.45359
4.45967
4.15647
4.41836
4.39274
3.86422
3.04570
4.41606
3.89678
3.03401
4.46784
4.44095
2.28614
3.85977
4.40913
4.31563
4.32150
3.96073
4.08168
3.88022
4.34891
4.17610
4.31047
3.21635
4.04922
4.16991
4.12720
4.45093
3.47274
3.37325
4.49878
4.37203
4.34044
4.26109
4.19059
4.21664
4.35312
4.39809
3.49981
4.06898
3.76489
2.30212
4.41600
4.34292
4.39365
4.19811
4.00011
2.51178
4.41222
4.36506
4.23371
4.00718
3.73223
4.10115
2.93118
2.23287
4.17340
3.49510
3.91306
4.24486
3.25225
4.20797
4.39306
4.46715
4.31317
3.88840
3.63551
4.45974
4.05661
4.43836
4.11234
4.11762
3.73426
4.25924
4.36263
3.89908
4.02189
3.68636
4.38069
3.92854
3.79228
3.92910
4.05249
4.21706
4.21432
4.38026
4.32498
4.47557
4.43435
3.94012
3.14121
3.76094
4.35450
4.31531
2.86008
4.37883
4.33547
4.44822
3.91407
4.44721
4.20088
4.46715
4.30482
4.38039
4.02013
4.29560
4.35831
4.42578
4.29045
4.49697
4.36758
4.23997
4.30219
4.17870
4.08799
4.09517
4.43784
4.43598
4.34559
4.47931
4.35686
4.12608
3.37845
4.45391
3.87416
3.12953
4.10113
4.04526
4.30697
4.49976
4.39924
4.40443
4.37921
4.18318
4.15678
4.33541
4.14937
4.12126
4.20793
4.40847
4.47883
4.39848
4.33792
3.90923
3.26188
3.96405
4.24058
4.42965
4.10929
4.07972
4.34199
4.18639
3.38008
4.46437
4.21552
4.18092
2.46592
4.38272
3.73461
4.22227
4.27388
3.07624
4.08112
4.14197
3.89967
1.81638
4.28159
4.46009
3.89825
4.38817
4.31112
4.04861
4.45508
3.44551
4.39723
4.41752
4.20710
3.43777
4.40094
4.15255
4.29999
4.16069
4.10921
4.23797
4.25936
4.21827
4.36585
4.02606
3.73288
4.37812
4.44515
4.12753
2.49052
4.36547
4.35893
1.79840
4.44863
3.66705
4.14422
2.74773
3.60137
4.26102
4.23535
4.39768
3.29532
4.40770
4.31838
4.28825
4.24318
3.61145
4.30107
2.95536
4.42669
4.48545
4.14553
4.08539
4.31309
4.31705
4.09875
4.37365
3.85283
3.62456
3.52233
3.74573
4.48005
4.38227
4.27825
4.47523
3.47679
4.40773
4.34158
3.81767
4.22373
4.42750
4.45257
3.84964
4.05771
4.32843
4.31048
4.39704
4.42163
4.41201
4.03102
4.47121
4.44875
3.73183
4.40662
4.30566
4.40526
4.23607
4.25007
4.31005
4.12599
4.00106
4.38432
3.90067
4.27019
4.32684
3.64325
4.04774
4.28487
2.74812
3.75329
4.29603
3.72602
4.37946
4.23863
4.46639
2.80128
4.14114
3.68908
4.17910
4.32677
3.29289
3.87619
4.25523
4.13736
4.29583
3.21898
2.30101
4.23456
4.47002
4.13263
3.86723
4.34843
3.91485
3.84556
4.30963
4.07433
4.02806
4.20534
4.33338
4.37242
4.48051
4.49412
3.41407
2.28247
4.11751
3.99927
4.39479
4.33327
4.33749
4.01335
4.26926
4.10392
3.52482
4.27800
4.15657
3.88104
4.30368
4.50276
4.44065
2.74925
4.35130
4.19122
4.37483
3.90416
3.21020
4.31861
4.10876
4.26509
4.28845
4.13832
3.09791
4.36951
4.07902
4.39067
4.02169
4.18513
4.48120
4.21063
4.38962
3.93156
4.29211
4.31710
4.39775
4.34048
4.20167
4.31695
3.98847
4.19099
4.29217
4.07421
4.12813
4.45012
4.47023
4.12183
4.27418
4.31286
4.05168
4.42602
4.23800
4.22284
4.44842
3.98920
4.05333
4.41986
3.86718
2.67195
4.18690
4.37862
3.81650
4.40989
4.43484
3.60639
4.19198
4.04584
4.33859
4.25829
3.74922
3.63060
3.92140
4.24036
3.51669
4.41867
4.28968
4.49239
3.80883
3.75310
4.21140
4.43638
4.17581
4.44575
4.50377
4.37946
3.91988
4.32554
4.10147
4.29307
4.32510
4.48082
4.33515
3.99067
4.41968
3.94534
4.15791
3.19239
4.38575
3.89388
4.14422
4.31079
3.59967
4.23070
4.07087
4.15188
4.00976
4.40048
4.44485
2.82145
3.93296
4.49193
4.18308
4.43475
4.46244
4.30636
4.41262
4.28459
4.31804
4.40657
4.14734
3.82188
3.98271
4.28504
4.26316
4.26555
4.28740
3.95293
4.26037
3.86927
4.46005
4.06345
4.39049
3.03114
4.40307
3.88985
4.24498
4.31108
4.34572
4.42514
4.28289
3.80903
3.74736
3.38959
3.88488
3.86574
3.20164
4.41698
4.43850
3.28013
4.45123
4.46844
4.41261
3.92045
4.38574
3.96407
4.21486
4.21590
3.54153
4.39379
4.39248
4.41223
4.09126
4.24881
3.87787
4.49892
4.44950
4.13337
2.52411
4.23148
3.88943
3.15375
3.87093
4.39715
4.26128
4.23378
4.08640
3.93979
3.21710
3.85179
4.35478
4.36346
3.78230
4.41041
3.89485
3.86393
4.39072
4.23000
4.22333
4.25686
4.35108
4.38780
3.55108
4.40952
4.36559
2.03268
4.44036
4.40817
4.32671
4.46073
4.00982
4.40747
4.36990
4.15458
4.44268
3.85610
4.47675
4.47553
4.11755
4.18649
4.21393
4.30827
4.25716
4.12348
4.18074
3.94313
4.46361
4.42007
4.42443
4.12123
3.76489
4.35890
4.43878
4.49627
4.53374
3.77300
4.49719
4.36633
4.37439
4.44197
4.05015
4.47286
4.36140
4.45042
4.30968
2.39273
4.31587
4.15567
3.79978
3.50730
4.18273
4.09060
4.42058
4.43165
4.31873
3.81047
4.18639
3.92795
4.46053
3.68788
4.38708
4.47045
4.39703
3.69460
4.40376
3.91513
3.91577
4.16453
3.61216
4.22668
4.24247
4.28066
3.51252
2.62154
3.43992
4.10219
4.38488
3.14921
4.31123
4.26001
4.50282
4.25093
4.35505
4.28404
4.33262
4.37054
4.13621
3.54518
4.31265
4.43368
4.45832
4.41691
4.45077
4.00050
4.38615
3.91035
4.45746
4.39756
4.38350
3.55581
4.01855
3.57288
4.09193
4.43843
3.84144
4.16530
4.30848
4.27309
4.47318
4.15045
4.13921
4.39385
4.44311
4.36030
4.17014
3.78052
4.09797
4.44380
3.92687
3.63357
4.28829
4.36561
4.39990
4.19070
3.38446
4.20569
4.32892
3.75962
4.28082
4.35840
3.69259
4.53633
4.23314
4.37663
4.45033
4.37385
4.40266
4.36471
4.36016
3.89402
4.40678
4.23759
4.47055
4.20953
3.53581
3.44000
3.94511
4.25175
4.42464
4.41160
4.38515
3.66651
4.45808
4.48547
4.15877
4.15528
3.73080
2.47222
3.98690
4.49112
4.42967
4.34228
4.11338
4.28303
4.17610
3.07889
4.39939
4.23763
1.87202
4.25963
4.31102
4.47603
4.43805
4.11248
4.30681
3.89175
4.39732
3.95216
4.13231
4.32966
4.29738
4.19982
3.88689
4.39134
4.49467
2.88161
4.05042
4.08203
4.28189
4.39884
4.29144
3.78434
4.42830
3.86374
4.10984
3.91036
4.45783
4.42273
4.19343
4.45070
4.35462
3.91462
4.41687
4.35528
3.45249
3.74960
4.41194
4.31757
4.12983
4.41433
4.40236
4.35929
4.10782
4.38184
4.21423
4.17348
4.22431
3.85702
3.99273
3.96118
4.15771
4.47976
3.93214
3.85762
4.43535
4.36071
3.76733
3.66404
1.99832
4.35569
4.42329
4.38505
4.34888
4.20860
3.83104
4.39814
4.42165
4.31977
4.03112
4.41603
3.79396
4.40625
4.06984
3.65071
4.22743
4.40822
2.59790
4.27988
4.25928
2.20182
4.33845
3.81191
4.44943
4.34911
2.28980
4.45708
4.35888
2.54669
4.44525
3.50468
4.05079
3.87457
3.86655
3.90714
4.46120
4.37351
4.30407
4.19353
4.29115
4.32458
2.53322
2.85317
4.35892
4.45853
3.74907
3.67118
4.24547
3.89172
3.32766
4.26477
4.02982
3.22192
4.44652
4.25954
4.16096
4.37323
4.39943
3.73750
4.29350
4.20563
4.35242
4.43894
4.25294
2.44696
4.33780
4.32539
4.45406
4.39187
4.45391
4.45161
4.46764
3.98650
4.41737
4.43287
4.12837
4.32947
4.32292
4.21534
4.23868
4.14060
4.47634
3.51052
4.43482
4.39236
4.27854
4.08235
4.28474
3.94332
4.39307
4.28863
4.21105
4.31768
4.15701
4.46558
4.47199
1.82700
4.26809
3.73014
4.35446
4.50087
4.17064
4.44294
4.48485
4.39836
4.33986
2.77524
4.30570
3.72514
4.14520
4.24852
4.42027
4.52444
4.36618
3.87358
4.44050
4.44979
4.44785
3.90056
4.37754
3.47195
4.39743
4.12469
4.40957
2.11664
4.32457
4.50977
3.85791
3.23470
3.66047
1.38043
2.14838
4.41142
4.32093
4.45951
4.36290
4.37501
2.83564
3.84553
4.14628
4.34055
4.27627
3.83222
4.12762
4.14282
3.88867
4.44300
4.51049
4.35695
4.11712
3.94191
4.39159
4.18844
4.36467
4.25630
3.62159
4.48332
4.38277
4.29056
4.42746
4.20841
4.16181
4.15295
3.39273
3.79183
4.41426
3.95746
4.15545
4.41222
4.23201
3.73569
4.08718
4.21251
4.52564
4.34765
4.44630
4.10760
4.42640
4.18428
4.15272
4.33214
4.44288
4.48339
4.46259
4.20753
3.97895
3.58050
4.21745
4.14431
3.56559
4.05905
4.46894
2.43823
4.52993
3.99216
4.47197
4.44016
4.33030
3.89646
4.46529
4.37903
4.20189
4.40251
4.45206
4.37520
4.01782
4.06004
3.84459
4.44352
3.90216
4.44074
4.22115
2.93481
4.40897
4.33628
4.03953
4.13543
4.42068
4.03348
4.06958
4.21593
4.46277
4.25060
4.15230
4.40961
3.91455
4.37894
4.37052
2.69118
3.84562
4.42521
4.45192
3.86595
4.13923
4.45233
4.38993
4.22325
2.71450
4.36244
4.42530
3.86453
4.41859
4.27388
3.78859
4.48354
4.48817
4.38750
3.93746
4.30692
4.36271
4.36256
4.24266
3.92656
4.38913
4.02153
4.12128
4.11975
4.08158
4.30084
4.32181
4.42464
4.27119
4.47248
4.46030
4.34893
4.40009
4.08725
4.02412
4.24432
3.53527
3.93815
4.42048
4.14913
4.09510
4.41856
3.80893
3.89687
4.49692
4.06752
2.84683
4.12005
4.34969
4.30948
4.21630
4.28136
4.35879
3.69635
4.15235
3.45232
4.37965
4.19491
4.31000
2.41756
4.05410
4.46850
4.47227
4.26158
3.98799
3.82789
4.27872
4.39869
3.10060
3.84920
4.43514
4.00161
4.22025
4.00142
3.53319
4.22103
4.27191
4.35764
4.27563
4.21492
4.44244
4.38309
4.27574
4.43855
4.45280
4.16143
4.40393
4.22618
4.08145
4.30079
4.47943
3.93625
3.87324
4.08873
3.80538
4.47184
4.32642
4.16900
4.17949
4.24382
3.81381
4.19227
4.19509
4.44834
4.43797
4.26281
3.75772
4.11957
2.10740
3.97762
2.09783
4.28147
4.34861
4.37560
3.20480
4.25786
4.09658
1.81407
4.34006
4.41200
4.07175
4.33771
4.32840
4.39162
3.31866
4.29256
4.48381
4.30817
3.80826
4.05821
4.41865
4.31823
4.46829
3.87601
4.28199
4.27841
4.27082
4.40248
4.27428
4.09280
4.35685
4.42810
4.45558
3.31802
3.97594
4.41028
4.32268
4.20752
4.33701
4.30659
4.46399
3.80944
4.47457
4.31511
4.34988
4.41207
3.61502
4.37765
4.46973
4.14379
4.28328
4.30960
3.90919
4.28765
4.24240
3.87563
4.23287
4.52256
4.35002
4.17284
4.43730
4.12480
4.17229
4.19185
1.53898
4.41471
4.32837
4.22371
2.79304
2.91133
4.12622
4.44598
4.25775
4.37697
3.45767
1.54871
4.12306
4.25986
2.89457
4.00272
4.34297
3.95798
4.26095
4.21895
4.24779
3.70969
3.44730
4.07474
4.37133
4.08593
3.99542
4.09912
4.38230
4.39134
3.55521
4.35240
3.66860
4.49450
4.39906
4.37432
4.00338
4.40969
4.15801
4.24729
4.32088
4.41045
3.98191
4.34069
4.08534
4.31616
4.21163
3.17817
4.38733
4.19759
4.39572
4.12699
4.24589
3.75188
4.41492
4.43409
4.37885
4.37965
4.44213
3.84822
4.29991
4.06885
4.08036
4.22421
4.38435
4.33865
3.61781
4.01476
4.44195
4.41501
4.45938
4.37611
4.45520
4.48185
4.28855
4.17977
4.40573
4.43407
4.45110
4.48035
4.46145
4.43801
4.05947
4.01858
2.52723
4.43354
4.14929
4.04836
2.85487
3.99926
4.09985
3.83795
3.41212
4.32258
4.36688
3.86841
4.24133
3.98873
4.40529
3.85739
4.31538
3.97201
3.80655
3.29244
4.31845
3.37334
4.31261
4.12661
4.10225
4.23890
4.46603
4.51475
4.43813
3.91490
4.40946
4.11260
4.43308
3.94100
4.16138
4.02368
4.31080
4.34567
4.34027
4.34365
3.56868
4.18115
4.21001
4.34181
3.80385
4.31219
4.27903
4.34272
4.33299
4.23665
3.76237
4.21024
4.33069
4.43932
4.06792
3.16948
3.25070
4.15734
4.07665
4.11533
4.28914
4.24660
4.24330
4.32450
1.89785
4.37607
3.77190
4.16197
4.23111
4.33362
4.21049
4.15104
4.44919
4.25728
4.19772
4.38640
3.90530
2.30814
3.18616
4.16387
4.49320
4.28498
4.38246
4.25257
4.27719
4.47250
3.80552
4.15469
4.42355
4.18150
3.91555
3.86320
4.43042
4.08310
3.93435
2.89130
4.52429
4.43328
4.15599
3.95412
4.46067
4.11072
4.20186
4.02923
4.33899
4.39725
4.09493
4.41169
4.07999
4.40302
4.41081
4.34214
3.79301
4.30614
4.45655
4.30804
3.50090
4.38787
4.31072
4.46511
4.32894
3.80244
4.35408
4.13604
4.22128
4.23040
4.31961
4.48535
4.35082
3.80699
2.60564
4.18425
4.31632
3.86907
4.40733
4.41587
3.63724
4.18813
2.09221
4.17596
3.41229
4.19618
3.97059
4.33501
4.41490
3.45721
4.09348
4.01728
4.45227
4.29855
3.69620
4.36621
3.94524
4.38542
3.62222
4.22049
4.01387
4.44002
4.27044
4.27077
4.29558
4.36090
4.13005
3.71771
3.93314
4.21336
3.94298
4.13061
4.43073
4.29724
3.98585
4.24256
2.80195
4.48899
4.45422
4.31221
4.45906
4.50921
4.12439
4.38037
4.24064
4.38339
4.38461
4.04300
3.91252
4.41579
2.25882
4.45306
4.40757
2.89463
4.42101
3.35628
4.14773
4.37993
3.38732
4.33599
4.10052
4.19093
3.58480
4.30285
3.87797
3.84186
3.96197
3.84159
3.79382
4.11299
4.10705
4.44281
3.80085
4.46101
4.35368
4.25968
4.26641
4.28722
2.71054
4.34228
4.17617
4.12225
4.40656
4.34405
4.46853
4.41563
2.73408
3.74400
3.77180
4.11856
4.35720
3.62000
4.25050
4.34449
3.69054
3.80873
2.62455
3.85614
3.89297
4.36874
3.91850
4.23945
4.38733
4.10267
2.23323
4.39784
3.93546
3.66710
4.37812
4.16205
4.45884
4.47247
4.11591
4.49862
3.46863
4.30679
3.39232
3.00131
4.00779
4.27534
3.78347
4.35567
4.33921
4.40521
4.39364
4.34917
4.07174
4.25427
4.36547
4.46300
4.38943
4.33484
4.40042
4.28877
4.36371
4.37364
4.12513
4.18179
3.99001
4.46658
4.38963
1.46690
4.49777
4.37348
4.22271
4.42602
4.29369
4.45997
4.04137
4.29904
4.24819
4.19993
4.27464
4.40727
4.22285
4.34259
3.66026
3.93720
4.22245
3.81980
4.30656
2.55368
4.24275
4.30556
4.29832
3.65861
4.37571
4.41701
4.37559
4.44509
4.17232
4.38089
4.47810
4.38465
3.88966
4.36108
4.48091
4.31951
4.03381
3.87358
3.82013
4.17762
3.20188
4.38700
4.29303
4.25468
4.46207
4.12921
3.82144
4.27086
4.38466
4.29022
3.46049
3.65899
4.32005
4.36029
4.36544
4.17488
4.37892
4.33948
4.32597
4.42711
3.01276
4.40760
3.80223
3.79312
3.78234
3.41273
3.03246
1.64384
4.42966
4.43789
4.29656
4.19839
4.26256
4.34480
3.21462
2.81585
4.19860
4.47473
4.21403
4.18438
4.38459
4.43605
3.18015
4.15620
4.37601
4.29386
4.47213
4.36782
3.95486
1.68054
3.99419
2.83888
4.39750
3.66046
4.48547
4.12000
3.55184
3.61069
4.43754
4.04640
4.47919
4.33873
4.41299
4.38142
3.59293
4.42969
4.01537
4.39752
4.08736
4.34462
2.15083
2.69324
4.37164
3.16221
4.23641
4.40887
3.63175
4.44044
4.19376
4.43427
4.46612
4.36191
4.25368
4.27120
4.02125
4.00971
4.01541
2.60893
4.42594
4.39174
4.35421
4.37427
4.46576
2.31457
3.66652
4.23253
4.36159
4.30522
4.03205
4.49239
3.51478
3.95845
3.90479
4.31732
2.74925
3.75908
4.42428
4.36671
3.81511
4.12690
3.92278
4.42491
4.36754
4.28925
4.07649
4.39409
3.23022
4.46784
4.27656
4.40438
4.13551
4.07969
4.41340
3.73138
4.05314
4.29543
4.42043
4.10474
4.41107
4.23584
3.52852
4.45780
4.46232
4.44969
4.19660
2.89961
4.17277
4.40212
4.33137
4.41262
2.50930
3.08575
4.34698
4.32248
3.91603
4.25326
4.43448
4.51664
3.87661
2.02793
4.45772
4.19160
4.18738
4.37656
4.39990
4.22363
4.49899
4.42761
4.37476
4.37428
4.42069
4.07600
4.31978
4.04843
4.37023
4.30407
4.06498
4.21566
4.08758
4.41554
3.62838
4.40010
4.39955
4.02788
4.34762
4.16642
4.23629
4.49254
4.42617
3.59016
4.37265
3.27004
4.25220
4.35650
4.44253
4.38631
4.08143
3.80852
3.52796
2.48606
4.26477
4.35056
4.45645
4.15882
4.40186
3.99495
4.52178
3.57746
3.92935
2.92124
4.49883
4.48843
4.18706
3.27493
4.25477
4.14550
4.43151
4.23415
2.42344
4.13807
3.87682
2.88403
4.44882
4.12752
4.45156
4.34297
4.49794
4.27743
4.08938
3.45688
2.74357
3.75753
4.32306
4.44313
3.81091
3.87627
4.19252
4.45863
4.49134
4.46663
4.25615
3.29365
3.95060
3.61785
2.27187
4.48090
4.17839
4.42481
4.34946
4.42743
4.16201
3.84146
3.93168
2.35232
3.94152
3.82592
4.33088
3.64239
4.11573
3.72294
2.74634
3.64047
4.33911
4.41919
4.17833
4.08318
4.02328
4.11852
3.55124
3.94388
4.22298
4.41419
4.34505
4.24320
4.43928
3.71490
3.90586
4.43869
4.43586
2.00903
4.38574
2.91584
4.44744
4.25189
3.60812
4.08503
4.12398
4.07672
4.43467
4.36137
4.06534
4.28126
3.96793
4.34341
3.39083
4.50544
4.33498
4.06600
4.04650
4.42959
4.40848
4.06465
4.43965
3.77394
4.47386
4.31641
4.30406
4.28940
4.22956
4.33138
4.18064
4.35645
3.97502
4.24520
4.42237
2.48041
4.49239
3.59894
4.35749
2.88571
3.82137
4.31780
4.28390
4.42826
4.30811
3.82841
4.36087
4.26223
4.40859
4.40471
3.92123
4.25395
3.81541
4.33148
4.11014
2.74229
4.02835
4.42477
2.98320
4.15016
4.39255
4.20975
3.07035
4.06976
4.35223
4.31351
4.01168
4.27573
4.24855
4.26176
4.13245
2.67087
4.37469
4.45380
4.36002
4.48885
4.48171
4.31304
4.27966
4.42983
4.37928
4.35556
4.40837
4.45394
3.92343
4.19609
4.18546
3.89352
3.91875
4.31365
4.48672
4.50942
4.35991
4.25722
4.39117
4.36013
4.50324
4.34799
3.76510
4.34707
4.04165
4.41788
4.27143
4.20638
4.26643
4.48692
4.11297
4.39395
2.98059
2.17987
4.21004
4.18133
4.35798
4.11436
4.17804
4.33041
4.26651
4.45901
4.39661
4.01931
4.23631
3.54955
4.40531
4.31983
3.68937
4.20249
4.26056
4.39424
4.12204
4.26989
4.39870
4.37189
4.11233
3.88640
4.30733
3.91182
4.42822
4.47782
4.42987
3.54275
4.37216
3.39103
4.25901
3.64474
4.23595
3.37978
3.05820
4.35137
4.25522
3.75059
3.65279
4.45172
4.29763
3.89558
3.94116
3.97623
4.49529
4.46673
4.41967
4.34200
4.16015
4.22731
4.44177
3.85281
4.32087
4.31705
4.28509
4.22597
3.85923
4.34613
2.60694
4.37625
4.31396
3.88310
4.30288
3.68864
2.06855
4.13902
2.87629
4.40548
3.86063
4.14678
3.99692
4.13859
4.16864
3.98818
4.03117
4.47095
4.39747
4.30234
2.70264
4.18579
4.31907
3.92216
4.36991
4.36820
3.93770
4.46763
3.88001
4.26470
4.14368
4.16230
4.16675
3.83968
4.42253
4.41023
3.99701
3.02726
4.37968
4.29849
4.42674
4.26713
4.12377
3.69371
2.67291
4.45605
3.53976
4.20784
4.29095
4.45469
4.36337
4.37104
4.39407
4.30795
4.09724
4.26479
4.09686
4.29903
4.35464
4.40909
2.17808
4.10982
4.32848
2.58116
4.49028
4.30863
4.34615
4.04293
4.21513
4.43581
4.36628
4.35960
4.14309
4.00156
4.17395
4.18122
4.41471
3.81152
4.22120
4.24061
4.40339
4.52074
4.49101
2.42303
4.14759
3.89599
4.48101
4.42371
3.90332
4.08226
4.02827
3.50177
4.41408
4.47646
3.99820
4.27596
4.33318
4.34670
4.41491
3.99020
4.47785
4.40169
4.24728
4.41209
3.66037
4.37596
3.68171
4.32300
4.29520
4.36854
3.95661
4.40429
3.95238
4.20670
4.39570
4.06545
4.47166
4.28597
3.65500
3.76960
4.24868
4.42583
4.28318
3.92832
4.38077
3.97418
4.05950
4.12716
3.64036
4.20286
4.35158
3.67646
4.38828
4.27706
4.17800
4.31482
3.85816
2.73326
4.51765
4.35306
3.99594
3.48120
3.71018
4.54004
4.30559
4.19869
4.21582
4.43341
4.46979
3.81443
4.02792
3.87594
4.22347
4.24419
3.03966
4.33766
4.41282
4.31075
4.32144
3.45259
4.09049
4.37482
4.22140
4.14640
4.18065
4.12812
4.45302
3.93478
4.31079
4.23060
4.04941
3.92526
3.12479
4.36547
3.85428
4.35316
3.30181
4.40608
4.14191
3.93924
4.07421
4.07941
4.33765
4.45558
4.38743
4.44879
4.41773
4.22920
2.99270
4.45346
4.00340
4.47426
4.22255
3.85963
4.45951
4.45033
3.93205
3.67599
4.29902
4.44360
4.33640
4.21157
4.47556
4.07535
4.39830
4.02858
4.32761
2.51738
4.20323
4.27712
3.52441
4.18812
4.16671
3.46887
4.03088
4.25790
4.26963
4.30933
2.77226
4.38402
4.41170
4.24446
4.35496
3.79554
4.40545
4.39823
4.31496
4.45893
3.75856
4.30913
4.24134
4.43233
2.00680
4.47396
3.99922
3.01694
4.16502
3.52307
4.11993
1.21931
3.52839
4.12496
4.35812
4.15103
4.41485
4.21967
3.92763
4.20096
4.45272
4.20469
4.12144
4.39849
4.22936
4.16207
4.16561
3.68525
4.13689
3.85596
4.46534
4.34544
4.08237
4.37303
3.76020
2.30770
4.31411
4.19841
3.46330
4.00711
1.95597
4.46008
4.43914
3.78000
4.35548
3.69228
4.10744
3.86827
4.45313
4.29414
4.15466
4.18795
2.63188
4.20624
4.12748
3.58567
4.01122
4.37963
3.85460
4.38672
4.03977
4.34046
4.44323
3.90148
3.57583
4.04888
3.93327
4.21176
4.48015
4.12101
4.11043
3.71244
4.32599
4.28072
3.85099
4.31708
4.29808
4.43238
3.73991
4.21693
4.26419
4.21195
3.84538
4.39913
3.08440
4.40357
2.93538
4.40542
3.41131
4.31943
4.28039
4.06364
2.36194
4.04284
4.46490
4.18943
3.30734
4.20580
3.96945
2.12962
4.50196
4.28628
3.36186
4.10951
3.68940
4.46037
4.27262
4.35066
3.61361
4.31257
4.39774
4.19702
4.19507
4.34948
2.88168
4.27176
3.98041
4.25408
4.35203
4.34698
3.90517
4.44302
3.76969
4.33872
3.91763
4.21308
4.43337
4.11638
3.26090
3.35747
3.87548
4.39664
4.31107
3.14908
2.81433
4.38662
4.25059
3.76678
4.46256
4.33970
4.40028
4.30703
4.27103
4.00153
4.27309
4.32016
4.03839
4.30498
4.37121
2.53856
4.12528
4.25009
4.32773
3.70743
4.16257
4.37665
4.14353
4.12730
4.37174
4.33561
3.43481
4.12466
4.26456
4.30860
1.55513
4.27286
4.36851
4.27247
3.99351
4.19018
4.40116
3.95707
4.27275
4.29958
3.66283
4.38128
4.25984
4.38114
4.35157
3.46456
4.00115
4.37829
4.35736
4.14308
4.01033
4.15283
4.45856
3.65692
4.19302
4.19405
3.47555
4.26224
4.07601
3.51365
3.58647
4.36284
4.14193
4.22328
4.44988
3.33493
4.45776
4.06697
4.32188
3.86814
4.03224
4.35464
4.31186
4.23676
4.38645
3.69070
4.39672
4.39834
3.48356
4.29875
4.42643
4.32372
4.29760
3.72711
4.26848
4.42681
3.58257
4.34623
4.22891
4.34666
2.12472
3.93769
2.02385
4.45814
2.75791
4.39556
4.30916
4.04388
4.37875
3.27184
4.19913
4.46632
4.11102
4.23523
4.49228
4.36478
3.83417
4.36748
4.20356
4.33398
4.44160
4.33492
4.18498
4.17726
4.04396
4.37975
4.14536
4.20075
4.30217
4.21405
4.46641
3.96448
4.44840
4.38216
4.29914
4.17757
4.42977
3.95298
4.06056
4.20669
3.92963
4.44572
4.05496
4.47200
3.65223
4.21346
4.35055
4.45232
2.81882
4.31707
4.32170
4.39426
3.84041
4.18576
4.28729
4.27662
4.09185
4.41234
4.40090
2.21679
4.13598
4.01531
2.23484
3.96241
4.45813
2.53052
4.45290
4.34481
4.36363
4.40524
4.09834
4.28739
4.20337
3.96174
4.43111
4.09813
4.19868
4.40103
4.49494
4.40927
4.43942
4.28933
4.48015
4.08668
4.16475
4.36506
4.07554
1.40863
4.38618
4.07758
4.23163
3.21847
4.32199
4.37377
4.21313
4.24463
3.62721
3.95797
4.29907
4.42701
4.26212
4.34575
4.32855
4.43218
4.19669
4.47376
3.74300
4.33107
4.27517
4.02461
3.77772
3.49067
3.73022
2.57078
3.43865
2.04063
4.30677
4.46432
2.69745
4.08921
4.37065
4.43564
4.37610
4.30265
4.41446
4.36836
4.45255
4.20325
4.01662
4.18278
4.32384
4.32557
4.22908
4.27952
4.04693
4.42566
4.34132
4.42591
4.41972
4.39455
4.27892
3.53114
3.80154
4.39917
4.12948
4.45497
3.85602
4.09811
3.48792
4.03240
4.00403
4.36142
2.62333
3.76353
3.80199
3.98043
4.31891
4.22933
3.38224
3.59005
4.39513
3.51809
4.17787
4.43157
4.12162
3.34651
4.34328
3.90254
4.41665
3.95947
4.36002
4.37943
4.08477
3.72013
4.09610
4.34693
4.44498
4.31557
4.47312
2.33010
4.38043
4.26119
3.85110
4.17715
4.37285
3.08945
4.21811
4.16647
4.22972
2.73191
3.81379
4.06238
4.34569
4.39507
4.19297
2.67517
3.87175
4.48049
4.29422
1.79701
4.48644
3.95942
4.36071
4.44602
4.28636
4.17994
4.47014
4.15323
4.29768
4.44649
4.40375
4.25437
4.36488
4.47238
4.48049
3.55086
3.95130
4.34625
4.32589
4.31050
3.84810
4.12244
4.31525
4.01557
4.43129
4.27291
3.78929
4.45004
3.83654
3.75921
4.18733
4.39478
4.48304
4.14904
3.14731
4.41516
4.40349
3.65845
4.13219
4.45745
4.28512
4.22051
4.38245
4.06145
3.90268
4.35389
3.96311
4.47153
4.47594
3.63588
4.01727
4.45934
4.38218
4.18972
3.63564
4.30621
4.13503
3.10528
4.33610
4.39966
4.27670
4.35916
4.03370
4.42157
3.91835
4.22527
4.22991
4.15638
1.98218
4.12557
4.45458
4.01365
4.42299
3.63751
4.05247
4.33066
3.81826
2.25369
4.14815
4.35624
3.89689
4.32823
4.22492
4.08990
4.33091
4.11965
4.39051
4.35121
1.95151
4.04144
3.33429
3.48441
4.27441
4.40891
4.47881
3.81806
4.03348
4.33310
2.71255
3.05372
4.44999
4.20864
2.93797
4.41639
4.36420
3.90058
4.34297
2.99140
4.39983
4.11580
4.28419
4.30096
3.27513
1.97401
4.45746
4.36816
3.76671
3.96744
4.03766
4.10057
3.16328
3.49284
4.42081
4.33246
4.44076
4.15854
3.85576
3.83075
4.49683
3.75569
4.51379
2.64109
3.59182
4.37787
4.20417
3.96144
4.33552
4.30352
3.87905
4.38585
4.42569
4.23581
3.98896
4.18979
4.16390
3.62071
4.38829
4.10001
4.25700
4.25224
4.42336
4.04387
3.99560
3.89893
4.34982
4.30832
4.40678
4.14675
4.30597
2.53495
4.41995
4.21801
3.69872
4.18760
3.43690
4.18935
2.66016
4.15667
4.04296
3.92381
4.25046
4.49550
4.17541
3.07805
4.28504
3.77391
4.34470
4.42803
4.23595
2.98186
4.42343
4.47773
4.15196
3.93229
4.26753
4.45885
3.33097
3.74228
4.37168
4.10172
4.11435
3.99599
4.07031
4.04147
3.48428
4.13370
4.24080
4.03747
4.42605
4.16655
4.14428
4.43580
4.35626
4.37334
4.15801
4.02015
4.39050
4.42529
1.77624
4.34041
4.30718
4.41344
4.17404
4.44172
3.96152
4.26727
4.16175
2.15812
4.40282
3.90459
3.75324
4.46433
3.84353
4.37821
4.34951
4.15548
4.30453
4.28212
4.35179
4.13733
4.23192
4.36357
3.61011
4.16209
2.36114
4.00287
4.44141
3.73278
3.89857
4.31377
3.80691
3.80143
3.97171
3.66155
4.40726
3.89477
4.32975
3.02257
4.47996
4.36293
4.11729
4.20684
3.71313
4.22886
4.08851
4.45791
4.34471
3.96532
4.21101
3.12349
4.26068
4.09423
4.33852
4.10769
4.38377
3.72943
4.20416
4.41780
4.28087
4.40160
4.37081
3.96367
3.91652
4.31706
4.06647
3.82021
3.89796
4.01229
3.53007
4.00993
4.36258
4.18647
3.53407
4.41566
4.20766
2.91284
3.93518
4.40393
3.81562
4.05270
3.89531
4.40445
4.45877
4.27618
4.13853
4.07118
4.18905
3.89831
4.15901
4.46743
4.17816
4.26359
3.44562
3.98984
4.18223
4.31909
4.45451
4.41675
3.95527
2.59473
3.94580
3.79627
4.37254
4.12749
4.17415
4.46334
4.38984
4.16704
4.41633
4.50501
4.46938
4.20774
4.32242
4.02468
4.32725
4.44521
4.34777
4.01357
4.37906
4.04796
4.21924
4.27232
4.33317
4.40968
3.99712
1.65059
4.44255
4.23241
3.27751
2.94395
4.34218
4.08852
3.46323
4.46058
4.07235
4.39281
4.32000
4.20707
2.29680
4.35810
4.19515
4.15987
4.08401
4.48376
4.22398
4.42775
3.66647
4.45911
4.17550
4.11988
4.44953
4.15446
2.74718
4.37212
4.37635
4.32679
3.84867
4.30336
4.32985
3.82945
4.15038
4.37679
4.49957
3.71649
3.05916
4.34609
4.00135
4.49395
4.45005
4.44764
3.39785
4.33282
4.40063
4.27837
4.29033
4.37771
3.95633
4.04235
3.18099
4.42081
4.40835
4.00420
4.43487
4.35437
4.14512
3.98579
3.34373
4.36908
4.46068
4.43262
4.33929
4.48077
4.36203
2.33384
4.00265
3.45757
4.32702
3.49385
3.91953
3.73269
4.40500
4.37959
4.23745
4.20562
4.28340
4.45175
4.05628
4.43935
4.27170
4.33817
4.47251
4.37693
4.15434
4.22035
4.39871
4.49106
3.88699
3.97317
4.45952
4.23426
3.79278
4.04562
4.30660
4.39076
4.43934
4.43103
4.13619
3.87511
4.38841
3.63081
4.26541
4.20268
4.34812
4.32949
3.98219
4.33968
3.77580
4.51348
4.43343
3.92970
3.06855
3.84874
4.41093
4.37073
4.36647
3.62584
4.43858
4.32277
4.40808
3.57476
4.37480
4.39122
2.12721
4.41820
4.04498
4.42470
4.29686
3.55625
4.08277
4.00819
4.39007
4.07121
4.38466
4.17212
4.37753
4.44133
4.47748
3.90509
4.28249
4.42399
4.24370
4.05440
2.04146
4.13666
4.48692
3.44176
4.46534
3.95613
2.80413
4.21483
3.93457
4.02882
4.44177
3.78514
3.53922
3.06991
3.96622
4.37287
3.72363
4.33743
4.39296
4.36482
4.18714
2.30506
2.99738
3.40345
4.20713
4.11157
4.04853
4.33170
3.13361
4.10348
4.40164
4.31529
4.11589
4.49101
4.16109
4.35708
4.51957
4.37647
4.21331
4.29569
4.18223
4.21115
3.79422
4.02759
3.88412
4.47554
3.36144
4.40940
4.35027
4.24257
4.19013
4.42498
4.21722
4.10224
4.35298
4.34081
4.37601
4.32899
4.15215
4.20781
4.42438
3.61687
2.14051
3.82187
4.24460
4.16504
3.17811
4.36004
4.32473
3.86446
4.30293
3.41967
3.44562
4.28461
4.36052
4.22426
4.38261
3.31892
4.24202
4.11249
4.44246
4.39610
4.20984
4.21118
3.76602
4.35931
4.41855
4.32085
4.19895
4.03192
4.44115
3.65793
4.38790
4.02470
4.48284
4.35513
4.31158
2.28152
2.87789
4.47999
4.17469
4.30180
2.29936
4.35789
4.35142
4.30494
4.44504
4.49291
4.35637
3.87920
2.73565
4.47075
3.92073
4.33040
4.44417
4.07338
4.39772
4.41849
4.36134
4.04009
4.30962
4.14432
4.20390
4.20744
4.09358
4.20662
4.38486
3.44693
3.98268
3.17190
4.17545
4.35721
4.45531
4.40764
4.03667
4.04373
4.47442
2.68804
4.26297
4.06883
3.88040
3.30051
4.37625
4.46478
4.48873
4.27793
4.34148
4.41522
4.29342
3.96776
4.13977
4.41087
4.22432
4.29720
4.46926
3.51725
3.88762
4.21467
4.11893
4.22603
4.41874
4.38147
4.44859
3.92091
4.32079
4.34783
4.24732
2.41205
4.34738
4.00183
4.32237
4.45453
4.26700
4.10499
4.04362
3.90202
3.81714
4.08726
4.33770
4.43466
4.43624
4.44682
4.48165
3.98221
4.32051
4.40928
4.04412
4.00035
3.27071
4.46967
4.16972
3.89676
4.47262
3.63069
4.37033
4.07813
4.23611
4.29116
4.09992
3.87542
4.45408
4.39850
4.52863
4.25308
4.27363
4.42643
4.48406
4.25624
4.22650
3.26762
4.33679
4.36580
4.41966
4.19576
4.41227
4.52498
4.31162
4.41890
4.36271
4.41206
4.39876
2.93090
4.38466
1.96532
4.34795
3.56434
3.70551
2.75344
4.13947
4.41788
4.04144
4.36659
4.44431
4.26762
4.21127
4.42312
4.41780
4.39900
2.21944
4.38411
4.27714
4.36130
4.44721
4.46898
4.25112
4.31811
2.65388
4.12789
4.35266
4.49987
2.47693
3.17725
4.42550
4.15948
4.00328
2.71466
3.49979
4.09842
4.08036
4.06042
4.34914
4.07396
4.46419
3.51623
4.00902
4.37295
4.32905
4.42771
3.42188
1.86973
4.12903
4.10404
3.11261
4.25485
4.04848
3.49720
4.19175
3.93006
4.38512
4.42159
4.28814
4.00237
4.47192
3.04098
4.40383
4.47468
3.99594
4.35170
4.46285
4.43816
4.27622
4.33636
4.43385
4.38225
3.43857
4.36635
4.35586
4.37135
4.30252
3.56684
4.42974
4.22325
4.12658
3.06330
4.34389
3.67334
4.02262
4.41968
4.39653
4.45670
3.80734
4.18392
4.41321
4.47960
4.43957
4.29365
4.10480
3.81652
4.27337
3.85238
4.24385
4.40053
4.39302
4.26439
4.33189
4.39925
4.42822
4.21115
4.02732
3.83153
4.26096
3.42057
4.37534
4.32136
2.23296
3.93549
3.93627
4.41147
4.13070
2.47180
3.57461
4.28029
3.67943
4.20803
3.46671
2.75316
3.97734
4.19722
4.24932
4.40506
2.46099
4.17896
4.34961
4.37519
3.99469
4.40537
4.26131
4.25302
3.98784
3.95196
4.11203
4.12738
3.55429
3.28353
4.37339
3.40149
3.65908
3.07591
4.50205
4.31718
2.61080
4.36466
4.45940
3.98171
3.52032
3.63571
4.07573
4.11277
3.59375
4.28300
4.10686
4.49917
4.43297
4.28989
4.42589
4.41533
4.41983
1.59972
4.30934
4.44675
4.09291
4.46555
3.97110
4.38038
4.43493
4.17616
2.85466
4.14129
4.09214
3.89825
4.41229
4.44753
4.34145
3.49595
3.86465
4.44326
3.56256
4.21384
4.44678
3.80490
4.24618
4.41059
3.72686
4.35122
4.33834
4.47816
4.33130
3.02516
4.40523
4.46507
4.22467
4.35547
4.12325
2.00811
3.04292
4.31908
4.39962
4.21112
4.36343
4.49082
4.33771
3.23433
3.90682
4.33410
4.39247
4.48733
4.36206
4.36350
4.16848
4.46521
3.13716
3.55048
4.31259
3.17622
4.14144
4.25363
4.46469
4.30675
3.68828
4.32950
4.42303
4.37324
4.30176
4.33770
4.23742
4.29203
4.08050
4.39611
4.41502
4.32336
4.26178
4.28775
4.46218
4.30356
4.41501
3.91858
3.82081
4.37319
4.43645
4.43541
4.44520
3.05244
4.31260
4.40327
4.48346
4.36486
4.49683
4.35512
4.42153
4.23311
4.39029
2.28401
4.44938
4.45962
4.09069
3.90139
4.38772
3.60277
1.77800
4.34370
4.40933
3.75975
3.67916
4.42280
3.65627
4.00782
4.35658
4.05168
4.14411
4.42625
2.23908
3.32935
4.20130
4.25815
4.49792
4.23112
3.72117
4.18725
4.25744
4.31528
4.24417
4.40882
3.61328
4.41690
4.48239
4.45910
4.28749
4.41886
3.78946
4.40926
4.17010
4.30799
4.40057
4.38881
4.37835
4.26989
4.37167
4.21283
3.38165
4.38544
4.45519
4.33605
4.08712
4.31476
4.31542
4.41362
4.39484
1.66165
4.25761
4.38875
3.92527
4.18619
4.48893
4.34505
4.36694
4.48197
4.34575
4.35747
4.23434
4.31127
4.12817
3.52452
4.41109
4.20851
3.86185
3.70522
4.42000
4.41293
3.81800
4.18547
3.61850
4.49610
3.88559
4.38568
4.38183
3.97417
3.50427
4.30969
3.60788
2.42277
4.23690
4.35063
4.28087
4.01240
4.40636
4.34960
3.87541
4.43852
3.78500
4.41860
1.67105
4.43065
3.59478
4.44518
4.00593
3.80649
4.36655
4.22674
4.39262
4.16821
3.78566
4.34368
4.43738
4.45202
3.54445
4.32599
2.41476
3.97887
4.13827
4.11518
3.83274
3.97803
2.97278
4.05915
4.18129
3.31133
4.21761
4.36343
4.42540
4.46053
3.19964
2.61338
4.29472
4.10973
2.41735
4.34789
4.27016
3.97973
4.37233
4.29024
4.27297
4.32690
4.42694
4.43044
4.51809
4.07792
3.91135
4.34197
4.49534
4.31922
4.34412
3.76374
4.30157
4.24910
4.35866
4.29892
4.47084
1.96651
4.24485
4.16901
4.19133
3.61644
4.47959
3.73515
4.46250
4.33162
4.07585
4.19021
4.44676
3.07193
4.06389
3.83840
3.82093
4.34042
4.35532
4.42866
4.02941
4.30626
4.02072
4.42064
2.90839
4.20743
4.01325
4.05628
4.40883
1.61866
4.19965
4.20935
4.24859
4.13845
4.35531
4.33223
4.05630
4.47657
3.78477
4.38000
3.24400
4.46029
4.01566
3.95961
4.26566
3.77954
3.77036
3.96436
4.37660
4.25093
2.80152
4.18628
4.36878
4.04014
4.31094
4.51408
4.13306
4.11217
4.44471
4.28235
4.37164
3.80341
3.79854
3.47540
4.36957
3.93402
4.08808
3.91225
4.16806
3.91048
