3.93943
4.14634
4.12214
4.12333
1.89807
4.03340
4.23628
4.09302
3.12787
4.11788
4.12811
4.29988
3.81091
2.92437
3.44665
3.87542
3.70253
4.26059
1.82202
3.58544
3.84783
3.46656
3.62475
4.14749
4.21602
3.93514
3.52960
4.15183
4.37256
3.56679
3.31165
4.26289
3.70551
3.83524
4.01041
4.12585
3.81218
4.11880
3.99377
4.09359
3.97582
3.82035
3.69661
2.95317
4.12787
3.56763
4.21902
3.71825
4.07434
4.36188
4.31295
4.34140
3.47679
4.40111
3.95458
4.34687
2.79445
3.45496
4.20445
3.91085
4.15959
3.86140
3.98610
3.82739
3.53942
3.87314
4.11124
4.20597
3.96502
3.23511
4.27340
4.32739
4.17620
3.88091
4.00453
4.08970
2.74590
4.14804
3.92713
3.38710
2.38015
4.16352
3.69653
3.76739
3.81586
4.26861
3.90426
3.89422
3.85012
2.80089
3.83715
3.36143
4.30835
4.14728
4.28722
4.24269
4.17347
4.16281
4.33023
4.17952
3.96247
2.68582
4.32834
3.71214
3.93094
2.25118
2.98476
4.25569
4.14442
3.91258
3.59428
3.52335
4.24768
3.40548
3.22718
2.89953
3.63105
4.03736
4.30973
4.00922
4.31317
4.31105
4.04418
4.18144
3.74563
3.80391
4.23094
4.11461
4.24929
4.05497
3.75821
3.90501
4.29389
4.15053
3.93717
4.25315
4.06011
4.23405
3.78165
4.06467
3.88818
4.31685
4.04523
4.19371
4.29501
2.59998
4.33430
4.11845
3.98083
4.20240
4.22479
4.30530
4.00126
3.90866
4.23742
4.31530
3.82611
2.03005
3.74795
3.72555
4.34792
4.26209
4.08273
4.05622
4.31053
4.12497
3.71711
4.10751
3.97115
4.04646
3.49961
3.90830
4.03860
4.21556
3.37648
3.02373
4.12800
2.37369
3.41613
4.02770
4.17222
4.08175
4.00763
4.23859
4.08378
4.30982
3.66568
3.55563
3.91171
2.87948
3.62960
4.02866
4.23003
4.15882
2.86001
3.95817
3.89696
3.73187
3.69277
4.06349
2.89575
4.30847
4.08562
3.74349
4.32217
3.93944
3.67747
4.32438
4.42049
4.34258
2.79295
4.23552
4.17253
4.01414
4.34784
3.81870
3.68275
2.56078
4.18611
4.20693
3.12772
3.53483
3.59812
4.31913
4.32194
3.97186
3.80047
3.77442
4.04531
3.66426
3.75609
3.46299
4.27099
3.21606
4.39892
4.10704
4.19615
4.05683
3.18517
4.25779
3.55924
3.70177
4.28889
4.24322
4.12360
2.70926
4.02489
4.33423
4.07134
3.48293
4.04995
4.05671
4.04734
4.29850
3.80201
4.11207
4.19581
4.30936
3.96852
3.75573
3.98137
2.69761
4.31218
4.20539
4.15337
4.29332
4.02755
3.86257
3.89546
3.79115
3.95496
4.26340
4.14331
3.90427
3.75466
4.11538
2.04625
4.21926
2.42241
2.78569
3.75090
3.77854
3.99266
3.96087
2.42799
4.23311
3.64419
4.16189
3.81980
4.09259
3.99954
4.15945
3.84589
4.12249
3.67076
3.89883
3.98856
4.23477
4.30926
4.14579
3.83792
4.18908
3.99950
3.83982
3.30510
4.12013
2.06295
4.05758
4.21850
3.58138
4.13549
3.50964
3.24565
3.71363
4.29297
4.30142
4.18044
4.28127
4.30153
4.18969
3.91441
4.38557
4.32547
1.68823
4.21037
3.80711
4.13431
4.01392
3.90246
4.16889
3.46937
3.88984
3.40218
3.60286
4.30389
2.88100
2.09344
4.13021
4.23468
2.93207
4.00705
3.60138
3.08043
2.44448
3.14879
4.14298
4.21125
4.18816
4.15127
4.19651
4.18835
4.02594
3.70367
4.21979
3.87404
4.34133
4.00393
3.69262
4.25539
4.17392
4.17933
3.97986
4.00219
3.48965
4.07350
4.03917
3.91221
4.21373
4.13425
4.10449
4.11496
3.23411
4.10708
4.16654
4.17982
3.64499
3.76701
2.49641
1.83436
3.86847
4.11619
3.74933
3.35184
4.34714
3.98615
4.04022
3.70466
2.86368
4.02967
4.10350
4.11643
3.80137
4.41296
3.07186
4.11566
3.97462
4.30042
4.36547
3.96469
3.18740
3.89915
4.33812
4.24256
4.16189
4.02505
3.84335
2.79693
3.75413
4.30050
3.96540
3.92288
4.33015
2.69510
4.32062
4.24818
4.19177
4.22297
4.26729
3.23377
3.80600
4.25552
4.27415
4.03095
4.03971
2.22976
3.25443
3.96406
4.09791
4.16886
4.13748
3.71029
3.29488
2.10182
3.94614
4.20195
4.18910
4.33791
3.42458
3.83380
4.34504
3.93740
4.21922
4.07754
4.24504
3.74540
3.95710
3.75813
4.08786
3.81098
3.68361
3.96508
3.65358
3.88708
4.00299
4.18210
3.41781
3.89019
4.08736
4.12435
3.85955
4.09371
3.08104
2.73124
4.10034
3.30150
4.18282
3.57453
3.61767
2.16463
3.84427
4.02338
4.11475
3.98586
4.18181
4.15772
4.24513
4.18323
3.78430
4.27118
3.91012
4.08486
4.03392
4.18590
4.18883
4.11799
3.14400
3.99529
4.04563
4.18036
4.07807
3.98952
2.28231
4.26818
4.32694
4.16207
3.86593
4.18418
4.08407
4.26427
3.41321
4.04855
3.70586
4.35929
3.78344
4.32400
3.59205
3.98257
4.23573
4.06001
2.59650
4.20007
4.08779
3.70205
3.01277
4.02189
2.46346
2.17604
4.26844
1.84836
1.33422
3.98170
4.40517
4.18908
4.24100
1.72859
4.32098
1.90553
3.69292
4.13026
3.75618
4.38801
3.97496
4.07328
3.13526
4.14182
3.85234
4.34982
4.12565
3.96511
4.23963
4.05198
3.87050
3.91295
3.87876
4.28434
3.66952
3.99857
4.27921
3.81471
3.89367
3.93207
3.98761
2.30577
4.27649
3.36326
3.98062
1.81217
4.33598
4.15563
3.86382
4.06627
4.24583
3.78184
3.80594
4.03953
4.42126
4.08632
2.83550
4.11006
4.28473
4.23268
4.17850
4.28234
4.17176
3.89944
3.76921
4.19057
4.00463
4.46578
3.29171
4.10932
3.94438
2.86399
4.30500
3.19270
3.70173
4.24834
3.85438
4.01696
4.02496
4.03658
3.86380
3.71049
4.28390
4.01394
3.27445
4.37434
2.16169
3.70859
4.14089
3.95721
3.62057
3.03944
4.07584
4.38649
4.09885
4.11991
4.19215
4.24841
3.46153
3.02709
3.98042
4.07566
4.04439
3.52925
4.03596
4.05490
3.91589
4.32038
3.88316
3.86462
3.30694
3.98687
4.04003
4.27788
3.87867
3.54074
4.20218
3.72891
1.55505
3.85806
4.08254
4.18991
4.26147
1.70171
4.03269
3.94512
4.40994
4.00423
4.26908
4.42410
4.35378
4.11674
4.00803
4.08929
4.08159
4.34603
1.42518
3.70318
3.40091
3.97615
4.16824
4.19380
4.13843
4.17231
4.12577
4.31231
4.20034
3.85362
4.33107
3.75623
4.05236
3.55479
4.32690
4.07176
1.49996
4.00279
4.27531
4.18479
4.29118
3.50621
2.02925
3.28770
4.10296
4.27156
3.15956
3.95495
3.79255
4.27522
3.81498
4.02764
4.00788
4.24515
3.37985
3.89502
4.10812
3.52169
4.32668
3.13478
4.12081
3.82998
4.11696
3.74215
2.32863
4.17772
4.10723
4.00519
3.54960
2.48694
4.11578
3.86819
3.97285
4.22621
3.90091
3.37070
3.65939
4.23742
4.11090
4.06736
4.06857
4.24084
3.63432
4.25467
3.56657
4.19771
3.09927
3.81506
4.11552
3.57408
4.12501
4.32316
4.05492
2.98876
3.94554
4.18525
2.81338
4.04792
4.28097
2.53426
3.95598
4.09607
3.52200
4.31791
4.04014
2.05199
3.93231
3.48513
4.04794
3.00582
4.24147
3.82958
3.89512
3.90286
4.30193
3.99642
3.54759
4.09562
4.07341
4.17697
1.36236
3.88507
3.37949
4.07431
2.78729
3.98082
3.30213
4.20514
4.11903
4.11628
3.84017
3.99238
3.94976
3.82981
2.26986
4.14133
4.25422
3.34101
4.34376
3.84156
3.98394
3.44496
4.03824
3.15421
4.05698
3.97943
4.14334
2.44210
3.90334
4.32669
4.22463
3.13440
4.20368
4.26399
4.08788
3.54590
2.18947
3.55672
4.34849
4.03526
4.23502
3.47890
3.98356
4.33051
2.72165
4.37124
4.22524
4.23238
4.16485
2.80400
4.32437
3.76886
4.12578
4.10108
4.37613
3.91345
3.45634
4.15419
3.50594
4.23881
4.09556
3.73449
4.33372
3.93370
3.99380
3.98816
3.05457
2.96958
4.14506
4.36832
2.72346
3.94767
4.05131
4.32018
4.15110
3.71407
4.29535
2.12262
3.91829
4.27801
3.39828
3.90324
1.22409
4.03521
4.01797
4.21576
2.68141
3.65091
2.27875
4.27421
4.09777
4.34839
2.61290
4.17927
4.18767
4.22662
4.12292
4.33725
4.25853
2.94879
4.21532
4.18948
3.47521
4.23124
3.29332
4.14887
3.95011
3.96169
4.05888
3.92142
4.11189
4.02218
3.81768
3.74895
3.57735
3.76817
3.94918
3.66948
4.17468
3.87625
3.82864
4.36600
3.95459
3.97607
1.41901
4.01083
3.52959
4.16238
3.74755
3.80574
4.15191
4.02154
3.89219
3.55936
3.99315
3.48384
3.91030
4.21513
4.20446
4.01425
3.69420
4.00569
3.81854
4.26903
4.10209
3.82830
4.16414
4.02895
4.21578
3.77170
3.66880
3.99118
4.06624
4.19720
3.32207
3.28859
3.55561
4.07112
4.01106
2.96804
3.93569
4.24486
3.51660
3.58247
3.47481
3.03695
3.97823
4.28621
4.08872
4.15799
4.02747
4.24095
4.29640
4.23082
4.20200
3.94456
3.93922
3.74194
4.01670
4.20020
4.19919
4.06137
1.50341
3.90300
2.85898
4.17575
3.86842
3.80332
4.36800
4.02017
4.23950
2.67937
4.12276
2.68131
4.12873
3.03435
3.38136
4.27214
3.75369
3.92505
4.38294
3.95500
3.98354
3.73627
4.03479
4.16747
4.33192
2.62447
4.05497
2.58228
3.77825
4.15845
3.76245
3.41349
3.99381
4.11941
3.96630
2.94922
3.60575
3.47334
4.09084
3.25205
3.80832
4.18861
3.52360
4.28933
3.81030
4.23867
4.32552
3.71613
4.15315
4.10979
3.78250
4.10453
3.91589
4.23569
4.27072
4.16529
4.24334
4.39883
4.21228
3.35722
3.89196
4.29952
4.22918
3.72853
4.21279
4.11930
3.97650
2.88851
4.35771
4.37154
3.91079
3.92170
2.71248
4.27757
4.29583
3.72836
3.92993
2.14471
3.82566
3.76459
4.29585
4.31684
4.15012
4.28465
4.07803
4.17868
4.28602
3.83746
3.91413
4.19742
3.02878
4.20996
4.22467
3.79731
4.16308
4.13597
3.18716
4.17794
3.29467
4.32757
4.03884
3.18812
3.86853
4.29775
3.84083
4.24356
3.71444
4.08081
2.36705
3.93891
4.25422
1.89060
4.18323
3.80960
4.16613
4.13070
3.91439
4.23242
2.94496
4.23639
4.32583
3.95338
2.64134
3.86040
4.02180
3.72033
3.90462
4.08737
4.26208
4.05803
4.02388
3.80477
3.61261
3.66783
4.24799
3.47812
4.20284
3.99523
4.18636
3.43457
3.87423
4.19164
3.42722
4.17025
2.54661
3.51842
4.10263
3.28471
4.22014
3.48996
4.22729
3.75885
4.27461
3.94433
4.16272
3.75330
2.91549
4.00741
4.17306
4.01282
3.79225
4.18554
2.56037
3.98948
3.53387
3.81951
2.34072
4.22783
4.21212
3.35675
4.14353
4.33731
3.97471
1.75580
3.83714
4.07091
2.65815
3.67961
3.65391
3.72523
4.13684
3.73018
2.64124
3.56058
2.32803
3.94385
3.11268
4.19345
4.33796
3.91207
3.65708
3.33904
4.16937
4.00650
4.28909
4.06974
4.12409
4.13240
3.54896
3.94595
2.76641
4.36296
3.93418
3.49823
3.24898
2.79297
1.71110
4.11559
4.14998
4.22581
3.72317
3.59234
4.26143
3.90291
4.16525
4.10027
4.29859
4.29207
3.78470
4.21681
4.28333
4.08090
3.43808
4.13667
3.95587
4.08676
2.17915
3.50071
4.18526
4.18792
3.17813
4.22457
3.50507
3.99815
4.01079
3.88282
3.26352
4.22749
3.91472
4.37090
3.66353
4.15700
4.15629
4.16758
4.31608
3.98337
4.00209
2.99126
4.10739
3.70283
3.89624
3.86750
3.94480
4.28038
3.47821
4.09387
4.36494
4.08881
4.27745
4.20405
4.05086
4.08968
2.79519
4.22546
3.95180
3.38160
4.19166
3.57559
4.29304
4.01931
4.31122
4.35040
3.69942
3.78858
3.58297
3.98976
4.29640
4.37664
3.77187
4.32215
3.93510
4.24794
3.77790
3.77481
4.10375
4.33849
3.97647
3.85042
4.20390
4.29376
2.80386
3.91301
2.42700
3.60365
3.01155
4.24100
4.27233
3.93468
2.99191
4.18205
4.36541
3.87196
3.66994
3.90668
4.33565
4.15177
3.12745
4.36686
4.35349
3.69058
4.16524
4.20767
3.58922
3.25998
2.67655
3.31345
4.36082
3.63393
3.11975
3.98529
3.61096
4.11043
4.21607
3.85052
4.21610
3.91021
3.72603
4.16142
4.20510
4.28601
4.21919
4.18267
4.16984
3.99366
3.61372
3.86585
4.13273
3.94160
2.90150
4.06010
3.99825
4.22883
4.30269
4.09266
4.29003
4.16850
4.01058
4.30190
2.61359
3.72360
4.18633
4.33718
4.18170
4.23320
2.17481
3.46951
4.09623
3.80602
4.12959
4.09023
3.84480
4.21780
3.98245
4.27250
4.09657
4.37481
4.38065
3.87551
3.73686
4.30694
3.90828
4.36164
3.79750
3.77168
4.32498
4.05395
3.35506
3.69700
3.29966
3.77784
3.02869
3.80289
3.95976
3.90315
4.07803
3.82494
1.71117
3.83207
3.48940
4.13162
3.84279
2.94745
3.77694
3.12198
3.82269
3.25130
4.08602
4.33451
4.28457
3.74483
4.28288
3.66158
3.79024
4.32575
4.11893
4.35486
3.82423
4.05866
4.39543
4.16139
3.47545
3.73186
4.17607
2.63152
4.17053
4.29050
3.83941
4.03171
3.64771
2.61212
4.02287
4.26467
3.72935
3.81073
3.66742
4.22243
3.27208
3.89256
4.13132
4.05029
3.75431
1.90961
3.62892
3.24263
3.72803
4.36862
4.28546
2.91504
3.56355
3.77775
4.20702
3.63404
2.61320
4.11275
4.28565
4.03783
4.32873
4.11600
4.02181
3.80586
4.12128
4.25869
4.07934
4.02138
4.03144
4.31885
3.82374
3.91057
3.82989
4.33584
4.10332
3.47375
2.47909
4.29182
4.10765
3.70973
4.07881
3.59962
4.22239
4.06421
3.61836
4.11745
3.92725
3.42432
3.99709
4.24244
3.86709
4.37185
3.90176
4.17222
3.88460
4.13657
4.32172
2.40919
2.87345
3.34203
4.03846
4.18969
4.22437
3.70238
4.15608
4.04981
4.27569
3.87984
3.89196
3.82050
3.89312
3.91068
4.11909
3.86658
4.17481
3.20191
3.69771
3.40275
3.75186
3.56592
4.19362
2.82876
3.94275
4.23820
3.25706
3.99639
4.18903
4.32819
4.17538
4.01685
3.65039
4.23493
4.34402
4.25090
4.21922
4.16523
4.22274
4.23457
4.16218
2.54146
3.57201
4.15026
3.69153
3.63421
3.74449
4.19628
3.80258
3.89685
3.23379
3.72446
3.68300
4.38727
4.05880
3.52259
4.19759
3.45975
4.19682
4.13128
3.48775
4.12285
3.08329
3.98694
3.93342
4.22856
4.03948
4.34584
4.02085
4.24363
3.18128
4.08745
3.98841
4.06184
4.26166
4.31111
4.30670
3.85984
4.15566
3.51260
4.10748
3.96814
3.62003
4.19848
4.15752
3.55572
2.90838
4.07337
4.33646
4.01186
3.78944
3.79864
3.88800
2.90541
3.62999
4.27065
4.28116
2.57511
3.88306
3.70786
3.88570
4.22970
4.17809
3.78364
4.06078
4.15295
4.33794
4.24196
4.33659
4.18545
3.31378
4.31164
4.08373
3.55000
3.99179
4.24493
4.13275
4.29180
3.32942
4.07734
3.20380
3.92912
4.02051
4.21456
2.34833
3.85899
4.11079
3.45629
3.55939
3.92912
3.91048
4.19691
4.20963
3.97125
4.16345
3.66509
4.18020
4.26578
3.59217
3.56519
4.15768
3.90260
4.36008
4.05923
4.18982
4.06630
3.73425
3.96878
4.29157
4.31559
4.11746
3.61225
4.23832
3.70740
4.26324
4.15363
4.08504
4.14848
4.32483
2.94294
4.24761
3.20880
3.19262
3.00598
3.91192
3.79155
4.27673
3.08001
3.98834
4.03445
4.16590
3.96039
3.84977
3.69218
2.98811
3.74571
4.30818
3.69253
3.86334
4.27930
3.68251
4.26105
4.27818
3.64861
4.12107
3.99447
3.44610
4.35850
4.05144
4.09551
3.42341
3.62527
3.96294
2.52261
4.41689
4.26478
4.14786
3.71925
4.39512
4.29012
3.99859
4.05920
4.23935
4.00740
4.21115
3.61450
4.22110
4.19761
4.26990
4.11081
4.01336
3.98694
3.35613
3.51788
4.31435
3.03200
3.43266
4.36939
2.86400
4.24325
4.17286
4.26430
3.06167
4.06140
4.29524
3.94819
3.49945
3.31400
4.22290
3.42022
3.98415
4.12220
4.05498
3.91822
4.15888
3.32130
4.22144
3.19724
3.78656
4.02894
4.12133
3.46645
3.97100
4.08282
4.04819
3.96478
4.00408
3.91020
3.86213
4.19197
4.23597
4.19497
2.26000
4.17643
3.75039
4.17272
3.86308
4.11082
4.16322
3.39170
4.05846
4.19864
3.52917
4.13315
4.04538
4.04150
3.55552
3.73380
3.63353
4.10095
4.13797
4.18333
3.98543
3.85845
4.31413
3.76360
3.98672
4.21224
3.92078
4.33183
3.63565
4.28484
4.20376
4.02006
3.72622
4.20800
3.88417
3.28597
3.53031
3.36095
4.02488
3.54667
4.14759
3.64862
4.32637
4.02965
3.54826
3.77588
2.85940
4.09014
4.26000
2.26210
4.20221
3.92511
3.65523
3.96399
4.09791
2.78971
4.23744
3.84871
3.78675
3.61478
3.66797
3.84785
4.10867
4.11612
4.05740
4.27615
4.04707
4.24719
3.82148
4.22729
4.22901
3.09519
3.87451
3.94890
4.21201
3.81984
2.39563
2.53097
3.50684
4.27929
4.36071
3.48152
3.60644
2.27263
3.99938
3.97025
4.37020
4.18522
4.27749
4.27152
4.37912
3.84239
4.30122
3.89142
4.14592
4.08766
3.57643
3.61776
3.89169
3.69098
4.18892
3.65260
2.81521
3.32132
3.87232
4.17131
3.46966
4.13419
4.29740
4.29282
3.94054
4.36863
4.01139
4.09915
2.63607
3.50550
4.28742
3.87683
4.34978
3.85020
4.19595
3.95961
3.20299
4.22312
3.73585
3.41787
4.14157
3.76510
4.37183
4.02644
4.24522
4.02589
4.14787
3.96040
3.97311
4.07138
3.53602
4.12944
4.13388
3.83572
3.97563
3.83104
4.32131
3.75989
3.78460
3.88241
4.13381
4.40319
3.81820
3.24009
4.18416
3.67195
3.93471
3.81750
4.30380
3.54237
3.27299
4.27090
3.30683
3.97241
3.61304
3.01485
4.13767
3.41728
3.13804
3.77953
4.39881
4.08234
4.36074
3.92101
2.73944
4.23220
4.20874
3.60406
4.10983
2.83369
4.08096
2.03961
4.27394
4.09116
4.15099
4.24556
3.69804
3.99311
4.35107
2.89821
4.23198
1.85438
4.28334
3.99051
3.72322
4.29552
3.45458
3.30173
4.29280
3.54631
3.28651
4.24321
4.30679
3.32565
3.18666
3.62658
3.62943
3.16637
4.00045
3.98769
4.24329
4.20912
4.05371
4.30527
3.18782
3.82719
3.54179
4.15228
4.05682
4.12798
3.70446
3.27864
3.21038
4.06265
4.16661
3.77870
3.01222
3.34597
4.07502
3.63060
3.23217
4.22758
4.00089
3.98912
4.26987
3.82237
4.23167
3.90157
4.01797
4.18215
3.85333
4.28888
3.27159
4.30649
4.39008
4.22367
2.68621
4.02628
3.23479
4.20664
4.19126
3.38890
3.90310
4.18964
4.28015
3.81569
4.42097
4.03931
4.06452
4.16825
4.00424
4.11037
2.71851
3.85833
3.88721
3.70481
2.95799
3.55691
4.22489
3.28489
4.24986
4.03531
2.76592
4.34171
4.34344
3.75293
3.76056
4.28500
4.03621
3.52675
3.82429
3.99456
3.94446
4.07851
3.36773
3.94873
3.87188
3.36425
4.02191
4.30144
3.80377
4.28463
3.51300
2.85518
3.99464
3.92687
1.92377
3.52841
4.29546
4.02228
3.93331
4.15059
4.12588
1.93073
4.07100
3.69032
4.10453
3.63352
3.75156
3.70992
4.08946
2.89226
3.53247
4.08166
4.26002
4.34517
4.18480
4.33764
4.14290
3.60757
3.46998
4.23058
3.75064
2.55030
4.13998
3.23766
4.21404
3.60959
4.26726
3.51622
3.75370
3.74698
4.24295
4.27088
3.54174
3.85545
4.22711
3.21781
3.41311
3.64263
4.12681
4.11941
3.97572
2.33581
3.35060
2.60985
4.08511
3.94231
2.93524
3.87928
3.37180
4.18161
3.66514
4.36641
1.74256
2.33428
3.48557
4.17349
4.08808
3.64320
3.93034
3.82466
4.33987
4.13430
4.38475
3.75077
4.18497
3.34179
4.16393
4.08951
4.26833
3.22533
4.29178
4.34182
3.56989
3.66504
3.69469
3.02024
4.22036
3.88473
3.63698
4.05155
4.15486
4.02013
4.08271
3.92311
4.03444
4.29679
4.11524
3.72017
4.20080
2.56933
2.34403
3.57066
3.83448
1.60237
4.02362
2.96424
4.00090
3.90536
4.42359
4.18709
3.48013
3.84160
3.96709
4.27271
4.09184
4.40199
4.15816
3.87941
3.83672
3.99346
4.14717
2.74575
3.48021
4.12676
4.34050
4.32536
3.19008
4.22828
4.15712
4.17085
3.11549
2.98688
3.93921
4.08848
3.80748
4.11665
2.60463
4.20381
3.80212
4.03517
3.83092
4.13337
3.87011
3.80136
3.92121
4.30158
4.19936
4.14230
3.94667
4.10558
3.92437
4.20390
4.37488
3.62524
4.06646
3.87441
4.17582
3.89137
4.06224
4.16031
2.96533
4.00391
4.08881
3.95551
4.21311
4.02881
4.09413
4.30936
4.15469
3.61294
3.72233
4.14790
4.36033
4.30190
4.09258
4.08752
4.30658
4.26663
3.69280
3.67647
2.96596
3.98827
2.75463
2.95235
3.94965
3.78811
3.74748
3.93733
4.17137
4.28192
4.32928
4.23947
4.20339
4.27082
2.63959
4.10326
4.28489
4.17377
4.41281
4.16337
4.23593
4.19466
4.24621
3.92564
3.95050
3.92187
3.14877
4.04945
3.04488
3.33374
4.12976
3.81196
4.16093
4.33392
3.95650
4.36351
4.28734
4.23711
3.86840
3.86637
2.83643
4.14574
3.98069
3.96726
4.27484
4.19186
3.67264
4.35780
4.34759
3.98781
4.13134
4.08965
4.25154
3.95534
4.03597
4.07887
3.69452
4.30940
3.49556
4.02202
3.96967
4.24449
3.83821
4.22355
4.25057
3.87791
4.02845
3.53192
3.93677
4.19884
4.20521
4.30168
2.43798
3.94824
3.98236
4.20349
3.94151
3.45363
4.22969
4.12379
4.03377
3.03593
4.35836
3.86964
4.08961
3.87182
4.27962
3.78982
3.16250
3.96043
3.33062
3.20633
3.80102
4.17321
1.36768
4.00201
4.14372
4.16646
3.78384
3.39785
2.31136
3.42163
4.13706
3.21145
3.32056
3.74636
4.04176
4.32681
3.76879
2.30547
3.73998
3.83195
1.69646
4.20716
3.89511
4.28327
4.03367
4.22174
3.98692
4.03207
2.68765
3.81342
4.00493
4.32519
4.29112
4.15122
4.08195
3.67924
4.17949
4.13805
4.33220
3.58917
4.35049
4.25871
4.17232
3.16875
3.90277
3.72080
4.23872
1.64083
4.21430
4.21448
3.17524
4.20907
3.85945
3.98965
4.31786
4.03342
3.74166
3.71340
4.29978
2.19708
4.07649
4.07574
4.14958
4.35535
4.44754
2.55261
3.19786
4.19313
3.73898
4.24471
4.11964
4.43389
4.02923
3.94154
4.18716
4.19123
4.05847
2.25390
4.21708
3.91637
3.95105
4.09700
4.21129
4.13019
3.88543
4.23119
4.30429
3.10117
4.25503
4.10315
3.96178
4.18753
4.12619
3.89757
3.59843
2.51117
3.49386
3.68649
2.36212
2.70229
3.81220
2.57462
3.71144
4.19729
3.91473
3.48256
4.12237
3.84299
3.16528
4.28266
4.31631
4.12365
4.27979
4.21008
3.77275
4.06784
2.94440
4.10399
4.45545
3.66415
4.22355
3.48203
3.82045
3.14124
4.27113
4.30729
2.62975
3.97216
3.52351
3.83667
3.99598
4.09674
4.19743
4.26086
3.36435
3.66505
4.36476
3.46302
4.24157
3.99943
4.22442
4.22378
4.35293
4.13590
2.79502
4.28304
3.75978
3.75197
2.91415
4.22817
3.43225
3.45512
4.25544
3.21063
4.23933
3.04098
3.64367
3.97634
3.91393
3.87351
4.16302
4.24390
4.02145
4.35580
4.25683
4.15649
3.45924
4.25144
3.93105
4.33466
3.91033
3.38118
3.49848
3.46464
3.92357
3.90729
4.07239
2.90740
3.97694
2.55880
3.38163
3.91875
3.86570
2.09092
3.80721
4.27291
4.21868
2.53203
3.94707
3.69677
4.26180
4.09545
4.01521
3.91496
4.35678
4.12525
2.86324
4.15946
2.84286
4.10711
4.24875
4.02249
4.15774
1.40889
4.05403
3.27966
4.30566
3.59377
4.13425
3.97531
3.22676
3.44039
3.20252
4.32523
3.98041
2.73854
3.35725
3.73606
3.95148
2.84667
4.07446
4.06527
3.96052
2.74707
4.37518
4.31411
2.64622
3.98742
4.36117
4.28343
4.25232
2.57556
4.14922
3.38719
3.66860
4.21931
4.29419
4.08959
4.24512
3.96729
2.84913
3.84547
3.43321
3.39117
4.16311
4.08824
4.34991
4.12604
4.04989
4.27663
4.09336
3.64541
3.99429
4.17870
4.37874
4.24804
4.12636
4.17588
3.55800
3.80236
4.17931
2.04829
4.04024
4.03722
3.28920
4.05704
4.33604
3.25903
4.11553
4.18518
4.28569
4.36198
3.63628
3.83121
3.94706
3.96115
4.32187
3.54010
3.61547
4.16293
4.03745
3.86437
3.75698
3.62450
3.17420
4.03398
4.22673
4.27614
4.07385
2.57804
4.23351
4.23294
4.17093
4.25143
4.23437
3.79908
2.63463
4.09331
3.78985
4.24115
3.92003
4.27220
4.00016
2.51698
3.94296
2.23898
3.80022
3.93476
4.19564
4.03380
3.61533
2.85174
2.92933
4.04095
3.80426
4.13691
4.14903
3.97751
1.51877
4.02141
3.62784
4.25305
3.84246
4.17038
2.58018
4.15631
3.85326
3.92391
4.19147
4.27692
3.41971
4.26158
3.94009
2.47130
4.03022
3.89863
4.17681
3.97891
3.44581
4.18292
3.80917
4.19725
4.07151
3.78657
3.65478
3.61629
4.27709
2.17093
4.01783
3.67718
4.12747
4.14130
4.11198
4.17474
4.12356
3.62397
4.27292
4.07575
3.87060
3.46496
3.82950
3.73671
3.84797
4.05879
4.26316
2.02954
3.95482
3.79543
4.21846
3.95561
4.31337
4.38356
3.43614
4.23713
3.64456
4.24886
3.75307
2.98686
3.52577
4.24212
4.16347
4.18616
4.26996
4.17401
2.29303
4.34538
4.18954
4.03724
4.09101
4.05131
4.23887
4.16018
3.80979
4.28984
3.83775
4.17241
4.21869
4.35270
3.72198
3.50384
2.81987
3.30927
3.83308
3.82934
3.63512
4.37975
4.06300
4.10834
4.22634
4.14585
4.30199
4.12005
3.95210
4.24596
4.21784
3.73501
3.78256
3.73535
3.31212
4.02790
4.06531
3.57134
4.24294
3.90572
2.88966
4.38750
4.16707
4.33712
4.03527
4.34041
4.30330
3.90147
4.35208
4.05741
3.30881
4.32838
3.03935
4.12275
4.02416
3.73380
4.15661
3.30431
4.30104
3.83767
4.01669
4.26512
3.90348
3.87212
4.28396
4.16886
3.47886
4.12998
3.63318
3.98513
4.11320
3.29269
4.18873
3.26532
3.88645
3.68961
4.06532
3.93578
3.96624
4.03611
3.75115
4.26957
2.34736
3.75279
4.10391
2.90574
4.11845
4.04325
4.33421
3.61894
4.19816
4.38976
4.34971
3.76208
4.14694
4.16197
4.22171
4.18332
3.88423
4.09424
3.66301
4.22277
4.21126
3.72113
3.27058
4.23788
3.88973
4.19635
4.38637
4.11354
4.08884
3.97267
4.20985
3.44175
3.64402
3.96654
3.78577
4.29591
4.14928
2.77761
2.74774
4.18386
3.94721
3.84126
4.33625
3.27753
3.39827
4.12332
4.04476
3.93259
3.81618
3.98558
3.87312
4.24932
4.38217
4.08329
3.85534
4.17916
4.20232
3.68947
2.53328
3.28836
3.85259
4.08909
4.06185
4.33180
4.13072
4.17374
4.26995
3.86675
3.84505
3.41871
4.05756
4.26318
3.63622
2.83890
4.22073
4.26501
3.90282
4.02276
3.81802
2.64125
4.31647
3.73809
3.90218
4.24451
3.32978
3.83087
3.39856
4.04506
4.32339
2.41496
4.04720
3.78560
4.13011
4.30984
3.32474
3.57304
4.08459
4.18734
4.34208
3.37679
4.02144
2.34567
4.40833
4.27714
3.63686
4.33238
4.00717
3.91883
3.99955
4.19605
3.06374
4.22470
3.89612
3.80095
4.39900
3.78979
4.04671
4.14648
4.11566
3.67191
2.88086
2.95282
3.77608
4.14435
4.11085
3.68494
4.11744
4.04682
4.32181
3.88232
4.33993
3.07646
4.04366
4.06147
4.26510
4.21483
3.82382
3.97019
3.00112
4.25807
4.31170
4.24161
4.08983
4.19217
4.13000
3.76641
3.23217
4.34424
4.12171
4.02555
3.86433
3.98653
3.24537
4.32985
4.00759
3.71509
3.96076
4.05480
4.26602
4.11780
4.20510
1.15143
4.23275
3.16945
4.03766
3.93413
3.61690
4.00537
3.75713
4.02168
4.39123
4.28630
3.90811
4.14415
4.17441
4.12654
4.23101
3.58003
3.89327
3.88352
4.24243
4.01785
4.23097
3.80089
2.95838
3.52569
4.14211
1.77094
3.99189
3.81265
3.85362
4.04138
4.24749
3.82370
4.18807
4.24421
4.09367
1.87077
4.15155
4.07251
4.11554
3.85608
4.02796
3.68885
4.20724
4.11042
3.85241
4.31160
3.77640
4.32877
2.65971
4.07997
3.87195
3.84451
4.06425
3.12206
3.78917
4.38849
4.30152
4.30345
3.27971
4.16590
3.57471
4.22408
4.35513
2.99091
3.95993
3.64569
3.50444
4.27164
4.34613
4.37627
4.11812
3.53627
4.27982
3.43919
4.13905
4.09366
3.78576
2.26044
4.38594
4.34318
4.24959
4.08710
4.08506
3.55190
4.09879
4.12643
4.03743
4.09540
3.33109
4.33759
4.21242
4.34105
2.46521
4.18254
4.07239
3.64325
3.44486
4.34158
3.93785
3.98906
4.24103
4.31525
4.31840
1.96619
4.24510
2.52838
4.26439
3.37212
3.57546
4.06490
3.36596
4.11117
4.09658
3.68006
2.61284
4.14191
2.95934
2.41782
3.42918
3.90142
3.59846
3.67735
3.76791
3.65241
4.18623
4.17465
3.82521
3.89431
4.18316
4.17692
3.52153
4.04089
3.92350
4.01002
3.95838
4.10548
3.36940
4.10509
4.25727
3.53477
3.46013
4.33143
3.48612
4.12458
3.83479
4.07637
3.82232
3.87396
4.10261
4.12900
3.96742
4.22606
3.69024
4.13286
3.78291
4.32026
4.37228
4.20147
3.21964
3.25702
3.96395
4.35697
4.25238
4.28542
3.80621
4.25509
2.68832
4.44423
4.04857
3.66772
4.20106
3.96741
4.35368
3.28314
3.56162
3.98867
3.80459
3.27748
4.31475
3.22297
3.80245
4.24120
3.98636
4.14980
3.47493
3.86865
4.25115
3.85325
3.55194
4.20608
4.12313
4.29686
4.23776
4.19290
3.81715
3.92682
3.95509
3.98562
3.40171
3.28220
3.70276
1.84699
4.01444
3.82505
3.58824
4.12849
3.64952
4.07045
2.86006
4.32100
2.55930
3.47896
3.42655
4.41282
4.31308
3.91429
2.94250
4.44652
3.24035
4.06333
3.89687
3.97444
3.66623
4.17722
3.90383
4.04986
3.90496
4.29455
3.67717
3.60312
4.26997
4.06972
4.34136
4.09291
3.80702
4.17235
3.92755
4.30687
4.14568
4.15092
4.25719
4.29336
4.03137
4.28611
3.90957
4.22297
3.01760
4.25079
3.67728
4.19998
4.14851
4.26175
2.60771
4.31769
4.16499
4.16229
4.40690
3.66477
4.10162
4.15928
1.74023
4.25469
4.22557
4.25689
3.90155
3.94123
4.23475
3.01444
3.69678
3.72893
3.99549
4.19547
4.13944
3.85113
3.84238
4.10432
3.51139
4.06517
4.38613
4.14635
4.08233
4.25142
3.90861
3.83731
2.98607
3.62014
3.61634
2.93975
4.05888
3.65738
3.68840
4.23579
2.38441
4.17947
3.66668
4.00825
4.19391
2.41231
4.18761
3.89510
3.94815
3.71006
4.18650
2.92473
3.62166
4.23193
3.33320
4.23529
2.49107
3.89645
4.29429
4.24699
3.72782
4.28459
4.32092
4.18142
4.17813
4.04221
4.30360
3.90289
4.20323
4.33417
4.16786
4.22215
3.96374
4.32821
3.76350
3.48019
3.67234
4.11755
4.07129
4.05241
4.05236
3.87620
3.82069
3.83935
3.67995
4.13336
4.35933
4.33609
4.21759
3.40843
4.21687
4.14175
4.25793
3.98153
4.14188
3.75066
4.03254
3.31654
3.33299
3.73199
3.99784
4.31665
4.02906
4.02674
3.60459
3.92613
2.81543
3.92094
4.26539
3.30138
4.31689
3.82645
4.17507
4.01816
2.05467
4.25794
4.20592
4.40436
4.06779
3.97488
1.78360
3.17553
3.63621
3.96622
4.05435
3.98916
3.57549
3.96774
3.87380
4.02188
4.37076
4.03747
4.00788
3.45609
4.09786
4.23428
4.18980
3.81386
3.85040
3.93663
3.97504
3.35896
4.09481
4.17064
4.41499
3.49962
4.14935
3.88936
4.17919
3.89090
4.27826
4.04317
4.17972
3.61069
3.99899
4.23487
3.74720
4.23672
4.16972
3.35999
4.13889
4.25151
3.72237
4.17308
3.65469
2.66607
3.92317
4.24313
3.82332
4.17687
1.98339
4.14869
3.14912
3.75152
3.55509
4.22298
3.79623
3.98153
2.78673
3.20990
3.97744
4.34927
3.00575
3.90752
4.12640
3.64056
3.45274
4.17604
2.35661
2.73708
3.90934
4.00146
1.28368
2.68527
4.20146
3.73317
4.11860
3.77310
3.84677
4.11458
4.11465
3.51394
3.80959
3.63217
2.04434
4.08466
4.11619
3.16803
4.31382
3.85561
3.61750
3.94315
4.34613
3.82253
4.24576
4.33633
3.25997
3.80542
4.14307
3.98236
2.41321
4.16226
4.19113
4.17519
4.10855
3.92084
4.36080
4.27468
3.35816
3.60604
3.30525
3.97033
4.18436
3.77793
4.29787
3.65283
4.24404
4.09017
4.32089
4.19833
3.54706
4.32898
2.86188
3.99741
4.32760
3.44883
3.58194
4.27720
1.42676
4.30973
3.74032
3.00503
4.37239
3.49383
3.83720
3.80987
3.93803
3.30134
4.29469
4.25057
3.65554
4.25407
4.13931
4.09712
4.16059
4.17644
3.84578
4.03379
2.81872
4.29505
4.16081
3.53911
3.96958
4.02379
4.04902
3.97827
4.26697
3.90931
3.85899
2.46351
4.15347
2.17137
4.27935
3.92455
3.99652
3.82701
4.01044
4.20113
3.06657
3.95185
4.14977
4.43966
2.93862
4.06731
4.06748
3.20184
3.70338
4.17557
4.27386
2.29084
4.35804
2.86836
4.17790
4.13278
4.36034
4.31909
2.56795
3.31976
3.79062
3.93348
4.17279
3.42736
4.19730
3.48117
2.56922
4.20892
4.35814
3.62384
4.22390
3.81671
4.27556
4.05245
3.75593
4.35699
4.25286
2.88629
4.20754
4.24746
3.75264
2.65523
4.29482
4.07860
3.80842
3.72208
4.08149
4.14708
4.33662
3.56130
4.21026
3.66339
3.98927
4.26451
4.03242
4.09457
3.38061
3.16419
3.71835
4.35758
3.39166
4.36672
4.04080
3.36544
4.00962
2.96149
3.87938
4.18858
3.97905
4.36926
4.00994
4.02456
4.23040
3.96771
4.23257
3.93341
1.91174
3.77947
4.32658
2.63959
3.88640
4.16666
4.17630
3.69416
3.89137
4.19342
4.17677
4.11741
4.08148
4.34782
4.20611
3.65779
4.05170
2.44952
3.11617
4.15469
4.00730
4.01062
4.07012
3.05477
2.76906
4.35718
1.75412
4.05918
3.89491
3.97696
4.17013
3.57720
4.14888
3.96327
3.86687
4.28825
4.39367
4.27429
3.86832
3.79249
4.07296
1.57972
4.05736
4.36128
4.11699
2.30121
4.14320
3.99343
4.16302
4.19794
4.03724
3.95703
4.39132
3.45342
3.80558
4.09675
4.27524
4.16104
2.66700
3.27138
4.09041
4.24249
4.40379
4.00811
4.22572
4.26420
4.23400
4.21300
4.19969
3.92816
3.79917
3.86901
4.27847
3.69927
4.21815
4.20227
4.08758
3.94530
4.09867
4.16290
3.79743
3.98683
4.20658
4.33576
4.10996
4.28952
3.31215
4.19384
3.31089
3.20072
3.31238
3.68222
3.85359
4.06611
4.06167
3.85725
4.27388
3.05594
4.30095
4.17552
4.31480
2.55925
3.62028
4.04155
3.47338
3.49111
4.20682
3.93474
4.11411
4.19538
4.00251
3.79169
3.68030
4.24410
3.94902
3.79232
2.23722
2.98505
4.37982
4.18400
3.69335
2.59422
2.99956
4.25766
3.62526
3.57996
4.33046
4.01962
3.77542
3.87327
1.43037
3.86369
3.95004
2.29047
4.20426
4.13177
3.83365
4.17745
3.20297
4.09226
3.80668
1.59567
4.08074
4.02502
4.34076
3.96851
2.78167
3.61806
3.74859
3.94690
4.09344
3.27453
4.23065
3.76563
3.38441
3.95908
4.18072
4.24958
4.01737
4.37046
3.26632
4.15392
2.17890
4.04609
3.39704
4.20166
4.03357
4.01707
4.17864
4.36712
3.91894
4.27670
4.20723
4.03915
4.07540
3.53259
4.28405
3.94527
2.96130
3.83553
3.50183
4.18882
4.29431
4.27562
4.14204
3.92782
4.19899
4.26004
3.78699
4.09556
2.67312
3.96577
4.13073
4.13177
4.20793
3.76560
4.11383
3.84404
4.31099
4.31197
3.67210
2.55645
3.39542
4.09908
4.14942
3.44389
3.97961
2.30331
3.86538
4.07891
3.51439
4.18952
3.92959
4.06036
4.38831
3.86488
4.30367
3.35126
4.38503
4.10261
2.75006
4.28990
3.31019
4.24992
4.34650
3.93885
4.16769
4.07655
3.92518
4.16254
4.04640
4.01406
4.03208
4.24134
2.75981
3.99998
3.89637
4.00808
3.81118
3.31379
4.14220
2.78650
4.35024
3.94282
4.36785
4.06069
3.79554
4.13191
3.23694
4.20845
4.15267
3.64890
3.92022
4.22532
3.51508
3.21239
4.40912
4.26623
4.20448
4.16178
4.08029
4.05686
3.74833
3.75102
4.23779
4.02552
3.96453
2.41075
4.26427
4.19934
2.21158
4.14044
3.74606
3.38489
4.02381
3.85306
4.26356
4.26258
3.68007
4.10731
2.30413
3.68807
4.23388
4.16478
3.77689
4.37588
4.07058
4.04025
4.08021
4.27323
4.27751
3.11259
4.27547
4.26766
4.30454
4.07030
3.93411
3.38172
4.02003
3.49430
4.10496
4.13787
4.37832
3.74883
3.91305
3.62290
3.98613
4.12447
3.94442
4.06120
3.92595
2.91484
3.69430
4.11745
3.41389
4.05697
2.06585
4.09317
3.49509
3.63241
3.19037
3.96196
4.27598
4.28286
3.89476
2.39386
3.99991
4.21995
4.08396
4.15637
2.70233
4.25608
4.16820
3.77337
4.13557
2.48490
4.24113
4.20662
4.17468
4.10443
3.91579
4.40754
3.81596
3.80387
4.10727
4.02063
4.04440
3.96310
4.18696
4.14853
4.20311
3.69996
3.76907
4.37484
3.97603
4.35103
4.24393
3.80878
4.14275
4.08180
4.35587
3.82114
4.08922
4.10595
3.97611
3.60268
2.70665
4.02013
4.22906
4.19919
4.09779
4.25877
2.57305
4.37929
3.96489
4.29842
3.87469
3.92838
4.39103
3.73757
3.58697
4.26928
3.54322
4.04119
3.74108
3.61074
4.16690
4.32417
3.72977
2.10493
4.12045
4.22693
3.70314
3.80525
4.13600
4.04748
3.88453
4.09605
3.52762
3.28224
4.05996
1.81795
3.67386
4.22369
4.04607
4.22986
4.26645
3.47011
4.17876
4.12407
3.67940
4.10589
4.02890
3.97241
3.72526
4.10010
4.34952
4.22365
3.84102
4.20488
4.22514
4.04139
4.14715
4.15748
3.74610
3.64138
4.26374
3.00860
4.01527
4.29290
3.70431
4.14020
3.95954
3.73603
3.83851
3.78496
4.17581
4.15401
4.23516
4.12088
3.49768
3.82909
4.41421
4.33290
4.15422
4.03134
3.91904
4.03209
4.09110
4.34716
4.25948
4.20100
3.97414
2.68275
3.85797
3.45091
4.14112
3.48462
3.54963
4.20770
4.06527
4.22637
3.73946
4.34056
3.89431
4.25227
4.10457
2.47054
4.31012
4.11631
3.21825
4.03858
4.18239
3.72644
3.98959
3.53521
4.21560
4.36172
3.06802
3.75356
4.26866
4.20056
2.88008
4.26188
4.24114
2.82645
4.24649
3.67015
4.14406
4.35986
4.01832
4.08880
3.96976
2.91649
3.71268
4.27288
4.15812
3.69743
4.27986
4.18900
3.33560
4.12038
3.90983
4.31449
2.43897
4.06517
3.70278
2.71127
3.64897
4.05518
3.57647
3.82280
4.27396
3.62286
3.98570
4.18007
3.06770
4.25371
4.24673
4.17971
4.42616
4.07778
3.98088
3.95787
3.09765
2.91056
4.05070
4.28021
3.77705
2.86349
4.12687
4.00745
4.08219
3.95026
4.01405
4.27621
4.32708
4.05272
4.02972
3.53363
4.16196
4.39043
3.73089
3.56204
4.36540
4.20637
2.41084
4.40362
4.08300
3.59814
3.64016
4.17545
3.60923
4.06499
3.75055
4.22495
4.05246
3.46071
4.05135
3.78303
3.41952
4.19853
3.72932
3.53819
3.67955
4.14905
4.14769
4.30384
3.86832
4.08700
3.43226
4.12496
4.06770
4.27711
3.03952
4.33239
3.47095
3.81346
4.06893
4.31857
3.63035
2.26699
3.79550
3.08874
3.83625
4.14826
4.12018
4.14063
4.06218
3.98561
3.48593
2.63502
4.19321
4.24871
4.17307
4.25308
4.02995
4.20626
2.87785
3.95843
4.33443
3.88038
3.46158
3.57282
4.24353
4.09735
3.24938
4.05595
3.76752
3.41230
3.93168
4.25049
4.24619
3.73481
3.24634
3.65424
4.22757
2.89381
3.69580
4.28082
3.74933
3.54508
3.13612
4.10694
4.16898
3.92425
3.95205
4.00339
2.50097
3.61515
4.21991
4.26090
3.65771
4.06388
3.25906
4.32670
4.20830
3.99796
4.14795
4.09816
4.31040
3.44327
3.74980
4.09442
4.21883
3.52123
4.30164
3.98058
4.09006
3.59191
4.09091
4.18825
4.01178
3.80177
3.53874
4.07310
4.21746
3.76003
4.16348
2.51941
3.76822
3.07967
4.25751
3.99150
4.12399
4.33281
4.37123
3.89987
3.46231
3.29606
3.96501
3.92196
3.28922
2.78993
3.97999
4.03812
3.61805
4.06769
4.30431
3.76909
4.08484
4.19716
4.37754
3.94047
4.00461
3.91241
4.29800
4.34171
3.05229
3.19490
4.04908
3.68121
3.84122
4.27221
3.67239
3.83486
3.65102
4.02358
2.33278
4.33468
3.10104
3.66533
3.96092
3.46780
3.01093
4.30031
3.78293
3.99042
4.09475
4.25394
4.21669
4.16702
4.16172
4.25844
4.15668
3.40775
4.20372
3.39001
4.02569
4.13407
4.33667
3.86120
4.09567
4.26212
3.77317
4.14208
4.28617
4.20248
3.66672
3.67858
3.96962
2.19628
3.82324
4.23135
4.00585
3.79117
2.23348
2.68543
4.01792
3.98691
4.35719
4.05407
3.94380
3.80780
3.95207
2.94855
3.05795
4.17795
4.13124
4.33820
3.56495
4.10117
4.25853
3.86531
4.27826
3.85994
4.05607
3.87107
3.89829
3.39722
4.31322
3.99269
3.21982
4.17674
3.07176
4.30975
3.99484
4.23167
4.15476
4.05595
4.19062
3.97009
4.37426
2.54550
2.31806
4.15905
4.42140
4.27100
4.11610
3.99664
4.42888
4.07113
4.09626
4.28073
3.95464
4.10148
4.17435
3.83579
3.07223
3.56289
4.35656
2.92609
4.14287
4.11570
4.11130
4.11163
3.77399
3.89938
3.97201
3.43116
4.06516
3.13477
4.19656
3.91391
3.04115
4.33597
4.15294
2.74051
4.23456
3.68773
4.10685
2.19800
4.00250
4.17764
4.05524
4.15258
4.27906
3.74907
3.33806
4.14406
3.99216
3.86023
4.08817
3.87849
4.05685
4.31652
3.44412
4.18154
4.00686
3.92662
4.27936
3.99053
4.13512
3.85323
3.82920
4.21940
3.89344
3.52830
4.17902
3.73224
3.73535
3.57995
4.18192
4.07179
4.13731
4.25996
4.24317
4.20869
4.13208
3.87265
4.11525
3.42888
4.16569
4.09851
3.57018
3.98221
4.29845
4.23567
4.22945
4.16092
3.86113
4.14310
3.95237
3.59352
4.20590
3.93010
3.99808
4.15190
4.23603
2.25957
3.63547
4.22481
4.29210
4.28930
4.30882
3.59187
4.17276
3.66750
4.31507
4.21057
2.18838
4.11233
4.35297
4.02490
3.97314
3.71799
3.68394
4.10813
4.25340
3.14295
4.36359
3.92604
4.34677
4.27125
4.08947
4.32010
4.13418
3.86255
4.08692
3.83317
3.32820
4.18285
4.10982
3.99198
4.13454
2.59827
4.37439
4.09709
4.18354
4.11369
4.06938
2.96320
4.13775
4.16686
4.02889
4.24330
3.72781
4.09944
4.30997
4.06909
4.10395
4.16600
4.20036
4.17697
4.02815
3.51242
3.72941
4.15267
4.31513
3.48563
3.45843
3.85670
3.52371
4.32978
3.94244
4.36448
3.88208
4.29337
4.17336
4.30857
4.07544
4.04842
4.23485
3.98244
4.38521
4.09939
4.07506
4.00902
4.25404
4.22247
3.70081
3.89779
4.02702
4.25355
3.71400
4.26711
4.17194
4.32787
4.08115
3.94462
2.86861
3.85303
3.51729
4.09659
4.39609
3.76287
3.95332
3.46361
3.96646
3.91355
4.30219
3.47875
4.00820
3.10910
3.83769
4.30704
4.02757
3.69976
4.01517
4.00602
3.92061
3.82033
3.38572
3.68893
4.07529
4.18480
3.91083
4.27171
4.29881
4.09274
4.22623
3.20352
4.07848
3.80450
3.60925
3.44669
3.68481
4.00879
4.13682
4.03859
4.30605
3.96410
3.78556
3.76855
4.26895
4.24110
4.36118
4.10048
2.67241
3.49786
4.13427
4.02410
4.24154
4.40407
4.15702
3.93093
4.38011
3.70199
3.39931
3.76918
4.31014
3.32701
3.76100
4.38643
4.20407
3.48602
4.31017
4.30196
3.54495
4.37993
3.79593
4.03715
2.39993
4.17212
4.17244
3.79532
4.24115
4.27122
4.28565
3.96330
3.66881
4.29962
4.02260
4.18850
4.00618
4.02699
4.15522
4.05041
2.98016
3.81559
4.09261
2.11485
3.95337
2.45246
4.11933
4.24788
4.09646
4.01625
3.78860
3.98265
3.89196
4.09980
3.71690
2.36742
4.05551
4.00185
4.09048
3.96899
4.35438
3.49184
4.00861
3.61564
3.15922
3.83799
3.99032
4.35901
4.10191
4.20651
3.61357
4.08493
3.86931
4.11727
3.76113
3.59605
3.89404
3.95314
4.01200
4.32104
4.40943
4.24570
4.14865
3.94533
4.38533
3.92662
3.95066
2.61886
4.20215
4.19399
3.77183
4.24279
2.04877
3.84542
3.79657
4.27051
4.37204
3.31107
4.20597
3.62016
4.06697
2.25618
3.19571
3.95682
3.79056
4.31670
4.19720
4.41098
2.79390
4.22695
3.30785
4.11257
3.62269
3.36607
3.63262
4.15068
3.81026
3.78244
3.56992
2.90904
4.06107
2.97421
4.18470
3.87879
4.09652
3.35144
3.86518
3.87919
3.85685
3.86974
3.31386
4.31099
3.69324
4.06084
3.56376
3.31338
4.21343
3.80183
4.06270
4.12565
3.79811
4.28749
3.74717
4.06026
4.23357
3.55294
3.63864
4.02263
3.94051
4.38679
3.85855
4.30595
3.89228
4.15252
4.23312
4.20082
4.37621
4.21451
3.21858
4.36181
4.39452
3.28176
4.11518
4.04573
2.51371
4.26533
4.30489
4.08303
4.04676
4.20937
4.22913
2.90562
4.05329
4.06547
3.75801
4.28520
4.15415
3.42478
3.54719
4.19262
4.07248
4.37710
3.78988
3.59937
4.24726
4.28459
3.95742
4.10538
4.34008
3.64507
4.00775
4.09452
3.78479
3.73265
3.98205
4.32841
3.89658
3.79218
4.20206
4.15836
3.78213
4.25797
4.16212
4.00511
3.42997
2.55026
3.76290
3.80124
4.09213
4.00348
4.19103
3.59740
4.26545
4.26494
3.98443
4.09117
3.73048
4.15211
3.86130
3.56082
3.65985
3.69227
3.17171
4.26278
3.95215
4.21289
3.33718
3.85317
4.05135
4.12644
4.36766
4.10281
4.03389
3.86230
4.00107
4.09233
4.09035
4.22358
3.78548
4.09569
4.05875
4.06693
4.18807
3.30172
3.49136
4.02914
3.82650
3.96372
4.33382
4.35130
3.28727
3.61887
3.94987
3.14240
3.94910
1.84026
1.70612
4.23344
3.90917
4.19068
3.56600
3.70356
3.40758
3.91429
2.73158
4.13088
4.27998
4.24124
3.84769
4.11409
4.11159
4.36303
4.01984
3.17295
3.81311
3.88828
3.46440
3.91595
4.21557
4.35340
2.55214
3.56095
4.37487
4.30662
2.43224
2.19090
3.61003
4.13134
3.79972
4.23939
4.09275
3.28808
4.32829
4.32089
4.21623
4.40748
4.00907
2.69230
4.18370
3.91330
4.19782
4.19893
4.14757
3.08991
4.32090
4.07499
3.43251
4.24020
3.63660
3.98779
3.86162
3.78683
4.26825
3.16069
3.75667
2.40021
3.80011
3.12990
3.68959
4.03507
3.56997
3.54926
4.12016
4.17999
2.64034
4.05842
2.26954
4.04823
4.14067
3.95344
3.00756
4.28177
4.42136
4.14316
4.29512
3.73325
3.25897
2.72053
4.18823
4.34393
4.31139
4.18597
3.70302
3.82928
4.11888
3.93718
3.44810
2.55434
3.87573
3.82389
3.80674
4.26976
2.57481
3.63979
4.21847
4.06498
2.07569
4.38862
3.71580
3.61683
2.43637
3.97934
2.44546
3.92989
3.98890
4.17870
3.56854
4.41353
4.20045
3.66649
3.99706
4.06877
3.03183
4.30108
3.70135
3.97707
4.04622
4.28400
3.82163
3.27612
3.90827
3.58205
3.86603
4.13394
4.40899
4.28059
4.09204
4.18601
4.33966
4.02866
3.42795
4.09774
4.25587
3.90104
4.23523
4.15261
4.02401
3.81226
4.10201
4.31640
4.03759
3.73888
4.36362
4.36942
4.37168
4.22140
4.00084
4.26794
3.95773
4.11115
4.23597
3.66612
4.05022
4.34603
3.76189
4.00111
4.26766
3.97644
3.56117
3.96723
4.35317
3.50518
4.12227
3.51519
4.16003
4.16006
4.17669
3.69239
4.31345
4.18758
2.81452
4.11755
4.19427
2.39229
4.24053
3.70152
4.09664
3.19662
3.86425
3.16110
3.74141
3.80329
4.29044
4.32356
2.98398
3.79719
4.01047
4.13985
4.19060
4.32556
4.01248
4.00928
4.01424
4.26997
4.10256
3.76596
4.00581
3.93367
3.86899
3.72805
4.03316
1.99909
3.86028
4.29287
3.76250
3.77137
4.07975
3.94437
2.52408
3.44177
4.02449
4.03511
3.70496
3.89767
3.94998
4.24030
4.31962
3.90321
4.09536
4.17990
2.68808
4.40537
3.53502
4.31026
3.44728
4.16683
3.04196
3.38577
3.77685
3.62971
4.24067
4.03244
3.96504
4.22293
4.38121
3.89302
4.10207
4.18202
3.68829
2.64907
4.08626
4.04893
4.19530
4.18893
3.97704
4.22780
4.16995
4.04176
3.40331
3.99080
1.90305
3.26166
4.09827
3.22701
4.00979
4.24323
3.33763
4.32483
4.24085
3.89913
3.83007
4.00204
3.99254
2.72157
4.13773
4.25423
2.25961
2.74139
3.85479
4.26781
4.06037
4.11016
4.35547
4.12627
4.00997
3.92383
3.26027
3.81062
4.37225
4.04782
4.01097
3.99211
3.90207
3.81652
3.12968
4.30855
4.23584
4.24154
4.04783
4.23160
4.21970
3.85020
4.25132
3.63825
3.86537
4.07046
3.93167
4.41602
3.67303
4.10057
2.02036
4.01670
4.23760
3.96546
4.17028
4.13401
4.12277
4.26905
4.06303
3.49761
3.96221
4.10312
4.22043
3.83775
4.04992
4.31509
4.07400
3.71666
3.98799
3.95275
3.96583
4.33163
3.91038
2.63349
4.04219
4.14275
3.30080
3.98013
4.19020
4.11550
4.19797
4.13152
4.05010
4.19655
4.26520
3.45689
3.87768
4.31183
4.28904
4.22360
4.31931
4.17979
3.81835
3.32305
4.11161
3.72491
4.12204
4.35614
4.27986
4.16525
4.23522
3.84364
4.21511
4.28727
3.97906
4.16246
4.12342
3.53797
3.93669
4.30783
3.99259
2.89890
4.12529
4.23834
4.11286
3.08106
4.01201
3.66670
4.04899
4.01400
4.27736
4.30471
3.86747
4.02775
4.26935
4.32044
4.25877
3.49287
4.31605
3.94605
4.04251
3.93337
4.08998
4.08504
3.14262
4.22575
4.13199
3.19592
3.81069
4.19177
4.33808
4.23095
4.21631
4.28113
4.38978
3.83850
4.20558
4.10962
4.30382
3.50775
3.74627
4.06519
4.26556
4.35311
3.75470
4.31245
4.23615
3.89514
4.05564
4.33312
4.14861
4.12595
3.67043
4.38457
4.07017
3.86229
3.97224
4.35247
2.25864
3.83469
4.17970
3.92215
4.23775
4.30822
4.35846
4.08558
4.16458
4.36292
4.30451
2.80129
4.17743
4.32888
3.72632
3.93871
3.63836
4.05760
3.67133
4.22414
4.31098
4.18256
3.98499
4.31678
4.07880
4.17622
3.95798
3.96342
3.88162
2.81559
2.92655
4.30883
4.20904
3.80063
3.57764
4.22303
3.48596
2.16991
4.10951
2.32455
3.61280
4.07430
3.78836
4.02365
3.75977
3.79559
3.84418
4.09050
4.36989
3.72633
4.03003
4.12095
2.75779
4.26328
3.90330
4.22670
3.66362
3.27049
3.74131
3.35296
4.35500
4.14347
3.92507
4.11192
3.51696
4.18355
3.84978
3.97354
2.67763
3.84914
3.61573
2.20821
3.94253
3.30409
2.99001
3.65948
4.19569
3.67412
4.22005
4.06921
4.14100
3.89603
3.62402
2.34130
2.79170
4.03434
3.99312
4.09707
4.22179
3.71677
3.88063
3.79529
4.13230
2.82830
3.79735
4.16161
3.98895
4.08304
4.11258
3.71535
4.25835
4.22949
3.86475
3.34310
3.93008
3.09415
3.61511
3.46905
3.88185
3.96262
4.15504
2.81201
4.03894
4.05616
4.10617
4.31368
4.25237
3.08159
2.45471
4.15611
3.67819
3.90125
3.90406
3.92447
4.31139
1.23043
2.10065
3.85863
4.33841
4.13565
4.16292
4.25661
3.23304
4.05738
4.27071
3.87977
4.30263
4.26008
4.28583
4.10688
4.14333
4.04333
4.29705
4.10291
2.48826
3.99782
4.13515
4.02706
2.51076
3.60600
3.97999
2.42797
3.24033
4.12952
3.66707
4.08774
4.20207
4.30418
4.29872
3.83331
4.14708
4.16864
3.77929
4.20599
3.57054
4.32228
3.42384
3.20314
4.23010
2.75234
4.10155
3.70455
4.16925
4.21103
4.04755
4.05057
3.63938
4.18679
3.50679
4.18585
4.18575
3.41691
4.09871
4.13896
4.29798
4.24078
3.96168
4.06361
4.25520
4.24149
4.06319
3.97072
3.75846
3.84352
3.73571
4.19360
3.99075
4.20366
3.71348
3.93833
3.82706
4.04941
3.92396
3.73601
4.16254
4.18464
4.21267
4.16977
3.85291
3.83406
4.03671
3.30599
3.44507
2.93932
3.81732
4.10236
4.06575
4.35602
4.14502
4.25518
4.11888
4.17875
3.78840
2.86204
4.21024
3.85291
3.99484
3.87520
3.97406
4.24610
3.92946
4.27153
2.48592
2.75916
4.30100
3.56828
3.95857
3.83426
3.87487
4.10126
4.23591
4.36428
4.04936
4.23100
3.63622
3.58600
4.12164
2.66157
3.94718
4.07454
4.12719
4.30485
3.85729
4.07174
4.33200
4.22542
3.92023
3.74904
3.34417
4.14160
4.23494
3.90686
4.22873
3.15679
4.08715
4.09217
3.39249
4.17950
4.27746
3.83156
3.11760
4.07342
4.26650
4.25536
3.68623
4.13795
4.00808
4.36239
4.19263
3.02508
4.14621
3.04370
2.87757
3.95517
3.85913
3.60893
2.17252
3.79806
4.21739
3.99844
2.46690
4.39217
4.00019
3.36399
4.28329
4.25611
4.20506
4.03060
3.90093
3.53771
3.92292
4.13241
4.17508
4.35207
4.21218
3.12575
4.20547
3.84298
4.33385
4.32703
3.82468
2.57834
4.24956
3.92192
4.04860
4.02735
3.68510
3.84349
4.01775
2.18660
4.09319
3.78056
3.91206
4.19380
4.08697
4.18106
4.02960
3.89667
2.28839
3.77115
4.03658
2.49675
3.44893
4.25958
3.90549
4.26303
3.88347
4.19478
4.22052
3.83055
3.36913
4.32676
4.07726
4.07616
4.15918
4.35066
4.16967
4.31780
4.16449
2.61465
4.12761
3.89352
3.72002
4.06549
4.20827
3.87723
3.97056
4.08739
3.92902
4.26324
4.00172
3.90458
4.15631
3.82725
4.03234
3.41321
3.99943
4.18119
4.27357
4.06056
3.94838
4.20905
1.73179
4.34184
4.02594
3.89998
4.20742
4.33724
4.32527
4.19304
4.30329
3.34652
3.86829
4.17784
4.04956
3.73139
3.44444
4.28653
3.41705
4.05960
4.39051
4.10162
3.74232
4.34936
3.95105
4.05624
3.21511
3.12075
4.16522
3.97701
3.94425
1.10318
3.92516
3.94399
2.90634
4.04362
3.63574
3.65044
3.28195
4.33280
2.65499
3.85179
3.66454
4.31144
4.35022
3.70274
3.34585
4.18848
4.28683
3.85277
4.13160
3.67632
4.22714
4.38177
4.04035
4.26985
4.06098
4.00323
1.94626
3.90294
4.26956
3.94034
3.91461
3.74457
4.15715
4.01475
3.53860
2.86430
4.23883
4.30437
4.11546
4.22881
3.99365
4.13718
4.10054
4.03472
3.63311
3.40799
4.35627
4.06993
4.31972
2.95695
4.02514
3.35690
3.57974
4.41780
3.82034
4.35191
4.34464
4.02784
3.95115
3.58252
4.26330
4.25000
4.07456
1.88724
3.71812
4.18683
4.21183
3.99975
4.18884
3.60884
3.86270
4.12178
4.11149
4.14579
2.32099
4.03571
4.03792
3.95277
4.10027
3.92909
4.21137
4.05174
3.71539
4.39314
3.30924
4.20756
3.73723
4.43733
3.71249
4.26583
3.34183
3.81487
3.66657
2.63736
4.18873
3.91553
3.31142
2.15281
2.42866
2.47545
4.05777
4.36713
3.92958
4.17649
4.35443
3.70834
3.83742
2.54274
3.61902
2.25947
3.85279
4.13086
4.08601
4.11664
4.11739
4.04395
3.82931
3.96575
3.98654
4.36544
3.34390
3.14066
4.14845
4.36595
3.49545
4.30257
4.03150
3.90277
4.40300
4.18651
3.99799
3.71948
3.54362
3.17497
3.94977
4.30369
3.92258
4.23402
4.34256
3.69011
4.17854
4.25352
4.17105
4.19992
2.56084
3.93219
3.45094
4.18450
4.07104
4.33254
4.35110
4.09369
3.87648
3.44711
3.85445
4.30017
3.26325
3.86710
4.27608
4.21884
4.19632
4.28674
2.96281
4.07175
3.80986
3.28408
3.80014
4.37918
3.61599
4.11182
2.48176
4.11614
2.67485
4.09838
4.29524
4.04753
4.02222
4.16317
3.97263
4.12694
3.96940
3.87506
3.96962
3.84824
4.13574
3.92667
4.24230
4.10903
4.22488
4.25926
4.23687
2.41647
4.25513
4.20051
3.05008
3.02057
4.10118
4.25493
4.04778
4.25019
4.17394
3.68111
4.43328
2.71459
4.05560
4.17878
4.34648
3.78550
4.09101
3.95774
4.13197
3.55024
3.40702
3.96254
2.43465
3.90410
4.24448
4.34793
1.91263
4.41128
4.20883
3.53260
3.85934
4.17229
4.15891
2.52138
4.01506
4.31920
4.12320
4.36603
1.47547
4.12693
1.66718
3.46997
3.78143
4.13649
3.38238
4.26292
3.84712
4.22448
3.05140
2.71456
4.17473
4.06094
2.98151
2.09381
3.36624
3.71605
2.80920
4.16962
3.17977
4.08857
4.24774
3.38314
4.18471
3.69051
4.44160
3.74616
4.12554
4.30851
3.89823
3.78790
4.20021
3.95340
4.35666
3.15438
2.97726
4.22686
3.97411
4.26447
3.68007
3.92337
4.24086
4.18357
4.24870
4.12717
4.14637
3.88562
3.37888
3.77504
3.60398
2.36119
3.89306
3.98414
4.12079
4.03631
3.82052
4.25471
3.83798
4.23718
3.97449
3.87789
4.16392
3.84815
4.07273
3.64881
4.18166
4.03347
4.27726
3.90835
2.80961
3.68073
3.81184
4.06845
3.27415
1.96361
3.67366
4.27787
4.18496
3.63656
4.07967
4.24077
3.87266
3.75414
3.72311
3.98998
1.80434
4.33703
4.22861
4.16078
4.01442
4.22646
2.67730
4.03450
4.34425
4.30589
3.81420
4.22786
3.86131
2.49271
4.30735
3.98989
3.62736
3.98871
4.21592
3.41585
4.22131
3.85175
3.69405
3.62663
3.89609
3.26865
3.98805
3.94829
4.32072
3.92637
3.16868
3.34126
3.23532
4.40827
3.05428
4.18112
4.19507
4.32734
2.88901
3.87962
4.10683
4.28895
3.37286
3.89822
4.17065
4.18227
3.79118
4.05704
3.92479
3.88737
3.79482
3.54158
2.81165
4.17338
3.18581
3.48469
2.91632
4.18204
4.15204
4.28850
4.00555
4.25581
4.30066
4.26517
3.31048
3.94342
3.22578
4.24713
4.37954
3.87495
4.32579
3.81213
4.28550
4.13038
3.87462
4.24157
3.23614
3.75686
3.26080
3.83880
4.17829
3.85742
4.41263
4.27387
3.92906
4.32394
3.68114
4.41103
4.28218
3.79991
2.06933
4.39851
4.03352
4.10807
4.21347
4.33101
3.51427
3.82178
4.11264
4.10111
2.74085
3.84352
4.04728
3.64003
3.93854
4.29008
3.84026
4.08601
3.17263
4.21991
3.83563
3.19279
4.01784
3.81744
3.52878
3.13363
3.97229
3.73998
1.76167
3.69900
3.32546
4.29714
4.14017
3.85097
4.20839
4.09716
3.44959
4.28684
2.72747
2.88773
4.01379
3.36134
4.01290
3.73259
2.59536
4.28079
4.24899
3.93560
3.07290
3.86838
4.02474
2.73598
2.83745
2.97441
3.52485
4.09751
4.18138
3.37568
4.12210
4.27439
3.76831
3.99321
4.32943
4.25277
4.02428
3.80877
3.54438
4.24606
3.80004
4.31333
3.35300
2.54363
4.32777
2.74246
4.07178
4.18729
3.97470
2.88541
1.83544
4.32758
4.12897
3.04999
1.85202
3.55626
2.78868
4.30954
4.05141
4.15083
3.73102
4.16699
4.04478
3.10100
3.83063
3.99448
3.27469
4.07898
4.18236
4.29574
4.39707
3.64701
3.71214
4.02572
3.79545
3.85067
4.14609
3.94837
3.84378
3.95959
3.22245
4.22798
4.07697
4.36997
4.31213
3.71065
4.00520
4.25649
4.26148
3.48262
3.98901
3.38640
4.29960
3.84301
4.00332
4.22775
3.59451
4.20624
4.21329
4.17334
4.30103
3.48682
3.65395
4.20977
4.07039
4.15150
4.33425
4.24079
3.99982
3.81896
3.80730
4.03827
4.07201
3.68687
4.34064
3.72154
3.70444
3.36327
4.15867
3.93922
4.04210
3.91992
4.23902
4.31075
3.04571
4.20831
4.17126
4.13686
4.26441
4.26858
3.98584
4.20253
3.63201
4.38761
4.06791
3.91244
2.48275
4.33137
4.07210
4.13363
3.39008
4.09040
4.18686
3.48557
3.85185
3.78118
3.99623
4.03865
3.76839
4.02197
3.87664
4.17094
4.28697
3.95895
4.20057
4.09442
4.12665
2.37038
3.99984
3.98568
4.12248
4.00319
2.11442
3.99737
4.24134
4.28402
4.20680
4.19365
4.09727
4.28347
3.95168
4.00227
3.44131
3.69644
3.47693
2.42618
2.90478
3.76279
4.25475
4.22830
2.68232
4.19373
4.27992
3.79821
4.14185
4.17863
2.76409
3.95605
4.33711
3.46124
4.08353
3.27017
4.32920
4.06520
4.04959
3.99772
3.77162
4.18344
3.58789
4.15059
4.34161
4.34820
3.89080
4.32042
4.22321
3.60541
2.79300
4.25312
3.62436
2.93138
4.35155
4.25708
1.95437
3.80491
4.24867
4.05932
4.14860
3.49579
3.73065
3.57283
4.12758
4.08972
4.22940
2.79272
3.58905
3.91507
4.00996
4.16863
3.37519
3.21982
4.39587
4.19106
4.13600
4.06400
3.98579
4.02758
4.20271
4.26261
3.34001
3.99553
3.33589
2.25072
4.13397
4.21876
4.26902
3.94710
3.56941
2.39506
4.16191
4.17830
3.96551
3.75055
3.37427
3.97682
2.92704
2.37227
3.67410
3.29831
3.89350
4.12594
2.71703
4.16379
4.14672
4.35297
4.05940
3.58283
3.09755
4.20741
3.46747
4.01710
3.89402
3.51971
3.49811
4.02126
4.06778
3.67659
3.82047
3.56254
4.28383
3.61860
3.70401
3.87181
3.11591
3.89275
3.84679
4.13867
4.15305
4.34203
4.34904
3.63053
2.64546
3.75476
3.99017
3.94898
2.71100
4.11145
4.13140
4.27064
3.49101
4.33523
4.03442
4.22436
3.88173
4.19784
3.54971
4.14612
3.77157
4.28298
4.04310
4.39694
4.18941
3.92045
4.16240
3.96600
3.89448
3.79818
4.28797
4.18676
4.14792
4.36444
4.18159
3.96442
2.87664
4.28534
3.79716
3.02206
3.72839
3.81927
4.06474
4.40625
4.03186
4.25790
4.13408
3.99549
4.10334
4.13806
3.37603
3.87585
3.96986
4.07479
4.34860
3.75162
4.16639
3.51722
2.96359
3.56831
4.02904
4.24763
3.83340
3.65559
4.34752
3.88146
2.90145
4.33482
4.01236
3.93189
1.77118
4.23218
3.58344
3.73143
4.08889
2.96935
3.85214
3.86752
3.83779
2.04090
4.06321
4.34578
3.59198
4.14132
4.19193
3.91627
4.31291
3.28744
4.23648
4.04895
3.95628
3.46483
4.25509
3.89552
4.09172
3.96061
3.91345
3.57581
3.99466
4.14174
4.15844
3.80203
3.44379
4.24737
4.37493
3.91136
2.48114
4.06411
4.28250
1.50959
4.29927
2.78568
3.77627
2.64943
3.47677
4.05158
4.18756
4.25755
3.15996
4.17276
4.14695
4.09232
3.89535
3.05253
3.78151
2.53054
4.18793
4.34375
3.88970
3.95286
4.19701
4.03509
3.78579
4.24659
3.26080
3.04828
3.25952
3.54945
4.32164
4.12319
4.03527
4.37609
3.37164
4.25326
4.08299
3.38140
3.96385
4.17018
4.19744
3.63313
3.86062
3.96706
4.11762
4.15950
4.25499
4.27060
3.70750
4.35317
4.25551
3.38412
4.20798
4.00246
4.25613
4.02609
3.94771
3.98672
4.02828
3.80837
4.22570
3.77746
4.06788
4.12309
3.30461
3.99286
4.06870
2.76419
3.14072
3.98958
3.28420
4.25388
4.11509
4.20255
2.71870
3.99859
3.12035
4.00548
3.96002
3.32370
3.64588
4.01751
3.85990
4.15749
2.88690
2.54549
4.05444
4.29284
4.03006
3.66002
4.01191
3.41140
3.58238
4.01781
3.78700
3.65100
4.03908
4.20377
4.20148
4.34605
4.21666
3.23343
2.45691
3.86183
3.69195
4.14828
4.22258
4.16527
3.82032
4.10864
3.85984
3.32121
4.16528
3.88195
3.49349
4.02662
4.39896
4.09309
2.72746
4.13397
3.28291
4.27349
3.93598
3.04258
4.20227
3.65282
4.17024
4.16157
3.83166
2.89767
4.01808
3.80223
4.23580
3.95045
3.93859
4.32923
3.98597
4.23613
3.57097
4.11312
4.16756
4.26095
4.04735
3.90546
4.19414
3.81797
3.91595
4.18405
3.89603
4.05817
4.35708
4.20224
3.98281
4.09906
4.15256
3.72135
4.06802
4.04689
4.07204
4.30759
3.65816
3.74708
4.15636
3.65745
2.71965
3.99266
4.21659
3.53451
4.11041
4.13067
3.02983
3.98456
3.45784
4.18726
4.06131
3.34292
3.15944
3.76106
4.01184
3.04528
4.20624
3.93149
4.35686
3.30489
3.52416
4.02351
4.31183
4.11465
4.32215
4.39159
4.22195
3.58655
4.16860
3.96794
4.09707
4.16226
4.37507
4.12044
3.71395
4.18616
3.62383
3.84378
2.68413
4.16240
3.66600
3.87234
4.02553
3.24386
3.96988
3.89747
3.95598
3.12584
4.18355
4.22378
2.65932
3.40678
4.37283
4.01423
4.20808
4.34923
4.09605
4.29116
4.12532
4.16643
4.23429
3.55368
3.61056
3.67335
3.94445
4.07316
4.17761
4.06517
3.70159
3.69573
3.38374
4.30260
4.02662
4.25278
2.95554
4.19832
3.61941
4.00737
4.21581
4.13666
4.19218
4.13613
3.38517
3.77109
2.21428
3.71824
3.36935
3.01935
4.16462
4.08492
3.27980
4.23944
4.26362
4.25510
3.51485
4.31172
3.61425
4.16512
3.98809
2.90348
4.21114
4.25454
4.24693
3.89382
4.08809
3.71879
4.29246
4.35533
3.96139
2.39269
3.82136
3.52339
2.98213
3.50726
4.28631
3.98755
3.98379
3.91897
3.73721
2.86292
3.63320
4.14345
4.21586
3.49957
4.24548
3.68499
3.73633
4.28283
4.05031
3.95178
3.94608
4.09356
4.16797
3.26784
4.07688
4.22037
1.72119
4.24414
4.00735
4.11061
4.38624
3.68510
4.23566
4.01331
3.84471
4.13110
3.68101
4.37219
4.37184
3.90854
4.10538
4.05853
4.14370
4.15715
3.96793
4.20319
3.78955
4.22423
4.28520
4.26959
3.82802
3.74271
4.17449
4.33540
4.32331
4.43267
2.62799
4.35755
4.28789
4.26118
4.22742
3.83159
4.29962
4.24209
4.26464
4.08582
2.18579
4.09922
3.84020
3.43416
3.24132
4.00631
3.90223
4.23078
4.27750
4.10784
3.35025
3.97312
3.69660
4.27860
3.43950
4.11263
4.26676
4.26909
3.25367
4.28008
3.79408
3.52063
3.96941
3.27737
3.93860
3.88174
4.20673
2.56278
2.04786
3.17815
3.96219
4.22488
3.00587
4.15959
4.17216
4.34050
4.12636
4.22865
4.06873
4.11800
4.11582
3.45096
3.38065
4.05958
4.23148
4.33284
4.34278
4.36597
3.85214
4.19764
3.53730
4.37617
4.18966
4.15937
3.15541
3.67976
3.15386
3.73950
4.15883
3.66190
3.95321
3.84838
4.17594
4.31088
3.70835
3.95066
4.30907
4.25982
4.10176
3.98180
3.51257
3.76239
4.30211
3.69725
3.48695
4.03963
4.14301
4.20686
4.08990
3.04039
4.14430
4.08913
3.06472
4.00565
4.16926
3.51056
4.42275
3.93473
4.14712
4.21404
4.26504
4.19901
3.99765
3.99460
3.34357
4.21797
3.40981
4.31339
3.54967
3.30656
2.88173
3.88247
4.03422
4.30057
4.13420
4.28576
2.88350
4.33455
4.34053
3.87111
3.93620
3.62822
2.58039
3.49646
4.29868
4.35040
4.07720
3.89342
4.08259
3.93376
2.71144
4.25647
4.01677
2.00459
4.12386
4.14661
4.29588
4.24106
4.04055
4.14975
3.52912
3.96907
3.78614
3.68162
4.18054
4.11356
3.86157
3.57311
4.15984
4.39140
3.09290
3.76057
3.76764
3.90721
4.24139
4.13432
3.81067
4.30695
3.68031
3.87534
3.71488
4.38197
4.23007
4.01290
4.32134
4.15419
3.66286
4.03270
3.87479
3.13185
3.72301
4.24892
4.09653
3.88203
4.27244
4.16549
4.23790
3.89009
4.15245
4.06181
4.03787
3.99372
3.38827
3.72175
3.74123
3.97681
4.34964
3.09133
3.84389
4.32389
3.56567
3.28012
3.69564
1.95997
4.21399
4.30007
4.29070
4.22759
4.11324
3.23550
4.16798
4.16024
4.11150
3.66542
4.30616
3.60934
4.13586
3.81186
3.50807
4.06142
4.30306
2.56604
3.83305
4.06049
2.05587
4.03569
3.50370
4.33752
4.17606
2.44953
4.31996
4.08073
2.03128
4.33064
3.42335
3.81393
3.22930
2.88750
3.56740
4.28956
4.19728
4.22586
4.01784
4.04040
4.20195
2.72579
2.04568
4.17612
4.36330
3.46104
2.56939
4.02694
3.67085
3.06847
3.88504
3.70694
2.98869
4.27547
4.11817
3.21775
4.19211
4.27157
3.60073
4.13669
3.87789
4.15616
4.17448
3.90343
2.39492
4.24609
3.98463
4.23056
4.13760
4.25534
4.19379
4.22526
3.05612
4.27618
4.27578
3.93182
4.06163
4.09414
4.09577
3.89847
3.99112
4.28258
3.29098
4.34796
4.22370
4.04391
3.91766
4.13129
3.72485
4.33103
3.86330
4.00233
4.04287
3.86161
4.32770
4.36455
1.86369
4.14525
3.62521
4.20347
4.42647
3.67541
4.27417
4.32863
4.24562
4.14473
2.40414
4.02646
3.45744
3.80474
4.08978
4.32782
4.39555
4.24928
3.61124
4.06337
4.31526
4.35970
3.72877
4.14787
2.77994
4.16139
3.80435
4.27405
1.88107
4.15560
4.40945
3.61646
2.76785
3.27125
1.25572
2.37980
4.32732
4.25089
4.29298
4.16572
4.33272
2.62183
3.64308
3.41789
4.01822
4.05336
3.61703
4.09446
3.99667
3.75254
4.37939
4.36535
4.27237
3.82424
3.87334
4.22764
3.76212
4.32968
4.03113
3.37221
4.33195
4.25530
4.00110
4.31616
3.94004
3.77428
4.00394
3.18007
3.65192
4.26732
3.79376
3.87348
4.09222
3.82347
3.37311
3.83352
4.03401
4.41236
4.16550
4.31650
3.86923
4.31477
3.99317
3.80146
4.19680
4.28318
4.29624
4.37499
3.97388
3.78659
3.18112
4.09085
4.06843
3.29593
3.85734
4.31775
2.18149
4.43131
3.56595
4.33112
4.28233
4.18191
3.54715
4.28761
4.19639
3.95594
4.26085
4.30088
4.07950
3.44880
3.64557
3.35692
4.27683
3.51116
4.26064
3.91290
2.54213
4.34867
4.08183
3.83707
3.89184
4.27889
3.53368
3.82069
4.11130
4.21060
4.00455
3.86853
4.18211
3.59614
4.19473
4.24681
2.56627
3.61341
4.26618
4.26226
3.62730
3.86361
4.23137
4.23343
4.02414
2.57225
4.16770
4.33789
3.45874
4.28879
3.99533
3.02470
4.34217
4.38283
4.22248
3.30042
4.15150
4.27095
4.14607
3.96765
3.91637
4.21686
3.72608
3.96009
4.00750
3.84910
4.08076
4.19313
4.01183
3.66715
4.31786
4.11711
4.09752
4.30444
3.94931
3.86860
4.11762
2.91990
3.80817
4.34880
4.07859
3.93270
4.27265
3.32646
3.66217
4.33417
3.84475
2.83931
3.87773
4.17798
4.03018
4.09696
3.97589
4.12063
3.41879
4.08281
3.01097
4.21038
3.61739
4.16426
2.38184
3.66098
4.29885
4.26643
4.11257
3.92642
3.41598
4.10400
4.16667
1.81727
3.56779
4.14264
3.67559
4.07243
3.57762
3.34748
4.01168
4.03339
3.71063
4.20092
4.00257
4.25384
4.17049
3.88171
4.29705
4.33281
3.93615
4.22655
4.07802
4.01902
4.05506
4.25395
3.84987
3.54341
3.99377
3.53744
4.28809
4.13036
3.94360
3.86761
3.97716
3.76061
3.84214
4.00607
4.32116
4.16923
4.04869
3.27712
3.91875
2.03960
3.68665
2.27218
4.19816
4.21944
4.24516
2.98756
3.99264
3.88442
1.65678
4.10266
4.10193
3.86128
4.12165
4.18120
4.16943
2.95379
4.14270
4.19547
4.16184
3.56637
3.77408
3.96489
4.07860
4.32162
3.61589
4.02480
4.03329
4.00950
4.22236
4.07809
3.75683
4.19431
4.26038
4.30887
3.24824
3.69736
4.26106
4.17256
4.00159
4.27418
4.06416
4.34259
3.56735
4.31871
4.09540
4.15694
4.00580
3.60314
4.24909
4.37808
3.76534
3.89669
4.10364
3.77064
4.09961
4.12679
3.64126
4.08574
4.39815
4.08597
3.73888
4.32603
3.92120
3.86461
3.79860
1.99075
4.21156
4.15982
3.95681
2.40887
2.79301
4.07506
4.31322
4.00609
4.20220
3.37970
1.87487
3.44595
4.20580
2.60842
3.96494
4.20796
3.74423
4.13633
3.95702
4.09723
3.39460
3.21070
3.91800
4.25425
4.01000
3.43086
3.86713
4.23068
4.29066
2.91346
4.06569
3.34888
4.34970
4.14305
4.20362
3.86536
4.27410
3.96463
4.03142
4.19586
4.23396
3.83751
4.07865
4.01564
4.02522
4.16337
2.97958
4.22066
3.87486
4.26772
3.70262
3.86041
3.18773
4.27158
4.25479
4.26545
4.12077
4.23095
3.80690
4.06561
3.88882
3.79266
3.88123
3.97670
4.13545
3.26190
3.75939
4.24678
4.26728
4.25581
4.25577
4.17599
4.40339
4.10936
3.84131
4.17274
4.16069
4.21153
4.32053
4.28668
4.18515
3.90615
3.82074
2.28616
4.35520
3.94888
3.77796
2.88944
3.66799
3.88961
3.84949
3.19054
4.08207
4.20073
3.53785
3.95751
3.60566
4.32258
3.53049
4.11400
3.83084
3.57848
3.18985
4.06116
2.97926
4.16517
3.92654
3.89327
3.86871
4.31262
4.40394
4.41367
3.51597
4.26691
3.76554
4.27922
3.54078
4.06506
2.05828
4.03195
4.11463
4.14921
3.96828
2.89286
3.97345
4.02545
4.09200
3.35154
4.16075
4.12411
4.26767
4.07028
4.10629
3.45030
4.05820
4.17328
4.34724
3.56127
2.88455
3.02666
3.77620
3.82907
3.78258
4.09312
4.10200
3.96546
4.26011
2.21565
4.24092
3.65799
3.25350
4.05372
4.19480
4.19544
3.89375
4.17017
4.04214
4.00178
4.22468
3.57996
2.32625
3.11563
3.78742
4.36231
4.10117
4.26605
4.08043
4.19316
4.27497
2.89083
3.94510
4.32813
3.95282
3.09622
3.39670
4.19284
3.87275
3.49262
2.81330
4.37756
4.26955
3.93516
3.66852
4.38075
3.82140
4.06765
3.73525
4.14074
4.18773
3.45728
4.22785
3.78008
4.26752
4.23704
4.19060
3.60651
4.11152
4.29776
4.22044
3.25685
4.18400
4.06709
4.32608
4.17835
3.60692
4.22157
3.97371
3.84348
3.95459
4.11699
4.39719
4.23500
3.75472
1.95691
4.04206
4.10560
2.88253
4.17870
4.09513
2.74088
3.95424
1.88783
3.98001
3.03434
4.15493
3.75028
4.10120
4.26848
3.24670
3.78438
3.80254
4.37762
3.67381
2.87275
4.00217
3.63693
4.33825
3.34705
3.93823
4.04774
4.28584
4.02277
4.20430
4.12444
4.18001
3.97880
2.38601
3.50591
3.88744
3.86533
3.76429
4.29492
4.06489
3.97043
3.94337
2.23846
4.37970
4.29927
4.23098
4.36141
4.36400
3.89767
3.89399
4.04064
4.14151
4.18165
3.76446
3.72332
4.29714
2.18664
4.30854
4.33967
2.41147
4.24848
3.30033
3.96564
4.21040
3.29329
3.94995
3.69161
3.88723
3.11472
3.98067
3.28411
3.60539
3.60065
3.55510
2.92793
3.54161
3.86439
4.33391
3.66992
4.31152
4.14033
4.16004
4.06912
4.15003
2.69666
4.21308
4.03078
4.05099
4.26587
4.07384
4.33562
4.24935
2.20325
3.52237
3.46132
3.84262
4.21920
3.46942
4.01942
3.92895
3.43066
3.57048
2.62311
3.84769
3.92062
4.09905
3.60334
3.93248
4.17402
3.73265
1.91655
4.27166
3.92189
3.45200
4.28914
3.91892
4.27185
4.28841
3.86571
4.36009
3.35521
4.15152
3.45753
2.64594
3.58640
4.01810
2.64919
4.20255
4.22148
3.90645
4.22474
4.18871
3.84375
4.01442
3.83952
4.20785
4.12225
4.21054
4.25317
4.14204
4.25637
4.14884
4.00287
4.02212
3.71484
4.31871
4.27710
1.31031
4.32641
4.26554
4.02835
4.21270
4.02951
4.23892
3.82117
4.05723
3.94894
4.07954
4.05995
4.05689
3.95890
3.91581
3.14122
3.68259
3.87303
3.36424
3.49885
2.43625
4.04354
4.11846
4.04533
3.30803
4.04543
4.36194
4.29049
4.28997
3.82753
3.92987
4.33148
3.99614
3.67486
4.12977
4.39226
4.07860
3.85301
3.38115
3.50346
4.00061
2.36057
3.96963
4.03441
4.14696
4.33102
3.76810
3.62064
4.08573
4.30451
4.11037
3.20718
3.36876
4.14247
4.15825
4.17392
3.88047
4.16942
3.99138
4.11908
4.20747
2.82215
4.27326
3.72707
3.60121
3.40134
3.13156
2.73838
1.60356
3.94342
4.24121
4.16278
3.84296
4.00535
4.16937
2.73580
2.57722
4.03582
4.28316
3.95613
3.96895
4.18007
4.27169
2.91466
3.97848
4.22935
4.20983
4.30376
4.23453
3.90424
2.06094
3.52346
2.42297
4.10170
3.64356
4.35317
3.94853
3.36634
3.23775
4.29450
3.90133
4.36580
4.03769
4.14598
4.17644
3.26842
4.26354
3.82438
4.19659
3.90471
4.20574
1.97437
2.46128
4.14037
3.37949
4.06481
4.27447
3.37000
4.30612
4.09531
4.27628
4.38354
4.16262
4.12686
4.13700
3.81721
3.82782
3.65502
2.62063
4.23989
4.23115
4.15302
4.30268
4.28381
2.24478
3.12670
3.92357
3.84086
4.14569
3.79533
4.36996
3.27889
3.63503
3.60967
3.75159
2.26484
3.25663
4.30203
3.87407
3.06206
3.92463
3.98364
4.15258
4.13593
4.21249
3.59050
4.28681
2.40825
4.31084
4.14655
4.24216
3.80720
3.78751
4.29802
3.43546
3.29142
4.15935
4.28271
3.99526
4.29111
4.04005
3.21018
4.30977
4.33489
4.33557
4.03967
2.99232
3.92958
4.18883
4.09264
4.30590
2.35923
2.72773
4.18655
4.13109
3.66515
4.07030
4.12245
4.31848
3.39003
1.77237
4.26209
4.11804
3.95558
4.25392
4.19130
3.99664
4.39903
4.19043
4.15781
4.24655
4.14831
3.80046
4.16700
3.87405
4.17945
4.19626
3.77642
3.88282
3.72196
4.00991
3.25218
4.21146
4.24252
3.72361
4.13566
4.00392
3.67133
4.38650
4.26951
3.32913
3.99491
2.87745
4.12109
4.21646
4.21658
4.24886
3.92305
3.58036
3.29957
2.37671
4.14718
4.21858
4.31897
3.86826
4.22677
3.74112
4.42428
3.38754
3.61293
2.76297
4.39207
4.32835
3.97381
2.99538
4.04436
3.92522
4.29999
4.10115
2.27782
3.93456
3.77103
2.70479
4.29735
3.67889
4.33104
4.07850
4.38989
4.11608
3.96188
3.14103
2.70284
3.55920
4.14187
4.21028
3.58600
3.63364
3.96626
4.29597
4.37892
4.35602
3.97908
2.79383
3.68918
3.14304
2.25065
4.28892
3.06232
4.16616
4.11728
4.22193
3.95926
3.41150
3.65345
2.46343
3.71678
3.36621
4.14169
3.41664
3.98882
3.56478
2.63021
3.38065
4.20033
4.16990
4.07472
3.95477
3.72577
3.96886
3.21948
3.90422
4.15831
4.35422
4.15851
3.94305
4.28746
3.41234
3.03109
4.28413
4.18784
1.82843
4.16183
2.78954
4.21213
4.05624
3.41188
3.62870
4.06880
3.92870
4.28125
4.18883
3.89995
4.10141
3.88297
4.11481
3.26410
4.43434
4.28742
4.00147
3.88859
4.34448
4.21282
4.01609
4.34706
3.34791
4.35620
4.17024
4.18934
4.18650
4.09965
4.11203
4.05204
4.13379
3.63370
4.08567
4.24182
2.32972
4.19998
3.29065
4.08251
2.82998
3.54958
4.15472
3.99318
4.22516
4.05680
3.50832
3.97036
4.25320
4.26332
4.24514
3.82151
4.05194
3.45439
4.20767
3.76563
2.35631
3.74812
4.25330
2.67959
3.89670
4.22482
3.98979
3.04332
3.74590
4.13359
4.01813
3.70021
3.95653
3.68952
4.13923
3.79530
2.55232
4.30229
4.27958
4.17971
4.36972
4.29786
3.93216
3.97864
4.25636
4.22226
3.78729
3.91111
4.32050
3.63723
3.80424
4.06033
3.62149
3.71459
4.09145
4.37711
4.37458
4.08539
4.01305
4.23495
3.73938
4.41409
4.13658
3.58984
4.15756
3.80442
4.24172
4.10424
4.01553
4.03630
4.37011
3.80675
4.03542
2.69821
1.92024
4.04875
3.81528
4.19527
3.86755
4.01912
4.08073
4.05152
4.30720
4.12427
3.72838
3.97455
3.15256
4.23747
3.98045
3.34789
3.93332
4.06895
4.29059
3.82910
4.01200
4.34560
4.17936
4.00126
3.55247
4.20787
3.64007
4.10989
4.30709
4.13887
2.89877
4.31991
2.96013
3.97274
3.26507
3.93333
2.76011
3.06064
4.05161
4.07456
3.46370
3.48448
4.17985
4.09354
3.83883
3.60755
3.87280
4.34166
4.29284
4.26359
4.08039
3.95906
4.11846
4.28896
3.82010
3.94581
4.15438
4.26126
3.61659
3.64301
4.13019
2.50453
4.16654
4.15900
3.06974
4.17325
3.77098
1.76653
3.86081
3.02959
4.25679
3.53990
3.84619
3.34928
3.99749
3.62347
3.64029
3.81358
4.35518
4.22984
4.08035
2.62169
3.97016
4.07938
3.60333
4.12755
4.23501
3.76375
4.36371
3.73898
4.11088
4.01445
3.70401
3.81788
3.74985
4.23581
4.31945
3.60097
2.78824
4.19859
4.17823
4.28519
4.00303
3.59651
3.51525
2.04669
4.31802
3.30273
3.97096
3.89866
4.22588
4.22745
4.14787
4.17970
4.02125
3.68787
4.05757
3.78760
4.11764
4.11372
4.23044
2.17122
3.83092
4.14743
2.39598
4.41173
4.15784
4.20207
3.79848
4.14609
4.32690
4.21812
4.23720
4.08210
4.01648
4.02117
4.06385
4.05674
3.53172
4.21373
4.01757
4.15471
4.40481
4.36651
2.40146
4.02400
3.41813
4.39642
4.21295
3.73676
4.02965
3.87990
3.10316
4.35203
4.35025
3.69014
4.11047
3.86887
4.19755
4.22737
3.74994
4.28172
4.28956
3.98818
4.17038
3.23860
4.20536
2.78190
4.16561
4.04572
4.17795
3.56351
4.18139
3.72808
4.00692
4.27954
3.83440
4.29475
3.91058
3.55599
3.50620
3.88252
4.28421
4.19414
3.74390
4.07950
3.76189
3.67211
3.87474
2.76614
4.01941
4.08169
2.91197
4.12078
4.11983
3.84684
4.09548
3.63306
2.39154
4.41949
4.28946
3.58828
3.38532
3.19574
4.42992
4.13594
3.91546
3.97895
3.96651
4.25119
3.53828
4.00880
3.62704
3.79535
4.04994
2.79256
4.20933
4.28979
3.88066
4.12735
3.15763
3.90765
4.18159
3.82906
3.77904
3.95739
3.95562
4.27087
3.56171
4.07896
3.91828
3.63835
3.75514
2.78358
4.23966
3.20315
4.30726
2.77394
4.32685
3.85972
3.65401
3.84735
3.80326
3.94134
4.33067
4.29227
4.23783
4.18293
4.02018
2.72470
4.29617
3.34463
4.35830
4.12910
3.66239
4.26489
4.28592
3.93187
3.51283
4.11504
4.23366
4.06800
4.04698
4.15973
3.89747
4.24161
3.83709
4.08301
2.28331
4.05016
3.91554
3.39749
3.75854
3.76039
3.17069
3.86157
4.07292
4.15318
4.17739
2.69631
4.18342
4.30456
3.99207
4.22374
3.65014
4.33391
4.23178
3.71159
4.31070
3.18016
4.04920
4.10311
4.21335
2.19060
4.36040
3.92634
3.01226
3.99270
3.44054
3.90405
0.91772
3.10258
3.88402
4.09972
3.91308
4.32288
3.96269
3.61536
3.97320
4.30341
3.98929
3.94555
3.85105
3.82153
4.00612
3.74886
1.98723
3.86116
3.52455
4.26762
4.10377
3.81377
4.18192
3.55492
2.55799
4.10587
3.92389
3.30063
2.91677
2.04917
4.25748
4.22361
3.52637
4.17306
3.44498
3.61529
3.57486
4.31350
3.92352
3.95911
3.98650
2.45917
3.78910
3.98069
3.30774
3.62353
4.13258
3.62234
4.18524
3.88756
3.94098
4.31871
3.51903
3.19001
3.60379
3.57746
4.06339
4.20757
3.86906
3.88127
2.78080
3.93981
3.83885
3.63167
4.06275
4.18451
4.30395
3.34520
4.17187
4.11423
3.91694
3.32957
4.25235
2.66981
4.22065
2.90938
4.18650
3.05034
4.09469
3.93864
3.79407
2.32795
3.85792
4.30150
3.66074
3.20233
3.95587
3.52892
2.05824
4.38266
4.03252
3.05743
3.94432
3.43010
4.35569
4.14119
4.15990
3.54029
4.21468
4.25326
4.21610
3.96237
4.13817
2.33991
4.06059
3.75354
4.10205
4.18703
4.25649
3.56245
4.24616
3.55963
4.25175
3.26323
4.00463
4.33676
4.01249
3.04671
2.72466
3.56179
4.24295
4.04605
2.92704
2.83249
4.12312
3.86756
3.59632
4.35344
3.77276
4.22274
4.17603
4.05522
2.79420
3.94740
3.85334
3.72364
4.11650
4.24893
2.40970
4.06412
3.98488
4.10422
3.64003
3.98993
3.96311
3.86827
3.78761
4.17305
4.17874
3.36754
3.94356
4.01794
4.08500
1.45601
3.96921
4.22613
3.96117
3.44035
4.04688
4.21353
3.63785
3.62749
4.12458
3.37056
4.21113
3.89809
3.76612
4.25389
3.23731
3.72426
4.17462
4.06259
3.68674
3.64382
3.85480
4.31530
3.47904
3.15918
4.03431
3.28101
3.59536
3.75245
3.41816
3.52805
3.99383
3.95181
4.13732
4.31805
2.35120
4.29601
3.92686
4.14068
3.62703
3.86498
4.12298
4.15440
3.75149
4.07054
3.22741
4.27817
4.19982
3.12799
4.17240
4.30370
4.06264
4.08406
3.15748
4.04928
4.29279
3.19673
3.99910
3.96688
4.08307
2.08745
3.33774
1.82545
4.27462
2.84972
4.17591
4.08736
3.75007
4.26712
3.00863
4.12218
4.22541
3.89479
3.99935
4.31738
4.22651
3.68853
4.06566
3.99447
4.02996
4.25839
4.10023
3.92663
4.15736
3.72727
4.17372
3.78778
3.93540
3.94840
3.97436
4.26530
3.82457
4.26186
4.10417
4.00043
3.80163
4.18392
3.40683
3.84261
3.94666
3.79877
4.34334
3.82635
4.19071
3.45667
3.65151
4.08974
4.24183
1.99889
4.03417
4.08622
4.26984
3.77131
4.02196
4.11118
4.13083
3.82656
4.19613
4.26069
2.26777
3.86078
3.51372
2.19331
3.75960
4.37723
2.61400
4.32217
4.18467
4.13506
4.30557
3.74323
3.87548
3.82556
3.18745
4.21819
3.92699
4.06215
4.15580
4.41962
4.15572
4.23822
3.95843
4.29579
3.85369
3.89283
4.18794
3.83098
1.16608
4.25775
3.93718
3.95193
2.72890
4.16596
3.86763
3.96179
4.13559
3.54212
3.67339
4.04728
4.20300
4.12425
3.98690
4.05076
4.29363
3.83785
4.31029
3.55154
4.19726
4.02099
3.85003
3.33838
3.41885
3.52104
2.48725
3.27133
2.07723
4.01035
4.12249
2.54158
3.92306
4.21692
4.29811
4.17578
4.16422
4.33817
4.21137
4.29245
4.02461
3.83583
3.83311
4.07505
4.21219
3.78488
3.87112
3.82557
4.28288
4.14974
4.26083
4.17833
4.09231
3.97742
3.22553
3.58945
4.22009
3.87198
4.10208
3.85279
3.79634
3.11079
3.86218
3.78767
4.13338
1.86866
3.54373
3.32134
3.75602
3.79064
4.15923
3.08095
3.18218
4.15128
3.25303
3.90899
4.16915
3.83013
2.97790
4.18248
3.65882
4.30275
3.57958
4.17740
4.19962
3.76595
3.67513
3.94423
4.15869
4.33635
3.87683
4.27332
1.90902
4.20469
4.16874
3.55237
3.77772
4.18077
2.70549
2.91213
3.93328
4.03152
2.47660
3.59828
3.87328
3.99445
4.22933
3.99146
2.19653
3.26465
4.32953
3.95660
2.02726
4.29920
3.61784
4.21240
4.25081
4.15298
3.77219
4.32464
3.90317
4.02950
4.28607
4.22153
3.92286
4.23315
4.31168
4.36580
3.19212
3.79598
4.17476
4.16159
4.19775
3.41619
3.77874
4.03855
3.61271
4.20056
4.00510
3.56336
4.31185
3.64457
3.56026
3.85717
4.27869
4.38765
3.95713
3.03091
4.27191
4.20762
2.99840
3.93704
4.31956
4.16082
4.03113
4.33919
3.38921
3.49869
4.15800
3.59047
4.32806
4.37017
3.40017
3.74679
4.37293
4.24860
3.88452
3.16023
4.12640
3.53688
2.79489
4.22606
4.08041
4.14771
3.99537
3.67214
4.27194
3.41438
4.00260
4.04604
4.06162
1.88204
3.94843
4.32859
3.65773
4.31060
3.21001
3.91378
4.15415
3.70431
0.88888
3.88017
4.21104
3.62368
4.06164
3.99600
3.88928
4.02698
3.97858
4.24451
4.21161
1.88817
3.90800
3.04676
3.28153
4.05770
4.08294
4.30275
3.60663
3.82209
4.16774
2.84546
2.07071
4.33138
3.96448
2.69841
4.20989
4.08401
3.43120
4.18748
2.91405
4.28731
3.72151
4.19431
4.13729
2.49260
1.88705
4.33449
4.08117
3.56031
3.57687
3.25336
3.81256
3.30916
3.12263
4.28975
4.19740
4.28843
3.52340
3.50009
3.76136
4.35830
3.74110
4.34350
2.37892
3.46924
4.23237
4.02245
3.57222
4.15368
4.15929
3.65278
3.97300
4.15599
3.98604
3.76883
3.69018
3.82802
3.32682
4.24398
3.77350
4.04664
4.09749
4.27178
3.72032
3.73441
3.89630
4.19222
4.16058
4.24876
3.83606
3.98673
2.53917
4.24209
3.99531
3.46453
4.02844
3.56537
3.67615
2.41634
3.89538
3.92006
3.60504
3.93375
4.32139
3.98933
3.07283
4.10341
3.58559
4.16560
4.26277
4.07142
2.49645
4.27734
4.33077
3.79845
3.81355
3.90947
4.29380
2.98813
3.64869
4.22167
3.88499
3.90883
3.55585
4.09623
3.85775
2.70509
3.89317
3.91162
3.88025
4.25312
3.99779
3.93561
4.35058
4.21089
4.18886
3.88464
3.66588
4.19536
4.27172
1.81937
4.20330
4.12635
4.19725
4.02126
4.21881
3.72480
4.09673
3.96069
1.98589
4.26547
3.27569
3.16039
4.33179
3.64034
4.17059
4.10806
3.95201
4.01159
4.16882
4.20010
4.10709
3.95336
4.12657
3.46764
3.96895
2.38464
3.26572
4.30351
2.19405
3.49978
4.06909
3.49043
2.40254
3.76849
2.81976
4.20116
2.65630
4.16038
2.30889
4.30234
4.15696
4.03523
3.81198
3.49205
4.13637
3.86303
4.32358
4.20649
3.32388
3.86717
2.60730
4.09618
3.77180
4.09772
3.82981
4.22470
3.19271
3.94000
4.27599
4.09567
4.21294
4.23196
3.78563
3.52758
3.98406
3.50873
3.50821
3.33825
3.73354
2.89569
3.51978
4.13959
3.85778
3.27886
4.20677
3.90829
2.67297
3.73131
4.22326
3.61984
3.77491
3.78492
4.27419
4.37717
4.09289
3.90059
3.76798
3.99158
3.77629
4.02649
4.34660
3.97191
3.97666
3.20294
3.91702
3.91935
4.17734
4.30332
4.23358
3.46546
2.61132
3.49948
3.62421
4.14896
3.92307
4.02295
4.22587
4.14337
4.03444
4.28295
4.26830
4.30058
4.10405
4.04857
3.02305
3.72021
4.34463
4.16997
3.96220
4.13028
4.01069
4.00016
3.95410
4.21779
4.19083
3.29377
1.49904
4.25967
3.82393
3.00836
2.98523
4.14293
3.97769
3.06060
4.33818
3.63274
4.17615
4.11543
3.95715
1.90838
4.26592
4.02296
3.71595
3.84068
4.31283
4.04659
4.30013
3.13397
4.34216
4.00342
3.87492
4.27086
3.71409
2.47511
3.94756
4.13402
4.16748
3.54044
4.22387
4.13892
3.55125
3.90413
4.06983
4.38855
3.41605
1.98921
4.24822
3.70667
4.38176
4.30661
3.93017
3.28083
4.23913
4.22784
4.21453
4.11705
4.23324
3.73115
3.78381
3.04828
4.23429
4.30608
3.87260
4.22515
4.16761
3.92190
3.55019
3.14876
4.03808
4.26380
3.93769
4.09303
4.32241
4.00652
2.22358
3.51626
3.08691
4.13495
2.25200
3.80374
3.23064
4.36696
4.12418
4.02336
4.09902
4.11131
4.29832
3.38427
4.34035
3.98247
4.12090
4.35125
4.09562
3.92917
4.24323
4.28283
4.32879
3.48283
3.72647
4.28160
4.08396
3.28589
3.72037
4.04382
4.24602
4.13216
4.27304
3.91849
3.54025
4.22753
2.88336
4.06274
3.92555
3.95701
4.10420
3.69714
4.08487
3.71696
4.34919
4.34437
3.65184
2.52903
3.82573
4.27070
4.21000
4.12817
3.35904
4.34688
4.05883
4.13173
3.44907
4.08811
4.17575
1.99688
4.13793
3.74814
4.11130
4.15340
3.66446
3.77562
3.79980
4.35090
3.90388
4.20382
3.98330
4.16469
4.10474
4.30313
3.73794
4.02373
4.29003
4.15896
3.76607
2.06157
3.87131
4.38172
3.30747
4.25625
3.77946
2.74261
4.17005
3.52944
4.04202
4.33848
3.46240
2.78998
1.87627
3.64943
4.13100
3.43483
4.03065
4.36520
4.23636
3.99193
2.31472
2.95092
3.01553
3.99492
3.87286
3.48571
3.86773
3.17989
3.94795
4.14417
4.02197
3.89301
4.32485
4.01046
4.05489
4.39044
4.22750
3.91110
4.17597
3.67967
4.03496
3.52056
3.82864
3.69904
4.32450
2.99014
4.20116
3.90654
3.82185
3.81291
4.09514
4.06089
3.77601
4.16941
4.10257
4.18480
4.10417
3.91318
3.97261
4.20443
3.51276
1.95058
3.35504
4.09026
3.88887
3.02209
4.03197
4.06020
3.58877
4.10257
3.14669
2.70964
4.15597
4.22455
4.05029
4.21081
3.08660
4.08845
3.81546
4.31502
4.13313
3.92475
4.02001
3.42224
4.17193
4.27787
4.10832
3.94577
3.58518
4.31167
3.26302
4.13836
4.02434
4.34660
4.04596
4.12446
2.24469
2.94400
4.35148
3.84404
4.01805
1.94859
4.10118
4.10921
3.86514
4.28907
4.37015
4.18023
3.55851
2.54864
4.32321
3.47773
4.11238
4.34990
3.80492
4.17287
4.18219
4.21086
3.84645
4.26305
3.81717
4.01883
3.94600
3.90441
3.99053
4.21477
2.79501
3.42888
3.04662
4.07606
4.14269
4.30610
4.09601
3.21956
4.01725
4.36529
2.54800
4.10629
3.67887
3.63153
3.19207
4.10347
4.31751
4.28835
4.03992
4.19005
4.26614
4.17915
3.17023
3.87480
4.30491
3.88280
3.98975
4.36651
3.48467
3.48009
3.71189
3.70585
4.10172
4.25658
4.26811
4.27510
3.49706
4.19001
4.13864
4.09508
2.48627
4.25632
3.70377
4.13068
3.83842
4.01629
3.35838
3.84447
3.58483
3.63764
3.98994
4.26685
4.28641
4.14820
4.29208
4.35654
3.82249
4.08083
4.24881
3.81710
3.60009
3.08030
4.27355
3.90592
3.71198
4.36670
3.58545
4.30483
3.79589
3.93953
4.15004
3.89323
3.56643
4.26984
4.12951
4.44459
4.12695
4.07376
4.18251
4.18209
4.03273
4.04083
2.85005
4.09302
4.22374
3.90703
3.80790
4.25660
4.43181
3.78345
4.25276
4.23743
3.98443
4.09495
2.46513
4.07527
1.96908
4.01764
3.33170
3.23529
2.50689
3.98186
4.28615
3.76289
4.23544
4.24949
4.01106
4.05137
4.25950
4.14481
4.27534
2.06976
4.28233
3.73179
4.12083
4.32197
4.35133
4.10826
4.12534
2.41406
3.78495
4.23160
4.34061
2.51429
3.00653
3.95618
3.86244
3.55746
1.87295
3.26316
3.95885
3.70140
3.70463
4.22447
3.81964
4.29064
3.55272
3.66307
4.00458
3.77556
4.21060
3.34966
1.62865
3.92532
3.92806
2.80594
3.90241
3.84837
3.18768
4.04913
3.48977
4.17166
4.25213
4.07176
3.66032
4.33325
2.45418
4.30203
4.40176
3.83775
4.14308
4.31530
4.19618
4.12838
4.24687
4.21327
4.29217
3.32970
4.31631
4.24006
4.18999
4.06444
3.24781
4.24547
4.03772
3.85989
2.74161
4.20260
3.38559
3.71534
4.20014
4.13024
4.05927
3.50529
3.98273
4.32663
4.27974
4.29945
4.11250
3.98064
3.52751
4.05310
3.48010
3.50804
4.23959
4.22603
4.14371
4.15675
4.18450
4.10443
4.08640
3.79664
3.36426
4.02968
2.96169
4.21536
4.06275
1.85003
3.77595
3.74985
4.30000
3.95772
2.12169
3.30108
4.04026
3.16614
3.72011
2.83636
2.49190
3.74613
4.00939
4.08202
4.20259
2.10481
3.88957
4.05011
4.21086
3.80406
4.16774
4.03681
3.68074
3.83771
3.78444
3.80984
3.75925
3.06550
2.02729
4.17564
3.38020
3.33678
3.02042
4.33702
4.16948
2.34895
4.11859
4.29627
3.69907
2.77150
3.42439
3.87540
3.93301
3.31452
4.14442
4.03512
4.34732
4.29253
4.15530
4.28253
4.25616
4.30518
1.51660
4.07702
4.27719
3.95540
4.26570
3.77168
3.85553
4.27970
3.85155
2.65834
3.87246
3.72534
3.16719
4.18096
4.27226
3.99863
3.07041
3.65869
4.22938
3.47691
4.07548
4.15995
3.77067
4.00497
4.21471
3.39165
3.95431
4.14259
4.31383
4.13087
2.76995
4.24688
4.34384
4.03309
4.11902
3.74076
2.05117
2.76624
4.23809
4.22630
4.27105
4.18802
4.31443
4.05169
2.74395
3.66401
4.21436
4.21079
4.27055
3.99017
4.13651
4.16278
4.35516
2.27779
3.22329
4.07638
2.95900
3.65929
3.86431
4.38099
4.07138
3.37538
4.11845
4.21266
4.17864
4.17337
4.03195
4.05384
4.02069
3.88673
4.24769
4.16298
3.87149
4.01451
3.83655
4.29823
4.04268
4.22971
3.80237
3.55377
4.21880
4.23152
4.36268
4.23312
2.86693
4.06507
4.29210
4.39810
4.35715
4.27532
3.67843
4.21708
3.85361
4.24069
2.34839
4.27747
4.32650
3.78657
3.90493
4.26532
3.57217
1.95955
4.12982
4.20763
3.38608
3.12324
4.28448
3.42203
3.80079
4.08044
3.79930
4.00926
4.12530
2.15532
3.09389
3.87716
4.03631
4.35937
4.01826
3.51264
3.35763
3.69492
4.12284
3.99782
4.22248
3.25389
4.26619
4.35189
4.29914
4.09235
4.26711
3.60978
4.13988
4.00046
3.97253
4.26915
4.19478
4.18086
3.44093
4.21626
3.77992
3.13890
4.19140
4.22360
4.07481
3.95499
4.14923
3.88738
4.14911
4.31453
1.61085
4.07593
4.27228
3.66324
3.94975
4.35275
4.15029
4.20463
4.33425
4.21933
4.19032
3.91274
4.16122
3.96897
3.37383
4.14203
3.88974
3.69847
3.31277
4.23326
4.23497
3.51533
3.92919
2.57533
4.33333
3.57221
3.95687
4.28367
3.70437
3.01856
4.16797
3.36215
2.17614
4.01869
4.18059
4.01473
3.86127
4.29871
4.20774
3.77178
4.31536
3.47830
4.15365
1.76353
4.31888
3.47940
4.23399
3.79578
3.43137
4.10066
3.99699
4.20823
3.67347
3.60025
4.11899
4.29205
4.28392
3.28845
4.16438
2.53087
3.88544
3.88084
3.80095
3.61983
3.48009
2.43255
3.93688
3.99990
3.24411
3.58736
4.16980
4.16750
4.29854
3.02064
2.09224
4.13668
3.84378
2.41535
4.14175
3.95255
3.93573
4.20484
4.04420
3.89670
4.27188
4.19531
4.27849
4.40724
3.66368
3.98318
4.14586
4.36785
3.98050
4.17936
3.37291
4.06463
3.83795
4.17322
4.12431
4.29150
2.19215
3.98398
4.00792
3.80068
3.05838
4.34718
3.39766
4.21203
4.20602
3.90419
3.84257
4.31673
3.16594
3.87833
3.41732
3.57732
4.12903
4.13299
4.23441
3.77059
4.07421
3.56950
4.21591
2.24154
4.13610
3.92045
3.85418
4.28674
1.87479
3.99409
3.94355
4.14449
3.89712
4.19216
4.11778
3.75502
4.34645
3.61137
4.12401
3.16339
4.17160
3.65323
3.59774
3.82078
3.69363
3.60086
3.76270
4.20053
4.07189
2.15421
3.38282
4.14503
3.82841
3.98085
4.26996
4.01574
3.95431
4.37216
4.06984
4.26549
3.41415
3.66127
2.78548
4.22125
3.44998
3.87854
3.79139
3.93679
3.60899
