4.08453
4.36709
4.47824
4.45036
4.04931
4.23440
4.42788
4.40728
4.26110
4.27577
4.31317
4.46472
4.48057
3.27610
3.77094
4.18597
4.30613
4.46912
2.36300
3.77983
4.11645
3.96733
3.88078
4.34480
4.42053
4.45416
4.26724
4.39137
4.46068
3.79324
3.93509
4.49802
3.96576
4.11232
4.35824
4.31549
3.96258
4.29330
4.27499
4.48690
4.32651
4.19745
4.00373
3.38691
4.40005
4.07088
4.42537
3.72812
4.32161
4.49345
4.46513
4.40486
4.03740
4.49757
4.32052
4.50278
3.13588
4.26068
4.41155
4.18776
4.39158
4.14646
4.33009
4.24951
3.64878
4.02648
4.40083
4.43702
4.40692
4.04109
4.47778
4.51318
4.39801
4.25702
4.31921
4.16458
3.28053
4.41375
4.14119
3.98568
3.88030
4.38380
3.88640
4.05908
4.04612
4.44545
4.13657
4.45247
4.37543
3.09802
4.24614
4.43335
4.43525
4.35907
4.47838
4.48965
4.20911
4.48187
4.49726
4.36068
4.32559
3.24424
4.45497
3.97394
4.28639
2.84279
4.32695
4.50391
4.34636
4.34712
3.92351
3.72368
4.33957
3.78192
3.98655
3.98854
3.91035
4.33349
4.39607
4.24244
4.46129
4.43051
4.33307
4.32572
4.15911
4.45755
4.42176
4.45841
4.46372
4.24094
4.26269
4.33264
4.45117
4.38201
4.40273
4.38810
4.38577
4.45215
4.36414
4.39968
4.31422
4.47500
4.41578
4.39155
4.40750
2.95206
4.45567
4.38451
4.33257
4.37782
4.40833
4.48131
4.38778
4.41790
4.32849
4.48948
4.27525
3.70978
4.27147
4.38311
4.43609
4.46513
4.34044
4.14050
4.46301
4.41026
4.14457
4.26960
4.34065
4.30749
4.00045
4.06437
4.31845
4.36686
4.01518
3.23462
4.42057
2.35767
3.71484
4.39294
4.41176
4.36451
4.21208
4.37863
4.33050
4.45925
3.80140
3.87452
3.95705
3.60776
4.25244
4.48431
4.33054
4.31224
4.27843
4.19330
4.34848
4.39168
3.90976
4.34957
3.16085
4.44841
4.33796
4.14648
4.46410
4.41930
4.00705
4.48586
4.46456
4.47662
2.95792
4.36080
4.25922
4.38462
4.48633
4.23719
3.94675
2.24919
4.36329
4.45744
4.45368
3.86280
4.27038
4.49356
4.48123
4.08084
4.19744
4.50600
4.36704
4.36160
3.91532
4.01054
4.43727
3.49396
4.49553
4.41666
4.44060
4.26604
3.66506
4.46920
3.71180
3.85944
4.43755
4.26573
4.28290
2.70885
4.35471
4.45868
4.29198
3.85852
4.43556
4.49566
4.28007
4.43026
4.14004
4.38331
4.36857
4.41952
4.22956
4.33175
4.39487
2.83100
4.49018
4.38859
4.28914
4.35428
4.30715
4.06074
4.05306
4.25266
4.04670
4.41236
4.31502
4.20699
4.36926
4.29252
1.91527
4.37827
2.84668
3.63145
4.27999
4.48637
4.23008
4.22063
3.01602
4.42683
3.94728
4.41732
4.30859
4.39441
4.36147
4.42574
4.37549
4.45498
3.95330
4.28629
4.17772
4.43103
4.40489
4.30981
4.05671
4.48585
4.50086
4.07170
3.88133
4.24355
3.92402
4.26290
4.35402
3.69456
4.38385
3.72897
3.48905
4.30355
4.44530
4.41615
4.37652
4.46811
4.42102
4.37766
4.46928
4.48045
4.43458
1.78253
4.33381
4.00568
4.32855
4.41207
4.45674
4.29470
4.46973
4.22236
3.56295
3.98651
4.42860
4.20573
2.40216
4.35095
4.46498
3.26285
4.20317
3.69208
4.22653
2.85102
3.39442
4.35982
4.39493
4.23638
4.29163
4.43446
4.36899
4.17732
3.81503
4.43670
4.29420
4.46381
4.34949
3.99539
4.43976
4.42996
4.40492
4.10804
4.50004
4.35038
4.36903
4.20035
4.27023
4.43861
4.39292
4.39780
4.45661
4.12750
4.16210
4.33882
4.48944
3.79095
4.21996
2.92050
3.93688
4.21499
4.42056
4.26218
3.61919
4.50410
4.27304
4.35690
3.97206
3.10462
4.39678
4.32383
4.35499
4.02161
4.53226
3.65797
4.43937
4.37642
4.41036
4.50138
4.28775
3.72760
4.13378
4.47787
4.46135
4.43221
4.26948
4.36459
3.87878
4.09852
4.44456
4.40824
4.43659
4.47010
3.04068
4.40110
4.42168
4.40514
4.37089
4.48562
3.45862
4.36742
4.44898
4.47879
4.42282
4.40093
3.83145
4.26044
4.20062
4.26824
4.36849
4.38602
4.20269
3.62879
2.41818
4.24354
4.45419
4.31333
4.51922
3.82895
4.03158
4.46128
4.13412
4.36257
4.10996
4.48305
4.19987
4.33597
3.91723
4.32264
4.18072
4.36602
4.05609
3.82726
4.28932
4.24895
4.37661
3.69352
4.24856
4.35136
4.46582
4.19360
4.44141
4.41852
2.63001
4.34692
4.10611
4.32875
3.93037
3.92343
2.41278
4.30715
4.16385
4.42328
4.26077
4.42131
4.38811
4.47245
4.38683
4.39077
4.40375
4.33632
4.39568
4.28572
4.37199
4.48486
4.27836
3.57368
4.15979
4.31485
4.29256
4.30628
4.29831
3.68444
4.33894
4.42088
4.44892
4.28164
4.43400
4.33990
4.41186
4.35471
4.38467
4.00040
4.41509
4.14939
4.45538
3.99077
4.32620
4.39160
4.30848
2.34840
4.41186
4.28029
4.03467
3.17984
4.09124
3.11673
2.04796
4.41993
2.19851
1.63964
4.25984
4.51941
4.44472
4.44028
1.73325
4.42319
2.64865
4.23982
4.37049
4.07636
4.44524
4.39591
4.41775
4.34816
4.32053
4.04491
4.46982
4.43674
4.08864
4.38153
4.27428
4.09591
4.23852
4.38614
4.42470
3.89183
4.32911
4.44922
4.04030
4.38260
4.42523
4.19228
3.10373
4.41234
4.24930
4.24337
2.14203
4.39410
4.43778
4.38301
4.14555
4.40508
4.21009
3.95365
4.32426
4.51393
4.27046
3.58016
4.28805
4.48557
4.39048
4.32556
4.45202
4.44320
4.12254
4.04008
4.28357
4.17779
4.51381
3.61012
4.45576
4.41072
3.33920
4.42097
3.54459
3.89698
4.38262
4.24845
4.30227
4.17049
4.37073
4.40089
4.09447
4.47981
4.29946
3.55766
4.49096
1.94295
4.06520
4.40631
4.07845
4.17488
3.58752
4.38685
4.52987
4.32113
4.36027
4.48862
4.45918
4.28864
3.09885
4.28648
4.34798
4.15941
3.87167
4.23791
4.23241
4.20285
4.48776
4.27705
4.04878
3.50838
4.46901
4.25212
4.37932
4.15834
3.94174
4.44041
3.83062
2.08435
4.05710
4.21953
4.37063
4.32957
1.85068
4.32537
4.24208
4.50662
4.10663
4.40101
4.52700
4.43377
4.41793
4.30166
4.48377
4.37292
4.45798
3.76125
4.04617
4.03981
4.37863
4.45296
4.35982
4.44302
4.39022
4.33571
4.47717
4.44350
4.28221
4.46904
3.99257
4.34091
4.28294
4.50346
4.29919
3.34532
4.28135
4.45447
4.38161
4.43820
3.71449
2.05407
3.91158
4.35428
4.37689
3.44929
4.14564
3.89591
4.36565
3.96577
4.31823
4.43113
4.41957
4.02524
4.40252
4.21475
4.03258
4.45904
3.58446
4.47120
3.96595
4.32675
4.09676
2.59391
4.45150
4.16796
4.36514
3.88119
2.43462
4.37323
4.49411
4.36485
4.44289
4.31393
3.75749
4.24137
4.36198
4.43358
4.32917
4.46256
4.42303
4.26790
4.44730
3.67681
4.32261
3.32290
4.20357
4.44961
4.18603
4.30170
4.43971
4.21972
2.69383
4.29748
4.32375
3.22816
4.40887
4.39215
3.01144
4.31910
4.26861
3.67894
4.41254
4.36988
4.09825
4.30557
3.82082
4.36009
3.34297
4.44331
3.88938
4.15685
4.23557
4.45821
4.24745
3.76253
4.27366
4.22189
4.32716
1.78448
4.30556
4.10953
4.34614
2.87955
4.37741
4.11555
4.44669
4.27927
4.27532
3.98809
4.18667
4.36743
4.31889
3.08993
4.35294
4.42660
3.68960
4.51368
4.19733
4.29642
4.18077
4.32033
3.91912
4.17007
4.45276
4.19159
3.08422
4.34535
4.52948
4.44087
3.81737
4.37847
4.42839
4.26793
4.30062
4.05932
4.01033
4.46115
4.15596
4.42291
3.92119
4.34723
4.50981
2.86103
4.46556
4.30961
4.44068
4.41403
2.91595
4.43465
4.01214
4.23366
4.39728
4.47272
4.14683
4.32985
4.45352
3.70657
4.41424
4.31397
4.01006
4.47766
4.05103
4.41749
4.36761
2.99670
3.49558
4.40602
4.50205
2.55640
4.36806
4.39840
4.44302
4.46776
4.03724
4.46089
2.75639
4.07551
4.35660
3.70515
3.85029
1.29870
4.33158
4.33920
4.37984
4.08705
3.96310
3.38133
4.41059
4.46080
4.46148
2.64895
4.40076
4.37486
4.41119
4.39563
4.46312
4.43926
3.48658
4.34986
4.35330
3.81699
4.46732
4.28832
4.37195
4.32181
4.38969
4.38324
4.08204
4.06131
4.11448
4.16654
4.25549
3.72118
4.39096
4.47114
4.08612
4.37715
4.25386
3.66699
4.46762
4.24150
4.23321
1.47161
4.12892
4.29489
4.37606
3.94931
4.24180
4.27665
4.22965
4.02781
3.67127
4.32759
3.88914
4.17758
4.37429
4.46502
4.35993
3.71140
4.23993
4.00162
4.48657
4.40073
4.37517
4.45877
4.15015
4.38407
4.15191
4.32220
4.32564
4.38372
4.36874
3.76448
3.59969
4.02497
4.51038
4.39358
3.04541
4.39944
4.48093
4.34506
3.92438
3.98577
4.14138
4.18221
4.40122
4.47940
4.47269
4.33624
4.35267
4.46761
4.44031
4.38522
4.40172
4.25579
4.00537
4.45604
4.40340
4.40704
4.26103
4.08303
4.06077
3.54103
4.34857
3.93930
3.92183
4.47029
4.11862
4.50017
4.10303
4.32304
2.87071
4.38567
3.76343
4.23107
4.44522
4.13634
4.09282
4.50813
4.45115
4.09723
4.35705
4.27341
4.36897
4.50354
3.35495
4.37952
3.68699
3.98131
4.36638
4.32191
4.21628
4.46995
4.39001
4.22999
3.31767
4.20496
3.64361
4.38698
4.17542
4.23043
4.37644
3.73739
4.49096
4.08491
4.34430
4.48056
4.26618
4.27233
4.45381
4.13919
4.35610
4.38655
4.47926
4.46773
4.39898
4.40914
4.51590
4.33809
3.78200
4.28501
4.46417
4.44798
3.80838
4.30026
4.29285
4.15756
3.50299
4.45782
4.51116
4.04019
4.18019
2.95604
4.42648
4.43504
3.99296
4.17947
3.12915
4.26676
3.83272
4.45235
4.44822
4.32226
4.40209
4.38877
4.43612
4.38233
4.13362
4.16860
4.41756
4.13997
4.40475
4.49669
4.26850
4.47326
4.41359
3.88818
4.36677
3.62236
4.45947
4.17095
4.30808
4.28577
4.48769
4.13661
4.48848
4.12542
4.23035
2.43599
4.14798
4.41128
1.93462
4.26386
4.09769
4.38047
4.21403
4.35628
4.46572
3.07714
4.33471
4.45855
4.42514
2.35274
4.13232
4.35174
4.33527
4.26050
4.40519
4.37329
4.24940
4.37530
4.17887
4.00754
4.14552
4.27210
3.66880
4.43860
4.47336
4.33372
3.66682
4.14271
4.40085
3.67152
4.43980
2.74637
3.76362
4.40940
3.68448
4.31122
4.23007
4.46559
4.13889
4.49283
4.24520
4.37526
4.20527
3.38665
4.31185
4.46257
4.10419
3.93878
4.40896
2.42687
4.19637
3.89916
4.07376
2.60926
4.40453
4.42232
4.09548
4.46847
4.41409
4.43998
4.24146
4.19478
4.23124
3.67119
4.13373
4.10073
3.85325
4.44900
3.77152
2.85579
3.83254
2.42965
4.37409
3.44034
4.33139
4.44448
4.25679
4.22882
3.74036
4.48520
4.36260
4.48726
4.28261
4.28268
4.39030
3.51735
4.37198
2.91071
4.44657
4.33858
3.96018
3.50232
3.12188
1.81764
4.45638
4.40573
4.44920
4.24415
4.05779
4.41413
4.29273
4.41438
4.40370
4.53475
4.47497
4.29586
4.32615
4.36019
4.27704
3.90941
4.34256
4.47482
4.18320
2.82396
4.31231
4.35266
4.39658
3.42508
4.41739
4.30052
4.30692
4.25960
4.16825
3.58397
4.38411
4.40600
4.47621
4.07365
4.38289
4.45382
4.43264
4.42220
4.39878
4.25321
3.77159
4.45128
4.12786
4.32393
4.25515
4.32231
4.41401
3.70456
4.36469
4.42584
4.40898
4.39682
4.44103
4.08651
4.34386
2.80565
4.43476
4.24291
4.09114
4.32756
4.39069
4.48820
4.35165
4.49428
4.51085
3.93635
3.94044
3.89066
4.34978
4.41764
4.52334
4.19625
4.41411
4.31102
4.42231
4.28633
3.94009
4.35971
4.43274
4.31283
4.25109
4.29495
4.45260
3.80756
4.41448
3.64543
4.24027
3.79158
4.47586
4.40566
4.21983
3.22207
4.46926
4.48936
4.32595
4.38232
4.19287
4.43185
4.32067
3.65067
4.51526
4.49455
4.12917
4.36290
4.51192
3.81251
3.55136
2.85201
3.67678
4.38861
3.86376
3.41715
4.13904
3.89073
4.30519
4.35481
4.30283
4.41253
4.14839
3.91502
4.23616
4.46014
4.49998
4.50026
4.40333
4.35124
4.42416
3.81221
4.26143
4.34718
4.44276
3.32930
4.33754
4.38831
4.41090
4.41717
4.42760
4.46731
4.35565
4.40441
4.41711
2.53937
4.34168
4.36024
4.49605
4.39261
4.45694
2.27230
3.73936
4.45657
4.34711
4.36218
4.36891
3.88483
4.33846
4.27460
4.41019
4.34582
4.49862
4.50725
4.09754
3.83803
4.47255
4.28356
4.49340
4.10294
3.95646
4.49758
4.41799
3.69274
4.10792
3.67008
4.18784
3.49480
4.27651
4.41563
4.10017
4.24902
4.10832
1.75247
4.35728
3.81132
4.37151
4.23030
3.87908
4.48088
4.27823
4.34403
3.48606
4.41159
4.49800
4.49505
4.22254
4.41055
4.03131
4.37571
4.51625
4.34497
4.48639
4.39911
4.42787
4.48221
4.31454
3.85889
4.35213
4.42146
2.74320
4.39097
4.43540
4.35450
4.23970
4.17193
2.63491
4.31513
4.41901
3.72499
3.82506
4.19332
4.36920
4.15037
4.39014
4.27799
4.26004
3.90887
3.96007
3.73100
3.77511
3.94639
4.46886
4.45147
3.30018
4.27960
4.16337
4.42099
4.11589
3.73899
4.43426
4.36967
4.32932
4.45891
4.38844
4.32583
4.04116
4.42540
4.43914
4.27798
4.07734
4.25564
4.44896
4.28025
4.12800
4.20624
4.42527
4.28423
3.53897
3.17191
4.43004
4.45369
4.11041
4.41117
4.16538
4.39133
4.40002
4.33938
4.28033
4.31327
3.74572
4.40379
4.38855
4.33406
4.53184
4.38121
4.39700
4.21259
4.31448
4.48411
2.83973
4.00649
3.83977
4.39286
4.37043
4.33661
3.94160
4.40628
4.27928
4.43085
4.21742
4.18688
4.12998
4.14454
4.18524
4.35796
3.89923
4.47573
3.55143
4.21632
3.97786
4.40204
3.74982
4.23536
3.80720
4.39210
4.37574
3.87377
4.36930
4.34252
4.49815
4.41879
4.34177
3.89984
4.48480
4.46829
4.43732
4.48415
4.42135
4.46782
4.37138
4.44675
2.71433
3.88500
4.46119
4.04344
3.75828
3.82788
4.34901
4.02606
4.45698
4.10876
4.30681
4.09014
4.50451
4.41838
4.25597
4.50712
4.24462
4.35688
4.39873
4.08423
4.41677
3.49850
4.46150
4.18646
4.37290
4.45330
4.49620
4.21866
4.50386
3.71432
4.34420
4.43423
4.51012
4.44615
4.46115
4.40557
4.13842
4.46361
3.94729
4.45144
4.30035
4.06431
4.41141
4.32160
4.02453
3.55000
4.40787
4.41653
4.34172
4.21545
3.97338
4.29942
4.18205
3.87064
4.46479
4.49202
2.77554
4.15402
4.34995
4.24826
4.39413
4.43886
4.24572
4.32447
4.38065
4.45829
4.41042
4.46251
4.46117
3.97989
4.51246
4.37039
4.02001
4.35175
4.43580
4.36163
4.44877
3.93848
4.18404
4.19757
4.46360
4.40673
4.41816
2.32898
4.25592
4.23110
3.85814
3.95392
4.34147
4.16002
4.46631
4.36451
4.44535
4.32931
4.03279
4.38942
4.45584
4.17904
4.04010
4.44201
4.35874
4.50076
4.34836
4.42381
4.42308
3.99265
4.37765
4.36074
4.47697
4.27823
4.16832
4.42850
4.37135
4.49646
4.39027
4.46286
4.40278
4.42703
3.47194
4.45746
3.51866
3.79521
3.27081
4.35244
4.06104
4.44900
4.01978
4.32003
4.24558
4.40938
4.21113
4.17391
3.92343
3.21573
4.00885
4.43968
3.91306
4.31350
4.35203
4.02541
4.44647
4.48087
4.08790
4.35700
4.30808
3.82695
4.46573
4.17858
4.34984
3.93581
3.92373
4.37192
2.72159
4.53879
4.42300
4.43209
3.91690
4.50698
4.42927
4.25726
4.39629
4.40931
4.19507
4.40311
4.34510
4.39365
4.34803
4.42509
4.34445
4.25193
4.36913
3.65129
3.87944
4.44491
3.59508
3.98117
4.48286
3.17512
4.47816
4.34494
4.37214
3.84725
4.36994
4.44588
4.41843
4.33747
3.46501
4.45051
4.09677
4.23870
4.28736
4.40348
4.16910
4.29910
3.61483
4.45281
4.03927
4.27066
4.17344
4.31402
4.22264
4.27324
4.43369
4.37810
4.30723
4.15607
4.41068
4.11048
4.44044
4.50527
4.39985
3.21061
4.45956
3.95419
4.47562
4.11733
4.40617
4.19375
3.70452
4.34085
4.36930
3.79613
4.44823
4.39220
4.26319
4.31196
4.09624
3.96321
4.48645
4.34729
4.45901
4.24405
4.32305
4.43423
4.00813
4.27550
4.42021
4.16172
4.37200
4.24500
4.41839
4.46035
4.38429
3.96792
4.46691
4.23284
3.30237
3.74919
4.04959
4.14983
3.85333
4.45128
4.18474
4.40503
4.20471
3.81077
4.13263
3.13892
4.31461
4.35276
2.25798
4.37408
4.30919
3.98617
4.24037
4.32187
3.73615
4.38235
4.17606
4.29901
4.04644
4.19341
3.95335
4.43569
4.38430
4.26091
4.45041
4.29037
4.44084
3.99276
4.50015
4.37287
3.90578
4.28981
4.34196
4.47885
4.19271
2.65367
2.80780
3.86034
4.48116
4.42775
3.74040
4.31293
2.39603
4.33369
4.32154
4.46993
4.44061
4.32153
4.42779
4.48850
3.95918
4.44587
4.21124
4.42896
4.26245
4.29639
3.73414
4.11586
3.90458
4.37382
4.05696
3.18650
3.55024
4.30254
4.34964
3.69887
4.42593
4.48710
4.45617
4.31365
4.51640
4.28481
4.34347
3.37106
4.05213
4.38076
4.14205
4.45727
4.19702
4.45040
4.38750
3.52968
4.43000
3.95700
4.12630
4.41527
3.98842
4.50663
4.44884
4.49087
4.13843
4.38315
4.36040
4.06783
4.41011
4.41768
4.31651
4.20052
4.02492
4.42374
4.10810
4.46768
4.05809
3.83213
4.06923
4.41641
4.44143
3.97863
3.64221
4.41002
3.91893
4.14869
4.32769
4.44081
4.32901
3.62916
4.44482
3.85588
4.09361
4.16806
3.28004
4.40831
4.23456
3.40642
4.10898
4.48573
4.38217
4.47714
4.29266
4.17609
4.48324
4.42895
3.80047
4.48237
3.52911
4.20330
1.97418
4.41061
4.19792
4.35329
4.33187
4.05687
4.41912
4.50951
3.25448
4.48798
2.26710
4.50127
4.33283
4.02914
4.43680
3.66758
4.24803
4.33762
4.40573
3.53868
4.46256
4.43310
3.52055
3.66389
3.76973
4.15675
3.49254
4.14227
4.28817
4.25990
4.40376
4.29674
4.47645
3.54929
3.92674
4.39381
4.43944
4.32394
4.31490
4.02310
3.44962
3.36699
4.45240
4.42534
4.29289
3.19378
3.67753
4.36212
3.89642
3.56387
4.36306
4.28688
4.04804
4.42612
3.87319
4.30499
4.19693
4.34344
4.28852
3.99705
4.43924
3.06305
4.46579
4.51429
4.45715
4.17574
4.21256
4.34827
4.31664
4.38369
4.14018
4.26449
4.35162
4.37266
4.32057
4.50619
4.37717
4.44663
4.42862
4.30274
4.30140
3.59799
4.22191
4.20315
3.92954
3.57063
4.32476
4.41956
3.69348
4.41237
4.43789
3.33951
4.48627
4.46017
3.91887
4.08365
4.49875
4.22384
3.62459
4.19302
4.46992
4.33962
4.44344
3.81961
4.18886
4.27497
4.10779
4.31096
4.40475
4.15101
4.44764
3.82882
2.60148
4.33079
4.12249
2.09109
3.91724
4.44589
4.18538
4.27948
4.38031
4.38827
2.08343
4.48971
3.93204
4.39499
3.84053
4.13480
4.14133
4.38920
3.43082
3.88401
4.40365
4.34270
4.50962
4.33774
4.49373
4.46363
3.90978
3.92075
4.48796
3.96938
3.12572
4.23283
4.02990
4.42419
3.85212
4.43718
4.19918
4.01873
4.30992
4.35175
4.41257
4.11170
4.33458
4.42162
4.24257
3.69459
4.18228
4.39751
4.30158
4.26560
2.76709
4.01239
2.89487
4.22882
4.41011
3.23376
3.97692
4.05137
4.44531
4.05593
4.53327
1.76018
2.84059
3.70431
4.38256
4.39396
3.85399
4.10403
4.33066
4.46983
4.36703
4.45716
4.01903
4.39333
4.08749
4.34951
4.48847
4.40966
3.58974
4.44884
4.47876
4.12225
3.69611
4.28136
3.24658
4.42387
4.14463
3.78435
4.34982
4.27151
4.40602
4.31980
4.35186
4.15361
4.41620
4.35248
4.11148
4.23750
2.78385
2.77022
3.79874
4.09620
2.11349
4.20218
3.16129
4.26910
4.31442
4.51920
4.32806
3.97685
4.14052
4.22413
4.44955
4.32873
4.51215
4.35348
4.11618
4.30807
4.50604
4.37127
3.30705
3.97077
4.35138
4.47900
4.47547
3.37690
4.35746
4.27087
4.43228
3.68966
3.78001
4.37415
4.21643
4.35718
4.33451
3.23799
4.44731
4.17127
4.08916
4.24538
4.37131
4.26331
4.06089
4.21190
4.47004
4.43608
4.38231
4.22165
4.19063
4.25684
4.49603
4.51217
4.04458
4.29093
4.30534
4.33954
4.03420
4.45629
4.43960
4.11959
4.32065
4.26156
4.14649
4.45197
4.30305
4.43521
4.42068
4.33022
4.00985
3.80055
4.36642
4.44082
4.45696
4.31911
4.39799
4.49244
4.36756
4.07398
4.33093
4.19449
4.30050
3.21011
3.30063
4.31750
4.02254
4.02601
4.26903
4.40836
4.46412
4.49308
4.42526
4.44419
4.41880
2.86580
4.40391
4.40775
4.33902
4.51411
4.36048
4.46778
4.30545
4.28697
4.10035
4.24078
4.24609
3.63981
4.15652
3.34142
3.72962
4.25803
3.68448
4.36654
4.42438
4.17416
4.50547
4.48521
4.39804
4.29166
4.15375
3.17968
4.44311
4.25741
4.44825
4.47973
4.39559
3.91438
4.45015
4.46678
4.29460
4.30967
4.44633
4.39436
4.38916
4.31450
4.28102
3.90834
4.49702
4.45647
4.36362
4.50175
4.37704
4.17010
4.35842
4.38956
4.35404
4.37272
3.82818
4.22004
4.37654
4.42801
4.34937
2.69964
4.13215
4.23999
4.31678
4.41408
3.71405
4.38951
4.42018
4.37868
3.32358
4.50188
4.18027
4.42340
4.24090
4.46433
3.95798
3.67024
4.22874
3.53271
3.38356
4.22732
4.41370
1.62237
4.21190
4.33086
4.44222
4.01294
3.83453
4.31204
4.00109
4.32885
3.48866
3.78453
4.11852
4.28700
4.45988
4.02322
2.97513
4.16894
4.04997
2.80530
4.41275
4.33933
4.50924
4.38249
4.44114
4.40303
4.17747
3.29523
4.11253
4.19893
4.43493
4.46721
4.48788
4.36856
4.35465
4.35306
4.42420
4.49324
3.81350
4.46250
4.40346
4.40960
4.08831
4.30378
4.11084
4.31208
1.67504
4.36341
4.43737
3.82878
4.37787
4.07659
4.05960
4.43803
4.36334
4.30679
3.58784
4.48090
4.37250
4.39222
4.15448
4.37241
4.49723
4.50905
4.12178
4.00711
4.46846
4.45386
4.48273
4.43783
4.49351
4.28602
4.04198
4.47581
4.42761
4.23487
3.09159
4.33645
4.26429
4.24630
4.23720
4.40306
4.33020
4.00714
4.45479
4.49862
3.08239
4.44783
4.32669
4.30710
4.29408
4.31228
3.91602
4.32661
3.08817
3.99179
3.67755
2.77049
2.82563
4.03543
3.85160
4.20331
4.35157
4.34257
3.95214
4.25931
4.03592
4.14129
4.45663
4.43587
4.33620
4.32865
4.48363
4.16922
4.31744
3.85973
4.38820
4.54048
4.09902
4.44451
4.19403
4.21228
3.53119
4.40483
4.43532
3.05603
4.22194
4.07922
4.16359
4.39081
4.31125
4.33904
4.44205
3.75374
4.33715
4.47006
4.32689
4.44947
4.31416
4.43455
4.31986
4.49712
4.43869
3.29974
4.46458
3.99544
4.22495
3.41611
4.51282
3.40141
4.22672
4.40363
3.50664
4.31675
3.44036
4.35202
4.39563
4.31607
4.21876
4.38537
4.47894
4.35833
4.39126
4.42813
4.46768
4.10692
4.47288
4.23139
4.46825
4.38573
3.59431
4.25116
3.75280
4.15816
4.30556
4.39762
3.15503
4.22101
3.20170
4.00250
4.42631
4.38646
2.74647
4.27248
4.45880
4.44694
2.72070
4.16616
3.66146
4.45363
4.18181
4.25897
4.18648
4.47707
4.39507
3.08896
4.42002
3.07269
4.44226
4.36713
4.22494
4.28407
1.47393
4.25664
4.30965
4.35749
3.76579
4.31584
4.17852
3.71819
3.71769
3.88707
4.39775
4.41597
3.30693
3.91036
3.95877
4.12890
3.47655
4.36411
4.25622
4.15786
2.92362
4.48231
4.47252
3.91875
4.22592
4.52667
4.45860
4.41145
2.90080
4.43792
3.68480
3.86711
4.37275
4.49938
4.34822
4.45166
4.23688
3.05520
4.12378
3.97980
3.84383
4.39163
4.29716
4.38733
4.32743
4.14493
4.39055
4.24229
4.17640
4.28044
4.38836
4.50279
4.41620
4.33909
4.45316
4.13377
4.09798
4.43085
2.66343
4.32489
4.38100
4.13037
4.44212
4.37662
3.54135
4.39770
4.41652
4.52043
4.49891
3.98552
4.10503
4.21882
4.23084
4.44637
4.23582
4.33385
4.46423
4.21500
4.04907
3.91973
4.32191
3.52662
4.16986
4.42621
4.33739
4.30391
2.76938
4.37113
4.44503
4.33388
4.39776
4.43289
4.33041
2.94446
4.24238
4.24638
4.39546
4.10649
4.47457
4.43417
3.54836
4.36982
2.05214
4.03981
4.28671
4.48718
4.41555
4.10796
3.44270
3.99647
4.27282
4.20059
4.44073
4.33844
4.38376
1.83715
4.44227
4.10171
4.41613
4.15640
4.47853
3.61469
4.34018
4.25668
4.31949
4.46370
4.47144
4.22752
4.47652
4.10933
2.57409
4.36051
4.44027
4.41633
4.32066
4.20319
4.39885
4.22745
4.41728
4.14845
4.43282
4.43438
4.09954
4.48289
2.70608
4.38182
4.14884
4.30612
4.34649
4.32956
4.40262
4.45508
3.96490
4.32913
4.45069
4.30881
3.66827
4.47590
4.38336
4.16711
4.33770
4.49076
2.24239
4.08744
4.37023
4.48770
4.21372
4.47569
4.49846
3.53118
4.51159
3.57265
4.41629
3.94762
3.20847
3.73302
4.42069
4.33236
4.30639
4.41736
4.47182
2.13319
4.45938
4.37854
4.35618
4.33081
4.32771
4.41629
4.38415
4.32667
4.45056
3.87174
4.35520
4.34155
4.48350
4.25832
3.68049
2.87318
3.91945
4.32419
3.98513
4.14679
4.47301
4.30576
4.46430
4.43285
4.37038
4.48357
4.30101
4.34441
4.33336
4.49177
4.23522
4.06944
3.96977
3.87827
4.36435
4.25950
4.04348
4.35498
4.39959
4.26228
4.52158
4.36620
4.48323
4.22771
4.54295
4.39742
4.40020
4.53004
4.38941
3.58417
4.48440
3.50840
4.28333
4.48916
4.28555
4.21646
3.78305
4.47149
4.22364
4.35941
4.47545
4.42321
4.17349
4.46727
4.35106
3.94360
4.36279
3.91029
4.10905
4.43720
4.07377
4.30372
3.73159
4.23475
4.13186
4.26861
4.10024
4.33230
4.35201
3.90241
4.41889
2.46820
4.16851
4.20528
4.15277
4.40339
4.38285
4.43873
4.09252
4.47609
4.47783
4.50217
4.23740
4.28796
4.39264
4.36656
4.36349
4.38195
4.29218
3.87450
4.33754
4.41684
4.20905
4.28650
4.47630
4.18331
4.28722
4.51167
4.30365
4.32950
4.47985
4.39572
3.87979
3.81063
4.41067
4.29102
4.49105
4.32028
3.64224
3.30924
4.29649
4.33756
4.31968
4.46374
3.69928
3.75995
4.39267
4.30758
4.42676
4.23081
4.27453
4.11981
4.36800
4.51406
4.09015
4.14100
4.42160
4.38860
4.47472
2.44681
3.38873
4.05003
4.32784
4.37574
4.49120
4.21948
4.41667
4.47911
4.18096
4.11248
4.20666
4.18439
4.40796
3.96831
3.01100
4.43942
4.31159
4.20105
4.23825
4.02881
2.95127
4.42760
4.29322
4.39235
4.45185
3.83065
4.26298
3.66690
4.15673
4.40610
2.78767
4.27145
4.04170
4.32522
4.46514
4.22424
3.74053
4.39450
4.43376
4.46871
4.01645
4.35765
2.36922
4.48648
4.47409
3.79810
4.49809
4.33492
4.30105
4.39699
4.40989
3.40838
4.41887
4.42542
3.90371
4.44864
4.27110
4.40408
4.44825
4.27131
3.93877
3.60044
3.22288
4.04969
4.36584
4.40731
4.01443
4.32134
4.42754
4.47651
4.42141
4.48493
3.34529
4.36980
4.37502
4.48835
4.49193
3.71277
4.25071
3.54235
4.50209
4.43353
4.38987
4.38466
4.44502
4.39859
3.96614
3.57262
4.44915
4.39098
4.32785
4.42519
4.32533
3.84258
4.42748
4.37878
3.99487
4.30235
4.45182
4.30132
4.35400
4.46627
1.00337
4.46149
3.67945
4.40577
4.03838
4.02256
4.30956
4.11802
4.25223
4.49299
4.44534
4.30801
4.43643
4.41770
4.31485
4.39587
3.86235
4.40316
4.31546
4.44682
4.23563
4.43559
4.14695
3.78655
4.16561
4.41543
2.04397
4.42261
4.16199
4.21229
4.38915
4.42927
4.28798
4.43078
4.43391
4.36505
1.95622
4.46309
4.37361
4.43188
3.98292
4.22002
4.21703
4.42834
4.44046
4.23152
4.47767
4.31617
4.47609
2.93428
4.27289
4.07769
4.18531
4.20041
3.75063
4.28680
4.47869
4.36181
4.48544
4.26052
4.36656
4.37543
4.37321
4.47609
3.73632
4.30877
4.20838
3.76895
4.44857
4.47821
4.49753
4.25498
3.72321
4.47572
3.91901
4.43823
4.40125
4.34650
3.24043
4.49354
4.43011
4.47141
4.41922
4.39869
3.41037
4.32112
4.43410
4.42581
4.38734
3.57866
4.49117
4.48464
4.43685
2.64694
4.37517
4.23636
4.03984
3.77479
4.46246
4.24711
4.33173
4.46475
4.45951
4.43258
2.01642
4.38443
2.63272
4.46139
3.46114
3.91496
4.32305
3.71446
4.35153
4.38261
3.85973
2.67407
4.37643
3.28574
2.52649
3.92541
4.22328
4.08241
4.00305
4.26224
3.83449
4.44928
4.33400
4.13081
4.19139
4.30792
4.35943
3.86803
4.32089
4.22547
4.30057
4.14840
4.33378
4.28527
4.44643
4.37073
4.47468
3.91337
4.44959
3.83950
4.47696
4.36625
4.31268
4.02121
4.05830
4.26465
4.40208
4.19541
4.33327
4.02762
4.45742
4.26197
4.44040
4.49691
4.44262
3.60012
3.47187
4.17645
4.46787
4.43414
4.36391
4.22395
4.45331
3.99125
4.53491
4.38909
4.21415
4.42948
4.45430
4.47994
3.65951
3.89323
4.16026
4.11072
4.37420
4.39451
3.77602
4.06371
4.37076
4.31957
4.32518
4.28372
4.22115
4.44295
4.13951
4.14945
4.36906
4.29133
4.50248
4.39117
4.39540
4.25131
4.37520
4.18649
4.32343
4.23999
4.03773
4.02846
2.10251
3.99912
4.30659
3.67863
4.45916
4.06904
4.38494
3.33114
4.50774
2.40967
4.14847
3.67766
4.48727
4.44265
4.37005
3.10903
4.52364
3.99745
4.15248
4.40158
4.33523
4.16773
4.39791
4.23525
4.31141
4.13879
4.49558
4.09481
4.27988
4.49693
4.46939
4.49681
4.36810
4.06730
4.45777
4.22941
4.44199
4.34390
4.32657
4.42039
4.49355
4.36050
4.45388
4.39349
4.42449
3.46678
4.39932
3.96349
4.50671
4.31751
4.43085
3.16066
4.48369
4.47623
4.32388
4.50371
3.66386
4.42711
4.35770
1.99881
4.37783
4.43384
4.46925
4.10972
4.30856
4.45227
3.78506
4.06197
3.99143
4.26640
4.45282
4.43292
4.20897
4.23593
4.38485
4.26322
4.29656
4.51205
4.44666
4.40482
4.37751
4.39151
4.29987
3.67253
3.94090
3.84444
3.21904
4.39256
4.11900
4.02334
4.40275
2.44074
4.36947
4.04674
4.40302
4.35621
3.01252
4.34359
4.26805
4.33404
4.03427
4.42471
3.44930
4.40019
4.43043
3.73166
4.31672
4.16113
4.37886
4.34543
4.40126
4.16722
4.35530
4.42768
4.41628
4.44433
4.35736
4.45220
4.05262
4.46971
4.47696
4.50951
4.46975
4.33973
4.45907
4.01127
3.79361
4.18079
4.29359
4.28829
4.31120
4.28215
3.98316
4.05421
4.18379
3.97361
4.30696
4.47643
4.45447
4.44631
3.72573
4.40296
4.41966
4.42825
4.41744
4.31689
4.27014
4.45934
3.89045
3.57363
4.35655
4.05499
4.43467
4.27332
4.31110
3.76072
4.13411
3.13521
4.13509
4.43037
3.96249
4.49446
4.43266
4.35412
4.21955
1.96401
4.45387
4.34080
4.50482
4.26846
4.28033
2.64000
3.70127
3.95166
4.20531
4.32593
4.38421
4.06313
4.24375
4.10146
4.28906
4.46003
4.16734
4.35330
3.77574
4.23011
4.46747
4.38911
4.10044
4.05177
4.39928
4.39088
4.23830
4.18507
4.38275
4.54178
3.68906
4.32143
4.39993
4.39771
4.13606
4.43070
4.23775
4.41006
3.55854
4.43536
4.32594
4.04063
4.45152
4.34791
3.63577
4.30338
4.38899
3.97359
4.43006
4.10295
2.60732
4.21046
4.29619
4.37222
4.48836
2.45050
4.39954
3.61626
4.33149
3.35329
4.43512
4.26544
4.36259
3.00606
3.56581
4.13535
4.48876
3.20594
4.33962
4.37970
4.01838
3.93968
4.45075
2.18268
2.59723
4.11397
4.28425
1.54089
2.90973
4.30358
4.24089
4.37177
4.39206
4.32130
4.28796
4.30017
3.66666
4.11114
3.96777
2.49662
4.35230
4.36674
3.87259
4.45564
4.12006
3.94738
4.22660
4.38705
4.35080
4.51290
4.49548
4.25803
4.29570
4.35004
4.39657
3.78954
4.38517
4.34616
4.46161
4.24197
4.10809
4.49328
4.45053
4.28566
3.81287
3.67433
4.41543
4.42009
4.03556
4.50349
4.22341
4.53083
4.29616
4.43078
4.44816
4.37323
4.47427
3.60304
4.38185
4.44999
3.93188
3.86725
4.40578
1.70346
4.39363
4.27909
3.65366
4.47657
3.60305
4.34536
4.18497
4.05899
3.62525
4.45235
4.43854
3.92199
4.49085
4.37133
4.11750
4.41218
4.36351
4.05667
4.53526
3.17641
4.47661
4.39960
3.95334
4.41747
4.11922
4.21992
4.45556
4.47472
4.28785
4.02372
2.67511
4.40494
2.57515
4.47486
4.21942
4.24672
4.20470
4.47851
4.28659
3.77106
4.17314
4.24576
4.51888
3.21956
4.11713
4.34127
3.74800
4.13461
4.38481
4.46906
2.61142
4.46355
3.23254
4.40019
4.28492
4.52414
4.49685
2.77227
4.20632
3.87720
4.43374
4.39079
3.56927
4.37489
3.49041
2.59294
4.43093
4.48573
4.32664
4.42755
4.40450
4.47813
4.32538
3.81756
4.53289
4.40657
3.55118
4.42625
4.44671
4.35588
3.98833
4.49066
4.29396
4.42543
4.36048
4.38072
4.35383
4.40327
4.04951
4.48520
3.89793
4.21033
4.48863
3.98322
4.28727
4.01205
3.43539
3.97438
4.49189
4.13683
4.50162
4.25737
3.98854
4.15287
3.55359
4.41583
4.38563
4.49136
4.46479
4.40766
4.08168
4.45147
4.21954
4.45825
4.20614
4.06858
4.02600
4.50289
3.32449
4.10782
4.43163
4.47428
4.40711
4.24349
4.34132
4.42602
4.44342
4.33182
4.47256
4.41021
4.16077
4.31411
2.68519
4.12099
4.34549
4.31023
4.25615
4.29872
3.73306
3.20822
4.46672
1.86240
4.37979
4.24088
4.40617
4.44672
4.17488
4.31597
4.26525
4.39454
4.39151
4.48929
4.39612
4.26564
4.26003
4.16664
1.53665
4.19385
4.44393
4.34344
2.69632
4.39882
4.29044
4.39998
4.30366
4.36830
4.38931
4.48464
3.55555
4.10086
4.31222
4.38855
4.36786
2.72463
3.89295
4.24954
4.48904
4.52914
4.40997
4.35379
4.41956
4.47647
4.45823
4.28182
4.22967
4.34783
4.17845
4.46634
3.96089
4.42505
4.46561
4.32977
4.31644
4.47904
4.41765
4.35604
4.43987
4.47805
4.41142
4.23748
4.48697
3.56817
4.35159
3.78735
3.19359
3.59361
3.92764
4.28103
4.36859
4.25685
4.03050
4.46193
3.29495
4.38458
4.40781
4.44064
2.66088
3.88285
4.28957
4.03583
3.72570
4.39683
4.29633
4.37809
4.27442
4.16580
4.31462
4.18283
4.47632
4.15958
4.20936
1.85794
3.41167
4.51490
4.39212
4.03117
3.08307
3.60042
4.36436
3.82959
3.91012
4.48209
4.40510
4.17180
4.20521
1.77397
3.98842
4.21631
2.34714
4.40728
4.37629
4.08563
4.43308
3.99160
4.37424
4.12211
3.45606
4.39789
4.20420
4.45347
4.40307
3.08021
3.84764
3.95384
4.35870
4.30262
4.10298
4.43796
4.37201
4.09224
4.27121
4.36932
4.45150
4.08896
4.51995
3.63608
4.30289
2.16625
4.41488
4.18888
4.38084
4.34640
4.14610
4.38782
4.47367
4.20765
4.38909
4.44911
4.38073
4.42356
3.95305
4.43681
4.14050
3.41796
4.09954
4.17019
4.39013
4.49720
4.39036
4.37698
4.39521
4.40661
4.47051
4.28085
4.36572
2.77828
4.18742
4.44398
4.43235
4.36162
3.79193
4.31471
4.21973
4.36303
4.50030
3.97607
3.75168
4.11996
4.30009
4.42472
3.73829
4.49303
2.44321
4.02999
4.30554
3.50878
4.35419
4.19625
4.44252
4.52283
4.05480
4.47097
4.32823
4.43583
4.38170
3.18391
4.43548
4.20609
4.46802
4.42475
4.34735
4.41788
4.13956
4.34683
4.43275
4.40198
4.38771
4.30586
4.40210
4.23997
4.18166
4.21014
4.19380
4.20495
3.82838
4.44331
3.75626
4.42859
4.49333
4.51445
4.23236
4.43823
4.32918
3.38722
4.42385
4.36019
4.16574
4.12128
4.46953
4.17677
3.80852
4.48932
4.38254
4.44250
4.29545
4.44627
4.41896
4.38044
4.26686
4.48957
4.37822
4.38895
1.98580
4.34720
4.45005
2.32286
4.36879
4.21883
4.06066
4.18502
4.11015
4.34445
4.35131
4.07843
4.37046
2.70245
4.15317
4.37717
4.48523
4.40119
4.50252
4.20221
4.49544
4.42701
4.47411
4.43620
3.37050
4.47461
4.38367
4.42458
4.30048
4.12314
3.72997
4.34030
3.79460
4.42651
4.35129
4.46105
3.90435
4.14422
4.27939
4.36967
4.28420
4.27755
4.36331
4.03637
3.95675
4.07549
4.47151
4.02034
4.19729
3.40069
4.37263
3.69922
3.99618
3.69989
4.41827
4.43025
4.44165
4.08591
3.01837
4.21734
4.38184
4.39079
4.32967
3.28399
4.42923
4.40956
3.95551
4.47364
4.09951
4.50119
4.45103
4.36361
4.19648
4.24741
4.51378
4.05601
4.42757
4.26200
4.19891
4.15239
4.35780
4.38307
4.35757
4.42401
4.33396
4.20246
4.48707
4.16475
4.43114
4.42110
4.40545
4.29817
4.42765
4.41912
4.25221
4.32502
4.31127
4.31189
4.07924
3.46331
4.27367
4.36835
4.25825
4.41290
4.41219
2.76548
4.50967
4.19455
4.46823
3.99089
4.30873
4.47146
4.23552
4.11583
4.41193
3.66169
4.33300
3.89796
3.99543
4.32201
4.43813
4.00571
2.40573
4.34278
4.43677
4.10932
4.08930
4.41030
4.40239
4.44935
4.37328
3.91268
3.81121
4.29894
2.48202
3.85667
4.46314
4.26800
4.30606
4.47325
4.23154
4.38133
4.46013
4.38705
4.44595
4.42292
4.21651
4.30171
4.42220
4.49232
4.48767
4.07017
4.37900
4.41007
4.18116
4.30923
4.48036
4.22827
4.15584
4.44928
2.90908
4.39093
4.40540
4.14446
4.33139
4.18314
4.35114
4.31869
4.26938
4.36236
4.42941
4.37070
4.28126
3.87602
4.16677
4.51578
4.43502
4.42558
4.22960
4.08080
4.37141
4.18586
4.50744
4.45054
4.36648
4.33199
4.03778
4.20719
3.47463
4.40767
3.64998
3.79869
4.43646
4.27837
4.31736
4.26276
4.40520
4.07390
4.47005
4.25884
2.82129
4.42479
4.30450
4.46585
4.39876
4.37703
4.15845
4.44799
4.22387
4.45665
4.47272
4.01058
4.10040
4.44750
4.46455
4.00212
4.46048
4.47146
2.88184
4.46182
4.01062
4.36728
4.45702
4.40478
4.34823
4.33516
3.86888
4.15741
4.44471
4.43256
4.27183
4.48705
4.44618
3.73102
4.45091
4.13198
4.45136
3.21407
4.32862
3.98026
3.66326
3.67118
4.31749
4.01610
4.16541
4.38442
3.92127
4.26814
4.21974
3.32907
4.48085
4.36486
4.39065
4.51219
4.27746
4.29075
4.17303
3.49926
3.07544
4.33898
4.37686
4.44230
3.67113
4.28407
4.18732
4.41838
4.41986
4.30477
4.41622
4.42220
4.43894
4.35932
3.90455
4.41738
4.49453
4.11135
4.24250
4.47683
4.37306
2.37899
4.49426
4.37385
4.03354
4.10075
4.43851
3.90708
4.40751
4.05947
4.49563
4.20956
3.74879
4.35930
4.39960
3.28313
4.46856
4.08938
4.39933
3.97682
4.40393
4.44997
4.37519
4.35295
4.33535
4.20864
4.35164
4.28956
4.43471
4.01092
4.39225
3.68201
4.22028
4.35345
4.45913
4.15402
2.54621
4.44588
3.76073
4.06389
4.24559
4.37457
4.37402
4.26298
4.47877
4.16999
3.17483
4.35995
4.44676
4.43084
4.35638
4.28976
4.40879
3.26745
4.05088
4.46998
4.14432
3.86652
3.71727
4.47955
4.43561
4.14696
4.34227
4.08782
4.26514
4.16908
4.35855
4.37487
4.31511
3.04360
4.22388
4.49217
3.15441
4.12076
4.47609
4.22158
3.93980
3.71722
4.30880
4.30299
4.16016
4.24986
4.27600
3.04269
4.13330
4.41599
4.28797
4.13383
4.42502
3.32048
4.43776
4.28285
4.30807
4.43379
4.32793
4.48152
3.74164
3.88374
4.41162
4.44361
3.83204
4.41155
4.29043
4.33763
4.11782
4.39610
4.44156
4.10842
4.16993
3.89916
4.40213
4.41079
4.10835
4.34768
3.57833
4.42444
3.77095
4.45002
4.32956
4.40445
4.44920
4.47071
4.20777
3.72517
4.06543
4.47435
4.29219
3.53726
3.51877
4.19544
4.12258
3.94467
4.27451
4.48456
4.28152
4.15040
4.38263
4.46574
4.22160
4.30187
4.37943
4.44340
4.46832
3.39144
3.85378
4.38323
4.38234
4.19139
4.44967
4.07248
4.13472
4.28778
4.35720
2.66962
4.43503
4.15298
4.06423
4.36817
3.61324
3.61762
4.37800
4.24538
4.18612
4.29584
4.28365
4.41686
4.27426
4.35486
4.39272
4.39802
3.68439
4.45946
3.72635
4.31239
4.37999
4.50266
4.08770
4.37335
4.42398
4.11231
4.47568
4.45275
4.44955
4.38660
4.29866
4.18613
2.94865
4.06440
4.30588
4.16353
4.39227
2.26660
4.03444
4.35284
4.35231
4.50482
4.27601
4.34649
4.03517
4.48815
3.81367
3.22108
4.45111
4.41387
4.33390
3.79793
4.36067
4.38187
4.04491
4.45935
4.15024
4.17914
4.25048
4.26194
3.82478
4.47486
4.31410
3.67282
4.36430
3.57473
4.49518
4.36748
4.43329
4.41625
4.11862
4.38937
4.29893
4.48436
2.80619
3.65869
4.43924
4.52214
4.40530
4.33900
4.24283
4.48072
4.30709
4.37651
4.39307
4.18506
4.40253
4.40730
4.13277
4.13881
4.01476
4.50271
3.63024
4.31012
4.37286
4.21237
4.29447
4.18195
4.16386
4.35253
4.34472
4.34687
3.64242
4.38113
3.93938
3.40640
4.49657
4.35181
2.59620
4.47346
4.19653
4.44177
1.83679
4.09870
4.40694
4.34945
4.41013
4.44602
4.31863
4.03589
4.29800
4.44536
4.25477
4.41988
4.30092
4.30454
4.44916
3.76792
4.36326
4.45750
3.99977
4.42110
4.32764
4.41874
4.39413
4.13073
4.51420
4.29578
3.71659
4.42835
4.50914
4.06346
3.82854
4.35864
4.37992
4.39832
4.50808
4.42775
4.44976
4.43059
4.45159
4.27798
4.31303
4.47843
4.21613
3.98765
4.35901
4.44171
4.33861
4.39113
4.41401
4.25860
4.36542
4.39478
4.14556
4.39840
4.32252
4.31019
4.35169
4.49096
2.71217
4.14221
4.44294
4.48680
4.34637
4.48991
3.75752
4.32531
4.00386
4.46689
4.42180
2.10064
4.44085
4.49635
4.32081
4.15933
4.13665
4.33882
4.39385
4.35380
3.54877
4.50566
4.31330
4.46137
4.45865
4.34259
4.42606
4.30846
4.14558
4.38648
4.23925
3.35367
4.39283
4.23676
4.28327
4.49341
3.06001
4.49726
4.41158
4.37215
4.09357
4.32691
4.19120
4.41745
4.44006
4.16536
4.39067
3.85810
4.22834
4.37692
4.39931
4.18372
4.22605
4.50306
4.40892
4.44225
3.91878
4.26379
4.44333
4.44212
3.63900
3.50083
4.20533
4.06596
4.49887
4.22361
4.47591
4.11267
4.41542
4.36059
4.50599
4.19895
4.46176
4.35078
4.18582
4.49061
4.33991
4.22946
4.25026
4.41133
4.48062
4.07460
4.20588
4.36521
4.48090
4.00212
4.43265
4.21951
4.43152
4.39122
4.23461
3.13123
4.27478
4.19658
4.37234
4.49148
3.99794
4.25127
3.91879
4.32475
4.19408
4.50137
3.65658
4.27959
3.97422
4.01212
4.39790
4.21421
4.00312
4.41337
4.27401
4.28193
4.14102
3.69765
4.04109
4.13504
4.48897
4.10650
4.40629
4.42286
4.36073
4.38228
4.18009
4.50885
4.26188
4.11189
4.29260
3.90832
4.38800
4.33382
4.41518
4.45228
4.33298
4.25956
4.09307
4.44518
4.42869
4.46522
4.37131
2.55370
3.68960
4.36448
4.45808
4.44679
4.51547
4.46067
4.16321
4.49373
4.04306
4.35766
4.39356
4.50623
4.20259
4.04382
4.48789
4.42185
4.00921
4.48797
4.42503
4.11340
4.50730
4.21665
4.14097
2.15584
4.30262
4.40693
4.46394
4.49389
4.34993
4.44861
4.38554
4.10883
4.49967
4.17524
4.41386
4.46764
4.30283
4.46467
4.47693
4.01013
4.34554
4.30250
1.95540
4.26995
3.06344
4.41994
4.41075
4.24927
4.23762
4.21204
4.30585
4.24654
4.36916
4.37439
2.58455
4.15699
4.23653
4.19829
4.22820
4.47014
3.68049
4.38595
4.30660
3.81353
4.18225
4.24481
4.48615
4.26279
4.49406
4.23153
4.36051
4.24764
4.18976
4.27055
4.34523
4.35245
4.26148
4.23005
4.44944
4.47547
4.50485
4.45531
4.38663
4.48578
4.02903
4.31786
2.63100
4.35078
4.43040
4.42127
4.44076
2.14911
4.14645
4.21821
4.42978
4.46496
4.24197
4.44893
3.90166
4.25315
2.99810
4.15242
4.19897
4.22177
4.40480
4.42999
4.50992
2.72731
4.37955
3.55923
4.24555
3.67986
4.14541
4.35714
4.32478
4.00741
4.13182
3.76749
4.16843
4.45253
3.27165
4.32810
4.42304
4.45075
3.55063
4.19158
4.20820
4.21139
4.26664
4.27371
4.39604
4.41296
4.36269
3.77954
3.31607
4.38139
4.27248
4.46277
4.38524
3.97362
4.40789
4.23618
4.34644
4.47798
3.79324
3.85075
4.40497
4.20074
4.43950
4.18165
4.48620
4.23118
4.32500
4.39592
4.33633
4.49129
4.42219
3.63423
4.52514
4.50047
3.97625
4.28704
4.35057
3.03802
4.47493
4.39849
4.40267
4.43343
4.31743
4.42046
3.02395
4.35111
4.07558
4.06876
4.40767
4.42144
4.10895
3.97074
4.50978
4.32925
4.44496
4.43745
3.79495
4.34195
4.49654
4.35650
4.31716
4.48705
4.11667
4.23205
4.46055
4.26328
4.24099
4.44771
4.49506
4.19380
4.23640
4.37242
4.32193
4.18581
4.50319
4.46363
4.26543
4.07589
2.56864
4.10735
4.40669
4.41658
4.24282
4.38431
3.54650
4.48901
4.37121
4.33173
4.31114
3.93090
4.40378
4.26000
4.33702
3.98557
3.95607
3.33069
4.43735
4.21936
4.42641
3.71650
4.11631
4.39216
4.48049
4.43326
4.33562
4.32874
4.18446
4.49389
4.21738
4.37810
4.42679
4.23699
4.30103
4.23618
4.36413
4.33862
3.60838
4.33446
4.34521
4.12181
4.29505
4.51054
4.46891
4.24820
4.41217
4.35060
3.10734
4.25731
4.19230
2.76105
4.34695
4.15743
4.23572
3.80381
4.44945
3.63122
4.19667
3.77387
4.37439
4.45048
4.40932
4.28921
4.30943
4.35411
4.46908
4.26375
3.95324
3.79065
4.09421
3.75102
4.36543
4.34955
4.46472
3.24164
4.02397
4.49005
4.49299
4.04163
3.23935
3.92984
4.38838
3.76490
4.48935
4.26816
3.94198
4.46527
4.46681
4.41670
4.51399
4.28707
2.82102
4.29176
4.41613
4.39942
4.44269
4.25981
3.74415
4.49968
4.45192
3.64917
4.43263
3.91574
4.37362
4.34231
4.08515
4.46140
3.64672
4.42850
2.69734
4.41445
3.41534
4.07684
4.28822
3.81271
4.46417
4.29437
4.46118
3.52997
4.32219
2.66219
4.44559
4.38781
4.24006
2.61788
4.47748
4.50504
4.32143
4.45758
4.06655
3.45090
2.77292
4.34320
4.49415
4.46469
4.44827
4.02631
4.34867
4.35575
4.16186
4.22929
2.55917
4.25751
4.14578
4.18929
4.45337
3.00152
3.94264
4.43003
4.18219
2.24146
4.48358
3.96689
4.14223
3.34816
4.35054
3.32147
4.23552
4.35172
4.46706
3.89411
4.50982
4.35162
4.28224
4.40218
4.33356
3.84815
4.44645
4.27543
4.19924
4.24071
4.42619
4.10367
3.99144
4.30063
4.37879
4.26288
4.41452
4.46385
4.42258
4.27617
4.34761
4.48947
4.41444
3.78093
4.33246
4.51366
4.13677
4.37826
4.42894
4.45483
4.14433
4.39130
4.42349
4.47729
4.12096
4.49518
4.45049
4.48071
4.44567
4.24537
4.40556
4.41594
4.42035
4.37600
4.23963
4.40185
4.45678
4.17463
4.24064
4.41694
4.23473
3.69085
4.08211
4.43158
3.92211
4.44044
4.36336
4.28221
4.46384
4.34333
4.05480
4.46866
4.40131
2.74502
4.38424
4.45485
2.72525
4.48808
3.95351
4.43876
4.05129
3.98349
3.57846
3.74519
4.15966
4.45172
4.45181
3.34049
4.18162
4.40478
4.35120
4.43006
4.51033
4.33657
4.35313
4.45777
4.44976
4.46462
4.14253
4.34122
4.33301
4.22761
4.01853
4.15451
1.94261
4.17249
4.48628
3.94409
4.01953
4.29731
4.07621
4.17046
3.72577
4.43829
4.46218
3.96465
3.95970
4.17635
4.47965
4.49174
4.01759
4.45069
4.41900
2.70743
4.48805
3.87547
4.41937
3.72768
4.27614
3.76697
3.68225
4.26478
4.25234
4.48443
4.23350
4.42521
4.45755
4.51507
4.28357
4.44686
4.36420
3.98824
3.06386
4.25438
4.46174
4.24755
4.30318
4.35320
4.36256
4.35967
4.27694
3.80120
4.21000
1.95390
3.98787
4.33187
4.28794
4.37891
4.38217
3.63049
4.43590
4.45622
4.18731
4.20522
4.45018
4.08102
3.65284
4.33477
4.43571
2.71563
3.73591
4.10077
4.47186
4.38082
4.27307
4.45068
4.43274
4.32304
4.18132
3.69247
4.38801
4.45381
4.30917
4.23325
3.95992
4.11891
4.20047
3.37563
4.45829
4.41358
4.46605
4.34082
4.49278
4.41415
4.31449
4.44596
3.73731
4.24026
4.41890
4.27468
4.51439
3.90903
4.36226
3.43159
4.45028
4.47891
4.13156
4.43795
4.35559
4.36438
4.39782
4.28550
4.15097
4.33546
4.27395
4.46212
4.27555
4.33919
4.42458
4.23077
3.95307
4.43450
4.12201
4.47094
4.41138
4.13123
3.93695
4.43535
4.34131
3.32972
4.38085
4.43719
4.44442
4.40323
4.29795
4.32448
4.47297
4.46188
3.66571
4.40292
4.42373
4.36176
4.45386
4.39651
4.43031
4.33656
4.03373
4.41387
3.92242
4.39777
4.49614
4.37566
4.36705
4.43528
4.28644
4.39805
4.41026
4.28311
4.42352
4.43232
3.80636
4.11209
4.43273
4.15847
4.06219
4.29634
4.42812
4.42546
3.48877
4.12624
4.05870
4.19230
4.29646
4.41930
4.50082
4.07402
4.35617
4.49258
4.47684
4.50382
3.74146
4.42411
4.23454
3.90087
4.11548
4.46464
4.36048
3.81304
4.39686
4.34333
3.44350
4.03557
4.37324
4.47602
4.48499
4.37254
4.49074
4.45892
4.15772
4.31279
4.34775
4.36906
4.17436
3.98159
4.50512
4.44671
4.43428
4.15230
4.37703
4.51407
4.12899
4.24874
4.53336
4.32385
4.28131
3.91530
4.48809
4.40948
4.36426
4.18337
4.46495
2.47665
4.20162
4.42810
4.23008
4.44399
4.46897
4.51750
4.34278
4.42752
4.49371
4.36153
2.87534
4.47362
4.42809
3.84241
4.18521
3.97094
4.33664
3.97526
4.49106
4.47594
4.40847
4.23770
4.44627
4.26511
4.45085
4.13889
4.53564
4.28000
3.62244
3.31211
4.46384
4.42257
3.75553
3.78581
4.31678
3.78387
3.72502
4.38229
3.31572
3.80727
4.40976
4.32744
4.21836
4.40492
4.15307
4.10475
4.26925
4.46744
4.04716
4.33815
4.38453
3.50665
4.21392
4.12781
4.43355
4.08927
3.53261
4.43493
3.89873
4.42393
4.31006
4.22635
4.28000
3.74219
4.31044
4.34963
4.28913
2.92501
4.05835
4.19873
2.32049
4.42835
3.67900
4.30103
4.22664
4.38860
4.25792
4.32388
4.15069
4.41288
4.38292
4.11295
4.01010
3.37541
4.33286
4.35373
4.34967
4.34927
3.64873
4.06798
4.26227
4.29784
3.24759
4.24268
4.29845
4.45307
4.23772
4.30885
4.21742
4.37704
4.41670
3.91439
3.69068
4.18683
3.39230
4.26851
4.23977
4.27732
4.31080
4.48548
2.53811
4.40664
4.30321
4.29497
4.49622
4.34271
3.29762
2.64730
4.33035
3.87798
4.14365
4.26901
4.14390
4.46422
1.41861
2.09878
4.22239
4.46697
4.42419
4.45541
4.43089
3.38992
4.22346
4.37517
4.16130
4.46425
4.37460
4.45428
4.28662
4.39223
4.35534
4.39848
4.21540
3.32120
4.42098
4.19284
4.14865
2.92772
4.15409
4.22915
3.38580
3.82893
4.34372
4.08065
4.36037
4.37167
4.41996
4.49929
4.43489
4.43892
4.40036
3.89266
4.35722
4.42972
4.40392
4.30687
3.43045
4.44040
3.14678
4.35449
4.00217
4.33476
4.34128
4.29372
4.41274
4.41836
4.37054
3.97799
4.28779
4.33670
3.76842
4.41586
4.37022
4.40631
4.43089
4.26664
4.45053
4.33314
4.41307
4.19616
4.13891
3.96737
4.08628
4.15590
4.34838
4.24730
4.44290
4.24618
4.34683
4.05035
4.38652
4.13752
4.44242
4.31831
4.29526
4.34964
4.42539
4.28431
4.33330
4.41474
3.72140
3.60035
3.48362
4.08121
4.23921
4.39224
4.47921
4.41848
4.40574
4.36373
4.45467
4.19538
3.12330
4.40030
4.01971
4.40155
4.20824
4.32254
4.49041
4.26636
4.47491
2.81306
3.10924
4.41809
3.89365
4.11915
4.27403
4.09402
4.40178
4.36325
4.46354
4.46684
4.41981
4.00540
3.94899
4.32056
3.13057
4.36967
4.43878
4.38119
4.41069
4.26268
4.42494
4.46533
4.41290
4.36903
3.83321
3.94160
4.43652
4.21019
4.16641
4.45648
3.86839
4.30218
4.30842
4.01706
4.31662
4.46691
4.07699
3.63066
4.25639
4.47656
4.46278
4.14302
4.49020
4.35793
4.51112
4.39351
3.25891
4.44926
3.62754
4.30594
4.41625
4.38780
4.11266
2.65607
4.20265
4.50239
4.39286
2.87980
4.47891
4.36090
3.89999
4.36909
4.33460
4.45369
4.28720
4.22211
3.75138
4.12996
4.29225
4.33071
4.49552
4.38897
3.66046
4.43294
4.19000
4.43377
4.49457
4.36034
2.80810
4.35055
4.29065
4.42012
4.33395
3.90833
3.87262
4.31766
2.50838
4.49795
4.12018
4.38538
4.48138
4.28180
4.32885
4.25003
4.07284
2.72280
3.92628
4.08786
2.66104
3.52643
4.38099
4.15238
4.39206
4.34087
4.35702
4.42373
4.11288
3.72268
4.43691
4.41889
4.31336
4.36673
4.48878
4.46042
4.51430
4.37891
3.28212
4.32917
4.13645
4.20315
4.31403
4.34098
4.40125
4.34023
4.37217
4.31192
4.41545
4.37200
4.34728
4.40588
4.22930
4.25966
3.66210
4.38303
4.35693
4.44687
4.36611
4.43087
4.44952
2.16935
4.51603
4.48778
4.00896
4.45956
4.50543
4.42833
4.48583
4.45344
4.02208
4.08697
4.37369
4.38966
4.12733
3.64118
4.46068
4.34206
4.34907
4.44821
4.29908
3.99421
4.48612
4.10501
4.18662
4.07011
3.41841
4.32586
4.43701
4.42003
1.42476
4.15166
4.25729
3.76043
4.36498
4.29391
3.86317
4.11138
4.45467
3.36945
4.17172
4.33549
4.42536
4.45771
4.00534
3.82057
4.40495
4.40228
4.19019
4.30246
4.08566
4.46312
4.46891
4.43893
4.48620
4.47361
4.34136
1.93675
4.26023
4.39475
4.09935
4.16089
3.94067
4.39074
4.26460
3.79984
3.23887
4.41598
4.40977
4.22250
4.22761
4.04996
4.29663
4.40935
4.21351
3.95751
3.77206
4.48693
4.38100
4.49377
3.47342
4.40385
3.86616
3.73134
4.52996
4.39627
4.50219
4.45553
4.30439
4.20384
4.17650
4.49611
4.48790
4.41895
2.07467
4.16616
4.35383
4.37543
4.25366
4.43361
4.28375
4.35069
4.35262
4.47113
4.45925
2.34098
4.43182
4.44364
4.09662
4.44134
4.32590
4.27433
4.22122
3.92652
4.49223
3.56683
4.35213
4.29395
4.52812
4.02675
4.49039
3.83994
4.38707
4.27706
2.59267
4.39727
4.20280
3.87790
2.85539
3.98838
2.89970
4.09734
4.52634
4.33346
4.39655
4.43713
4.34278
4.00998
4.00472
4.04092
2.62557
4.28442
4.29822
4.30543
4.31938
4.26852
4.25324
4.32428
4.38741
4.16411
4.46012
4.14016
3.58162
4.30630
4.46162
3.93223
4.40073
4.03556
4.43614
4.49012
4.42997
4.36995
4.01152
3.86128
3.50657
4.35909
4.47478
4.10354
4.37831
4.45479
4.43344
4.30294
4.45654
4.39062
4.33727
4.14399
4.32406
3.69470
4.45297
4.30357
4.42512
4.47988
4.45245
3.96334
3.83498
4.16219
4.46295
3.56903
4.28218
4.43933
4.41621
4.49564
4.37369
3.53511
4.33309
4.27268
3.72152
4.14199
4.41889
3.83003
4.42206
2.50773
4.45974
2.78872
4.42784
4.42291
4.20833
4.18899
4.45699
4.27992
4.44260
4.21516
4.21338
4.38739
4.16082
4.28694
4.33731
4.28420
4.34087
4.42284
4.49054
4.43848
2.42705
4.43114
4.39125
3.62682
3.22660
4.25863
4.40383
4.24604
4.39555
4.38800
4.02917
4.52058
3.13172
4.47584
4.42786
4.49275
4.13059
4.44681
4.27965
4.21322
4.19401
3.59346
4.42834
2.55451
4.06964
4.41950
4.46903
2.98775
4.52562
4.36730
3.84494
4.35921
4.43998
4.43442
2.69448
4.41312
4.41076
4.38561
4.50687
1.80807
4.11563
2.26853
3.61115
4.23436
4.41296
4.03778
4.36488
4.01502
4.39256
3.37112
2.98393
4.44257
4.32802
3.91745
1.97784
3.74240
3.92208
3.80301
4.45265
3.76541
4.49520
4.46338
3.77522
4.41956
4.26342
4.51200
4.00662
4.47670
4.48252
4.35205
4.10994
4.44637
4.44823
4.45499
3.98006
4.41999
4.46964
4.36875
4.39964
3.93220
4.33859
4.44673
4.27015
4.34040
4.37639
4.37158
4.13624
3.49098
4.32173
3.93523
2.98936
4.34440
4.26184
4.45986
4.34686
4.10379
4.32333
3.81930
4.32712
4.25286
4.26088
4.33183
4.33795
4.41512
4.27603
4.40511
4.26192
4.34246
4.26631
3.40588
3.90565
4.10012
4.22032
3.75216
3.69751
4.19176
4.46290
4.34167
4.32033
3.97563
4.43396
4.09010
4.30648
4.25908
4.33036
3.80703
4.45009
4.46889
4.23844
4.37419
4.44767
2.83272
4.36972
4.45832
4.41114
4.19502
4.44825
4.08089
3.19969
4.39134
4.19975
3.92871
4.31936
4.44576
3.76302
4.39442
4.27809
4.09069
4.19399
4.03740
3.94445
4.11383
4.45756
4.45835
4.16267
4.37836
3.66163
3.85114
4.49625
3.47599
4.44595
4.39002
4.44217
3.92367
4.23973
4.25999
4.45527
3.65965
4.32929
4.44935
4.48069
4.14179
4.34195
4.23832
4.18040
4.12246
3.90016
3.92968
4.51076
3.61767
3.93160
3.45991
4.40574
4.33400
4.47286
4.26257
4.40430
4.43690
4.37826
4.19441
4.40852
4.32337
4.29029
4.49709
4.28591
4.47779
4.11824
4.38158
4.33397
4.31968
4.42329
3.37697
4.38349
3.50674
4.36579
4.35710
4.28758
4.49302
4.40899
4.24587
4.47351
3.96436
4.50737
4.41570
4.20191
3.67281
4.51467
4.30782
4.14817
4.43171
4.42341
3.45656
4.17898
4.42016
4.48451
3.15969
4.36404
4.37515
3.77228
4.38290
4.40633
4.39224
4.42404
3.75038
4.32774
4.13998
3.66131
4.27541
4.14896
4.16380
3.42389
4.19989
3.92000
2.17252
3.78523
3.59920
4.38882
4.38949
4.11122
4.41758
4.33121
3.67627
4.42005
3.17103
3.28221
4.39101
3.79607
4.34663
4.38333
2.70463
4.37455
4.42703
4.37117
3.33245
4.21819
4.37578
2.85133
3.98509
3.39149
4.02456
4.11769
4.33635
3.21938
4.32001
4.38629
4.04610
4.41513
4.37659
4.38136
4.29214
4.26484
4.30104
4.41019
4.19036
4.37392
4.07205
2.34203
4.41086
3.27822
4.44906
4.38052
4.12562
3.01228
1.93053
4.47985
4.28626
3.86223
1.77944
4.22306
2.83958
4.45617
4.29076
4.40600
3.97068
4.10818
4.43521
3.32452
4.38807
4.24307
4.04947
4.33180
4.25257
4.43317
4.47255
4.02885
3.90163
4.26273
4.35743
4.37214
4.44085
4.34934
4.31268
4.22752
3.51484
4.48996
4.34374
4.51138
4.39096
4.11823
4.27338
4.44629
4.39802
3.94233
4.09122
3.61918
4.46568
4.31744
4.13125
4.48018
4.35132
4.46149
4.43529
4.40106
4.33700
3.98849
3.93980
4.40589
4.32981
4.32904
4.50856
4.41357
4.33150
4.26211
4.37601
4.34920
4.39693
3.98664
4.46145
4.27250
4.37066
4.37907
4.44481
4.30878
4.22121
4.25803
4.39464
4.44311
3.68080
4.41021
4.34612
4.45820
4.47043
4.43071
4.18772
4.37010
3.98209
4.45672
4.36899
4.12516
2.75800
4.45899
4.40492
4.40418
3.68010
4.45094
4.45235
4.25276
4.43541
4.33004
4.16058
4.38602
3.95106
4.05991
4.14905
4.38274
4.46156
4.30053
4.40495
4.27276
4.42140
2.86058
4.35868
4.24271
4.28047
4.34314
2.42439
4.29848
4.44117
4.46106
4.44276
4.33545
4.46714
4.39145
4.43206
4.33327
3.64003
3.65848
3.51862
2.82748
3.98973
4.11955
4.44251
4.41838
2.85236
4.42366
4.45687
4.38568
4.47429
4.28636
3.33661
4.21541
4.45615
3.92754
4.20379
3.24498
4.51904
4.34951
4.18326
4.08884
4.14544
4.37599
4.47831
4.29587
4.46708
4.47380
4.27807
4.44564
4.40357
3.86009
3.19994
4.39546
4.22823
3.02571
4.48134
4.44488
2.46697
4.01221
4.45105
4.30870
4.41449
4.30867
4.15170
3.92129
4.40248
4.16746
4.36554
3.41040
4.29825
4.34891
4.16106
4.46686
3.57233
3.62042
4.49323
4.33865
4.36599
4.36306
4.22897
4.39235
4.35859
4.42263
3.78001
3.93393
3.77524
2.45685
4.39867
4.36100
4.40470
4.14640
4.34407
2.71772
4.40322
4.42003
4.30375
4.05426
3.64443
3.99965
3.04651
2.24393
4.21917
3.75234
4.08929
4.29810
3.25991
4.26589
4.37673
4.46754
4.30536
3.80205
3.60382
4.40226
4.18525
4.50438
4.26811
4.20774
3.66180
4.40181
4.34968
3.96507
3.94203
3.89407
4.38289
3.98933
3.88598
3.76579
4.33006
4.19103
4.31985
4.42039
4.40694
4.52620
4.39519
4.12261
3.41730
3.84581
4.36095
4.28945
2.92149
4.33398
4.37329
4.46015
4.06320
4.46054
4.35800
4.46932
4.41249
4.41790
4.09262
4.31599
4.39058
4.48885
4.32405
4.50584
4.43574
4.24630
4.32003
4.27995
4.02069
4.26011
4.47913
4.41008
4.30848
4.51560
4.32244
4.20348
4.08741
4.38399
4.01598
3.11975
4.18643
4.24347
4.28194
4.51595
4.41898
4.41779
4.46299
4.28646
4.21438
4.33479
4.34357
4.33378
4.31223
4.40486
4.49426
4.43334
4.34921
3.86962
3.42188
3.96030
4.25325
4.45463
4.37262
3.99230
4.38504
4.42096
3.27469
4.48215
4.31508
4.33590
2.84729
4.42147
3.84891
4.25439
4.31799
3.11021
4.13937
4.18723
4.05693
1.95471
4.36575
4.48664
3.83415
4.33694
4.34710
4.04052
4.46956
3.72950
4.37004
4.51007
4.39870
3.43439
4.34598
4.33752
4.30577
4.24699
4.13924
4.31125
4.37961
4.26862
4.42985
4.00263
3.52942
4.37765
4.47506
4.34579
2.50037
4.26481
4.38023
1.91679
4.47941
3.79199
4.24660
2.92959
3.78495
4.28043
4.31169
4.42916
3.52645
4.39628
4.27679
4.33600
4.44033
3.67559
4.40241
3.02178
4.43527
4.44794
4.08195
4.19999
4.41905
4.35041
4.06760
4.42955
4.09330
3.82808
3.71574
3.69156
4.49875
4.36472
4.38189
4.43596
3.55687
4.42092
4.41720
4.27528
4.35478
4.47385
4.50825
3.86635
4.36509
4.27780
4.38774
4.40770
4.45453
4.33349
3.99723
4.50009
4.45360
3.67320
4.44314
4.34109
4.45877
4.37285
4.41135
4.41887
4.10259
4.13675
4.42423
3.90063
4.32830
4.41403
3.74642
3.99182
4.43121
2.83965
4.31688
4.28288
3.69483
4.39398
4.28158
4.49187
2.95425
4.13747
3.67757
4.16074
4.51272
3.25548
3.97275
4.45868
4.35672
4.28697
3.32901
2.34355
4.27294
4.47808
4.14643
3.96599
4.45500
4.22103
3.86148
4.31072
4.24167
4.02118
4.25882
4.36199
4.32835
4.49933
4.52802
3.68669
2.29141
4.15726
3.97344
4.36998
4.33428
4.43471
3.99429
4.32590
4.05102
3.70970
4.31609
4.09838
4.00666
4.31319
4.51691
4.45660
2.76846
4.43913
4.45759
4.26250
4.03260
3.22737
4.26561
4.29570
4.31873
4.24900
4.13733
3.21242
4.39330
4.11729
4.42871
4.11418
4.33209
4.49304
4.14696
4.39818
3.87377
4.26243
4.41741
4.43052
4.35129
4.40471
4.43438
4.09141
4.10479
4.41881
4.15872
4.18666
4.45038
4.48791
4.25245
4.42019
4.34673
4.19038
4.42137
4.42129
4.10181
4.45529
3.92999
3.99848
4.47303
3.88144
2.75604
4.25126
4.41332
3.90931
4.45234
4.46510
3.69532
4.20088
4.42645
4.50660
4.25322
3.94360
3.73262
4.08056
4.28549
4.17627
4.41920
4.33149
4.47621
3.78604
3.72558
4.39786
4.46445
4.19345
4.52156
4.49429
4.47032
3.99415
4.41606
4.01140
4.36148
4.44156
4.51063
4.33759
4.08524
4.31778
4.15228
4.21337
3.24332
4.41582
3.90957
4.18472
4.43145
3.61159
4.36671
4.05233
4.21686
4.06090
4.47720
4.45420
2.90836
4.21735
4.49222
4.17447
4.39684
4.49120
4.26192
4.43845
4.30010
4.24926
4.43968
4.27083
4.08928
4.03174
4.41194
4.25207
4.34148
4.43420
3.92238
4.22735
4.10615
4.43105
4.16973
4.40366
3.19062
4.39866
3.83219
4.28075
4.35060
4.34867
4.45988
4.34018
3.79038
3.68222
4.10928
3.78334
4.16013
3.10291
4.41907
4.49126
3.39359
4.46252
4.41121
4.43454
4.04126
4.30735
4.09417
4.30014
4.33343
3.62198
4.36667
4.43367
4.46635
4.20590
4.24733
3.87314
4.53556
4.43995
4.11327
2.86066
4.37339
3.81163
3.06401
3.96707
4.39822
4.32234
4.26927
4.29230
3.89163
3.68000
4.25510
4.34473
4.42690
3.64940
4.51949
3.91898
4.00732
4.39833
4.38113
4.23209
4.41732
4.32581
4.44902
3.51811
4.44403
4.40366
2.18487
4.45952
4.43841
4.31912
4.45568
4.29200
4.50139
4.47596
4.30499
4.42837
3.87380
4.43942
4.48466
4.28306
4.10102
4.17337
4.30909
4.31708
4.25149
4.21525
3.95718
4.47372
4.40767
4.38893
4.20331
3.63285
4.47895
4.45051
4.49122
4.52851
4.23142
4.50401
4.38654
4.40589
4.48881
4.05139
4.47680
4.36787
4.47365
4.43616
2.57852
4.39887
4.25462
3.78816
3.63699
4.14355
4.27652
4.45542
4.41432
4.26956
3.95978
4.28104
4.23658
4.49260
3.77256
4.43189
4.45184
4.39094
4.09963
4.42772
4.13689
3.69829
4.08622
3.74894
4.33233
4.42573
4.30307
3.81607
2.75374
3.29211
4.19415
4.42551
3.16609
4.29216
4.19099
4.48157
4.29590
4.45416
4.33296
4.39425
4.42089
4.18025
3.69800
4.37923
4.47290
4.45440
4.43471
4.49627
4.00767
4.34479
3.80308
4.43822
4.48380
4.43908
3.26916
3.99219
3.76056
4.06089
4.49055
3.96850
4.19763
4.41805
4.33656
4.49842
4.10131
4.29246
4.43639
4.51514
4.40776
4.20039
3.72163
3.99640
4.47086
3.85069
3.74156
4.32560
4.43938
4.36738
4.27190
3.75871
4.28008
4.44686
3.92633
4.25161
4.43620
3.53559
4.51721
4.33419
4.44353
4.46297
4.38100
4.44410
4.45540
4.43381
4.15009
4.39823
4.46665
4.49123
4.35976
3.60507
3.74593
4.01157
4.18518
4.45017
4.45432
4.46508
3.64600
4.48677
4.51237
4.14966
4.22404
3.68416
2.66122
4.08472
4.51320
4.46817
4.45013
4.06146
4.31884
4.29884
3.08356
4.47073
4.31342
1.96185
4.31160
4.34466
4.47957
4.41950
4.15183
4.40486
3.87367
4.47172
4.04037
4.18650
4.36438
4.35727
4.27050
4.09534
4.42300
4.47196
2.80402
4.01693
4.13794
4.27433
4.42105
4.37405
3.66393
4.45283
4.20198
4.25454
3.80764
4.47082
4.49740
4.36278
4.42368
4.46710
3.88050
4.48210
4.40402
3.54757
3.91261
4.52134
4.39547
4.05044
4.42653
4.40993
4.38332
4.13175
4.38614
4.41482
4.28803
4.42242
3.96487
3.96102
3.88618
4.14345
4.45787
4.16501
3.92421
4.44014
4.45479
3.59768
3.64360
1.99669
4.46750
4.44607
4.42056
4.42910
4.30958
3.82807
4.41481
4.42087
4.27871
3.99167
4.45361
3.88355
4.48000
4.23513
3.64793
4.42499
4.44224
2.68744
4.38757
4.37549
2.39374
4.41172
3.85414
4.48528
4.36988
2.40566
4.51894
4.36569
2.71069
4.45669
3.54830
4.20858
3.97747
4.08449
3.93709
4.47698
4.34952
4.27367
4.36027
4.36599
4.44340
2.54345
3.30995
4.41921
4.45336
3.81172
4.18209
4.46291
3.86200
3.30525
4.26175
4.03423
3.10109
4.49988
4.34219
4.35085
4.36916
4.43607
3.78977
4.43422
4.39217
4.45145
4.43481
4.30524
2.84711
4.36460
4.40623
4.42512
4.34443
4.48325
4.47669
4.49270
4.15496
4.45082
4.47820
4.15628
4.39984
4.28429
4.35415
4.32458
4.33118
4.45206
3.86991
4.46974
4.41645
4.33739
4.15407
4.40807
4.05375
4.43252
4.19660
4.23013
4.44823
4.39886
4.51895
4.52243
1.93060
4.33227
3.96153
4.44142
4.51124
4.42929
4.43372
4.50455
4.48906
4.28833
2.97615
4.29057
3.89284
4.37782
4.24556
4.43843
4.50669
4.38149
3.83304
4.44883
4.49682
4.45574
3.83159
4.43535
3.63565
4.45046
4.12137
4.36719
2.42185
4.44101
4.52279
3.84973
3.37813
3.68644
1.44680
2.20529
4.41830
4.38303
4.46162
4.39734
4.44703
2.86262
4.09116
4.27265
4.44906
4.24906
3.85415
4.21529
4.12531
4.01090
4.45203
4.50994
4.34750
4.23166
4.12549
4.39619
4.17398
4.40050
4.40306
3.85900
4.51309
4.43070
4.37693
4.48080
4.26450
4.15812
4.23387
3.45108
3.98905
4.43702
4.16600
4.41827
4.45028
4.26908
3.67274
3.98782
4.27252
4.51822
4.33565
4.50072
4.11908
4.50271
4.08812
4.37317
4.30613
4.47209
4.49407
4.47241
4.14276
4.04448
3.65690
4.33576
4.06236
3.58786
4.04866
4.44148
2.41859
4.53843
4.18323
4.45051
4.40753
4.33682
3.87051
4.49008
4.41087
4.28253
4.44376
4.48387
4.37096
4.05807
4.06179
3.83003
4.48674
3.90788
4.48394
4.27632
3.50509
4.44805
4.36556
4.03262
4.23813
4.43153
4.21733
4.04203
4.27703
4.49548
4.36535
4.32002
4.35723
3.86516
4.42376
4.37843
2.89955
3.94417
4.39610
4.43602
4.04640
4.21237
4.42589
4.45702
4.26010
2.68348
4.39130
4.46873
3.82866
4.44151
4.32107
3.69772
4.48914
4.51442
4.40030
4.09847
4.32444
4.38929
4.35000
4.44304
3.71113
4.33397
4.27861
4.22369
4.13973
4.10782
4.34590
4.36123
4.46142
4.28216
4.50426
4.44051
4.42069
4.41407
4.17753
4.03266
4.36264
3.69399
4.11562
4.46408
4.14098
4.03287
4.43864
3.98579
3.92940
4.49034
4.35198
3.53806
4.06341
4.36033
4.29879
4.27611
4.44156
4.39912
3.99999
4.08573
3.45117
4.38701
4.29949
4.32184
2.48998
4.33791
4.48023
4.48859
4.24619
4.11011
3.80300
4.27214
4.46603
3.80853
3.80767
4.42369
4.05708
4.11708
3.95309
3.53753
4.20248
4.35150
4.48446
4.26667
4.27980
4.43359
4.38425
4.24968
4.46800
4.47778
4.33057
4.46440
4.36815
4.15152
4.48237
4.49610
4.01485
3.84161
4.20097
4.03069
4.49380
4.31737
4.18937
4.08162
4.29388
4.02025
4.17525
4.21029
4.42031
4.48612
4.20827
3.87692
4.33304
2.22433
4.14451
2.26230
4.31975
4.40169
4.41257
3.39313
4.27819
4.06571
1.66716
4.40892
4.37212
4.08753
4.36350
4.35149
4.42282
3.59786
4.12982
4.50654
4.33825
3.78262
4.37253
4.46738
4.36218
4.44792
3.70409
4.34218
4.22789
4.27494
4.49656
4.43490
4.27553
4.34773
4.46998
4.51077
3.33691
3.95136
4.47290
4.38678
4.29465
4.38945
4.35595
4.47421
3.74412
4.45678
4.42297
4.46198
4.43692
3.51269
4.40914
4.43487
4.28074
4.23858
4.26239
3.99279
4.24166
4.28763
4.06864
4.38311
4.52828
4.25034
4.36201
4.48068
4.10292
4.28145
4.32563
1.78894
4.45685
4.38500
4.30777
3.08341
3.04980
4.18749
4.47941
4.35224
4.35236
3.76182
1.73899
4.47191
4.33578
3.19461
4.12037
4.37847
4.19127
4.27433
4.31020
4.35602
3.56975
3.47360
4.14903
4.37579
4.18284
4.25058
4.11201
4.43651
4.39037
3.68752
4.39964
3.96776
4.51080
4.42764
4.40696
4.22111
4.40832
4.25934
4.19237
4.29908
4.45885
3.92642
4.41497
4.12749
4.28014
4.28809
3.22031
4.36994
4.47563
4.41889
4.25224
4.30546
3.87662
4.40922
4.46948
4.40095
4.45199
4.44216
4.01667
4.23688
4.12491
3.99717
4.17123
4.46016
4.43468
3.61991
3.95518
4.45015
4.38502
4.48794
4.40470
4.46038
4.49989
4.38326
4.30531
4.39869
4.46464
4.46759
4.48364
4.44434
4.43301
3.99726
4.05952
2.75629
4.46620
4.24368
4.17182
3.06034
4.36921
4.24323
3.89433
3.35425
4.38439
4.40716
3.86775
4.37203
4.01618
4.42054
4.22587
4.31162
3.96038
3.79483
3.55016
4.42240
3.52207
4.31801
4.26158
4.10130
4.26311
4.49777
4.49003
4.47828
4.25150
4.48222
4.32941
4.46438
3.97653
4.21303
4.37527
4.39096
4.30758
4.47920
4.35553
3.65109
4.33903
4.17251
4.38434
3.91193
4.33122
4.25999
4.43486
4.36813
4.23382
3.70654
4.28781
4.38199
4.47811
4.09478
3.29956
3.29435
4.22459
4.02946
4.08317
4.28639
4.32291
4.43939
4.38023
1.99638
4.45891
3.93902
4.32687
4.20453
4.39216
4.28878
4.10312
4.44562
4.39720
4.38637
4.36830
3.79851
2.35698
3.32102
4.20436
4.52140
4.36989
4.31702
4.38126
4.36909
4.47757
3.95598
4.30830
4.44943
4.23654
4.26553
3.94284
4.47394
4.11197
4.05441
2.90862
4.53331
4.45676
4.17104
4.01610
4.47031
4.16306
4.28663
4.21621
4.38700
4.48880
4.20886
4.44859
4.15253
4.44727
4.43427
4.41641
3.83224
4.33868
4.45805
4.34021
3.72121
4.39458
4.36758
4.51117
4.38538
3.74620
4.40020
4.21004
4.23813
4.33572
4.37492
4.50176
4.32362
3.85421
2.80590
4.18593
4.19392
3.89927
4.41582
4.44363
3.78670
4.17349
2.22215
4.13161
3.47694
4.21838
3.92451
4.41533
4.38382
3.41059
3.99213
3.99637
4.45627
4.32129
4.21204
4.44883
4.00025
4.41027
4.03392
4.38797
4.12723
4.47114
4.36115
4.30856
4.30242
4.40723
4.08395
4.24979
4.18770
4.23220
3.87884
4.07586
4.47412
4.20650
4.10784
4.29190
3.09949
4.49842
4.45095
4.28759
4.48621
4.51284
4.23436
4.43080
4.32862
4.42779
4.46094
3.97947
3.99187
4.44728
2.37494
4.42056
4.42828
3.01792
4.46653
3.57956
4.22850
4.45117
3.63518
4.35432
4.09252
4.34660
3.58074
4.31945
3.96965
3.80478
4.12062
3.79520
4.23073
4.33835
4.26228
4.50198
3.81967
4.45040
4.37890
4.35387
4.41518
4.41243
2.99650
4.43743
4.30337
4.24215
4.39233
4.44854
4.50821
4.43967
2.88441
3.77627
3.57774
4.02528
4.38100
3.72821
4.30405
4.37993
4.12014
3.78359
2.85386
3.95209
4.05415
4.40071
3.85641
4.35193
4.40001
4.22884
2.53554
4.45419
4.05144
3.74105
4.41314
4.26074
4.44590
4.46139
4.06825
4.49191
3.53317
4.36552
3.39533
3.19681
3.98188
4.36344
4.02697
4.39765
4.27925
4.46511
4.39234
4.30000
4.09694
4.24530
4.46350
4.49581
4.36526
4.40801
4.44769
4.34473
4.39719
4.42980
4.12289
4.27977
4.20200
4.47887
4.47996
1.28242
4.50492
4.44724
4.19890
4.45849
4.30910
4.46674
4.02463
4.41506
4.34916
4.20979
4.38845
4.43406
4.19348
4.41207
4.20696
4.20307
4.17922
4.14804
4.44123
2.82704
4.24892
4.21734
4.48100
3.89777
4.34090
4.48121
4.38110
4.48753
4.28547
4.38449
4.48191
4.45967
3.92264
4.48008
4.49156
4.29396
4.21984
3.71455
3.78792
4.46354
3.31631
4.41380
4.34539
4.39468
4.48093
4.07336
3.78419
4.36703
4.42909
4.30318
3.60533
3.72170
4.36112
4.30725
4.39954
4.36778
4.39274
4.30085
4.34995
4.46069
3.28425
4.36313
3.74440
3.89767
3.80313
3.27994
2.93026
1.72602
4.47749
4.45451
4.36335
4.31464
4.29936
4.37873
3.49173
3.01647
4.30366
4.46201
4.17644
4.36347
4.47327
4.44805
3.28109
4.15341
4.39871
4.39187
4.43833
4.31728
4.07397
1.76623
4.39990
3.04545
4.45284
3.80763
4.48797
4.11806
3.57475
3.51744
4.42444
4.08694
4.47527
4.43915
4.45348
4.42838
3.94495
4.43384
4.14747
4.40671
3.96853
4.43284
2.40194
2.76454
4.43586
3.30978
4.26205
4.46933
3.79330
4.44409
4.18376
4.35666
4.45664
4.35836
4.32184
4.37502
4.25628
3.99287
3.92151
2.74295
4.35668
4.45962
4.48650
4.39146
4.50247
2.53614
3.68314
4.24817
4.39494
4.27697
3.98451
4.49677
3.55635
3.89973
4.14611
4.36233
3.21222
3.87654
4.46877
4.44709
4.17751
4.24420
4.03541
4.46413
4.34195
4.36300
4.16755
4.43481
3.51884
4.47790
4.29996
4.47436
4.18365
4.25357
4.47284
3.91410
4.34716
4.21138
4.43781
4.14093
4.40006
4.20852
3.61725
4.47498
4.49799
4.47424
4.38945
2.86378
4.12543
4.41275
4.33912
4.40490
2.60202
2.97754
4.39940
4.36776
3.96531
4.32219
4.41768
4.51944
3.72312
2.30441
4.48304
4.29455
4.26560
4.46352
4.44882
4.36963
4.52057
4.50796
4.36544
4.46131
4.46325
4.18278
4.34122
4.03494
4.41705
4.33738
4.21333
4.22325
4.26996
4.45315
3.61834
4.34572
4.37150
4.08282
4.43785
4.29727
4.36990
4.48530
4.47222
3.62169
4.38120
3.35349
4.14112
4.39807
4.40569
4.40722
4.29075
3.84950
3.90768
2.70432
4.26970
4.33072
4.49966
4.13703
4.46936
3.92961
4.51942
3.42634
4.03327
2.87002
4.50843
4.45780
4.18380
3.39192
4.25979
4.34706
4.48158
4.32413
2.58995
4.15995
3.84750
2.81032
4.44053
4.32986
4.43740
4.37633
4.51171
4.26071
4.19871
3.49106
2.96747
3.72647
4.38748
4.46647
4.02202
3.83307
4.17451
4.45161
4.47504
4.48193
4.44427
3.55913
4.22394
3.63978
2.42158
4.51536
4.44709
4.38707
4.37987
4.45284
4.40003
3.86323
3.92635
2.46489
4.01338
3.88426
4.42650
3.63013
4.14245
3.83040
2.69295
3.66665
4.39313
4.41695
4.21935
4.01871
4.07936
3.98644
3.70288
4.06243
4.25177
4.44738
4.31477
4.30344
4.43195
3.74962
3.91360
4.42555
4.45851
2.13379
4.45122
2.99082
4.46036
4.20680
3.90122
4.01584
4.10775
4.07844
4.44434
4.45778
4.11855
4.31583
4.04388
4.27206
3.73307
4.52172
4.37180
4.22420
3.98065
4.42612
4.46863
4.14575
4.42021
3.93479
4.46471
4.40063
4.36037
4.35402
4.16896
4.41104
4.39401
4.33939
3.95195
4.31232
4.42782
2.68445
4.52394
3.96263
4.38880
3.10846
3.90978
4.44562
4.40715
4.39492
4.40015
3.96106
4.46029
4.33928
4.41813
4.45193
3.77013
4.23875
4.15740
4.37104
4.08885
2.96711
4.05465
4.46782
3.06257
4.36702
4.46171
4.35667
2.98841
4.10959
4.37835
4.26778
3.97149
4.26779
4.41574
4.27724
4.11582
2.78590
4.33015
4.46341
4.36430
4.48414
4.51757
4.40649
4.37684
4.42589
4.42002
4.48168
4.45038
4.42915
3.81491
4.38808
4.33734
4.09716
3.88265
4.29268
4.43759
4.51788
4.40125
4.44256
4.43040
4.47909
4.49231
4.43254
3.78776
4.31009
3.98293
4.40515
4.25768
4.29576
4.26801
4.51857
4.08949
4.46253
2.99865
2.30311
4.30641
4.29273
4.35152
3.95526
4.24180
4.39900
4.31239
4.47086
4.45506
4.14758
4.16576
3.88364
4.43620
4.29894
3.60488
4.38501
4.30437
4.41830
4.22097
4.33688
4.39048
4.44211
4.16583
3.81531
4.31717
3.90816
4.45883
4.49191
4.39662
4.14776
4.39361
3.30267
4.26239
3.78931
4.21848
3.48673
3.13037
4.30835
4.34274
3.87621
3.75605
4.48010
4.44369
4.06592
4.14634
4.06089
4.49973
4.43349
4.42392
4.34586
4.29861
4.21429
4.47345
4.01530
4.36773
4.33957
4.34362
4.47934
3.80668
4.40815
2.64575
4.37999
4.44356
4.27102
4.43979
3.86335
2.33334
4.10866
2.96733
4.41020
4.20955
4.14121
4.21810
4.16633
4.25097
3.79421
4.03673
4.47572
4.50372
4.42114
2.88524
4.17754
4.34618
3.88216
4.32472
4.34553
4.11530
4.44068
4.00078
4.32313
4.14073
4.24792
4.34913
3.87884
4.44517
4.47525
4.22711
3.25743
4.39174
4.38213
4.46940
4.36652
4.18373
3.86328
2.93490
4.45306
3.53580
4.35611
4.26921
4.46313
4.37573
4.41902
4.38632
4.33969
4.25706
4.10986
4.27383
4.30563
4.43425
4.45504
2.30412
4.29482
4.34348
2.77040
4.47786
4.35450
4.30999
4.08653
4.22924
4.45492
4.43758
4.36969
4.17291
4.09596
4.15198
4.25686
4.47913
3.71510
4.29120
4.23955
4.45523
4.52652
4.48783
2.51939
4.18308
3.67091
4.48516
4.43745
3.92459
4.18763
4.18823
3.62903
4.44242
4.50216
3.96392
4.36641
4.33671
4.41477
4.45372
3.95492
4.47093
4.45012
4.34416
4.45992
4.03433
4.34590
3.86543
4.38678
4.30649
4.35989
3.98281
4.38184
3.93578
4.36790
4.38149
4.21372
4.45110
4.29175
3.56043
3.74055
4.30677
4.44410
4.33995
4.07107
4.43695
4.12184
4.08642
4.29310
3.85411
4.16901
4.26217
3.79881
4.47385
4.39959
4.36033
4.40692
3.88728
3.04597
4.51938
4.37598
3.92157
3.48465
3.99616
4.53826
4.29785
4.27744
4.24669
4.50290
4.48557
4.16104
4.11770
3.85244
4.20853
4.41805
3.33466
4.41752
4.42887
4.41755
4.36952
3.66141
4.12680
4.35081
4.38382
4.09542
4.36543
4.10010
4.42781
4.04207
4.35902
4.29983
4.08590
4.02253
3.48140
4.40463
4.43900
4.37945
3.67652
4.42973
4.29586
3.93635
4.05877
4.09158
4.34547
4.48936
4.42404
4.43985
4.44050
4.18341
3.23670
4.50619
4.15047
4.51051
4.26784
3.98735
4.46117
4.43242
3.98383
3.67832
4.29064
4.41381
4.32696
4.20175
4.51428
4.09233
4.36740
4.19354
4.34634
2.75645
4.23942
4.30069
3.66172
4.03207
4.41685
3.43734
4.05311
4.21176
4.33535
4.26426
2.86446
4.38206
4.41653
4.41512
4.45349
3.84008
4.45960
4.48919
4.43015
4.43670
3.74674
4.44147
4.27265
4.46593
1.92813
4.49790
4.06000
3.57301
4.12233
3.63666
4.29055
1.37817
3.61512
4.27200
4.28174
4.35822
4.46424
4.41585
3.95056
4.32911
4.48908
4.36341
4.19546
4.49180
4.29656
4.31336
4.25379
4.15716
4.18620
3.82750
4.45155
4.42191
4.22097
4.32415
3.76854
2.39487
4.36801
4.44704
3.68125
4.33352
2.01202
4.45571
4.44515
3.88678
4.40505
3.81896
4.15006
3.93016
4.48182
4.29691
4.27444
4.36350
2.57058
4.29856
4.14153
3.84215
3.99929
4.44000
3.80923
4.45016
4.17919
4.38963
4.42956
4.05380
3.73248
4.12770
4.15270
4.23151
4.49970
4.14222
4.24919
3.97602
4.39886
4.46564
4.10119
4.35462
4.37571
4.46756
4.06710
4.27701
4.33242
4.30796
3.97038
4.44515
3.06215
4.41972
2.80043
4.40333
3.56569
4.39205
4.31408
4.28548
2.44716
4.12303
4.42176
4.24412
3.20234
4.39166
4.09760
2.19623
4.50788
4.30248
3.32093
4.26429
4.17568
4.41761
4.34053
4.48754
3.54782
4.36844
4.43139
4.26040
4.36362
4.37076
3.20166
4.32734
4.04665
4.33064
4.34707
4.39667
3.66899
4.46379
3.87173
4.31427
3.90509
4.30276
4.43037
4.17914
3.24696
3.65505
4.04374
4.44192
4.24148
3.08179
2.79926
4.37395
4.29013
3.91074
4.46417
4.38442
4.41210
4.42429
4.29337
4.30983
4.33323
4.30302
4.05540
4.35170
4.43767
2.80836
4.23672
4.25268
4.36617
3.92563
4.23413
4.41479
4.20975
4.13496
4.49768
4.40527
3.62704
4.31520
4.35880
4.41933
1.49484
4.34482
4.40424
4.29378
3.83909
4.02282
4.43749
3.91141
4.28236
4.35540
3.80385
4.47863
4.28674
4.48936
4.43918
3.49548
4.08438
4.44286
4.41035
4.16815
4.03796
4.15055
4.46755
3.78235
4.34175
4.31870
3.47928
4.21748
4.08012
3.72228
3.66689
4.46035
4.09549
4.26060
4.48512
3.31103
4.47508
3.92281
4.38734
3.90838
4.14915
4.44966
4.29179
4.36390
4.41629
3.67127
4.40962
4.48376
3.41596
4.33491
4.41086
4.29370
4.30442
3.80984
4.33851
4.36255
3.62324
4.40779
4.22487
4.37289
2.30644
3.97091
2.02382
4.50245
2.74330
4.46642
4.16469
4.09742
4.38765
3.60188
4.20385
4.45630
4.09550
4.29176
4.51520
4.41202
3.83742
4.38241
4.18321
4.35093
4.49423
4.30671
4.29775
4.26747
4.18061
4.46322
4.19640
4.23152
4.26266
4.10636
4.42263
4.11781
4.43742
4.39555
4.31987
4.33650
4.47575
3.92945
4.23138
4.17182
4.04590
4.52179
4.09499
4.47622
4.12059
4.29076
4.23744
4.47045
3.23869
4.34832
4.34721
4.44521
3.91326
4.22055
4.40890
4.47305
4.12555
4.43821
4.41311
2.20790
4.22973
4.33687
2.34277
3.91301
4.44023
2.50340
4.48336
4.49401
4.40928
4.43625
4.40862
4.29484
4.08912
4.13493
4.40797
4.05589
4.30130
4.41390
4.52041
4.42588
4.47480
4.40861
4.48209
4.20114
4.16528
4.38498
4.13757
1.59206
4.40274
4.13829
4.31218
3.67503
4.30664
4.38410
4.30705
4.31946
3.86661
3.96190
4.26340
4.40308
4.29934
4.43093
4.44219
4.46339
4.32553
4.47001
3.72872
4.29581
4.33270
4.01208
4.24902
3.77115
3.81476
2.81203
3.64970
2.16382
4.38081
4.44685
2.91939
4.13928
4.41559
4.42084
4.44687
4.32820
4.46011
4.46316
4.43862
4.27732
4.18895
4.13733
4.28056
4.35322
4.22584
4.35683
4.12879
4.43231
4.47610
4.42482
4.45786
4.44565
4.35414
3.54794
3.79415
4.46151
4.36168
4.50053
3.87666
4.13455
3.68859
3.98957
4.00418
4.38881
3.35596
3.72647
4.07413
4.22733
4.39905
4.29411
3.28752
3.56739
4.35260
3.45550
4.35102
4.40594
4.13563
3.29829
4.41264
3.83983
4.45327
4.15295
4.42535
4.47770
4.02289
3.87588
4.11664
4.47964
4.46710
4.33918
4.47717
2.46919
4.41036
4.32011
3.93437
4.17881
4.36950
4.03918
4.35221
4.26861
4.23782
2.95512
3.84507
4.22096
4.39086
4.26810
4.24771
3.33828
3.77559
4.48695
4.30583
1.93602
4.49971
3.94275
4.40344
4.43236
4.32705
4.14362
4.48476
4.17237
4.38094
4.49450
4.43698
4.32929
4.38519
4.47155
4.48283
3.65812
4.13151
4.43417
4.26265
4.37392
3.73149
4.16218
4.36021
3.99222
4.48892
4.34584
3.76955
4.41541
3.81568
3.85971
4.27734
4.47851
4.48727
4.31662
2.93264
4.49095
4.41298
3.93183
4.26720
4.44484
4.35520
4.13680
4.43697
4.25601
4.07522
4.39973
3.89436
4.47197
4.47523
3.91772
3.96377
4.49042
4.44652
4.26697
3.70685
4.41304
4.29232
2.96587
4.38212
4.45041
4.32191
4.36026
4.09471
4.44168
4.11416
4.13335
4.42665
4.19759
2.14344
4.23919
4.46716
4.06239
4.45315
3.76070
4.19571
4.38339
4.00412
3.61682
4.30649
4.47887
4.23730
4.32981
4.21736
4.06283
4.42564
4.15907
4.46211
4.39749
2.14886
4.20437
3.30804
3.56045
4.39864
4.49087
4.46199
3.84594
3.92108
4.38890
3.09201
3.90432
4.47917
4.25483
3.14789
4.48199
4.34271
4.05303
4.41464
3.14149
4.44542
4.26418
4.32095
4.42580
3.45704
1.89002
4.43554
4.36147
3.66920
3.94400
4.29329
4.08452
3.51768
3.88382
4.44893
4.22956
4.39073
4.30518
3.95895
3.91418
4.50031
3.80336
4.51244
2.89018
3.65729
4.42207
4.21378
4.09124
4.37565
4.29230
3.87079
4.44471
4.41450
4.32987
3.98259
4.23897
4.14629
3.67820
4.39651
4.25799
4.32005
4.37026
4.49081
4.04841
4.05062
4.00402
4.39519
4.45286
4.43075
4.23987
4.40508
2.49360
4.44464
4.35813
3.92069
4.28644
3.43847
4.22437
2.82156
4.19204
4.15664
3.86957
4.42841
4.43481
4.33820
3.33603
4.38178
3.77774
4.36518
4.40945
4.23436
3.30195
4.44651
4.51409
4.11913
3.88031
4.41449
4.50471
3.18089
3.94227
4.44569
4.21747
4.34109
4.04014
4.09963
4.13295
4.11338
4.29949
4.30726
4.09534
4.50274
4.25413
4.15465
4.44930
4.43039
4.40937
4.17578
4.02454
4.45819
4.51339
1.97909
4.40741
4.39370
4.40501
4.27315
4.41163
3.90896
4.39928
4.23099
2.44373
4.44816
3.91631
3.78479
4.48214
3.83684
4.38371
4.40777
4.30519
4.33795
4.40236
4.39762
4.22755
4.31958
4.44916
3.90988
4.14347
2.39809
4.05359
4.49951
4.24614
3.95554
4.44054
4.00328
3.88055
3.82478
3.53630
4.42972
4.10243
4.44654
3.58349
4.46347
4.31530
4.15132
4.34155
3.92376
4.31606
4.22291
4.44119
4.36490
4.12400
4.22583
3.51441
4.22484
4.32583
4.38804
4.01048
4.50075
3.75171
4.33638
4.38137
4.32668
4.40869
4.39920
4.10184
3.69546
4.30140
4.14501
3.84685
4.04906
3.96254
3.66394
4.08054
4.38242
4.16145
3.57305
4.43826
4.12108
3.00949
4.09723
4.46463
4.03026
4.01321
4.03620
4.44916
4.49456
4.45059
4.32633
4.31699
4.18296
3.92857
4.22748
4.46746
4.34598
4.32463
3.28921
4.10661
4.07017
4.29409
4.45314
4.42321
4.14156
2.63246
3.96423
4.09220
4.47311
4.18996
4.30965
4.42871
4.42656
4.15930
4.39458
4.51723
4.51480
4.18110
4.38092
4.25334
4.41415
4.45920
4.39093
4.03937
4.40408
4.18078
4.28778
4.29426
4.37350
4.44236
4.19292
1.83143
4.48078
4.30155
3.33998
3.15819
4.29129
4.15178
3.60271
4.43221
4.16435
4.42342
4.39555
4.18922
2.71861
4.35835
4.45149
4.16231
3.90181
4.46447
4.17013
4.47634
3.63422
4.48707
4.11499
4.27780
4.45189
4.20603
2.94593
4.37397
4.40679
4.32713
3.85377
4.26414
4.34447
3.83979
4.23334
4.50007
4.48976
3.68940
3.68495
4.34936
3.97745
4.48260
4.43942
4.44939
3.63176
4.36552
4.38434
4.30729
4.35512
4.48935
3.96659
4.17405
3.38594
4.39826
4.45482
4.15981
4.41627
4.38443
4.36063
3.95090
3.32588
4.43111
4.42693
4.47686
4.40681
4.49001
4.38618
2.44341
4.41827
3.60315
4.46515
4.11294
4.06353
4.05819
4.42592
4.48105
4.31064
4.20168
4.39721
4.44835
4.14992
4.44310
4.23896
4.35586
4.50662
4.36041
4.11279
4.27893
4.39116
4.46535
4.32525
3.95514
4.50873
4.17225
4.29878
4.14689
4.30205
4.44960
4.37549
4.38977
4.28013
3.99001
4.39806
3.55634
4.31807
4.12223
4.36322
4.26267
4.06161
4.47006
3.95397
4.52266
4.45636
4.35096
2.98785
3.93587
4.38899
4.37635
4.39300
3.59721
4.43153
4.43615
4.48476
3.61709
4.36288
4.46096
2.12166
4.46467
4.02631
4.43334
4.22264
3.56560
4.26412
4.02360
4.39777
4.35178
4.38014
4.33166
4.33475
4.48339
4.51437
3.93205
4.30900
4.37887
4.25323
3.94459
2.29755
4.29611
4.49233
3.68659
4.48948
4.13916
2.79036
4.28391
4.02371
4.09274
4.42999
3.96829
3.91595
3.85192
4.02516
4.37190
3.68437
4.31222
4.40997
4.42033
4.16416
2.48831
2.92318
3.06687
4.38226
4.24077
4.19340
4.42122
3.39655
4.13969
4.37658
4.36963
4.08979
4.47550
4.18643
4.46017
4.53036
4.41941
4.42941
4.39914
4.43413
4.29500
3.61952
4.27350
4.06921
4.43890
3.26829
4.34985
4.40814
4.12425
4.26372
4.48180
4.25186
4.25148
4.38015
4.36991
4.42833
4.37854
4.18728
4.34382
4.46559
3.63730
2.22800
3.83017
4.42688
4.17897
3.37782
4.35645
4.29340
3.81870
4.30429
3.47046
3.39174
4.38804
4.39564
4.38615
4.46797
3.26491
4.43726
4.35021
4.44939
4.40552
4.35514
4.21218
3.81589
4.39352
4.44047
4.42941
4.33200
3.95113
4.39197
3.90031
4.40221
4.13454
4.51757
4.41241
4.41797
2.26285
2.96883
4.50991
4.24909
4.29136
2.66936
4.36178
4.36622
4.33582
4.43939
4.48101
4.42044
3.95152
3.04883
4.44001
4.34145
4.39250
4.44228
4.10369
4.38632
4.39187
4.40211
3.84506
4.35360
4.45095
4.24200
4.21806
4.15173
4.40534
4.39471
3.72122
4.16481
3.41959
4.22188
4.40345
4.49452
4.42432
4.29965
4.03337
4.49312
2.96243
4.39972
4.18451
3.87206
3.32535
4.34655
4.47979
4.48032
4.33985
4.40058
4.44269
4.31607
4.05193
4.05317
4.39792
4.28006
4.32866
4.45225
3.66513
4.32681
4.20141
4.12679
4.31924
4.46898
4.41420
4.40294
3.86848
4.29954
4.46511
4.36133
2.47303
4.36791
4.41700
4.43592
4.54418
4.23152
4.23984
4.04388
3.86653
3.98888
4.16120
4.40256
4.43373
4.48327
4.37864
4.43547
4.08191
4.36708
4.43542
4.17930
4.39438
3.48328
4.44410
4.25535
3.75725
4.46890
3.77102
4.41441
4.02842
4.48541
4.33007
4.03609
3.96808
4.43252
4.43583
4.52753
4.23674
4.33414
4.37171
4.48345
4.46730
4.30308
3.40209
4.32973
4.29668
4.43654
4.22027
4.24809
4.53716
4.35997
4.41962
4.47871
4.44637
4.26409
3.43059
4.44659
1.98517
4.38520
3.53293
3.68150
2.81219
4.05398
4.43324
4.02263
4.32572
4.46387
4.31145
4.17582
4.43378
4.36462
4.46781
2.36008
4.26244
4.32370
4.44132
4.41407
4.48456
4.33525
4.34984
2.78498
4.43500
4.41111
4.50461
2.47415
3.21882
4.47874
4.16896
4.37687
3.34154
3.51420
4.21453
4.27471
4.07437
4.31471
4.22868
4.42121
3.53712
4.03884
4.40459
4.37065
4.43206
3.50305
2.10512
3.95275
4.14852
3.34774
4.28887
4.25318
3.55944
4.29231
4.20581
4.41683
4.36968
4.32863
4.33798
4.50406
2.99857
4.47086
4.50013
4.14354
4.29324
4.45034
4.48382
4.29364
4.33466
4.43062
4.41231
3.55280
4.36633
4.37328
4.37963
4.26963
3.61123
4.48634
4.34569
4.19047
3.50521
4.35749
4.03394
4.02728
4.53798
4.33262
4.47050
3.87453
4.16642
4.44073
4.44160
4.45074
4.45088
4.17121
4.09256
4.35844
3.89718
4.30634
4.46168
4.40453
4.34095
4.25363
4.40969
4.47668
4.29722
4.11364
3.76039
4.22689
3.41781
4.41823
4.41354
2.56915
4.07120
4.00156
4.46200
4.26970
2.34903
4.08099
4.23542
3.76129
4.45996
3.85532
2.74436
3.92051
4.00230
4.34267
4.37775
2.54836
4.21797
4.32027
4.47472
4.01195
4.44421
4.46180
4.27668
3.92919
3.76513
4.06848
4.28442
3.64912
4.14390
4.34877
3.45638
3.68995
3.26177
4.52398
4.35909
2.58154
4.44329
4.45401
4.31173
3.51485
3.53393
4.21433
4.06414
3.75615
4.38219
4.20990
4.49598
4.46745
4.38275
4.40872
4.49854
4.44697
1.43343
4.38768
4.45788
4.19758
4.46782
4.04487
4.47143
4.47889
4.35996
3.08381
4.31845
4.34224
4.08776
4.45454
4.48644
4.49634
3.42581
3.88044
4.45942
3.58695
4.28137
4.49269
4.00307
4.33828
4.38120
3.89705
4.39166
4.41902
4.47119
4.37181
3.12308
4.34525
4.49939
4.20085
4.40918
4.34127
2.20806
3.44069
4.21612
4.40602
4.30354
4.34541
4.50216
4.43847
3.26743
4.16730
4.34358
4.38485
4.50659
4.42513
4.30380
4.21075
4.47250
3.88748
3.51671
4.43993
3.37619
4.18765
4.27779
4.47323
4.37177
3.69635
4.34956
4.46847
4.43318
4.30581
4.31431
4.35494
4.38042
4.01466
4.41214
4.45799
4.38323
4.34700
4.37861
4.48123
4.44581
4.42945
3.97630
4.11122
4.42294
4.42202
4.47148
4.42219
3.10908
4.43327
4.41176
4.49228
4.39240
4.48170
4.40899
4.48809
4.27491
4.44322
2.50585
4.42957
4.46339
4.13572
4.02171
4.46502
3.67003
1.94148
4.38506
4.43912
3.82881
3.54941
4.40760
3.65385
3.95068
4.38634
4.09294
4.19951
4.40529
2.18063
3.58543
4.26747
4.39883
4.48603
4.24500
3.67763
4.30756
4.38307
4.43115
4.29005
4.41532
3.64895
4.46620
4.51572
4.49129
4.45708
4.46040
4.09977
4.39893
4.29040
4.35029
4.45071
4.44129
4.39045
4.27192
4.44726
4.20108
3.30204
4.41030
4.42826
4.42250
4.19858
4.37215
4.39605
4.37982
4.40084
1.60467
4.28417
4.47693
3.86906
4.16010
4.50007
4.30089
4.45637
4.49488
4.31417
4.31117
4.33923
4.34681
4.09903
3.81920
4.44628
4.29352
3.83511
3.70851
4.47780
4.42135
3.73403
4.26723
3.84815
4.50179
3.92743
4.45250
4.45587
4.15186
3.34706
4.30224
3.61396
2.62255
4.25348
4.43114
4.43744
4.09864
4.41063
4.44089
3.89557
4.45673
3.97575
4.41749
1.56628
4.46181
3.55096
4.43843
4.03812
3.88343
4.36854
4.27014
4.32568
4.25000
3.86377
4.34095
4.44227
4.47131
3.75056
4.39024
2.49080
4.18462
4.19432
4.25447
3.82055
4.05308
3.24837
4.20387
4.21128
3.20356
4.28198
4.25323
4.43581
4.46428
3.31339
3.18651
4.33710
4.25665
2.51487
4.39816
4.25672
4.04288
4.34309
4.29365
4.37892
4.35243
4.46929
4.42198
4.48915
4.38447
3.94314
4.37625
4.53396
4.32284
4.42639
3.66390
4.33658
4.30506
4.29819
4.25653
4.47998
2.04521
4.41686
4.30846
4.26428
3.77547
4.45751
3.79032
4.52595
4.45619
4.14449
4.25532
4.50060
2.88966
4.07742
4.00827
3.91553
4.35110
4.44783
4.46547
4.07060
4.39012
4.04183
4.48473
3.10750
4.23305
4.12227
4.16437
4.43400
1.76594
4.07179
4.29797
4.27757
4.12168
4.38366
4.42628
4.32488
4.47624
3.97201
4.43196
3.47844
4.45970
4.02841
3.99916
4.40740
3.84336
4.19918
4.10692
4.49248
4.29667
2.93366
4.30156
4.40163
4.13770
4.37422
4.51340
4.28488
4.33759
4.46491
4.47705
4.37639
3.79750
3.68975
3.70296
4.38341
4.00976
4.18043
3.97573
4.34349
4.04289
