2.78768
3.05868
3.64155
3.68804
0.59492
3.67881
3.69301
3.72619
1.55126
3.18330
4.01562
3.84243
2.29328
1.50552
3.19067
3.48733
2.57823
3.87665
0.77128
2.10292
3.47691
3.16468
3.25038
3.80759
3.44620
2.40662
2.06839
1.92552
3.66447
3.68199
1.11411
3.11928
3.59584
3.60285
3.46882
3.53714
3.53407
3.92088
3.95132
2.48479
3.45398
2.43514
2.30039
1.98689
2.38861
2.58672
3.60518
2.82180
3.84718
4.02701
4.08347
3.75149
0.56156
3.93081
2.57304
3.93239
2.41261
1.38120
3.66842
2.76142
3.71357
3.36444
3.33431
2.93157
3.41496
2.77193
3.50498
3.13358
3.50505
2.43453
3.92576
4.09692
3.76213
3.36165
3.05324
3.37822
0.59908
3.86838
3.57886
3.08623
1.70048
3.69877
1.33622
3.20396
3.69155
3.00909
3.32496
3.23999
3.65778
2.51563
3.39261
2.51293
3.96692
3.38389
2.82971
3.83272
3.90421
3.93858
3.51025
3.78815
3.75650
2.21439
3.84227
3.02555
3.67391
0.39785
0.49931
1.39705
3.87888
3.64793
2.16282
3.23339
3.97658
2.54882
3.10159
1.73100
2.56912
3.37704
3.48928
1.13247
3.30023
3.95041
3.41261
3.38775
1.59810
2.55732
3.81544
3.63482
2.81165
3.72437
2.86402
2.17857
3.25472
3.41444
3.73184
3.17292
2.60863
3.85826
1.92631
0.97648
3.36569
3.07992
2.47167
3.67626
3.64285
1.78482
3.49156
0.57251
3.50499
3.53616
3.22413
3.84047
3.40702
3.12327
3.82042
3.92848
2.61532
0.21850
3.58159
2.73077
3.92507
2.83691
3.28878
3.53436
3.89418
2.83859
2.54006
3.93449
3.53151
3.11935
3.40894
3.92610
3.82183
4.05360
2.35974
3.14229
3.68066
1.97632
3.10967
3.36765
2.47438
3.67115
3.25965
3.48668
3.82033
3.85614
4.05678
2.66190
3.22540
1.92649
2.79819
3.37131
3.74167
2.14031
0.79805
2.12712
2.99796
3.28021
3.11029
2.51632
2.45420
3.55428
1.75781
0.74117
3.81313
3.25243
3.68734
2.53507
3.58968
4.09913
2.55391
3.60447
3.73885
3.41385
3.63029
3.36716
3.24597
2.27251
3.73668
3.02172
1.15849
3.43105
3.39674
3.96569
3.95174
3.36897
1.45588
0.96449
3.84303
2.49633
3.85899
2.47942
3.18248
2.15582
4.01010
3.34836
4.05870
3.62274
0.35872
3.07726
0.75443
1.45596
3.89831
4.02987
3.52247
2.72241
3.46240
4.19265
3.74384
3.01055
3.54830
3.03305
3.80642
3.54636
3.44352
3.81340
3.39863
3.88153
3.56029
2.60343
3.04602
2.08587
3.35714
3.52621
3.81356
4.10009
2.91397
3.73167
3.34043
3.00505
3.52361
3.84726
3.05328
3.30497
3.53357
3.75186
2.16994
3.69400
2.04804
1.78027
2.96250
1.90167
3.93794
3.44549
2.24170
3.78790
3.02735
3.90377
3.21044
3.64809
3.42632
3.63575
2.53037
3.43670
3.19249
3.16645
3.46132
3.55046
3.16033
4.00989
3.59457
3.52294
2.76287
3.75066
2.61572
3.59126
0.69668
3.70412
3.86220
2.96945
3.77609
2.91917
2.11776
3.25355
3.24769
3.96948
3.99510
3.76219
2.71784
2.64657
2.17775
3.78839
3.91717
1.43888
3.32134
3.66355
3.67881
3.23379
2.58775
3.99740
1.88814
3.77444
2.37771
3.29759
4.01783
0.83364
1.93027
3.75110
2.83302
3.14823
3.48205
3.86742
3.08924
2.08344
2.84751
3.49469
3.32140
3.69510
3.64487
3.72316
3.55067
3.90850
3.72638
3.01179
2.41771
3.85890
3.30056
3.66104
3.80756
3.67410
3.44455
1.76310
2.99205
1.11110
3.22364
3.06236
3.60381
3.49680
3.89565
3.80312
3.31384
0.51464
3.98327
3.26176
2.55361
3.82296
2.59318
1.24463
0.46638
3.62007
3.87794
3.11211
2.18282
3.73945
1.96826
3.66288
3.51667
2.39700
2.98700
3.32070
3.61196
3.68968
3.84372
2.18435
3.92884
3.59423
3.90715
3.43918
2.36362
2.72625
3.93875
3.79182
3.88495
3.83710
3.94136
3.73715
1.50781
2.67844
3.96542
3.52792
3.80559
3.99472
2.08702
4.11377
4.06924
3.86306
3.93644
3.26599
2.76695
3.20263
3.95452
3.78768
3.74269
3.29124
2.27786
1.85323
3.72911
3.45965
3.40767
3.60457
3.23304
3.28857
1.86651
3.53979
3.83487
3.63994
3.35074
2.56875
3.58085
3.97105
2.93954
3.68117
3.87433
3.18439
3.57763
2.20668
3.52888
3.75299
3.39944
3.01322
3.27951
3.41836
3.07495
2.75357
3.99092
3.18495
3.56342
3.75152
3.43006
3.54467
2.91147
1.01815
2.44809
3.67510
2.14286
3.56758
2.75351
2.25913
2.20232
3.59596
3.33715
3.67391
3.38435
3.39971
3.41274
2.61782
3.41818
3.20235
3.88365
2.89004
2.54621
3.63820
3.62964
3.77231
3.48501
2.87913
3.52346
2.70324
3.82475
3.39532
3.48059
1.35993
3.50630
3.74144
3.53116
3.40150
3.79000
3.66806
3.55080
1.84229
3.55090
3.28304
3.95703
3.32297
3.59163
2.49319
3.28787
3.88552
1.44925
2.65918
3.52570
3.80595
3.40062
3.39812
1.11255
1.17118
2.01182
3.58989
1.99062
2.25883
3.49929
4.17566
4.09038
3.69576
1.18963
3.73169
1.52747
3.06869
3.26261
3.07407
4.25439
3.03292
0.99850
1.04865
3.44613
3.11322
3.24707
3.68188
3.53113
3.84687
3.76467
3.50038
2.92912
3.25130
3.48297
2.96611
2.37973
3.79949
2.30022
1.88031
2.10657
3.86352
1.38962
3.82759
2.90104
3.18745
2.25080
3.11797
3.46897
0.82957
3.84641
3.77450
3.03259
3.39833
3.74403
3.34542
2.86007
2.91327
3.32101
3.88702
3.72603
3.53660
3.77158
3.18837
3.34009
3.18927
3.84313
3.33768
4.10240
2.44352
3.60035
3.28970
1.86019
3.34595
3.02250
3.16077
2.84174
3.32367
3.65187
3.86787
3.72768
2.30930
3.43107
1.72632
3.27797
2.98897
3.92099
1.99258
3.35245
3.73715
3.94930
1.43267
2.66271
3.78444
3.85955
3.27738
3.71703
3.75128
3.57460
2.29606
2.97369
2.96419
2.57433
3.48162
3.03021
2.93872
3.76122
3.39010
1.46465
3.14192
3.35544
2.55037
2.11261
3.81886
3.58698
3.75522
2.44152
4.08974
3.15043
0.50448
3.91357
3.56543
3.47290
3.76151
1.81840
2.82198
2.97932
3.80424
3.55792
3.42650
3.96754
3.52005
3.68422
3.08803
2.98667
2.60680
4.08723
0.19981
3.06059
2.58739
3.63671
3.94812
2.71717
3.52406
3.84982
2.62971
3.50832
3.90796
3.87047
4.03103
3.38982
3.71329
2.62919
3.93456
1.92348
0.00770
3.21016
3.62093
3.58956
3.57251
3.32891
2.19315
2.29092
3.60492
4.13588
3.12618
3.68935
3.45530
4.06953
3.21231
3.72800
3.67715
3.65425
2.23038
3.16036
3.86347
3.16694
3.63723
3.50849
3.67759
3.33753
3.63828
2.59178
1.90715
3.77447
3.68226
3.64400
2.60361
2.29214
3.56408
3.01455
3.44532
3.68788
3.73937
2.99291
2.82214
3.14740
3.34251
3.80625
3.19805
3.70354
2.53138
3.74110
3.57947
0.99285
2.93366
3.57454
3.80218
3.15280
3.14500
3.97133
2.05286
0.94971
3.79369
3.88813
2.27320
3.06921
3.83540
1.52660
3.59002
3.21762
3.65249
3.90126
3.27274
0.30980
3.08537
2.89864
3.64272
2.76513
3.69058
3.23222
3.83274
3.56463
3.87046
3.43329
3.19472
3.96240
3.00917
3.69377
0.56314
3.55012
3.56616
3.02798
3.23924
3.64210
1.83397
3.78447
3.75559
3.70095
3.34682
3.85720
2.81615
3.19047
1.48580
3.84199
3.26592
2.48390
4.07179
0.86971
3.63649
2.33481
2.69796
1.84425
3.59700
3.39378
3.86618
1.48324
2.94049
3.65824
3.50647
1.90036
3.80966
4.03532
3.72493
2.13180
1.46090
2.31778
3.45125
1.39909
4.03413
1.80377
3.76262
3.41716
3.24811
3.76640
3.76678
3.13168
3.43333
2.63896
3.87831
3.15085
0.93004
3.04326
3.90126
3.21423
2.09615
3.44722
1.67412
3.99355
3.17845
3.17829
4.01363
3.73548
2.09073
3.26416
2.95632
2.70296
2.54010
4.02127
2.25243
1.18315
3.70371
3.27635
3.65393
3.20497
3.24077
1.67757
4.03174
3.69750
3.85773
3.19797
1.61625
3.77150
3.20383
3.79068
1.70669
2.75585
0.82364
3.86834
1.68006
3.71093
1.50623
3.28677
3.82591
3.69180
3.57338
3.94064
3.82860
2.66675
3.91224
3.23253
2.52512
3.86864
2.02947
3.77977
3.52562
3.50742
3.81736
3.88706
3.71731
3.80338
2.26520
1.81393
3.53766
3.07427
2.83369
3.69886
3.55257
1.58995
3.08593
3.89544
3.16683
3.49011
0.51766
3.15946
3.21710
3.90603
3.96088
2.28107
3.84586
4.09890
3.53222
1.78249
3.29674
3.04377
3.32615
3.65926
3.06630
3.49590
1.97692
2.70335
2.75680
3.57806
3.83215
1.52380
2.75500
1.69443
3.99442
3.18508
3.13622
3.34602
3.89559
3.88633
2.99994
3.05153
2.29111
3.42468
3.74026
2.08038
3.42656
3.29388
2.94497
3.14199
1.97000
2.17883
3.85063
3.89486
3.98481
3.84529
3.52355
3.99450
3.66631
3.48169
2.86526
2.71399
3.51365
3.51992
3.51667
3.72983
3.64242
3.23948
1.08160
3.89029
2.66716
3.68082
0.18177
3.92582
3.49342
2.02209
3.41643
1.65936
0.59902
2.02080
2.74283
2.42317
0.78741
3.21642
3.71204
3.41755
3.45806
2.89816
3.65753
2.07776
3.63697
3.44088
3.25366
2.32404
2.97691
1.50810
3.37594
3.72242
2.33936
3.11980
3.51402
3.10173
3.40700
2.12631
3.16423
3.12789
3.64854
0.58691
3.30743
3.87318
3.01195
3.09530
2.68214
4.07016
3.47249
1.86273
4.16262
3.64205
2.64498
3.47714
3.31494
3.29746
3.49815
3.33348
3.87331
4.14723
3.67366
2.49715
2.92713
3.52986
3.04244
3.63735
3.97074
3.75432
3.39736
2.03807
3.94043
3.86613
1.40385
3.36315
2.68077
3.64715
4.08631
3.07668
3.74379
1.15956
3.64567
3.77580
4.12655
3.80322
3.83688
3.59459
2.98877
3.45768
3.98631
3.10477
3.72729
3.79262
2.23144
3.82262
3.48992
1.81876
2.94645
3.04371
0.96080
3.96114
2.89182
3.46280
3.66361
2.75323
3.48056
3.54058
3.37923
2.54827
2.84959
3.12340
2.02040
3.72607
3.93978
1.77035
3.58779
3.00275
3.23866
3.61641
3.65217
3.48698
2.23290
3.70689
3.61079
3.05059
2.30661
2.97445
3.73890
1.93368
3.55429
3.70679
3.87705
3.86183
3.70945
3.46451
3.11634
2.30575
3.66152
2.20405
3.64501
3.28762
3.13010
2.99721
3.54960
3.68286
2.87111
3.75258
1.89812
1.95090
3.26566
2.25801
3.93975
2.99152
3.81598
3.44702
3.57592
3.58389
3.62810
0.77475
3.20158
3.43507
2.73491
3.62024
3.74902
3.93433
2.59029
3.76622
2.26877
2.95051
1.28681
3.82887
3.51556
2.92444
3.71333
4.09677
3.47816
0.10338
3.70015
2.37860
1.21250
3.35545
2.25666
3.58797
3.12883
3.68578
2.34147
3.53151
1.91847
3.08946
2.89014
3.97904
3.94087
3.54814
3.30154
3.34716
3.89770
3.37639
3.83064
3.75433
3.57635
2.88661
3.42342
2.82547
3.38376
3.68902
3.66237
3.39448
3.40338
2.20221
2.61726
3.87603
3.63153
3.58032
2.81801
2.35601
3.78134
1.93813
3.13873
3.12634
3.17800
3.47569
3.36689
3.75316
3.57634
3.42894
2.50752
3.65321
1.93020
3.93601
1.38093
2.15556
3.06003
3.95757
2.49807
3.68186
2.71472
3.11022
3.58904
3.47185
3.15004
3.80303
3.43782
3.86019
3.25183
3.73074
2.82524
3.32959
3.99053
3.77393
3.28824
0.36679
3.60131
2.72274
2.42478
3.60574
3.43600
3.88412
3.12322
3.48144
4.04537
3.12670
3.44388
3.74048
3.18893
3.55107
1.71306
3.13632
3.33986
3.14047
3.40497
1.99654
3.04536
3.45669
3.93207
3.85342
3.48748
2.76810
2.10833
2.74476
3.75284
4.01177
3.00533
3.57260
3.71633
3.50514
1.77617
3.15375
3.59790
4.02017
3.56670
3.63174
3.63584
3.83975
2.16935
2.63618
1.09842
2.75268
1.34958
3.49276
3.27807
2.10503
2.15510
3.66026
3.69867
2.23559
3.29192
3.22170
2.68731
1.55937
2.40376
3.15451
3.88149
3.47565
3.97700
3.31670
3.85094
2.61287
2.75477
2.50920
3.58398
2.76016
2.92415
3.58179
3.14034
3.56550
3.83822
3.17220
2.05005
3.42207
3.35087
2.16522
3.96036
3.44024
3.09853
3.37560
3.84175
1.14514
1.75021
3.57444
3.94364
2.85600
1.55220
2.91672
2.80849
3.07566
4.02972
3.54555
3.64485
3.78342
3.54481
3.58021
2.43811
3.82505
3.97000
3.59521
3.92866
3.28901
1.82144
2.70560
3.89360
3.29474
3.48901
3.62223
2.98709
3.76233
2.64638
3.47224
3.16334
3.31406
3.91229
3.25231
3.50335
3.96630
3.58890
3.69903
3.12933
3.84373
3.91319
2.56371
3.06251
3.00062
2.22173
3.30463
2.96874
3.54697
3.40626
3.11557
3.72238
3.71352
1.10795
2.24967
3.83535
3.34682
2.15461
2.85572
2.22787
1.29896
2.91563
2.95841
2.74575
3.95518
3.37745
3.18026
3.09422
3.50505
2.74326
4.07218
2.23998
4.02667
2.71945
3.31094
3.99183
3.82606
0.77674
2.16690
3.76570
1.34814
3.55856
3.82092
3.04087
3.45814
3.31550
2.76423
3.65357
3.86838
3.89276
1.31448
2.11832
3.48146
2.61821
3.68505
3.59077
1.98434
2.51848
0.20151
2.31997
1.17343
3.36026
3.94725
3.73837
2.49995
2.25716
3.50655
3.81636
3.41528
1.15923
3.32407
4.06187
3.42122
3.67747
3.59994
3.78689
2.34903
3.30772
3.48686
3.76367
3.26857
3.31351
3.88857
2.99368
3.71679
2.38084
3.67850
3.90501
2.79202
1.10273
3.89949
3.14311
3.08566
2.94043
2.81035
3.86435
3.67363
2.50201
3.78677
2.99148
3.11848
3.39447
3.75872
3.33658
4.01038
3.23147
3.59780
3.24629
3.89576
3.83750
0.93565
1.24833
2.02480
1.90767
3.86125
2.96278
3.39939
3.52419
3.61196
3.83621
3.60826
3.52465
3.64322
3.32709
2.84054
3.56603
3.72313
3.57154
3.33834
2.75353
1.23166
1.59173
3.43456
3.14357
1.74733
3.47602
3.92174
3.31083
3.53884
3.66604
3.41966
2.78660
3.22004
3.01743
3.70838
3.68871
3.53982
3.40132
3.93438
4.00827
3.66727
3.37011
1.46455
1.44500
3.36588
3.11760
3.75108
2.86444
3.76825
3.52513
2.54076
2.62340
3.06240
3.43217
3.57162
1.35807
1.01488
3.28467
2.38658
2.59027
3.86347
2.79346
3.83207
2.67486
2.49256
3.68620
3.14689
3.65915
4.04075
3.59275
3.97266
1.75959
2.86232
2.95684
3.02874
3.15362
3.91940
3.49358
3.73581
3.52427
2.65753
1.96721
3.45923
2.47646
3.82544
3.91440
3.06249
2.77515
3.46812
3.97393
3.73505
3.53033
3.15195
2.71318
1.87073
3.58729
3.55203
3.79533
3.48690
3.37976
2.12057
3.61039
3.05404
3.60567
3.25436
3.37104
3.50987
3.88406
3.69854
4.02803
3.91254
0.82309
3.53422
3.91849
1.73618
3.57029
3.90568
3.62956
4.16494
1.50499
3.48112
2.49418
3.07058
3.30882
3.79879
2.01059
2.79051
3.22634
3.63745
2.61290
3.23232
3.41189
2.46206
3.76227
3.28311
3.81224
3.58394
3.25011
2.67069
3.58642
1.86431
3.47408
3.52297
3.85325
3.45295
3.56566
2.51832
3.65202
2.94954
2.71966
3.39297
3.55209
2.20630
3.77851
2.19051
3.37119
3.86798
3.55776
3.90705
4.00986
2.24622
3.63390
2.97879
2.41782
1.83778
2.67656
2.59339
3.45819
1.59443
3.60276
3.69794
3.55202
3.51034
3.64913
3.77184
1.87673
3.72654
3.79876
2.05320
1.50408
3.20636
1.73248
3.21645
3.52767
2.78844
1.76719
2.36827
3.33547
3.84896
3.72292
3.29699
3.31083
0.16020
3.34608
2.61058
3.39118
3.95666
3.75260
3.05019
3.92558
3.44557
4.09952
3.34599
2.88477
3.49616
3.89918
1.77621
3.49174
3.65568
3.67713
3.82625
2.79093
3.17429
2.76640
1.93598
4.06970
2.43392
2.48642
3.74705
3.07361
3.45934
3.93662
3.27338
1.59563
3.32206
3.45893
2.67282
1.71432
3.33057
3.54385
3.06385
3.72625
3.54719
2.80650
3.32813
3.54454
2.79906
3.70135
0.61696
3.16554
3.72690
3.63216
3.21400
3.28426
1.64801
1.65902
2.69477
3.74935
2.15240
3.49160
3.73137
3.12518
3.29712
1.39256
3.49400
3.75588
3.78314
2.92548
3.84944
4.03520
2.33489
1.70995
4.10224
2.30502
3.41070
3.42919
3.66691
2.39093
3.38947
3.13478
2.66161
4.04153
3.74219
3.78935
3.43088
4.02573
2.94972
2.46561
3.72731
2.79308
4.14749
1.47975
3.91143
3.50934
3.67649
2.85087
3.51984
2.36568
3.58002
3.84157
3.51533
3.89505
1.79817
3.57161
3.28969
3.66062
4.00637
3.37189
3.02236
1.28736
2.41693
3.67465
1.82707
3.81453
2.65733
2.32597
3.47995
3.68481
1.82935
3.53900
2.91117
3.68175
3.45848
3.67149
3.06138
3.84971
3.17961
3.69256
3.62642
3.06124
3.18537
3.49456
2.58419
3.76061
1.18421
3.24023
3.39810
2.66355
0.83863
1.54283
2.51762
2.80055
3.65830
3.74747
2.34689
1.48415
1.96262
2.88399
3.64259
3.89832
3.48389
3.80187
3.51407
3.97309
3.50971
3.63128
3.39962
3.75405
3.94010
1.96281
3.50460
3.17685
2.71747
4.01434
2.34867
2.54873
2.66370
2.85699
3.39106
3.08235
3.40086
3.38795
1.99941
3.64561
3.88165
3.61500
3.99092
0.66394
1.74736
3.78717
3.34968
3.39441
1.22201
3.65965
3.55993
2.61989
3.86793
2.66707
3.05260
3.92604
3.73266
3.80987
3.24877
3.75352
2.98780
3.94447
3.57942
4.05553
2.19681
2.47322
3.94100
3.84238
3.84582
2.88183
2.84910
4.02207
3.61257
3.81184
3.37793
2.30362
4.01475
3.90639
2.99805
3.39385
3.07971
2.58950
3.44425
3.70246
2.57606
1.99014
3.77899
2.25663
3.79009
3.10673
2.58688
3.71436
2.37347
2.80581
2.49475
2.86259
3.63180
2.86097
3.16840
1.02573
3.77523
3.31262
2.76491
3.32086
2.95828
3.65979
1.76526
3.81284
2.30716
3.87150
3.71989
3.13163
3.77907
3.02934
2.34860
3.07258
2.77125
3.24689
2.73043
3.80518
3.12346
2.46266
1.76081
3.93256
2.51546
1.92976
3.55041
3.87749
3.35474
2.96463
3.45064
1.82511
1.51470
1.64323
3.37931
2.94382
2.93270
3.60350
2.61723
2.17140
3.21893
1.71575
3.77487
3.56894
3.79193
3.66420
2.65295
2.46751
2.88339
3.81227
3.62429
3.04652
0.17729
2.61361
2.72090
3.03096
3.61484
2.50742
3.36107
3.32056
3.79316
3.71757
3.40564
3.63207
4.13625
3.07290
2.77784
2.30392
3.79802
3.79580
3.04653
1.04959
3.06477
2.56642
3.93743
3.78811
3.30580
2.28974
3.33697
3.62608
2.06207
4.01860
3.78035
3.08213
3.74750
3.54199
3.09907
0.94248
3.33099
3.12937
3.56245
2.24427
2.77885
3.14308
2.66846
3.41412
3.59713
1.93166
4.04631
3.70014
3.66106
3.27232
3.18885
3.40714
3.50495
1.34952
1.13216
3.58720
3.76435
1.98422
3.27159
3.45493
2.88997
3.88662
3.72367
2.75331
3.63279
2.58752
3.18889
3.70852
3.58240
1.17794
3.74519
3.81093
2.47309
2.26854
3.79899
3.84438
0.78815
2.19786
2.77935
3.43654
2.97816
2.87972
3.39775
3.71574
1.32261
2.48324
3.40553
3.96738
3.52217
3.82049
3.78535
3.73106
1.13346
2.96230
3.71511
2.96654
2.44822
3.53405
2.11114
3.91152
3.46222
3.72402
3.03160
3.34445
3.17173
3.60360
3.95474
3.29977
2.81784
3.02638
1.87218
2.73613
2.65480
3.76558
1.57848
3.66266
2.22928
2.71888
2.06396
3.70996
3.32829
2.53087
3.56131
1.68541
3.45344
3.36832
3.25509
0.43926
2.05874
3.51846
3.30802
3.53707
3.71256
2.18192
3.53028
3.59032
3.70209
3.95165
3.79565
3.80290
2.54038
3.04360
2.40158
3.53665
3.13510
3.71887
3.72149
1.57824
3.80018
2.96209
2.91787
3.83594
3.34145
3.56030
3.36779
3.86912
3.10534
3.26630
3.54011
4.06125
3.99646
3.68815
3.06741
1.34184
3.07337
2.18701
2.64314
3.34019
0.76378
3.48098
1.53821
3.48781
2.77678
3.96065
3.95367
3.16712
3.23381
3.50845
3.74795
3.60932
3.79498
3.67962
3.30139
2.83608
3.05197
3.56522
2.16405
2.64515
3.35399
3.86798
3.97014
2.46911
3.78475
1.68939
3.70587
2.39661
0.89344
1.88870
3.61734
3.19240
3.63706
1.85273
3.78296
3.42590
3.76693
3.47457
2.73441
3.25527
2.81680
2.85135
3.82800
3.82708
3.64160
3.55698
3.42225
3.29785
3.64918
3.71399
1.77767
4.15698
3.34588
2.56843
3.77438
3.70721
3.52330
1.35133
3.39149
3.38030
3.69832
3.67543
3.24912
2.36585
3.97161
3.67503
2.67750
3.51001
3.38436
3.66629
3.93598
3.34485
3.61317
3.91499
2.58635
2.41853
2.43234
1.34372
3.44428
1.32491
2.19053
3.16532
3.08744
3.61397
3.83831
3.59105
3.46364
3.83362
3.05451
3.65935
3.84301
1.86015
2.40198
3.83546
3.86857
3.28387
2.09374
3.58416
3.91170
3.65987
3.30551
2.69932
2.98830
0.55334
3.70409
2.23312
2.85428
3.18661
3.47303
3.86015
3.93190
3.14836
3.97854
3.32999
3.62651
3.55171
2.81079
3.12072
3.09498
3.57765
2.88498
3.56127
3.96573
2.78883
3.45609
2.74596
3.54680
3.65032
3.61936
3.74968
3.45821
3.47283
3.70595
3.40131
3.62138
1.88394
3.62440
2.69656
3.36821
3.55338
3.68219
3.96474
3.50266
3.55388
1.74509
3.19552
3.08134
3.31009
4.17779
3.38140
3.67604
3.77961
3.64562
3.32945
3.42041
3.06655
3.47055
3.36952
3.49789
4.03500
3.40461
3.07911
3.60882
3.67904
3.31160
2.71295
3.56033
3.23363
2.91344
3.68476
3.69510
1.17258
3.82970
3.09999
3.78378
3.59218
2.20799
0.51330
2.35790
3.61441
3.03376
2.07726
2.55250
3.82838
3.63204
3.42132
2.13454
3.17767
3.82355
0.69677
3.02033
3.44305
3.50356
1.87152
2.78854
3.16910
3.10520
2.65643
3.21714
3.23041
3.80329
3.93327
3.11755
3.48392
2.19472
3.39129
3.15727
3.34365
3.35249
3.55331
3.87366
3.15695
2.18251
2.62933
3.07657
3.99677
1.56996
3.98199
3.41916
2.22078
3.64770
3.39781
3.53974
4.07250
3.49852
2.41977
2.95820
3.71430
1.51772
3.14072
3.36104
3.61554
3.96016
3.64136
2.86670
1.86838
1.89674
3.16841
3.67608
2.58180
4.06773
3.69148
3.58519
2.97637
3.75731
3.72287
2.02220
4.17433
3.43237
0.67047
3.96228
3.89218
3.81317
3.31653
3.83033
1.46869
2.05019
3.49376
3.61803
3.67415
4.02523
4.01377
2.73704
3.52976
1.82066
1.51701
3.65728
1.84680
1.50204
3.24122
1.69153
2.71939
3.94601
3.79552
3.19110
3.62692
3.64150
0.93671
3.96344
3.87023
3.05667
4.09143
3.37370
3.36644
3.72512
2.30973
3.72881
4.07938
2.78388
3.78723
2.05739
3.13707
1.52962
3.70432
3.90530
2.09741
1.42790
1.81041
3.50990
3.46890
3.83755
3.51654
3.79417
2.50053
1.78708
4.09057
2.62669
3.61777
3.59247
2.82867
3.42033
3.85055
3.64246
2.53333
2.99559
1.50760
3.25857
1.56543
3.18883
3.23824
1.25797
3.40736
2.37340
3.94465
1.83388
2.06558
3.61994
3.00792
3.11010
3.84348
3.05542
3.18453
3.97028
3.08058
4.11431
2.99501
1.85882
3.66896
2.95208
2.79064
2.94102
1.60139
2.19952
3.60828
3.44614
3.88355
3.04843
3.85563
2.49172
1.59114
1.98915
3.35900
1.16151
2.70095
2.71022
3.65140
2.10939
3.91435
3.53484
3.60431
3.08630
2.07145
3.36241
3.89619
2.54670
2.87244
3.60694
3.18091
1.83891
4.04368
3.78725
3.52222
0.62305
3.58885
1.48075
4.11451
3.35644
2.51336
3.63124
2.61486
3.13816
2.06856
3.82191
2.96698
1.42352
2.10119
3.06027
2.99994
0.46007
2.29186
3.29949
3.73274
2.69984
3.91635
2.73509
1.39774
3.38487
3.85241
4.08221
3.59945
1.42406
1.04149
2.18405
3.27028
3.96394
2.40347
3.56715
3.60307
3.57406
2.56962
3.43382
3.12650
2.28102
3.65981
3.25423
4.17781
3.59954
3.38099
4.04166
3.47207
1.59694
3.93825
3.65210
3.99827
3.69222
3.28422
3.66402
2.74706
3.44066
2.84115
0.83605
3.51010
3.55331
1.72666
3.72274
3.70063
2.77470
2.38689
3.64747
3.62981
3.91600
3.85183
1.99695
2.88869
3.63366
3.72333
1.80480
2.03567
3.27652
3.96441
2.98926
3.18103
1.88979
2.87965
3.43259
3.96581
3.44113
3.87444
2.26406
3.72471
4.00187
3.98553
3.72191
3.99574
2.50862
2.00505
3.22256
3.34688
3.04737
3.67070
3.89247
3.49035
1.53135
3.25225
2.25672
1.90294
3.52860
2.43152
3.53838
3.16565
1.68510
0.48105
3.83969
2.86602
3.17588
3.75452
3.58339
0.50625
3.50099
2.63802
3.52923
2.82303
2.48600
1.74824
3.25687
3.57462
3.58973
3.69076
2.67740
2.31095
3.18313
3.81714
2.22925
3.69113
2.26245
3.27893
3.58381
2.46775
3.04405
3.49371
3.89636
3.82380
2.50093
2.53931
2.80162
4.01498
1.74898
1.71449
2.05535
2.25744
3.36460
3.62189
3.70909
3.32590
2.78886
4.01862
3.58254
3.31856
3.68789
3.79434
3.13028
3.45160
3.75307
3.18959
1.40232
3.42508
1.75597
3.70912
2.93180
3.94940
3.74376
3.54333
3.13897
3.10003
3.53964
3.54674
2.54721
2.79231
3.53142
3.93635
3.89628
2.97872
3.98625
2.06686
3.06372
3.51655
3.85107
3.64897
3.25490
3.87246
3.61030
3.51235
3.61815
3.36068
3.73124
3.75512
3.53335
3.38007
2.51349
2.90471
2.25701
2.88574
4.10620
2.55003
3.93539
2.08454
3.67777
3.77652
3.32558
3.41819
3.91631
2.15775
3.57495
3.38297
3.26260
2.59663
3.13583
2.21114
3.68123
3.31697
2.08752
2.45679
1.49707
1.24171
3.57764
3.49284
3.97304
3.89470
3.70181
3.57617
2.49989
3.83170
3.54215
1.92454
2.92278
2.95539
3.46245
3.30807
3.58320
3.52937
2.17080
3.70112
3.34128
3.44505
3.00853
3.73306
2.44268
3.78693
3.59584
3.38420
3.85699
2.74644
4.02386
3.82315
2.80016
3.75441
1.06116
3.78012
1.63187
3.89061
3.35181
3.28969
3.39547
3.49339
3.46840
1.85822
0.95338
3.78374
2.21015
2.95486
2.30911
3.71630
2.55286
3.36182
3.93456
3.54525
3.33918
4.05364
3.53867
3.59122
3.62413
1.66646
2.63640
3.77135
3.95332
3.60783
3.32059
1.29456
2.80761
2.87886
3.93460
3.40407
3.57705
3.56013
3.68404
3.85450
2.46296
3.15175
3.36798
2.79724
3.31815
2.85618
2.65627
1.87295
3.45630
3.43843
3.03628
3.43844
3.28674
3.01224
3.58669
3.44931
3.31688
2.58199
3.41050
3.71540
3.48646
3.88206
3.61255
3.63004
3.37668
3.75772
2.29282
2.52722
2.30268
3.03833
3.43272
3.58956
3.56614
3.26568
3.78922
3.93951
3.74270
3.50873
3.15874
3.95513
3.93931
3.28652
3.10238
3.92090
3.98685
3.52007
2.96352
3.44886
2.92679
3.91091
3.49681
3.42944
3.79258
3.15687
3.44618
1.90288
3.92416
3.74658
1.34970
4.01445
3.10488
0.83781
4.08130
1.99440
3.49393
2.66847
3.65595
3.70315
1.83972
3.48228
1.90211
4.05256
3.32381
3.28784
4.08798
3.65201
2.64946
1.31932
3.44546
3.39155
3.92208
1.78221
3.07984
4.02294
3.50239
3.50545
1.96231
3.94003
1.83207
2.30930
2.65339
3.62357
2.56239
1.67985
2.80682
3.58165
3.27509
3.07501
2.86697
3.73742
3.06257
3.54812
3.63576
3.96802
3.67657
3.17806
3.90719
1.33103
3.66347
3.97990
3.65153
3.50393
2.71355
3.43108
3.49960
2.77373
3.53804
3.64756
3.30795
3.46561
3.55721
2.85527
3.86753
3.11048
3.99135
3.68123
1.93049
1.64895
3.49226
3.86633
0.70392
3.55593
1.06875
3.54916
4.05782
2.82183
3.66196
3.52397
3.38416
3.59164
3.42337
3.57496
3.46968
3.18446
3.81279
3.78621
3.48220
3.38276
3.45858
3.39187
3.95080
3.12626
3.19396
1.92071
2.74562
3.90658
1.31516
3.17587
2.63497
3.72456
3.55191
3.89271
3.41867
3.78044
3.87370
1.45431
1.74620
3.93631
3.30524
3.67308
3.19947
3.57213
3.56442
3.47122
3.83252
2.84837
2.14952
3.37828
3.99340
0.97039
3.57974
3.60838
3.38860
3.47927
1.62279
3.53526
3.16507
4.00339
4.02988
0.90673
3.79666
1.82696
3.41708
4.06461
2.13882
3.46484
3.49473
1.56779
3.10287
3.78593
3.83822
4.08804
3.39174
3.88084
2.30412
3.05050
3.54927
2.05823
1.28286
3.92845
3.80606
3.27896
3.17329
3.87360
3.44506
3.87108
3.54456
3.70104
3.62266
3.02193
3.96757
3.74990
3.89007
2.56309
3.45814
3.68472
2.66580
2.46819
3.93077
3.26193
2.27349
3.55749
3.91049
3.37051
1.55688
3.87525
1.75599
3.80846
3.18204
3.22259
2.65400
1.19821
3.91886
3.52242
3.06438
2.26163
3.62565
3.39446
2.29131
3.19386
3.34687
3.13257
3.22088
2.44017
3.69581
3.77103
3.70743
3.42784
3.20164
3.90149
4.10503
3.18773
3.43336
3.26345
2.84699
2.92854
3.53733
1.93276
2.93508
3.37476
2.78377
2.41187
3.71969
3.07132
3.66217
3.05164
3.76821
3.65260
3.31199
3.31401
3.93563
0.81898
3.78090
3.07050
3.66739
3.59279
4.03861
3.80961
3.90788
2.65062
1.70985
2.36088
3.92002
3.60034
3.79620
3.74126
3.88272
1.55790
3.33377
3.69280
3.46108
3.35773
2.05015
3.25018
2.76438
3.63014
2.68110
3.54870
0.80099
3.89607
1.48781
2.58511
3.95026
3.25018
3.73464
3.13562
2.19253
3.56813
2.30116
3.03513
3.92648
3.86992
2.79275
3.64944
3.87568
3.53402
3.40958
3.67650
3.22671
1.80634
3.55965
3.30832
1.22820
3.90382
3.24535
2.96694
3.01773
2.82257
3.27464
1.40407
3.53122
1.96127
1.51485
3.61949
3.35117
3.90758
3.51696
2.21978
4.05896
2.03103
3.15499
3.00757
2.96142
3.50059
3.74095
3.17961
2.68948
3.02606
3.58278
1.14376
3.19647
3.59585
3.34878
3.84617
3.42726
2.66468
3.28667
3.72902
3.80951
2.89471
3.93262
3.86920
2.37445
3.40012
3.95425
3.55791
3.25034
2.59974
4.03099
3.58451
2.98164
1.65862
3.99072
1.64400
2.81643
2.98031
3.06675
3.21834
2.79376
3.45419
3.47147
0.94678
3.74087
3.43653
3.84464
2.14942
2.85331
3.58269
2.22288
2.83904
3.81725
3.47557
3.31388
3.81717
2.29896
3.24182
3.61827
2.76180
3.77235
3.55818
3.79748
3.58656
3.96201
2.20226
3.64178
1.79991
2.94311
3.52970
3.51284
3.58697
3.41112
2.43987
3.56290
1.98299
3.81326
1.18102
2.87651
3.68980
0.96305
3.60574
1.82216
3.55315
3.19214
2.88575
2.48049
2.60313
3.21037
3.30681
2.49080
0.63021
2.84061
3.10133
3.74506
2.93328
3.96132
3.83454
3.75955
3.41824
3.43709
3.51677
3.39237
3.54519
3.75762
3.65046
3.84178
2.92283
3.73631
3.23533
3.04593
3.54242
4.00859
3.69170
2.88572
3.24108
3.20852
2.59203
3.77828
3.33635
3.47439
4.04362
3.88377
2.81009
2.71761
3.63873
3.47252
3.80245
3.40555
3.64761
3.06596
2.09464
1.81351
1.51165
2.10572
3.06435
3.87474
3.65168
2.54516
3.29231
3.76185
1.84034
3.86268
3.72824
2.22909
2.91532
2.25102
3.63152
3.31760
2.50198
3.56501
4.10885
3.95733
3.91670
3.84396
3.25361
2.46105
3.26850
3.24230
3.47055
3.27804
3.42832
3.27508
3.40243
2.09209
4.05758
3.43250
3.59495
2.07672
3.88979
3.02323
3.75414
2.83766
3.84756
3.34020
1.90297
2.74324
3.97199
4.04496
3.78335
2.77292
3.42987
3.19216
3.81685
2.93141
3.55633
3.62731
3.86702
3.36021
3.87334
3.86406
3.20733
3.82815
3.53691
3.01643
3.71222
2.76897
2.95486
3.99477
1.90323
2.66258
3.72445
3.95115
3.24378
2.56494
1.91495
3.42932
3.34423
2.08155
3.59865
1.90808
3.58810
3.09725
2.79940
2.96497
3.72261
3.27282
2.47835
2.00632
3.32270
3.19533
2.91399
3.50167
2.17878
2.99120
3.62562
2.93826
2.13550
2.02792
3.28235
2.40854
1.83060
2.95406
3.64028
3.89078
3.01825
3.35062
3.18552
2.72763
1.22338
3.27179
3.29522
2.06438
3.68740
3.33993
2.70645
2.98128
3.36800
1.85997
3.14743
3.98584
0.57112
0.92387
3.60976
2.82741
1.72866
3.79544
3.54341
3.02358
3.21286
3.49279
3.25935
2.10847
2.97605
3.41992
2.99756
3.43370
3.66650
3.54649
3.56013
3.48182
3.85768
3.54817
3.82622
3.88731
1.94993
4.07784
1.77816
3.21287
3.94730
3.12573
3.33124
4.15617
0.73017
3.81274
2.91742
1.79431
3.47564
3.30354
3.28997
3.85565
2.74359
1.72768
3.87053
3.79886
3.20869
3.82524
3.72020
4.09616
3.91979
4.08448
3.14647
2.95241
2.73277
3.27927
2.76512
2.74142
3.37639
3.36639
3.82874
3.62028
3.77813
3.40193
3.78619
2.42737
3.74649
1.91381
3.67488
3.58215
3.55448
2.00202
3.05876
3.13599
2.08530
3.67165
3.41708
3.92353
2.37306
3.56126
3.66634
0.75464
3.33365
3.68932
4.00092
1.89876
2.10002
2.53839
3.55882
3.50457
3.58011
3.17666
1.92825
2.40076
1.14781
2.83510
3.72609
2.82210
4.03679
3.32976
2.65522
3.99544
3.92500
2.33654
4.05338
1.94792
3.89085
3.62957
3.06409
3.86607
3.65299
2.95426
3.57501
2.39336
3.60800
0.42275
4.13005
3.79893
0.91551
3.50413
3.13833
3.76416
3.75068
3.05897
4.01395
2.93482
3.59657
3.48158
3.85593
2.86764
2.53337
1.56774
2.08147
3.92106
2.61869
3.96643
3.27302
2.29869
2.87601
1.72327
3.29653
3.83107
2.23859
3.85026
2.62495
2.54218
3.69564
3.84690
3.60105
1.65144
0.92844
3.07895
3.74612
2.90789
3.76706
3.08798
3.35235
2.20158
2.99887
3.69925
3.34769
2.43276
3.91345
3.74912
3.34367
3.16751
3.65895
2.14897
2.22816
3.83091
3.92015
3.58876
3.62254
1.87909
2.48631
3.72975
2.15891
3.72548
3.00892
2.12654
3.57828
3.19098
3.74631
3.67896
3.38800
3.70726
4.03565
3.87523
3.83879
1.59475
3.61078
1.42097
2.61863
3.91679
2.87021
1.54289
3.62079
3.82100
3.37339
3.52712
2.64664
2.99687
3.61736
3.32903
2.16001
3.93804
3.67961
2.87201
2.91210
2.17067
2.94367
2.68069
3.23643
3.61067
4.08664
3.75690
3.27767
3.68049
3.94594
3.54527
1.32212
3.04136
3.03475
3.56883
3.25783
3.86611
3.43838
3.37389
3.63063
3.69828
3.00908
3.65659
2.25871
4.01758
0.90206
3.59587
3.29457
3.81027
2.27963
2.98879
3.21273
3.21839
3.34468
3.20454
3.73843
3.42607
3.43792
2.64442
4.08099
3.67344
3.44166
1.15313
3.49521
3.60112
2.38740
2.76377
3.80873
3.50566
2.04952
3.64232
3.14301
2.22725
3.00805
3.65408
3.17746
0.57754
2.21504
2.39838
3.68727
3.84419
1.34843
1.47231
0.88356
3.76989
0.27094
3.35293
4.09480
3.31201
3.73445
2.94665
0.99082
3.59338
3.55402
1.74973
3.75167
3.13364
2.16316
3.80193
2.46954
3.58942
2.96430
0.50181
3.67589
2.78603
3.56642
3.34838
2.33503
3.53981
3.83961
2.86847
3.32837
2.23736
1.53982
1.98835
2.03581
3.57888
2.41501
3.73271
3.62190
3.88093
2.93444
3.65545
1.35728
3.09102
2.70450
3.96781
3.65183
3.35583
3.91055
3.29234
2.83912
3.41497
3.34985
3.22459
3.56582
3.37622
3.55942
2.57169
2.63785
2.67609
2.38078
3.69887
3.72136
3.67920
3.44367
3.48351
3.98406
3.72506
3.34922
3.84064
2.15674
3.31023
3.60347
3.76721
3.40850
3.65434
3.78947
3.41223
4.09336
3.21958
2.22555
1.40652
3.08003
3.67746
3.31281
3.16584
3.55094
0.60124
3.48585
3.81218
3.42163
3.96156
1.53103
3.74027
3.94100
3.54366
3.94043
2.98128
3.81264
3.83962
1.82725
3.70644
0.80468
3.69662
3.70017
2.89480
3.65860
3.78626
3.57304
2.84487
2.89725
2.80554
3.18110
2.53783
1.68052
3.53862
3.43742
3.50959
3.54528
2.65136
4.08926
0.95114
3.83189
3.07379
3.00596
3.12304
3.39580
3.73602
2.46939
3.78670
3.05430
2.62657
2.80166
3.45284
2.00779
2.29338
4.06685
3.07040
3.31989
3.97841
2.84401
2.82438
3.42792
2.98331
2.48449
3.69272
3.56795
2.17831
4.15250
3.73866
1.91146
4.01445
2.56650
3.21899
3.52519
3.77955
3.82683
4.01667
3.41809
3.38990
2.30805
3.31202
3.80667
3.15285
1.18268
4.05843
4.00520
2.78090
3.49453
3.77919
4.04955
2.50100
3.61415
2.94919
3.96460
3.38163
3.01863
2.55672
3.25035
2.87530
3.90477
3.86804
3.17096
2.51122
2.96204
2.87883
2.75519
3.46494
3.58434
2.67397
3.46285
2.93897
2.70041
3.36685
3.15674
3.75006
0.46334
3.61223
2.18927
3.39454
2.27883
2.79917
3.80005
3.60703
3.31448
1.74060
3.35843
3.92333
3.74106
3.95990
1.98675
3.94601
3.70420
2.66975
3.48040
0.35306
3.58098
3.41275
3.77837
3.26109
2.33749
3.96660
2.27283
2.96060
3.79488
3.46516
3.63684
2.84191
3.58269
3.84692
3.40990
3.22366
3.70601
3.89956
2.83229
3.77577
3.80291
3.18978
3.78326
3.62447
3.66199
1.56308
3.10572
3.73643
2.83002
2.73414
2.43298
1.55823
2.87137
3.82586
3.80888
3.15002
2.22397
3.63149
3.61722
4.06052
3.40124
3.20329
4.05297
2.66418
2.16093
3.60964
2.58798
3.84929
3.18317
2.20706
2.69645
4.04395
3.39857
1.86846
3.19588
3.76371
3.80710
3.32582
2.50094
3.59379
1.72113
3.18600
3.28780
2.82969
3.74676
1.72215
2.08257
3.68368
3.73009
4.10738
3.37091
2.56332
3.51507
3.49548
2.95722
3.49979
3.48590
3.60080
2.88981
3.92393
3.63200
3.29557
3.59644
4.11528
2.89747
3.96418
3.47487
3.21033
2.52042
3.22852
3.26536
2.96959
3.33518
4.01238
2.58228
2.51849
3.56708
2.78590
0.86720
2.81209
3.12886
3.78449
3.06705
3.67716
2.16651
1.14979
3.97846
3.76120
3.29532
3.31332
2.81796
3.83250
3.58265
3.31310
3.82856
3.87559
3.56364
1.41067
3.09269
3.46017
3.80676
1.36247
2.48369
3.86901
2.52165
2.93982
2.71255
3.68850
2.35750
3.63566
3.72526
0.34132
3.67806
3.84121
0.87902
2.32013
3.67993
3.22819
3.39056
3.24784
3.31138
4.08138
1.09405
2.03362
3.32060
3.47317
2.21185
2.24278
3.58486
2.83600
3.39195
3.43407
3.59151
3.84020
3.77480
3.66054
3.45201
1.36385
2.11650
3.80631
3.98367
3.10721
2.76938
3.01004
2.29740
3.83344
2.37184
2.89354
0.66149
3.51418
2.10537
1.27003
3.52974
3.80825
2.82186
3.26674
3.91321
3.61008
3.69708
4.02165
3.14277
3.11251
3.86386
3.45157
3.42381
2.14688
3.51972
3.43750
2.38520
3.09871
3.47228
3.45855
2.77663
1.77817
3.54276
3.63495
3.56534
3.73952
3.30917
3.49101
3.14360
3.52160
3.52341
2.48957
3.78143
3.44382
3.09283
1.67558
4.08687
3.44044
2.07955
3.90246
2.89085
3.32255
3.43911
3.63829
1.61409
3.71727
1.79781
3.40681
3.18669
2.90267
3.15329
3.23966
2.52223
3.18594
3.92720
1.78769
3.10113
3.72621
3.84530
4.09297
3.25846
3.83416
1.85374
3.67524
3.47851
3.79629
2.21011
4.03310
2.90420
2.60712
3.54658
3.58582
3.45127
1.99274
1.91109
1.93455
3.25401
3.54263
3.63436
3.93641
3.70664
2.85791
2.24847
2.05078
2.78874
3.62183
3.58638
3.78559
3.81081
3.71621
3.09560
2.99956
3.29981
2.45666
1.86173
3.47788
3.38068
3.50452
2.07127
3.63890
2.52652
2.78591
3.91922
3.53300
4.01248
3.00780
3.19595
2.10028
3.03456
2.37384
3.42592
3.62973
3.67855
1.65620
0.92457
3.40710
2.79685
3.40675
3.12996
3.79839
2.43202
2.04827
3.94253
4.18957
0.47094
2.99270
3.34285
1.79184
3.94329
3.67140
3.39802
3.96697
2.91048
3.61423
2.96039
3.34759
3.35730
3.30426
3.76502
3.59568
3.95262
3.43659
3.56631
2.64107
4.00965
1.84476
2.57695
3.71689
3.42300
2.87340
3.36825
1.15172
2.95623
1.79250
3.38280
2.74415
3.81863
3.65411
1.85152
3.12106
3.60237
1.49398
3.28547
3.08888
3.00609
1.34953
3.31141
3.93592
2.74962
3.69789
2.87596
2.92945
3.86204
3.79013
4.02420
3.43273
3.60317
3.00182
3.67921
3.93873
2.23058
2.24845
3.57993
1.43022
3.71599
3.08428
2.87458
3.69290
2.43557
3.83694
1.38816
3.70578
1.49725
2.70200
1.89273
3.15267
2.61219
3.86938
3.50081
3.27346
3.71978
3.65871
3.59886
3.96093
3.27897
3.42391
2.72601
2.81821
2.79560
3.40449
3.05813
3.70798
3.54200
2.22415
2.92037
2.32573
3.26315
2.55685
3.83347
3.95399
3.52018
2.45724
3.28240
1.33744
3.64813
3.90838
3.09307
2.81446
1.72516
0.42217
3.37286
3.40141
3.24615
2.06907
3.36329
2.73047
3.16581
0.68688
1.90395
3.76684
3.77333
3.76743
2.31558
3.37679
3.87379
0.63500
3.87328
3.62191
3.48258
2.38036
3.30876
2.14116
1.93975
3.24609
1.54543
3.69040
2.12576
3.41708
2.94471
3.79004
2.36634
3.93828
3.78658
3.71378
3.49715
2.36788
1.58040
3.77530
3.68079
3.65957
3.83542
3.71925
2.93779
2.82744
3.23311
3.81842
3.43465
2.52838
3.05689
1.67468
0.85018
3.91150
3.68310
2.12320
4.03811
3.62313
3.79487
3.51947
3.80302
2.89655
3.40551
1.01445
3.77934
3.16102
3.36591
3.08336
2.19016
2.84829
3.74377
2.97952
3.81604
3.14942
3.47390
2.26078
3.98622
3.76931
2.92391
3.82446
3.81353
3.43604
1.78214
3.61734
2.76410
3.28666
3.60406
3.30821
3.35466
3.26013
2.31565
3.85514
3.12564
3.97894
3.97260
3.25939
3.43798
3.55291
3.14766
3.06739
1.87383
3.45402
3.60317
2.33944
3.42339
2.87227
3.89298
3.53969
3.09299
2.63575
4.06896
3.67593
3.63836
2.92501
3.73720
2.17043
3.68311
3.58555
3.44368
3.70672
2.96017
3.93721
2.58522
2.90551
2.49418
3.84840
3.22967
3.68904
2.61935
2.67481
4.03977
3.60708
3.22967
1.36151
3.41617
3.59490
3.43732
3.74048
3.66384
3.50854
3.89185
3.60831
3.89630
3.94741
2.07900
3.52820
4.01805
3.43388
2.84271
3.49462
3.49930
3.24572
4.13152
2.40266
3.03483
1.80002
3.66408
3.50263
3.66782
3.87898
3.64284
3.06977
3.75118
1.63461
3.07985
3.74059
3.91674
3.45502
3.38744
0.67849
4.06938
3.45818
3.03715
3.05149
1.96152
1.61829
3.86646
3.62622
3.88717
3.86305
3.56145
3.65852
3.32828
3.50568
4.02569
3.32552
3.36484
3.77351
3.61973
2.70081
3.67378
3.40992
3.36873
3.26689
3.26987
3.23237
3.18067
3.19920
3.48483
3.62374
3.27195
2.38639
2.54951
3.84797
3.46376
3.47386
3.91368
3.79390
3.70055
3.34165
3.83604
2.74428
3.76347
3.51498
2.31232
3.31452
3.51843
4.00029
2.72050
3.93261
4.09021
3.88602
3.52199
3.48108
2.67032
1.91948
1.35513
3.41200
3.81574
3.23131
2.47678
2.57704
2.22278
3.10576
3.90086
3.70143
1.60847
0.30929
3.81344
3.99434
3.43209
3.11737
3.05853
3.37953
3.49657
3.67609
2.86559
2.74983
4.01710
2.68189
3.66868
3.80618
3.81528
2.73577
3.77725
1.98759
2.57238
2.87424
3.08585
1.18496
3.79686
3.17910
3.75604
3.77322
4.14574
3.28322
3.69454
3.29710
3.11349
3.90810
3.88680
3.63539
2.82960
3.70453
3.83488
3.09432
3.77205
3.48248
3.58016
3.55253
2.92090
3.35224
3.07460
3.31086
3.89766
2.34060
3.53592
3.74507
3.88289
1.89537
3.77892
2.81841
3.03562
4.03934
3.62265
3.57463
2.77006
3.62411
3.71726
1.82776
3.10385
3.04021
3.97146
3.89280
2.76425
3.65901
3.62971
3.76046
2.61663
3.52165
4.02319
3.07528
3.18952
3.27268
2.92550
1.83193
3.81618
1.51309
4.20447
3.36613
3.47398
3.65617
3.75193
3.40385
3.69958
3.68850
3.54697
1.63442
3.15171
2.09145
4.05839
3.78238
3.87334
3.27319
3.12541
1.88002
2.80003
3.51883
3.73715
4.14514
3.98757
3.44141
3.32920
3.52794
3.46852
3.86390
2.21700
3.20059
2.78155
1.85844
3.22357
3.57458
3.87344
3.43555
3.49929
2.46248
3.97962
3.46664
3.48386
2.35555
3.34713
3.10840
3.26813
3.69470
2.23781
2.31863
2.96154
3.35616
2.50312
2.88395
3.29593
2.75390
3.96358
1.16329
3.24999
2.47474
3.33917
4.15722
3.27854
3.94312
1.97770
3.21439
3.67736
3.35898
2.05945
3.21836
2.49508
3.57528
2.66757
2.94441
3.38444
2.81320
3.86711
2.67632
3.77415
2.46161
3.41122
2.96917
3.42365
3.25270
3.14738
2.74252
2.17344
3.39530
1.33972
3.66998
3.00369
3.35057
0.78983
3.45938
2.98924
3.24427
2.98598
3.80154
3.57609
3.81324
3.94123
2.71676
2.97124
3.85845
3.71177
3.92269
2.79745
3.53390
1.88517
3.63598
3.26516
3.53667
3.62729
3.30634
2.47018
3.14077
3.82133
2.20722
3.53736
3.41819
2.04585
3.24740
3.34724
3.21635
3.47789
3.82222
4.04607
2.78141
2.59757
3.53613
3.53577
3.71011
2.94703
2.19710
2.10865
3.68627
3.68974
3.97216
1.49217
3.51543
2.98729
3.19514
3.29019
3.93175
3.12704
1.46716
3.55142
2.72065
3.24875
3.43164
3.08292
3.93323
3.59585
3.44010
3.66844
3.19807
3.29573
2.72744
2.86659
2.91337
2.31734
2.40645
3.13845
3.02324
3.53990
3.63108
3.19806
3.65031
3.15514
3.93570
3.41955
3.72741
3.29365
3.88693
3.26130
3.23028
3.32467
3.49128
3.06077
3.62780
3.43062
3.62118
3.07543
3.87888
3.47265
3.52450
3.92161
3.75902
3.46435
3.40760
2.93287
3.62662
3.59297
3.81963
1.35458
3.55913
3.88800
3.85060
3.59469
2.16202
2.83430
3.31192
3.01757
3.80061
3.49483
4.01184
2.05376
2.10633
2.84914
2.12139
3.69331
0.16475
2.87724
3.80598
3.56710
4.03424
3.43919
2.85149
2.61390
3.64824
1.79820
2.90643
3.85342
3.19050
3.01524
3.85000
3.70101
3.64430
3.80497
3.46052
3.27086
3.56351
3.21135
2.96483
3.82378
3.98370
1.64198
2.81626
3.75349
3.91290
1.65623
1.75404
2.46463
3.73876
3.79801
2.80098
3.76843
2.39786
3.93100
3.39304
3.64467
3.81095
3.67967
2.53818
2.27162
3.16947
3.86266
3.84576
2.03833
1.19339
3.71371
3.29065
1.59505
3.72990
3.71668
2.70185
3.54087
3.44536
3.68741
2.85069
2.11972
0.55799
1.69524
1.53386
2.10122
3.63721
2.80002
0.71905
3.55592
2.15376
1.36348
3.37334
2.18838
2.89659
2.61955
3.58162
3.27328
3.63914
4.00577
3.78644
3.57490
2.35261
1.00089
1.67776
4.14286
3.65693
3.62603
3.61658
3.12113
2.03242
3.76827
3.75816
2.01023
2.86430
3.54741
2.53725
3.62194
3.30558
2.72666
3.58203
4.00509
3.69702
2.25596
4.01602
3.57176
2.80088
2.28992
3.64402
1.65652
3.81975
3.40952
2.28161
2.30488
3.41716
3.76293
2.20677
2.09102
3.65233
0.91030
3.89940
3.31036
3.93593
3.45073
3.99057
3.70935
1.63068
3.30337
2.53740
3.68548
3.30558
3.98797
3.46320
3.76863
2.84664
3.58554
3.72163
3.07376
3.78801
3.78791
2.91019
3.66186
3.23239
3.17510
2.87931
3.35329
4.11858
3.42697
2.94527
3.72139
4.15479
3.80697
3.88323
4.12544
3.91648
2.31679
3.54006
3.84304
2.46058
3.51054
3.95331
2.57601
3.93735
3.92279
3.08484
3.42383
3.96120
3.96175
2.90311
3.76791
3.06755
3.81096
2.77907
3.42994
1.68199
3.67356
3.64456
3.23929
2.17975
3.84965
2.23850
2.38149
3.52642
3.54974
2.66187
3.25201
1.41093
3.58370
1.80765
3.55608
3.20971
2.90473
2.99220
2.29213
3.94602
3.07194
3.93045
3.46177
2.61592
2.80737
3.75896
2.12386
3.10797
3.74649
3.42911
3.15489
3.09551
3.94166
1.85003
3.50954
4.00426
3.69414
3.83265
3.57786
3.65749
0.75733
3.59800
2.97332
2.39056
3.75869
3.34745
3.84559
3.14762
3.70978
3.45032
2.58284
3.97884
3.25673
3.94317
3.06992
3.96889
3.44497
3.56237
1.91629
3.50196
1.35361
3.10410
3.74812
3.65837
2.87697
3.75267
3.83658
3.72842
2.67458
3.92063
2.06394
2.50801
3.60179
2.95715
3.25922
4.05182
3.61885
3.85676
2.82106
2.37014
1.56109
3.77945
2.32767
1.21570
3.53618
1.32884
2.33231
4.00499
3.72936
3.75221
3.52344
3.50971
0.10607
3.04533
3.54740
0.97591
3.87879
2.97859
0.18649
2.15398
3.71713
3.11993
3.93968
3.57016
4.00066
3.88594
3.54076
2.90983
2.55874
3.37255
3.94002
1.95436
1.15599
2.92473
3.98358
2.37392
0.19893
3.92856
3.09955
2.99018
3.28134
3.69041
3.53331
1.09958
3.48181
3.51712
3.50918
3.55475
2.96321
3.74358
3.38583
3.38353
1.44329
2.91388
2.95613
1.55194
3.76980
3.31393
1.72647
3.30214
3.58515
2.07977
3.50228
3.71282
3.91501
3.08305
3.40656
3.82374
3.49752
3.56107
3.64747
3.44934
2.05906
3.86156
3.19612
0.43749
3.56134
3.21394
1.81504
2.88630
3.82512
3.38353
3.63960
3.83408
3.56890
3.51900
3.25760
2.58819
2.86771
3.54871
4.07977
3.63723
3.77544
3.49606
2.59227
1.74390
3.33581
3.61510
3.72749
3.53867
3.91778
3.99531
3.73587
3.45385
3.55204
3.07515
3.46950
3.07786
3.36916
1.74797
3.23707
3.00063
3.81906
0.97846
3.75348
3.84776
3.78485
2.40787
3.52931
3.34074
4.01728
3.59463
4.09017
3.61476
3.12543
3.48094
3.83496
3.88666
2.43705
2.89077
4.16426
3.03272
3.38011
3.70271
2.95234
3.31855
2.47426
3.31084
3.60139
3.69228
3.71312
3.89889
3.16902
3.65892
3.85598
3.64699
3.99702
3.58930
3.86125
3.72375
4.10775
2.03802
3.97342
2.58255
2.82067
4.08678
3.82535
4.13426
1.29949
3.01331
3.73712
3.93727
3.00701
3.87282
2.37249
4.16350
3.89051
3.55815
3.55688
3.93657
1.65515
2.13993
3.72177
3.41518
3.85530
3.13573
2.78831
3.61324
3.83435
4.10845
3.88952
3.51536
3.45566
3.90792
2.74729
3.14433
3.33383
3.37159
2.16168
3.51841
2.71498
3.56613
2.60595
3.80247
3.61866
3.79401
3.97917
2.01999
3.43653
1.76913
2.70373
3.67983
2.94411
3.83022
3.37335
1.44727
2.66221
1.11307
3.25125
1.41028
3.73858
3.71342
2.77427
3.82491
2.90060
2.07037
3.62506
3.01045
3.72048
3.25756
3.41265
3.97964
1.72590
3.91819
3.56819
2.32838
2.56938
3.54265
2.09318
1.90548
3.89496
3.87038
3.48877
3.85709
2.48203
3.70092
2.82265
2.95119
2.63304
2.73582
1.35776
2.31159
2.09380
1.93894
0.70802
2.44243
3.79296
3.32770
3.48387
3.16690
2.68014
3.20777
1.57301
0.98115
2.09224
3.64408
3.44556
3.57743
3.55838
1.92906
3.00165
2.00988
3.58561
2.61453
1.89151
3.88364
3.65539
3.61193
3.81297
2.88993
3.68864
3.29094
3.76533
1.57289
3.31786
2.58550
3.33774
1.82439
2.52746
3.13461
3.55660
3.28328
2.90869
2.65733
3.90903
3.55418
3.87221
3.02933
1.77052
3.79936
3.25171
1.96944
3.61288
3.10272
3.14130
1.58288
1.44638
3.58485
3.88620
3.42876
3.10509
3.83628
3.09055
3.51913
3.74229
3.49007
3.87595
3.24418
3.81274
4.00393
3.24504
3.13974
4.05112
3.66622
1.62142
2.88477
3.42396
3.65469
2.05386
2.22533
3.25471
3.21720
2.24487
3.89813
1.42113
3.51016
3.03925
3.68385
2.82422
2.90104
2.65093
3.43783
3.62382
3.67468
2.97722
3.90706
2.38669
3.09037
3.49020
2.47406
3.73874
3.05784
3.30065
3.64756
3.71041
3.23581
2.05947
3.70102
3.03889
3.77806
4.16420
3.59003
3.79448
3.86919
4.09630
3.70231
3.31816
3.11402
3.91334
2.46111
3.72666
3.50283
2.69363
1.89976
3.39560
3.59100
3.56249
3.72502
0.53035
3.69313
1.69438
3.52862
3.70693
2.87538
3.85973
3.14558
3.85826
3.93181
2.80834
3.38365
3.40143
2.97621
2.93820
2.82459
3.29893
3.79525
1.77218
4.05139
3.85062
3.59043
3.67139
0.19317
3.21594
2.02215
3.78326
3.53354
3.63703
1.90862
3.54892
4.07883
3.31400
3.69710
2.65255
1.93959
4.07275
2.95436
3.41902
2.60641
3.57092
3.76167
3.97231
3.94656
3.49587
2.11348
2.16966
2.82833
3.41602
3.12387
3.48660
3.44170
3.55107
3.95301
3.37541
3.06135
3.34063
3.66855
3.13289
3.45890
2.60688
2.99117
3.25046
3.53378
3.14336
2.49755
3.71379
3.41225
2.00131
3.51320
3.67144
3.01846
2.62180
2.43887
2.97630
2.75593
2.59918
3.02423
3.64644
3.45541
3.88082
3.11924
3.18178
2.78173
1.96646
2.32578
3.29629
3.09632
1.91217
2.73739
3.18882
3.43666
2.44232
2.76778
3.43782
2.09880
3.56250
3.86281
3.62646
2.85123
3.17915
3.06069
2.93484
3.77618
2.93123
2.43943
3.51839
2.82751
2.11944
3.92832
3.94257
3.22694
2.82512
2.31566
3.74793
2.36537
3.54193
3.49868
2.57566
3.53026
3.57398
1.48718
2.25076
3.55273
3.37663
3.65637
3.32131
3.62634
3.58960
3.59964
2.37370
3.69668
3.59010
2.04129
3.26834
4.01530
3.11600
3.88733
2.32745
3.83093
3.21717
1.67593
2.26372
3.91620
3.49046
3.70911
3.15323
3.76055
3.01800
3.63512
2.68004
3.11022
3.74756
4.08084
3.36531
3.68344
3.46272
3.10256
3.44131
2.88563
3.69864
3.62121
3.22376
2.77710
3.49376
1.76796
3.28378
2.75096
2.46407
2.33076
3.71649
3.62462
2.05967
3.80287
1.08049
3.14346
2.31070
3.87217
3.32917
4.16573
2.96161
3.43542
3.65910
1.87259
2.24987
3.78499
3.59804
3.11271
3.25569
3.10153
3.01717
3.78897
3.24666
3.94690
3.76619
3.70329
2.30597
3.66448
2.30721
3.06832
3.39746
3.21046
2.75049
1.19703
1.19556
3.41963
1.63725
3.28429
2.49661
3.74098
1.90048
3.93394
1.32304
2.68061
2.32968
4.02547
3.89488
2.48101
1.78901
3.01875
3.49118
3.75940
3.74585
3.10171
3.99932
3.97979
2.65232
3.43206
3.12667
1.69501
1.66910
3.60572
3.69372
3.82258
3.41075
3.56071
3.86514
3.60376
2.89641
2.69617
3.78193
3.60815
3.28398
4.07494
3.89287
4.02839
3.59788
3.62203
1.00909
2.75505
3.82047
3.27940
3.47077
2.71942
3.04097
1.01627
2.64697
3.01850
3.10456
3.83031
3.55986
2.38119
3.59815
3.28757
3.71843
3.47906
3.68322
1.57969
3.21488
3.88585
3.17442
3.47672
3.87166
3.32986
2.60005
1.48367
2.85696
1.91007
0.33912
3.27938
2.57011
3.44547
2.91581
2.84717
3.90475
3.55096
1.07626
3.89875
2.71022
3.87749
2.35522
3.85526
3.51975
2.97785
2.20423
2.31825
3.06108
1.14334
3.37447
3.07753
3.30554
0.94546
0.92290
2.09687
2.96798
3.22010
2.60198
3.63957
4.02852
3.51405
3.38683
0.61691
2.47355
1.97577
2.09269
3.64163
3.35282
3.24662
3.26856
3.76622
2.11882
1.66560
1.23164
4.10415
1.63216
2.83372
3.69059
3.90523
1.48473
3.38026
3.11125
3.04647
3.62832
3.71032
3.15434
2.76298
3.10640
3.45219
3.43101
3.66298
2.93401
3.76357
3.57988
2.31246
3.72495
3.68486
3.70765
3.67672
0.98250
3.27577
3.24515
3.38915
3.76442
3.53714
4.08350
3.51308
3.53334
3.23395
3.38572
3.62969
3.23494
2.95457
3.85076
3.50172
3.62115
3.74916
2.38537
2.49953
3.28883
2.37327
3.70907
4.03281
2.42407
2.22470
2.24509
3.35113
1.79937
3.01817
3.84293
3.74235
3.84296
3.61610
3.65400
3.69868
3.46038
1.75863
2.75163
3.41948
3.81126
3.35600
3.76191
3.73344
3.54641
3.11221
2.09160
2.63166
3.48587
4.14966
2.95180
3.03874
3.86047
3.37700
3.01538
3.95652
3.33858
3.44002
3.71158
2.73168
3.01433
3.49806
4.03357
3.89546
3.53080
3.67189
3.62161
2.17828
2.93290
1.49718
1.67468
3.85823
4.02783
4.00615
2.03605
3.86566
3.59667
3.36318
3.25135
3.12011
3.66343
2.06469
3.17443
4.19091
3.79884
3.58242
1.11749
3.05068
1.15056
1.40583
3.33231
3.82543
2.36236
2.74043
3.89688
3.95504
2.60836
1.96144
3.71877
3.25347
1.93224
2.22190
3.38606
2.49222
2.33838
3.76910
2.61388
3.57855
2.49280
3.32994
2.98934
2.23211
4.02418
2.73756
3.07305
3.44765
3.78731
3.52138
3.27733
3.13427
3.46917
3.43587
1.66556
3.79623
2.95710
3.43159
3.20473
3.39880
3.25301
4.03534
3.97599
3.83577
3.31303
3.28248
2.72674
3.19253
2.26245
0.59060
2.88603
3.76859
3.56318
3.92460
2.60268
3.66748
2.52541
3.79199
3.95459
3.51325
3.69467
3.72789
1.84098
2.01745
2.20000
3.65316
1.71593
3.10875
3.47740
2.97919
2.31841
3.66955
3.04178
0.94139
1.73324
3.83403
3.58435
2.01780
3.66396
3.61861
3.80785
3.39840
3.20252
3.44501
0.95414
3.65330
3.00692
3.84505
3.26204
2.36133
2.68503
3.53273
4.01635
3.84278
1.71674
3.41733
3.30245
1.46036
3.96568
3.74275
3.03444
3.54267
2.83963
3.55399
3.29163
3.33639
3.39568
2.03359
3.71493
2.31369
4.11380
3.24275
3.87077
3.30641
0.96407
2.52594
2.15911
4.12050
2.17776
3.61835
3.83942
3.90206
0.91912
2.85384
3.83865
3.71532
2.17256
3.37177
2.32719
3.12829
3.52391
3.65293
3.51868
3.48227
3.50719
2.16455
2.41108
3.80843
2.35070
1.52491
2.75429
2.73076
3.63715
3.78118
3.19980
3.70469
2.74858
3.66523
2.72854
2.10522
2.22577
3.49827
4.07001
3.51507
3.97241
3.07340
3.98106
3.47825
3.22769
3.89615
2.15452
1.82921
3.53029
3.62271
3.81035
3.59879
3.68075
3.81728
3.05750
4.17946
3.06426
4.10482
3.62910
3.17166
0.59948
3.90180
2.22467
3.93400
3.45852
4.06639
3.58840
3.79604
3.68510
3.14139
2.05096
2.83356
3.65337
2.28757
3.25933
3.28874
3.33045
3.56830
1.22067
3.29318
3.06817
1.94120
3.27306
3.49166
2.64495
2.24362
3.17100
3.51688
1.91790
3.28346
2.50981
3.56159
2.73337
3.29911
3.54479
3.52580
2.28812
3.98768
0.33638
2.12910
3.29876
2.44336
3.51160
3.03603
3.05819
3.89772
2.36883
1.90654
3.03726
3.62421
0.49832
2.48847
1.95685
2.75838
2.92989
3.37231
3.14841
3.29798
3.60109
3.99357
3.99126
3.11207
3.88471
1.98888
3.57411
2.69785
2.41603
3.92525
3.34105
3.64451
3.00283
2.47072
3.56609
1.49941
2.85537
3.45736
4.02901
3.11960
1.42570
3.76025
3.64592
0.62839
1.78448
2.38914
2.12632
2.42998
2.82579
3.53063
3.52658
3.76719
2.84552
2.88837
2.04069
3.62664
2.05314
3.08436
3.77640
3.62063
4.05144
3.02120
3.75477
2.87156
3.00021
3.72840
3.76654
2.71346
3.40523
3.71252
3.03048
3.53058
3.75185
3.59287
4.12300
2.31806
3.21686
3.70288
4.02469
3.35640
1.06524
3.19203
3.57968
2.77062
3.80173
3.94374
2.12742
3.83922
3.63732
3.77068
4.19832
1.72809
3.44263
3.53104
2.08220
3.64250
3.83330
3.73847
2.72127
2.75062
3.31199
3.38613
3.48211
1.04775
1.08117
2.97064
3.08800
2.16272
3.83078
1.80437
3.89990
2.89261
3.77125
3.72614
1.28828
3.71622
3.72378
2.20491
3.64070
3.23444
3.25482
3.58227
3.37010
3.70375
3.55557
3.81393
3.19398
2.77748
1.71400
3.24250
3.40540
2.37907
3.80179
3.08578
2.72046
3.00929
3.79172
3.61334
2.06246
3.84446
3.42951
2.51715
3.53096
3.60744
3.62320
3.51440
2.90104
2.00659
3.36651
3.23895
3.58223
3.54051
1.73452
3.91218
3.62335
3.70688
3.84406
3.77017
2.22240
3.65400
3.53731
2.89316
3.09176
3.14023
3.28340
2.79668
2.63772
3.43026
4.00504
2.97542
2.75176
1.89781
3.32424
2.86386
3.78846
3.96190
1.23885
2.98529
3.88798
3.14786
3.89772
3.40803
3.94701
3.60493
3.64565
0.09014
3.20265
3.92587
1.59649
3.80004
3.88169
3.85329
3.42758
3.71669
3.44110
3.08079
1.69978
3.65175
3.27246
3.14875
3.80659
3.40596
1.11406
3.87348
3.64033
3.38235
3.71779
2.45354
3.83557
3.76326
2.84142
3.50897
3.83296
2.57830
0.92224
1.68719
3.96501
2.95673
2.90730
1.61820
3.99762
3.17125
3.00004
3.53272
3.35988
3.72195
3.65835
3.68095
3.38589
3.47952
1.10219
1.87703
2.32583
2.83807
4.05732
2.22620
2.14395
2.12032
3.51521
3.81840
3.56911
3.67614
1.69459
3.21600
3.11892
1.87294
2.19654
2.66882
3.97078
3.51161
0.83622
3.82091
3.06973
3.68722
3.07521
2.07029
1.12421
3.09886
1.55730
2.92577
2.07489
2.47050
3.46506
3.61220
2.51246
3.34946
3.74733
3.91519
3.75165
3.07641
3.90808
3.59798
1.23421
3.49457
3.00985
3.66387
2.66540
3.75765
4.21121
3.01537
2.05910
3.36725
3.04033
3.42870
2.55048
3.50631
2.50222
3.74056
3.33039
3.93309
3.70795
3.49238
2.41200
3.67487
0.46609
3.82526
1.87851
3.57438
2.87615
3.58178
3.85030
3.53794
4.02215
3.47247
3.81088
2.76395
3.80118
3.40353
3.71898
3.78283
3.74351
3.82297
1.61103
3.84222
3.76738
3.05250
3.27425
3.67565
3.84922
3.57615
3.24035
3.93123
3.52991
3.84127
3.87957
3.39884
2.35221
3.46503
3.84092
2.57559
3.38365
2.12703
3.60567
3.03335
0.97170
2.74535
2.64923
2.91478
3.66474
1.83587
3.72387
3.03085
2.17037
3.86432
3.57912
2.13775
1.11131
3.34298
3.30170
2.65801
3.81318
3.12664
3.38254
3.59330
3.84513
1.81103
3.63935
4.00192
1.53181
2.35154
4.00627
3.52543
3.84731
2.84791
3.23032
2.65227
3.38880
3.08600
3.68503
3.60421
3.22779
3.47567
2.83302
2.86992
3.43826
3.79371
3.77707
3.47999
2.41600
3.69108
3.81960
3.52536
2.01354
3.41044
3.65708
1.08947
3.72886
1.10233
3.51605
2.77411
3.23247
3.37784
3.81239
3.85709
2.74674
3.47746
3.51428
3.38925
2.93819
2.06586
1.93675
1.61098
2.93523
3.00258
3.38789
3.14758
3.75108
3.67767
2.78197
3.69366
1.76411
1.98305
2.44640
2.48614
3.81896
3.56810
0.68714
3.70411
3.57762
3.50907
3.50723
2.74281
2.37450
2.20620
4.03833
3.59608
3.52628
3.32771
3.49757
3.62313
3.75308
3.56400
3.69437
3.82042
3.57260
3.02731
3.86708
2.79676
3.66665
3.71371
2.66488
1.07584
3.40521
3.56483
3.70490
2.97338
3.29934
3.72784
2.53626
3.60233
3.31273
3.14581
2.32625
3.23829
2.34349
3.92820
3.95662
3.38452
1.37975
3.14817
1.79695
3.46388
3.68285
2.27686
3.58863
3.59215
3.12737
3.79674
2.42394
2.15019
3.73368
3.63582
3.35642
2.53093
3.30195
2.57544
2.73969
3.15176
2.78891
1.93099
3.91774
3.03872
3.84423
4.12656
3.38976
3.24926
2.44094
1.90283
2.89787
3.47123
3.73231
3.78575
3.21768
3.49174
3.16555
3.03649
3.72838
3.01455
3.21410
3.33899
3.66725
2.66147
2.77003
3.53618
1.33086
3.83316
3.96478
2.86079
3.80633
1.94485
3.74733
3.97763
3.54786
1.66495
2.47536
3.42765
3.50937
3.65836
3.25253
3.63759
3.46699
4.03078
3.35687
3.92144
3.75985
3.99880
3.71100
3.39941
3.73323
3.74644
3.64798
4.02877
3.41749
2.34860
3.65100
3.55261
3.63652
3.81418
3.89116
3.48271
2.50814
3.85399
3.97564
3.88753
2.95841
1.78389
3.18761
3.22869
1.36253
3.76967
3.12037
3.16768
3.00172
2.79330
3.04649
3.61619
2.81299
3.66862
3.54921
1.81472
1.58978
3.74849
3.70537
2.74554
3.21584
3.00826
2.30370
2.35190
2.95915
3.06096
3.82280
3.45207
4.01049
3.83134
3.85575
3.40152
3.89429
3.69994
4.05365
3.66027
3.97752
2.61865
3.57814
2.81352
2.88502
3.27620
2.12879
2.88950
2.37893
3.46283
2.57320
2.30114
3.62851
3.15108
3.05114
0.87773
3.54892
3.68849
2.92225
2.98221
3.83712
3.43108
3.81093
3.57776
1.84637
3.88403
3.99950
3.78021
3.31378
2.08071
3.07020
2.55108
2.29687
3.48884
3.90846
2.97883
2.62891
2.43056
2.98421
3.96346
3.80208
3.10940
2.55281
3.82464
3.03728
2.96505
3.80253
2.73355
3.45775
3.59786
2.17678
3.38708
0.82583
2.25391
3.43808
3.48494
3.11575
3.53070
2.70530
3.87802
2.94407
3.68627
3.60933
3.82769
1.65917
3.80484
3.47949
2.40929
3.98853
3.49272
4.00000
3.48642
3.46047
3.24439
3.12540
4.08551
3.28774
0.67171
2.49746
2.46186
2.33152
3.28310
3.87286
3.74940
3.72444
3.73304
3.66764
1.38450
2.23946
3.68686
3.10016
1.82058
3.32462
3.39913
3.48029
3.93173
3.76782
3.24735
3.29937
3.72377
2.38659
2.15836
3.64158
3.58491
1.02653
3.76099
1.21852
3.39243
4.23064
3.32462
3.90177
3.57370
3.04998
2.92918
3.56696
3.33419
4.14636
3.34188
3.53440
3.76955
3.98505
3.71908
3.69041
4.04794
3.04913
2.49508
3.71011
2.70708
3.42709
2.04869
3.49887
3.95604
3.88151
3.53350
1.14312
3.86044
3.54288
3.99496
3.38086
3.87275
3.54629
3.92844
2.83641
3.58091
1.29047
3.18817
3.20378
2.65212
3.28024
3.87455
3.38850
3.29301
3.49650
3.93145
2.74550
3.22210
1.42815
3.29074
2.12096
2.57986
2.83965
2.06084
2.44985
3.56607
3.60092
1.42465
3.09280
3.18605
3.59446
2.90362
3.99534
1.70660
1.65089
2.86692
3.92459
3.31262
2.68470
2.79712
3.86243
3.31849
3.86731
3.08329
3.64984
3.64729
3.58187
1.67596
2.94053
3.72196
3.59473
4.03738
3.58505
4.06280
3.61368
3.52319
1.60760
3.88546
3.71953
2.96248
0.07909
2.41040
2.62236
3.27684
2.48576
3.29412
3.14964
3.12263
3.68136
2.61437
2.82258
3.29061
3.67605
3.88194
3.09035
3.78683
2.54012
2.86632
2.53005
2.98752
3.57771
3.72708
3.51136
3.98248
3.71312
1.78167
3.79045
2.23886
1.40338
3.34783
3.47352
3.44203
3.93451
2.97475
3.62651
3.39447
4.00116
3.75231
3.06128
2.13133
2.41520
3.94230
1.91221
3.49326
2.94236
3.18023
1.74467
3.66874
3.29962
3.82624
2.96030
3.97902
0.53807
3.80416
2.96543
3.59625
3.43484
3.71596
2.40603
2.61590
3.46208
4.06013
3.89405
3.80910
2.20617
2.91025
1.38323
2.23367
3.43413
2.04437
3.56724
3.81796
3.51620
3.47936
3.92697
3.75499
3.37809
2.74111
3.52809
2.62799
3.78174
3.37326
2.18463
2.97616
3.70961
3.33988
2.84903
3.35556
2.80320
1.54718
3.45759
2.81782
3.11072
3.59960
2.30148
2.89623
3.40415
3.85726
3.72955
3.67449
3.92712
3.08826
3.14250
1.09559
3.26932
1.70445
2.68730
3.71942
3.14456
2.30634
3.84232
2.33937
3.66550
3.45321
3.85700
3.18471
3.46413
3.64006
2.51488
3.45322
3.37939
3.49698
3.36897
2.30494
4.03964
3.41445
2.61337
1.22049
3.83778
1.74922
3.58520
4.11408
3.75280
3.10360
3.58252
2.63506
3.38557
3.81657
3.81975
2.64313
4.03625
2.57531
3.31704
3.43857
3.19052
2.76948
2.22015
2.02408
3.39235
3.52180
1.13597
3.21422
2.91959
2.63713
2.64947
3.50676
3.86874
3.37668
1.55811
4.01466
3.23319
3.31177
0.97738
2.05680
1.94762
2.65245
3.45926
4.00206
3.31583
3.71671
3.69714
2.47763
0.91756
2.43561
4.22095
3.20062
1.27972
3.64049
3.38474
1.79765
3.36506
2.04495
2.75820
3.98865
3.59068
1.31439
3.42410
4.05550
3.64756
3.56574
2.51037
3.84917
1.79851
2.60017
2.41104
3.81155
3.28787
2.99740
3.33182
3.84043
2.42219
3.62891
1.89846
4.00739
3.92402
3.10539
3.37941
3.32229
3.63090
3.63319
3.99599
2.72406
2.77969
3.74258
3.63172
3.64604
3.67771
3.21158
3.82455
4.05211
3.45658
3.65941
3.40918
3.11105
3.63329
4.06966
1.54724
3.60098
3.63723
3.78152
3.80042
1.87698
3.76755
3.77550
3.72939
3.32677
2.36433
3.36765
2.18070
3.22929
3.66647
4.00606
3.79677
3.95605
2.92246
2.22787
3.77019
3.79252
3.59447
3.05882
2.84752
4.00657
3.26916
3.64040
3.32260
3.58596
3.94967
3.46544
2.02077
3.09895
0.32127
1.92273
3.91046
3.91350
3.21248
3.34120
4.01237
2.47686
3.34400
3.25146
3.22797
3.04019
3.27835
3.84371
3.61856
3.35866
4.06192
3.74866
3.73478
3.47052
3.93103
3.59531
2.11701
3.73996
3.26659
2.59245
3.33727
3.80434
2.32541
3.97337
3.75659
1.81875
3.74228
3.27530
3.55375
3.61881
3.75234
2.74516
2.67400
2.86146
3.07340
3.22723
3.80485
4.11842
3.83660
3.90063
3.72778
3.81758
3.01458
2.82765
4.19339
3.64616
3.56370
4.02317
4.05987
3.14467
3.07318
2.66866
4.05758
1.21374
2.99284
3.85372
0.59891
3.87151
2.74198
3.52053
2.40186
3.06096
2.78808
3.64061
3.24903
3.63782
3.48930
3.48808
3.42417
3.04038
3.17502
3.16667
2.82256
2.01929
2.73742
2.73802
0.48924
3.44904
3.82086
3.47497
3.59548
3.43780
2.07476
3.20292
2.85516
3.62717
2.75095
3.28459
3.41006
2.76228
3.00586
3.74840
1.93217
3.81194
3.75303
3.61515
2.82821
3.03002
1.84650
3.87584
3.30548
2.92634
3.74386
3.99685
2.84667
3.64369
2.93610
1.05103
4.00746
3.99321
3.53294
1.98026
4.00672
2.82674
3.75387
3.52359
3.83160
3.63476
3.19906
3.44129
2.45350
3.78974
3.95797
3.80425
2.29952
2.64897
4.03411
2.07014
2.47714
3.36374
3.94534
3.89747
3.52515
1.90219
3.18279
4.15578
3.94784
4.04164
3.94681
2.36310
3.79623
3.45753
3.46022
3.35652
2.03128
3.11180
3.22434
3.12555
3.71674
3.80488
3.16257
3.84661
2.26843
3.67821
2.17303
3.93414
2.07083
2.56893
3.74075
3.43114
2.36217
3.88272
2.65563
3.08781
3.65283
0.92844
2.59035
3.28906
3.05668
3.69843
2.10540
2.81327
3.11430
3.35533
2.11000
4.18190
3.35119
2.52050
3.47082
3.18068
3.39348
3.50718
3.58892
3.69351
3.38208
3.78617
3.60759
1.94719
3.60384
2.70123
3.69090
3.13038
3.70086
3.65396
3.35395
3.03273
3.00127
3.86347
2.58567
3.08426
4.04153
3.75397
3.77180
2.92620
3.61065
1.76033
1.96410
1.82041
3.76992
3.72507
3.86619
1.86108
2.22881
3.15857
1.93785
1.99237
3.46712
3.51810
3.65373
3.84391
3.28561
2.00763
3.79638
3.60198
3.75292
3.14516
2.69103
1.65104
3.46432
4.12903
1.73247
3.54628
3.77362
2.75516
1.99281
2.98886
3.34087
3.65544
2.85462
3.20013
2.98592
3.72795
3.94212
2.87216
3.66127
4.16477
3.37296
4.05166
2.81339
3.70448
3.82788
3.46882
3.68141
3.60494
3.98792
3.89970
3.08240
3.23337
3.51607
3.85445
2.48651
3.76815
3.41137
4.01910
3.66430
3.27288
3.17326
3.80760
3.53868
3.25540
3.13429
2.07752
3.09577
3.79696
3.63708
2.27792
2.79484
4.02596
3.66278
3.89480
3.33282
2.07088
1.86844
2.25819
3.76757
2.00396
3.91710
3.99990
3.05821
3.61946
3.34860
3.62413
2.97579
3.13991
3.77932
3.79932
4.02243
1.42986
3.73698
3.78719
3.73734
2.03945
2.25936
3.43626
3.89595
3.58851
3.29745
3.69751
4.05412
3.67722
3.61964
3.80348
3.80189
1.93437
2.89577
2.99856
3.28866
4.01202
1.76597
3.72039
2.21538
3.79611
2.91437
3.06636
1.94859
3.82371
3.62409
3.94153
3.55680
3.24437
3.77986
1.79197
3.80169
3.46081
3.04127
3.31335
3.39642
2.69638
3.32832
3.75545
3.89642
3.57410
3.93470
3.36432
3.90424
3.90833
2.82723
3.74433
3.72966
3.21841
3.66059
3.59238
3.63320
4.11356
3.50500
0.41319
3.90860
3.57774
2.97427
3.04244
2.19510
3.58247
2.82669
3.50806
3.00948
3.93267
3.29267
3.12243
2.90235
3.87259
3.11887
3.37916
2.81956
2.62249
3.10866
1.77292
2.72738
3.28929
3.59454
3.48327
3.33824
3.57424
4.20011
4.25997
2.77273
3.58817
3.28985
3.89688
3.27638
3.72086
0.23090
3.25570
3.27071
3.57494
2.64808
1.68345
3.26960
3.78368
3.77956
2.70643
3.78614
3.36481
4.13130
3.10877
3.36315
2.78375
3.60477
3.37464
3.55812
0.85004
2.45643
2.92297
2.61041
3.21031
3.24935
3.04936
3.68834
3.46500
4.07630
1.92890
3.86069
3.06907
2.20835
3.72075
3.75989
3.99095
3.58366
2.71833
3.70211
2.99781
3.42491
3.04887
0.82981
3.33292
3.49714
3.79241
3.83866
3.92811
3.85437
3.24897
3.71792
2.20412
3.74971
3.85962
3.70732
2.30603
3.26216
3.99132
3.49603
2.17323
2.84828
2.61895
3.00195
2.48885
3.28189
4.02020
3.52532
3.15301
2.52200
3.36075
3.76035
2.14687
3.47762
1.97327
3.56480
3.45883
3.82201
2.74607
3.34934
3.64741
4.03301
2.00767
3.50584
3.70503
3.81554
3.69492
2.80023
3.54303
3.60495
1.49859
3.62654
3.20901
3.79907
3.76337
3.30319
1.59932
3.58381
3.77364
0.35820
3.21463
2.75660
1.90281
3.45060
1.18327
3.80183
1.45968
4.00363
3.56207
3.93608
3.61466
3.04010
3.52363
3.72250
3.74693
2.32484
2.15691
2.79162
3.38149
4.13826
2.17782
3.91517
3.98895
3.87449
2.80225
3.82364
3.71730
3.94803
3.49824
1.22064
3.11844
2.85072
3.88248
2.18679
3.43314
2.55128
3.85200
3.63836
1.53521
3.83598
3.72991
3.78706
2.94902
3.53267
3.17148
2.22824
3.87099
3.60396
3.79379
3.07179
2.41338
3.84388
2.64565
3.57262
3.84349
1.93611
3.31519
2.64636
3.51091
3.77331
3.22921
2.02677
1.09634
3.52924
2.51679
3.44341
2.78141
2.00358
1.48265
3.29914
1.17440
1.46030
3.17561
4.10143
3.27483
3.66053
3.65241
3.62199
3.65034
3.62340
1.16018
3.59368
3.41522
3.76854
4.00241
3.36662
3.67073
3.95731
1.62070
3.17173
2.56122
3.73400
3.50091
2.66576
3.72245
2.22919
3.14986
3.86332
2.80794
3.82211
3.97425
3.17719
2.97123
3.33243
2.86392
3.34581
1.70294
3.94099
3.58894
3.47556
2.37554
3.20188
2.31489
3.34835
3.40675
3.77983
2.80686
2.98978
3.06055
1.67205
2.74010
3.61856
2.14374
4.07232
3.63516
2.58733
3.94587
3.64504
3.90807
3.57096
2.99968
3.88963
0.98769
3.85990
3.76963
3.36651
3.76406
3.66362
3.96837
3.21539
2.62100
3.91835
3.85363
1.27933
3.59450
4.02373
3.46664
3.15148
3.36234
3.69348
2.68062
3.49475
3.53666
4.19040
3.14875
2.88994
3.60039
2.80596
2.13132
2.67451
3.08678
1.94596
2.51047
1.42390
3.69565
3.48235
3.40484
2.49338
3.31438
4.04027
4.08421
3.93659
3.27380
2.46265
3.78395
3.62542
3.77441
3.72184
3.99737
3.79893
1.91607
2.68896
2.03324
3.43140
0.77843
2.92049
3.70189
3.59730
3.69135
3.47705
3.71794
3.72784
3.54187
3.40786
2.97137
2.86261
4.05219
3.65190
3.45972
3.42019
3.20648
2.05958
3.52920
1.52406
2.17825
3.65771
3.12705
3.77384
1.76733
1.60295
1.00254
1.45079
1.34720
3.15951
3.67044
3.81680
3.39730
3.75846
2.21198
1.37417
3.75840
3.52434
3.58295
3.48655
3.50576
2.86194
2.06418
3.53680
3.89114
3.68455
3.97151
3.85882
3.15945
1.77848
3.31915
2.31420
3.25239
3.43299
3.65247
3.96222
2.39592
2.43653
3.90456
3.86141
3.46010
2.40836
3.46404
3.71663
3.09964
3.68342
3.62715
3.78574
3.54803
3.59139
1.52193
1.76553
2.90357
3.67475
2.99707
3.66976
2.80047
3.72544
3.63933
3.10541
3.78225
3.81338
3.80184
3.77108
3.23191
3.97819
3.00674
2.86076
3.52710
3.94146
3.48881
3.80166
2.38351
1.89978
2.22243
3.61358
2.34575
3.64616
3.02866
3.39825
2.65173
3.01641
3.17826
2.67927
1.17514
2.28500
3.87360
1.62138
1.11212
3.84916
4.01175
3.70281
3.95200
3.90193
2.74925
4.05298
1.12199
4.00232
3.36224
3.67915
3.57300
3.40813
1.78811
2.62110
1.13582
3.12520
4.00810
3.83456
3.73763
4.04709
2.57171
3.71385
3.61783
3.71762
3.66791
3.13274
3.49642
2.55942
3.63113
3.94208
2.04650
2.38921
3.62990
3.82762
3.15855
3.54520
3.67715
2.46171
2.77606
1.49509
3.72029
3.90869
2.76543
3.52021
3.25344
3.74905
3.97729
3.82908
3.53158
4.10620
3.41180
3.52958
3.60242
2.75219
3.36588
3.78967
2.30568
3.55209
3.45771
3.33127
2.39033
3.60028
3.65642
2.41474
3.88041
3.27680
1.70439
4.02364
3.71669
3.35605
3.30304
1.49172
3.49455
3.96743
3.56872
3.84660
3.63178
3.54374
3.18549
2.45209
0.17149
3.86881
3.58476
3.01165
3.52300
3.77757
4.03245
2.49202
2.56651
0.72909
3.36601
3.82393
3.90067
3.05174
3.60742
3.82738
3.90780
3.61427
1.87923
3.63684
3.18814
1.73735
3.38500
2.88584
4.05254
3.49013
4.00646
3.33131
2.43801
3.30461
2.19108
2.50515
3.25278
3.55970
3.34642
2.91570
3.60081
3.24332
3.32457
1.35340
3.28724
1.91341
3.58807
2.64399
1.90689
3.58357
1.67534
3.03625
3.48913
3.88550
3.57315
3.73173
3.43073
2.28442
3.61200
2.54996
3.60417
3.41876
3.36466
3.35363
1.37384
3.19101
3.88941
3.66967
3.64697
2.30834
3.45541
3.26262
2.58158
3.87072
4.04488
3.91635
3.44865
3.73527
3.75726
3.38799
1.53606
4.01260
3.53385
1.26205
3.91028
1.39995
3.07110
3.57452
3.27906
2.74344
3.72210
3.59168
4.08133
3.51901
3.55968
3.68379
3.55730
3.59775
2.70905
3.97556
4.09883
3.63873
3.95652
3.89214
3.62186
3.96132
3.71506
2.92018
2.99808
3.77663
3.49721
4.08324
3.89126
3.52216
2.85528
2.77532
3.36676
3.46955
2.96446
1.09424
2.81198
1.68652
2.54914
2.59242
2.56262
3.51482
3.52178
3.61090
3.38232
2.76146
2.59423
4.19260
3.90971
3.16942
3.71156
3.74385
2.98651
2.90860
2.99315
1.24633
3.54808
3.80260
2.06123
3.50803
3.55760
3.55713
2.06227
2.06745
3.19817
2.85542
1.59705
3.46598
3.33660
3.98056
3.39368
2.34729
3.62908
3.41075
3.62658
3.60463
3.63434
1.22797
3.42102
3.96727
3.69564
2.09154
2.22951
3.94374
3.40094
2.82262
3.76425
3.72816
3.42216
3.58361
3.94386
4.04430
3.16673
3.44030
3.45444
1.81802
4.15164
2.74797
3.01162
3.53365
3.29713
3.95894
2.86571
3.19482
3.38117
3.85074
2.92569
3.44337
2.03107
1.37055
3.61854
3.32853
3.61455
1.32271
3.91911
3.60507
3.10912
4.09026
3.87356
3.54062
2.56107
2.88805
3.33836
3.50649
1.88496
3.38341
3.32715
3.88807
3.17510
3.92347
3.65128
2.46431
3.86555
3.61699
3.75515
3.23975
3.57773
3.52363
1.57039
1.40096
4.14761
2.06214
3.67486
2.90221
3.66784
1.84813
3.18572
2.89607
3.80324
2.87797
3.19827
2.97950
3.18083
3.80719
3.56976
3.70772
3.62232
3.26205
3.46620
3.47906
3.54992
3.96964
3.50919
3.65885
3.72853
3.85785
4.08580
3.27161
3.75629
3.31354
1.96896
3.55172
3.76307
1.48737
3.86349
2.93674
0.47740
3.64460
2.85710
3.85997
2.81813
3.46029
2.66708
2.87580
1.11714
1.34244
3.12846
4.12816
3.45012
3.57255
1.58320
3.31344
3.78757
2.66059
3.49882
3.70537
2.60174
3.46982
3.54671
3.65495
3.28029
2.80669
3.46031
3.30927
2.63545
3.42852
0.94134
1.95113
3.71934
3.96674
3.91641
3.05704
3.14031
2.58161
1.39814
3.97029
3.55394
3.65617
2.86037
2.66557
3.76619
3.15608
3.21933
3.64291
2.97900
0.24420
3.50843
3.00454
2.21413
3.77008
1.48752
3.10689
3.48121
2.21496
4.07937
3.62910
4.19451
2.82125
2.89953
3.86668
3.88638
3.36506
3.81484
3.91419
1.74665
3.79910
3.36308
3.21578
4.14891
3.03685
1.85981
3.93801
4.06393
1.91965
4.16233
1.83208
4.05467
3.69043
3.10021
3.83873
3.32793
1.98108
3.90897
3.57924
3.71623
3.64416
2.19442
2.71836
3.76751
2.77030
3.40598
3.88844
3.60245
3.21961
2.73258
3.23262
1.73999
3.96230
3.04638
3.53337
2.98107
3.87398
3.74597
3.85041
3.83598
3.42189
4.05430
3.33612
3.40878
3.36117
2.77267
3.20482
3.99279
3.77244
2.41747
3.81581
2.43842
3.80642
1.91479
3.34405
3.50288
2.32997
2.52021
3.45838
3.54082
3.76838
3.24547
2.16634
3.95656
3.90051
2.15264
3.04310
1.61370
3.43091
3.96973
3.49941
2.35705
3.32565
2.56729
2.37156
3.65798
3.03155
3.30537
3.48658
1.99432
3.13180
3.96163
2.30852
3.75597
2.57052
3.44370
3.23942
3.12586
3.11467
3.18212
3.77761
3.78679
1.66456
3.53442
2.71309
3.09893
3.49356
1.61384
3.82448
1.18972
3.78412
2.63012
2.96736
3.66411
3.53212
2.88429
2.04672
3.13654
3.01453
3.63983
3.58179
3.05438
3.48243
2.40468
4.05354
1.32819
3.88679
3.94594
3.42553
3.34648
3.54782
2.94427
3.18286
3.33828
3.61828
3.46028
3.13817
3.47389
3.36139
3.58501
2.16394
3.65305
1.94363
3.73254
2.98707
3.11214
2.61208
2.99590
0.98474
3.02095
3.43870
3.72552
3.70295
1.07806
3.63307
2.61842
3.70182
3.76122
3.05727
3.75926
3.80790
3.48278
3.61346
2.43490
3.20902
3.83013
3.58118
2.27614
3.58122
3.74153
3.36354
3.67410
2.83227
2.22468
1.09283
2.26727
3.69573
2.84312
3.64725
3.96129
3.43151
3.14628
3.74416
3.42482
3.63948
3.25657
2.30427
3.20315
3.36394
2.05381
0.05512
2.18152
2.42118
3.00220
2.90705
3.38699
2.68540
3.25785
2.39644
3.82460
3.57246
3.67156
1.58730
1.85408
3.74373
3.10458
2.79921
3.44533
1.74271
2.04978
2.61068
3.47749
2.51028
3.49069
3.26549
2.00517
3.76868
3.44712
2.92971
3.04568
3.70893
3.44868
3.30898
3.86168
3.46688
2.59447
3.25390
2.56166
0.24428
2.62680
3.74752
3.66798
3.07104
3.47893
1.27368
3.44088
3.43953
3.65383
3.64181
3.68851
3.86112
1.44910
3.93508
3.86984
3.89453
1.07108
3.75106
2.14128
3.35884
3.06395
3.53180
2.49610
3.30052
2.84137
3.23757
2.23978
3.16589
3.34265
1.76796
2.29471
3.58333
1.74706
1.83198
3.11630
3.48214
2.41168
3.03450
2.74950
3.75147
2.15820
1.66805
3.19135
3.80955
3.95539
4.09634
3.47159
3.84419
1.47726
3.35999
3.63857
3.91616
3.66711
4.11791
1.60367
3.58981
3.19048
3.62928
2.73601
3.55149
4.00270
3.73293
2.70484
1.79112
2.59955
3.56625
2.89396
3.00234
2.74653
2.06801
3.33956
3.50963
3.90924
1.83367
3.64460
3.87525
3.68976
0.90430
3.66111
0.95560
3.42751
3.26041
3.95362
2.15575
3.76513
3.46466
3.31256
3.41528
3.54441
2.18990
3.59209
2.90810
3.88799
2.75314
2.51402
3.59158
3.34323
3.59561
0.60564
3.65455
3.46865
2.93364
1.91694
3.38767
3.52909
2.89439
1.82085
1.96264
2.92849
3.57765
2.42007
1.66572
3.55704
2.54054
2.93051
3.51189
3.38161
2.30184
2.50143
2.72064
4.03255
3.04499
1.19351
3.61493
2.48452
1.69564
3.12134
1.94516
3.02134
2.37548
3.26343
3.84487
3.57627
2.23456
3.97862
3.53792
3.89412
3.46443
2.69004
3.74455
3.74748
2.39111
2.50871
2.35683
3.53994
3.63762
0.95310
2.95791
4.01458
3.64475
3.62573
1.75781
1.62728
3.71088
2.18588
2.55162
3.32331
2.85355
1.55011
1.03269
1.59282
2.89756
2.67586
2.80667
3.87999
3.16966
3.91684
2.45603
3.89476
3.59010
3.70143
3.73499
2.72858
3.94931
2.96544
3.43696
3.45849
3.03338
3.79289
2.35914
3.68709
3.94012
2.12827
3.94538
3.18674
2.73241
3.40137
3.38797
3.70262
3.38239
3.77652
3.61480
3.47551
3.35839
3.41495
1.28659
3.54569
3.45291
3.43724
4.13827
3.87569
3.08180
2.85197
1.03928
3.60895
3.31726
0.74562
2.03044
3.69124
4.00650
3.46879
3.80310
3.92867
3.75701
3.45464
3.57490
3.80344
1.75734
3.56250
2.64567
2.18102
3.60753
3.81397
2.71246
3.06841
3.90050
3.76323
4.06309
1.74018
2.66545
2.47502
1.67152
3.47172
3.71243
2.71970
3.41371
3.84675
3.70656
3.66837
2.65383
3.62147
3.10763
0.99843
3.88397
3.00721
1.62524
3.71652
3.51318
3.31081
0.70599
3.96856
1.76195
3.03426
3.70794
2.90590
3.27161
3.30735
3.43231
3.78865
2.98736
3.29036
3.66584
3.78113
3.49178
3.58987
3.81374
3.13085
3.13545
3.00412
2.51928
1.87404
0.86417
2.82289
1.79569
2.98770
3.43378
0.61632
3.64866
3.76479
3.62719
2.42501
3.71243
3.15657
3.67074
2.53354
2.37218
3.95010
2.77529
1.33484
3.39022
3.41552
2.23205
2.62656
4.09255
3.44480
3.90413
3.34550
3.57603
2.92573
1.50489
2.83209
3.48244
2.89433
2.93158
3.45285
3.47270
2.17608
3.52675
3.92284
2.09421
0.57210
2.54850
2.91072
2.46199
2.68465
3.95045
2.34030
2.62392
3.52316
3.57304
3.29901
2.81236
3.42458
2.93022
3.82754
3.35980
3.85471
3.10110
3.74320
3.58033
3.45437
1.20127
3.60125
3.60824
4.15543
3.34052
2.77806
1.37080
3.79404
3.87604
3.35668
2.75574
3.40595
2.22856
1.44220
3.69321
3.69692
2.31825
3.64380
3.07765
2.49048
3.72982
3.90672
1.92949
1.45890
3.74975
2.19194
1.52633
3.01316
2.92213
2.27777
3.38657
3.73971
3.30310
3.90064
3.48332
3.89884
3.75267
3.53335
2.28566
3.87307
3.47888
3.79450
1.97179
3.34337
3.78384
3.84971
4.01845
2.34886
2.09398
3.54743
3.33133
3.73964
2.90566
3.71582
3.74930
2.88364
2.02549
3.53086
3.79399
3.35349
3.62224
2.18077
3.64437
3.44977
1.86474
3.64231
3.56553
3.96245
3.58509
3.81800
2.16507
3.11905
2.11156
3.60581
3.68153
3.99739
3.13698
2.26686
3.81874
3.66320
3.60767
1.10136
3.01098
2.31723
2.23133
3.53234
3.05461
3.81965
3.37194
2.77942
3.69132
2.41997
3.62814
3.49038
3.88913
1.18035
3.00725
3.68647
2.80794
3.66652
2.06601
3.40708
3.86624
3.81177
0.07908
3.35215
3.89850
3.61759
3.60566
3.84558
3.37526
2.31613
3.93136
3.80451
3.97497
2.38024
3.99903
2.71198
2.39570
3.50190
3.57386
3.46374
0.82479
2.78510
3.45739
3.78027
0.89985
3.77151
3.42755
2.32976
3.95581
2.51859
2.48368
3.79775
2.36716
3.40773
3.28996
4.05326
3.85244
1.58493
1.03196
3.95431
3.48534
3.05179
2.31025
1.19700
3.24338
3.52416
2.74618
3.82837
4.17274
3.41367
1.84053
2.90890
3.11636
3.83538
3.78376
3.41258
1.60888
3.43276
3.41732
3.82686
3.11635
3.62608
3.84155
3.25708
1.77124
3.93226
2.63580
3.40133
1.71008
3.23948
3.33818
3.82078
3.66162
3.65906
3.38053
3.88614
3.54772
3.44226
3.85802
3.61615
3.68316
3.90911
3.43838
1.73751
0.49410
3.15348
3.38496
1.77150
3.86612
3.79262
3.46318
2.10330
2.12824
3.57959
2.16451
3.03434
3.74046
3.64461
1.34766
3.43094
2.55793
3.00037
3.32809
3.56411
0.77552
3.26213
3.72148
0.36365
3.51827
3.36319
3.95942
2.60886
3.25562
3.71555
3.55529
2.72432
1.68681
3.93783
3.01138
1.71192
2.82265
2.73525
3.78296
3.87838
2.90245
3.56558
4.11562
3.54003
3.27870
3.80058
2.13045
3.26594
3.23512
1.58680
3.82279
3.84723
3.49290
3.85640
3.20739
3.37401
2.59511
2.78504
1.62006
3.83507
2.12428
3.09830
3.28482
2.84367
3.73855
4.03077
3.62253
3.40945
3.45142
3.69898
2.91300
3.74769
2.90207
2.68802
3.70221
2.11224
3.08318
3.61928
0.51192
3.23562
3.54821
2.31485
0.29283
3.70911
0.67734
3.41579
1.94790
3.38384
1.90768
3.33901
3.51674
2.86592
2.50437
3.36337
3.31669
3.69051
4.02409
3.94445
1.64915
2.66991
1.47895
3.91872
3.18051
3.58344
3.16694
3.81412
2.06767
3.29829
3.54146
3.93445
3.86049
4.07376
3.29659
0.67415
3.01706
3.32566
1.59744
2.87556
1.47990
2.06087
2.75823
3.56595
3.23720
3.19920
3.77020
3.03797
1.99377
2.05291
3.14393
3.36980
2.55001
3.92861
3.96338
4.13145
3.78138
3.26687
2.33813
3.42519
2.98628
3.52551
4.15717
3.25857
3.35569
2.83281
3.42530
3.19115
3.56125
4.07748
3.77619
3.15492
2.94562
1.34184
3.33576
3.94395
3.60583
2.79348
2.36198
3.38985
3.81871
3.93191
3.29441
3.58564
3.94854
3.48793
1.31936
3.03269
4.08832
3.76289
3.80195
3.47063
3.93002
3.24029
1.61127
3.68295
4.04582
1.77365
0.96501
3.59282
2.26114
2.40429
3.06023
3.68752
2.42366
1.95125
3.69282
2.13063
3.47142
3.81589
1.99250
0.85893
3.84570
3.13240
2.91522
3.21123
3.18706
3.42496
3.35353
3.33381
3.99455
3.81149
1.94133
2.75971
2.88834
0.64013
3.31774
3.62759
3.93686
3.32138
3.88026
2.98484
3.00093
3.65991
2.42726
3.98459
3.32061
0.50254
4.08935
3.02494
3.92112
3.87420
2.22007
3.00683
3.94919
3.54157
3.99452
3.39851
3.84350
3.77701
1.12133
2.18564
3.72106
4.03680
3.75254
3.84603
3.09780
2.79499
1.01365
2.16100
3.62153
3.41320
2.66232
3.77211
3.70987
3.42789
1.93160
2.46058
3.10156
3.77767
0.82173
2.77888
1.28516
4.07775
3.69118
3.48838
4.16305
3.26455
3.65850
2.06183
4.15886
3.32987
3.82797
3.02347
3.13621
3.55955
3.98841
3.55051
3.42367
2.50852
3.47479
3.98758
4.21849
1.50173
3.60144
3.48311
3.55565
3.24952
3.69905
3.36033
2.43994
3.68633
0.23009
2.90759
2.63954
3.32025
3.71065
3.22294
3.62830
3.87573
3.33249
3.38519
2.07512
0.20053
3.70230
4.08403
3.65843
3.53472
3.21371
3.99937
3.71332
2.13626
3.04636
3.79430
3.15228
1.31647
3.28158
2.65239
3.52187
3.64171
3.57396
3.58496
3.57965
3.91082
3.55832
3.59973
3.60019
3.77972
3.39559
2.90991
3.15095
3.60196
3.69646
3.88966
3.11050
1.84614
3.46052
3.85001
3.31138
2.71049
2.77573
2.65481
3.73315
3.26948
3.09129
3.82640
3.10894
1.39906
0.38442
3.27119
3.91465
2.45835
2.48200
4.20608
3.43355
2.71687
1.87200
2.90004
3.47026
3.43011
3.03005
1.98210
3.19315
2.49030
3.82842
3.85345
3.56548
3.45166
3.20192
3.40151
3.66702
3.84877
3.46312
2.90735
3.75117
2.21364
3.62672
2.65848
2.35009
3.00632
4.12365
2.66284
3.61687
1.56776
0.88618
3.86628
2.22563
3.77948
2.11340
3.64753
3.58554
3.04431
3.61700
3.38403
3.49295
2.97022
3.04940
1.77586
2.63500
3.43890
3.42527
2.46629
3.10399
2.99688
2.84355
3.51354
2.33381
1.74637
3.80980
3.69914
3.41252
3.70933
2.15907
3.94995
3.36891
4.03411
3.82559
3.47045
3.02771
3.37567
3.53812
3.11173
3.72533
3.60894
3.18744
3.89874
2.04259
3.37921
3.86244
2.92510
3.53133
3.54883
2.07609
2.68942
3.22006
0.95770
3.82857
0.28064
2.60095
3.37227
2.45029
3.89688
3.54286
3.68664
2.82545
1.50733
3.87123
1.42163
3.88345
3.66236
2.84813
3.44576
2.84419
3.66213
3.21463
4.06569
3.22907
3.51323
3.25306
3.50602
3.64134
3.73442
0.50166
2.81629
2.74012
4.02487
3.86551
3.40919
2.66469
2.45831
1.84844
3.47444
0.82620
3.75532
3.15804
2.87711
2.91648
3.22896
3.21908
3.78000
3.75363
3.47288
3.68141
3.91205
1.83666
3.26449
3.84902
3.64249
2.94096
3.07804
2.24695
2.82471
3.14038
1.98540
3.75391
3.26411
3.79885
3.36917
2.97305
4.02543
3.00913
3.81695
2.57849
3.92283
3.19374
3.75265
2.74640
3.50279
1.52353
3.86839
2.06808
3.07269
3.86576
3.91970
3.82095
3.20657
3.92628
3.20840
3.72564
3.61783
3.67463
3.62491
2.02012
3.17015
3.93929
3.48273
3.53606
2.31581
3.79937
4.00591
2.60909
2.88472
4.12106
3.44374
3.34764
4.01713
2.71889
3.87835
3.80082
3.54523
2.77007
3.23382
2.89464
3.74524
2.69388
3.65265
3.69584
1.87033
3.55124
3.32827
4.13014
2.10516
3.35598
3.95473
2.56909
3.39376
1.36663
3.58406
1.78355
2.80839
3.54292
0.60245
2.13167
3.94409
2.92796
3.28839
3.88794
3.81782
3.47607
3.32363
3.94802
3.00765
3.84990
2.04314
3.78281
2.13351
3.01299
3.98529
3.59703
3.84340
4.02149
2.04570
2.90809
3.82090
3.61538
0.91459
1.14705
1.76265
1.64016
1.89837
1.20276
3.47299
3.80977
3.60438
3.27922
3.80496
1.85157
1.47594
3.26976
2.21018
3.43756
2.72273
3.63118
3.13487
0.55171
1.89033
2.93389
2.05462
3.11395
3.55064
2.87848
3.70788
0.94438
2.90849
3.76745
2.93513
1.70235
3.85403
1.86841
3.84984
3.97495
3.44308
3.62137
3.40840
3.45893
3.78340
3.63247
2.85556
3.86300
1.44345
3.92842
3.49577
3.67081
2.85224
1.03061
4.07019
3.24679
3.24571
2.20429
3.69233
2.80866
3.40611
3.22167
2.43529
2.31486
2.78790
3.39868
4.02712
3.88973
3.84443
3.59564
3.81308
3.41836
3.42716
3.10808
2.90792
3.10970
3.78308
3.79182
3.86913
3.93925
3.08233
2.85091
3.38269
2.50803
3.14181
3.21218
3.71003
3.48189
1.15121
2.01112
3.65316
4.18396
3.49197
1.73011
2.65130
3.79155
3.08765
2.97812
2.84323
1.74011
3.78094
0.43397
3.57502
3.71902
1.92139
3.58821
2.06001
2.86987
4.05821
3.33145
3.41481
1.71286
2.44487
3.57427
3.49601
1.73642
2.09472
0.98319
3.46879
3.38594
3.02551
3.05667
3.68491
3.72042
0.29180
3.65993
4.06400
3.40830
0.95631
3.48549
2.74539
2.77988
1.89358
3.93472
3.66961
3.72277
3.26062
3.79577
3.41234
3.90691
3.64287
1.61861
3.56168
3.71271
3.85872
3.59253
3.73334
2.42855
2.89312
3.52797
1.05211
3.66578
3.31302
1.55989
3.40392
3.07924
2.85793
3.29732
2.09584
3.56107
3.18242
3.65443
2.54776
3.44145
2.49616
3.77950
2.49834
3.26667
3.53469
3.39606
3.49299
0.92328
3.81914
3.19268
3.91668
3.38894
1.78106
1.73721
1.11687
2.81801
3.56934
4.18436
3.64826
2.51189
2.05637
1.98791
3.40724
3.71124
3.73818
3.24155
3.82451
1.68330
4.03513
3.68845
0.40733
1.84830
3.43806
3.03590
0.80575
2.64949
3.89572
3.68306
3.00343
3.71163
3.60077
3.54018
3.68840
3.06086
3.58608
3.24224
3.45486
3.68006
3.41339
2.49086
3.77194
1.53949
3.91147
2.28035
3.19339
3.65347
3.15849
3.25894
3.60126
3.80576
3.80795
1.48305
0.50237
3.38892
3.95848
4.23867
3.10776
2.69078
3.76295
3.05210
3.66901
0.96529
3.89990
3.57825
3.94032
3.93384
3.93541
2.90096
1.37410
3.66062
2.96055
2.50741
2.18283
4.03411
3.54331
4.02327
3.25403
2.63826
3.68221
2.37744
1.12807
3.20185
3.66871
3.61095
3.51660
2.78816
3.65272
1.83686
2.29536
3.60347
3.81138
3.54983
2.31750
4.03023
3.79374
3.46591
3.23171
3.66804
3.44629
3.51952
3.70375
3.24559
3.94384
3.23031
3.78092
0.32155
4.00709
1.84406
2.33699
3.69917
2.48927
3.43472
3.82677
3.84470
2.26999
3.53305
4.01187
0.41983
3.59816
3.41396
3.24608
3.93134
2.73520
3.74092
3.36409
3.30383
3.96572
3.50668
3.52956
3.90042
3.18991
3.51436
3.27424
3.55389
3.45874
2.28760
3.57442
3.80913
2.98351
3.40065
0.30217
3.72326
2.70673
3.20709
3.92098
3.55980
2.50080
3.84755
3.06981
1.38024
3.44835
3.74520
3.41763
1.51274
4.06718
3.66744
3.78659
2.98794
3.34250
3.51355
2.08849
4.06378
1.92849
3.54139
3.35061
2.31259
3.16974
3.63549
3.60558
3.59847
2.62687
3.64185
3.80219
3.04619
3.21922
3.95747
2.35396
2.93613
3.80936
3.60837
3.23406
3.11597
1.44427
3.14846
3.46862
3.13140
2.26766
3.65999
3.60691
3.54452
1.66764
1.04157
3.93554
3.26282
2.49189
3.48097
0.48053
3.88321
3.66759
3.22090
3.00190
4.01419
3.14864
4.12004
3.57049
2.70702
3.32670
3.22384
4.09620
1.39134
3.11758
0.91514
3.70262
2.78179
3.32548
3.87633
3.29736
1.89128
3.19266
2.59149
2.93994
2.88142
3.88900
2.76364
3.50774
3.81381
1.15183
3.51713
3.99936
2.90981
3.53072
2.35965
2.92948
3.69379
3.48259
3.83759
3.36616
3.59787
2.85763
3.62566
1.56830
4.01154
2.74100
3.00159
3.77164
1.30096
3.68355
3.09300
3.73720
2.98097
2.82773
3.37444
3.47198
4.03342
3.59273
3.13000
2.68290
3.02343
3.92081
1.36812
3.31305
3.45203
3.51143
3.25027
3.82996
3.60589
1.03792
1.68112
3.44695
3.46876
3.00162
2.41895
3.60782
3.50658
3.88254
3.52003
3.62445
3.29200
3.19698
1.36499
3.63595
1.52621
3.46627
3.70397
2.84868
2.79373
