1.29448
0.45709
1.19963
0.00423
0.06315
1.97505
0.84452
1.75447
0.58596
0.31566
0.91428
0.07350
0.01541
0.00000
0.00008
0.00001
0.00008
0.33011
0.00000
0.00000
0.00001
0.04765
0.52844
2.60360
0.03936
0.00003
0.00000
0.00002
0.04825
2.50502
0.00007
0.68561
0.43644
1.29551
0.10879
1.98904
0.00410
0.99727
0.30535
0.69644
0.20849
0.54877
0.83669
0.66079
0.00000
0.00732
0.00061
0.00009
2.51918
2.28710
0.18436
0.01510
0.00000
0.00149
0.00024
0.00249
0.00575
0.03656
0.00133
0.27896
0.00797
0.08955
1.69252
2.33774
0.70707
0.64909
0.00024
0.08687
0.07988
0.00263
0.00038
0.80360
0.05789
0.07349
0.01472
0.00010
0.00000
0.00668
0.00123
0.71092
0.00654
0.00033
0.00000
0.16914
0.22607
0.00043
0.00141
1.43471
0.64229
1.75244
0.00533
0.00890
1.58333
0.01055
0.22137
0.04139
0.44341
0.04227
0.07006
2.67925
0.39078
0.43627
0.90891
1.55956
0.48284
0.00000
0.00000
0.00000
0.00440
0.24637
0.01316
0.00002
0.32346
0.28178
0.00003
0.00240
0.40537
0.00260
0.12324
0.00124
0.72993
1.79005
0.00802
0.61534
0.00611
0.02589
0.57572
2.09750
0.00033
1.75322
1.20446
0.00978
0.00186
0.07090
2.30991
0.19597
0.00297
0.56941
0.11102
0.00210
0.23204
0.24055
0.01431
3.12225
0.02469
0.00394
0.40588
0.00000
0.00529
0.00060
0.02036
0.00436
2.35606
2.07844
0.14740
0.01045
0.00157
0.30989
1.06950
0.01503
0.00011
0.00001
1.04756
1.87714
1.75904
1.16133
0.00000
0.43163
0.01021
0.12344
0.18192
1.33534
2.27888
0.03773
0.00646
0.17391
1.69835
0.62489
0.00019
0.00005
0.00217
0.85728
0.00100
0.00048
0.48142
0.00200
2.56625
0.00090
0.86538
0.25810
0.00279
1.17501
1.15485
0.00011
0.00009
0.00003
0.61050
0.79597
0.00003
0.00235
0.00036
0.00063
0.00113
0.00361
0.00070
0.02606
0.00256
0.00000
0.00006
0.78198
1.11400
0.85323
1.58403
0.15946
0.00000
1.21356
0.46965
0.12463
0.61447
0.06393
0.18506
1.96750
2.43981
0.00009
1.74960
0.45611
0.00023
0.00282
0.09336
0.35773
0.04720
0.00110
0.96998
0.00002
0.00033
2.16331
0.10631
0.05249
0.00000
0.00013
0.00034
0.00000
0.00029
2.40389
0.06816
0.02641
0.00001
0.38532
3.21335
0.05783
0.00010
0.09251
0.86503
0.00000
0.18029
0.25605
0.01358
0.03116
0.02077
0.01046
0.23241
0.00106
1.31501
0.16926
1.15351
0.33592
0.94295
1.13393
0.10191
0.23852
0.00832
0.00016
0.08698
0.52272
1.15545
0.02199
0.17794
2.23197
0.00239
0.00001
0.00881
0.00027
0.13705
0.00018
0.07747
0.00000
0.57398
1.38977
0.00045
0.01655
0.63563
1.93462
0.03588
0.29604
0.99830
0.00013
0.16349
0.02580
0.00563
0.83735
0.48484
0.05133
0.42534
0.04271
0.65761
1.56713
0.00173
0.00001
0.57545
0.04773
1.30923
0.00213
0.00000
0.10574
1.56465
2.91964
0.02086
0.02962
0.00126
0.00044
0.47087
0.66019
2.11017
0.00148
0.00001
0.01555
1.50934
0.00005
0.12319
1.31667
0.00215
0.00238
0.00200
0.13273
0.01466
0.52118
0.58414
1.21656
0.03397
0.58617
0.11198
1.52544
0.04103
0.00118
0.07168
0.00831
0.43287
0.69132
2.21520
0.76777
0.07887
1.99689
1.36287
0.35659
0.00025
0.00932
0.04045
0.68867
0.87544
0.24608
0.00027
0.00000
1.45099
0.00067
0.00002
0.56943
0.89168
0.31287
1.10176
2.51446
0.19408
0.00001
0.00005
0.16770
0.51454
0.49997
0.01903
0.00002
0.00000
0.88052
0.04737
0.00015
0.00000
2.23942
0.00079
2.01391
0.20084
1.46906
0.00405
0.06469
0.66019
0.68608
1.15945
0.01378
2.85837
0.05825
1.86435
0.05479
0.48402
0.10894
0.19383
2.02469
1.84970
2.81022
0.03195
0.01123
1.15370
0.00035
1.92628
2.19746
0.06221
2.30762
0.00286
0.72261
1.23814
0.41828
2.49964
0.00062
0.00103
1.86272
2.39902
1.69372
1.12482
0.11022
0.23180
0.00004
0.00220
0.03387
1.33143
0.00274
1.98215
0.00699
2.17073
0.00353
1.17388
0.02430
0.82618
0.94749
0.00690
0.72467
0.00665
0.00000
0.11284
0.00365
0.96254
0.00013
0.00009
0.01361
0.66388
1.79823
0.15841
2.22952
0.06726
0.00036
2.82382
0.15273
0.11696
0.03566
0.06297
0.08035
0.30276
0.00000
0.19320
0.23087
0.69199
0.67456
1.15393
0.32358
0.59882
0.00607
0.01051
0.00005
0.09077
0.00026
0.39757
1.05874
0.04814
1.38189
1.10952
0.04214
0.05029
0.00000
0.66910
1.56060
0.00078
0.09428
0.01414
0.00796
1.72166
1.28169
0.23920
0.32945
0.10260
1.03845
0.00952
2.51700
1.16491
2.57758
0.71072
0.00007
0.87351
0.02441
0.00546
0.18800
1.95578
0.00002
0.00322
0.00010
0.00003
0.08680
0.00624
0.06302
1.73904
0.52326
0.01504
0.00000
0.88822
0.00439
0.93009
0.00005
0.00030
0.21390
1.36765
0.84722
0.01253
0.00051
0.00170
1.24529
0.83170
1.10960
0.82596
0.00005
0.00048
0.53745
0.11700
1.12939
0.04257
0.01772
0.00339
0.66556
0.48812
0.48115
0.00366
0.00012
2.17016
0.00705
0.00061
1.12775
0.58464
1.03540
0.70242
1.56691
0.75263
0.15201
0.95266
0.00120
0.09209
0.01236
2.65273
0.67668
1.22041
0.02685
0.00013
1.27091
1.57049
0.12070
0.58366
0.60524
0.45464
3.35233
0.06109
0.00183
2.37764
0.14465
2.19585
2.52255
2.25117
0.00033
1.77071
0.04608
1.92495
0.16730
0.00004
0.07261
0.00339
0.00029
1.38390
1.64509
0.01233
0.29375
2.07126
1.88150
0.00026
0.00003
0.00511
0.84256
1.98188
0.00658
0.92686
0.46993
0.85284
0.05798
0.00024
3.35625
0.00937
0.00210
1.78438
0.80819
0.10243
0.26016
0.36258
0.00004
0.24681
0.04565
0.00458
0.00024
1.21832
0.15397
0.00131
0.28626
0.66447
0.00000
0.01425
0.22687
0.00758
0.41318
0.00000
1.59104
0.00486
0.00000
1.69426
0.72641
0.02256
0.62064
1.10490
0.15845
0.02681
0.00001
0.02606
0.21820
1.06400
0.30197
0.79855
0.20728
0.00047
0.03886
3.47416
0.00000
2.50811
0.00737
0.00004
0.00000
0.00001
0.06461
0.63267
0.77361
0.87516
0.01810
1.29537
0.00103
0.70006
0.10515
0.05701
2.39914
0.13313
0.00000
0.00316
0.27146
0.03734
0.86350
0.02769
1.06057
0.00006
1.74454
0.45631
0.00000
0.03976
0.00004
2.89747
0.00035
0.00002
0.00000
0.01047
0.03233
0.00000
0.61462
0.42965
0.00000
0.00084
0.43708
1.02756
0.00006
0.00099
0.17928
0.05781
0.83479
0.52575
0.00000
0.00248
0.00085
1.65553
0.06803
2.16811
0.69751
0.57036
0.24904
0.00250
0.26928
1.13705
1.19097
1.72230
0.34344
0.03636
0.00006
0.00000
0.28213
0.18478
1.16430
0.08593
0.00742
0.10669
0.00523
0.00179
3.47381
0.83348
0.00534
0.00528
0.13284
0.00012
0.01323
0.03663
0.11644
0.36806
0.01304
0.00000
0.00069
1.78000
0.67570
0.00000
0.78587
1.42992
1.92083
0.17872
0.60640
0.19160
0.00003
0.00000
0.00075
0.30786
0.00000
0.25875
0.08292
0.00135
0.14439
1.38370
0.00009
0.48307
0.94079
0.98806
0.02890
2.38286
1.96920
0.01350
0.35931
1.95861
0.00002
0.10214
0.01032
0.00000
0.00267
0.01528
0.00019
0.00008
0.00019
0.03982
0.02425
0.00879
0.64561
0.00182
0.23647
0.00114
0.00028
1.79825
0.00129
0.04925
0.00164
0.00206
0.96338
0.00000
0.00085
0.00000
2.37253
0.02776
0.23602
1.30332
0.00118
0.68275
0.41055
0.35937
1.91639
0.76395
0.01584
0.70704
0.00000
0.01028
0.12084
0.78919
0.00000
0.47994
0.08217
0.00492
0.08190
0.91584
0.23550
0.06679
0.00156
2.30907
0.00006
0.35790
0.02875
1.30039
2.70070
1.04047
0.63498
2.09597
0.00001
0.09488
0.60472
0.05257
1.44212
0.00192
0.84219
1.60091
0.24283
0.00001
0.17559
0.85404
0.39532
0.87031
0.00075
0.94275
0.00224
0.05975
0.22179
0.87199
0.93326
0.54077
2.02738
0.01154
0.00241
0.04399
0.00039
0.74452
0.89502
2.76727
2.36392
0.69898
2.51295
0.40227
0.00093
1.14486
0.60666
0.00101
1.03049
0.00000
1.24840
1.23538
0.35198
0.00002
0.69279
1.64775
0.31662
1.68786
0.00000
0.06840
0.43739
0.00002
0.00050
0.00000
1.79105
0.03621
0.02009
0.76454
0.96688
1.77940
0.00089
3.02746
0.52910
0.44300
0.00021
0.00000
0.00000
0.14227
0.00009
0.04123
0.01295
0.00000
0.92308
0.00322
0.03924
0.59612
0.15123
2.00910
0.77966
1.27894
0.00001
1.71203
0.00874
0.84545
0.00000
0.88644
0.02157
0.00200
0.07382
0.92372
3.24526
0.00029
0.00023
1.68320
0.21215
1.40262
0.00017
0.00612
0.05484
1.11484
0.00166
1.64090
1.38210
0.50536
0.95085
0.00011
0.95900
0.01777
0.00007
1.20839
0.00012
3.00043
1.69745
0.00000
0.00523
0.41543
0.00001
0.00393
0.00002
0.00656
0.00059
0.07097
1.44971
2.51886
0.38100
0.85915
2.89966
0.00000
0.03706
0.40707
0.99392
0.02247
1.40340
1.33242
0.04009
1.79563
0.78311
1.76551
0.70036
0.00046
0.14912
0.00227
0.19700
0.02531
0.00000
0.00068
0.58978
0.43092
0.00141
0.35986
0.03662
3.58431
0.00000
0.00080
3.00501
0.00132
0.00030
0.00001
1.27141
0.61733
0.13799
0.19681
0.04119
1.06453
0.11826
0.00468
1.29476
0.05336
0.08278
0.15305
2.32151
0.00175
0.06805
0.00018
0.00472
2.43731
0.47931
0.00197
0.13924
1.03981
0.83537
0.00365
2.93782
0.27666
0.77555
0.00392
1.13248
0.40641
0.03822
1.28508
0.00000
1.04484
1.64458
0.00943
0.00018
0.88105
0.01474
1.73442
0.87401
0.17647
0.03394
0.00005
0.00004
0.13737
0.00790
0.00029
0.41391
0.96998
1.87832
0.14249
1.52765
0.29928
0.15841
0.26923
0.00724
1.09833
0.71274
0.40819
0.36245
0.00061
0.00069
0.12288
0.84911
0.00231
1.48969
0.00591
1.06633
2.67364
0.18064
0.00432
0.03773
0.00122
0.02475
2.51861
0.25370
0.35618
2.08704
0.00000
0.11825
0.03550
0.05042
0.40549
2.00328
0.56819
0.62813
0.41017
0.05066
0.23412
0.34070
0.08593
0.25661
0.00364
0.53112
0.00000
2.34446
0.00050
0.00220
0.01942
0.00000
1.93392
1.80023
0.00694
0.15135
0.37075
0.49300
0.34365
2.37925
0.32304
0.00004
0.13122
0.00000
0.00005
0.00272
0.65438
1.01054
0.07864
0.00522
0.64733
0.01570
0.00000
0.64988
0.00009
0.65636
0.03505
0.00030
0.00047
0.00327
1.86512
1.02097
0.43183
0.97243
0.00277
0.16618
2.44694
0.04528
0.00012
1.40610
1.51314
0.20714
0.19937
0.00198
1.75884
1.57012
0.00016
0.25021
0.10982
0.01035
0.26103
0.09846
2.61776
0.02549
0.00005
0.14174
0.67831
1.67869
1.17089
1.92854
0.01364
0.75355
0.00704
0.00263
0.02599
0.00001
0.12069
0.22080
0.45354
0.54997
0.42319
0.19804
0.03850
0.19731
3.43723
0.23434
0.65027
0.00003
0.15846
1.36728
2.04942
0.00073
0.24666
2.74072
0.00156
0.11905
0.00337
1.02272
0.04040
0.33006
1.27137
0.00074
0.82397
1.62118
1.61117
1.03455
0.00014
1.64107
0.67133
0.45797
0.86741
0.67877
0.00619
1.01095
0.88337
1.71006
0.48088
0.06914
0.02223
1.16088
1.94673
0.27382
0.00852
0.00031
1.97432
0.03481
0.70708
0.00030
0.00007
0.21385
0.02648
0.77547
0.02326
0.83208
0.04991
0.04002
0.00543
0.00058
0.00000
0.00289
0.00000
0.00723
0.00003
0.07251
0.02334
0.39891
0.00622
0.00558
0.00813
0.07525
1.03127
0.11426
0.59556
0.00002
0.08651
0.00000
0.00077
0.17467
1.04333
0.00000
0.00005
0.00095
0.00005
0.00002
0.00603
1.52070
1.12011
1.65305
2.18548
0.15683
1.01562
0.73616
1.03458
0.00778
0.00002
0.00065
0.30185
0.01154
0.16074
0.42410
0.77146
0.52806
0.30677
0.00003
0.31686
0.16556
0.12534
0.00138
0.66521
0.00095
0.00021
1.49901
0.00000
0.00000
0.01754
0.65083
0.05385
0.00004
0.02548
0.00004
0.75908
1.20705
0.07548
0.00847
0.00823
1.17869
0.27519
0.00022
2.64002
2.45843
0.07814
0.23443
0.49082
0.02542
0.00003
0.39307
0.36173
0.00009
0.60185
0.06302
0.00020
0.03501
0.35370
0.07111
0.29603
0.00003
2.54268
0.07823
0.76688
0.07145
0.37702
0.28358
0.51748
0.03461
0.00647
0.66590
0.09015
1.29683
1.87199
2.04841
2.14078
2.12571
1.83504
0.64791
1.05593
0.01511
0.00000
2.80896
0.00003
0.00163
0.62743
0.00264
0.16324
1.79948
0.00000
0.00177
1.52234
0.06461
0.00015
0.51614
0.01497
0.09283
0.32737
0.06690
0.90425
0.00162
0.16190
1.38049
0.21295
0.00079
0.00021
1.02374
0.00000
0.15349
0.29393
0.00463
0.04085
2.24920
0.26360
0.04643
0.84003
0.96111
0.00194
0.00000
0.14486
0.03694
0.13302
0.14133
0.00014
0.01297
0.00001
0.02623
0.00065
0.00053
0.05243
0.50744
0.00274
0.30231
0.00546
1.36079
0.63207
0.00003
0.00072
0.00861
0.00006
1.05766
0.19837
0.04635
0.00001
1.03020
0.00112
0.04049
1.22625
1.43191
1.00062
1.62515
0.21602
1.15727
0.05253
0.00016
0.03557
0.24297
0.24822
0.92817
0.80931
0.00000
0.31721
1.02841
1.75637
0.00116
1.29027
0.00017
0.00000
0.00824
1.40260
0.99618
0.23518
0.00007
2.65769
0.26024
1.26388
0.33928
0.08084
0.00007
1.75065
0.02513
0.41305
0.03562
0.96046
0.38662
0.00363
0.02308
0.90433
0.59154
0.00001
0.00053
0.00209
0.24157
0.24512
1.43061
0.00036
0.48563
0.01148
0.00280
0.00056
0.18393
0.00000
0.97827
0.10388
0.00004
2.06492
1.13184
0.00169
0.96337
0.02105
0.00007
0.16518
0.66970
0.67577
0.00390
0.07070
1.81814
0.10116
0.00011
0.01713
0.00001
0.61403
0.00010
0.99570
0.08923
1.19457
0.44927
1.26400
2.44302
1.07988
0.00000
0.04958
0.00029
0.01316
0.34868
0.00531
0.04909
1.11077
0.00002
0.94652
0.15570
0.08233
0.40364
0.88668
0.00000
0.97642
0.05557
0.00007
0.00038
0.27895
0.06708
0.00120
0.92961
0.42509
0.03985
1.09935
0.92671
0.01673
0.00040
2.71582
0.96178
0.09074
0.05786
1.77949
0.01502
0.00244
0.00069
1.79468
0.06547
0.21075
0.00134
0.46727
0.61850
0.00000
2.99041
0.59018
0.14477
0.00008
0.00631
0.66640
0.64721
0.00144
2.38039
0.36214
1.53308
0.53192
0.00617
2.50994
0.00008
0.00005
2.74730
0.00000
0.59054
1.27356
1.46658
0.01822
0.02759
0.79139
0.14113
0.07655
0.34468
0.69777
0.78156
0.00022
0.00009
1.87140
0.94188
0.01841
0.50979
0.00002
0.00992
0.02864
1.42559
2.33556
0.98736
0.00030
0.15123
0.48885
0.04590
0.00885
0.03997
0.19139
0.40737
1.39301
0.02881
0.00052
0.00001
0.51008
0.60259
1.28337
0.00233
0.00020
0.95451
0.70796
1.50682
0.46638
0.00344
1.21837
0.10705
0.09385
1.23436
0.00000
0.00001
1.01033
0.54939
0.11516
0.69956
0.00344
1.83325
0.12212
0.19062
0.02487
0.00003
0.00251
0.03678
0.32684
0.00328
1.70478
0.68160
0.00733
0.01148
0.29340
0.00000
0.25202
1.03411
0.48835
3.15674
0.02127
1.61060
0.00361
0.00025
0.14132
0.40631
0.80715
0.00033
0.00661
0.14549
0.00887
2.90722
0.46319
0.01339
0.29996
0.32151
0.00001
0.00000
1.16407
2.53663
0.00000
0.00015
1.87801
0.00002
0.01949
0.00745
0.00209
0.02641
0.19030
0.03652
1.40422
0.02967
0.22898
0.00006
0.00263
0.00121
1.14002
0.00012
1.64374
0.58399
0.14689
0.51667
0.00106
0.06658
2.21840
1.79594
0.00006
1.48849
0.00004
1.09855
1.57422
0.76104
0.66646
0.00005
0.20506
0.00001
0.00827
0.00546
0.02473
0.10014
0.88766
0.16311
0.01528
0.00002
1.55784
0.01416
1.50757
0.00003
0.04970
1.94030
0.00449
0.00000
0.70473
0.00122
0.00087
0.00580
0.29200
0.55208
1.89167
0.07587
0.06590
0.32868
0.00107
0.06296
1.29306
2.34576
1.01748
1.55139
1.44440
0.00589
0.00187
0.01151
0.07882
1.76216
0.00429
0.00094
0.00778
0.09493
0.02218
0.02203
1.80280
0.84969
0.00000
0.00019
1.28474
0.20446
1.79567
2.08029
0.72038
0.00006
0.33033
0.12765
0.17466
1.76235
0.47358
0.01214
0.00726
0.21337
0.56582
0.02056
1.07293
1.28334
0.02249
0.40924
0.84287
0.04060
0.69543
1.00457
0.00032
1.83841
0.02476
0.05697
0.04084
0.49131
0.00160
0.68490
0.53604
0.00096
0.00001
0.03955
0.01579
0.00880
0.02655
0.45748
0.21853
0.04025
0.14369
0.00737
0.16063
1.03751
0.02513
0.07396
1.39262
0.95496
0.52952
0.00000
2.00365
0.00036
1.83104
0.51307
0.15627
1.14319
0.00076
0.01013
1.17546
0.51978
0.00131
0.02664
0.69692
0.00652
0.30327
0.00538
0.00000
0.01957
0.88747
0.49296
0.00004
0.02204
1.34465
0.13262
0.00117
0.64835
0.00010
0.20447
2.46947
0.02053
2.87828
1.13979
0.12945
0.06257
1.39346
0.00331
0.05378
0.00007
1.82613
0.00003
0.32110
1.51613
0.00094
0.07475
0.34078
1.33324
1.05642
0.27428
0.29297
0.79829
0.58471
0.00102
0.16312
0.00826
0.42208
1.94046
0.00001
1.60714
0.00173
0.00283
2.78984
0.71909
0.11373
0.03665
0.02029
0.00090
3.16863
0.00427
0.00044
0.01244
0.37657
0.89991
0.01127
0.48071
0.10055
0.01107
1.26378
0.02579
0.19941
0.20710
0.00000
2.21538
0.00034
0.17830
0.27543
0.01129
0.00000
0.35177
0.14170
0.00037
2.17442
0.00139
0.67224
0.00001
0.37016
0.12710
0.00000
0.77645
0.75651
0.00001
0.10619
1.33500
0.73518
0.00000
0.02002
1.73628
0.01418
0.00217
1.21962
1.41095
0.02360
0.19061
0.00007
0.94708
0.04417
0.11805
0.01914
0.00046
0.00001
0.00001
0.32404
0.00001
0.50110
0.90204
0.00165
0.09364
0.00990
0.13185
0.11907
0.44116
0.00019
0.16169
0.00105
0.51528
1.86350
0.00001
0.86229
0.00021
0.04596
1.61666
0.53805
0.95528
0.00139
0.00014
0.02481
0.00016
0.69708
0.56977
0.00019
0.00085
0.00032
0.00460
0.93151
0.02354
2.73929
0.00014
1.92687
0.19578
0.00004
1.85876
0.04470
0.00922
1.51664
0.01401
0.00466
0.00000
0.03581
0.00000
0.07717
1.79541
1.55286
0.00021
0.11685
0.00000
1.80817
0.00298
0.38278
0.00051
0.20943
1.32262
0.00069
0.03160
1.29009
0.00635
0.77573
0.45802
1.10785
0.00309
0.02225
0.31413
0.16368
0.03071
0.20186
0.00953
0.37795
0.98340
0.78130
1.38435
0.11548
0.00000
2.66594
0.00715
0.00588
0.00000
0.00894
0.00983
0.00000
0.00039
0.00008
0.00272
0.08493
0.00011
0.35130
1.71012
0.58328
0.00009
0.12376
1.35388
0.00024
1.95106
0.02598
0.00067
0.00000
1.15681
0.32189
0.14272
0.11455
0.00054
0.00869
0.29453
0.03402
1.39151
0.00002
2.45505
1.03950
1.03293
0.00177
0.02047
0.35957
0.00002
0.00296
0.00006
1.66405
1.34970
0.00222
2.07327
0.00021
0.35991
0.70311
0.04095
0.04428
0.76298
0.00003
0.01184
0.00424
0.00008
0.07851
0.00000
0.06249
0.61972
1.10286
0.00095
0.90957
0.00000
0.01768
0.70756
3.03946
0.02637
2.68601
0.00003
0.04534
0.00000
0.03058
0.00225
0.09015
3.14093
1.73952
0.00001
0.00950
0.00664
0.00001
0.00007
1.25432
0.50361
0.03154
1.84602
0.00000
0.51955
2.59238
0.00090
3.05537
0.86736
1.08947
0.00008
1.23602
0.00000
1.36305
1.86874
0.00000
1.36368
0.00000
0.00059
0.01385
0.00001
0.00275
0.03411
0.00261
0.04167
0.00000
0.39096
0.01141
0.63173
0.13881
0.00026
0.24182
2.55077
0.96067
0.22361
0.00593
0.01365
0.85963
0.01144
0.09850
0.00002
0.24821
0.53322
0.01119
0.13060
0.62278
0.68151
2.03759
0.02576
0.72067
1.84372
0.00176
0.00092
0.00638
1.91040
0.88706
1.01700
0.00004
0.00344
0.00075
0.64866
2.57564
1.06844
2.29977
0.79098
0.00030
1.84837
0.89603
0.00383
2.02408
0.00560
0.00119
0.00000
0.06460
1.44494
0.00000
1.65962
0.00216
0.08548
0.04093
0.00019
0.60672
0.11434
0.08148
0.48778
0.00092
0.00365
0.53839
0.01814
0.00005
0.08805
0.40840
0.01301
0.02615
0.00007
0.00231
0.52343
0.00467
0.49090
0.00529
0.03414
0.00001
0.01438
0.43305
0.73417
0.00002
0.05950
0.90934
0.51784
0.32759
0.00013
0.00014
0.45218
3.75545
2.22340
0.29406
0.15720
0.00309
0.00011
0.40209
0.00056
1.22841
0.30451
0.01525
3.66601
0.02082
1.82481
1.03185
0.00002
0.00023
1.26968
0.00014
0.01272
0.08642
1.02214
0.00000
0.29531
0.07566
0.00272
0.04265
0.00000
0.14478
0.07477
0.94494
1.30269
0.93982
0.00294
0.00136
0.00050
0.59003
0.00009
0.43051
0.01676
0.17165
0.00550
1.44487
0.02970
0.60071
0.00002
0.00010
0.38949
0.32708
0.80376
0.20550
1.65401
0.97476
2.32388
0.00054
0.12010
0.00005
0.02321
0.00451
0.63171
2.04824
1.01292
0.24460
0.00000
0.27401
1.20909
0.00000
0.00050
1.21771
0.82125
1.38166
1.72819
0.31711
0.10235
1.39139
0.00000
0.00028
0.00174
0.00270
0.00037
0.00000
0.72981
0.00002
0.00901
0.00000
0.20930
0.00009
0.01669
0.09448
0.40761
0.66191
0.00249
1.02363
0.00023
0.28900
0.01138
0.00018
0.11727
0.00035
0.04975
1.48136
0.04130
0.00179
0.00000
0.00036
2.61673
0.00025
0.02766
0.00137
0.03465
0.61678
0.01145
0.10526
0.05417
0.01201
0.00073
0.00066
0.08470
0.04750
1.31246
0.00012
0.73188
2.19986
1.99406
0.00031
0.00091
0.48780
0.58541
1.88983
1.64127
0.10025
0.00002
0.96676
0.23967
0.01078
0.00480
0.26036
0.10851
0.00035
0.10139
0.04033
0.01329
0.00049
1.95761
2.23152
1.30402
0.96384
0.22247
0.08497
0.00742
1.45141
0.00063
2.15255
2.27399
1.40468
0.64929
3.24903
0.00006
0.00053
0.00145
0.00007
1.17565
0.26417
1.79116
0.08576
0.00007
0.52318
0.29823
0.00481
0.00071
0.00132
0.00572
0.12862
1.17548
1.11418
0.04558
0.00126
1.02950
0.07431
0.00015
0.00000
0.00297
0.00001
2.10099
0.00343
0.88808
2.19509
0.14909
1.97288
1.79308
0.08502
2.01344
0.11441
0.12100
0.00013
2.35037
1.69062
0.00936
0.00007
0.06301
0.00074
1.39090
1.55998
0.00000
0.00029
1.47498
0.46287
0.33550
0.00072
3.00964
0.08108
0.58565
0.03176
1.60691
1.84004
1.50555
0.05637
0.00006
0.72854
0.00001
0.30126
2.16289
0.00074
0.01762
0.00038
1.82762
0.07858
0.12455
2.22282
0.00000
0.00966
0.75068
0.02712
0.00774
0.32251
0.19454
0.17159
0.52943
0.00003
0.00100
0.00001
0.00126
0.08786
0.00153
0.52609
2.31229
0.82223
0.03892
0.00013
0.49530
0.00066
0.04346
0.28916
0.07767
0.01001
0.00750
0.55897
2.18124
0.00941
0.01017
0.00234
0.01067
0.76975
0.00130
0.34846
0.00004
0.00231
0.47467
2.04180
0.20827
0.07752
1.22582
1.20507
1.37635
0.00000
0.27235
0.00040
0.31041
0.29489
0.00067
0.01373
0.07874
1.87922
0.98546
0.01012
0.00151
0.00000
0.00735
0.03361
0.05876
0.00542
0.09007
1.16298
0.00034
0.49810
0.01465
0.99970
0.00815
0.00003
2.48445
1.85015
0.00037
0.00001
0.00001
0.00000
0.14471
0.00734
0.00369
0.21931
2.59431
0.57655
0.00012
1.19384
0.42878
0.00185
0.03738
0.10567
0.01991
1.66428
0.24498
2.63881
1.58877
0.85717
0.66606
0.78424
0.51341
0.63105
0.05061
0.76955
0.19329
0.30795
0.29660
0.00000
0.05195
1.98344
0.72007
1.74886
0.02664
0.00393
0.02389
0.78589
0.52981
2.25862
0.00001
0.53160
0.01741
0.15249
1.72705
0.00010
0.00003
1.37782
0.44976
0.00119
0.90150
0.00014
0.01571
0.02356
1.75994
0.36071
0.15326
0.03403
3.23125
0.00003
2.23953
0.27302
0.89145
0.12789
0.00001
0.53770
0.00013
0.04072
0.00145
0.00033
0.03339
0.08081
0.11012
0.05795
0.00001
1.82315
2.68485
1.32116
0.00165
0.01267
0.00003
0.98174
1.71257
1.24612
0.49512
0.27064
0.00000
0.00985
0.00000
1.62845
0.30222
0.23872
0.01726
0.17271
0.00394
0.00131
1.88757
0.00989
0.34832
0.00140
0.08846
0.07632
0.00022
0.00000
0.00037
0.63763
0.84616
0.00395
0.53056
0.07520
2.18270
0.00054
0.02159
0.00015
2.03085
0.75699
0.82344
0.14586
0.27448
0.56438
0.01183
0.41921
0.56309
0.00003
1.97966
0.21483
0.00011
0.00000
2.13641
0.04745
0.00427
0.00307
0.02737
0.00516
0.55888
0.03434
1.70033
0.39548
0.25332
1.13972
0.02640
0.14695
0.18927
0.87317
0.00069
0.00028
0.01144
0.55943
0.04786
0.11953
0.06820
0.64498
0.32656
0.77602
2.38622
3.00898
1.86219
0.00163
0.02762
0.01046
2.04519
2.16538
0.53483
0.01085
1.90220
0.06255
1.14825
0.18467
0.00110
0.63233
0.00004
1.54754
0.06475
1.66890
0.09046
0.00013
0.00008
0.17056
0.00002
0.70323
0.00001
0.24184
1.60608
0.01700
0.01049
0.75707
0.97899
1.69761
0.00006
0.00000
0.00000
0.00005
0.00800
3.01260
0.07911
1.10238
0.07907
0.17427
0.01008
0.00011
1.15706
0.62726
0.00739
0.00185
0.04324
0.63025
0.00681
0.40283
1.12493
0.18288
0.00054
1.46321
1.25254
0.10094
1.29757
0.02782
0.00079
0.00266
2.24654
0.20928
2.24649
0.85275
0.16603
2.59953
0.05882
0.00021
1.37843
0.00030
0.10354
0.00006
0.03229
0.00443
0.00002
0.00015
0.09109
0.00000
0.30763
0.38808
0.76145
0.06116
1.87337
0.04219
0.01129
1.46425
1.20494
1.47309
0.02446
0.00561
0.23414
0.00001
0.01006
0.04061
0.00120
1.21166
1.44437
0.44362
0.00029
0.01259
0.00001
0.69068
0.80131
0.61515
0.59047
1.64585
0.11286
0.00355
0.06703
0.55143
0.00005
1.16011
0.02279
1.85652
0.00064
0.09244
0.79701
0.83432
0.95529
0.08849
0.00000
0.00012
0.04692
0.02989
0.00886
0.85500
0.01651
0.13205
0.39557
0.13275
1.13600
1.00913
0.00013
2.11249
1.32030
0.00008
0.01899
1.63772
2.25623
0.00000
0.07630
2.09061
1.54744
0.04135
2.82884
0.00444
0.00891
2.34447
1.84174
0.00001
2.15434
0.00518
3.25988
0.00032
0.00151
0.54723
0.00013
0.02014
0.39519
2.50366
0.25933
0.26458
0.00018
0.04552
2.08169
0.00354
0.00031
0.00593
0.00000
0.23664
0.74989
0.00064
0.72458
1.31749
0.02531
0.37036
0.01362
0.81958
0.15690
0.01095
1.18624
0.06099
1.59717
0.25200
0.00000
0.00019
1.52405
0.92589
0.00003
0.04998
0.77881
1.45255
1.25249
0.00077
0.43952
0.00256
0.00003
0.00006
1.92631
0.57744
0.00556
0.89291
0.00001
0.57601
0.06796
0.00001
0.01599
2.24681
0.03735
2.05033
1.60580
0.01009
1.47509
0.27658
0.00039
0.74957
2.00254
0.00000
2.60118
0.15337
2.61832
0.00095
0.00619
0.17110
0.94890
0.12758
1.49654
0.12480
0.46813
0.97553
0.77097
1.62004
0.64214
0.00015
0.00236
0.01022
3.10609
0.00000
0.00187
0.00000
0.02095
3.45229
0.44913
1.60265
1.03762
0.00004
0.32400
0.00003
0.05668
1.65661
0.00105
0.06913
1.40033
0.92649
0.00055
1.06499
0.00209
0.17265
0.00018
0.22772
0.27281
0.28550
0.01208
0.00087
0.19925
0.00107
0.72424
1.81175
0.05007
1.21730
0.49289
0.66326
0.00002
0.00083
1.35089
0.01030
0.61569
1.40200
1.01530
0.55356
0.00009
0.26289
0.12819
0.00008
0.87898
2.50852
0.00000
0.01400
0.00001
0.00000
0.00000
0.09340
0.00758
0.13471
0.03234
0.03669
0.29135
0.06352
0.00365
0.66525
1.83774
0.00011
0.47323
2.55828
0.00000
0.51620
0.08241
2.37879
1.51439
0.28915
0.03526
0.30432
0.00561
1.54225
1.06163
0.00038
0.00001
1.92356
1.03976
0.00000
0.00679
0.95771
0.36146
0.00002
2.20401
2.04404
0.09180
1.00778
0.02369
0.03529
0.15694
0.09704
1.18654
0.84865
0.00018
0.01503
1.05881
0.27716
0.87362
0.00394
2.08912
0.08677
0.75232
0.00063
0.00030
1.33347
2.32937
0.00000
0.00000
0.89910
0.15123
0.00001
0.08200
0.28802
0.72192
0.64881
0.10575
0.00265
0.00000
1.92583
0.73895
1.42554
0.00069
0.06907
0.00029
0.44938
0.37132
0.00001
0.00033
0.00277
0.00084
0.00050
0.00767
0.22056
0.49688
0.10707
0.01469
1.54041
0.00017
0.52925
0.74695
1.18042
0.89668
0.31079
0.99971
0.00000
0.33232
1.84694
0.00001
0.01056
1.32344
0.00024
0.80846
2.59598
0.30402
0.72987
0.63457
0.01201
1.98309
0.82257
0.01740
2.46889
0.53048
2.37170
0.56590
0.01058
0.27534
0.16304
0.00028
0.05604
1.28842
0.02547
0.47834
0.00082
1.51740
0.00138
0.02803
0.01717
0.00107
0.00079
0.28006
0.22134
2.63225
0.66360
0.03637
0.00032
1.27657
0.93718
0.74666
0.15007
0.00078
0.47609
0.20264
0.53438
0.00061
0.13398
1.23179
0.00000
0.00324
0.00021
0.00000
1.32782
1.09338
0.28168
1.29741
0.35488
0.00049
0.25627
0.90608
0.00006
0.08162
0.06141
1.27256
1.52662
0.05946
0.02776
0.01120
1.65502
0.98220
0.38443
0.16117
3.00316
1.43557
0.26970
1.48420
0.13782
0.14943
2.11057
0.00141
1.14566
2.32628
3.11145
0.00000
0.00000
1.19105
0.00053
0.20997
1.97218
0.95119
0.00001
0.30632
0.01413
2.57088
1.04781
0.59493
1.83813
1.28197
0.00029
0.00006
3.07816
0.02206
0.00023
0.00425
1.05144
0.00003
0.03103
2.56894
0.47229
0.00004
0.01312
0.91888
0.57798
0.00002
1.57768
1.15213
0.00000
0.00001
1.30918
0.00184
0.07047
0.06737
0.00166
0.00048
0.02724
0.00000
2.44332
0.01829
0.34584
0.00031
0.00015
0.07288
1.62111
0.00537
0.00027
0.00588
0.48052
0.75106
0.11629
0.01037
0.57313
1.16235
0.11457
0.00000
2.45674
2.69471
0.00000
0.16756
1.07308
0.30939
0.09372
0.85430
0.01171
0.71747
0.87449
1.44168
0.00000
0.00020
0.44538
0.06627
0.01757
0.00423
0.11422
1.67169
0.00288
0.18847
0.00019
0.00235
0.15128
1.95490
0.61907
0.00139
0.26527
0.00000
0.11908
0.00101
0.00133
0.04922
0.55849
2.57425
0.04655
0.07417
0.00000
0.00031
0.00924
2.12402
0.53700
0.27169
0.51407
0.39868
0.00732
0.04786
0.31037
0.89264
0.51278
0.28644
1.22915
0.00038
0.00004
0.01389
0.58917
0.00064
0.74598
2.54394
0.00000
0.00099
1.02469
0.09998
0.07176
1.13065
0.00005
0.82078
0.77359
0.00000
1.80240
0.04400
0.47965
1.05721
0.17752
0.00157
0.00052
0.00044
0.00002
0.62334
0.23009
1.33439
0.28024
1.27843
1.63176
1.73184
0.21798
0.07129
0.94485
1.98063
0.00153
0.07177
0.00187
0.20637
0.50634
0.25250
0.00468
0.00128
0.92649
0.19979
0.03495
0.00002
1.89467
0.69732
1.41934
0.30827
0.00000
0.00294
0.00768
0.00001
0.24172
1.91249
1.93180
2.39851
2.23900
1.11284
2.22478
0.18396
1.04695
0.00222
0.90225
0.00000
0.17582
0.26551
1.98936
0.00037
0.10942
0.00026
0.00002
2.03304
0.00080
0.28201
0.00008
0.00237
1.30326
0.79445
0.98101
0.33617
0.65169
0.23042
0.00178
0.00167
0.48848
0.00196
0.02640
0.71054
0.93917
0.02848
0.00000
0.06744
0.08448
1.41324
0.00000
0.00002
0.00017
1.58282
2.84646
0.67158
1.44676
0.00871
0.33460
0.12816
0.08696
0.71968
0.00263
1.11887
2.42927
0.00069
0.00011
0.00913
0.00000
0.00757
0.12033
0.00056
0.00036
1.24316
0.99132
0.08843
0.02701
0.36976
0.00209
0.00190
1.35912
0.00094
0.11363
0.00010
0.70728
0.00848
0.11740
0.01062
0.59116
0.12470
2.51926
1.69851
0.13756
1.34840
0.03539
0.02632
0.81223
0.33693
1.05371
1.83596
0.25475
0.00761
0.00167
0.00006
1.55778
0.17933
0.00001
0.19528
0.10580
0.01422
1.48163
0.00888
0.03428
1.92336
0.00217
0.00592
0.13562
1.13769
0.04740
0.75729
2.16584
0.82066
1.18547
0.00236
0.00319
0.00845
0.00268
1.98276
2.75435
3.31770
1.56040
0.02024
0.32854
0.15266
0.60719
0.03860
0.10156
0.03319
1.64409
0.80852
0.14680
0.01694
0.00695
1.05834
0.29447
2.76514
0.74459
0.00061
0.01503
0.58470
0.00002
0.03527
0.01051
1.07187
0.04426
0.00003
0.15227
0.44752
2.63440
1.85826
0.00265
0.00043
0.16278
0.00000
1.50055
0.16714
0.03823
0.86815
1.15539
0.01416
0.30437
1.36764
0.14079
1.05443
1.59307
0.01528
0.15892
0.00563
1.91572
0.22219
0.00001
0.00478
0.15547
0.00001
0.00020
3.05059
3.11147
0.02198
0.12960
0.72562
0.00001
0.68967
0.35211
0.00886
0.01253
0.00044
0.01549
0.34817
0.00002
0.00003
0.63713
0.00114
0.70131
2.12681
0.05754
1.38059
0.00012
0.00000
0.00018
0.00022
0.00015
0.38736
1.62854
0.68953
0.00855
0.00042
1.19012
0.61676
0.00000
0.00248
0.00462
0.00806
1.69200
1.80760
1.89890
0.01279
0.53659
0.32842
0.68276
0.12523
0.14236
0.16083
0.17964
0.00088
1.16103
0.50754
0.22742
0.11965
0.05241
1.02107
0.00659
3.03840
0.49484
0.06505
0.05658
0.00114
2.03028
0.00048
0.00059
0.00174
0.00785
1.42453
2.32194
0.11300
2.86232
0.06540
2.03669
3.46657
0.00011
0.30009
1.23080
0.00006
2.04858
1.82412
0.76940
2.11129
0.00186
1.38151
0.02477
0.00019
0.56290
0.52689
2.02526
0.00003
1.04046
0.30922
0.18490
1.80190
0.08014
0.00000
0.00019
1.07309
0.63249
0.35078
0.11757
0.00005
0.71644
0.15807
0.00039
0.26319
0.00017
0.81662
0.00028
1.09307
0.00006
0.00129
1.89585
0.27851
1.53399
0.63588
0.35335
0.00001
0.44788
0.01578
1.09605
1.81651
0.00015
0.12242
0.04255
0.01979
0.01507
0.05829
1.95408
0.00080
0.82713
1.53742
0.00151
1.86645
0.00284
1.14374
0.00746
0.03370
0.00420
0.04731
0.00011
1.65350
1.03600
0.00000
0.97796
0.00129
0.30580
0.02933
0.00966
0.22963
0.00016
0.00001
0.05337
0.02033
2.55092
0.00249
0.00122
0.00001
1.47039
0.00190
1.53647
0.99119
0.12493
0.08424
0.05636
0.17722
2.10846
0.53898
0.06382
0.00000
0.00283
0.00000
0.00024
0.00807
0.00288
0.21918
0.04129
1.11283
0.72673
0.89225
0.14555
0.70438
0.61619
0.13890
0.00581
0.01332
0.65172
0.00000
0.40739
0.40904
2.07758
0.00006
0.00953
0.01394
0.00621
0.14405
0.26803
0.18261
0.26951
0.50352
2.40429
0.01554
2.62511
0.04381
0.00164
1.33531
1.16428
0.96671
0.02970
0.71213
0.13782
2.40723
0.00056
0.98076
0.00002
1.20435
0.00001
0.07429
0.64127
0.14440
1.42136
2.44128
0.39285
1.00954
0.00065
0.00036
0.51090
0.00044
2.09316
0.03095
1.01093
0.47095
0.04912
0.00017
0.00091
0.00000
0.39272
0.07087
2.15517
0.02377
0.44564
0.26273
0.00250
0.63792
3.08540
0.21654
0.12833
0.00000
0.00003
0.00001
0.01193
1.62413
2.01356
0.00023
0.07678
0.09870
0.97497
0.00000
0.77038
0.01464
0.00103
2.01702
0.00920
0.01369
0.00445
0.58686
0.00473
1.08920
0.00078
0.18701
0.02184
0.57014
0.17217
2.84411
0.91811
1.14850
0.00000
0.00092
0.23735
0.00244
0.00000
2.38484
1.50339
0.00000
0.96436
1.11199
0.51874
0.06643
1.09714
0.00000
0.00096
0.00001
0.41012
0.13048
0.06086
0.00000
0.39522
0.29206
0.00082
1.13227
1.67812
2.84080
0.01544
2.93857
0.64075
0.40127
0.00812
0.00134
0.00319
1.17727
2.61467
0.00231
1.47295
0.03210
0.00153
0.00000
0.00476
0.00141
0.04312
0.13910
0.04354
0.91735
1.03365
0.01648
0.17675
2.03210
0.00084
0.00035
0.00139
0.63423
2.51943
0.00553
0.00000
0.30547
0.00005
0.47598
0.08317
0.02783
0.00000
0.04615
0.00925
0.00550
1.14125
1.38255
0.02882
0.03339
1.56021
0.41591
0.26006
0.41564
0.04243
0.00010
0.02228
0.00008
0.30323
0.75851
0.00727
0.01456
0.00010
0.09355
0.31313
0.32727
0.58827
1.36515
0.07326
0.00017
0.08698
0.27764
0.00000
0.00008
0.00000
1.42269
0.00078
0.00000
0.81747
0.00047
0.54532
0.60113
0.70175
0.00939
0.98239
0.08987
0.88373
0.06088
0.82695
0.01874
0.00761
0.21715
2.88005
0.00000
0.00684
0.00049
0.00025
0.13689
1.08514
0.00861
0.00376
0.00603
0.03276
0.04684
0.77718
0.00002
0.00317
0.00000
1.95786
0.04068
0.02399
0.89577
0.25501
0.01947
0.49056
1.76157
0.06273
0.00651
1.57975
0.00000
0.20156
1.52070
2.77636
0.01836
0.00013
0.00001
1.86126
0.99030
1.52926
1.90862
0.00481
1.90208
0.00005
0.31533
0.01452
0.04046
0.01565
1.02340
0.00000
0.95867
0.00000
0.00071
0.45595
0.55387
2.61201
0.10698
1.07453
0.70373
0.39788
0.62688
0.14333
0.61878
0.09064
0.09853
2.50751
0.09034
0.64145
0.54314
0.27264
0.00009
3.91994
0.16506
0.00967
0.19910
0.00467
0.03547
0.22912
0.44819
0.02835
0.19145
0.06569
0.00809
1.64908
0.00887
0.00067
0.24630
0.01468
0.00382
0.01256
0.00235
0.06008
0.10444
0.75811
0.98777
1.67519
0.10495
0.00517
0.15522
0.09628
0.21634
1.93412
0.43542
0.02530
0.00014
3.05734
0.10325
0.00125
0.00006
0.60398
0.00002
0.00008
0.65374
0.17792
0.00115
0.11090
0.00000
0.00415
0.06263
0.11952
0.00000
0.00001
1.59678
0.12907
0.27588
0.88632
0.18353
0.00191
0.00095
0.00048
0.64800
0.56344
0.41151
0.00000
0.00001
0.00113
0.00000
0.76801
0.04573
1.61201
2.65170
1.80538
0.44843
0.00042
0.00896
0.13978
0.00102
0.48852
0.14636
0.00032
0.00000
0.64442
0.00802
0.62243
0.11021
0.14566
0.77923
0.23515
0.00009
0.30077
0.38705
0.03934
0.00002
2.60531
0.54458
0.12568
0.00925
0.65894
0.17234
0.15260
0.21562
0.00148
1.46374
0.02410
0.12075
0.53201
0.02098
0.00070
0.09421
0.00179
0.00390
1.81987
0.03570
0.13665
0.01255
0.28597
1.22182
0.00486
2.05549
0.00184
0.00019
0.14038
0.18083
0.00297
0.00349
0.16946
1.46946
1.21818
1.35501
1.25873
2.35146
0.00001
0.00013
0.00512
0.01620
1.36339
0.81054
0.10640
0.89275
0.42777
0.00068
0.00013
1.16666
0.08811
0.88804
0.56829
0.02178
0.00025
0.33342
0.16250
0.00201
0.03717
1.72682
2.93639
0.02104
0.28000
0.00014
0.00000
0.00043
2.21867
1.90197
0.22883
0.66038
0.00167
0.19562
0.57331
0.00501
1.92243
1.98587
0.00024
0.00012
0.67646
0.00004
0.00014
0.89584
0.00100
1.59004
3.08375
1.03604
0.72986
0.89950
0.00000
0.02511
0.35625
0.00143
2.04840
0.01288
0.74656
0.02116
0.00437
0.15905
0.70488
0.00916
0.99590
0.64123
0.14049
1.40378
0.00012
0.84401
1.49114
0.53875
0.00928
0.00000
0.00040
0.00612
0.02280
0.00030
0.02592
1.05699
0.00334
0.22733
0.49493
0.00000
1.19108
0.01050
0.00018
0.41623
0.02949
0.00001
1.72618
1.16849
0.00123
1.30795
0.00036
0.04673
0.16644
0.01137
0.06155
0.11570
0.02712
0.15183
0.01380
0.16154
0.03145
0.02204
0.12644
0.00275
0.00904
0.00756
0.00141
1.67283
0.00610
0.01848
0.77879
1.40838
0.01101
0.00017
0.39304
0.70986
0.03062
1.24600
0.09748
0.00073
0.00011
1.66564
3.21659
0.00001
0.00002
0.67572
0.07953
1.68044
1.64163
0.00007
2.66059
0.28489
0.01801
1.59856
0.03849
1.21066
0.00005
0.06011
0.00129
0.76821
0.00000
0.45564
0.05347
0.00030
1.49448
0.95440
0.00566
0.00030
0.00007
0.05370
0.07450
0.00972
2.71951
1.59763
0.00024
0.80110
0.16780
0.00000
0.48321
0.00078
0.06417
0.57492
0.35061
0.00010
0.49979
0.00055
0.05637
0.55680
0.03469
0.18537
0.00013
1.91244
0.24009
1.34990
2.40690
2.31053
0.80756
0.66679
0.00009
1.35724
1.23844
0.00008
0.00010
0.00274
0.00000
1.45095
0.01898
0.01492
0.00464
0.30235
0.00934
1.62609
0.00983
0.00056
0.13107
2.11563
2.28167
1.34373
0.00346
1.73220
0.00100
1.00585
0.00150
0.04702
0.06472
0.95041
0.00001
0.00000
0.00689
0.00954
0.00002
0.00076
0.11367
0.01702
0.71039
0.00004
2.58074
0.00110
0.99962
0.01568
0.16077
0.00152
0.19002
0.23217
0.00967
0.32631
0.00008
0.00019
0.58893
0.07210
1.15219
0.00611
0.30655
0.00162
0.00013
0.00445
0.07142
1.22194
0.04684
0.19403
0.00217
1.89326
1.10987
0.99050
0.00126
0.00235
0.00000
0.31900
0.93142
1.85412
0.00657
0.60634
0.00017
0.64213
1.40731
0.03989
0.00184
0.10746
1.81969
0.00022
1.94753
0.00720
0.04491
0.91773
0.22928
0.00044
0.17669
0.46984
0.18898
0.00000
0.31252
1.04464
0.26507
0.06130
0.41901
0.00006
2.38710
0.17848
2.73953
0.00680
1.66287
0.00943
0.00001
0.00001
0.00604
0.39104
0.15574
0.26616
1.16984
0.00066
0.28489
0.00000
0.00613
0.47099
3.00052
0.00594
0.83623
0.13365
0.00706
0.06178
1.34885
0.63414
0.00641
0.01553
0.46664
0.00832
0.65271
0.02066
2.14997
0.18503
0.27147
0.96492
0.88089
0.13724
0.08573
0.12241
0.00003
2.15746
0.00758
0.00564
0.47141
0.29672
1.16074
2.14994
0.09675
1.05500
1.89879
0.18401
2.58148
0.30130
0.21909
0.07331
0.74575
1.12189
0.00167
2.64442
0.00062
0.00113
0.00094
0.35500
0.00018
0.15500
1.42569
1.32640
0.00063
0.00001
0.00336
0.00003
0.00042
1.86330
0.00005
0.49640
0.00000
0.30376
0.05488
1.62210
1.14390
0.01285
0.09259
1.10700
0.01195
0.00805
1.19682
0.11292
0.09280
0.02470
1.12529
0.84301
0.05583
0.00001
0.33072
3.36952
0.06485
2.79650
0.32948
0.05565
0.13662
0.74968
0.01111
0.00000
0.00001
1.42779
0.80177
0.03873
0.00389
0.00016
1.19655
0.00049
1.69797
0.00323
3.00647
1.58610
0.00009
0.58324
0.00469
1.28607
0.27043
0.00060
0.00248
1.03708
0.00000
0.00000
0.32970
1.04008
0.51564
0.15978
1.16268
0.15190
0.00072
0.06171
2.66430
0.02055
1.94714
0.00090
0.05955
0.00193
0.00010
0.00006
0.05682
0.00002
0.00517
0.00105
1.56608
0.01305
2.14835
0.00000
0.00838
1.70018
2.17333
0.00158
0.28302
0.24016
0.00006
1.90851
0.00041
0.00035
0.70455
0.00198
0.10968
0.00002
0.73365
0.00007
0.00035
0.06590
0.00045
0.00413
0.00033
0.37383
0.00838
0.00819
0.25757
0.00034
2.82148
1.18926
0.00194
1.66289
0.02694
0.00008
1.45195
0.00141
0.00482
0.06696
0.73543
0.00216
0.03162
0.00294
2.14128
0.60080
0.01253
0.43992
2.03579
0.30234
0.00004
2.19610
0.03408
0.05363
1.57029
0.00316
0.09954
1.19077
0.97825
0.09009
0.00000
0.10957
0.26893
0.78941
0.58167
0.04038
0.00007
0.03007
1.52615
0.00203
2.01729
0.08470
1.92231
0.01628
0.00016
0.00046
1.07856
3.21593
0.70121
2.90799
1.06049
0.65166
0.00000
0.33106
1.29987
2.84637
1.58034
1.98288
0.00036
0.00000
0.00012
3.11638
0.11328
1.91031
0.04851
0.99612
0.29675
0.01472
0.02786
2.68696
1.78933
0.14631
0.32273
1.04242
0.04680
0.37834
0.00020
0.00798
0.00656
0.08428
0.02646
0.00000
0.02063
1.14917
0.01262
0.00018
0.03318
0.13645
0.00351
1.82894
0.88342
0.00632
0.02085
0.18008
0.03770
0.31936
0.00007
0.09198
1.08689
0.00472
1.63876
0.53093
0.00000
0.05467
0.08073
0.02857
1.18133
0.43328
0.54660
0.00006
1.53232
0.26520
0.00000
2.08843
0.00000
0.00004
0.23918
0.00022
0.00000
0.00105
0.94989
0.01641
0.00001
0.07285
0.02715
2.17264
0.00000
0.48466
0.64111
0.48288
0.02387
0.00268
0.15793
0.01872
0.03689
0.00004
1.75511
0.05825
0.06996
0.56565
0.48378
0.35514
0.00004
0.02658
1.51220
0.33299
1.94457
0.23195
0.01495
0.03798
0.98646
3.33663
0.01289
0.32693
0.19481
0.00001
0.00830
0.19365
0.33651
0.00012
0.57504
0.00196
1.11912
0.00439
0.00011
0.00181
0.00263
1.16319
0.04314
0.00431
0.00323
0.32795
0.25553
2.09117
1.99670
0.00001
0.17242
0.00276
1.05418
0.03307
1.74184
0.04271
0.02495
0.08195
0.70357
0.59047
0.78182
0.04956
0.00010
0.54233
1.46853
0.09032
0.02742
0.00001
1.24055
0.00063
2.09420
1.04113
0.59923
0.00016
2.14910
0.08421
0.66703
1.00533
0.15364
0.00226
1.59759
0.15623
1.34395
1.01803
0.06483
0.02066
1.39529
0.02689
0.00000
0.00003
2.24087
0.72959
0.05003
0.00712
2.14341
0.00166
0.61394
1.05314
0.60033
0.68930
0.66520
0.00018
1.96396
0.00028
2.97885
0.24717
1.94704
0.35595
1.83348
0.00002
0.33595
2.23080
1.00311
1.70931
0.07808
0.00000
0.20020
1.54817
0.25124
0.00015
0.00517
1.58567
0.41824
0.00046
1.09402
0.00757
3.12272
0.05090
0.01569
0.08127
0.00018
0.00970
0.00124
0.00011
0.01175
1.34771
0.70467
0.03747
0.56127
0.00000
0.08292
0.01370
0.00008
0.81488
0.00001
0.00943
2.22733
1.72136
0.05434
1.18734
0.62991
0.00873
0.01950
0.06874
1.03148
0.35806
0.02365
0.00003
0.62512
1.88763
0.01163
1.61721
0.49447
0.02376
2.35330
0.06629
0.72180
2.99427
0.05031
0.45671
0.00000
0.41195
0.11240
0.22695
0.01719
0.02587
0.07968
0.01538
0.30607
0.00000
0.01012
0.02069
2.55916
0.00001
0.05269
1.77835
0.01700
0.05543
0.00001
1.25698
0.00007
0.00003
0.00545
1.36777
0.00001
0.44240
1.56908
0.00000
0.00003
0.16772
0.00200
0.00329
0.41731
0.79041
0.52413
0.18665
0.99708
0.20214
0.01156
1.59230
0.45575
0.27801
0.11729
0.00001
0.00000
0.04193
0.00211
0.97629
0.68636
0.82458
0.00154
2.40435
0.20187
0.25105
0.71011
2.27142
0.14093
1.46091
0.80787
1.88490
1.19762
1.60908
0.05153
0.35043
0.11842
0.72157
0.33785
1.93058
2.54780
0.00095
0.20120
0.88782
0.00333
0.10614
1.27296
0.26983
0.00007
0.00018
1.68129
0.00001
2.40475
2.99234
0.01549
0.11347
1.97521
0.08445
0.05729
0.00133
0.00000
1.15047
1.31265
2.83620
0.00227
1.92346
0.00224
1.19788
0.00000
0.71573
1.24989
0.37204
0.00004
0.00858
0.11598
0.00350
0.07126
1.78708
0.38169
0.05672
0.69432
0.00006
0.02801
0.98794
0.02202
1.89260
0.41787
0.03236
0.69003
1.45794
0.03934
2.11280
0.00028
0.61401
0.00051
1.93312
0.00035
0.07434
0.00175
0.47041
0.76658
2.55818
1.91538
0.45751
0.00061
0.49281
0.00011
0.18155
0.01142
0.53830
0.02978
1.13486
0.91192
0.00065
0.00007
2.15993
0.00086
0.40609
0.00089
0.11474
0.00419
1.25691
0.00113
0.00762
0.10436
0.00025
0.00040
0.00001
0.09633
2.48340
0.33254
0.83196
0.33333
0.00054
0.70650
2.07555
1.23340
0.82483
0.00968
0.00000
1.43483
0.00146
0.64831
0.76106
0.00000
1.33982
1.29424
0.00000
0.12812
0.00053
1.03884
2.73805
0.02755
1.47434
0.20356
0.78024
1.82516
1.00034
0.64877
0.18218
0.01552
0.00003
0.00460
0.00694
0.00279
0.00000
0.00009
1.42356
0.00214
1.14549
1.41245
0.08762
0.80052
1.74470
1.82419
0.13136
0.00256
0.00042
0.44894
0.86582
0.00353
1.60186
0.00547
0.00000
0.10628
0.00077
0.12594
0.00942
0.00314
0.28058
0.01023
0.00000
0.00395
0.09052
3.44862
0.80510
2.11174
0.12889
1.38920
0.00000
0.22625
0.00001
0.00372
0.54783
0.00008
0.00000
0.13416
2.59479
0.00006
0.00226
0.01403
0.01417
2.34843
1.96408
0.00211
0.43673
0.09302
1.84142
0.00003
0.00541
1.24618
0.19640
0.00018
0.00001
2.30510
0.00030
0.42109
0.00000
0.00230
0.00000
0.00000
0.07175
2.21920
0.25111
0.00008
0.77376
1.77301
0.01824
0.83628
0.74704
1.11919
0.00018
0.00590
0.01298
0.00151
0.00296
0.01806
1.28721
0.00000
0.69388
2.53006
1.61926
0.08425
0.08116
0.89322
0.08596
0.00051
1.06589
0.02674
0.00000
0.00000
0.51285
0.00004
0.06938
0.02876
0.00002
0.00002
0.54996
2.47431
0.08578
0.00009
0.69070
0.54754
0.47315
0.59667
0.12619
0.02129
1.94524
0.15458
0.00018
0.45363
1.96442
0.10200
0.73125
0.00293
0.36897
1.15759
1.30275
0.00009
0.00157
0.00001
0.59918
0.64741
0.00096
0.30844
2.16612
0.03396
0.00130
0.00487
0.10645
0.00023
0.00012
0.01831
0.25994
0.00427
2.43736
2.68851
0.00242
0.33276
0.12395
0.00017
0.56697
0.14911
0.00262
0.00219
0.00107
0.12366
0.21601
0.97897
0.06321
0.00003
0.70455
0.03912
0.00006
0.02273
0.00346
0.52726
0.27316
2.54452
0.00005
0.01974
0.24355
0.17643
0.89073
2.74558
0.00002
0.00790
1.42346
0.30141
2.43875
0.11709
1.28362
1.69762
2.37236
0.00033
0.00095
0.22474
2.61166
0.54465
0.06305
0.00003
0.00002
0.00088
0.62958
0.22502
0.00001
0.02672
0.07848
0.00292
1.01733
2.59866
0.01431
0.00041
0.09014
0.48059
1.31410
1.62590
0.00053
0.66020
1.42605
0.09058
0.00003
0.00010
1.66584
0.00146
0.35645
0.25402
0.00033
0.23533
0.00002
0.81058
1.25060
0.31091
2.67908
0.34388
0.00081
0.23684
0.00014
0.67479
0.00452
2.32217
0.07103
0.00825
0.00280
0.02188
1.49609
0.03482
0.20914
0.16842
0.00010
0.27691
2.02045
0.06754
0.00493
1.35184
0.21760
1.64462
0.07716
2.10695
0.62816
0.74782
0.16630
0.64445
0.69344
2.28132
0.80373
0.00131
0.01331
0.18326
0.00000
0.10340
0.00314
1.73337
0.51355
0.17369
0.04579
0.08203
0.00000
0.00000
0.00000
0.00837
0.00002
0.79204
0.05254
0.00777
0.97445
0.00033
1.13558
0.77586
0.00006
0.00837
0.14586
2.69759
0.01123
0.04965
0.00003
0.00000
0.58480
0.00323
0.00039
0.00029
0.00121
2.02956
0.63381
0.01828
2.46450
0.36104
0.33774
0.01422
2.43102
0.00000
2.49442
1.99674
0.33692
0.00639
0.22509
0.03904
1.30092
0.91448
0.03659
0.00000
0.09860
0.06834
0.08888
0.34054
1.05351
1.20570
0.05217
0.07028
0.00929
0.22815
1.10769
0.00720
0.14912
1.31790
0.20635
0.00072
0.00994
0.00174
1.18391
1.17555
0.14356
0.11428
2.34401
0.00159
0.02064
0.11034
0.23736
0.03944
1.43309
0.17338
0.00594
0.11769
0.00176
0.01255
0.04174
0.00001
0.01335
0.18731
0.00098
0.00000
0.00000
1.15229
0.02694
0.00002
0.00018
0.00306
1.55594
0.67183
0.00005
0.06464
0.00370
2.15608
0.92905
1.74257
0.48725
0.00258
2.04690
0.80683
0.17648
0.75820
0.48624
0.08334
0.00545
0.67315
0.13768
0.05986
0.56464
1.16783
1.25140
0.73748
0.09018
0.01260
0.27775
0.90494
1.11493
0.09524
0.70213
0.18147
0.37519
0.61071
0.32747
0.00112
0.01334
1.12482
0.00004
0.01457
0.00025
0.00123
1.60693
0.94547
0.90910
0.08021
1.53134
0.43484
0.42846
0.00151
0.01368
0.07709
0.00253
0.00000
0.00076
0.38108
0.00622
1.76040
0.00570
0.01712
1.79027
0.00073
0.00867
0.00092
2.68162
1.67309
0.60171
0.02404
0.60259
0.00001
0.00972
0.52754
0.00117
0.00088
0.19138
0.00653
0.00017
0.00001
0.45971
0.57456
0.00304
0.24804
0.01743
1.05630
0.00177
1.33700
0.01657
0.40233
0.00010
2.71999
0.73638
0.06062
0.11509
0.62320
0.12421
0.71822
0.79215
0.00038
0.00791
1.44052
1.09206
1.64727
0.14105
0.59107
0.08211
2.32200
0.00001
0.72390
0.00032
0.94215
0.08719
0.00046
0.00000
0.03248
0.00103
0.64394
1.32995
0.24687
0.00751
0.02221
0.00005
1.38673
0.02174
0.00000
0.00122
0.45907
1.93852
1.58636
0.80720
1.42891
0.92302
0.00004
0.53086
0.95976
2.88251
1.21577
0.02157
0.00006
0.45125
0.00054
0.34371
0.22406
0.00610
0.00000
0.04330
0.42290
0.04526
1.07676
1.99712
0.00026
0.00920
0.14205
1.80894
0.79646
0.09395
0.00520
0.00030
1.02054
0.04444
0.00027
0.00088
1.68854
1.01720
0.63173
0.25333
0.00000
0.39818
0.00596
0.01148
0.69072
0.00012
0.00089
2.29884
1.02176
0.05770
1.18671
0.00002
0.05406
0.02724
0.00000
0.67138
1.53448
0.01893
0.43225
0.00010
0.06891
2.68762
0.07064
0.00105
0.07105
0.37732
1.85129
0.00045
0.00060
0.03152
0.98919
1.85426
0.00001
0.26689
0.00033
0.00124
0.00428
0.01459
0.00355
1.52455
0.00091
0.66036
0.00523
0.00015
0.00293
0.00078
0.22269
0.00007
1.09549
0.00162
0.21489
1.27492
0.98580
0.59265
0.00607
0.03796
0.06741
0.00002
0.44901
1.62308
0.06434
0.02126
0.02601
0.99176
0.00681
0.89834
1.35051
0.00821
0.00000
0.00004
1.68346
0.48150
0.00661
0.78687
0.00000
0.32933
0.00032
0.24710
0.00165
0.00271
0.90917
1.26293
0.47359
0.00640
0.73840
0.00713
0.00029
2.97299
0.12096
0.00025
0.01516
0.00624
0.00009
0.25436
0.01020
0.04986
0.48999
0.38897
0.27764
0.02155
0.57025
0.00000
1.03609
0.92898
2.73992
2.03639
3.16245
1.60805
0.41725
1.27809
0.13487
0.00347
0.00000
0.81289
0.19535
0.01346
1.17999
0.86258
0.89687
1.86531
2.05469
0.00031
0.04809
1.04608
0.00195
0.00190
2.23809
1.04905
0.00625
0.00257
0.00000
0.00091
0.50287
0.00001
0.00021
0.78616
2.05275
0.20491
1.18918
1.70166
0.00000
0.01991
0.87534
0.06961
1.37080
0.01306
1.63337
0.93324
0.00440
1.36615
0.35533
0.00000
0.60704
0.29952
0.45740
0.00164
1.19830
0.00993
0.18215
0.04196
0.25577
0.00027
1.46268
0.00009
1.34610
0.01783
0.90000
0.74942
0.00004
1.25031
0.00945
1.90967
0.55021
0.70954
0.41840
0.00137
0.14211
0.26278
0.00636
0.06236
0.66959
0.18813
0.05526
0.05610
0.00001
0.07598
0.00027
0.02455
0.17168
0.04312
0.83885
1.84207
3.23127
0.00217
0.06808
0.00001
0.01529
0.02660
0.18942
0.52913
0.55138
0.03664
0.00020
0.01153
0.00027
2.82084
0.00044
0.00707
0.00745
0.01072
0.00138
2.56726
0.00001
0.07534
0.00088
0.00091
0.10995
0.03612
0.29989
0.46825
1.53537
0.01961
0.00054
0.51838
0.00114
0.41393
0.00000
1.85133
1.83016
0.06254
0.08651
0.93940
0.07650
0.00002
0.94977
0.01763
1.11704
1.22959
0.54907
1.05958
0.21442
1.12329
0.00046
1.63775
0.00095
0.00005
0.00951
0.00096
0.00001
0.00002
0.01727
0.17341
0.14602
0.08149
0.00004
0.00005
0.04950
0.32972
0.00086
0.66420
1.54725
0.03047
0.45146
3.02586
0.05051
0.80621
0.14868
0.00102
0.49084
1.62866
0.37566
0.00001
0.96710
0.89574
0.00177
0.00011
0.00000
0.13549
0.00287
0.00055
0.05362
0.01359
0.04326
0.03869
0.20006
0.16725
0.00182
0.33467
0.28937
0.03175
0.00031
0.19660
0.26483
0.65524
0.75485
0.13790
0.01287
0.00163
0.00841
0.00135
1.79506
0.15167
0.00714
0.34972
2.19135
0.03802
0.22589
0.00396
0.09671
0.30309
0.00003
0.28269
0.00000
0.73388
0.00034
2.74380
1.00654
1.03784
0.00026
0.01533
0.06065
0.69412
0.04225
2.10488
0.00000
0.00276
1.02715
0.27746
0.09486
0.00804
0.18271
0.02447
0.00054
1.65717
1.19791
0.33772
0.08759
1.55050
0.00381
0.00176
0.24262
1.24829
0.00026
0.14345
0.12287
0.00007
0.00176
0.66689
2.68900
3.08524
0.16516
0.01911
0.91224
0.25588
0.09395
0.07782
1.99299
0.00000
0.00001
0.55949
2.00799
1.41265
0.98916
0.00000
1.95172
0.27639
0.06472
0.12171
0.22675
2.22897
1.91574
0.00002
0.00276
0.00101
0.21859
0.00000
0.97894
0.00171
1.09261
0.46681
0.82040
0.00235
0.63891
0.00422
0.11055
0.09473
0.96588
1.20093
0.16992
1.96355
0.52553
0.01437
0.10522
0.76913
0.00000
0.00066
0.00411
0.89708
0.00005
0.76521
0.02895
0.00066
0.68775
0.00032
0.31192
0.00000
0.00663
0.00000
0.45531
0.21697
0.06734
0.62881
0.56202
0.48088
1.58555
1.30592
0.01900
0.00330
0.00039
1.35549
0.12901
2.49275
0.00042
0.00000
0.34852
0.14329
0.12191
0.89694
1.08604
0.00003
0.01367
0.00000
0.00000
0.44938
1.70036
0.18891
0.00918
0.54894
0.53306
0.01665
0.02334
0.11614
0.00010
0.95410
0.08558
0.42953
0.01120
0.06861
0.01041
0.14506
0.00002
0.05546
2.70438
0.02119
0.09818
0.00664
0.00054
0.77162
0.00006
0.55549
1.43650
0.36547
0.00177
0.41899
1.21684
2.12155
0.32997
0.00000
0.43354
0.29936
0.51396
0.10191
1.41835
0.72015
1.73180
0.00848
0.96279
0.80708
3.11942
1.79661
2.37919
0.00051
0.00016
0.00026
0.34770
0.00161
0.10509
0.10676
3.59676
0.78665
2.32455
0.35899
2.25488
0.00014
1.04057
1.51912
0.00000
0.03486
1.13994
1.50855
2.06748
0.03564
2.12204
1.31825
0.00036
1.63389
1.22026
0.00617
0.00001
0.00000
0.01475
0.00000
0.00022
0.00031
1.25245
0.50094
0.06153
2.93635
0.00122
0.00310
0.28333
0.01076
0.03709
1.37891
0.10524
0.24760
0.11329
0.47953
1.22850
0.00005
0.00013
0.62637
0.65465
0.00001
1.02180
0.33297
0.00200
0.03824
1.55340
1.47258
0.00015
0.31334
0.87325
1.79184
0.00052
0.00001
0.00001
1.83221
0.00003
0.00029
0.05868
1.46615
2.15780
1.81225
0.00000
0.00072
0.00000
0.26173
1.12994
0.90778
0.00848
0.00000
0.00400
0.01223
0.00003
0.00001
0.02722
0.23816
0.04042
1.22201
0.13820
1.70424
1.94113
0.01325
0.00017
0.01266
0.01389
0.00050
0.00461
0.52256
1.30185
0.00011
0.01072
0.97847
0.07868
1.48478
2.32134
0.34906
1.33185
0.06596
0.28982
0.00005
1.48564
0.00000
0.00098
2.70529
0.39498
0.00524
0.89035
1.36672
0.41597
0.00000
0.00011
0.14332
0.26998
1.44557
0.99156
0.00001
1.99165
0.42316
1.19423
0.01441
0.02370
0.55766
0.86658
0.00247
0.23755
0.02674
0.00096
0.03568
0.71651
1.04245
0.00053
0.21601
0.00000
0.01053
1.79354
1.92647
0.66590
1.09470
0.11819
2.93903
0.35780
0.67393
0.02210
0.00000
2.46287
0.00055
0.57939
0.25102
0.83200
0.00436
0.00001
0.37786
1.04041
2.79612
3.26700
0.07317
0.30911
2.05141
0.00004
0.00062
0.04636
0.89705
1.53144
0.77833
0.06717
1.02348
0.01414
0.00022
0.07369
0.01210
0.00056
0.11204
0.62541
0.03689
1.23826
0.01086
0.92746
0.02061
0.12041
0.01058
1.21071
0.00304
2.60583
1.69039
0.00583
0.51995
0.00570
0.05301
0.00007
0.00001
0.00793
0.00013
0.46208
0.01204
0.72323
1.08856
0.00108
2.22223
0.00537
0.17256
0.02777
0.05142
0.87351
1.02694
2.51925
0.00000
1.80203
0.00838
1.08641
1.60984
0.00000
2.47883
1.09293
2.19380
0.00033
0.34652
1.05676
0.00001
1.22268
0.69155
0.03349
1.90272
1.14351
0.00000
0.00056
0.00084
0.01579
1.23248
0.95988
0.35418
0.43543
0.49330
1.18198
2.71056
0.00369
0.74629
0.99513
2.21123
0.98845
0.12192
0.74131
2.27273
0.48064
0.00000
0.00001
0.00279
0.01450
1.24009
0.00261
0.00085
0.89274
0.01116
0.00009
1.68936
0.00067
0.01703
0.19570
2.53453
0.00022
0.00211
0.00014
0.00082
0.57225
0.22373
0.00000
0.00000
0.46458
0.01000
0.13304
0.17066
1.91664
0.00047
1.03764
0.02378
0.08386
0.45512
0.04436
0.03804
1.06457
0.00002
0.72143
0.48216
0.24508
0.00048
0.00000
0.83886
0.59295
0.02004
0.88281
0.00508
0.02202
0.63767
3.16278
0.00001
0.04322
1.41580
2.44402
0.05105
0.20650
1.13958
0.00390
0.09072
0.48247
0.00473
0.00087
0.47676
2.48174
3.33747
0.00007
0.63579
0.64222
0.65679
0.01245
0.13636
1.09698
0.00019
1.56653
0.20761
0.45745
0.13526
0.00385
0.20176
0.00091
0.00000
2.66988
0.00540
0.06268
0.09723
0.00004
1.65326
2.53855
0.05273
0.13178
0.00014
0.32776
0.48819
0.14750
0.03302
0.08152
2.36979
0.16630
0.24447
2.53885
0.15569
0.96959
1.11981
1.32194
0.34372
0.00001
0.30137
0.00593
1.46498
0.94028
2.66395
0.00355
0.00421
0.95995
0.00044
1.11455
0.67510
0.01347
0.00000
0.07353
0.00000
0.00006
0.00013
0.00898
0.67195
0.00002
0.00242
2.18963
0.82896
0.01542
2.41066
1.40720
0.00036
0.16901
0.00001
0.00020
0.02227
2.43326
0.27677
0.86834
2.40733
0.01032
0.54297
0.06001
0.00001
0.06888
0.00074
0.00006
1.69775
0.00186
0.57726
1.73180
0.00466
0.01267
2.44409
0.20011
1.25007
0.16679
0.00748
0.05093
0.02508
1.31588
0.00014
0.00046
0.50313
0.00001
1.84749
0.00747
0.26350
0.50701
0.00023
0.00000
0.35976
0.00716
1.47640
1.21233
0.00317
0.00622
0.31813
0.02715
0.33154
0.00262
0.52568
0.07673
0.05654
0.00001
0.00020
0.46049
1.10945
0.00003
0.06027
0.16844
0.44829
0.69962
0.00002
0.02841
0.00096
0.10838
0.01080
0.00061
0.24680
0.04320
0.00000
0.05198
0.97773
0.00037
1.88820
0.17277
0.00007
0.51962
1.30983
0.41507
0.17597
0.13463
0.48653
0.06010
0.02181
1.68128
0.47311
0.22104
2.02888
0.00040
0.55738
0.00000
0.00042
0.01193
0.90891
0.00083
0.00159
1.56596
0.51899
0.00793
0.01207
1.59648
0.00610
0.59690
0.97601
0.69006
0.14363
0.00001
0.00124
0.47992
0.07015
0.47776
0.00012
0.06954
0.00009
0.05398
0.21554
0.00013
0.60021
0.12006
0.02025
0.00351
0.40943
0.44553
0.53700
0.00020
0.04814
0.00123
0.33109
0.01174
0.46994
1.21395
0.07290
0.00000
2.29202
0.04053
1.35792
1.93056
0.00031
0.07573
0.02051
0.00000
0.00342
1.66007
0.02806
2.13857
0.00011
1.00742
0.00029
0.02939
1.42221
0.00000
0.04353
0.00543
0.02203
0.29083
0.02145
0.80358
0.01333
0.00006
2.12426
1.55303
0.27904
0.00011
2.72729
3.32006
3.04638
0.00000
0.00014
0.04396
0.96509
0.36279
0.51971
0.30436
1.68636
0.15928
0.32127
0.64174
1.21773
0.69524
0.12984
2.16510
0.04380
0.78773
0.63205
0.11855
0.02361
0.00000
0.05335
0.86712
2.86609
0.45573
0.40012
0.38221
0.00494
2.20732
0.00269
2.46546
0.00002
0.00052
0.01033
0.03558
0.00032
2.87460
0.00049
0.15794
0.22665
1.39728
2.18912
2.32303
0.03818
0.01053
0.90476
0.11793
0.01536
0.25044
2.69484
0.03878
0.03240
1.96695
0.00049
0.01969
0.39286
0.00276
0.11316
0.00017
0.06060
1.72583
0.01958
1.71790
0.01679
0.50079
1.51616
0.00002
0.36704
0.02582
0.05615
0.13855
0.74794
2.27142
0.72601
0.05140
0.04289
0.18025
0.00508
0.01704
2.53636
1.19745
0.00000
0.00000
0.00245
2.82306
0.74560
1.48620
0.06733
0.00299
0.00116
0.09906
0.56181
0.51542
2.65715
1.89287
0.43371
0.97296
0.01876
0.03792
0.15333
0.04905
0.74207
0.00021
0.00018
0.26329
0.80680
2.94945
0.69440
0.00602
0.52956
0.01589
0.12366
0.00015
0.05105
0.00662
0.00023
0.08022
0.00001
0.00287
0.45528
0.00224
1.34409
0.00037
0.00000
1.40089
0.20245
1.36719
0.08416
0.74798
2.93472
1.12506
0.00006
0.71273
1.14336
0.01343
1.05424
0.00048
0.14711
0.00076
0.00051
0.06261
0.00128
0.01255
0.00057
0.00000
0.00238
0.00206
0.00000
0.45720
0.00191
0.00023
0.00013
0.00009
0.57857
0.00000
0.00703
0.32833
0.00083
0.00147
0.00006
0.00017
0.10986
1.78084
2.34520
1.40005
0.60881
1.78413
0.00021
0.00019
1.28204
0.24933
0.00001
0.00002
0.00027
0.10731
0.00000
0.54855
0.08006
0.14646
1.61366
0.00000
0.00277
0.08463
0.00404
2.50821
0.39565
0.57497
0.03762
0.04384
0.65668
0.09313
0.97426
0.00236
1.05418
0.71844
1.68632
0.48234
0.05889
0.94214
0.00638
0.17005
0.01295
0.00002
0.00002
1.16718
1.72483
1.99306
0.00052
0.00006
0.00032
2.32011
0.00007
0.01549
0.00003
0.00042
0.03579
0.51226
0.49493
0.11936
2.42616
2.23642
0.00000
0.06099
0.70492
0.00945
0.00027
0.22497
0.00342
0.00052
1.77917
0.09864
3.17990
0.02584
0.00561
0.00000
1.74006
0.76129
0.17424
0.00185
0.00108
0.75141
0.14033
0.04032
0.06252
0.00000
0.42409
0.00097
2.02256
0.00708
0.01499
1.63121
0.02693
0.53372
1.15220
1.69930
0.00637
0.10901
0.06128
0.00394
2.21181
0.16365
0.00005
0.00044
0.00337
0.00000
0.00572
0.00000
0.05197
0.77363
0.00005
0.69143
0.01448
0.00000
1.34651
0.68235
1.65957
0.04148
0.00027
0.00698
0.00001
0.00000
0.02253
0.75246
0.00404
0.00000
1.72733
0.00133
0.11884
0.03640
0.04875
0.00000
0.07803
0.66581
0.00115
0.08504
0.01217
0.00679
1.86105
0.01972
0.01767
0.51173
0.04727
0.60246
0.03202
0.01313
0.06469
0.01322
0.00328
0.00230
0.04637
0.00009
0.01753
1.25476
0.00044
0.12990
0.00002
0.12613
0.00780
0.00642
0.05749
0.50068
0.00722
2.24501
0.50359
0.00369
2.09081
2.50782
2.06578
0.00004
0.00000
0.91089
0.00772
0.00005
0.02717
0.22721
1.88808
0.14681
0.81039
1.58230
0.63126
0.82390
0.03574
0.38711
0.67719
0.85802
2.13659
0.91432
0.30867
0.00676
0.57636
0.00024
0.00139
0.13460
0.00054
0.00324
1.10442
1.47577
0.00401
0.00599
0.03948
0.00001
0.00170
0.72585
0.83688
0.22087
0.00403
0.00007
0.55411
0.00012
0.49937
0.00000
0.00262
0.00002
1.71789
0.00001
1.73095
0.00869
1.35007
0.89142
1.13530
0.86137
1.00711
2.16031
0.44493
0.04942
0.00000
0.09714
0.05168
0.05950
0.21172
0.06547
0.77062
0.00002
2.89834
0.91010
0.00002
0.81216
0.78604
0.00018
0.94398
0.69417
0.00076
0.09760
1.48033
0.01792
1.29471
0.00022
0.77165
0.06925
0.37063
0.12235
0.00017
0.80267
0.40595
0.07552
0.00000
0.00009
0.02959
0.00305
0.00394
0.03994
0.12716
0.00552
0.03475
0.11173
0.00511
0.00005
0.06729
0.05488
0.03777
0.71149
2.30795
2.46085
0.21275
0.00000
0.46452
0.03541
0.00883
0.31059
0.36350
0.05320
0.28046
0.08825
0.59412
0.00151
0.08664
0.00000
0.00020
1.46596
0.05591
0.00051
0.00000
0.10041
0.00025
0.09071
0.45298
0.78804
0.00401
0.55269
0.00133
0.00008
0.11572
0.01030
2.32475
0.47126
0.91811
0.01357
0.48827
0.80287
0.35318
0.10275
0.02664
1.61740
0.04316
2.45975
1.52741
1.67685
0.01347
0.79395
0.00398
2.91793
0.28633
0.01928
0.21955
0.00160
0.00003
1.99295
0.00000
1.02424
1.53898
0.07330
0.00002
2.02655
0.70399
1.37121
0.04386
0.01816
0.00001
0.10292
0.14075
0.00013
0.00159
1.81435
0.00000
0.03164
0.12657
0.00357
0.01000
0.01610
0.06294
0.02780
0.16243
0.00715
1.03741
0.09068
0.07916
0.02114
0.29131
0.27742
1.94959
0.01580
1.50492
0.72063
0.14529
0.53746
0.00000
0.71923
0.00141
0.17961
1.66769
0.05819
2.30576
0.66757
0.00023
0.08306
0.01641
0.00060
0.34037
0.02646
0.00005
0.00315
2.37605
0.00018
0.71041
1.63513
0.10167
0.00061
0.00083
0.00001
0.00002
1.35282
1.42379
0.47392
1.25881
1.19092
2.18411
0.00052
0.04381
0.86976
0.83752
0.00117
1.43314
0.02241
0.00000
0.00155
1.63504
0.02960
1.36403
2.15828
0.16728
0.00131
0.00276
1.29139
0.30017
1.82443
0.00184
1.02887
0.38459
2.46813
0.92559
0.00005
0.00002
0.00135
0.04564
0.55836
0.00652
0.14739
0.00412
0.91382
0.01981
1.91845
0.00019
0.00249
0.00013
0.01271
0.01697
1.61067
0.00061
2.42165
0.00346
0.00025
0.00000
0.00072
0.01552
0.00071
0.00000
0.00001
0.00004
0.00000
0.00002
0.00001
1.05673
0.00002
0.27825
0.18454
0.45445
0.01129
1.00220
1.38312
0.40007
0.20111
1.34429
0.93369
0.68766
3.17865
1.65850
1.50266
1.23451
0.41804
0.00001
1.10381
0.00965
0.04554
0.11377
1.68380
0.01057
0.00774
0.00817
0.00154
0.19770
0.11456
0.00560
1.31119
0.42165
0.00018
2.40616
0.37684
0.47401
0.36774
0.00263
0.00045
0.05489
0.00018
2.09432
0.21408
0.49889
0.28430
3.01899
0.46465
0.00000
0.00000
0.30774
2.25705
2.05802
0.24408
0.01499
3.23912
0.00613
0.30069
1.21516
0.00624
0.00729
0.01488
0.07799
0.00010
0.00005
0.00880
0.00006
0.00000
0.89825
0.71732
0.00479
0.17681
0.03141
0.01405
0.20018
2.39514
0.10855
0.00035
0.29425
0.09402
0.03377
1.94376
0.00001
0.92397
1.10758
0.01136
0.00541
1.83286
0.49473
0.08802
0.00142
1.19175
0.00005
0.11497
0.94301
1.80339
0.55190
0.00037
1.48758
0.01578
0.11032
0.49877
0.00001
0.54549
0.00277
0.00048
0.17351
0.00000
0.00024
0.64640
2.30257
0.00094
0.05247
1.92714
0.03847
0.00092
0.00009
1.99412
0.04958
1.57188
0.00599
0.00000
0.03006
0.71649
0.64441
0.14506
0.00018
0.00966
1.48647
2.10331
1.12011
0.00027
0.04849
0.08876
0.00177
0.00318
0.09291
0.09215
2.26891
0.78862
0.01819
0.00366
0.08276
1.84227
0.09562
0.00001
2.18546
0.00828
2.31356
0.10687
0.00026
0.00000
0.19566
0.11886
0.00001
0.00687
0.00056
0.02280
1.60524
1.06029
0.06502
0.00554
0.00000
0.00686
1.53896
2.52798
2.00111
0.10268
0.00000
0.29426
2.76106
0.00263
0.15745
0.73557
1.32265
0.44388
0.00017
0.31847
0.96203
0.00386
0.00028
2.68187
0.96321
1.00192
1.59052
0.00106
0.04504
1.81866
0.00976
0.74386
0.00006
0.09462
0.79151
1.11372
1.98485
0.00611
0.00113
0.50516
0.00006
0.00593
0.00125
0.00037
0.03568
0.55273
0.36678
0.45531
1.96772
0.00082
0.00002
0.06567
0.00064
1.61192
0.75750
0.00731
0.17762
0.09113
1.91370
0.01005
0.09677
0.99847
0.02897
0.00761
0.94017
0.00006
1.25782
1.65959
0.00011
0.00060
2.33619
0.01614
0.08117
0.34398
1.01432
0.00121
0.05671
0.05040
0.00406
0.47699
0.00625
0.00549
0.00026
0.65655
0.46961
0.82681
0.00117
0.40237
0.01970
1.60065
0.22038
0.75590
0.00285
0.00022
1.80812
0.48516
0.00005
1.46010
0.57854
0.26155
0.00018
0.16139
0.00424
1.89240
0.62338
1.61268
1.26608
0.02571
1.26152
0.00005
0.00479
1.08629
0.61002
2.02363
1.91594
1.50560
0.00350
0.00011
2.21010
1.63375
1.36381
0.61793
0.15432
1.18013
0.62541
0.20252
0.01317
0.31329
0.06529
0.15286
0.00011
2.15124
0.95152
0.15318
0.04383
0.00557
1.38428
0.00009
0.00876
2.79857
0.64303
1.31884
0.91916
0.06250
0.29277
1.44986
0.00072
2.91462
0.74370
0.24811
0.00885
1.76246
0.05268
0.07590
0.00340
0.56929
0.00001
0.04485
0.27584
1.85381
1.17205
0.00979
0.00000
0.91542
0.05792
0.00000
1.52440
0.00000
0.71284
0.34077
1.32806
0.00020
0.00006
0.00113
0.00417
0.00481
1.14372
1.96328
1.79307
0.40129
0.49467
0.44802
1.23181
0.04918
0.48554
0.00523
0.15522
0.49865
2.24896
0.00010
1.92075
0.00086
0.61139
1.24044
0.00600
3.18563
0.70911
0.00377
0.00253
0.00763
1.76361
0.09723
0.05462
0.00382
0.01720
0.00522
0.05383
0.02520
0.00003
0.84344
0.05381
0.70481
0.04577
0.05034
1.04249
0.00004
0.31144
0.19364
1.38595
0.00000
0.00428
0.50582
0.11095
0.00013
1.13112
0.53050
0.91195
0.04179
0.01219
0.00349
1.31737
0.01581
0.29528
0.00001
0.11242
0.06394
0.00238
0.12640
0.00059
0.50341
0.03016
0.00027
0.21755
0.05503
0.00285
0.35919
0.00000
0.74002
1.65207
1.48568
0.00092
0.51809
0.00032
0.00070
0.00000
0.00029
2.12251
0.00000
1.38661
0.00654
0.79731
0.42149
0.01386
0.22489
0.00000
0.10183
0.00018
1.17103
0.63849
0.02851
0.01396
0.81974
2.59876
0.45979
0.00778
0.00006
1.94026
0.00004
1.80429
0.31334
0.58294
0.19202
1.61070
0.15719
0.00061
0.10491
0.00003
3.08584
0.08446
1.32465
0.08880
1.83232
0.05899
0.01197
0.08608
1.60977
0.00529
2.27710
1.51626
0.32877
0.01372
0.00002
0.10695
0.07681
1.64914
0.00037
0.31261
0.03024
0.00008
0.76057
0.00200
0.28822
0.00001
0.01569
1.61486
0.00221
0.90030
0.00002
0.00001
0.00484
0.00004
0.00226
0.00030
0.27286
1.42475
0.01221
0.41349
0.54121
1.17446
1.82262
0.01046
0.00000
1.31338
0.00003
2.11571
0.36066
1.17524
0.70337
0.07895
0.06534
0.00961
0.01071
1.10360
0.00023
0.15656
2.42005
0.03477
1.89698
0.03784
0.00366
0.49387
0.33139
0.18877
0.04712
2.66180
0.00001
1.49983
0.05120
0.11894
0.59093
1.46698
1.48461
0.03350
0.66289
0.19999
0.68436
0.01002
0.07656
0.08517
0.21135
0.00093
1.25638
0.01278
0.00646
2.68626
0.06397
0.66998
0.74402
0.00445
0.00539
1.80903
0.29074
0.00001
0.00000
0.00791
0.54058
0.88913
0.03256
2.62370
0.31232
0.02229
0.00387
0.31850
0.00082
0.00002
0.21682
0.01054
0.12534
0.01125
0.00009
0.35064
0.00006
0.17582
0.10105
0.75185
0.00030
0.23870
1.68825
0.00004
0.00065
0.14405
1.34848
1.48611
0.00514
0.06587
0.29143
0.38183
0.03840
0.14293
0.05130
2.25415
0.74187
0.69973
0.03413
0.87762
2.05226
1.71301
0.15804
1.98104
1.56780
3.11147
0.00002
0.24840
0.00000
0.82954
0.00000
2.51194
0.18429
0.05995
0.50112
0.39423
1.00556
1.77192
0.00143
0.17823
0.00039
0.00056
0.10683
2.39689
0.90322
1.96736
0.00018
1.18924
0.02709
0.00000
0.72432
0.06894
0.03256
2.73458
0.06131
1.26696
0.01288
0.14322
0.00012
0.66347
0.09803
2.90076
0.00019
0.00029
0.12434
0.09625
2.38525
1.94566
2.72741
1.51631
0.34420
0.00255
0.00048
1.05833
0.03367
0.00027
2.25682
0.17515
0.41168
0.88951
2.61901
0.00818
1.22967
0.88183
0.03910
0.32525
0.00001
0.00019
0.65291
0.00656
1.36005
0.00198
0.00000
2.87910
0.30977
0.02578
0.91887
0.75215
0.07425
1.33713
0.54792
0.62146
0.00033
0.71246
0.01952
1.12293
0.00061
0.51232
0.34330
1.15127
0.00021
0.23733
1.02605
0.00495
2.24224
1.10841
0.00428
1.25059
2.30060
1.22633
0.00193
0.34463
0.00000
0.02163
0.00025
0.86301
0.00001
1.95278
0.00022
1.45585
0.00004
0.10973
0.00856
0.87168
0.01533
0.01773
1.16141
0.00697
0.00038
3.16057
2.92968
0.80264
0.00240
0.03502
0.06082
2.48168
0.00885
1.30725
0.00009
1.45772
0.06442
0.00026
0.00000
0.87173
0.00486
0.81768
2.85539
0.01879
0.42138
1.05886
0.00157
0.70852
2.04064
0.00507
0.03530
0.08481
1.15463
0.00098
1.72154
1.50966
0.00003
0.01645
0.26060
0.34051
0.07640
0.00062
1.53026
0.14436
0.00000
0.00002
2.21019
0.00104
0.72786
2.06533
0.93100
1.94659
1.59521
0.43269
1.94545
2.27779
0.00361
0.01277
1.86905
0.30458
0.01698
0.97930
0.97329
0.00195
0.18557
2.03833
0.00196
1.90047
0.03816
0.73219
2.71098
1.59513
0.01505
1.45811
2.54149
0.00071
0.14115
0.07427
0.65380
0.00030
0.29667
0.55641
0.00005
1.86381
1.95519
0.50969
0.00002
0.00001
0.20481
0.00006
0.00011
0.15101
0.20947
0.01907
0.91002
0.00026
0.28858
0.93859
0.31183
0.24411
0.01655
1.93269
0.56828
0.26741
0.03056
0.20095
0.00048
0.00194
0.05919
0.00000
0.00050
0.00056
0.00062
0.01987
0.76357
1.43131
0.64837
0.00026
0.85289
0.33073
0.13018
0.01608
0.17418
0.00050
1.09165
0.00000
0.23820
0.79946
0.15070
0.04618
0.31814
0.00020
0.00899
0.00240
0.05341
0.23311
0.13761
1.07055
0.01518
0.11288
0.00182
0.01266
0.63512
0.01085
0.85941
0.00132
0.00697
0.00634
0.52311
0.13903
2.49068
0.00048
0.16717
1.32824
0.19113
1.21692
2.05916
0.01282
2.04704
1.50218
1.12710
0.11143
0.66305
0.01336
0.10481
0.00145
0.00311
0.00000
0.03179
1.98592
0.40538
0.00111
0.00077
0.97226
0.05270
0.05423
1.30947
0.11649
3.07001
1.34886
1.41621
0.20025
2.51328
2.44613
0.00176
0.14242
0.00016
0.10134
0.76429
0.96140
0.00281
0.00014
0.03459
0.03155
0.00000
0.62460
0.00002
0.00245
0.36934
1.17088
0.00042
0.00000
0.00102
0.00000
0.04035
0.00184
0.27947
0.00875
1.98587
0.19377
0.32779
0.08537
0.00000
2.32199
2.78272
0.26686
0.00128
1.08759
1.26842
0.00001
0.03394
0.00157
2.25230
0.01400
0.34976
1.70087
0.01183
2.47524
0.00539
0.00003
0.78314
0.00014
0.00001
0.25678
0.00245
1.21215
0.03901
0.00273
0.15957
0.73121
0.16753
0.01302
0.00038
0.01373
0.16495
0.25900
0.56409
0.62149
2.48293
0.19475
0.00000
0.00428
1.53474
0.73514
0.03672
0.53808
0.65841
3.13139
0.00000
0.03760
0.00183
0.01946
0.00001
0.00110
0.00053
1.45759
0.63444
0.05810
1.02127
0.00000
0.18702
3.08686
0.06054
0.90899
0.11624
0.00840
0.01754
0.00093
1.34141
0.00002
0.93729
0.36312
0.00403
1.63883
0.00051
0.00000
0.00005
0.00921
0.03263
1.74995
0.01858
0.30536
0.00430
2.07143
0.82961
0.28873
0.00000
0.00624
0.10655
0.00002
0.96404
0.00003
0.22360
0.03401
0.00000
0.27023
1.81927
0.05435
0.01282
0.62885
0.06798
0.02890
1.34450
0.29959
1.69274
0.31713
0.00398
0.00007
1.13116
0.19469
0.06294
0.29493
2.93056
0.00075
0.00001
0.01156
1.54073
0.29541
0.00004
0.06776
0.04886
0.63403
0.07673
0.88364
0.33796
0.67194
1.29125
0.00184
0.00004
0.00139
1.67620
0.29213
0.00000
0.63073
0.68354
0.17304
0.00081
0.00082
0.10967
0.00922
0.00438
0.00928
0.00000
0.02668
0.00025
1.60003
0.00030
1.13807
1.01944
0.00161
0.38173
0.02913
0.79732
0.00009
0.01630
1.69637
0.00000
0.00001
1.32374
0.18022
0.79840
0.03517
0.00121
0.78758
2.06879
0.30800
2.63382
1.79511
0.04210
0.00018
0.00016
1.32537
0.07073
1.58676
0.13901
0.00087
2.57191
0.00628
0.21991
0.42741
1.68569
0.00500
2.78907
0.05013
0.00010
0.03340
0.01116
2.00843
0.51850
0.43232
0.97259
1.03546
1.15393
0.27955
0.67043
0.00072
0.43971
0.02018
0.08635
0.00353
0.00010
2.74055
0.91295
0.13101
0.96465
0.00000
1.49220
0.67576
0.08737
0.28218
1.99522
0.00000
1.25635
0.00215
0.29608
0.00693
0.02004
0.00112
0.00281
0.13946
0.00426
0.00015
0.00155
0.00017
3.21288
0.00095
0.15994
2.68810
1.44024
0.03872
0.02203
2.39794
0.00308
0.76277
0.03998
0.32730
1.95799
2.29128
0.22284
0.00199
0.00284
0.13845
0.88337
1.39053
1.29030
0.08609
0.56138
0.17095
3.09958
0.40917
0.00052
2.38690
0.01152
1.13322
0.41077
0.00338
0.10445
0.91136
1.79213
0.07816
0.06534
0.35224
2.42538
0.61293
0.13739
0.00020
0.00013
0.23948
0.00000
0.00051
0.00395
2.61632
0.00014
0.20793
0.68262
0.00000
1.91237
0.00000
0.04475
0.07501
0.00000
0.09899
0.36633
0.00247
0.54651
0.00080
1.96758
0.00014
0.05012
0.54128
0.00006
2.36997
0.00318
0.00152
0.00066
0.00193
0.36312
0.50911
0.00023
2.12938
0.90339
1.34447
0.06834
0.23691
1.46842
0.66131
0.57345
0.51558
0.00378
0.65340
0.00011
2.40297
0.19609
0.00019
0.03281
2.39017
0.00004
0.05545
0.00165
0.00065
0.17279
1.10218
0.81765
0.00598
0.60569
0.99681
0.81013
0.00358
1.24521
1.29123
0.45672
0.09308
0.00249
0.00157
0.35497
0.00003
0.02747
0.00001
1.85650
0.00000
1.42760
0.02606
0.94542
0.02537
0.00000
1.08861
0.03613
1.84388
0.00051
2.31234
0.00012
1.56213
2.45736
0.74203
1.18052
1.21781
2.61707
0.00023
0.00290
0.00964
2.80298
0.81355
0.03474
0.44994
0.69974
0.00020
0.18091
0.88955
0.07126
1.52484
0.00000
0.00001
0.00368
0.00287
1.70639
0.03741
0.15082
0.12049
0.81126
0.99984
0.00208
0.00002
0.00003
0.00001
0.01729
0.00361
0.43737
0.00263
0.61278
0.01669
0.49931
0.43913
0.10102
0.33621
0.52537
1.68740
0.00001
0.01852
0.01613
0.00026
0.00003
0.00005
0.00004
0.38602
0.62933
0.29095
0.05102
0.11604
2.37987
0.14694
0.05046
0.64497
0.00000
0.00002
2.69215
1.60444
0.42548
0.58274
0.00255
0.00000
0.00332
0.61694
0.10035
0.56012
0.00133
0.00744
0.00902
0.00555
3.60454
2.07032
2.85880
0.90187
0.06205
0.01110
2.10560
0.24559
0.00000
0.01130
0.00000
0.00012
0.89325
0.00003
0.51349
0.21730
0.02629
0.57477
0.00000
1.01973
0.35557
0.00367
0.32045
0.01422
0.00047
1.22102
1.80819
0.10592
0.00009
0.00004
0.01703
0.18344
0.00002
1.06602
0.28781
2.32921
0.44116
0.83860
0.00030
0.37234
0.71100
0.00311
1.48016
0.05446
0.00885
0.60965
0.00133
0.00049
0.00000
0.00580
0.59509
0.00017
0.11628
0.01247
1.25617
0.63732
0.00887
0.00018
0.19597
0.00324
0.00000
0.00158
0.71517
0.00519
1.37767
0.00684
0.22260
1.06740
0.02379
0.00009
0.79355
0.00013
0.98198
0.03733
0.17445
0.00006
0.08010
0.01071
1.65374
0.28724
0.04194
0.20555
1.24686
0.00008
0.03621
0.04155
0.89900
0.49110
0.00008
0.25925
0.00000
0.00342
1.75583
0.16691
0.36596
0.16315
0.73642
0.01146
0.00064
0.00544
0.37500
0.00222
0.00039
0.00003
0.00055
0.07143
0.88445
0.00032
0.22779
0.05496
0.00021
0.00000
0.00054
0.02111
0.00944
1.91015
0.00746
0.00066
0.05791
0.00037
0.00069
0.00027
0.04582
0.36210
0.39047
0.00772
1.46882
1.35686
2.24429
0.74269
0.00000
0.00023
0.26964
0.00053
0.00023
0.60235
0.00027
0.70851
0.00017
0.01019
1.90964
1.45381
0.00004
0.49141
0.00737
0.01547
0.06303
0.29869
0.04863
0.01390
0.00080
0.00014
0.00002
0.76555
0.36536
0.98895
0.00000
0.35926
0.06524
0.05115
1.13164
1.86430
0.11125
0.15060
1.10059
0.02103
0.26179
0.32062
1.00706
0.03314
0.01347
0.00197
2.98074
0.43925
0.01895
0.92904
0.22061
1.47947
0.01482
0.00712
1.73646
0.31166
0.00001
0.12341
1.27275
1.95511
0.00010
0.00001
2.43379
2.87938
0.00180
1.81816
2.00905
1.09042
0.03147
0.00827
0.99764
0.27099
0.06305
0.00140
0.60856
2.51409
1.49911
0.57192
3.45481
0.91773
0.16748
1.32156
0.03665
0.00064
0.03105
0.00043
0.01794
0.60007
2.56005
0.00000
1.50691
1.69135
0.80701
0.19538
0.00122
0.07313
0.89138
0.08674
0.30875
0.00148
0.00011
0.00001
1.90580
0.00013
1.44923
0.00013
0.00370
0.01303
0.05993
0.00138
0.63467
0.00307
0.66928
0.00003
0.05650
0.00254
0.14229
0.00249
0.55014
0.09920
0.03749
0.00037
0.08948
0.00008
0.73701
0.00000
0.00092
0.00726
1.48960
0.43904
0.33092
0.09296
0.00006
0.00003
0.00541
0.24908
0.00000
0.00000
0.08940
0.01715
0.00000
0.14501
0.00000
0.00000
0.00001
0.00051
0.00030
0.00000
0.00000
0.00001
0.70992
0.00310
3.50763
0.05369
0.00002
0.00230
0.13925
0.55647
0.00210
1.75240
1.16598
0.88364
0.12603
0.00183
0.02288
0.00012
0.00003
0.07583
0.00000
0.10937
0.00000
2.46183
0.86429
0.00000
0.14523
0.00000
0.25119
0.00000
0.97047
0.00000
0.17378
1.80930
0.20827
0.44143
1.82857
0.02264
0.66793
0.06130
0.00000
1.50503
0.00001
0.06059
0.13097
0.07462
0.00252
0.01635
0.70287
0.00000
1.01807
0.00367
0.36561
1.32697
0.00051
0.05955
0.73545
0.18971
0.00003
0.00033
1.78664
0.02516
0.00357
0.34809
1.80328
0.75083
0.01017
0.08426
1.39165
2.51454
1.18559
0.97654
0.20020
1.57054
1.23405
0.20508
0.00000
0.24159
0.59306
1.05218
0.03877
0.42554
0.58745
0.80724
3.49665
1.23107
0.46230
0.60180
0.56077
0.29557
0.06033
0.03113
0.24017
0.00185
0.27079
2.54209
0.00005
0.07481
0.00082
0.01428
0.71255
0.92009
0.06006
0.00019
0.00053
0.00000
0.00388
0.00000
1.75993
0.02443
0.00002
1.51345
0.80061
0.18885
0.81583
0.00062
0.60524
1.83299
1.30046
0.00824
1.88321
0.00504
0.92118
0.05929
0.02266
0.00000
0.01185
0.88734
0.57334
1.64413
0.00412
0.00353
0.15284
0.00002
1.66878
0.14570
0.11870
0.75861
1.09902
0.00416
1.07699
0.96428
2.77721
0.00452
0.00007
0.00000
0.38420
0.62270
0.00222
0.17084
0.16296
2.69407
0.00462
0.00000
0.36089
2.30079
0.25520
0.51964
0.07628
1.46415
0.56578
2.77558
0.23591
0.00577
0.00977
0.21295
0.00140
0.00064
1.84527
0.23536
0.02634
0.01674
0.04170
0.00008
1.08063
0.00350
0.10492
0.36199
0.57861
0.00034
0.22213
0.00002
0.00038
1.07237
0.82603
0.83767
0.34957
2.17454
0.00064
0.00000
0.40748
0.39124
1.12235
0.00000
0.00097
1.14903
1.48713
0.52167
1.03206
0.89994
0.00075
1.20021
0.01464
0.56309
1.48267
0.31547
0.00111
0.06795
2.00725
1.38068
0.36237
0.76127
1.51631
0.04293
0.12275
0.00568
0.37992
0.00000
0.00015
0.00074
0.00034
0.92829
0.00530
1.63074
0.00327
0.00095
0.00614
0.39941
0.84320
3.06742
0.00000
0.45044
1.47483
1.31488
0.00775
0.00000
0.02413
0.18517
0.02316
0.00000
0.04422
0.00939
0.45633
0.36969
0.00183
0.00001
1.85188
0.53291
0.01794
0.00000
0.00131
0.00932
0.00131
0.00033
0.00138
0.00000
0.02620
0.46865
0.00000
2.54332
0.77944
1.18453
0.01943
0.06387
0.01194
0.72629
0.00245
0.00009
3.01539
0.75183
0.72275
0.00003
0.11370
1.66387
1.52499
0.00838
0.12655
3.20451
0.83462
0.00036
3.00279
0.00010
1.15354
0.02450
1.10328
3.09835
0.02479
2.01907
0.00846
0.02166
0.00563
0.35458
0.35529
0.19338
0.00146
0.08819
2.29457
0.08413
1.19965
0.98717
0.42995
1.99021
0.10157
1.77780
0.17923
0.01439
1.21861
0.00485
0.34387
0.00044
0.84114
2.43522
0.06563
0.05479
1.65010
2.73332
0.00056
0.00508
1.83690
0.00009
1.07060
0.74119
0.01354
0.00400
2.45689
0.32295
0.70805
0.00686
0.39993
0.00022
0.50006
0.16854
3.28683
0.00337
1.57405
0.00431
2.77273
0.40077
1.00120
1.76890
1.49840
0.35298
0.29348
0.91351
0.01553
0.00347
0.76368
0.12677
0.00753
1.08461
0.13597
0.00064
0.52408
0.00032
0.09231
1.06062
0.01204
1.16025
0.61955
2.26390
0.01024
0.00522
0.00000
1.02548
1.95086
0.99548
1.68802
0.71867
2.88627
1.09303
2.10512
0.00001
1.06405
0.11181
0.01410
1.44245
0.00357
0.00005
0.48704
0.21754
0.98133
2.10716
0.01235
0.00001
0.87003
0.02508
0.00088
2.90363
3.20553
1.50605
0.00746
0.02194
0.01270
0.17137
2.65797
0.17574
0.08720
2.32756
0.02475
0.70158
0.00004
1.65766
0.95961
0.80946
1.57482
3.35132
0.00508
0.06063
0.00112
1.17549
0.00002
0.01204
0.00085
0.61001
1.15420
0.47049
2.34956
0.41525
0.33965
0.01059
0.00080
2.26631
0.08667
0.00001
0.01978
1.14969
0.55194
0.00000
0.00117
0.61657
1.78075
0.39863
0.16919
0.62047
0.00178
0.00796
0.00000
0.19498
0.00002
1.46771
0.00216
0.35193
0.00034
0.58732
0.00668
0.00045
0.13631
0.00263
0.01314
0.00023
0.00001
0.68737
0.19041
0.33871
0.01827
0.00040
0.10643
0.04334
0.74326
0.03041
2.10665
1.60598
1.25250
0.12267
0.00002
1.49759
0.00369
0.79001
0.21823
0.00010
0.35285
0.00000
0.03576
2.48434
0.03476
0.05496
2.23877
0.15476
1.41143
0.37129
0.00782
1.38630
0.08128
0.01692
0.17031
0.00010
2.00422
0.23998
0.34018
0.09728
0.31119
0.17794
1.49084
2.46906
1.01721
0.01299
0.00280
0.00070
0.09361
0.03145
0.01236
0.00081
0.00173
0.00011
1.43690
2.33250
0.00823
0.10991
0.63554
0.00587
0.02489
1.25866
0.76240
1.41062
1.50442
0.00005
0.54184
0.00034
0.09449
0.14980
0.00023
0.87778
0.48284
0.00010
1.82627
0.00026
0.00000
1.89539
0.31555
2.97547
0.34142
0.32286
0.15703
0.43815
0.06464
1.16864
0.04881
0.02705
0.00090
0.75443
0.00041
0.75137
0.03900
0.17600
1.24893
3.11908
0.00000
0.00112
2.64789
2.38514
0.26534
0.00007
0.02222
0.46992
0.00749
1.20306
1.64973
0.83951
0.00000
0.01841
0.00539
0.25151
0.31635
1.07059
0.00039
0.07189
1.04614
0.73235
0.00422
0.00075
0.03124
0.00053
0.00009
3.11557
0.00032
0.77780
0.54059
0.00092
0.00000
0.00019
0.26121
1.65577
0.01264
1.61255
0.03693
0.00400
0.00015
0.56706
0.00000
0.87255
0.00001
0.00450
0.70219
2.04752
0.00039
0.97936
0.02886
0.55165
0.20158
0.99312
0.12170
0.03425
0.69214
0.99148
0.00001
0.00000
0.04356
0.00007
0.15334
1.39309
0.36585
0.00001
2.18249
0.48579
1.00545
0.01375
1.27808
0.05329
0.07185
0.19497
0.00090
0.00042
0.28176
0.14781
0.85303
0.00000
0.00000
0.00030
0.74288
0.54579
0.59378
0.30889
0.80754
0.02558
0.01643
0.00029
1.84970
0.00054
0.00274
2.03583
1.75824
0.00001
0.00047
0.04902
0.00732
1.01093
1.44679
1.70088
2.83775
0.00966
1.51956
0.21592
0.00221
0.35779
0.00008
0.35691
0.00563
0.00013
0.00017
1.37629
0.00000
0.04672
0.07648
0.00251
0.00001
0.00080
0.06181
0.04158
0.00030
1.73893
0.00000
1.09823
0.10976
0.00062
1.04450
1.28055
0.00075
0.41995
1.15982
0.05054
1.86929
0.00344
1.19608
1.52287
0.09996
0.00072
0.21047
0.00562
0.77387
1.25619
1.39004
0.44173
1.37684
0.00000
0.00052
0.00000
0.03612
1.35397
0.00002
0.00069
0.00000
0.00000
0.00059
0.08229
0.00092
1.31099
0.01072
0.72978
0.75398
0.00149
0.00158
0.00018
1.41223
0.00077
0.69739
0.03032
0.00569
0.11395
0.43862
1.34115
0.00991
0.63684
0.00368
0.95891
2.41617
0.98929
0.51695
2.42446
2.61518
0.00067
0.97899
0.00816
0.00024
0.00000
0.01528
3.17897
0.00025
0.00053
0.00046
0.00061
0.00000
1.36437
0.08964
0.00100
1.04078
0.02700
0.76400
0.06397
1.34117
0.01004
0.00071
0.24347
1.73376
0.00008
0.00628
0.73125
0.04113
0.00001
3.22419
0.63010
0.21433
0.01116
1.97988
0.94678
0.38519
0.00671
2.30593
1.43894
1.34848
0.02731
0.00027
0.08093
1.55264
0.17342
0.00840
0.94213
0.00278
0.35640
1.25237
0.00303
1.00069
0.60280
0.09503
1.21149
0.00000
0.15378
0.00037
0.00001
0.01910
0.00414
0.30807
0.82736
0.01338
0.01331
0.00785
0.01994
0.00012
0.00000
0.03665
0.44159
0.62822
0.03367
0.51010
1.54146
1.02953
0.11291
0.16687
0.03685
0.00000
0.00105
0.17296
0.00000
0.37418
0.67516
0.00053
0.00058
0.68720
2.31069
0.01922
0.00031
0.00016
1.36711
0.00000
1.66783
0.20499
0.33400
0.43786
0.00362
0.00297
0.00599
0.00128
1.94085
2.09728
0.35141
0.02900
0.00489
0.00518
0.01110
0.01386
0.00019
2.85772
0.44447
0.50149
0.01515
1.88160
0.02338
0.00000
0.88797
0.05966
0.00000
0.00004
0.00000
0.00000
2.02637
1.48282
1.58266
0.81961
0.00012
0.00105
0.38752
0.00064
1.34365
2.66064
0.00137
0.54254
0.17882
0.47121
0.73419
0.01238
0.14128
0.41350
2.44466
2.01354
2.03219
0.40694
2.86386
0.15524
0.00006
1.99534
0.69413
0.00083
1.04407
0.60699
0.00157
1.79190
0.00023
0.09947
0.30364
1.89284
0.00518
0.14125
0.87357
0.01132
0.00000
0.00585
1.64555
0.25189
0.00147
0.19565
0.22736
0.20800
0.00059
2.00443
0.00011
0.06230
0.00000
0.00013
0.06784
0.00223
1.50152
0.00001
0.00042
0.24591
0.00007
0.72283
0.00010
0.03684
0.00036
0.00011
0.00380
0.03211
0.01259
0.04030
0.46669
0.01091
0.58590
0.00100
0.15446
0.00005
1.58620
0.05439
1.20202
0.00003
0.59272
0.00283
0.00000
0.00032
0.12896
0.34621
0.04126
0.00137
0.47698
0.00001
1.12161
1.25164
0.00001
1.99392
1.47089
0.02494
1.44799
0.06877
0.04735
0.65461
0.23677
0.00000
0.42503
1.71884
0.00810
0.03269
0.96412
1.51343
0.06910
0.00001
0.05758
0.36169
0.09154
0.05992
0.56868
0.00002
0.00942
1.47819
0.19329
0.04651
0.21311
0.01034
0.00000
0.09817
0.02447
0.16230
0.13277
0.00007
0.00032
0.00000
0.00000
2.40390
2.35194
0.00484
0.00001
0.03279
1.67824
0.34309
0.51027
2.15166
1.27492
3.52114
1.05490
2.87546
0.01219
0.00002
0.00002
0.50743
0.00000
0.00065
2.18971
0.42130
1.20492
0.00873
0.23054
0.83351
0.89906
0.00173
0.07041
0.03974
0.00002
0.12746
1.54563
0.03615
1.39636
2.66919
0.00000
1.39377
0.78335
2.87360
2.13280
0.14252
1.60310
0.00041
0.06556
0.46400
0.09449
0.00000
0.13783
0.00012
0.97751
2.21226
0.37769
1.11259
0.00019
0.33730
0.00000
0.61768
0.03618
0.03396
3.20982
0.44790
0.00002
0.06809
0.00190
0.04106
0.00016
0.00233
0.00010
0.00136
0.00007
0.00010
0.68917
2.03266
0.04793
0.00089
1.65038
0.97516
0.35624
1.93394
0.04418
0.00003
1.14029
0.00000
0.00002
0.00224
1.90030
0.05169
0.77606
0.05120
1.17695
0.01727
2.75242
2.00714
2.48024
1.09595
0.59600
0.07690
1.18524
0.00095
0.00000
0.44999
0.03320
0.01060
0.00110
1.08226
0.49158
0.83304
0.73549
0.01075
2.68426
2.03295
0.00000
1.40405
0.00400
0.00398
0.00022
0.07622
1.83805
0.04588
0.26720
0.41106
0.02442
0.04613
1.22243
0.43808
0.00017
1.50028
0.02873
0.00172
0.08453
0.74909
1.06833
0.00016
1.68656
0.00089
0.38264
0.03970
0.81429
0.32774
1.40629
0.00003
0.00002
0.00007
0.72484
0.00028
0.00342
0.07843
0.00053
0.93968
1.38043
1.56918
0.06389
0.04896
0.07038
0.70727
2.14368
0.00000
1.54967
0.00035
0.08725
0.05096
2.26057
0.03382
1.48997
1.70729
0.93427
0.00000
0.55594
1.03182
0.01210
0.30670
0.08643
0.68928
2.56999
0.00144
0.98207
0.03241
0.07169
0.00002
0.21343
0.09639
0.00733
0.86591
0.00000
0.00031
0.72391
0.52575
0.53721
1.03124
0.31604
0.00000
2.27627
0.09386
0.08550
1.05299
0.70549
0.13714
0.03052
0.00007
0.00002
0.00000
0.00004
0.00063
0.18207
0.04420
0.00002
0.01642
0.00004
0.00049
1.56026
0.02502
1.34856
0.00005
2.80574
1.24931
0.07962
1.80308
0.06956
0.03770
0.03767
0.00000
0.13837
0.18491
0.54663
0.45057
0.09485
0.92698
1.40312
0.31199
2.25151
0.00004
0.00001
1.29711
0.67898
0.00049
0.00658
0.17951
0.31074
2.67097
0.05943
0.24252
0.21215
0.75472
0.00000
0.00004
0.00000
0.00096
0.17121
0.79769
0.05827
0.32247
0.76115
0.04275
0.00056
0.02459
0.17653
1.61372
0.28244
0.92662
0.00073
0.02331
0.36886
0.52614
0.31345
1.25534
0.00027
0.00008
0.01653
1.75325
0.01883
0.00974
0.00203
0.03980
0.00004
1.53330
1.06569
1.02606
0.00136
0.00064
1.02344
