2.83931
2.51429
3.66911
4.02509
0.70150
3.20803
3.77392
3.71699
1.65122
2.53593
3.93672
3.82273
2.16472
0.94805
2.02316
2.40322
1.74835
3.65367
0.69817
0.67946
3.23721
2.64209
3.24174
3.82475
3.41018
1.14569
0.23380
0.87972
3.43974
3.62231
0.93409
1.50697
2.92939
3.51350
2.83123
3.64867
3.23469
3.99315
3.90433
2.13300
3.28515
3.10875
1.93351
2.22087
0.62527
1.04874
2.98122
2.36836
3.88389
3.85960
4.11259
3.89939
0.24674
3.78207
2.17055
3.70330
2.44160
1.51237
3.41202
2.56912
3.47233
3.41255
3.50322
2.70835
3.48162
2.67687
3.11993
3.26530
3.49912
2.25753
3.89010
4.02522
3.92377
3.50658
3.37047
3.34803
0.29315
2.81679
3.49171
2.22122
1.37334
3.31139
1.17985
3.05729
3.51046
3.07734
1.15862
3.11353
3.75687
2.63124
1.58686
1.75916
3.93991
3.14094
2.86315
3.93152
3.91134
4.00548
2.95096
3.89774
3.64164
2.52804
3.57132
3.50305
3.63490
0.31625
0.15296
1.18639
3.68910
3.61115
2.23636
1.40309
3.95936
3.08438
2.95066
2.06483
1.58036
2.98967
3.07638
0.09129
3.13890
3.93077
3.07028
2.92416
1.27213
2.24744
3.84403
3.57739
2.74607
3.60955
2.74529
1.77682
2.89547
3.66208
3.68567
2.29367
2.56114
3.77391
2.15983
0.62215
3.39115
2.73176
2.06033
3.64739
3.58321
1.48973
3.18828
0.01244
3.03895
3.37848
2.93564
3.40959
3.50407
3.16849
3.75664
3.70886
1.96821
0.48593
3.67467
2.60012
3.66958
2.13490
3.00562
2.35102
3.97409
2.33072
2.31059
4.01097
3.58408
2.91296
3.17890
3.87496
3.86230
3.95395
2.08069
3.16032
3.54638
1.94317
2.45127
2.60599
1.60660
3.77512
2.10004
3.35048
3.83950
3.33199
4.05060
2.24318
3.00951
2.30011
2.69751
3.22982
3.59568
1.68588
0.57200
1.91940
2.94581
3.38930
2.77214
1.94529
2.50479
2.42418
1.04484
0.65471
3.85402
2.68247
3.79928
0.83273
3.61895
3.95230
2.94600
3.21415
3.75548
3.51416
3.17388
3.19762
3.18804
2.28108
3.30230
2.36441
0.73050
3.49991
3.09308
4.09213
3.87820
3.63481
0.81536
0.83514
3.86716
2.87019
3.79813
1.82922
2.42425
1.50983
3.85708
3.24860
3.96496
3.59004
0.05787
2.91506
0.72057
0.81647
3.74790
3.84188
3.19381
2.66819
3.38102
4.05055
3.65431
3.10935
3.64997
2.79057
3.58774
0.91577
3.60434
3.75475
3.23340
3.89761
3.63206
2.37396
3.05769
1.69989
3.33918
3.57169
3.69368
4.06731
3.55671
3.41490
3.35364
3.18977
2.59294
3.84522
2.93859
3.44415
3.46667
3.16089
2.42000
3.78533
2.16597
1.82854
2.90237
1.49116
3.58387
3.13789
2.05234
3.75791
2.92079
3.82205
3.31866
3.62862
3.42305
3.36269
2.35839
3.43228
3.03455
3.02588
3.04480
3.60770
3.19780
3.23808
3.00372
3.58541
2.90016
3.65148
3.27803
3.17389
0.52966
3.65546
3.64726
1.74390
3.67145
2.75626
1.35402
3.17743
3.30151
3.94460
3.98161
3.73685
1.10651
1.06162
2.25238
3.61296
3.86916
1.47355
2.92022
3.61038
3.65382
3.43619
2.01447
3.97591
1.67287
3.78082
1.75544
3.11223
3.77355
0.78989
2.52298
3.88561
2.56394
3.05604
2.54052
4.07046
2.65994
2.23479
2.42951
3.55450
2.95836
3.59804
3.59170
3.91237
3.06132
3.80648
3.54156
2.84349
2.10373
3.52275
3.31390
3.68233
3.61931
3.80275
3.00760
0.34781
3.17386
0.98858
2.84892
2.08577
3.74819
3.38907
3.93074
3.83276
3.10078
0.36603
3.66900
3.17079
2.50521
3.57844
2.16355
0.45924
0.22536
3.73290
3.77959
3.07170
0.96097
3.83885
1.98212
3.69123
3.06536
2.52580
2.96218
3.17174
3.66040
2.99302
3.79527
2.27668
3.88457
3.53421
3.78930
3.29182
2.09847
2.76839
3.94742
3.74405
3.94380
3.95859
3.81739
3.63630
1.93925
2.63002
3.91879
3.58542
3.32036
3.70354
1.89658
4.18651
3.78894
3.72700
4.07676
2.57844
2.95043
3.16565
3.90780
3.64526
3.69804
3.22880
1.89778
1.49491
3.72216
2.95956
3.47351
3.34489
3.33189
3.45570
2.14879
3.67434
3.92808
3.80888
3.50262
2.88653
3.16215
3.45204
2.50748
1.84262
3.64078
2.88244
3.50908
2.25484
3.58430
2.92966
3.16362
2.96468
2.42951
3.64279
1.55917
2.32121
3.88931
2.75355
3.68358
3.74027
3.23949
2.99041
2.77873
0.58779
2.21328
3.83621
2.35501
3.48409
2.61268
2.20471
2.33308
2.84840
2.62113
3.66482
3.66340
3.40879
3.60646
2.75917
3.19264
3.22619
3.97442
2.55600
2.36798
3.64827
3.61688
3.87347
3.12299
3.04603
3.46099
2.11341
3.97550
3.45746
3.54306
1.55863
3.19275
3.70935
3.45970
3.47059
3.76710
3.47827
3.30657
1.36314
3.52662
3.47506
3.60667
3.11162
3.10773
1.36036
3.09173
3.30303
0.75927
3.07050
2.78917
3.23696
3.29201
3.63754
1.65396
0.29328
2.18954
3.60051
2.11300
2.78418
3.56074
4.18802
4.12364
3.81918
1.27497
3.38295
1.69713
3.17259
2.97956
3.07019
4.19334
2.63507
0.93949
1.07133
3.05060
3.06797
2.24515
3.67970
2.05034
3.72225
3.56587
3.49179
2.54287
3.30568
3.53296
3.27577
2.25605
3.62508
2.27901
2.41598
3.08472
3.53252
1.57783
3.90193
2.75920
2.98455
2.31489
2.21300
3.61695
0.99386
3.87605
3.39138
2.60968
3.37551
4.01627
3.08018
1.76782
2.37684
3.24738
3.93664
3.49772
1.86050
4.02790
2.97937
3.44913
3.62179
3.73691
2.92571
3.95298
1.95989
3.79846
2.92199
2.14650
1.84011
2.53937
2.12971
3.23294
3.32024
3.36237
3.80451
3.70027
2.48654
2.59274
0.52983
3.09764
3.22319
3.95856
2.02699
3.37043
3.76092
4.08585
2.06688
2.40277
4.01125
3.72260
3.36433
3.82140
3.81298
3.42780
2.51001
3.09137
2.17925
2.45963
3.23909
2.85516
1.23647
3.45180
3.14233
0.87522
2.10973
3.31670
0.92870
1.54396
3.45081
3.13626
3.78255
1.88536
4.08138
2.95601
0.40762
3.99125
3.62633
3.38102
3.74345
2.16123
2.67181
1.63624
3.49065
3.54841
2.96134
3.98289
3.81577
3.50516
2.63303
1.69150
3.26180
4.11735
0.12950
3.06120
1.96681
3.65609
3.84333
2.69197
3.61792
3.60839
2.44927
3.57396
3.41076
3.75536
3.76733
3.34814
4.09191
1.86387
4.07225
1.61059
0.00118
2.24254
3.46893
3.01322
3.57866
3.73240
2.29059
1.30180
3.50768
4.10401
2.53158
3.91050
2.37149
3.98883
1.40256
3.27708
3.59159
3.54357
2.80414
2.84909
3.56814
3.02082
3.76526
3.43542
3.70402
3.67175
3.59056
2.42008
1.98711
3.77783
3.84338
3.68439
1.77931
2.36678
2.14772
3.13015
3.48605
3.54363
3.63612
3.37217
3.13629
2.96259
3.31584
3.80703
3.53522
3.77407
2.57549
3.43947
3.79695
0.30945
1.36387
3.44960
3.90675
2.48376
2.48225
3.95880
1.83732
0.55570
3.92667
3.75325
2.36988
1.26213
3.71759
1.25241
3.39671
1.38436
3.73581
3.66099
3.24267
0.20424
2.96475
2.81227
3.69291
2.29309
3.72812
3.13597
3.79757
3.47291
3.96488
2.25043
2.38876
3.55491
2.36170
3.65029
0.19811
3.52893
3.81822
2.40339
3.32415
3.75076
1.71562
3.57033
3.76793
3.64636
3.31459
3.99179
2.76316
3.12643
1.46719
3.77828
3.33205
3.23355
3.91397
1.06045
3.54755
1.85398
2.56669
1.53892
3.44041
3.26813
3.76786
1.90340
3.05908
3.49470
3.48577
1.83165
3.77832
3.84406
3.26993
2.34653
1.26984
1.02116
3.60490
0.55563
3.86203
1.08447
3.65817
3.40603
2.95669
3.65623
3.40964
2.41784
2.91979
2.53135
3.84646
3.39282
0.80068
2.87476
2.28607
3.01631
2.10302
2.43054
0.59394
3.59599
3.05799
3.33931
4.04713
3.77671
1.81862
3.39385
2.88115
3.00908
1.55004
4.12248
2.00739
1.67504
3.64833
3.24154
3.61605
3.33111
3.32408
1.72988
4.00160
3.42773
3.87647
2.58215
1.17617
3.91682
3.10694
3.55913
1.96520
2.46388
0.91142
3.88906
1.01703
3.06222
1.22200
3.19923
3.81587
3.64196
3.55644
3.88071
3.84559
1.70088
3.81230
2.88396
2.68470
3.78940
1.96360
3.77197
3.67693
3.61170
3.93309
3.77251
3.56734
3.90271
1.94818
1.77674
2.86787
1.55260
2.74659
3.59380
3.27346
1.22163
2.94475
3.77768
3.59461
3.54044
0.17320
2.85668
2.55307
3.74025
4.01559
2.48675
2.62372
3.97554
3.23546
1.23895
3.35735
2.99468
3.10014
3.91145
2.21137
3.37060
1.51322
2.20204
0.64440
3.33548
3.83606
1.38726
2.57439
0.40137
3.92701
3.23107
3.18622
3.17067
3.68459
3.76221
2.62289
3.22335
1.17025
3.63127
2.79142
2.57194
3.42905
3.48326
2.49152
2.30433
1.01004
2.18578
3.90653
3.29753
4.17029
3.79798
3.50540
3.99139
3.46885
3.01428
3.06925
2.76559
2.83258
3.54666
3.13683
3.56304
3.54999
3.14119
1.21549
2.99212
2.01575
3.33160
0.17224
3.87031
3.50947
1.89280
3.39747
1.50081
0.63092
2.08039
1.02050
1.84380
0.94992
2.46355
3.69073
3.70047
2.47465
2.86551
3.89628
1.84257
3.39573
2.91561
3.36356
2.13007
3.26161
1.54298
3.33021
3.73704
2.08419
3.22484
3.73108
3.16306
3.08861
1.42527
2.80931
2.84762
3.43167
0.41973
3.46203
2.23992
2.17616
3.39914
2.83862
4.11296
2.00972
1.96479
4.18425
3.67678
2.25383
2.35707
3.43352
2.99679
3.53571
3.31012
3.61189
4.20120
3.46833
1.92438
2.48990
3.41714
3.00191
3.75762
3.97754
3.47448
3.53289
1.47989
4.02297
3.97421
1.36532
2.30424
2.87080
3.58812
4.15696
2.31231
3.90015
1.30551
3.59943
2.74816
3.32044
3.41442
3.95956
3.35031
1.72132
3.34094
4.06103
2.99318
2.30704
3.90023
1.64955
3.82918
2.23820
1.32307
3.15233
2.35673
0.53739
3.83644
1.73842
3.21172
2.77237
2.79479
3.60015
3.76945
3.36918
2.31034
3.22981
3.38107
2.25072
3.54380
2.45437
2.45463
2.09085
3.14539
2.22886
3.62232
3.83382
2.54254
2.68692
3.43484
3.41097
3.47190
2.34199
2.14933
3.71747
1.80684
3.37911
3.55037
3.87921
3.75389
3.78999
3.03538
2.56420
1.59035
3.50873
1.90473
3.59183
3.17255
2.74719
2.60030
3.53642
3.79328
1.63333
3.60400
2.41590
1.39598
2.39215
2.42863
3.86068
3.09638
3.36642
3.36071
1.92816
3.56502
3.65334
0.75460
3.38787
3.18292
2.01886
3.50056
3.77297
4.01047
2.54141
3.79422
2.13350
1.42340
1.14390
3.46171
2.81190
2.95388
3.65666
4.03088
3.21584
0.02757
3.82223
2.24905
1.20023
3.44915
1.39749
2.96785
2.94156
3.12880
2.57077
3.54506
2.16153
2.72104
3.09433
3.93722
3.08954
3.58224
3.33352
3.47804
3.99971
3.16477
3.82376
3.77715
3.49730
2.54226
3.23312
2.63465
3.57689
3.48217
3.66252
2.76613
2.99157
0.81063
2.75227
3.88917
3.65049
3.78731
3.07541
1.76071
3.55885
1.51530
1.98715
3.24973
3.54927
3.17243
3.35381
2.81430
2.99148
3.18716
2.04630
3.64143
1.46680
4.00321
1.47834
1.70537
2.01512
3.93015
2.28285
3.82992
2.87500
3.41010
3.64328
3.12302
3.03398
3.40862
3.52436
3.30654
3.18532
3.17852
2.30749
2.77143
3.94698
3.77619
3.39229
0.41040
3.48613
2.91141
2.54192
3.55795
3.53687
3.61609
3.18925
3.45109
4.07504
2.91820
3.24685
3.66671
3.07918
3.65248
1.74902
3.23561
3.35972
3.19087
3.45488
1.76979
2.91751
3.05273
3.95141
3.83382
3.53479
2.06564
2.26723
1.84751
3.64494
3.95058
2.45839
3.41206
3.79131
2.62636
1.49631
2.91178
3.37869
4.04414
3.77189
3.32758
3.94813
3.34893
2.14766
2.78866
1.24391
2.93637
0.92145
3.29530
3.11688
2.06684
2.41321
3.54087
3.48895
2.00652
3.34156
2.38949
1.46986
1.72557
2.41830
2.72703
3.82065
3.49031
3.92239
2.81230
3.41075
2.55772
2.85589
2.60426
2.21373
2.88283
2.81038
3.45930
3.11592
3.67049
3.75497
3.26599
2.71673
3.22918
3.65416
2.35558
3.44227
3.50760
3.00494
2.86321
3.77786
0.03446
0.77775
3.61605
4.02229
1.94214
1.30388
2.85657
2.42494
3.19182
4.04511
3.00895
3.48085
3.15042
3.73219
3.58268
2.06291
3.85808
3.89675
3.20656
3.80597
2.64844
1.84321
1.61617
3.96244
3.10773
2.91388
3.58116
2.45116
2.17029
2.50635
3.01936
2.45758
3.21807
3.61117
3.60251
3.59067
3.75774
3.44247
3.50636
2.87231
3.64951
3.91281
1.50822
3.01061
2.97579
1.84134
3.23623
3.28405
3.51280
3.50223
3.27361
3.77954
3.56758
1.20821
0.62903
3.89480
3.11194
2.62505
2.90678
2.29791
1.04035
3.11567
3.05634
2.63796
3.92219
2.91215
3.15318
2.92442
3.59538
2.38004
3.93170
1.68940
4.04917
1.92345
1.81816
3.86363
3.29401
0.25263
2.01691
3.82750
0.30032
3.47418
3.68455
2.73355
3.32870
3.35068
2.87737
3.59171
3.89253
3.93626
1.18247
0.56673
3.14445
2.19454
3.37434
3.65223
1.16914
2.11040
0.06641
2.28307
0.66988
2.81667
3.74705
3.38648
2.59517
2.00225
3.57620
3.90469
3.71691
0.86787
2.92933
3.89378
2.86777
3.74806
3.76500
3.78466
1.36712
3.26432
2.42840
3.56091
3.24491
2.94433
3.93866
2.79130
3.51478
2.51269
3.09189
3.48070
2.52620
1.19096
3.78558
3.07425
3.39814
1.98177
1.76776
3.62258
3.78010
1.58388
3.75871
3.30706
1.74417
3.46789
3.04184
3.20892
3.97746
2.94739
3.47481
3.38684
3.86912
3.68957
0.88706
0.50432
2.08866
1.36815
3.84993
2.65991
3.15095
3.33029
2.32108
3.79363
3.12980
3.49038
3.16957
2.89069
0.98505
3.23525
3.83028
3.59326
3.51807
2.65436
1.13808
1.61855
2.41673
3.15892
1.11037
3.60900
3.71658
2.77957
3.47315
3.74855
2.96838
2.37950
3.09906
2.52584
3.42118
3.48447
3.57695
1.88749
3.65636
4.03024
3.62300
2.35169
1.79407
0.67624
3.09305
2.05906
3.89183
2.33805
3.77051
3.44353
2.42067
3.26609
2.94234
3.52459
3.45199
0.39086
0.36158
2.92623
2.62738
3.07182
3.84048
2.37350
3.91598
2.05734
2.17512
3.35556
3.30650
3.18230
4.09521
3.35082
3.94281
0.99039
2.34829
2.39073
2.65137
3.07246
3.94932
2.09116
3.45448
3.55900
2.52176
0.50817
3.55499
2.59866
3.85403
3.88044
3.42813
2.95142
3.50017
3.90744
3.66650
3.64113
2.80778
2.48018
1.10109
3.45474
3.01796
3.79389
3.45558
3.40818
1.02558
3.30370
3.01616
3.67943
3.10568
3.55338
3.57992
3.56815
3.73774
3.98798
4.00294
0.57158
3.37244
4.00460
0.52640
3.74724
3.84343
3.42577
4.14673
1.79850
3.07287
2.06055
3.17944
2.76286
3.81171
1.88849
2.42936
2.96932
3.15852
3.29631
3.03914
3.33502
1.40188
3.93751
2.78600
3.63961
3.29097
3.15726
2.41007
3.70353
1.72211
3.45540
3.32139
3.24049
3.10286
3.37327
2.12194
3.43878
1.60309
2.23952
3.48959
3.30003
2.09260
3.80164
1.33033
3.52126
3.78738
3.47415
3.88546
3.57303
1.66517
2.74655
3.15134
3.06407
1.62956
2.21894
2.49476
3.63417
1.52710
3.45205
3.71849
3.67390
2.99163
3.53560
3.77464
1.64706
3.47092
3.93455
0.88561
1.00653
3.05246
1.07549
2.66362
3.27449
3.09524
1.35973
2.55481
3.27748
3.83776
3.82383
2.55650
3.36233
0.09883
2.90519
2.76896
2.84725
3.83051
3.80421
2.52265
3.90420
3.24790
4.05092
3.33692
2.55038
3.53785
3.74014
1.39826
3.23407
3.49050
3.79934
4.09375
0.79034
3.20848
1.76195
1.65530
3.78560
2.55798
2.84017
3.97135
2.81211
3.66683
3.49483
2.92702
1.17288
3.09001
2.87673
2.69940
0.76401
3.15362
3.66225
3.21475
3.69360
2.97633
2.91928
3.45865
3.61580
1.44613
3.61676
0.30581
2.98437
3.87985
3.67326
3.71553
1.98506
0.92591
0.48073
2.25727
3.76416
2.08587
3.12346
3.61802
2.71751
2.51284
1.39211
3.61501
3.42885
3.96882
1.82130
3.82613
4.12420
1.59018
0.29798
3.93094
1.96653
3.37230
3.48671
3.24504
2.62397
3.25880
2.70066
2.16220
4.03647
3.55560
3.84004
3.51894
4.13209
1.69270
2.41725
3.44046
1.55584
3.90893
1.09714
3.07288
3.47647
3.69383
2.54306
3.20155
1.82502
3.08537
3.62459
4.03204
3.96872
0.43218
3.20724
3.08472
3.36836
4.06587
3.52681
3.01256
0.71794
1.23705
3.90693
2.11976
3.72434
2.35606
2.95455
3.27966
3.77622
1.77489
3.74423
2.44871
3.58952
3.42413
3.72440
2.98192
3.84604
3.32927
3.78498
3.59761
3.17965
1.93728
3.51884
2.21671
3.45946
0.62370
2.83197
3.08645
2.61204
1.14398
1.18180
2.49289
2.64324
3.68780
3.68044
2.20423
1.15868
2.27893
2.57230
3.62045
3.38952
3.37545
3.63105
3.47825
4.07162
2.92435
3.44817
3.58454
2.93441
3.87073
2.15773
3.41074
2.88509
1.93951
3.79458
2.98713
2.47421
2.23699
2.71556
3.35134
2.47424
3.31713
3.03420
2.17460
3.41539
3.67600
3.70028
3.97555
0.66870
1.99419
3.84986
2.57323
3.18826
0.61855
3.66627
3.61396
2.70147
3.97399
2.48149
2.87951
3.82657
3.63330
3.90325
3.13132
2.89192
3.61887
3.84778
3.70959
4.08857
0.92601
2.01228
3.91152
4.02365
3.49334
2.82725
2.33203
3.69130
3.51413
3.86227
3.31553
2.07052
3.54307
4.08687
1.44467
3.23908
3.01279
2.39519
3.50225
3.72662
2.91096
1.70959
3.84581
1.85024
3.94399
3.20238
2.36011
3.53803
1.94331
2.81116
1.49074
2.45618
3.71154
2.21496
3.30036
0.63946
3.80427
2.83217
1.07681
3.41768
2.19807
3.81225
1.87607
2.09685
0.50688
3.86950
3.67347
2.00110
3.82834
2.65598
2.55130
3.00108
2.94109
2.69649
0.14097
3.61817
3.16007
0.76660
1.38788
3.94192
2.35968
1.09770
3.55918
3.52332
2.85944
3.03870
3.44000
2.44463
1.26879
1.27501
2.98775
2.31153
2.33444
3.86048
1.63080
2.08083
2.53554
1.28942
3.46781
3.44465
3.78794
3.59476
3.03685
2.38988
2.92561
3.78828
3.23490
3.26761
0.12823
1.65865
2.05017
3.43662
3.84065
1.11125
2.74637
3.11129
3.27565
3.39476
3.44747
3.62244
3.97688
0.97088
2.38246
2.12138
3.63438
3.55519
1.84746
0.68929
1.62177
2.66414
3.76468
3.59254
3.20710
2.55001
3.50403
3.64427
1.57403
4.02575
3.67728
3.11826
3.69392
3.68704
3.44776
0.45287
2.66474
2.90589
3.17947
2.80511
2.65905
2.07422
2.21302
1.06846
3.71886
2.06123
3.79368
3.34625
3.35836
2.61682
3.19539
3.23488
3.60431
1.00071
1.15661
3.62422
3.63510
1.24683
3.33744
3.44317
2.56903
3.88375
3.73376
2.96383
3.63944
2.74077
3.18901
3.76109
3.53409
1.04768
3.75335
3.40994
1.72338
0.26829
3.90580
3.80126
0.07808
2.16586
1.62113
3.10939
1.32176
2.62210
3.18218
3.84467
1.44442
1.61439
3.34729
3.81770
3.01308
3.84931
3.67146
3.38305
0.58818
2.89157
2.87713
2.53224
2.44816
3.48700
1.95262
3.80729
3.57066
3.56972
2.53705
3.41571
3.15450
3.75595
3.93874
2.26157
2.86351
2.07707
1.21077
2.09947
2.71795
3.81696
1.40050
3.69029
1.10412
3.20490
2.12233
3.73630
2.87869
2.27914
2.91087
1.61687
3.12486
2.91680
3.11169
0.08512
2.08848
2.09144
3.31396
3.58874
3.39272
0.95857
2.89575
3.18315
3.61195
3.85983
3.95709
3.64072
2.73620
2.38771
2.25752
2.55529
3.73825
3.70168
3.56175
0.67094
2.80001
2.31453
2.36542
3.76877
3.26370
3.28687
2.15345
3.80832
2.13783
1.54217
3.58206
3.80171
4.01534
3.58554
3.05150
0.79728
2.93520
0.08197
2.49576
3.34483
0.21465
3.64959
0.98104
3.33302
2.57245
4.01141
3.70390
3.07035
2.51623
3.58889
2.59142
3.14248
3.31908
3.53340
3.08430
3.19938
3.33125
3.65490
2.54188
2.02523
2.82134
3.91114
3.75327
2.15707
3.73777
1.33379
3.10944
2.57733
0.42532
1.71553
3.10272
2.88091
3.75297
1.35143
3.46077
3.36805
3.73381
3.40235
2.25725
3.61069
2.56398
2.14573
2.93522
3.38706
3.56341
3.82123
3.55302
3.24559
3.77747
3.62048
0.90136
4.06868
3.55892
1.42493
3.52778
3.76867
2.51950
0.82799
2.93981
3.72189
2.18453
3.93919
3.37592
2.15435
3.94232
3.51468
2.80018
3.47794
3.50516
3.74945
3.70081
2.62511
3.63270
3.80436
2.50314
2.32084
1.99890
0.92011
3.12378
1.54553
1.97078
3.12895
2.33231
3.44231
3.40667
3.10647
3.08346
3.42735
2.98299
3.65260
3.24230
1.81283
2.62706
4.05668
3.68835
0.89723
1.88287
3.52392
3.98713
3.57822
3.22335
1.84805
3.00951
0.22863
3.76923
2.29628
2.36524
3.12212
3.08075
3.91471
3.79380
3.22990
3.96388
3.17740
2.99005
3.54431
2.04251
2.86511
1.63158
3.53058
2.86819
3.81859
4.03964
1.75937
2.85074
0.81726
3.66330
2.96548
3.69282
3.28220
3.31633
1.89479
3.70704
1.91996
3.61642
0.85716
3.55517
1.74485
2.96113
3.60502
3.54873
4.02961
3.45104
3.61887
1.20935
2.10029
2.51308
3.30553
4.12034
3.16714
3.68080
3.81444
3.71791
3.38745
2.52669
1.28498
2.14990
3.50401
3.05954
3.78501
3.50014
2.44347
3.60883
3.60722
2.16823
2.11651
3.39095
3.25585
3.20115
3.80487
3.91130
1.02587
3.77028
2.95112
3.82611
3.13246
2.28231
0.34022
0.67175
3.68401
2.25377
1.52674
2.33454
3.41707
2.85120
3.34092
2.47119
2.15636
3.50716
0.52051
2.83846
3.02716
3.73105
2.08742
1.76848
2.76956
2.13864
1.70585
3.69277
2.20315
2.70215
3.43450
1.56566
3.60021
1.40942
2.16883
2.96011
3.12072
3.41721
3.42245
3.74942
2.69072
1.57417
1.39861
3.10568
3.85960
1.69608
3.94486
3.40399
2.06129
3.70852
3.62093
3.64601
3.90298
3.48801
2.25473
2.76971
3.52528
1.42123
2.90620
3.56192
3.22792
3.89154
2.82712
3.05335
2.17198
1.26668
2.24042
3.77072
2.53040
3.41534
3.54398
3.83865
2.93415
2.97574
3.72741
1.38543
3.89265
3.62785
0.30871
3.87077
3.94189
3.86351
3.41630
3.89820
1.67617
1.40610
3.21348
2.99750
3.38364
4.05467
4.00675
2.42401
3.58345
2.28971
1.08289
3.23688
2.21753
1.44753
3.29204
1.75055
3.58701
3.82024
3.77323
2.96641
3.74065
3.66202
0.55547
3.66796
3.50965
3.32911
4.01808
3.33091
3.03407
3.77069
1.82275
3.73699
4.13011
2.82984
3.79575
2.42775
3.28356
0.33282
3.71465
3.78887
2.11623
1.74725
1.84833
3.28151
3.52747
3.73589
3.09970
3.06019
2.76264
1.15710
3.51395
2.52142
3.64800
3.37655
2.83736
2.24053
3.56968
3.52209
2.72794
2.70408
0.77485
3.34576
0.61000
2.94350
3.22693
1.46657
2.90277
1.76890
3.81839
2.27525
1.64293
3.66847
2.65111
3.21556
3.32334
3.18943
2.55937
3.92443
2.83062
4.05740
3.11441
0.48082
2.81579
2.09059
2.12188
2.70480
1.01331
2.37584
3.64374
3.18144
4.02102
2.93663
3.66726
2.13723
1.21978
1.80079
3.53614
1.24856
1.86286
0.85244
3.70097
1.76207
3.74940
3.83970
3.64160
2.53043
0.99729
3.28750
3.03258
2.34305
2.67302
3.79799
3.28376
0.95671
4.05165
3.85851
3.32546
0.31216
3.14415
1.28288
3.92970
2.86846
2.90518
3.66891
2.50501
3.30585
2.30000
3.79367
2.34025
1.44181
1.86744
3.02575
2.42532
0.78988
2.86105
3.31365
3.81039
2.86059
3.49739
2.18803
1.20243
3.27629
3.89029
3.92158
3.15796
1.07183
1.35036
1.25978
3.70863
3.86564
1.15174
3.58031
3.84368
3.40580
1.87399
3.52850
2.58809
1.58723
3.68927
2.60552
4.15429
3.50911
3.21605
4.00376
3.07760
1.46030
3.90016
3.71682
3.91732
3.61357
3.02370
3.52236
2.51722
3.29405
1.88489
0.23973
3.20426
3.52054
2.16198
3.80300
3.40238
2.24546
2.03966
2.80577
3.15734
3.91005
2.78739
1.85757
2.85020
3.60023
3.60034
1.03942
1.55541
2.91349
3.84690
2.15450
3.42087
0.77443
2.68308
2.92169
3.99013
3.36963
3.92351
2.44352
3.78035
3.85351
3.99994
3.39058
4.04626
3.09054
0.59723
2.91692
3.11898
1.34288
3.57300
3.90302
2.69588
1.71547
2.94005
2.58767
2.11014
3.59909
2.16458
3.49653
3.18367
1.07246
0.17109
3.92798
3.02050
3.42788
3.68098
3.70828
0.18086
3.46884
2.66552
3.70309
2.71100
2.33245
1.70456
3.20376
3.28823
3.88888
3.76534
2.71145
2.23406
2.35753
3.65812
1.96693
3.44250
1.45805
3.63096
3.67674
3.04127
2.49376
3.54103
3.27533
3.84264
2.02710
2.26455
2.43955
4.08966
2.03870
1.75535
1.73656
2.18037
3.14308
3.47384
3.45378
3.13664
2.64514
4.08882
3.58052
3.27133
3.09145
3.85350
2.74162
1.94866
3.83335
3.00192
1.51914
3.44490
1.42375
3.80099
3.49490
3.68900
3.87868
3.60249
2.45158
2.81341
3.51550
2.67659
2.23275
2.74631
3.25293
2.73668
3.57315
2.73862
3.76603
2.27248
2.67584
3.80597
4.03954
3.77297
3.47171
3.68415
3.56781
3.65002
3.94029
2.88888
3.58499
3.78206
3.57782
3.38308
2.92668
2.86395
1.64601
2.58293
4.01880
1.99169
3.80905
1.98513
3.45572
3.65633
3.40195
3.05290
3.74359
1.33997
3.57125
3.66887
1.52347
2.81759
3.16096
2.54865
3.61993
3.35112
1.06282
1.68443
0.49018
1.51433
3.70648
3.45200
3.67906
4.00432
3.49946
3.15911
2.08100
3.69165
3.30202
0.69858
2.39361
3.46544
3.35034
3.14504
3.31001
3.51943
2.07370
3.78190
3.67974
3.48060
2.52533
3.81658
2.41385
3.58834
2.68084
3.61760
3.91464
2.95248
3.93917
3.63786
2.93889
2.55949
0.61545
3.79673
1.57861
3.88591
2.63649
3.16311
3.41926
2.81553
3.39988
2.00463
0.88843
3.78022
2.06452
2.88230
1.10479
3.59795
2.44351
2.97869
3.76431
3.60122
3.54141
3.82849
3.55389
3.48500
2.97299
1.00852
1.77496
3.61035
3.75957
3.56182
2.29640
1.07853
2.47371
1.93028
3.82243
3.03167
3.51796
3.31118
3.36845
3.81035
2.02868
3.35281
3.12084
2.57460
3.55979
2.25732
2.56422
1.77331
3.59927
3.50920
2.80043
2.81178
3.09140
2.14461
3.16101
3.20486
3.42374
2.26940
3.43846
3.72666
3.25061
3.91664
3.61845
3.84138
2.64375
3.18250
2.11266
2.91533
0.86897
2.28857
3.65962
3.64639
3.42374
2.97253
3.80012
3.85029
3.20863
3.55601
2.61494
3.75445
3.91869
3.21293
3.09409
3.97373
3.96476
3.67711
1.12808
1.45909
3.06885
3.79709
3.53610
3.85305
3.81873
2.95785
3.28305
1.25610
3.21131
3.79871
1.52416
3.94093
3.10937
0.27066
3.84011
2.04563
2.83824
2.23315
2.76058
3.57800
2.12559
3.49376
1.93853
3.65114
3.02102
2.81101
4.11949
3.67389
2.43968
0.59617
2.46534
3.20283
3.90029
2.01918
2.72531
3.69811
3.67000
3.42375
0.88675
3.98704
0.85531
1.37304
2.55726
3.66367
2.21662
1.11266
3.01473
3.31368
3.19902
2.83762
1.49085
3.80428
2.98969
3.71511
3.68604
3.99046
3.75016
3.54056
3.96916
1.54688
3.68972
4.06072
2.83771
3.62718
1.79997
3.61575
2.50027
1.27815
3.45607
3.66920
3.28036
3.58355
3.49416
2.59635
3.75280
3.33888
3.93307
3.70672
1.35500
1.44406
3.26312
3.84974
0.36428
3.42619
0.40299
3.34766
3.99920
2.76506
3.78013
3.39730
3.05790
3.38155
3.25797
3.43829
3.42615
3.43889
3.27624
3.65466
3.43388
2.85682
3.37781
2.77449
3.86211
1.69201
3.14673
1.83422
2.90799
3.95303
1.36169
2.95359
2.46226
4.00467
3.56364
2.65004
3.30204
3.51237
3.76110
1.16574
0.88651
3.89465
2.95198
3.52237
3.07445
3.72442
3.75713
3.48761
3.77497
2.54922
2.51029
3.42777
3.76770
0.27070
3.64502
3.55358
2.96273
2.14201
1.57168
3.14806
2.99956
3.91463
3.95522
1.06479
3.78736
1.10005
1.24116
3.95775
1.87553
3.45119
3.55061
0.41752
2.17221
3.21456
3.84180
3.98520
2.95866
3.99263
2.32570
2.27317
3.54750
1.82251
1.47121
3.54600
3.79155
2.74819
1.23826
3.70684
3.37952
3.55911
2.10323
3.55226
3.82842
2.65777
3.40237
3.76224
3.66085
2.68609
2.65879
3.61511
2.30446
1.80236
3.75471
2.98621
1.64200
3.60386
3.40909
3.46202
1.67882
3.83764
1.23538
3.91903
3.35240
3.55968
1.72443
0.28886
3.97503
3.55335
2.54677
2.38130
3.75637
3.27736
2.69851
2.61792
3.65374
2.44407
2.99228
2.17497
3.63117
3.81139
3.82763
1.09521
3.27013
3.64742
4.04844
2.79871
3.61669
2.39729
1.24926
2.91105
3.55411
1.52464
2.71795
3.26026
3.04461
1.64441
3.58166
3.35314
3.83340
3.12396
3.86629
3.33101
1.79241
3.05953
4.01226
0.33754
3.83629
2.88092
3.73537
3.64086
3.98461
3.64814
3.68291
2.26782
1.75911
2.57379
3.94782
3.63437
3.82865
3.78340
3.97387
1.15713
2.96901
3.67637
3.57707
3.30985
1.99265
2.63286
2.89028
3.74100
1.65631
3.74969
0.76156
3.69006
1.29905
1.63510
3.46201
3.41345
3.69580
3.37414
2.37665
3.55702
1.09913
3.16868
3.88141
3.85344
2.78424
3.66890
4.21038
3.49699
3.45275
3.48819
3.44741
1.62337
3.10467
2.37975
0.55447
3.61872
3.42613
3.12726
2.97435
3.40143
3.82961
1.13618
3.30403
2.02763
0.88088
3.83464
2.75802
3.88285
3.47222
2.41609
3.95358
1.88601
2.82013
2.88020
2.89116
3.65875
3.83884
2.99686
2.84207
3.02660
3.47163
1.33100
3.16906
3.65039
3.47863
3.94579
3.58659
1.78874
3.21077
3.68845
3.68342
2.94065
3.93436
3.86606
1.82731
3.73311
3.62298
3.59625
3.19789
2.98008
4.08511
3.38519
2.61543
1.64784
4.15956
2.38725
2.12741
1.96747
2.67429
2.20663
2.68231
3.43681
3.63558
0.35001
3.56019
2.71689
3.88338
2.06277
2.80839
3.38146
0.80388
1.85342
3.82578
3.18610
3.05166
3.84524
2.43169
3.02898
3.64151
0.88270
3.82323
3.13475
3.79965
3.26750
3.87309
2.13183
3.66619
1.26556
2.11422
3.47211
3.74627
3.62797
3.37991
2.10876
3.52642
2.09684
3.54133
0.36427
2.81035
3.28465
1.01383
3.29247
1.75070
3.60922
3.26770
2.83122
2.98504
2.61854
3.11556
3.34532
1.82119
0.19799
1.98654
2.66212
3.37000
2.22673
3.96413
3.83488
3.66247
2.95420
3.51668
2.34933
3.38179
3.33466
3.66324
3.68428
3.31511
2.63059
3.60875
2.46610
3.05223
3.51097
3.96233
3.84019
2.60902
3.16606
1.89710
2.31981
3.70161
3.60822
3.10461
4.09401
4.08874
2.16282
1.80213
3.36248
3.49607
3.97502
3.47922
3.68033
3.17730
1.55285
1.05413
1.79797
2.20988
2.42594
3.86436
3.70410
1.19685
3.10287
3.92532
1.97965
3.47674
3.68254
1.72322
3.24806
2.16369
3.26245
3.29283
2.80658
3.64779
4.08882
3.85867
3.74214
3.59867
3.11656
1.72313
3.25994
3.46274
3.50161
3.00447
3.34800
3.47412
3.68868
1.36875
4.07737
3.52101
3.50603
1.62877
3.58518
2.58903
3.38145
2.01496
3.85757
2.68915
2.29099
3.00762
3.74279
3.95381
3.73265
2.98853
3.47588
3.36866
3.59104
1.78300
3.20829
3.42884
3.53842
2.83975
3.94643
3.70329
3.93542
3.99019
3.66178
3.16504
3.08611
2.61676
2.48127
3.82155
0.51794
2.78469
3.97065
3.76285
3.05330
2.58508
1.66307
3.53482
3.40703
1.52039
3.58747
1.58013
3.57640
2.89552
2.88046
2.99122
3.76046
3.20101
2.45158
0.97768
3.10698
2.37977
2.93016
3.13799
2.45769
2.78201
2.92700
0.59265
3.28841
2.33958
3.36602
2.05942
0.48283
1.67405
3.35926
3.88435
3.20881
3.37108
2.67549
2.77211
1.66854
2.06263
2.89199
2.06428
3.61888
3.00545
1.60721
2.77951
2.73044
0.96588
2.84555
3.90667
0.48096
0.73913
3.77717
3.06792
2.28295
3.82242
3.48382
3.05285
3.33463
3.66696
2.73288
1.84482
2.13028
3.55220
2.93080
3.53886
3.45213
3.67135
3.69429
3.63543
3.83009
3.48084
3.57935
3.96472
0.37566
3.25581
1.62210
3.20545
3.94729
3.08885
3.32283
4.13300
0.52484
3.73064
2.75281
0.67345
2.69046
3.38482
3.11290
3.48842
2.71960
2.09825
3.65504
3.79898
3.14967
3.54379
3.68625
4.06478
4.01369
3.99073
2.45445
2.77009
2.91743
2.98996
2.75661
2.19529
3.39661
3.53709
3.82729
3.78228
2.50333
3.72302
3.50147
2.90144
3.14174
1.93823
3.08645
3.66590
3.45176
1.54989
3.06666
2.99707
2.83584
3.60324
3.71822
3.69501
2.02517
3.22840
3.86062
0.23249
3.09362
3.56189
3.98724
1.93633
1.04812
2.77145
3.50683
3.59163
3.68737
3.15172
1.29275
2.04591
0.29536
2.54186
3.47042
2.29230
4.03901
3.65142
2.62181
3.96278
3.94427
2.51699
4.08327
2.15181
3.80674
3.80561
2.06592
3.79925
2.36586
3.00426
2.92485
2.74345
2.93405
0.25376
4.15063
3.80015
0.73314
3.09064
2.89840
3.42816
3.60947
2.79125
4.02343
2.70539
3.69541
3.49800
3.74039
2.25863
1.68817
1.88370
2.16096
3.97832
2.89130
3.93313
3.02389
0.86666
1.37054
1.20468
3.25853
3.80082
1.90056
3.64737
1.87048
2.40695
1.89013
3.67326
3.64311
0.93293
1.01554
2.39945
3.53620
2.74449
3.71559
3.15380
2.22954
2.30064
1.54443
3.70114
2.78241
2.51732
3.78094
3.10275
2.85412
3.13704
3.40642
1.98949
2.36759
3.89266
3.63751
3.15260
3.68686
1.82694
2.84992
3.65502
1.51061
3.73919
2.46837
2.06133
3.66008
3.11934
3.86288
3.73473
3.42121
3.61372
4.09782
3.73412
3.82347
1.20297
3.20766
1.52237
1.91084
3.61153
3.05335
2.10351
3.81867
2.53782
3.44830
3.35113
2.63682
2.48483
3.49078
3.42347
1.25479
3.95685
3.55134
2.84311
3.15530
2.27416
1.22285
2.04572
3.20221
3.72953
4.17356
3.78884
1.85924
3.70301
3.81220
2.87428
1.55880
2.43164
3.44475
2.62873
2.93686
3.63911
2.81293
2.99669
3.57199
3.81329
3.39502
3.75472
2.04777
3.96110
0.55384
3.10108
3.09803
2.81420
2.56432
3.08175
3.15068
3.00749
2.69734
3.17784
3.86260
3.65389
3.38434
2.47132
4.02627
2.85551
3.00960
0.64099
3.40271
3.49536
2.07099
1.97893
3.79612
3.51324
0.37730
3.52762
3.14801
1.75957
2.90076
3.71099
3.49481
0.05710
2.34373
2.76507
3.41241
3.78188
0.53249
0.98871
0.80296
3.80082
0.21190
3.57946
3.98431
3.33014
3.33390
1.90478
1.44490
3.63613
3.18268
1.68119
3.56393
2.56062
1.68993
3.70549
2.29128
3.51953
3.41843
0.53204
3.78457
2.79073
3.61971
3.72820
2.42764
3.17466
4.03799
2.72268
3.15337
2.22065
0.35682
2.00923
1.93829
3.61684
1.33216
3.30237
3.26068
3.58457
2.99361
3.05567
1.39987
3.23553
2.00440
3.85436
3.75243
3.21718
3.89592
2.59720
2.31584
3.47397
3.18145
3.37980
3.13436
2.83367
3.73143
2.13304
2.84964
2.01041
2.45876
1.50260
3.54344
3.10379
2.86630
3.36070
3.91979
3.15531
3.52964
3.62460
2.30490
2.81111
3.47621
3.85149
3.46589
2.90377
3.69971
3.52161
4.04477
2.49754
1.12803
1.39958
3.12599
3.66843
2.23831
2.50509
3.63668
0.61503
3.56652
3.85975
3.42779
3.65090
0.78512
3.77873
3.94111
3.29686
3.88847
3.70372
3.41582
3.78604
2.06628
3.66487
0.00433
3.63592
3.36166
2.82702
3.73188
2.63083
3.61213
2.70541
2.71481
1.55642
2.95736
0.90634
1.46616
3.01809
3.19823
3.13380
3.60367
2.69593
4.12608
0.41975
3.47463
3.22861
2.22253
1.20133
3.44964
3.66919
1.47461
3.65533
2.48856
3.11237
2.56920
3.33689
1.51431
2.19678
3.41499
1.56595
3.43771
2.75228
2.06489
2.87738
3.43161
3.00702
2.08662
3.50521
3.66388
2.44400
4.24109
2.75248
2.02226
3.87691
2.08740
3.01691
3.68837
3.82243
3.84072
4.13289
3.49851
3.46428
1.46269
2.86030
3.31467
3.02543
1.15329
3.90624
3.96288
2.85953
3.56112
3.85700
3.88536
1.91965
2.95878
2.29009
3.99170
3.30408
3.19307
2.75102
3.00983
1.73982
3.93139
3.88882
2.53950
1.17888
2.94871
3.04262
2.38387
3.36638
3.70494
1.60325
3.25761
2.84339
1.94509
3.39506
3.26655
3.60877
0.28708
3.62855
2.42697
3.30249
1.61189
2.93256
3.18149
2.79691
3.35629
2.01755
2.93762
3.63790
4.13607
3.17574
2.26844
4.06369
3.73251
1.23873
3.44679
0.24559
3.46847
1.84137
3.39223
2.75451
1.99871
3.95364
2.39407
3.04368
3.43390
3.50680
3.74580
2.67032
3.43500
3.42270
3.28827
2.66765
3.69782
3.87158
2.49919
3.52639
3.60634
2.91996
3.10721
3.71651
2.78727
1.51789
2.75039
3.32094
2.49160
1.47758
2.16065
1.44389
1.26907
3.96565
3.75312
2.41874
2.55901
3.52180
3.49327
4.16285
3.37067
2.60470
4.00870
2.67068
1.66595
3.63577
2.43685
3.74945
2.53912
1.36099
1.23661
4.09520
3.36574
2.53284
3.14949
3.61751
3.71417
2.95305
2.69981
2.59029
1.56078
3.27720
3.03161
1.58274
3.67462
0.60011
0.41782
3.63521
3.68788
4.09127
3.37980
2.64286
3.33102
3.54369
2.89420
3.54234
3.37832
3.64599
1.70013
3.81735
3.29571
3.23198
3.53330
4.07344
2.63569
4.13347
2.91978
2.87916
2.42513
3.27802
2.64606
3.04171
3.38452
3.97265
2.49232
3.13088
3.40033
3.09956
0.69841
1.86468
3.11830
3.64066
2.06953
3.69439
2.08828
0.48942
3.72318
3.64763
3.42408
3.55234
1.45745
3.58897
3.45730
3.27000
3.84445
3.85891
3.68359
1.05968
2.29465
3.75261
3.72914
1.04224
2.65434
3.86186
2.06545
2.33163
2.51003
2.98849
0.62982
3.66389
2.52945
0.19490
3.62870
3.77390
0.55211
3.15170
3.72590
3.15551
3.45412
3.02537
3.03773
4.06225
0.90517
0.61221
3.46832
3.37109
2.27787
1.55666
1.37841
2.00944
3.48071
3.38156
3.63127
3.83456
3.76286
3.73065
3.41353
1.23390
1.44453
3.80440
3.68766
3.13034
2.38959
3.11574
1.35329
3.79377
2.89243
2.93650
1.08568
3.49519
2.92615
2.06217
3.41279
3.73773
2.34373
3.43815
3.74772
3.72336
3.28360
3.73671
2.86020
3.26138
3.87428
2.77897
3.10005
1.62069
3.36630
3.27260
2.99549
3.16737
2.81707
3.03886
2.22941
1.96522
3.11337
3.55563
3.51373
3.71655
3.43538
3.32513
2.72920
3.67808
3.45491
2.14625
3.64957
2.44926
3.24333
1.23187
3.60781
3.52062
2.25602
3.58651
2.81930
3.43160
3.27621
3.12555
1.01470
2.93998
1.30551
3.01563
2.98833
2.53531
3.46398
3.43808
1.65606
3.04223
3.63447
1.70257
2.01878
3.81963
2.83927
3.98301
3.28080
3.62113
0.49541
3.28327
3.36702
3.92668
2.55112
3.74149
2.27105
1.30599
3.58228
3.74544
3.54460
2.06571
1.69540
1.76242
2.93085
3.18812
3.40218
3.84922
3.65499
2.17691
1.28270
2.15674
2.71045
3.94571
3.49466
3.65298
3.98964
3.55032
3.08006
2.68311
3.11032
1.58640
1.45295
3.58525
3.35046
3.01691
1.43797
3.62796
1.63330
2.45181
4.01158
3.00832
3.79189
3.14149
3.54540
1.79164
3.00970
0.96503
3.36440
3.60982
3.57849
1.46181
0.20604
2.92891
2.38637
3.38317
2.41081
3.80346
2.66142
1.05662
3.96476
4.13775
0.09841
3.19700
2.76772
1.21327
3.99122
3.77696
3.28232
3.87501
1.83012
3.44470
2.42145
2.66799
3.36386
2.92288
3.67023
3.57940
3.88033
3.09885
3.64106
2.19362
4.04046
1.89862
2.17746
3.81150
3.39212
3.00837
3.32964
1.16838
3.09829
2.18861
2.43626
3.00441
3.81606
2.97194
1.30563
2.91201
3.62446
1.34685
2.97691
2.40931
2.53859
0.88091
3.41422
3.88158
1.78799
3.86920
2.78216
2.69440
3.75629
3.62786
3.96536
3.54559
3.64500
2.33418
3.78053
3.58992
1.96037
1.90271
3.11531
1.06320
3.49682
2.87047
2.95296
3.65094
1.85468
3.78401
1.73392
3.24233
1.19354
1.27695
2.07963
2.16746
2.54606
3.84146
3.57648
2.80179
3.62507
3.18575
3.47765
3.97475
3.14379
3.77577
2.68025
2.91357
2.46343
3.38022
1.90611
3.57824
3.55554
1.99396
2.85696
1.84936
3.51746
2.38900
3.67449
4.02055
3.57091
2.72961
3.29284
1.26739
3.61451
3.70344
2.70523
2.08759
1.33917
0.19714
3.34637
2.77750
2.81382
1.60170
2.93042
2.48677
3.15362
0.93782
1.37996
3.79292
3.87796
3.77438
2.15974
3.49168
3.90330
1.00117
3.83701
2.59960
3.57690
2.38621
3.35812
1.85181
1.49341
2.53930
2.13596
3.20195
1.52460
3.44543
2.28174
3.74758
1.30960
4.01666
3.68075
3.77194
3.48029
2.73163
0.46973
3.79916
3.52419
3.67518
3.73986
3.21021
1.04382
1.55526
2.73039
3.81158
2.88266
2.32488
3.15798
0.69969
0.59763
3.77540
2.89169
2.21452
3.76486
3.72364
3.93667
3.49922
3.69530
2.88601
3.63734
0.41091
3.80349
2.88131
3.58336
3.13222
2.63022
2.12553
3.75662
2.86622
3.81836
2.74338
2.75016
2.43824
3.73425
3.82914
2.45596
3.78179
3.78830
3.53274
0.91392
3.89096
2.73042
3.28178
3.67498
3.04556
3.48872
2.73411
0.75792
3.82802
3.23585
3.91561
4.09822
3.45053
3.27061
3.62776
3.10995
2.06724
1.32256
3.65788
2.59927
2.04881
3.46815
2.43765
3.58192
3.45672
2.16715
1.94154
3.96802
3.79662
3.73961
2.96530
3.77031
1.83555
3.55010
3.61585
3.35169
3.59672
2.34370
3.89101
1.10032
2.75402
1.36274
3.60267
2.53922
3.77762
2.65663
2.87941
3.92652
3.77913
2.82308
0.53337
2.88694
3.46192
1.64328
3.69243
3.62532
2.96254
3.91296
3.49663
3.89896
4.10772
2.25681
3.55152
4.11389
3.25254
2.62592
3.54656
3.40001
2.75982
4.00722
1.59400
1.88691
0.66216
3.78013
3.56422
3.68024
3.97414
2.43711
2.91108
2.94511
1.19506
2.86026
3.80037
4.04168
2.86231
3.35034
1.01148
3.96142
3.33408
2.61488
3.00707
1.49281
1.45252
3.83099
2.89279
3.78630
3.99636
3.47249
2.52160
3.47698
3.20160
3.93466
2.25037
2.71400
3.90146
3.77732
2.94025
3.71901
3.12784
2.73425
2.61248
3.41750
2.94578
2.63105
2.62986
3.57723
3.19184
3.14029
1.19942
1.93161
3.97154
3.13546
3.37462
4.09252
3.83220
3.59265
3.04395
4.01172
2.43909
3.48973
3.40899
1.28096
3.25550
3.50334
3.93744
1.45692
3.93747
4.10263
3.67205
3.51081
3.67831
2.89344
1.02564
1.64331
3.34581
3.81064
3.45977
2.11529
2.59469
1.81123
2.33433
3.88226
3.82954
0.56291
0.37828
3.80600
3.99536
3.18596
2.74668
2.78776
3.49666
3.48667
3.81600
2.17847
2.69207
4.04251
1.50862
3.69279
3.45937
3.78769
2.71000
3.30530
1.89552
2.61344
2.92127
2.36981
0.92055
3.68659
2.89369
3.65129
3.55649
3.25782
3.04764
3.80886
3.45404
1.81168
4.01474
3.86156
3.68862
3.05567
3.51741
3.83465
3.40981
3.85941
3.16095
3.61536
3.60393
1.93070
3.06768
2.68541
3.53693
3.93438
2.08331
3.55978
3.64979
3.85260
1.22250
3.77821
2.95717
2.78311
4.04599
3.64653
3.26359
2.91781
3.60757
3.69422
1.21413
3.24004
3.06518
3.83173
3.97137
2.54381
3.66026
2.51265
3.88984
2.41528
3.66016
4.06579
3.01419
3.30961
1.34743
2.73968
2.05997
3.89536
1.47679
4.18994
3.01065
3.26518
2.94220
3.80798
3.03032
3.79563
3.71817
3.53826
1.05580
1.55549
2.02820
4.09232
3.77975
3.94314
3.04315
2.86817
1.91860
2.94003
2.94294
3.87629
4.14929
3.78588
3.30359
3.44751
3.23705
3.23656
3.51024
2.45475
3.10067
1.12026
1.64753
2.70136
2.29499
3.83317
2.86659
2.50037
1.64952
3.94327
2.86180
3.53340
2.21420
3.46960
3.19737
3.38978
3.59575
2.59384
0.33150
3.33431
3.35280
2.78685
2.93880
3.36192
1.57485
3.87151
1.17855
2.64893
2.66523
3.40117
4.16657
2.90328
3.48780
1.83817
1.67810
3.53864
2.53517
1.73216
3.18620
1.54816
3.66606
1.10328
2.39036
2.24556
1.65363
3.68767
2.60628
4.02315
1.78790
3.53233
2.93454
2.39252
2.62886
2.51798
2.06936
2.18027
3.10345
1.21850
3.57824
2.73395
2.91711
0.63499
3.51104
2.36037
3.15160
1.76140
3.74829
3.54048
3.79782
4.05810
2.67717
2.25524
3.77444
3.53911
3.89727
1.38433
3.17278
0.90458
3.28643
2.89101
3.24484
3.54963
3.26478
1.86989
2.92631
3.64874
1.16889
3.34620
2.64786
2.43257
3.27601
3.20655
3.22934
3.14395
3.76675
4.06652
3.12794
1.02617
3.54664
3.68317
3.50412
2.35941
2.81110
1.61114
2.78691
3.79764
3.92424
1.12986
3.38694
2.58431
1.36076
3.29652
3.79709
3.35270
1.15298
3.11156
2.49781
2.83357
3.44801
3.00651
3.80532
3.53463
3.43423
3.72303
3.25791
3.40084
2.50841
2.27153
2.61371
1.94801
2.84431
2.86450
3.15597
3.59840
3.72319
2.72845
2.85815
2.74711
3.90894
3.27773
3.46246
2.52450
3.92763
2.92639
3.43831
2.79681
3.46208
2.94630
3.62686
3.32872
3.78633
3.38334
3.93124
3.52236
3.48018
3.78743
3.84782
2.62344
2.95756
2.99708
3.62142
3.59297
3.82316
0.31247
3.55981
3.84163
3.94431
3.33775
1.50513
2.88441
3.41102
2.50289
3.85968
3.38792
3.88607
1.77522
2.14656
3.01235
1.90131
3.45812
0.12966
2.54256
3.76269
3.53729
4.08719
2.23241
2.57711
1.57175
3.67585
1.93910
1.26008
4.00259
3.06368
2.95735
3.78842
3.77495
3.01140
3.70244
3.37915
3.19060
3.44007
3.16328
2.87398
3.65695
3.99187
1.50024
2.93461
3.74103
3.69907
1.72955
2.10853
0.99194
3.82723
3.32534
2.22213
3.80397
2.80269
3.74050
3.69241
3.67456
3.70729
3.59704
2.85825
1.04289
3.17170
3.82903
3.51309
1.51439
0.74006
3.63940
3.48066
0.44385
3.67663
3.82010
2.04253
3.53162
3.11682
3.63610
2.27523
1.47890
0.38774
1.82847
1.17903
1.97080
3.73969
0.92276
0.17201
3.63656
2.05206
1.48977
3.36583
2.41674
2.69486
2.87517
3.43373
2.87107
3.50572
3.95080
3.54308
3.41933
1.48435
0.91103
1.03917
4.08996
3.35057
3.24511
3.59493
3.19607
0.76926
3.72861
3.84686
1.68585
3.02958
3.62327
2.49397
3.79288
2.67144
3.00433
3.44341
3.98771
2.84889
2.19210
3.46199
3.34404
2.81324
3.02805
3.63785
1.55360
3.84559
3.86615
1.99605
1.42250
3.52829
3.55145
1.11015
1.62567
3.72406
0.84794
3.78083
3.57623
3.93834
3.34142
4.06387
3.41170
0.90255
1.94018
2.73554
3.70309
3.31719
4.00462
3.23282
3.75038
1.10987
3.66662
3.61168
3.24279
3.72231
3.83941
1.72985
3.47191
3.25082
3.05992
2.62222
3.49938
4.10261
2.96561
2.58882
3.55861
3.97358
3.48929
3.97964
4.07008
3.96752
2.44949
3.31032
3.40488
2.43991
3.45846
3.86159
2.39542
3.76424
3.76412
2.99765
3.46156
3.95599
4.04323
3.02286
3.92356
3.22430
3.86980
2.77504
3.25878
1.19662
3.72927
2.67259
3.10543
1.49204
3.82595
2.20033
1.52022
3.47896
3.61907
1.20713
2.83325
0.85345
3.40298
1.27990
3.50531
2.48521
2.13080
2.03748
1.23810
3.94526
1.58773
3.84147
3.56244
2.66521
2.55606
3.81623
1.52711
2.31263
3.92530
3.41583
2.74307
3.50630
3.12285
2.21465
3.21320
3.82803
3.80011
3.86320
3.69697
3.72125
0.29223
3.47255
2.63843
2.27651
3.71827
2.60303
4.06967
3.10743
3.30690
3.36907
2.14195
4.05737
3.15746
3.57548
2.62449
3.78769
3.29490
3.40501
0.97717
3.51797
1.53145
2.97966
3.79545
3.75294
2.74214
3.66989
3.66700
3.84482
2.85026
3.77636
2.44628
2.52652
3.83178
2.23883
3.05562
4.03795
3.40378
3.89647
1.81388
1.24605
1.58848
2.20925
2.35736
1.85317
3.32591
1.57385
2.16582
4.04110
3.77648
3.97227
3.52257
3.48010
0.00011
1.41125
2.12041
1.06881
3.70491
1.99676
0.03033
2.02454
3.73459
2.85768
3.43732
2.39146
3.09482
3.85897
3.55356
0.93265
2.78259
3.20314
3.98585
0.82699
1.25696
3.08639
3.64585
0.70745
0.11866
3.85704
2.89095
2.61273
2.56124
3.71937
3.08729
0.40774
3.46366
3.59810
3.48616
3.33775
2.96726
3.55554
3.48966
3.44503
1.28662
2.74024
2.31946
0.97345
3.42237
3.05480
0.81001
3.42163
3.49739
1.01706
3.23707
3.63447
4.00248
2.70775
2.96112
3.70009
3.39981
2.03189
3.70308
3.01734
1.76280
3.74292
2.82248
0.30902
2.99199
2.96377
2.24246
2.23014
3.74841
3.34618
3.77497
3.70288
3.54714
3.56027
1.26672
1.35539
2.83660
3.48037
3.95015
3.60396
3.74970
3.55664
3.11225
1.51324
1.65704
3.64731
3.60672
3.66120
2.66655
3.49597
3.88291
3.41772
3.58769
2.87164
2.84343
2.50831
3.30676
1.41925
3.47533
1.12847
3.73183
0.88619
3.23783
3.72468
3.48115
1.88679
3.57711
3.34777
3.95747
3.65043
4.00301
2.55255
2.79250
3.22435
3.76494
3.76684
1.96952
2.37674
3.98983
2.62629
3.19263
3.20820
3.15968
3.40136
2.38217
2.61071
3.67149
3.82084
3.57769
3.78254
2.37721
3.19894
3.84889
2.90079
3.94340
3.28000
3.71281
3.39700
3.99746
2.29863
4.06771
2.90576
2.64741
4.05090
3.85601
4.00476
1.11201
3.00709
3.77474
4.03239
2.84938
3.95863
0.92935
3.86857
3.74331
3.68192
2.00516
3.93266
1.38744
1.18666
3.69384
3.69667
3.76282
1.84902
2.28265
3.43943
3.81627
3.98412
3.28231
3.56870
3.55196
3.72441
0.95108
2.07966
3.43706
3.22056
2.20312
3.27129
2.77951
3.60718
1.18559
3.65980
3.60087
3.92825
3.90419
2.04020
3.42225
1.41883
2.65413
2.79597
2.44738
3.85335
3.32746
1.02157
2.33557
1.00243
3.31227
1.14382
3.55952
3.68229
2.42144
3.66917
2.99378
2.06862
3.30712
3.01026
3.27774
3.23419
3.51374
4.02269
1.89200
3.96150
3.34280
1.94669
2.76292
3.58425
1.93159
1.60530
3.83152
3.71285
3.45694
3.72117
2.38179
3.64315
2.20633
2.65350
2.69200
2.61331
0.57650
0.83959
1.12052
1.41012
0.64633
1.90724
3.46672
2.41993
3.46374
2.31257
2.21632
3.24312
1.47257
0.82416
2.21856
3.63758
3.56812
3.55693
1.39640
1.18223
3.23188
1.20100
3.38975
1.01686
1.78661
3.95733
3.57681
3.47793
3.88124
3.07640
3.77495
3.24254
3.77106
0.31757
3.48952
2.93713
2.96464
1.37404
2.15514
2.72566
3.54521
3.35768
2.70553
0.75456
3.63646
2.58821
3.80288
3.29713
1.82056
3.73183
3.22882
1.77645
3.55781
3.10790
2.88557
0.49633
1.62625
3.46337
3.79830
3.28969
3.07928
3.80002
2.85022
3.51117
3.68259
3.40039
3.80829
3.06871
3.63828
3.87734
2.96255
3.52978
4.08333
3.70079
1.75939
2.83118
3.16492
3.39837
2.26894
1.62797
3.53044
3.30059
1.52514
3.62967
0.56957
3.64524
2.14789
3.55212
2.55340
2.74355
2.52574
2.62267
2.54990
3.77025
2.99343
4.05299
2.15979
3.49787
3.42011
2.76237
3.79014
3.35980
3.49950
3.68397
3.61074
3.10954
1.40918
3.62421
2.93863
3.83577
3.90312
3.63586
3.82212
3.89364
3.95910
3.02803
3.48164
2.69481
3.69819
0.98696
3.87112
3.42217
2.84137
0.74529
3.28125
3.35180
3.26859
3.66702
0.27979
3.72992
0.65573
3.25962
3.77289
2.96017
3.77309
3.22578
3.71442
3.91326
2.33627
3.37938
3.45591
2.75648
1.78359
1.32093
3.36310
3.50060
1.51821
3.65903
3.92589
3.63623
3.68693
0.13698
2.74026
2.38748
3.69882
3.49632
3.62787
1.63238
3.56218
4.02420
2.66722
3.58012
2.34246
2.14526
4.11014
1.48638
2.50363
1.01586
3.08548
3.78239
3.91980
3.94795
3.32148
2.10663
2.80889
2.44677
3.47217
3.12771
1.09063
3.52017
3.46314
3.99812
3.28923
2.56231
2.74932
3.76900
2.16080
3.51245
2.88051
3.45137
3.24925
3.41376
3.22535
2.63549
3.50949
3.39906
1.64359
3.68455
3.49329
2.87030
2.44407
1.10408
2.05255
1.58783
2.50492
2.91430
3.85377
3.41890
3.86356
3.10659
2.92611
2.97717
1.77273
0.88822
3.30722
2.91940
1.81682
2.62888
3.09150
3.47436
2.74688
0.95162
3.42432
2.19114
3.53783
3.86018
3.19461
1.29735
3.19345
2.51352
2.56215
3.87281
2.81002
1.24939
3.32915
2.99613
1.56102
3.85633
3.89119
3.15515
2.77475
1.64875
3.92400
1.96636
3.64152
3.32463
1.30563
3.61930
3.30712
1.43924
1.95177
3.68243
3.49224
3.61000
3.36000
1.87246
3.50857
3.48507
2.89005
3.96697
2.19804
1.86616
3.17313
4.13182
2.85072
3.54147
2.20866
3.32097
2.37270
0.93617
2.38380
3.86168
3.28505
3.88218
2.97789
3.71897
3.06005
3.57944
2.07125
3.45241
3.38074
4.07029
2.66927
3.66254
3.26700
3.78019
3.59941
3.24225
3.65898
3.53296
1.76437
2.32962
2.82372
1.93272
3.22971
2.32954
2.32252
2.32315
2.63923
3.82360
1.05137
3.89097
1.34130
3.14094
2.16093
3.54125
3.30457
4.16127
2.92165
3.15691
2.84188
1.75776
0.62667
3.85557
3.66921
2.97775
3.36096
2.74973
3.26232
3.77558
3.04448
4.04520
3.49874
3.43599
1.57451
3.65807
2.59591
3.22394
3.23913
3.00798
3.15904
1.21350
1.24783
3.64914
1.44251
3.37921
1.57308
3.80301
1.26817
3.90900
0.54137
2.13121
2.77341
3.91186
3.56556
2.47539
2.43030
3.04406
3.37945
3.33526
3.79749
2.77631
4.02703
3.25279
2.29534
3.44939
0.84812
2.19010
1.75265
3.76035
3.64286
3.94889
3.43209
3.66527
3.94412
3.49137
2.16725
2.48288
3.25878
3.60868
3.61611
4.05353
3.86536
3.95310
3.67551
3.64970
0.60974
2.32133
3.85417
2.88621
1.30156
2.88997
2.85750
0.95430
1.40308
1.93733
2.92508
3.70886
2.28598
2.11262
3.54529
3.31431
3.66026
3.53545
3.65215
1.43860
3.23474
3.77591
2.10883
3.28793
3.91293
3.37646
2.61367
0.81183
2.96552
1.97694
0.02588
3.04890
2.59167
2.84132
2.39930
2.65888
3.55912
3.69969
0.66989
3.89092
1.74834
3.25735
1.29878
4.04682
2.86844
2.79869
2.83318
1.62046
3.04971
0.57239
3.47074
2.43167
3.22284
0.98361
0.68826
2.19972
2.58646
1.54338
2.43985
3.30200
3.84385
3.58763
3.37379
0.45793
2.67357
1.77393
1.67602
3.68121
2.79266
3.42124
3.38024
3.67261
1.21851
1.18377
1.14985
3.17859
0.85264
2.80165
3.74167
3.83048
0.98263
3.17588
2.79487
2.49477
3.85974
3.72296
2.44513
3.34823
2.24933
3.65504
3.35674
2.50011
2.33963
3.36513
3.27706
2.48143
3.12637
3.65102
3.72010
3.78592
1.08913
2.74886
3.33889
3.05125
3.51892
3.03917
3.99822
3.54204
3.43545
3.46742
2.94560
3.37314
1.45640
1.82303
3.52333
3.70932
3.71551
3.64694
2.48459
1.30026
2.69229
1.41865
3.63633
3.94912
1.08870
2.26538
2.35903
3.35530
0.66921
3.03333
3.89675
3.77249
3.78697
2.67668
3.62854
3.76310
3.71467
1.90046
2.81797
3.44068
1.70697
3.32880
3.69413
3.94568
3.23548
2.83693
1.81801
2.76064
3.38243
4.06197
2.64867
2.37614
3.92910
2.25343
2.37876
1.77141
3.34197
3.33100
3.56954
3.25016
2.87017
1.12950
2.93236
3.60237
3.51349
3.55840
3.35631
2.61707
3.50898
1.69926
1.76670
3.50873
3.72213
3.68081
2.51366
3.69771
3.45629
3.40200
2.63218
3.00869
3.71893
2.02427
3.10805
4.07449
3.73432
3.47312
1.22188
2.49638
1.31990
1.05493
3.52440
3.38425
2.56150
1.05695
4.05155
3.73221
2.81977
1.85459
3.68360
3.05653
2.26429
2.48955
3.64189
1.34525
1.42984
3.66641
2.57733
3.26246
2.75615
3.62480
2.44661
1.92486
3.79096
2.41750
2.89368
3.31844
3.87978
3.45251
3.04284
3.48166
3.66907
3.53952
1.68472
3.90028
0.60375
3.04351
3.31161
3.45345
3.45407
3.96027
3.77085
3.66247
3.07191
2.98037
2.26207
3.28585
1.22096
0.87676
2.39941
4.01763
3.65678
3.94599
2.03359
3.72866
2.19159
3.76211
3.89916
3.43615
3.76555
3.87849
1.51527
1.61908
1.63010
3.73082
1.20064
2.76447
3.03419
3.19373
3.14082
3.49033
2.98828
1.03208
1.55077
3.61882
3.69229
2.25212
3.77332
3.56661
3.81390
3.44905
3.21827
3.52537
0.68969
3.22848
2.38816
3.43703
2.18440
1.41313
3.05833
3.24007
3.87147
3.31053
1.17386
2.98984
2.49072
2.14459
3.72809
3.70678
2.16465
3.51848
3.08065
3.25873
3.17310
3.40062
3.50720
1.91546
3.09967
1.92406
3.93203
3.11236
3.67312
3.46898
0.77500
3.00949
2.51064
4.04399
2.23742
3.79023
3.79368
3.96878
0.55958
1.80024
3.82416
3.42273
1.75536
3.39037
1.70617
3.03569
2.98617
3.69824
3.57215
3.43689
3.39714
2.03115
2.34005
3.76757
1.29667
1.08313
2.75724
2.30343
3.88615
3.96009
2.99366
3.73725
2.64706
3.66524
2.23695
0.93516
1.80994
3.81494
3.92679
3.57804
3.65211
3.05443
4.01236
3.67183
1.73803
3.62385
1.95548
1.86724
3.06237
3.91604
3.86891
3.67425
3.45647
3.84380
1.43843
4.15534
3.37812
3.98609
3.61276
2.91483
0.57972
3.91913
3.17584
3.45433
3.18377
4.14003
3.50573
3.85365
3.60974
3.38143
2.15549
2.60228
3.78776
0.81533
3.33188
3.05661
3.40240
3.68343
1.27640
3.42175
3.19508
1.78009
3.36443
3.59280
2.87410
1.76501
1.30631
3.44648
1.07627
3.05086
1.71077
3.25137
2.35706
3.27401
3.63446
3.28950
1.89047
4.02742
0.19436
1.12840
3.19034
2.67781
3.23215
3.47434
2.92478
3.94274
2.00498
1.60261
2.80420
3.40754
0.14675
2.91786
2.29823
1.71884
3.23618
3.06175
2.75261
2.64513
3.42525
3.93273
3.96923
2.69441
3.76021
0.87713
3.69363
2.31147
2.80435
3.99018
3.22559
3.45710
2.94681
2.14438
3.27315
1.38683
2.89024
3.17329
3.94564
2.81474
1.44068
3.51846
3.39080
0.45258
1.76147
2.00262
2.07073
2.80086
2.56875
3.49320
3.00981
3.92058
2.49546
2.44282
2.07945
3.23751
2.06503
2.89977
3.17291
3.39847
3.94180
2.52744
3.54912
2.36591
3.02575
3.56614
3.70624
2.66507
2.83240
3.38946
2.63016
3.32213
2.41909
3.09303
4.14545
2.26828
1.62706
3.90957
3.92729
2.83931
0.67299
2.32725
3.64845
2.95022
3.39329
3.98604
0.84704
3.85701
3.64200
3.85206
4.14488
1.76556
2.72763
3.23588
2.07993
3.50001
3.60216
3.15544
3.03195
3.05518
2.83829
3.36966
3.61214
0.23093
0.73786
2.91080
3.16333
2.12894
3.90565
1.21940
3.87083
2.38464
3.65633
3.40047
0.09615
3.84724
2.92609
1.69554
3.31157
2.94004
2.84967
3.04093
3.17139
3.45172
3.61450
4.01684
3.59597
2.04386
1.61570
3.21151
3.32441
1.77619
3.69993
3.07717
2.41259
2.98447
2.79835
3.58928
1.63621
3.73928
3.26094
1.25963
3.50706
3.50832
3.74915
3.41469
3.41266
2.59210
3.44686
3.43379
3.66055
3.60663
1.95163
3.88922
3.63823
3.54233
3.67698
3.68598
1.64335
3.79808
3.56013
2.99853
2.32789
3.09017
3.07254
2.45003
2.56968
3.56543
3.94141
2.84927
3.01642
1.44203
3.19436
2.71204
3.76334
3.91477
0.57264
1.51578
2.92938
3.28794
4.09920
3.03707
4.06166
3.58153
3.65726
0.07423
3.16264
3.92762
0.97714
3.84236
3.05540
3.82510
3.25826
3.70520
2.60059
2.08395
1.31804
3.09898
3.30471
3.26390
3.79315
3.08178
1.25115
4.03316
3.91485
2.82331
3.63393
2.71103
3.87254
3.56764
2.42167
2.87744
3.85370
2.75332
0.40592
1.73647
3.86160
2.17971
3.57281
1.75089
3.97684
1.59940
2.65767
1.30904
3.38942
3.66041
3.60022
3.43143
3.62642
2.22063
1.33948
1.63801
0.76165
2.59623
4.06268
1.03926
1.17879
2.47107
3.04787
3.93305
3.60540
3.76398
0.52751
2.77290
2.91543
1.88166
1.85761
2.06815
3.90522
2.48854
0.27977
3.69062
2.91899
3.79897
2.45031
1.19441
1.06761
3.04285
1.66017
2.81105
1.04350
2.54496
3.53463
3.59297
1.79647
3.51968
1.93016
3.93000
3.68702
2.94728
3.82268
3.14616
1.51394
3.63088
2.95541
3.74281
2.29208
3.80079
4.10830
1.93353
2.22316
3.35542
3.07060
3.55597
2.98335
3.38132
0.90069
3.41340
2.99966
3.86727
3.72597
3.63511
2.46129
3.44454
0.04528
4.01280
1.72716
3.74395
2.64775
3.49246
3.94211
3.79910
3.98977
3.60988
3.35951
2.17701
3.86638
3.42602
3.68060
3.73333
3.65212
3.57625
2.03461
3.81159
3.61806
3.19817
3.14410
3.74042
3.56009
2.74434
3.29373
3.85043
3.39232
3.84975
3.69282
3.56250
2.60871
3.60323
3.63602
2.70934
3.05822
2.03413
3.42472
2.42317
0.74860
1.95474
2.02349
2.49235
2.39561
0.65890
3.83886
3.13571
1.90173
3.56052
3.59197
2.64849
1.15649
2.87640
3.31616
2.39299
3.69143
3.40903
3.64655
3.71831
3.87924
1.82877
3.20589
3.16320
1.36453
1.79093
4.01110
2.83815
3.85754
2.77373
3.09252
2.47494
2.69207
1.88497
3.81270
3.42186
3.57719
2.81092
2.39179
2.59306
3.33576
3.97018
3.70078
3.26960
2.06860
2.66985
3.76784
3.51914
2.24279
3.51048
3.40390
0.44484
3.77826
0.81407
3.51383
2.85213
3.49641
2.38420
3.69053
3.90770
2.54956
3.37684
3.46117
3.58599
2.68518
2.05853
1.80730
2.09891
2.64744
2.59394
3.05386
2.19213
3.72897
3.30484
2.03246
3.62070
1.31896
2.27412
1.18875
2.53060
3.69248
3.25269
0.44786
3.22039
3.19673
2.76033
3.59028
2.70536
1.16835
2.00436
4.02542
3.62158
3.54168
3.36555
3.29854
3.55754
3.44676
3.08645
3.67100
3.59508
3.57818
2.51592
3.87097
0.92666
3.61405
3.83454
2.65331
0.75244
2.32792
3.50975
3.72889
2.59276
3.27561
3.46751
2.86643
3.62091
3.20760
3.14623
2.46592
3.21549
1.38886
3.89972
3.91452
3.27447
1.16630
1.74504
1.90681
2.30756
3.20447
1.68984
3.54654
3.55336
3.06716
3.80820
2.23203
1.94616
3.66590
3.61966
3.22741
2.58971
2.79274
2.78269
1.90604
2.80857
2.39715
0.92807
3.94381
2.80219
3.64174
4.11658
2.73769
3.10775
2.58041
0.74884
2.26394
3.23668
3.45309
3.67004
1.56260
3.34913
2.42602
3.30023
3.59928
1.83506
2.73212
3.38873
3.65042
2.46765
3.14584
3.46409
2.02056
3.70171
3.89236
2.12503
3.50884
1.29542
3.83097
4.04061
3.52065
0.41066
1.98249
3.64673
3.39862
3.48820
3.18068
2.69255
3.74599
4.04503
3.06124
3.78740
3.26190
3.88652
3.28223
3.32858
3.54805
3.64762
3.33088
4.00691
3.02830
1.48645
3.46442
3.62509
3.66563
3.71383
3.86529
3.66042
1.88025
3.82155
3.95522
4.01299
2.17975
0.78596
2.57937
3.15016
1.17065
3.79671
2.61202
2.79960
2.81634
2.82300
3.14995
3.66662
1.76432
3.69269
3.54446
1.34984
1.63963
3.66665
3.82613
2.85801
2.35449
2.97689
1.10162
2.29078
2.33353
1.50780
3.68468
2.74040
3.99091
3.88805
3.70357
3.50600
2.86315
3.68991
3.97762
2.58077
3.89449
2.71866
3.52446
2.43480
2.80073
3.13429
2.20312
2.21190
1.77641
3.47038
2.70850
1.91894
3.73367
3.45515
2.38217
0.48919
3.19189
3.96527
2.64954
3.06436
3.84328
3.51396
3.43906
2.96477
1.60088
3.70419
3.99220
3.73047
2.96880
2.18679
3.21897
1.77192
2.41347
3.66365
3.30573
2.01287
1.82699
1.72769
2.69418
3.99779
3.69094
2.60756
2.44617
3.80010
2.30651
2.83786
2.96117
2.31310
3.42797
3.59670
1.43845
3.39144
0.89420
1.40996
3.56436
3.02970
3.18806
3.44555
2.92947
3.98439
2.52357
3.62535
3.82199
3.38426
1.18908
3.68544
3.59816
1.89847
3.94203
3.27081
3.79339
2.78064
2.74834
2.49342
1.94042
3.88971
2.62118
0.14805
2.14476
2.97498
1.61772
3.31713
3.69858
3.63048
3.13056
3.56399
3.47813
1.13146
1.51562
3.39988
1.86624
0.62476
3.28083
3.33293
3.44476
3.95468
3.70999
3.49085
3.37460
3.82102
1.97252
2.20267
3.59326
3.72472
0.26135
3.84332
0.84065
3.37851
3.89567
3.20807
3.96689
3.50436
1.94329
2.98423
3.36719
3.01191
3.99961
3.56846
3.57380
3.65648
3.59163
3.72063
3.72157
4.09941
3.13703
2.67093
3.50412
1.50996
3.49415
2.28448
3.17207
3.62378
3.72532
2.92304
1.04473
3.64554
2.70794
4.07243
3.47431
3.71055
3.47584
2.99790
2.38648
3.57380
1.23953
3.04145
2.83544
1.47647
3.57213
3.92197
3.56704
1.97563
3.60191
3.59681
2.38590
2.93261
1.16795
2.11713
1.04401
2.13666
2.02401
0.83624
2.86140
3.70735
3.81063
2.03448
3.18312
2.16647
3.61032
3.06482
3.98083
1.85004
1.40345
3.03449
3.86988
2.95548
2.48526
0.10145
3.97084
2.92642
3.92953
2.38836
3.69501
3.62083
3.57181
1.49401
3.20371
3.67498
3.48634
2.77248
2.81014
3.93800
3.76181
3.54743
0.79632
3.73933
3.52324
2.93767
0.05398
1.12392
2.40595
3.65096
2.34643
3.04048
3.16903
2.09300
3.63308
2.50685
2.53137
3.62909
3.44934
3.87257
1.70358
3.76851
2.24885
3.23708
1.28628
2.37723
3.65110
3.60851
2.93266
3.26795
3.60449
1.04953
3.71896
1.35700
0.79662
2.65903
3.26570
2.75969
3.70165
3.37076
3.62396
3.48061
3.98875
3.71277
3.11556
1.68000
2.40165
3.77134
0.84137
3.44732
2.49453
2.72548
1.26035
3.55925
2.36642
3.85942
1.35465
3.98989
1.00828
3.78815
2.29788
3.65342
3.09653
3.63322
2.20748
2.57787
3.54340
4.05646
3.99224
3.61036
1.36080
2.66377
1.31479
1.00039
2.86787
2.58287
3.56676
3.62515
2.85274
3.24465
3.86910
3.91356
3.03206
2.77727
3.21957
2.87897
3.92608
3.66334
1.88813
2.89220
2.86893
3.05835
2.54972
3.64318
2.04234
0.95120
3.47335
2.84018
2.81172
3.26679
2.12139
2.94985
3.12019
3.54260
3.79725
3.66420
2.06016
3.22345
3.05611
0.93538
3.34716
0.79777
1.91676
3.69251
3.09096
0.86325
4.02002
1.53700
2.78962
3.49537
3.94931
3.05880
3.29396
3.53128
1.94158
3.22775
2.44622
3.74406
3.17291
2.43707
4.10272
3.41503
2.46160
0.27257
3.92331
2.15374
3.59266
4.07502
3.62091
2.08200
3.74868
3.11209
3.05931
3.96591
4.00880
2.66690
3.92006
1.43363
3.34953
3.53083
3.54920
2.17635
2.66869
2.08169
3.45751
3.51046
0.89309
3.55935
1.92717
2.82898
2.65372
3.38981
3.78972
2.63361
1.45580
4.05416
3.35661
2.43042
0.75189
2.16082
1.53819
3.00839
3.58933
3.98126
3.32159
1.45740
3.35583
1.82531
0.88595
3.12777
4.16050
2.72606
1.45380
2.92908
2.96001
1.54895
3.20907
0.75332
1.65008
3.99351
3.65899
1.15257
3.12630
3.99207
3.67184
3.41797
2.29717
3.72071
1.44017
2.76557
1.46406
3.84338
3.24864
2.22396
2.91581
3.53640
3.25916
3.67592
1.89324
3.97607
3.99104
3.29761
2.95837
3.63895
3.63668
3.72495
3.95790
2.74086
2.58550
3.60844
2.53731
3.71438
3.77024
3.48363
3.80321
3.94997
3.10071
3.74570
3.60437
3.07837
3.44429
4.02837
1.17245
3.39278
3.68505
3.78877
3.30385
1.27542
2.38830
3.89302
3.54763
2.64914
2.33422
3.39068
1.89404
3.37758
3.53535
3.98608
3.82166
3.59224
2.93665
1.75357
3.47342
3.81703
2.87435
2.31691
3.03517
3.80474
3.34544
2.87297
3.59522
3.54434
3.76938
3.30099
2.16298
2.93114
0.08512
2.02197
3.58390
3.46721
2.99922
2.78533
3.90684
2.39485
2.98045
3.16158
3.02861
2.17618
3.35075
3.41026
3.53871
3.31024
4.06644
3.00033
3.06217
3.53138
3.80608
3.01671
1.55931
3.50429
2.77051
1.80156
3.08900
3.99332
2.22026
3.80635
3.82737
1.33819
3.67854
3.21256
3.89252
3.29127
3.70305
2.66945
2.67314
2.90039
2.96649
2.24999
3.88520
3.99904
3.78118
3.73530
3.77739
3.87100
3.24976
2.38956
4.18433
3.72202
3.76277
4.10931
3.95846
0.78575
2.73772
1.90857
3.91652
0.57913
3.10641
3.45680
0.46861
4.01620
2.40205
3.77324
1.58082
2.37372
1.14968
3.43598
3.52193
3.77686
3.43487
3.68899
3.06889
2.83638
2.96477
3.10109
2.37965
2.17308
2.53092
2.50150
0.15709
2.62187
3.71457
2.67158
3.70972
3.22117
2.59751
3.08949
2.66280
2.70456
3.13222
3.48316
3.33046
2.80619
2.80461
3.75156
1.82718
3.90743
3.72708
3.65434
2.57174
3.71761
0.51991
3.85945
2.96459
3.05802
4.01297
3.91436
2.90969
3.51453
2.22838
0.65289
3.88612
4.01957
2.65940
2.08068
3.80503
2.21238
3.81673
3.51282
3.74649
3.42975
3.22896
3.25306
1.74351
3.54493
3.95431
3.80455
2.16073
2.85096
4.07968
1.99596
2.17307
0.66209
3.92827
3.76049
3.72642
2.06059
3.09434
4.10712
3.88399
2.12113
3.94862
1.64877
3.73620
3.56342
3.51929
2.65406
0.96542
2.21993
2.74894
2.18122
3.44610
3.82192
3.15844
3.62705
2.53744
3.70034
1.95587
4.02259
2.48576
2.20103
3.61386
3.19653
2.07279
3.98601
1.39924
2.34838
3.29276
0.99891
1.36495
3.38570
3.38549
3.82487
1.91067
2.72441
3.20183
2.80671
2.54160
4.12368
3.00174
1.73834
3.60010
3.36615
2.61588
3.47845
3.57712
3.74018
2.77528
3.56384
3.53724
0.81585
3.76402
2.86846
3.60990
3.07008
3.60660
3.74671
3.27439
1.20486
3.08335
3.95214
2.03588
2.53586
3.90891
3.68512
2.74965
3.19329
3.78146
1.57265
1.67364
1.84681
3.53977
3.71435
3.67172
2.38045
2.34206
2.83048
2.22528
0.67472
3.50533
3.55222
3.84843
3.86533
3.25364
1.47648
3.73343
3.65935
3.70611
3.29114
2.91283
1.58891
3.82485
4.02787
1.09071
3.23904
3.96160
3.28377
0.60845
2.09145
3.23710
3.27000
3.06500
2.96487
2.90340
3.35961
3.52596
2.49134
3.73946
4.13349
3.29219
3.98160
1.81365
3.60600
3.82855
3.01490
3.43433
3.58454
4.08944
4.16394
2.13406
3.32672
3.69434
3.86374
1.99603
3.59035
3.43276
4.06126
3.58370
2.90863
3.17462
3.78180
3.58317
3.12207
3.17391
2.07618
2.72932
3.63722
3.75750
1.97500
2.97609
3.95842
3.41912
3.73039
2.42080
2.20354
1.70104
2.32807
1.36145
1.93205
3.85059
3.79846
2.33101
3.64112
2.70872
3.37524
2.91563
3.22139
3.30699
3.75549
4.02804
1.04092
3.20706
3.79677
3.06068
2.44106
1.58555
2.96396
3.91439
3.26625
2.94894
3.37335
4.14985
3.68279
3.34093
3.55460
3.69094
0.33706
3.01150
1.50234
2.75311
3.99018
1.42730
2.01137
1.59441
3.76727
3.23171
3.38639
2.15630
3.81256
3.66762
3.92978
3.33110
3.24915
3.52851
0.81382
3.73542
3.28408
2.68619
3.07671
3.00917
2.19622
3.35892
3.72614
3.80466
3.43837
3.55583
3.42576
3.66315
3.29281
2.31854
3.85089
3.62218
3.18067
3.63002
3.88529
3.81951
3.90038
2.26482
0.12565
3.88017
3.64179
2.90826
2.85882
2.03767
3.62598
2.70193
3.33612
2.51630
3.97785
3.32726
2.75822
2.57951
4.02002
3.26569
3.04439
1.59393
2.07323
3.15149
1.67870
2.14832
3.42627
3.57379
3.54371
3.32460
1.82625
4.06831
4.21328
2.62763
3.68221
3.30662
3.93962
3.32957
3.86859
0.32861
2.70033
2.40752
3.48099
2.15689
1.89159
3.34713
3.51359
3.73549
1.96582
3.77378
3.36326
3.77319
1.40503
3.23391
1.66513
3.48438
3.11638
3.39475
0.46945
2.33460
2.26818
2.58784
2.96123
3.39366
2.85471
3.59593
3.38334
3.70428
2.08389
3.81773
3.09212
1.56143
3.17773
3.08198
3.94780
3.68226
2.16665
3.81983
2.58862
3.33021
2.83167
0.38970
3.68504
3.72129
3.84190
3.70721
3.68947
3.81260
2.46697
3.52965
2.22654
3.38361
3.92876
3.69244
2.23905
1.28724
4.08220
3.41910
1.92922
3.09079
2.25915
2.87411
1.93896
3.37598
3.82672
3.34882
2.63597
2.36584
3.50818
3.13891
1.49503
3.37227
1.26608
3.43337
3.17201
3.34799
1.55008
3.19748
2.40755
4.09194
1.32639
3.18911
3.71709
3.36836
3.68833
3.07667
3.55813
3.64542
0.34941
3.61207
2.59088
3.45901
3.08151
2.67052
1.92801
3.56136
3.69371
0.34680
2.74251
1.55522
1.70671
2.73782
1.47014
3.75429
0.74506
4.11161
3.61244
3.99382
3.55961
2.67085
3.48786
3.51419
3.44963
2.52499
2.55710
2.65622
3.20755
3.93304
2.16420
4.09885
3.92974
3.89019
2.56977
3.87022
3.28789
3.92524
3.77144
1.36591
3.49891
2.38866
3.71805
1.10984
2.72257
1.34558
4.07216
3.62785
1.83082
3.84057
3.84141
3.63030
2.92353
3.39719
3.10444
1.74846
3.86932
3.64561
3.79174
3.36998
1.51371
3.76261
2.70500
2.39519
3.71105
1.96442
1.58829
2.69434
3.51504
3.30765
2.81463
1.67280
1.31782
3.47892
2.43945
3.54229
1.50951
1.58685
0.90207
2.84143
1.11734
0.84868
2.98834
4.06438
3.14091
3.08130
3.30435
3.71225
3.54046
3.35610
0.46831
3.71346
3.35327
3.79600
3.93505
3.48887
3.37580
3.79416
2.01557
2.65146
1.35147
3.64736
3.32621
2.56272
3.77754
1.84845
3.28363
3.58668
2.63135
3.92329
4.14036
2.63382
3.07528
3.52996
1.97046
3.38054
1.93890
3.82062
3.49192
3.54201
2.38231
2.61395
1.20269
2.56607
3.58427
3.56562
2.25914
3.19854
3.17912
1.04997
2.74770
3.39717
2.28400
4.17403
3.50976
2.71136
3.99836
2.10723
3.47088
3.61810
2.57250
3.83034
0.09343
3.87693
3.63080
2.80136
3.01337
3.79263
3.77073
3.18447
2.36160
3.94684
3.77536
0.62812
3.58168
3.05698
3.36193
2.61436
2.71007
3.44673
1.10716
3.39517
3.47615
4.17731
2.68545
2.72589
3.68269
3.15675
1.04763
2.98939
3.41256
2.99199
2.55710
1.15904
3.90611
3.31181
3.25266
2.09728
3.51250
4.01001
3.71158
3.51997
2.95533
2.52055
3.82946
3.70806
3.80240
3.72809
4.00198
3.80015
1.09288
2.92224
1.00015
3.35347
0.75150
2.93458
3.76161
3.37504
3.77684
3.49848
3.77254
3.62464
3.31663
3.31781
2.29833
2.70841
3.93532
3.03065
3.62644
3.42096
3.04241
1.21857
3.54212
1.33262
2.24873
2.85635
3.35062
3.82517
1.89155
2.02150
0.61574
1.62452
0.95846
3.34355
3.34335
3.93868
3.35084
3.45837
2.50118
1.94918
3.79883
3.72976
3.57072
3.56634
3.66383
2.20188
1.56038
3.66115
3.85837
3.57856
4.07521
3.42259
3.06685
1.78462
3.72056
1.61131
3.41219
3.37178
3.47695
3.69523
1.88661
1.47417
3.96489
3.00796
3.43205
1.10976
3.53689
3.79072
1.87490
3.72321
3.56973
3.70200
3.16624
3.45664
1.70221
2.33080
2.86265
3.82310
1.86451
3.44111
1.99250
3.76614
3.64247
3.22125
3.58863
3.81528
3.66889
3.46791
3.39524
3.94582
1.67834
2.78687
3.72943
3.99925
3.38186
3.83845
1.96150
2.30370
2.19355
3.76564
1.93259
3.59475
1.85392
3.26634
1.98404
1.42467
3.29857
2.55513
1.08380
2.30941
3.55988
1.48488
0.82057
3.83923
4.03441
3.12774
4.08708
3.85289
2.12967
4.06214
1.33407
3.95582
1.91529
3.63440
3.64528
3.49743
1.70206
2.58312
1.06407
3.18146
4.02835
3.61264
3.76521
3.99697
1.89531
2.94399
3.64344
3.64744
3.64579
3.42542
2.89421
1.73876
3.61144
3.93544
1.02777
2.23845
3.71526
3.44206
3.31999
3.52797
3.71189
2.08916
0.61476
0.92058
3.82556
3.65943
1.96950
3.76413
3.32606
3.79490
3.81099
3.83995
3.62432
4.03506
2.31113
3.53405
3.18995
2.11839
3.08909
3.28435
2.34755
3.27581
3.47011
3.55848
1.73445
3.64205
3.82670
2.20666
3.95980
2.90121
1.52827
3.99316
3.80735
2.94049
3.37666
1.04260
3.08221
3.93583
3.57735
3.76678
3.73182
3.55301
3.48587
2.48015
0.07721
3.70609
3.57870
1.46473
3.51565
3.80894
3.90378
1.92852
2.17482
0.29656
3.03575
3.60520
3.25127
2.53634
3.57639
3.78743
3.81644
3.68198
1.58074
3.55282
2.72542
1.30508
3.26589
1.84038
3.42266
3.49037
3.93677
3.21636
1.61741
3.21387
2.01238
1.55786
3.29162
3.50631
2.43306
2.76879
3.71213
1.42454
2.80264
0.44415
3.18606
2.00710
3.61014
2.92438
2.00165
3.22257
1.55827
2.45651
3.49433
2.37648
3.55209
3.69067
3.46233
2.33770
3.45642
2.01621
3.71223
2.98646
3.30886
2.81238
1.03349
2.60556
3.98495
3.77232
3.82093
2.35840
3.04900
3.32885
2.19950
3.84227
3.95873
3.92534
3.62449
3.68715
3.78786
3.45859
2.11004
3.99149
3.48348
1.59061
3.94019
0.47242
2.39669
3.72067
3.31304
2.29010
3.42479
3.56086
3.68522
3.45716
3.62151
3.46000
3.41228
3.55406
2.80115
4.01855
4.01603
3.68513
3.96016
3.96211
3.45433
3.90442
3.57036
3.22570
2.81882
3.56821
2.57678
3.94359
3.04358
2.82394
2.80054
0.91733
3.41683
3.68006
2.33899
0.21816
2.15129
0.36501
2.66902
2.64807
1.52325
3.45957
3.61539
3.63765
3.38381
2.86037
2.49193
4.15687
3.89078
3.39421
2.78666
3.61677
3.07685
2.31356
2.75022
0.74835
3.58987
3.84886
2.32567
3.69776
1.90055
3.60805
1.88035
2.25512
2.97536
2.66412
0.52100
3.56068
2.96102
3.86352
3.10355
1.55874
3.09711
3.41123
3.74875
1.85489
3.72020
1.25684
3.39895
3.89154
3.89059
2.27782
2.58104
3.97309
2.29769
1.99345
3.80085
3.99188
3.41900
3.57915
3.87735
4.02544
2.29205
3.45151
3.23751
1.82036
3.81379
1.82117
2.55623
3.17740
3.38043
3.90102
3.10757
3.22791
3.15709
3.94108
2.60011
2.76152
2.27358
1.45656
3.46380
3.37552
2.59483
0.70720
3.95591
3.70209
2.95263
4.06246
3.90865
3.29053
1.04918
2.38502
3.31926
3.72726
1.64673
3.12135
1.83911
3.91197
3.18323
3.83070
2.71159
1.61480
3.61880
2.76531
3.92129
2.61076
3.48199
3.58178
0.16359
1.35509
4.11058
1.62676
3.74084
3.40847
3.43139
1.53589
3.14662
3.12954
3.74901
2.74987
3.23312
2.89233
3.11525
3.92812
3.77266
3.61712
3.70263
3.21971
3.20465
3.34809
3.73026
3.78094
3.12984
3.94692
3.73293
3.76407
3.95936
3.36632
3.77816
3.27374
1.96336
3.40403
3.67991
1.37862
3.91547
2.75625
0.08464
3.51488
3.15193
3.86279
1.56553
3.54076
2.32911
2.58963
0.73986
0.46450
1.98663
4.20725
3.46180
3.63895
1.67601
3.28259
3.55033
2.15035
3.68636
3.78224
2.66945
2.92288
3.51672
3.70410
2.50366
1.84924
3.65234
3.67268
2.62226
1.39865
0.63448
2.14448
3.65990
3.81752
3.91637
3.14383
2.37352
1.96631
1.10497
3.90038
3.55816
3.29530
2.64099
1.71104
3.91643
2.17188
3.04962
3.86403
2.68199
0.28630
3.46577
2.50847
1.82310
3.82120
1.62203
3.08443
3.40258
2.25015
4.06167
3.63781
4.00594
3.03664
3.09522
3.71788
3.94670
3.08496
3.47943
3.46073
1.16346
3.78555
3.20563
2.77185
4.08385
2.06048
2.76933
3.96782
3.66385
1.42466
4.15645
0.37074
3.98045
3.60335
3.01206
3.54031
2.04560
2.11610
3.66369
3.05691
3.55698
3.62738
1.97528
2.81963
3.87276
1.82584
3.42745
3.91624
3.61514
2.59088
3.06180
3.55863
2.04766
3.19814
2.76639
2.64966
2.61627
3.90611
3.02192
3.78977
3.43567
3.33965
4.13630
3.73940
2.31713
3.35455
2.53278
2.22215
4.07690
3.71854
2.18645
3.71880
1.91332
3.83441
2.14122
3.28931
3.13537
2.41143
2.57435
3.49648
3.58135
3.76951
3.47956
1.85198
3.79525
3.82844
1.20547
2.72602
0.84476
3.53142
3.80689
3.48126
2.12823
3.57654
2.07263
1.04089
3.86310
2.27894
2.95564
3.49955
1.28450
3.36430
3.62303
1.80919
3.67153
2.84375
3.57292
2.96887
3.28031
3.10409
2.89028
3.77513
3.78202
1.10396
3.47664
2.96887
3.17362
3.69269
1.40508
3.72009
1.14658
3.32897
2.46137
2.37930
3.69396
3.38902
1.77679
2.12346
3.46737
3.05359
2.86963
3.59260
2.27091
2.67172
2.32224
4.02656
0.90955
3.92385
3.78163
2.74919
2.92757
3.58338
2.45219
3.10810
2.98852
3.57243
2.93137
1.79641
3.10777
3.43120
3.72281
2.31864
3.73478
2.50343
2.60756
1.84204
2.84608
1.54736
3.09497
0.38991
3.16545
2.72441
3.74564
3.27883
0.69640
3.60562
2.73503
3.74074
3.03740
3.02368
3.33742
3.89413
3.55662
3.62351
2.63399
3.13835
3.75100
2.76899
2.08344
3.38358
3.67981
3.51423
3.59956
3.48921
1.80842
1.23885
2.49330
3.78893
1.51461
3.72516
3.14796
3.39219
2.51037
3.74814
3.30123
3.63557
2.15888
2.12689
3.35600
2.65974
1.90456
0.07269
0.90533
1.53053
2.90219
2.58863
3.45572
2.36753
3.27958
2.07002
3.86845
3.58431
3.78395
1.64004
1.96935
3.70206
2.93679
2.88747
3.26928
1.93026
1.25818
1.77348
2.86895
2.12142
3.43134
3.16227
1.91997
3.87598
4.00948
2.54562
2.70809
3.82155
2.05166
2.97602
3.82050
3.45908
1.79700
3.04647
2.47733
0.00551
2.44509
3.69844
2.90517
3.26092
3.52584
1.32284
3.53307
3.60354
3.76285
3.84363
3.92381
3.62857
1.39330
3.83486
3.88064
3.90007
1.39345
3.93790
1.35929
3.03246
3.27177
3.40211
2.36090
2.37919
2.47522
2.68761
2.36667
3.00310
2.70632
1.25137
1.95134
3.42097
1.64256
2.41129
3.42726
3.42583
0.50623
2.90476
2.16465
2.82449
1.25218
1.32589
3.08848
3.97876
3.57689
4.06060
3.57505
3.18326
1.72655
2.28970
3.65754
3.92937
3.56344
4.07471
1.77733
2.92944
2.42037
3.30278
3.13605
3.25210
3.04242
3.38066
2.64726
2.38976
2.87972
3.12453
1.67054
2.62619
0.56745
2.16928
3.13266
3.59290
3.89476
0.94105
3.61949
3.88624
3.09927
0.63050
3.78245
0.35873
2.83479
3.20220
3.60910
1.49724
3.88973
3.25828
3.67176
3.11724
3.24040
2.05992
3.46938
1.66630
3.96210
2.87718
2.25361
3.69670
3.16847
3.39625
0.11868
3.48651
3.13037
1.94670
1.39461
3.01564
3.51502
3.00138
1.31084
1.89039
2.94224
3.45155
1.32550
0.96467
3.48869
2.37482
3.28794
3.56386
2.98984
2.40421
0.89307
1.44472
4.05296
3.03538
1.07928
3.67246
0.98705
1.05122
3.01695
2.31809
2.57041
1.91850
2.79925
3.88836
3.63687
2.80320
3.96991
3.48755
3.82901
3.46509
0.74238
3.72586
3.78622
2.56290
1.86747
2.52508
3.00982
3.63458
0.50120
2.90327
4.07479
3.74746
3.64538
1.67279
1.42665
3.57030
2.51203
2.78562
3.23028
2.83059
1.64110
0.72030
1.59811
2.62022
2.58991
2.47958
3.48762
2.96263
4.09271
2.28276
3.82067
3.00433
3.45938
3.67811
2.56908
4.08216
2.62469
3.60660
2.67956
2.64504
3.61012
1.66277
3.70087
3.89523
1.77847
3.47922
2.08227
2.49391
3.51737
3.18979
3.88517
3.16024
3.50309
3.43015
3.60955
3.32692
3.41090
1.19454
3.69940
3.63933
3.33852
4.10434
3.89827
2.85362
1.16613
0.76968
3.73883
2.08534
0.80344
0.53251
3.83899
3.78840
3.17126
3.74462
3.99773
3.87713
3.12718
3.66490
3.51069
1.24798
3.42062
2.77514
2.34777
3.51244
3.94116
3.07391
3.28536
3.89110
3.54383
4.00774
1.20886
2.23121
2.47186
1.85423
3.66077
3.75342
2.36614
3.55189
3.83034
3.80946
3.67060
2.11409
2.98899
2.99242
1.39061
3.84306
2.53726
1.45959
3.65353
3.15702
3.33016
0.47282
3.68200
1.13296
3.16688
3.69553
1.99073
2.93847
3.17389
2.94243
3.64281
2.36686
1.78455
2.99440
3.66996
3.13384
3.70939
3.71232
1.15543
2.09117
3.13287
1.89366
1.32961
0.87449
2.53259
2.04510
2.82269
3.20421
0.14980
3.59931
3.62605
2.48708
0.91185
3.64200
2.36925
3.62258
2.09171
1.28695
3.97800
2.62208
1.20610
3.18733
3.09115
2.02884
1.01850
4.00542
3.44934
3.75918
3.43532
3.18815
2.53015
0.76675
1.72116
3.56567
3.02815
2.70372
3.23389
3.56872
2.04536
2.24248
3.87878
0.75807
0.75635
0.77640
2.76001
1.07338
2.47709
3.97023
2.34222
2.95884
3.69350
3.61523
3.28808
2.30571
3.26154
3.36843
3.65791
2.91899
3.88204
2.89134
3.64743
3.60517
3.56884
0.80992
3.31591
3.51522
4.11831
2.25936
1.85624
1.34186
3.47491
3.92973
2.99448
1.77483
3.31745
2.40642
0.67740
3.38065
3.83190
2.04572
3.72406
3.48918
2.20627
3.84760
3.56631
2.06520
1.47126
3.75776
2.28622
1.49028
1.58906
3.07188
1.59236
3.58572
3.88809
3.24688
3.73915
3.48635
3.96608
3.77240
3.59691
2.02976
4.03080
3.22514
3.59710
2.34745
3.08156
3.74220
3.60154
4.06007
0.62190
2.22028
3.49903
3.30161
3.74694
2.54276
3.77663
3.82139
2.14299
1.27841
3.20456
2.69772
3.24979
3.51821
1.90401
3.73039
3.59285
1.46806
3.69175
1.63712
3.91530
3.30062
3.74193
2.37991
3.23765
1.59171
3.85868
3.89852
3.87607
2.19152
1.33317
3.63128
3.76514
3.86775
0.94486
3.41347
2.13998
1.98869
3.61365
2.65042
3.67117
3.50140
2.98758
3.29034
2.62193
3.60318
3.72195
3.44386
0.97639
1.73514
3.63296
3.14961
3.14564
2.06464
3.48299
4.07321
3.45256
0.04181
3.48835
3.94334
3.74365
3.31400
3.81066
3.39406
2.39579
3.90479
3.81256
3.93982
1.26490
4.06471
2.34414
2.06794
3.62124
3.57621
3.22698
0.70046
3.25036
2.91743
3.72270
0.76871
3.75208
2.88279
2.50361
4.06100
2.48135
1.41312
3.60268
2.56440
3.18168
3.34567
3.97117
3.96833
1.55206
0.23924
3.72935
3.64381
3.04813
1.03998
0.82871
2.31360
3.66450
2.59455
3.99176
4.11388
2.20494
1.81652
3.02078
3.13087
3.86777
3.62975
3.40830
1.47852
3.40244
3.29159
3.50669
3.24227
3.26616
3.80718
3.33960
1.30011
3.70881
1.25835
3.24001
1.60168
2.73184
3.62516
3.50920
3.31329
3.72840
3.34558
3.78236
3.82256
3.51598
4.05914
2.93349
3.67148
3.94002
3.31633
1.67463
0.21953
2.31303
3.55390
1.75838
3.63258
3.85546
3.10284
2.16330
1.36167
3.40385
0.96378
3.02241
3.52475
3.65795
0.46429
3.63107
2.53231
2.41840
2.44104
3.36798
0.61647
3.17112
3.52706
0.10749
3.91634
3.46008
3.91523
2.91871
2.68233
2.96096
3.50781
2.22580
1.25154
4.04199
2.91588
1.80534
2.60493
2.64502
3.43221
3.83471
2.27681
3.67255
4.14143
3.30907
2.01749
3.83617
0.99710
3.17565
2.98025
1.66198
3.92455
3.73535
3.50664
3.86706
2.65514
3.26280
2.42527
2.76749
1.70790
3.35807
2.41563
3.11436
3.38782
2.75150
3.59831
4.03121
3.78033
3.16020
3.38353
3.71015
2.97048
3.86142
2.56151
2.87712
3.58871
2.23952
3.21046
2.95898
0.62734
3.27821
3.63789
1.18851
0.28579
3.69789
0.27120
2.59888
2.13279
3.13531
1.44929
3.53352
3.54632
2.73427
2.54311
2.48605
2.71234
3.76710
4.10065
3.90702
1.90887
2.84326
1.64356
3.92388
3.41874
3.65809
3.26707
3.69885
1.70916
2.35493
3.43211
3.96850
3.62113
3.87369
3.40035
0.81631
3.24090
3.17754
0.87268
2.91153
0.68682
2.28047
2.67728
3.43068
3.26817
3.37491
3.65232
2.06885
1.33091
0.17870
2.50634
3.24769
2.21627
3.88224
3.79634
4.14725
3.85767
3.31528
1.34149
3.52609
3.18346
3.62846
4.10510
3.12085
3.00338
2.96374
3.52933
2.42358
3.58725
3.94567
1.91151
3.27507
2.97023
0.43642
3.74253
4.02629
3.57522
2.53803
1.85268
2.97539
3.84537
3.97237
3.39971
3.45380
3.92387
3.22483
1.34952
2.69139
4.05129
3.83212
3.38162
3.64617
3.95947
3.09545
2.06864
2.70703
4.02271
1.93637
1.24913
3.26620
1.96206
2.85448
3.23258
3.62003
3.11100
1.78136
3.47218
1.99543
3.53338
3.84308
1.90501
0.57884
3.75451
2.98689
2.89071
1.56135
1.75790
3.26043
2.93353
2.93306
3.81158
3.88240
1.27840
1.57996
2.12825
0.45383
3.32810
3.39624
3.95233
3.00104
3.88023
2.96125
2.08177
3.74234
0.89738
3.51983
2.49732
0.18430
4.01644
3.09425
3.93566
3.24955
1.90624
3.16173
3.95883
3.48986
3.86287
3.09580
3.72669
3.80146
1.86065
0.94104
3.83210
3.98732
3.56266
3.83751
3.40409
2.74842
1.02708
2.16066
3.66827
2.94555
2.30836
3.63685
3.80059
3.59531
2.14569
2.66473
2.82213
3.73022
0.76462
3.35481
0.72978
4.06542
3.77254
3.06035
4.15500
2.64512
3.43578
2.36653
3.90278
2.91670
3.74996
2.62453
3.29065
3.32468
3.92411
3.33261
3.17111
2.38069
2.48660
4.02220
4.17198
1.36959
3.75298
2.77884
3.31287
2.53320
3.81959
3.08698
3.41052
3.62047
0.10179
3.13258
0.83874
3.15108
3.66790
1.78210
3.59185
3.87040
3.20118
3.42087
1.66603
0.00997
3.61679
3.92824
3.75876
3.40171
3.24523
3.61727
3.79076
1.43904
2.85020
3.83957
3.08281
1.35876
2.95793
2.00467
3.37991
3.39803
3.61325
3.50518
3.61005
3.64901
3.58399
3.50820
3.69812
3.73828
3.08793
2.64825
3.00315
3.11263
3.82782
3.72260
2.92692
1.52762
3.24344
3.59702
3.16238
1.99728
3.10737
2.54755
3.40639
2.95241
1.55937
3.77596
2.47928
1.31240
0.31095
3.48540
3.94867
1.82572
2.51457
3.97539
3.25045
1.63377
1.59583
3.43692
3.50808
3.34877
3.02463
1.64332
3.01062
2.55108
3.74659
1.57144
3.61152
3.42172
2.56445
2.94855
3.73278
3.63472
3.36362
2.98353
3.79104
2.36904
3.52890
2.72810
2.17953
3.04817
4.00316
0.56268
3.65052
1.67591
0.24010
3.42793
2.41488
3.76841
1.26958
3.78083
3.16426
2.82657
3.62486
3.07698
3.06811
3.06646
3.04766
2.08946
2.87797
3.38990
3.23915
3.07483
3.03379
1.77761
2.24719
3.34629
2.37699
1.36720
3.71504
3.43457
3.52618
3.82999
1.73915
3.87322
3.24860
3.52425
3.72225
3.53473
2.00538
3.24024
3.33613
3.31605
3.47895
3.65321
3.43021
4.03389
2.10583
3.45067
3.91048
2.67471
3.53062
3.18499
2.51632
2.12484
3.27303
0.68259
3.88616
0.06311
2.54343
3.57677
1.73522
3.85729
3.58254
3.41388
2.60424
0.90098
3.95909
1.01869
3.84860
3.36986
2.48257
3.09333
2.33552
3.63868
2.85930
4.18785
2.63515
2.93890
3.42101
3.10275
3.59412
3.61049
0.23509
2.87340
2.63285
4.00337
3.81882
3.34617
2.37886
2.42009
1.18840
3.17158
0.39429
3.61843
2.98234
2.91518
3.06429
2.35625
3.33913
3.65751
3.59599
3.21697
3.81433
3.83474
1.81665
1.56271
3.95941
2.97078
2.67714
1.81008
1.13275
3.08553
2.57454
1.60481
3.66865
3.36396
3.87779
3.14136
3.06305
3.80883
3.13144
3.86451
2.85436
3.69734
3.38632
3.81900
1.93681
3.59586
0.97507
3.71495
0.89062
2.85165
3.96116
3.90928
3.67682
2.76493
3.59884
3.23003
3.61659
3.81367
3.69464
4.01148
2.26913
3.36628
3.70025
3.50077
3.47609
1.12007
3.77305
4.02499
1.45502
2.93290
4.03168
0.99387
2.68208
4.06010
2.77857
3.91949
3.55868
3.62809
2.48864
3.08882
1.50868
3.83338
2.89462
3.72818
3.64745
1.26245
3.78576
3.01392
4.14559
1.77875
2.95761
3.83136
2.15391
3.18270
1.51772
3.79571
2.02927
2.33265
3.52009
0.62333
2.19658
3.76220
3.03339
2.87840
3.84875
3.86629
3.73380
3.32147
3.96333
3.23061
3.78360
1.10228
3.89311
1.41469
3.11865
3.74797
3.29086
3.71470
4.07159
2.11514
3.04998
3.64823
3.54299
0.15886
0.93388
1.70548
0.69069
2.17537
1.16030
3.19085
3.68711
3.28279
3.28780
3.87076
1.45395
0.29924
3.06789
0.97189
3.42426
2.71217
3.62694
3.21462
0.58670
1.18073
2.71598
1.20871
3.07730
3.62324
2.93962
3.49569
0.41438
2.40230
3.90526
3.05398
1.90247
3.64057
1.66468
3.94614
3.46019
3.53096
3.34384
3.39255
3.59019
3.37323
2.83860
1.24014
3.70341
0.56183
3.90874
3.35946
3.73313
1.24450
0.35589
4.00465
3.22498
2.94468
1.90411
3.81456
1.65410
2.77366
2.27289
3.01532
2.14296
2.86726
3.01623
4.00142
3.88611
3.56713
3.59903
3.81924
3.79934
3.33078
2.38088
3.18584
2.33797
3.93345
2.45485
3.57677
4.08786
3.33524
0.96454
2.81763
2.67792
3.26615
3.06214
3.02408
3.55318
1.26395
0.28093
3.85920
4.13034
3.65068
1.50451
1.73848
3.94177
3.30430
2.97572
3.38991
1.52359
3.47864
0.10770
2.51909
3.70987
2.57200
3.69600
0.75016
2.44564
3.99442
3.39664
3.58071
1.47811
2.95247
3.28472
1.57179
1.80631
1.49674
0.40503
3.61357
3.13107
2.49076
3.11744
3.32381
3.92713
0.21438
3.68105
3.41075
2.82984
1.01873
3.56578
2.39176
0.47653
0.58402
3.58993
3.43496
3.39530
2.37422
3.73019
3.01396
3.72682
3.37626
0.74070
3.55697
4.04137
3.82802
3.40932
3.84158
2.11455
2.10538
3.67516
0.15242
3.68477
3.58072
1.46445
3.46525
3.21032
3.03964
3.55463
1.12921
3.52849
3.04759
3.69629
2.49497
3.33247
1.69017
3.76997
2.40288
3.04283
3.34742
3.21596
1.89026
0.36164
3.87832
2.30503
3.71149
2.90564
0.98516
1.77076
0.63907
1.96385
3.79902
4.13331
3.51250
2.33548
1.37547
1.96807
3.36059
3.37450
3.53418
3.12594
3.97679
1.39686
4.09869
3.59573
0.13737
1.26483
3.37748
2.66428
0.80397
3.10309
3.87203
3.66501
3.08743
3.72610
3.61671
3.48379
3.52323
3.22543
3.38944
2.82606
3.42785
3.75870
3.20396
2.26240
3.76473
0.67624
3.91013
1.16592
3.51204
3.79140
3.16552
3.35975
3.58304
3.04974
3.83670
1.39028
0.01864
3.34203
3.91028
4.20119
3.31147
2.49564
3.85733
1.90753
3.36485
0.40604
3.88329
3.70010
3.79865
4.02222
3.94620
2.14245
1.67104
3.58721
3.68873
1.33583
1.07547
3.84258
2.98542
3.93851
3.09020
1.40093
3.75609
1.65633
1.10036
2.95970
3.25377
3.60768
3.77788
2.79789
3.16097
1.83482
1.16636
3.59792
3.89475
3.65746
1.97965
3.69303
3.74439
3.25308
3.18525
3.83926
3.39006
3.50072
3.76582
2.71501
3.89449
3.15937
3.80627
0.06458
4.00202
1.62561
2.02104
3.78649
2.23237
3.31662
3.87018
3.57609
1.78887
3.52559
4.13798
0.11419
3.68274
2.38999
3.16048
3.33145
2.54997
3.59375
3.37427
2.92109
3.60155
3.07714
3.55992
3.37685
2.86051
3.30629
3.35204
3.57766
2.38473
2.14126
3.48404
3.84579
3.24720
3.53543
0.30257
3.73826
2.31227
2.98493
3.83890
3.85610
1.32273
3.66224
2.22917
2.05272
3.04967
3.69172
3.20568
1.90128
3.76271
3.58718
3.88788
2.44024
2.51294
3.63038
2.25837
4.09641
0.28905
3.65000
3.16813
2.72221
2.66326
3.74942
3.38214
3.40150
2.89003
3.59464
3.50470
2.42298
3.07767
3.87823
2.33667
2.08774
3.94320
3.70724
2.55400
3.37503
1.43764
3.38312
2.69739
3.65153
2.19333
2.59276
3.53706
3.52481
0.82938
1.11616
3.98357
3.60247
2.04133
3.19819
0.33040
3.76418
3.67928
3.08927
2.96817
3.76260
2.90269
3.98982
3.42772
1.94003
2.49236
2.93206
4.09089
1.21411
1.36634
0.51149
3.13478
2.29789
1.38317
3.57149
3.49616
2.12406
1.20040
2.91963
3.09912
3.13082
3.89735
2.57838
3.43285
3.72294
0.09232
3.46139
3.89592
2.78645
3.61095
3.17541
2.82571
3.66184
3.36475
3.82917
2.35117
3.57323
3.02591
3.72154
1.56417
3.73830
2.59445
3.05356
3.60649
1.51577
3.68557
2.54952
3.58599
1.34088
2.07587
3.13021
3.49724
3.80370
3.46928
3.07912
2.76958
2.71043
3.54375
1.08764
3.58603
3.25031
3.65652
3.11235
3.75984
3.20456
1.26459
1.50301
3.50804
3.36515
3.08715
2.35541
3.22923
3.45056
3.83282
3.47975
3.67170
3.28686
3.17277
1.51731
3.78407
1.23746
3.47023
3.58119
2.63236
2.73472
