3.95486
4.15011
4.10461
4.03329
1.75787
4.03978
4.23149
4.11506
3.03852
4.10383
4.09647
4.30380
3.72793
2.94179
3.52100
3.88555
3.73747
4.26573
1.73198
3.59516
3.83636
3.49526
3.66671
4.16072
4.21079
3.87558
3.38620
4.18550
4.39154
3.68455
3.27454
4.29929
3.85546
3.77651
4.02749
4.14991
3.83449
4.15005
3.98843
4.01960
3.97304
3.68984
3.74338
2.98705
4.10291
3.55757
4.25686
3.68893
4.08090
4.34841
4.31963
4.34331
3.44686
4.42224
3.94015
4.34842
2.78148
3.54460
4.21273
3.93151
4.16677
3.86609
3.93038
3.82968
3.53492
3.87648
4.13701
4.22398
3.94584
3.34588
4.27785
4.36004
4.17728
3.86233
4.03070
4.07175
2.79114
4.11648
3.90748
3.40589
2.24488
4.20376
3.64785
3.72394
3.78620
4.25817
3.93782
3.89526
3.85328
2.77061
3.79651
3.26013
4.31566
4.15665
4.24342
4.24122
4.14440
4.20444
4.32126
4.21137
3.97119
2.64936
4.34249
3.84051
3.98912
2.25293
2.72601
4.22851
4.18638
3.89604
3.63335
3.66295
4.25819
3.32947
3.22145
2.82363
3.73766
4.06868
4.30284
3.99320
4.33399
4.31299
4.05499
4.21508
3.67545
3.76811
4.23177
4.13148
4.27658
4.07419
3.76637
3.96345
4.31474
4.14343
3.91136
4.32641
4.02667
4.22612
3.83294
4.05550
3.90982
4.31561
4.07047
4.21167
4.31905
2.69049
4.31602
4.10697
3.98620
4.20596
4.24189
4.31944
3.98304
3.86889
4.27442
4.31688
3.74047
1.98056
3.71907
3.73128
4.36575
4.25464
4.08950
4.02804
4.32926
4.16125
3.64158
4.13227
3.97862
4.05146
3.46834
3.94030
4.03476
4.23926
3.39295
3.01049
4.13513
2.42724
3.40313
4.02654
4.14223
4.08757
4.07281
4.23938
4.12081
4.32066
3.67486
3.58132
3.91904
2.83606
3.53435
4.06362
4.24257
4.17446
2.82405
4.04630
3.90062
3.72808
3.64010
4.02849
2.95261
4.31528
4.15007
3.71215
4.35163
3.92849
3.76763
4.31893
4.44340
4.37330
2.79171
4.26525
4.24513
3.96276
4.36199
3.81159
3.69389
2.50839
4.23175
4.16914
3.08125
3.56976
3.59012
4.32579
4.31389
3.98533
3.76517
3.68931
4.03775
3.67576
3.76411
3.51446
4.32865
3.43103
4.39807
4.13531
4.15255
4.10530
3.22768
4.25899
3.54350
3.84401
4.30776
4.23235
4.16690
2.66543
4.02067
4.31922
4.08692
3.49609
4.04421
4.00467
4.00702
4.30452
3.91823
4.12981
4.19036
4.32260
3.99747
3.77094
3.99027
2.49387
4.28632
4.22906
4.14354
4.28889
4.01247
3.89379
3.91620
3.86732
4.03041
4.25867
4.18043
3.88856
3.74934
4.12524
1.92688
4.22483
2.36186
2.68587
3.78655
3.72478
4.00568
3.99189
2.44575
4.25256
3.61543
4.17332
3.84433
4.09770
4.00233
4.14749
3.78961
4.13621
3.70043
3.90361
3.97378
4.24985
4.31063
4.14932
3.85319
4.19054
3.97496
3.84150
3.37872
4.12619
1.80092
4.08445
4.24409
3.57670
4.13928
3.46061
3.43652
3.69710
4.31390
4.27806
4.21000
4.30143
4.31696
4.22812
3.77523
4.40051
4.30575
1.75991
4.19340
3.81471
4.11364
4.03810
3.89158
4.22163
3.47023
3.91767
3.25556
3.58481
4.30744
2.73901
2.15417
4.14191
4.23858
2.79585
4.00327
3.55125
3.01483
2.41290
3.33861
4.14172
4.21542
4.20072
4.16669
4.16943
4.19992
4.03241
3.68396
4.20153
3.86646
4.33978
4.03010
3.67575
4.26048
4.17659
4.17468
4.09290
3.96394
3.43533
4.07161
4.06167
3.93577
4.19547
4.13944
4.08197
4.11066
3.03450
4.20170
4.19966
4.13112
3.81390
3.82827
2.38652
1.79045
3.89633
4.12153
3.76715
3.52617
4.34556
4.03054
4.06111
3.67113
2.81744
4.02083
4.19441
4.10394
3.88104
4.42143
3.11114
4.14660
3.98081
4.32719
4.36424
4.00699
3.19863
3.87403
4.37018
4.29360
4.14648
4.10556
3.85257
2.83143
3.91143
4.29575
3.97896
3.93053
4.33916
2.63590
4.36671
4.26053
4.21585
4.23392
4.26227
3.23817
3.78124
4.25101
4.25664
4.05001
4.05145
2.09124
3.25396
3.96440
4.11554
4.17017
4.15283
3.73006
3.29508
2.07983
3.97008
4.20019
4.17751
4.32670
3.47609
3.79833
4.35667
3.93630
4.21700
4.07335
4.26616
3.75625
3.94045
3.76350
4.14690
3.86090
3.70021
3.99124
3.64067
3.87130
4.01441
4.20351
3.53469
3.86036
4.09441
4.15432
3.85678
4.09225
3.15121
2.58346
4.04495
3.31834
4.17263
3.58817
3.53568
2.17014
3.87803
4.02330
4.13154
3.97803
4.20587
4.17684
4.24589
4.18443
3.77578
4.28207
3.91412
4.01344
4.05324
4.20053
4.19734
4.11786
3.19234
4.00741
3.99338
4.16247
4.07243
4.02804
2.29138
4.28970
4.35824
4.20653
3.91566
4.21532
4.09003
4.26344
3.43935
4.06637
3.70836
4.37574
3.81249
4.33501
3.79663
4.00406
4.24369
4.09890
2.49137
4.21965
4.06269
3.77066
3.00005
4.03017
2.41578
2.01916
4.28054
1.79834
1.24932
3.98760
4.41994
4.20401
4.20890
1.69897
4.34679
1.97854
3.66507
4.12607
3.79684
4.39662
3.97646
4.09926
3.08935
4.15286
3.82434
4.34386
4.10742
4.05019
4.22902
4.08176
3.87613
3.90607
3.87514
4.28531
3.72115
3.96551
4.28104
3.79723
3.93454
3.90108
3.98015
2.32604
4.24977
3.38402
3.95896
1.75515
4.34820
4.18409
3.94980
4.06893
4.25690
3.82021
3.84148
4.01083
4.43643
4.09289
2.88700
4.12278
4.28884
4.26810
4.18841
4.25981
4.20476
3.88028
3.74813
4.17323
4.01864
4.46867
3.38367
4.12818
3.95360
2.88406
4.27866
3.34148
3.83107
4.23301
3.84740
4.05091
4.07532
4.06593
3.74505
3.92078
4.28987
4.05921
3.46757
4.39951
2.03263
3.72269
4.17075
4.00784
3.64603
3.04776
4.02722
4.41738
4.09772
4.12965
4.18952
4.25954
3.45488
2.96029
4.01833
4.03532
4.08240
3.51983
4.02350
4.05594
3.90384
4.34436
3.87984
3.90300
3.30887
3.89445
4.04693
4.28971
3.90310
3.59474
4.20671
3.71064
1.55602
3.85222
4.06575
4.14813
4.23517
1.66388
4.02766
4.02853
4.39923
4.05922
4.26281
4.43260
4.35867
4.10696
4.01812
4.03638
4.11231
4.35550
1.37309
3.71849
3.39662
3.99185
4.13305
4.23059
4.11721
4.18665
4.12086
4.32606
4.19100
3.88959
4.35024
3.85471
4.00268
3.53344
4.31513
4.06141
1.56310
4.01356
4.28607
4.19897
4.29001
3.56279
2.04578
3.27455
4.09578
4.26255
3.31128
3.93527
3.92017
4.27401
3.85759
4.01620
4.02242
4.25018
3.41540
3.88531
4.12042
3.52204
4.33147
3.09953
4.13071
3.83153
4.07484
3.79514
2.31513
4.19112
4.09466
4.00917
3.61862
2.40478
4.11409
3.88558
3.95643
4.23237
3.86149
3.34010
3.64754
4.24502
4.11522
4.06877
4.05020
4.25328
3.58950
4.23503
3.57431
4.23579
3.08067
3.85338
4.08643
3.62717
4.11631
4.34301
3.99065
2.96634
3.94890
4.15997
2.81069
4.06258
4.29150
2.47552
3.99624
4.12160
3.57407
4.31940
4.07799
2.01146
3.95612
3.44140
4.07247
2.97583
4.25462
3.86346
3.98756
3.95353
4.31221
3.98842
3.72041
4.15783
4.06223
4.22972
1.37335
3.88181
3.40787
4.09764
2.72522
3.97774
3.18142
4.20471
4.14977
4.13485
3.91581
4.09793
3.92063
3.81348
2.16784
4.15760
4.28598
3.37188
4.35028
3.79253
4.00058
3.39778
4.05303
3.21013
4.08725
3.99892
4.13859
2.35703
3.90167
4.32117
4.23458
3.09413
4.21284
4.26337
4.11281
3.51360
2.05505
3.54033
4.36580
4.06496
4.25103
3.50587
3.96008
4.33673
2.72087
4.37510
4.23976
4.19414
4.12378
2.76136
4.33197
3.77136
4.15294
4.08978
4.36643
3.95206
3.50861
4.22893
3.55349
4.22394
4.12887
3.70352
4.35155
3.96943
3.99646
4.01011
3.03979
2.98258
4.15810
4.36288
2.61721
3.84192
4.06327
4.30744
4.15711
3.73047
4.26045
2.19060
4.01239
4.30129
3.38428
3.85848
1.27341
4.03715
4.05947
4.21898
2.43681
3.54976
2.16818
4.28843
4.07749
4.33624
2.56309
4.18825
4.18509
4.23123
4.14437
4.32006
4.24158
2.92196
4.21209
4.20472
3.41437
4.25043
3.24004
4.14831
4.02109
4.02336
4.06923
4.00437
4.11986
4.02565
3.82948
3.81408
3.58643
3.81724
3.94784
3.69501
4.20674
3.98835
3.85530
4.37949
3.98130
3.95768
1.45132
3.98610
3.51069
4.16373
3.88635
3.78562
4.15829
4.01997
3.96446
3.53341
4.01895
3.46871
3.95597
4.22713
4.20378
4.01899
3.69108
3.99400
3.83779
4.26274
4.10783
3.86671
4.13123
4.01229
4.22265
3.78238
3.71445
3.99033
4.07096
4.19237
3.40250
3.28671
3.68179
4.07734
4.00032
2.90682
3.95025
4.26415
3.53731
3.58355
3.50662
3.19816
3.98993
4.28183
4.07727
4.21808
4.07143
4.23885
4.32465
4.23926
4.18190
3.96503
3.92551
3.73958
3.96680
4.21847
4.20631
4.09359
1.38308
3.97695
2.78889
4.21523
3.85888
3.78207
4.37624
3.96507
4.23970
2.55573
4.06241
2.59551
4.12773
2.99796
3.32383
4.27334
3.76413
3.94600
4.35912
3.97901
3.98572
3.69978
4.08234
4.17851
4.32488
2.54357
3.96726
2.63499
3.77131
4.17707
3.82924
3.47183
4.00710
4.09366
3.93719
2.91271
3.69038
3.46540
4.12147
3.15500
3.81111
4.19593
3.69239
4.25063
3.77239
4.25408
4.32641
3.66352
4.15834
4.14196
3.80381
4.12825
3.90394
4.19952
4.28102
4.17745
4.26654
4.38342
4.19071
3.41099
3.82775
4.29720
4.22001
3.76422
4.20337
4.13731
3.99207
2.89591
4.36457
4.38093
3.92193
3.91504
2.67158
4.30868
4.27374
3.84905
3.96769
2.15720
3.75033
3.72055
4.31675
4.31454
4.15597
4.29738
4.08318
4.18406
4.29543
3.88390
3.94151
4.21504
3.14844
4.23222
4.19943
3.75547
4.10925
4.13932
3.12104
4.18608
3.50639
4.34438
4.08542
3.23704
3.77480
4.27206
3.84649
4.21351
3.72909
4.06808
2.33872
3.93155
4.26764
1.85592
4.16950
3.85886
4.17457
4.15496
3.89969
4.25412
2.99526
4.26284
4.33476
3.99307
2.51841
3.89004
4.06986
3.58658
3.92760
4.12993
4.27557
4.03857
4.00791
3.79311
3.61415
3.69936
4.25296
3.39635
4.20976
3.93885
4.18415
3.58844
3.86845
4.20220
3.58213
4.17495
2.54207
3.59139
4.09175
3.54681
4.23051
3.45272
4.23067
3.81946
4.28254
3.98406
4.17968
3.75267
2.77787
4.02710
4.14941
4.12795
3.76863
4.18598
2.49453
4.00096
3.49373
3.88706
2.30245
4.23890
4.24473
3.35254
4.16343
4.36653
3.97964
1.47734
3.80107
4.02841
2.53457
3.63339
3.58855
3.72300
4.11790
3.71410
2.57382
3.67132
2.29695
3.87821
3.11446
4.22353
4.32927
3.85962
3.65161
3.27079
4.18956
4.04309
4.30981
4.04420
4.14638
4.14572
3.53975
3.97026
2.72368
4.36251
3.93226
3.48914
3.39507
2.70607
1.66021
4.15046
4.15911
4.23272
3.64909
3.62650
4.22466
3.94386
4.13049
4.10376
4.26545
4.25828
3.75888
4.20454
4.29274
4.09293
3.47328
4.13661
3.85732
4.08891
2.11654
3.60129
4.19154
4.19172
3.14341
4.20504
3.43708
4.02482
4.02619
3.89342
3.43974
4.22589
3.93988
4.37187
3.69488
4.18975
4.15163
4.14182
4.31250
3.98810
3.97992
2.73361
4.11242
3.71236
3.87059
3.83945
3.97947
4.28680
3.39681
4.10223
4.39808
4.10778
4.27316
4.21901
4.03249
4.07646
2.74407
4.23261
3.97523
3.32110
4.16598
3.66367
4.28086
4.03966
4.31396
4.36695
3.67523
3.87589
3.41839
3.93461
4.28919
4.39173
3.79705
4.31908
3.96456
4.25606
3.67931
3.79880
4.14494
4.34356
4.03608
3.83717
4.24290
4.27652
2.80212
3.88641
2.31465
3.60915
3.08162
4.24270
4.25511
3.93736
2.99259
4.19821
4.38908
3.83397
3.67232
3.92301
4.34463
4.13563
3.27056
4.35847
4.36885
3.76089
4.18477
4.18713
3.73970
3.43991
2.67760
3.41443
4.37084
3.73165
3.26185
4.02769
3.61222
4.11222
4.21730
3.84216
4.19953
4.01203
3.77712
4.13619
4.23098
4.26931
4.16797
4.18092
4.21192
4.03659
3.65950
3.89480
4.15310
3.99831
2.97086
4.08400
3.95891
4.18427
4.30288
4.04578
4.29425
4.16646
3.98378
4.31314
2.59010
3.77252
4.21420
4.33261
4.21104
4.20614
2.20695
3.65509
4.04180
3.84998
4.22477
4.12995
3.87269
4.19110
4.02484
4.28171
4.09672
4.37099
4.37785
3.85272
3.74525
4.32198
3.96443
4.36741
3.97390
3.81353
4.33886
4.00149
3.32542
3.73634
3.18042
3.78110
2.99593
3.77733
3.98767
3.90245
4.07734
3.84652
1.63271
3.83824
3.53159
4.14697
3.87108
2.87538
3.74948
3.15164
3.81445
3.42542
4.00723
4.35652
4.28836
3.78341
4.25638
3.65271
3.69534
4.33047
4.15977
4.36762
3.81935
4.07586
4.40097
4.19301
3.52268
3.69715
4.18032
2.65490
4.20014
4.27365
3.86195
4.03669
3.68170
2.56879
4.05147
4.30032
3.72811
3.73028
3.64929
4.22947
3.34416
3.88375
4.11292
4.10469
3.75911
1.88811
3.55734
3.12780
3.84502
4.36959
4.30571
2.94125
3.65180
3.74325
4.21926
3.69243
2.58247
4.13827
4.33941
4.05274
4.34037
4.13298
4.01087
3.83849
4.07864
4.20331
4.08665
4.00970
4.05994
4.30521
3.76599
3.92692
3.76871
4.34860
4.14046
3.45807
2.44793
4.30338
4.07619
3.66758
4.10740
3.53539
4.20567
4.07246
3.69360
4.09721
3.93472
3.58805
4.00905
4.25481
3.88386
4.36976
3.89394
4.19597
3.85445
4.16864
4.31928
2.44006
2.80629
3.27791
4.08012
4.19456
4.24515
3.68876
4.17142
4.08066
4.28934
3.92080
3.91481
3.85907
3.91683
3.96353
4.15164
3.84299
4.18979
3.20304
3.75166
3.40497
3.74773
3.74730
4.14201
2.99879
3.94899
4.24478
3.30668
4.00426
4.19706
4.33295
4.11170
4.09439
3.74187
4.24333
4.33102
4.26363
4.21801
4.16227
4.22696
4.22901
4.20455
2.44011
3.60638
4.14844
3.69012
3.82337
3.72974
4.15930
3.82760
3.79635
3.16827
3.71456
3.65113
4.38836
4.11787
3.58699
4.13889
3.50869
4.19993
4.10651
3.56339
4.13602
3.09623
3.90925
3.99466
4.26781
4.03765
4.33268
4.03203
4.24474
3.15178
4.10791
4.02087
4.04553
4.22275
4.32822
4.29830
3.93473
4.17433
3.47841
4.05743
3.98852
3.63760
4.21809
4.15850
3.55276
3.00168
4.06305
4.36497
4.01892
3.78026
3.90220
3.84689
2.88598
3.65935
4.26498
4.30136
2.56758
3.88960
3.73482
3.93019
4.21022
4.19802
3.77305
4.06826
4.16256
4.36381
4.23035
4.36482
4.18049
3.28169
4.30780
4.05126
3.64031
4.01127
4.25765
4.15722
4.26970
3.28650
4.06278
3.19848
3.98272
4.04906
4.19841
2.25270
3.80509
4.09602
3.51972
3.58522
4.00028
3.86365
4.21275
4.21922
3.94763
4.18815
3.64564
4.18323
4.26116
3.54689
3.55581
4.19240
3.83976
4.36215
4.07770
4.17386
4.08955
3.84507
3.94683
4.26801
4.30488
4.15207
3.65259
4.26889
3.59202
4.25913
4.15583
4.09684
4.15553
4.33657
2.94616
4.24241
3.22362
3.23484
2.97380
3.91017
3.79556
4.27772
3.17152
4.00523
4.05975
4.18440
3.96690
3.90119
3.70323
2.87296
3.74517
4.30161
3.84944
3.84624
4.27705
3.71405
4.29413
4.26693
3.67376
4.14083
3.98499
3.48860
4.36213
4.08477
4.11950
3.45672
3.59060
3.95536
2.43618
4.42526
4.24364
4.15482
3.88723
4.39784
4.31620
3.97970
4.01283
4.22003
4.00630
4.18505
3.61495
4.22309
4.20623
4.28850
4.12006
4.02131
4.00224
3.54550
3.52694
4.29826
2.89374
3.34083
4.36794
2.67181
4.25655
4.16411
4.28747
3.10824
4.04212
4.29031
3.99370
3.45514
3.42297
4.22459
3.47147
3.98162
4.14542
3.99873
3.92206
4.12257
3.32672
4.21084
3.16786
3.80802
4.03337
4.08587
3.35311
3.93090
4.09546
4.08480
3.99470
4.00432
3.79513
3.87728
4.16681
4.23903
4.21143
2.43551
4.13999
3.84085
4.14386
3.98750
4.11484
4.14747
3.50394
4.12311
4.19128
3.55949
4.14064
4.07047
4.15688
3.61730
3.77564
3.66215
4.05219
4.11930
4.17898
3.96425
3.86155
4.31010
3.83526
3.94002
4.22242
3.99426
4.38899
3.55971
4.29670
4.20237
4.01792
3.81164
4.19590
3.92312
3.24924
3.70814
3.35834
4.01745
3.54480
4.16559
3.66372
4.36433
4.08290
3.67656
3.77805
2.87765
4.13957
4.24243
2.18176
4.21675
3.93627
3.65520
4.03933
4.08368
2.84450
4.25046
3.83550
3.73131
3.65961
3.69287
3.81854
4.16925
4.12447
4.03073
4.26565
3.96765
4.23215
3.78823
4.20465
4.23818
3.03734
3.88992
3.95815
4.22653
3.76861
2.35612
2.49076
3.47129
4.28134
4.36704
3.51223
3.48434
2.20094
4.00590
3.95717
4.38303
4.20195
4.26278
4.28149
4.38531
3.84435
4.30197
3.87586
4.11060
4.12152
3.64259
3.78674
3.89054
3.79205
4.20358
3.72809
2.85645
3.32059
3.85729
4.19531
3.62944
4.13646
4.28354
4.28278
3.94302
4.37654
3.99246
4.09421
2.67462
3.45642
4.27724
3.88903
4.36864
3.90756
4.23350
3.96547
3.24709
4.21081
3.73017
3.41134
4.15724
3.82936
4.36910
4.04898
4.23665
4.06356
4.17171
3.89875
4.06100
4.09256
3.60965
4.15282
4.14714
3.90407
4.00454
3.89394
4.35701
3.70647
3.82702
3.92719
4.10204
4.40915
3.79198
3.32708
4.18317
3.67314
3.85392
3.82232
4.29095
3.51887
3.18939
4.27246
3.34425
3.94016
3.59787
2.95215
4.14754
3.48041
3.19606
3.81441
4.40973
4.05252
4.35965
3.92876
2.72033
4.25802
4.19051
3.63311
4.12409
2.89184
4.09614
1.88867
4.27783
4.07527
4.15295
4.22628
3.64464
3.99570
4.36571
2.80286
4.23147
1.83448
4.28771
3.97623
3.67704
4.28839
3.46089
3.24146
4.34265
3.56427
3.31998
4.22118
4.31896
3.29051
3.11220
3.49303
3.60870
3.16191
3.98844
4.00477
4.24465
4.21576
4.06583
4.30927
3.22293
3.84591
3.47629
4.15895
4.04015
4.14114
3.67676
3.28515
3.25933
4.06954
4.16216
3.82406
3.05856
3.28637
4.08737
3.82453
3.22547
4.25663
4.04041
4.00690
4.24662
3.78622
4.23894
3.92422
4.00651
4.24969
3.93542
4.29612
3.29538
4.33421
4.38323
4.25799
2.64523
4.04717
3.12857
4.21715
4.13686
3.51508
3.87543
4.26360
4.27088
3.81691
4.43992
4.06269
4.08621
4.19517
4.00252
4.04963
2.61810
3.87934
3.84533
3.84744
3.04969
3.54831
4.23557
3.37232
4.27677
4.02848
2.53798
4.33327
4.34457
3.90417
3.83796
4.30010
4.07802
3.56944
3.80994
3.98473
3.95515
4.14452
3.43103
3.94177
3.90017
3.26531
4.02740
4.30896
3.84469
4.29039
3.51945
2.84038
3.98416
3.89066
1.89419
3.46159
4.28372
4.01810
3.92803
4.14908
4.09667
1.91664
4.08784
3.83014
4.10025
3.67265
3.68313
3.74540
4.08070
2.94660
3.67772
4.02987
4.24598
4.35332
4.19090
4.33589
4.10591
3.63696
3.45217
4.22442
3.77046
2.38615
4.20528
3.34595
4.22594
3.54841
4.29287
3.57940
3.79147
3.74153
4.25351
4.25841
3.55336
3.81255
4.19325
3.31243
3.60642
3.52811
4.13895
4.11746
3.98189
2.25844
3.38978
2.46200
4.14840
3.98168
3.07635
3.89094
3.43209
4.19699
3.69446
4.37185
1.72988
2.33861
3.51100
4.18697
4.12327
3.78063
4.01900
3.83355
4.32056
4.15086
4.39762
3.86694
4.16983
3.42149
4.17942
4.11225
4.27534
3.09013
4.30001
4.35413
3.50657
3.83489
3.66763
3.03997
4.19008
3.84986
3.61811
4.06133
4.17029
4.01663
4.09011
3.93262
4.04738
4.28531
4.12483
3.68744
4.21772
2.63426
2.15190
3.48760
3.86767
1.60123
4.03096
2.98323
4.01078
3.84240
4.42114
4.15657
3.44562
3.87791
3.96683
4.26656
4.09898
4.39817
4.15215
3.87162
3.81846
3.97314
4.14251
2.72190
3.49739
4.12544
4.31840
4.34268
3.38127
4.25174
4.17869
4.20047
3.16432
2.99215
3.97524
4.16236
3.80265
4.12073
2.59070
4.21633
3.82356
4.05096
3.87102
4.12141
3.92277
3.78725
3.94992
4.30615
4.18966
4.14270
3.92811
4.11929
3.93021
4.18989
4.38859
3.69925
4.05195
3.88442
4.21698
3.91276
4.06835
4.17952
2.91308
3.99601
4.10855
4.06061
4.17050
4.06362
4.00562
4.33004
4.14119
3.68010
3.75160
4.12881
4.36352
4.29641
4.09274
4.08903
4.33135
4.27892
3.73414
3.63925
2.87775
3.96477
2.74833
2.98272
3.96239
3.77224
3.85006
3.95768
4.24809
4.27759
4.33919
4.20802
4.21398
4.29981
2.63935
4.09443
4.26225
4.18590
4.43750
4.14535
4.25699
4.15153
4.23404
3.91400
3.97959
3.96802
3.19665
4.05846
3.25317
3.27980
4.14621
3.77926
4.11804
4.34092
4.02686
4.37780
4.24079
4.25333
3.87211
3.90558
2.84131
4.15861
4.01571
3.93568
4.26937
4.21299
3.68146
4.38076
4.36875
3.99357
4.14466
4.09374
4.26680
3.96119
4.08299
4.06925
3.67905
4.33667
3.52448
4.02111
3.94193
4.25301
3.86611
4.21575
4.27532
3.89755
4.03202
3.64472
3.94004
4.19310
4.21325
4.32475
2.21544
3.92748
4.00259
4.20560
3.94558
3.64282
4.23393
4.11728
4.07020
3.25423
4.36084
3.79491
4.09017
3.87415
4.29609
3.83337
3.21509
3.93255
3.31537
3.21025
3.84951
4.17025
1.38223
4.02772
4.15955
4.16143
3.91747
3.38319
2.13861
3.42235
4.15629
3.17945
3.33569
3.83374
4.04262
4.32045
3.77090
2.09197
3.78654
3.83285
1.58756
4.22191
3.92307
4.28587
3.97641
4.20586
4.07381
4.04071
2.72948
3.82715
4.10518
4.33923
4.30343
4.17662
4.09511
3.55315
4.16657
4.16270
4.31648
3.59474
4.37404
4.28374
4.14926
3.38483
3.93947
3.73843
4.30858
1.60234
4.23417
4.23564
3.06260
4.22732
3.86000
3.97336
4.33073
4.02663
3.82509
3.71051
4.29572
2.06432
4.08111
4.12185
4.17072
4.35902
4.44904
2.58917
3.19327
4.19228
3.71694
4.22043
4.06048
4.43999
4.05469
3.93982
4.20788
4.26320
4.04379
2.24447
4.24114
3.91295
3.96193
4.09716
4.21666
4.15428
3.87129
4.22294
4.30267
3.00041
4.27265
4.10726
3.96251
4.19617
4.13019
3.90974
3.56928
2.61613
3.34008
3.65159
2.41534
2.70814
3.85042
2.55186
3.71685
4.21050
3.90901
3.39648
4.14514
3.85834
3.12193
4.30171
4.30488
4.17049
4.26763
4.20042
3.82692
4.11576
3.08504
4.15685
4.47125
3.67041
4.24537
3.44128
3.81186
3.18207
4.28380
4.33169
2.65600
3.96652
3.59583
3.84398
3.98030
4.15012
4.18963
4.26904
3.39907
3.65461
4.36084
3.39513
4.26094
4.00544
4.15976
4.21454
4.36798
4.16845
2.82076
4.26864
3.67821
3.75590
2.80947
4.18082
3.42498
3.36750
4.25504
3.41267
4.26116
3.11243
3.72635
3.94171
3.91833
3.86202
4.19657
4.23434
4.01188
4.38548
4.27771
4.13238
3.43648
4.26379
3.96506
4.30095
3.91649
3.38707
3.45972
3.39599
4.00204
3.89267
4.08191
2.93120
4.01900
2.50674
3.32405
3.98423
3.86284
2.06240
3.78026
4.29372
4.23424
2.47882
4.02333
3.68573
4.26640
4.09269
4.07658
3.89543
4.36706
4.09127
2.85578
4.17027
2.75259
4.13469
4.24210
4.01704
4.15108
1.44719
4.05559
3.24838
4.28644
3.56951
4.14339
4.01489
3.30659
3.44675
3.14814
4.33736
3.94877
2.83571
3.43703
3.74923
4.04054
2.86983
4.07692
4.05468
3.94607
2.64929
4.39351
4.31328
2.60208
4.03495
4.36847
4.30770
4.25240
2.60078
4.11124
3.57899
3.72785
4.22381
4.29028
4.15426
4.24577
3.99798
2.84507
3.86944
3.45057
3.42991
4.16303
4.08095
4.35593
4.08487
4.06399
4.28561
4.08218
3.62611
4.02473
4.17959
4.37519
4.27218
4.11473
4.15849
3.51942
3.79177
4.16949
1.94174
4.08165
4.06591
3.24915
3.98084
4.33008
3.41103
4.01704
4.19035
4.30186
4.37317
3.61237
3.82138
3.81722
3.93857
4.32607
3.44993
3.62087
4.15915
4.02704
3.95764
3.73497
3.62563
3.30155
4.01550
4.26049
4.28628
4.08429
2.53656
4.27136
4.23583
4.17805
4.26442
4.21773
3.82453
2.64111
4.10152
3.84013
4.24054
3.96161
4.26909
3.97255
2.56361
3.99124
2.14234
3.81991
3.94245
4.17595
4.03325
3.69019
2.90537
2.63394
4.03212
3.84406
4.04663
4.12935
3.97972
1.54308
4.03580
3.63944
4.24129
3.86393
4.19917
2.49663
4.14929
3.79254
3.96686
4.19622
4.24123
3.46712
4.22479
4.00777
2.39823
4.03544
3.76210
4.23126
4.00469
3.54039
4.16289
3.83085
4.19495
4.09616
3.77067
3.58923
3.61184
4.27981
2.19468
4.00593
3.64841
4.16582
4.17131
4.11283
4.18814
4.04795
3.66858
4.28939
4.10432
3.86637
3.58996
3.76181
3.79161
3.87331
4.06694
4.22348
1.81151
3.99570
3.86826
4.23362
3.91530
4.31536
4.37753
3.47232
4.22712
3.68689
4.24066
3.77375
2.93203
3.51461
4.22208
4.14576
4.14853
4.24224
4.14455
2.21066
4.36669
4.19532
4.04497
4.13505
4.06990
4.23419
4.14042
3.77334
4.31270
3.79406
4.18305
4.22732
4.36327
3.72493
3.56057
2.82003
3.36866
3.89993
3.84427
3.58644
4.37556
4.05760
4.11278
4.23241
4.08942
4.28361
4.09613
3.95089
4.23622
4.22135
3.71567
3.75078
3.78656
3.25327
4.02161
4.06938
3.56763
4.25831
3.92756
2.82559
4.40233
4.21063
4.31970
4.08566
4.36371
4.28098
3.89300
4.36903
4.03607
3.42910
4.35257
3.06593
4.11579
3.98691
3.74166
4.14949
3.36038
4.30008
3.79588
4.01605
4.27457
3.89044
3.87128
4.30519
4.14884
3.55194
4.17520
3.64147
3.96373
4.10781
3.26555
4.20584
3.28703
3.88982
3.77252
4.04443
4.02972
3.95332
4.06574
3.85342
4.28052
2.28104
3.67717
4.10543
2.94091
4.11044
4.01064
4.33939
3.54331
4.22043
4.40209
4.36314
3.75124
4.13555
4.17271
4.23696
4.16864
3.87066
4.12230
3.80699
4.21349
4.19628
3.72046
3.20243
4.21821
3.89459
4.20120
4.39190
4.11351
4.10353
3.95474
4.21325
3.47473
3.60376
4.00663
3.83751
4.27419
4.17651
2.81841
2.72670
4.18748
3.95204
3.93118
4.34618
3.45647
3.38933
4.11564
4.04786
3.95521
3.82533
3.99213
3.84324
4.24993
4.40368
4.07426
3.87633
4.19483
4.21172
3.73198
2.45518
3.25162
3.86934
4.11418
4.03103
4.33608
4.15157
4.14158
4.30544
3.88445
3.85983
3.40628
4.06479
4.23410
3.66135
2.82107
4.21259
4.28057
3.92896
4.05155
3.88960
2.50537
4.36876
3.71818
3.89826
4.25974
3.33711
3.80482
3.41243
4.13553
4.33031
2.39277
4.08140
3.73682
4.13121
4.32421
3.17097
3.66390
4.07389
4.18557
4.34817
3.37297
4.06585
2.23760
4.41947
4.29238
3.67476
4.34690
4.00949
3.96252
4.01900
4.21172
3.08050
4.24212
3.90663
3.81226
4.39955
3.79125
4.07301
4.12463
4.12237
3.83781
2.81631
2.95870
3.80184
4.10844
4.11265
3.70921
4.13684
4.07180
4.32373
3.90112
4.34744
3.01773
4.05664
4.07463
4.29417
4.23047
3.83056
3.91567
2.98187
4.26905
4.30265
4.27338
4.09018
4.21984
4.15455
3.75967
3.17812
4.34980
4.11793
4.05783
3.81643
3.98651
3.33911
4.31995
4.06334
3.70926
3.98917
3.99578
4.29533
4.12304
4.23985
1.19975
4.19840
3.18608
4.05538
3.94000
3.77554
4.00908
3.77830
4.06335
4.39138
4.27418
3.92647
4.15255
4.15840
4.09919
4.21734
3.59718
3.92669
3.89094
4.24644
4.04035
4.24204
3.85938
3.04797
3.56292
4.16592
1.68649
3.99478
3.76899
3.80510
4.02408
4.27296
3.78367
4.17877
4.24243
4.13270
1.82796
4.13602
4.08614
4.13873
3.89185
4.03955
3.73004
4.21280
4.08064
3.81910
4.30790
3.77460
4.34697
2.66130
4.09214
3.95380
3.81088
4.17684
3.07021
3.67535
4.39153
4.30705
4.33904
3.16708
4.17186
3.54893
4.23640
4.34892
3.00239
3.96524
3.64877
3.61685
4.24088
4.34504
4.38671
4.18975
3.71458
4.30186
3.45661
4.11706
4.09677
3.84391
2.31846
4.41005
4.34593
4.23983
4.09827
4.08673
3.58532
4.13091
4.13450
4.03905
4.08881
3.52124
4.34178
4.26794
4.37084
2.46866
4.19762
4.10568
3.62356
3.63043
4.33071
3.98242
3.93519
4.21771
4.29712
4.32112
1.77867
4.26295
2.43881
4.27254
3.31509
3.56600
4.08017
3.44014
4.13405
4.11600
3.79249
2.56781
4.15161
2.96656
2.35292
3.49048
3.95024
3.56298
3.72632
3.83700
3.79791
4.20441
4.17925
3.85454
3.87412
4.17352
4.20244
3.69803
4.04711
3.99377
4.01532
3.97810
4.12820
3.38743
4.02552
4.25899
3.60537
3.51696
4.35364
3.48238
4.15858
3.82878
4.01712
3.82477
3.96674
4.15651
4.10287
3.95008
4.18220
3.68893
4.13060
3.70383
4.33081
4.37884
4.21650
3.18633
3.18878
3.90517
4.38576
4.25090
4.28702
3.81261
4.25658
2.59280
4.44938
4.05918
3.66131
4.19607
3.85286
4.37158
3.19305
3.76108
3.97951
3.81464
3.10606
4.29483
3.16190
3.82751
4.24716
3.99387
4.14318
3.47919
3.88167
4.26727
3.93239
3.54436
4.25339
4.13540
4.28547
4.25246
4.15610
3.84125
3.94110
3.97173
3.97506
3.50120
3.34392
3.85121
1.82541
4.03265
3.81404
3.54706
4.10163
3.67794
4.09480
2.93175
4.32245
2.59143
3.46334
3.47197
4.41584
4.35577
3.94496
2.94924
4.44745
3.35303
4.04632
3.89227
3.99666
3.68044
4.14103
3.92257
4.05990
3.89358
4.30011
3.70040
3.59516
4.28311
4.09000
4.32852
4.11360
3.81422
4.19198
3.87539
4.29465
4.12395
4.17962
4.28545
4.27239
3.94566
4.28376
3.91150
4.19519
3.10582
4.25475
3.78060
4.22255
4.17985
4.27796
2.64629
4.30101
4.17661
4.17254
4.43056
3.69235
4.10623
4.18038
1.70566
4.24808
4.21521
4.25869
4.00249
3.95263
4.24886
3.05715
3.76220
3.72819
4.03509
4.19697
4.15651
3.85790
3.80521
4.12509
3.49935
4.06900
4.40062
4.07577
4.09543
4.26171
3.86219
3.86615
3.07985
3.56527
3.60775
2.78855
4.03831
3.61622
3.72485
4.24434
2.36718
4.19797
3.63779
3.93277
4.18356
2.30389
4.18280
3.93006
3.95996
3.70636
4.18786
2.99333
3.62794
4.25296
3.38045
4.27599
2.18305
3.95510
4.34937
4.24604
3.75554
4.27680
4.32992
4.18915
4.17558
4.04654
4.33281
3.87401
4.20891
4.33378
4.19138
4.22808
3.96112
4.34440
3.89065
3.39364
3.65993
4.17624
4.06155
4.05503
4.06475
3.90519
3.85198
3.81324
3.72494
4.16927
4.37601
4.33600
4.23223
3.60251
4.20091
4.14119
4.26319
3.98616
4.17905
3.71669
4.00932
3.30227
3.27854
3.79879
3.97092
4.32676
4.01806
4.00509
3.62349
3.95953
2.71845
3.92931
4.26831
3.41672
4.31417
3.86942
4.15835
4.01020
1.97888
4.25689
4.19260
4.40987
4.05846
3.96978
1.64067
3.16125
3.65962
3.96663
4.05732
3.96365
3.58292
3.99933
3.88296
3.98522
4.38029
4.05584
4.03585
3.57998
4.18336
4.22571
4.19779
3.81830
3.86846
3.94527
3.97228
3.39272
4.09987
4.22193
4.42224
3.51898
4.16292
3.88757
4.20102
3.94956
4.29285
4.03116
4.17667
3.61082
4.00618
4.24524
3.75342
4.21655
4.17252
3.31473
4.10139
4.24638
3.71236
4.20052
3.77161
2.65559
3.96136
4.24359
3.87823
4.12734
1.99313
4.15309
3.26852
3.77546
3.52735
4.24388
3.87855
3.94370
2.78725
3.16184
4.00350
4.32930
3.00078
3.88183
4.14406
3.77663
3.45145
4.18611
2.31066
2.53961
3.99282
4.02679
1.31748
2.59318
4.24997
3.72926
4.10331
3.76793
3.83869
4.13610
4.10572
3.48101
3.82275
3.65032
2.08608
4.07128
4.13297
3.14685
4.33366
3.82223
3.69747
3.90784
4.35837
3.81773
4.20314
4.34717
3.14859
3.78376
4.16131
3.99404
2.36103
4.15345
4.20429
4.13908
4.15635
3.90443
4.35266
4.26093
3.33918
3.59943
3.28003
3.97298
4.19007
3.75215
4.32867
3.71809
4.24592
4.10697
4.32944
4.15616
3.39827
4.34722
2.90235
3.98396
4.32892
3.40043
3.56047
4.29556
1.48305
4.33498
3.76790
3.06449
4.36737
3.54967
3.88514
3.85557
3.90011
3.40503
4.30776
4.25675
3.68083
4.27149
4.15602
4.16609
4.13281
4.18095
3.90857
3.97987
2.78477
4.29996
4.11189
3.50614
3.98556
4.09815
4.07816
3.99189
4.28055
3.91092
3.99048
2.44232
4.16252
2.07316
4.27682
3.93999
4.07725
3.85122
3.98032
4.20268
2.88439
4.01719
4.13841
4.43312
3.16555
4.05696
4.04090
3.23225
3.63589
4.17503
4.24588
2.25928
4.36332
2.86794
4.16222
4.17281
4.37863
4.28408
2.52080
3.24674
3.76607
3.98009
4.19454
3.54839
4.17588
3.50755
2.53238
4.20180
4.38743
3.57047
4.20840
3.67299
4.28804
4.05927
3.76662
4.34380
4.27445
2.97544
4.22112
4.27259
3.78552
2.52613
4.28978
4.07295
3.77933
3.70770
4.06888
4.11528
4.35641
3.49489
4.21097
3.78136
3.99277
4.25434
4.02250
4.10306
3.39257
3.26034
3.68409
4.38582
3.36187
4.37396
4.04205
3.30374
4.10269
2.91914
3.88795
4.22655
3.99339
4.39849
4.04858
4.00607
4.27484
3.99438
4.21562
3.93945
1.77591
3.78057
4.31156
2.53327
3.93794
4.13380
4.14938
3.60460
4.00387
4.20311
4.19722
4.14354
4.06432
4.34695
4.21527
3.59918
4.06283
2.45000
3.10906
4.15274
4.01851
3.98331
4.07258
2.99784
2.61083
4.37378
1.69130
4.06800
3.95572
3.93605
4.17701
3.57676
4.15350
3.97183
3.86468
4.31167
4.39953
4.28479
3.93660
3.76289
4.17649
1.54635
4.03724
4.36477
4.10314
2.15483
4.14256
3.97390
4.09993
4.27407
4.07524
3.94849
4.37773
3.50299
3.89864
4.10624
4.29915
4.14245
2.69244
3.34801
4.11805
4.21825
4.40612
4.01152
4.19162
4.22928
4.20633
4.22482
4.18652
4.01823
3.74590
3.90908
4.23095
3.79832
4.20091
4.19618
4.10762
3.93228
4.10038
4.12204
3.80205
3.96336
4.21130
4.34049
4.11989
4.28208
3.48213
4.18581
3.32487
3.16922
3.42281
3.64152
3.87197
4.02972
4.06558
3.95600
4.28010
3.19608
4.34144
4.17139
4.32410
2.53564
3.77411
4.06398
3.52094
3.67011
4.24902
3.95253
4.11416
4.21905
4.02500
3.84742
3.70723
4.24907
3.95721
3.68693
2.17877
2.85350
4.40113
4.19801
3.73625
2.58283
2.98588
4.27149
3.63960
3.73528
4.34376
4.00118
3.67333
3.89473
1.38206
3.83043
3.97619
2.24817
4.19780
4.09763
3.87775
4.20194
3.27619
4.09910
3.84463
1.47423
4.05622
4.06774
4.35322
3.97658
2.73136
3.76808
3.92123
3.93278
4.10157
3.25753
4.25284
3.81338
3.35956
4.01187
4.12567
4.25187
4.01478
4.37254
3.16313
4.14629
1.98233
4.04718
3.49246
4.24882
4.01790
4.09673
4.18400
4.39368
3.97381
4.27147
4.18456
4.06300
4.12272
3.51286
4.30038
4.05115
2.97599
3.84314
3.50974
4.19750
4.31495
4.26770
4.14379
3.89262
4.23347
4.25730
3.76463
4.09443
2.64649
4.01393
4.17317
4.14241
4.20157
3.75647
4.11737
3.87502
4.30222
4.30247
3.82325
2.45659
3.40150
4.08767
4.08826
3.63202
4.01509
2.32554
3.85350
4.07896
3.49913
4.19998
3.96404
4.04043
4.39382
3.89893
4.31153
3.31119
4.37630
4.09623
2.71008
4.29383
3.35188
4.27985
4.36797
3.95140
4.19891
4.07701
3.91768
4.17602
3.94836
4.01599
4.03398
4.22021
2.73671
4.04476
3.88900
4.03017
3.79791
3.21875
4.12375
2.71113
4.35895
3.96181
4.37728
4.04644
3.72274
4.13333
3.26365
4.22877
4.15196
3.64864
3.92214
4.23722
3.49575
3.26204
4.42430
4.27350
4.20211
4.15597
4.07826
3.99548
3.75589
3.69970
4.25167
4.05630
3.98182
2.26967
4.24585
4.20591
2.04294
4.15732
3.73518
3.46337
4.03953
3.84911
4.27346
4.26182
3.64422
4.12424
2.25050
3.72242
4.23142
4.18302
3.58474
4.38451
4.14423
3.99350
4.09082
4.28065
4.30180
3.24822
4.30363
4.25060
4.27349
4.05869
3.96024
3.29268
3.95359
3.53242
4.11731
4.15249
4.38116
3.77272
3.93857
3.73252
3.98183
4.12849
3.93332
4.04166
3.93791
2.89347
3.76918
4.14128
3.42207
4.08357
2.01551
4.10133
3.47698
3.68256
3.24078
3.89343
4.26835
4.30107
3.96725
2.44459
3.90632
4.21878
4.00802
4.12744
2.60783
4.25234
4.19152
3.91757
4.14465
2.45680
4.21848
4.19997
4.12924
4.08988
3.97887
4.41560
3.80112
3.80759
4.09152
4.03289
4.08938
3.99777
4.19204
4.16267
4.19630
3.65218
3.81632
4.39984
4.04513
4.34412
4.25369
3.86603
4.19224
4.08799
4.35566
3.90598
4.10329
4.13540
3.97114
3.60041
2.56034
4.05061
4.23380
4.22675
4.11371
4.27024
2.58952
4.39251
4.01506
4.32146
3.89949
3.93094
4.39351
3.75871
3.58804
4.28176
3.53206
4.03842
3.72587
3.63435
4.15825
4.34473
3.76039
1.88377
4.12610
4.22084
3.66152
3.83753
4.19713
4.05808
3.87073
4.05598
3.60939
3.33300
4.07222
1.82010
3.75937
4.26001
4.10074
4.21981
4.26224
3.40792
4.16338
4.15816
3.70289
4.12663
4.07045
4.01233
3.74441
4.06478
4.34210
4.20420
3.85197
4.18189
4.22451
4.02151
4.15476
4.14307
3.70191
3.67166
4.27756
2.89917
4.02723
4.28310
3.67806
4.16866
3.97952
3.75110
3.75460
3.78719
4.17239
4.13388
4.25610
4.19456
3.50079
3.82778
4.41041
4.36106
4.10615
4.05638
4.03939
4.01330
4.09752
4.35291
4.26510
4.21470
3.97334
2.66618
3.86556
3.36941
4.13461
3.40926
3.58132
4.20121
4.09369
4.19444
3.74333
4.34648
3.91365
4.25822
4.12133
2.47176
4.31139
4.17874
3.26847
4.08906
4.19438
3.66818
3.96726
3.58565
4.17164
4.35915
2.84608
3.58777
4.28029
4.20848
2.93279
4.24564
4.26530
2.73325
4.25942
3.73533
4.13684
4.36429
4.00701
4.10866
3.98031
2.80601
3.72692
4.29714
4.15366
3.65282
4.31731
4.15105
3.54125
4.12348
3.92312
4.31200
2.48280
4.09029
3.62348
2.49738
3.59494
4.00289
3.52632
3.82148
4.27821
3.61864
3.97734
4.17605
3.24746
4.27921
4.24786
4.16198
4.43012
4.08915
4.02838
3.94754
3.13399
2.90623
4.06919
4.26006
3.79117
2.78854
4.17695
4.06095
4.08216
3.96802
3.97663
4.27397
4.31927
4.06263
4.03841
3.59989
4.21382
4.38914
3.74187
3.55294
4.36862
4.21815
2.35941
4.40506
4.05845
3.63883
3.68825
4.19768
3.81660
4.05652
3.70135
4.23549
4.03482
3.62166
4.06911
3.80239
3.40687
4.19147
3.78415
3.53248
3.64980
4.16714
4.15785
4.32717
3.89964
4.10409
3.30648
4.12713
4.06625
4.26384
3.20065
4.33682
3.64458
3.82997
4.08264
4.33331
3.65726
2.16205
3.83557
3.04965
3.93215
4.11342
4.13662
4.18772
4.06229
3.96379
3.48846
2.55162
4.17797
4.23317
4.16419
4.25967
4.03412
4.21722
2.79452
3.93811
4.34245
3.93831
3.49487
3.58474
4.26469
4.07795
3.34082
4.04650
3.79362
3.45720
3.96398
4.26017
4.25356
3.75301
3.26416
3.72890
4.19478
2.87320
3.70303
4.28391
3.73419
3.55506
2.97261
4.12435
4.13528
3.89764
3.97936
4.02882
2.50089
3.59387
4.20668
4.31618
3.69513
4.00755
3.26384
4.33425
4.20156
4.02153
4.18070
4.06372
4.32843
3.46312
3.75132
4.09978
4.19271
3.63707
4.30024
3.97622
4.14419
3.54411
4.13768
4.20382
4.13228
3.86807
3.57773
4.05745
4.23395
3.76206
4.11532
2.41324
3.75496
3.04906
4.27429
3.94401
4.12324
4.34805
4.37371
3.90176
3.58864
3.24319
3.91618
3.89876
3.45995
2.70412
3.97240
4.06659
3.68807
4.07419
4.29766
3.76902
4.10788
4.17713
4.39114
3.97039
4.05395
3.94439
4.30252
4.32439
3.02686
3.12123
4.04391
3.57617
3.81408
4.28145
3.74654
3.81067
3.62590
4.01991
2.16394
4.31906
3.09985
3.68270
3.82188
3.49806
3.02449
4.28568
3.79327
3.97209
4.07523
4.22943
4.18677
4.19352
4.15577
4.25174
4.12785
3.47878
4.17482
3.38531
4.07927
4.11242
4.34934
3.87390
4.04796
4.21945
3.79244
4.05175
4.30969
4.21818
3.65352
3.53901
4.00918
2.18022
3.86446
4.29271
4.03295
3.78752
2.17425
2.63107
4.05851
3.97357
4.35714
4.03487
3.94888
3.86252
3.96954
2.80424
3.12765
4.21257
4.16880
4.34790
3.59112
4.12192
4.29811
3.92930
4.28606
3.86217
4.04504
3.89469
3.88670
3.27275
4.32717
4.00650
3.07434
4.15971
3.00162
4.31746
4.04880
4.24147
4.19360
4.05257
4.19354
3.96682
4.39242
2.49361
2.30667
4.15642
4.43527
4.27703
4.14988
4.01398
4.43071
4.08010
4.07871
4.27948
3.96687
4.03983
4.17167
3.91769
3.05449
3.47285
4.37793
2.99161
4.17052
4.13414
4.12425
4.14677
3.80865
3.88652
3.91950
3.41935
4.09271
3.00756
4.18838
3.98941
2.90678
4.35158
4.16519
2.73464
4.24021
3.74882
4.12234
2.03266
4.07952
4.20141
4.06524
4.16368
4.30551
3.70282
3.30192
4.11062
3.94569
3.85686
4.07876
3.86482
4.05506
4.28657
3.65369
4.19344
3.98715
3.86817
4.28737
3.97720
4.14890
3.85806
3.79191
4.20051
3.81619
3.68023
4.20243
3.80818
3.78081
3.57694
4.18932
4.04744
4.16762
4.21166
4.24359
4.21284
4.16128
3.87835
4.15370
3.37308
4.15116
4.13817
3.51519
4.02404
4.29662
4.23398
4.22516
4.19395
3.88829
4.19084
3.93351
3.61451
4.21678
3.91851
4.02438
4.11880
4.18994
2.14879
3.60571
4.22256
4.30896
4.30925
4.33411
3.64488
4.15411
3.71806
4.33412
4.19062
2.13096
4.11340
4.34510
4.01261
4.03546
3.66831
3.70713
4.10608
4.32288
3.13326
4.36851
3.96195
4.34636
4.30451
4.11341
4.31152
4.16112
3.86332
4.08091
3.83048
3.34551
4.21422
4.07182
4.00953
4.13220
2.61680
4.39392
4.10483
4.13697
4.11730
4.11675
3.01089
4.06102
4.16495
4.04927
4.23715
3.74483
4.06255
4.32309
4.14609
4.06588
4.18431
4.21146
4.17136
4.00558
3.46603
3.70327
4.12652
4.32621
3.69298
3.40598
3.87529
3.52991
4.31384
3.91062
4.37681
3.95170
4.29064
4.16401
4.30903
4.08373
4.08281
4.24508
3.94490
4.38286
4.11399
4.06613
4.10389
4.24897
4.22997
3.73983
3.90885
3.99477
4.21479
3.88036
4.27638
4.14865
4.34028
4.08484
3.93711
2.86855
3.89265
3.49734
4.11641
4.40602
3.80272
3.94957
3.41739
3.96940
3.94820
4.31263
3.41719
4.04176
3.06912
3.94212
4.28190
4.00317
3.63940
4.01256
3.99302
3.93094
3.85303
3.35125
3.66927
4.05901
4.14793
3.91644
4.28193
4.30330
4.09362
4.24956
3.30567
4.05824
3.74455
3.67316
3.37151
3.81318
3.99175
4.14742
4.03796
4.33419
4.00110
3.76086
3.71194
4.26548
4.25831
4.36391
4.09778
2.54034
3.46257
4.10889
4.02562
4.24827
4.41097
4.16090
3.93049
4.39823
3.74289
3.33841
3.70177
4.31877
3.21658
3.77161
4.38473
4.24093
3.55138
4.31564
4.29269
3.59715
4.39996
3.76003
4.07340
2.23324
4.15901
4.17087
3.68920
4.21865
4.27783
4.30892
3.91038
3.57610
4.31460
4.09867
4.22992
4.00685
4.02852
4.16552
3.95987
3.00706
3.80859
4.06218
1.89766
3.95609
2.47069
4.13455
4.25149
4.10646
4.03040
3.79154
4.00630
3.86453
4.12060
3.71913
2.32306
4.15449
3.94082
4.07756
3.96982
4.37402
3.48229
4.02273
3.62857
3.12398
3.87184
4.03630
4.37443
4.14865
4.21992
3.59243
4.11089
3.90143
4.11551
3.81584
3.60703
3.91516
3.89994
4.04717
4.33218
4.41846
4.30826
4.14221
3.90355
4.40807
4.01883
3.97926
2.56962
4.20004
4.18118
3.79864
4.24418
1.81518
3.84394
3.83440
4.28717
4.36098
3.29537
4.20225
3.77450
4.12986
2.26779
3.00630
3.98744
3.80155
4.29671
4.19104
4.43111
2.68091
4.22624
3.51505
4.09946
3.68318
3.33639
3.72774
4.24369
3.86822
3.77152
3.53405
2.84951
4.07051
3.00007
4.18507
3.82282
4.08735
3.31772
3.90779
3.90170
3.87865
3.84941
3.30416
4.33799
3.71107
4.09328
3.54612
3.30229
4.21354
3.82307
4.09584
4.13363
3.77628
4.29683
3.73198
4.05915
4.20498
3.56174
3.75386
4.03452
3.90868
4.39762
3.87813
4.30481
3.87531
4.16164
4.21720
4.21786
4.37520
4.22182
3.27339
4.35607
4.40290
3.26031
4.15671
4.04889
2.59482
4.26418
4.31983
4.01706
4.05506
4.25415
4.18749
2.88942
4.10718
4.08550
3.78974
4.30940
4.17176
3.31889
3.63159
4.20950
4.05603
4.39135
3.75682
3.65985
4.23010
4.29371
3.99467
4.15100
4.34425
3.65277
4.01866
4.09551
3.79116
3.68784
3.95235
4.32458
3.88408
3.80700
4.21521
4.09681
3.84155
4.20106
4.14037
4.01136
3.52858
2.45989
3.74307
3.81418
4.10159
4.05015
4.18587
3.58590
4.27363
4.27036
3.96708
4.05322
3.85082
4.14207
3.88227
3.60274
3.57664
3.69170
3.14164
4.27279
3.93865
4.19877
3.28600
3.87474
4.06927
4.13797
4.36971
4.10407
4.07369
3.86934
3.98486
4.07342
4.10368
4.20602
3.79590
4.11529
4.03704
4.05408
4.21362
3.42590
3.46580
3.97661
3.88698
3.93491
4.33138
4.37196
3.33213
3.64595
3.87178
3.02606
3.96080
1.77971
1.55345
4.24836
3.91764
4.17289
3.62288
3.63995
3.59042
3.91339
2.75597
4.09864
4.25819
4.24748
3.85911
4.14825
4.10483
4.37417
4.01125
3.18967
3.78971
3.90242
3.54169
3.85978
4.22879
4.35412
2.63487
3.59300
4.38061
4.32392
2.31773
2.27185
3.66252
4.16543
3.79873
4.23815
4.08145
3.31513
4.32193
4.32260
4.20337
4.40261
3.99783
2.63590
4.18972
3.89632
4.20866
4.20363
4.21553
3.11147
4.30519
4.07757
3.51407
4.26425
3.71328
3.96301
3.84264
3.80847
4.26377
3.15677
3.65544
2.22106
3.81419
3.36967
3.68630
4.01684
3.77292
3.41592
4.13880
4.10281
2.53653
4.05208
2.03407
4.04398
4.12231
3.98160
2.99357
4.26987
4.43192
4.14981
4.31822
3.77960
3.47791
2.69706
4.21016
4.35616
4.32277
4.18400
3.71115
3.79612
4.10268
4.03251
3.38500
2.54578
3.81104
3.82787
3.80500
4.27571
2.51113
3.68240
4.22994
4.03003
2.09592
4.38585
3.78700
3.57424
2.36142
4.03417
2.38905
3.99169
4.00727
4.16444
3.63606
4.40325
4.23368
3.64917
3.90929
4.10346
3.08965
4.29358
3.70527
3.98819
4.03259
4.29711
3.87434
3.31869
3.89502
3.60043
3.92643
4.07306
4.41242
4.30433
4.11145
4.21677
4.35843
4.03150
3.52395
4.13259
4.28890
4.06950
4.25458
4.17469
4.06300
3.84188
4.10366
4.31846
4.05183
3.77353
4.36020
4.37494
4.36991
4.23749
3.96278
4.26558
3.84097
4.09444
4.27509
3.72039
4.05441
4.33990
3.78212
4.05934
4.28011
4.00490
3.60270
4.06751
4.37210
3.51773
4.11986
3.51009
4.17588
4.10920
4.16872
3.73580
4.31581
4.24015
2.80439
4.07173
4.19460
2.37043
4.22751
3.72335
4.11759
3.15507
3.82234
3.20919
3.74521
3.80596
4.27691
4.31404
3.02882
3.82928
4.01542
4.16759
4.17333
4.30743
4.00614
3.95647
4.00928
4.26672
4.06228
3.80400
4.01454
3.95378
3.83641
3.76903
4.02521
1.94837
3.91699
4.28687
3.74049
3.84734
4.08897
3.96983
2.48469
3.64351
4.00744
3.98168
3.80744
3.88365
3.93296
4.23908
4.31856
3.92216
4.12037
4.16288
2.70239
4.40941
3.49290
4.32108
3.42872
4.15491
3.05859
3.53789
3.75166
3.66581
4.23635
4.12599
3.95076
4.21712
4.38580
3.95225
4.08429
4.19087
3.72744
2.70524
4.02381
4.06399
4.17870
4.21535
3.98790
4.22667
4.18174
4.04529
3.29484
4.01351
1.87033
3.10993
4.10388
3.21003
3.94166
4.24390
3.29996
4.31216
4.24999
3.88415
3.83328
3.98762
4.03187
2.76878
4.12152
4.25838
2.29314
2.65698
3.88804
4.23961
4.10503
4.13418
4.38271
4.11688
4.03942
3.93185
3.30765
3.79389
4.34694
4.10463
4.06427
3.95077
3.86908
3.83740
3.06445
4.33596
4.26373
4.25389
4.07656
4.24034
4.20417
3.88406
4.25293
3.67924
3.87037
4.09739
3.81331
4.41953
3.77726
4.14170
1.89113
4.01249
4.24243
3.90655
4.18151
4.14211
4.17594
4.26022
4.09468
3.44761
3.99583
4.10260
4.24899
3.83229
4.06966
4.32578
4.07001
3.84860
3.96034
4.02807
3.91982
4.33018
3.88123
2.31245
4.04837
4.09639
3.32185
3.91861
4.19365
4.08973
4.20326
4.16523
4.09659
4.20677
4.28594
3.69318
3.89035
4.30207
4.28337
4.23278
4.33047
4.19513
3.80042
3.24540
4.14533
3.67634
4.10951
4.36889
4.29276
4.14146
4.23842
3.81455
4.19858
4.27670
4.02460
4.17868
4.12822
3.64347
3.94782
4.32989
4.02573
2.71329
4.11300
4.22131
4.14175
3.14236
4.00165
3.62780
4.15820
4.02759
4.28090
4.30233
3.83179
3.98133
4.27760
4.33359
4.22753
3.58301
4.29469
3.96751
4.04487
3.93121
4.09595
4.11306
3.15281
4.17960
4.11053
3.39213
3.73376
4.19750
4.31027
4.21966
4.22576
4.27186
4.39957
3.83657
4.18607
4.13420
4.27720
3.52857
3.71963
4.04336
4.26802
4.35603
3.71335
4.30755
4.24345
3.91977
4.06546
4.32502
4.13011
4.13375
3.70487
4.39393
4.07654
3.91437
3.99518
4.38289
2.26010
3.91952
4.19494
3.90217
4.28438
4.31616
4.33353
4.07863
4.17882
4.36027
4.29612
2.77449
4.18919
4.34009
3.82762
3.99285
3.66207
4.09500
3.61302
4.19610
4.31363
4.21602
4.04001
4.31756
4.10794
4.18715
3.93377
3.87571
3.86534
2.76449
2.88217
4.32416
4.19178
3.77007
3.77361
4.26323
3.49927
2.05925
4.10591
2.22504
3.73683
4.14231
3.78283
4.02555
3.66697
3.84423
3.85148
4.22261
4.35325
3.66732
4.04017
4.11911
2.74307
4.27420
3.91756
4.20262
3.68368
3.42924
3.69986
3.31787
4.34721
4.13090
3.87957
4.11117
3.56688
4.23902
3.90822
3.99431
2.59472
3.85908
3.62770
2.11750
3.90142
3.27765
2.97933
3.65619
4.21637
3.74525
4.23708
4.03054
4.15072
3.88806
3.59779
2.22063
2.76065
4.06081
4.00094
4.11145
4.23046
3.65461
3.90008
3.69479
4.14060
2.67782
3.86281
4.16541
3.99192
4.08095
4.05686
3.73187
4.26982
4.25472
3.85702
3.35646
3.94106
3.11283
3.67875
3.43010
3.94109
3.89914
4.19132
2.74756
4.02172
4.11834
4.09868
4.32045
4.31817
3.04543
2.50613
4.17295
3.71894
3.81437
3.85108
3.94740
4.31017
1.28192
1.87550
3.86132
4.36286
4.08516
4.12117
4.31450
3.17118
4.06494
4.26309
3.90934
4.30562
4.25254
4.30716
4.14135
4.15793
4.05216
4.28720
4.09349
2.38980
3.98257
4.15274
4.02588
2.50839
3.61434
3.97278
2.34268
3.28588
4.12592
3.72186
4.11302
4.22572
4.29601
4.25562
3.84735
4.06154
4.21894
3.78924
4.20675
3.56715
4.34381
3.35258
3.41686
4.20602
2.73377
4.08715
3.74910
4.15355
4.21413
4.07746
4.05519
3.63234
4.18980
3.57926
4.19143
4.17170
3.38696
4.09791
4.11300
4.31242
4.23527
3.97287
4.09819
4.25591
4.26016
4.08368
4.02304
3.69592
3.89252
3.74178
4.26127
4.06330
4.19441
3.56064
3.94900
3.85788
4.03309
3.99811
3.75748
4.17451
4.20246
4.22482
4.18044
3.85668
3.80989
3.99560
3.29477
3.63641
2.84695
3.78126
4.15537
4.02917
4.34675
4.15642
4.29365
4.14836
4.17102
3.78214
2.87198
4.19976
3.87282
3.99400
3.86398
3.99122
4.24001
3.90765
4.28555
2.51074
2.74797
4.31752
3.54858
3.93773
3.86282
3.98987
4.10663
4.24748
4.38296
4.07895
4.19641
3.60949
3.57828
4.07871
2.68416
3.94813
4.07288
4.12657
4.28017
3.88786
4.10707
4.32650
4.22092
3.93601
3.73729
3.38932
4.17968
4.26350
3.91845
4.21910
3.17336
4.09989
4.08864
3.39178
4.16771
4.26156
3.92044
3.07995
4.07887
4.25547
4.25649
3.75672
4.06731
4.02286
4.36849
4.20548
2.92036
4.13067
3.10148
2.74110
3.97084
3.86221
3.62337
2.04577
3.83555
4.24175
3.98052
2.37900
4.40707
3.98935
3.35107
4.27875
4.26931
4.22458
4.02060
3.89980
3.68207
3.93139
4.11321
4.19703
4.35639
4.20329
2.94572
4.20781
3.75218
4.33840
4.33368
3.82495
2.62966
4.23524
3.97144
4.05687
4.05604
3.78961
3.85701
4.01232
2.14576
4.06344
3.77364
3.95403
4.20094
4.10767
4.20430
4.04781
3.87316
2.19223
3.71780
4.12708
2.46277
3.39294
4.26123
3.93763
4.25024
3.88097
4.19823
4.24138
3.82530
3.30398
4.33258
4.07979
4.08893
4.18249
4.34952
4.17969
4.32971
4.13560
2.66322
4.14477
3.88721
3.69786
4.06629
4.20609
3.77815
4.00526
4.06142
3.91425
4.29128
3.98226
3.97336
4.12976
3.80584
4.03387
3.51739
3.98524
4.16739
4.26959
3.99752
3.91049
4.21934
1.71756
4.35077
4.00809
3.92043
4.18420
4.35065
4.31337
4.20256
4.34353
3.40778
3.83330
4.17055
4.07677
3.71166
3.42825
4.29983
3.41609
4.04194
4.38484
4.11606
3.81426
4.33940
3.94655
4.04938
3.21860
3.15958
4.21471
4.00414
3.84993
1.11134
4.03348
3.91098
2.84686
4.03417
3.69144
3.62646
3.28288
4.31922
2.59897
3.78400
3.58454
4.31343
4.37694
3.67834
3.33985
4.20848
4.30813
3.79284
4.15706
3.65304
4.23263
4.39071
3.94029
4.25740
4.06403
3.97966
1.76326
3.89689
4.24363
3.98393
3.92479
3.74774
4.15911
4.04934
3.69102
2.87377
4.25592
4.31128
4.11330
4.24444
4.08293
4.15599
4.10455
4.03046
3.68743
3.39485
4.36539
4.07139
4.34785
2.93847
3.96876
3.31125
3.61169
4.42564
3.80958
4.36355
4.32840
4.02614
3.92648
3.64422
4.27043
4.22900
4.05430
1.79037
3.76272
4.21362
4.21743
4.01296
4.20056
3.61883
3.84572
4.17853
4.02841
4.06558
2.32965
4.04056
3.97497
3.94857
4.07863
3.96977
4.20413
4.07344
3.74229
4.40825
3.30953
4.18333
3.82737
4.45858
3.74232
4.24923
3.37711
3.78539
3.72975
2.66478
4.20278
3.94667
3.28054
2.09624
2.32909
2.47381
4.06903
4.37565
3.97693
4.18731
4.37151
3.75962
3.80505
2.52026
3.52855
2.28127
3.89769
4.15991
4.08225
4.12409
4.12760
4.03363
3.82232
3.98259
4.09142
4.36315
3.31612
3.13407
4.15143
4.36357
3.50426
4.28534
4.00774
3.89425
4.40317
4.23067
4.02376
3.77345
3.64886
3.19712
3.93245
4.30282
3.90697
4.25920
4.35248
3.70622
4.18278
4.25018
4.17658
4.18091
2.44654
3.92693
3.63819
4.13038
4.10739
4.32171
4.37940
4.10072
3.90533
3.54800
3.82133
4.29178
3.29058
3.87483
4.27651
4.25797
4.17549
4.29221
2.97904
4.05995
3.79009
3.47059
3.83648
4.39921
3.58724
4.09279
2.43748
4.13165
2.59440
4.02868
4.30216
4.07624
4.04793
4.14779
3.99412
4.15060
3.96656
3.85106
3.93561
3.84572
4.15244
3.95520
4.24916
4.07279
4.24772
4.22851
4.19129
2.31912
4.26916
4.23647
3.15534
2.97282
4.08189
4.23431
4.07129
4.28054
4.22973
3.67273
4.45090
2.68358
4.07252
4.20354
4.35697
3.75196
4.08347
3.92440
4.11854
3.56718
3.36100
3.93970
2.37898
3.92229
4.25469
4.34401
2.02846
4.42188
4.21675
3.52759
3.89577
4.18628
4.16948
2.49201
3.99675
4.31101
4.13235
4.37385
1.41241
4.13077
1.63262
3.61020
3.81248
4.11878
3.41029
4.28464
3.84473
4.20132
3.04354
2.64493
4.17741
4.08873
2.99531
2.05692
3.37822
3.83955
2.80071
4.17309
3.22994
4.07299
4.19475
3.36656
4.18203
3.66360
4.45583
3.75217
4.08076
4.31017
3.80744
3.80926
4.19526
3.96561
4.38493
3.19795
2.92756
4.23025
4.00058
4.24927
3.65564
3.92635
4.21624
4.20946
4.22758
4.13939
4.20144
3.85286
3.39940
3.75998
3.75445
2.32109
3.96162
3.94929
4.13155
4.00260
3.82178
4.23174
3.77734
4.25230
3.93742
3.88232
4.13884
3.80809
4.04387
3.78240
4.15388
4.06037
4.25983
3.90962
2.84491
3.73902
3.85789
4.09893
3.30855
1.86186
3.75086
4.28585
4.19739
3.70649
4.09690
4.25497
3.94742
3.75379
3.69732
4.01555
1.68172
4.34404
4.21778
4.18463
4.04238
4.19273
2.62585
4.02525
4.36518
4.27833
3.81951
4.24382
3.86644
2.40139
4.31132
4.01593
3.58082
4.02822
4.16547
3.40398
4.21095
3.85024
3.66667
3.59313
3.88853
3.28587
4.02199
3.99939
4.32788
3.94468
3.18083
3.31085
3.13120
4.40157
3.07891
4.20800
4.19335
4.31986
2.81316
3.88064
4.07972
4.28606
3.35932
3.89640
4.20253
4.16196
3.76235
4.09229
3.95002
3.89035
3.81484
3.57461
2.74400
4.20625
3.11613
3.51097
2.90839
4.14499
4.13939
4.31663
3.97887
4.25111
4.27802
4.26797
3.36076
3.91291
3.10515
4.24858
4.40676
3.87920
4.33582
3.83690
4.28607
4.14102
3.85878
4.28696
3.20896
3.70509
3.28150
3.83809
4.18163
3.85258
4.42182
4.28235
3.95428
4.30444
3.71818
4.40290
4.29327
3.85172
1.97331
4.40612
3.98184
4.15596
4.21224
4.32752
3.48271
3.89768
4.12901
4.10416
2.65433
3.83297
4.10835
3.74847
3.95791
4.29500
3.79235
4.10360
3.17929
4.19583
3.77950
3.25043
4.00576
3.85651
3.60744
3.36829
3.95998
3.82390
1.67045
3.64962
3.47890
4.30670
4.15024
3.80711
4.21393
4.09636
3.35305
4.29692
2.67225
2.79762
4.00755
3.40315
3.99141
3.70685
2.56241
4.30459
4.21204
3.85671
2.95173
3.91173
4.02859
2.73541
2.88071
3.10572
3.59008
4.14454
4.16763
3.34161
4.12148
4.27257
3.78879
4.01972
4.32569
4.24209
3.95631
3.86347
3.37433
4.27465
3.82139
4.30364
3.43701
2.45227
4.33098
2.61868
4.08885
4.20329
4.05072
2.91284
1.72810
4.36668
4.17661
2.99143
1.74972
3.62920
2.71355
4.29738
4.04081
4.15515
3.71529
4.15413
4.04801
3.26209
3.88323
3.97532
3.29014
4.09438
4.21785
4.27477
4.41610
3.65321
3.83455
4.00467
3.78912
3.80874
4.15619
3.91774
3.80677
3.92894
3.37439
4.22509
4.08001
4.38249
4.31910
3.67713
4.04439
4.22215
4.23902
3.48318
4.01818
3.55380
4.30550
3.84551
4.10932
4.22671
3.62434
4.19983
4.23636
4.16525
4.30156
3.57923
3.64431
4.23244
4.03802
4.17554
4.35468
4.23497
3.93281
3.82980
3.82211
4.01627
4.07843
3.71399
4.34559
3.69883
3.72270
3.37217
4.15421
3.92101
4.04519
3.94393
4.24642
4.30413
3.09753
4.21002
4.20394
4.12186
4.26715
4.23544
3.98338
4.21411
3.66419
4.37650
4.07336
3.91674
2.48805
4.35016
4.01818
4.12558
3.41689
4.07671
4.20845
3.46656
3.87733
3.78682
4.08079
4.04155
3.87071
4.01373
3.89054
4.18847
4.29378
3.99444
4.21143
4.11013
4.08501
2.25090
4.01328
3.98662
4.13559
4.01289
2.15486
3.99095
4.23840
4.30156
4.23482
4.20825
4.07241
4.28580
3.96137
4.00763
3.60407
3.67336
3.46050
2.38256
2.89883
3.78263
4.30496
4.22907
2.64346
4.24106
4.28205
3.78368
4.16156
4.16689
2.80440
3.99973
4.35265
3.46119
4.06734
3.27472
4.33585
4.09604
4.13337
4.00450
3.74905
4.18618
3.59814
4.14558
4.34463
4.36836
3.91941
4.29973
4.24304
3.58417
2.77658
4.25102
3.64631
2.86034
4.34529
4.23448
1.93532
3.79827
4.24730
4.10575
4.13117
3.41265
3.74533
3.68484
4.10810
4.11290
4.22560
2.71147
3.67880
3.95383
4.00708
4.17859
3.39170
3.19586
4.40046
4.22192
4.13634
4.10209
4.01125
4.01616
4.20700
4.26665
3.31112
3.99125
3.38945
2.26473
4.15128
4.25794
4.26085
3.98305
3.58720
2.40120
4.20149
4.19582
3.98879
3.78059
3.46980
3.93211
2.92101
2.27010
3.74649
3.27279
3.87004
4.13727
2.64805
4.15117
4.17145
4.37049
4.10939
3.76186
3.11266
4.24017
3.38870
3.93915
3.88084
3.58589
3.51536
4.00393
4.08430
3.70206
3.96511
3.52648
4.29075
3.68952
3.70348
3.85845
2.97620
3.90657
3.88698
4.09507
4.10758
4.35064
4.34509
3.69716
2.56228
3.74767
3.98661
3.96073
2.71033
4.10955
4.10151
4.27991
3.50232
4.33563
4.03720
4.19579
3.90088
4.21165
3.56584
4.13598
3.75473
4.30431
4.06684
4.40386
4.18339
3.93181
4.16653
3.93879
3.97223
3.76130
4.33266
4.19222
4.15808
4.36903
4.24363
3.97213
2.84457
4.30569
3.76983
2.98174
3.79288
3.80062
4.19263
4.40346
4.01566
4.22253
4.15718
3.97154
4.11794
4.15352
3.41981
3.88872
3.97969
4.15491
4.36775
3.73992
4.17743
3.66207
2.94177
3.74195
3.95214
4.26128
3.81172
3.72612
4.34334
3.94210
2.97615
4.33610
4.01571
3.95467
1.83872
4.23836
3.49720
3.75556
4.03324
2.92161
3.87886
3.81933
3.82828
1.80700
4.02735
4.34594
3.73950
4.14730
4.18154
3.90600
4.36537
3.22700
4.24483
3.97162
3.96957
3.47816
4.28007
3.88723
4.13125
3.95819
3.90590
3.43312
3.98872
4.09182
4.15880
3.81265
3.39947
4.26146
4.36842
3.90059
2.41131
4.12509
4.29291
1.55915
4.31168
2.72322
3.74554
2.60276
3.42224
4.06402
4.19429
4.27763
3.12890
4.19139
4.15471
4.10190
3.90002
3.09797
3.65300
2.58015
4.20824
4.34588
3.88600
3.93904
4.19810
4.08226
3.75323
4.23245
3.20119
3.04367
3.21596
3.65517
4.33210
4.13038
4.05491
4.38601
3.41514
4.25944
4.09716
3.39377
3.99522
4.18332
4.14865
3.78342
3.89028
3.99326
4.09270
4.18550
4.22623
4.27744
3.83435
4.36627
4.26879
3.55435
4.22642
4.02058
4.25710
4.02996
3.93468
3.98290
4.04465
3.83351
4.19381
3.86328
4.04890
4.14083
3.35916
3.96349
4.07991
2.72215
3.13736
4.00327
3.31945
4.26039
4.08109
4.20331
2.65428
3.97864
2.93892
4.06013
3.94545
3.28091
3.67283
4.02612
3.85128
4.20698
2.93905
2.36715
4.01950
4.27902
4.05354
3.62024
3.96793
3.37610
3.63283
4.00211
3.80079
3.65748
4.08522
4.18981
4.19373
4.36602
4.18990
3.17530
2.29913
3.87815
3.75400
4.15899
4.23741
4.16685
3.96345
4.07981
4.01452
3.31543
4.19504
3.97099
3.50045
4.05641
4.39098
4.11148
2.65864
4.10654
3.27221
4.28051
3.93713
3.05529
4.21738
3.63348
4.18459
4.16856
3.87153
2.90059
3.97083
3.80801
4.25192
3.92512
3.92752
4.33278
4.00910
4.26444
3.76209
4.15308
4.15038
4.25816
4.06992
3.92325
4.19769
3.79943
3.99825
4.14874
3.91670
4.06423
4.34884
4.20260
3.99999
4.13073
4.16779
3.75338
4.01997
4.05110
4.12449
4.32483
3.74538
3.72553
4.16769
3.64312
2.65142
3.99848
4.24537
3.50317
4.12358
4.05395
3.07543
3.96685
3.48050
4.21624
4.07241
3.26600
3.12201
3.77472
3.98430
2.99355
4.20045
3.83733
4.37194
3.33107
3.66934
4.02679
4.31665
4.12190
4.32273
4.40604
4.21467
3.63251
4.19085
3.97953
4.09735
4.17349
4.38519
4.09153
3.73477
4.21668
3.55157
3.87202
2.71220
4.16906
3.74147
3.88765
4.01159
3.27421
3.97406
3.88419
3.97855
2.87847
4.19707
4.21991
2.62646
3.50673
4.37711
4.00945
4.21469
4.34580
4.09997
4.26099
4.15269
4.17789
4.23637
3.62913
3.54168
3.72247
3.94167
4.12096
4.18262
4.06485
3.77468
3.84007
3.28617
4.32394
4.02098
4.26889
2.85176
4.18310
3.79872
4.00861
4.20852
4.15022
4.20727
4.16354
3.59000
3.72571
2.11111
3.67598
3.31352
3.10949
4.16078
4.04343
3.30936
4.21820
4.28836
4.27273
3.56613
4.30318
3.66959
4.16024
4.00085
2.91328
4.22077
4.26619
4.21010
3.91716
4.13277
3.82725
4.29452
4.35666
3.97085
2.40329
3.74878
3.42671
2.90336
3.57718
4.33814
3.98485
3.94583
3.89743
3.86271
2.85034
3.66181
4.17180
4.21364
3.47525
4.26493
3.71790
3.67805
4.27122
4.01538
3.90359
3.97015
4.13491
4.18706
3.15857
4.07180
4.19958
1.73804
4.25367
4.01182
4.11639
4.40750
3.68469
4.23071
3.98858
3.86908
4.14389
3.70017
4.37699
4.37467
3.95174
4.08403
4.04505
4.15238
4.17575
3.96708
4.19440
3.76633
4.25892
4.30940
4.29819
3.87016
3.70395
4.20561
4.32703
4.32782
4.44332
2.47867
4.36800
4.29732
4.24407
4.25432
3.94326
4.30257
4.23341
4.22284
4.09948
2.13466
4.09762
3.87745
3.53929
3.21551
4.08205
3.89193
4.18919
4.28653
4.11168
3.33547
3.98294
3.69246
4.30019
3.50838
4.04938
4.23631
4.25883
3.23313
4.27030
3.81475
3.75180
3.94499
3.38462
3.96502
3.87650
4.22642
2.63380
2.08285
3.23959
3.91803
4.23694
3.00908
4.17545
4.21466
4.34410
4.13737
4.20421
4.07226
4.14308
4.12248
3.53183
3.36067
4.07337
4.22305
4.34189
4.32834
4.36103
3.86072
4.20143
3.56048
4.38971
4.21017
4.17259
3.17969
3.84315
3.17297
3.84221
4.07594
3.66019
3.98601
3.81310
4.18812
4.27607
3.69108
3.94265
4.30681
4.27455
4.14352
3.98590
3.66284
3.77578
4.31854
3.81088
3.47993
4.06834
4.14847
4.24560
4.07283
3.02566
4.16381
4.14277
3.02070
4.03313
4.17671
3.39712
4.44365
3.85069
4.13428
4.23454
4.27627
4.21935
3.99819
4.01345
3.42794
4.24262
3.39850
4.30731
3.62426
3.44940
2.85945
3.92086
4.04760
4.31083
4.13760
4.28529
2.72307
4.34145
4.35097
3.87716
3.95384
3.59614
2.51747
3.46596
4.30693
4.34354
4.11290
3.98751
4.15821
3.93961
2.61953
4.25965
4.01388
1.94914
4.12784
4.13594
4.30370
4.25682
4.06759
4.16659
3.60363
3.90109
3.77377
3.66895
4.14014
4.10551
3.86389
3.56210
4.16105
4.39682
3.05977
3.84141
3.82148
3.92310
4.24124
4.16160
3.77334
4.29580
3.66430
3.81618
3.73665
4.39122
4.23459
4.02855
4.33996
4.18398
3.61870
3.92742
3.76974
3.28309
3.68550
4.26833
4.09004
3.95881
4.28152
4.18223
4.26351
3.85096
4.18564
4.06054
4.06511
3.99697
3.45420
3.80845
3.90150
3.92497
4.34590
3.10903
3.83937
4.33480
3.50620
3.15972
3.69359
2.00400
4.21685
4.30513
4.30032
4.22664
4.11420
3.28465
4.20745
4.18144
4.14344
3.62007
4.28582
3.65077
4.14579
3.83591
3.41914
4.06446
4.30066
2.52382
3.83337
4.01794
2.05351
4.07574
3.43565
4.33515
4.19714
2.48370
4.32737
4.09341
2.07469
4.34625
3.39212
3.87314
3.23233
2.88504
3.54574
4.29393
4.21613
4.26736
4.02371
4.04134
4.19332
2.58513
1.91955
4.15484
4.36164
3.46714
2.46460
4.06540
3.76160
3.30186
3.90099
3.75759
2.96064
4.27217
4.13063
3.11247
4.19879
4.28772
3.57802
4.13940
3.97363
4.17196
4.19705
3.91490
2.40010
4.28571
3.99054
4.21640
4.14519
4.26572
4.18065
4.21482
3.17550
4.29069
4.29581
3.94836
3.99519
4.10054
4.09537
3.90392
4.00541
4.28179
3.28456
4.36685
4.25048
4.07374
3.93601
4.16430
3.73490
4.30693
4.02620
4.02022
4.07197
3.85316
4.33619
4.36160
1.82180
4.14705
3.60730
4.19124
4.43527
3.75480
4.25591
4.31536
4.26261
4.15539
2.41652
4.03752
3.45806
3.80932
4.12554
4.34338
4.41166
4.28936
3.57531
4.00479
4.30318
4.36224
3.73161
4.18131
2.89332
4.20827
3.91839
4.27667
1.77325
4.18321
4.42297
3.75842
2.69433
3.30426
1.31386
2.30909
4.32120
4.24502
4.26848
4.11195
4.35032
2.61679
3.67273
3.44817
3.98858
4.10351
3.72542
4.05943
4.10229
3.80078
4.38042
4.38502
4.28325
3.85049
3.88543
4.24137
3.78679
4.32880
4.08346
3.29022
4.34185
4.23284
4.07035
4.31493
3.97527
3.78521
3.99437
3.31692
3.67110
4.27725
3.82889
3.89028
4.03382
3.77821
3.40043
3.93399
4.00958
4.42811
4.18216
4.33249
3.87363
4.33165
3.88827
3.79293
4.22147
4.30146
4.30679
4.37242
4.05320
3.78469
3.10418
4.09176
4.11493
3.26484
3.76894
4.31976
2.17594
4.43086
3.64116
4.34729
4.25874
4.18921
3.67242
4.28173
4.18687
3.91072
4.26387
4.32587
4.09506
3.45284
3.76464
3.42797
4.25736
3.49886
4.24301
3.90978
2.54499
4.35433
4.04252
3.90441
3.87008
4.29430
3.55799
3.83241
4.11422
4.22677
3.96711
3.92578
4.20849
3.64836
4.19119
4.27222
2.52585
3.71072
4.27118
4.27787
3.65149
3.84165
4.27327
4.22434
3.99269
2.63413
4.14963
4.34266
3.50304
4.30612
4.02004
2.78847
4.34635
4.37983
4.22363
3.39169
4.15818
4.24246
4.16651
3.98304
3.86881
4.23400
3.71958
3.94644
4.00160
3.88298
4.07879
4.19116
3.95927
3.62820
4.33158
4.09717
4.06745
4.35418
3.93754
3.95033
4.14141
2.85077
3.81555
4.34224
4.10036
4.00177
4.28576
3.23822
3.73861
4.34630
3.84702
2.77670
3.89008
4.16381
4.04641
4.08664
4.00153
4.08223
3.42051
4.07043
2.98884
4.21280
3.69141
4.17983
2.30749
3.71273
4.29895
4.26189
4.05381
3.93810
3.54075
4.09987
4.18663
1.68951
3.74811
4.19762
3.71607
4.07247
3.61119
3.32693
4.00271
4.04148
3.68259
4.18129
4.03233
4.25485
4.18387
3.87091
4.26173
4.34250
3.94761
4.22959
4.06431
4.03401
4.06667
4.23888
3.87135
3.63508
3.98715
3.55916
4.27187
4.14258
3.92620
3.94562
4.00248
3.72786
3.80612
4.05318
4.31928
4.16115
4.09570
3.35230
3.93224
1.99978
3.67016
2.17946
4.21862
4.25549
4.21553
3.01907
3.92895
3.93265
1.56166
4.17202
4.09443
3.84368
4.16958
4.19592
4.15908
2.91368
4.13478
4.16544
4.13462
3.59323
3.78904
3.92934
4.10683
4.31547
3.81929
4.07430
4.05786
3.98255
4.26445
4.05838
3.75055
4.21496
4.24086
4.28429
3.13798
3.85223
4.27724
4.16301
4.03668
4.28280
4.07907
4.36489
3.57595
4.33791
4.09365
4.17517
4.00506
3.55728
4.25288
4.38975
3.77422
3.95407
4.11570
3.77952
4.14052
4.10784
3.59601
4.05397
4.39427
4.18155
3.75796
4.35822
4.01374
3.88262
3.79948
1.77734
4.16378
4.17811
3.95230
2.23769
2.77330
4.09804
4.33100
3.98149
4.19833
3.40541
1.63723
3.35960
4.17860
2.53883
3.96129
4.25714
3.75241
4.13925
4.01081
4.06169
3.39185
3.40227
3.95110
4.25704
3.97766
3.32134
3.96962
4.24883
4.29925
2.93401
4.01468
3.35655
4.36581
4.16197
4.20473
3.88534
4.26130
3.95661
4.05925
4.21047
4.22558
3.77079
4.08542
4.05419
4.03122
4.17692
2.84617
4.27858
3.85026
4.25778
3.70192
3.88706
3.29706
4.29397
4.26065
4.28896
4.12980
4.20331
3.78038
4.09708
3.87852
3.89073
3.95380
3.94033
4.11996
3.30999
3.87756
4.26317
4.29942
4.25658
4.24416
4.16673
4.42012
4.12502
3.80477
4.17253
4.18202
4.22677
4.30464
4.31942
4.20084
4.00277
3.85155
2.23097
4.37664
3.94361
3.80357
2.81757
3.68173
3.88219
3.83722
3.23928
4.08777
4.22951
3.48025
3.92206
3.64685
4.33305
3.48695
4.13097
3.84350
3.67034
3.12331
3.98764
3.09075
4.17118
3.94116
3.94230
3.86837
4.32762
4.42565
4.40356
3.51802
4.27055
3.74319
4.29870
3.48098
4.03135
1.98450
4.05344
4.13052
4.15537
3.90596
2.81570
3.97665
4.08049
4.11956
3.34921
4.16525
4.13308
4.27350
4.09276
4.10784
3.43187
4.10378
4.18685
4.33003
3.56609
2.82399
3.21745
3.84273
3.90906
3.78629
4.09928
4.13426
3.99151
4.25197
2.07901
4.25839
3.69127
3.22553
4.15506
4.18894
4.18954
3.82907
4.15173
4.06025
3.99902
4.23562
3.51143
2.28442
3.09745
3.74202
4.38326
4.11240
4.31384
4.06263
4.22259
4.29392
2.82667
3.92175
4.33027
3.94885
3.01512
3.45655
4.17787
3.82603
3.50865
2.75131
4.38880
4.25309
3.82580
3.63503
4.37645
3.85475
4.06598
3.75295
4.16867
4.22164
3.29230
4.20740
3.80306
4.26897
4.18507
4.20290
3.79474
4.13085
4.31880
4.22397
3.24410
4.18437
4.10163
4.35559
4.16147
3.61728
4.22995
3.94478
3.84797
3.91005
4.11573
4.40624
4.24898
3.78048
1.81810
4.03105
4.10212
2.86054
4.16470
4.10970
2.85941
4.02094
1.90480
3.98723
3.08577
4.18486
3.86652
4.09742
4.31437
3.20997
3.76716
3.93850
4.37360
3.68867
2.73674
3.99745
3.67547
4.34438
3.32653
3.96469
4.02930
4.28981
4.02305
4.21928
4.19144
4.16783
4.01684
2.24707
3.47149
3.83405
3.82627
3.79260
4.27662
4.08645
3.97660
3.98503
2.14085
4.37829
4.31052
4.24757
4.34801
4.38362
3.92173
3.84663
4.03753
4.12998
4.19527
3.83234
3.78414
4.30634
2.09491
4.34672
4.33016
2.43339
4.23892
3.30929
4.00608
4.19259
3.23755
3.90907
3.59147
3.87105
3.14649
3.97808
3.32166
3.72860
3.53390
3.75989
2.89363
3.48530
3.86136
4.33618
3.67670
4.33860
4.15436
4.15665
4.07176
4.16568
2.72107
4.19627
4.04403
4.04580
4.27105
4.08664
4.34014
4.24459
2.26549
3.64807
3.67593
3.92285
4.20084
3.46233
4.06599
3.95963
3.38181
3.73489
2.63038
3.86033
3.91374
4.09516
3.53842
3.95583
4.16625
3.76364
1.86855
4.27376
3.95728
3.42456
4.26367
3.86246
4.26640
4.30788
3.85211
4.36439
3.37828
4.16314
3.41027
2.53783
3.67168
4.04862
2.54829
4.16064
4.21291
3.82134
4.22784
4.24342
3.87252
4.00655
3.85995
4.20349
4.17302
4.20609
4.27481
4.14245
4.27353
4.15466
4.09097
4.01392
3.70339
4.32800
4.29099
1.35063
4.32221
4.27654
4.07734
4.21634
4.07264
4.23528
3.78057
4.08655
3.94768
4.08339
4.01058
4.04008
3.95216
3.84526
3.16795
3.59875
3.91156
3.37518
3.41564
2.37805
4.08659
4.11099
4.05939
3.27851
4.05896
4.37638
4.28571
4.31516
3.75287
4.00230
4.34957
3.99152
3.78754
4.14217
4.42056
4.07295
3.83280
3.41474
3.66818
4.01750
2.20061
3.92194
4.00306
4.14340
4.33656
3.81433
3.76478
4.09196
4.30148
4.11825
3.23378
3.37702
4.17952
4.18116
4.22662
3.88070
4.15792
3.99948
4.13599
4.16601
2.70248
4.26397
3.72163
3.58934
3.32815
2.99838
2.79721
1.55235
3.95760
4.24974
4.16852
3.80953
4.01542
4.19896
2.78808
2.58737
4.06784
4.27025
4.00280
3.96960
4.17321
4.28444
3.05891
4.01515
4.25605
4.20160
4.31997
4.24725
3.91049
1.80594
3.58103
2.32454
4.12697
3.61020
4.34458
4.05308
3.41646
3.47845
4.30711
3.93782
4.36770
4.08888
4.16297
4.17914
3.23784
4.29324
3.80821
4.23100
3.99470
4.22110
1.97145
2.50823
4.09214
3.37791
4.05276
4.26224
3.36110
4.31544
4.12631
4.29576
4.40710
4.24950
4.12201
4.17142
3.85949
3.93921
3.68323
2.54036
4.25097
4.25772
4.16908
4.30113
4.24259
2.26670
3.03780
3.91244
3.74024
4.16765
3.86912
4.36257
3.42888
3.71673
3.65696
3.67983
2.16222
3.17909
4.30651
3.84605
2.99698
3.93212
3.99895
4.16365
4.18182
4.20986
3.68358
4.26737
2.40282
4.31833
4.16586
4.25470
3.79804
3.76941
4.31223
3.49470
3.15634
4.13686
4.33170
4.01877
4.30280
4.08348
3.28791
4.30439
4.34281
4.32242
4.03817
2.98962
3.94462
4.18027
4.09952
4.32507
2.35249
2.63663
4.20718
4.06147
3.64665
4.09474
4.11576
4.30718
3.20802
1.79643
4.22739
4.10398
3.94666
4.25985
4.13439
3.99633
4.41703
4.13735
4.15935
4.26937
4.10125
3.85981
4.13945
3.96755
4.15584
4.21208
3.78538
3.98167
3.62185
4.02275
3.48180
4.22742
4.30526
3.63518
4.15126
3.99496
3.72347
4.38537
4.27307
3.45839
4.03323
2.92862
4.18871
4.21657
4.24214
4.23985
3.91143
3.63321
3.29581
2.33442
4.17483
4.25540
4.31837
3.87477
4.25224
3.88900
4.44338
3.53076
3.60245
2.77224
4.41010
4.34654
3.95168
2.98709
4.08065
3.87888
4.29455
4.14005
2.20503
3.91506
3.77602
2.70114
4.31576
3.67879
4.34369
4.10227
4.41211
4.12244
3.92373
3.38095
2.68941
3.63156
4.12542
4.21803
3.59874
3.67527
3.94529
4.30244
4.39428
4.35271
3.99401
2.75046
3.67722
3.20979
2.04156
4.29131
3.00024
4.15370
4.12411
4.23102
3.95098
3.48513
3.68007
2.40334
3.76132
3.39583
4.15222
3.56860
4.00941
3.52455
2.64261
3.53354
4.23538
4.17420
4.05534
3.92687
3.76916
3.95595
3.22012
3.91819
4.14512
4.35700
4.14162
3.93893
4.29780
3.51894
2.97786
4.33636
4.15587
1.85296
4.17273
2.79168
4.23649
4.07507
3.39388
3.66795
4.09137
3.98195
4.28770
4.19318
3.89951
4.11669
3.87480
4.10309
3.24164
4.44439
4.26993
3.98307
4.01030
4.33795
4.26699
3.98928
4.35334
3.38670
4.38009
4.14806
4.19736
4.19177
4.18240
4.12122
4.05247
4.14764
3.73198
4.04498
4.24052
2.28374
4.18017
3.24788
4.03916
2.81294
3.53612
4.15003
3.98340
4.24576
4.09625
3.44511
3.90728
4.23311
4.26207
4.20517
3.81338
4.05151
3.46469
4.18437
3.76397
2.25596
3.75009
4.30217
2.62677
3.92296
4.27201
4.02366
2.97845
3.73001
4.16330
4.04363
3.76293
3.93681
3.59542
4.17617
3.81228
2.52636
4.31251
4.28800
4.17447
4.37668
4.30169
3.85435
4.07621
4.21133
4.24719
3.75051
3.82818
4.32917
3.76316
3.80406
4.01850
3.58742
3.83749
4.09812
4.39715
4.37881
4.10006
4.03554
4.23919
3.55825
4.43022
4.12237
3.66854
4.14678
3.89310
4.26718
4.08886
4.03794
4.06261
4.36706
3.86679
4.07178
2.57938
1.89091
4.06872
3.81830
4.20597
3.88349
4.04953
4.11235
4.09732
4.29769
4.06169
3.68914
4.01292
3.18671
4.19645
3.98321
3.57562
3.95773
4.07613
4.30827
3.87942
4.02361
4.36145
4.17638
4.03298
3.73784
4.20476
3.77559
4.12563
4.30992
4.16303
2.87546
4.32650
2.94468
4.00255
3.18891
3.98249
2.83739
2.98686
4.08756
4.09993
3.54518
3.42741
4.13335
4.12471
3.82964
3.53685
3.87865
4.35591
4.28389
4.28287
4.05680
3.95483
4.18236
4.26604
3.84000
3.90541
4.19397
4.26634
3.66309
3.77526
4.09436
2.53257
4.23056
4.17718
2.93122
4.17438
3.76254
1.78365
4.00006
2.97135
4.27323
3.56634
3.83619
3.33160
3.99818
3.48025
3.48875
3.87695
4.34226
4.22086
4.08436
2.59975
3.99701
4.09924
3.73093
4.12726
4.24479
3.77024
4.37304
3.78425
4.12475
4.02279
3.74914
3.87515
3.77689
4.26923
4.31768
3.50088
2.70269
4.24728
4.17698
4.31229
4.01681
3.62297
3.51722
2.08494
4.33768
3.46872
3.96330
3.88048
4.21343
4.23424
4.14683
4.15768
4.03120
3.62607
4.05195
3.79958
4.12393
4.07640
4.23919
1.99940
3.82664
4.15353
2.37384
4.41661
4.16894
4.22728
3.78937
4.14017
4.31579
4.19583
4.23840
4.06308
4.00175
4.00947
4.05097
4.03009
3.66120
4.20961
4.05383
4.16390
4.41719
4.38404
2.37560
4.02169
3.45271
4.43080
4.22464
3.73471
4.03984
3.87732
3.06408
4.36093
4.36063
3.77162
4.13842
3.86268
4.20169
4.19861
3.87884
4.26977
4.31147
3.99305
4.18386
3.20551
4.22622
2.81390
4.22422
4.08075
4.26978
3.58334
4.18363
3.85762
4.01496
4.30477
3.84075
4.30593
3.85934
3.54653
3.49058
3.98616
4.27310
4.19887
3.76173
4.01805
3.80023
3.69472
3.90453
2.80825
3.98914
4.16788
2.93101
4.08280
4.13753
3.81984
4.10117
3.63388
2.30583
4.43224
4.28786
3.63840
3.36300
3.14985
4.44726
4.13923
3.96523
4.02676
3.93264
4.20706
3.56049
4.04387
3.78579
3.83063
4.05311
2.76639
4.21934
4.30831
3.86170
4.14661
3.13904
3.93548
4.19500
3.80751
3.80278
3.94423
3.94495
4.27590
3.53300
4.09748
3.86597
3.71537
3.76925
2.76220
4.25217
3.21809
4.30086
2.68902
4.34663
3.87167
3.63883
3.92197
3.76670
3.97096
4.33326
4.32392
4.24839
4.21463
4.05597
2.74539
4.30781
3.32214
4.34091
4.11590
3.59014
4.26740
4.29580
3.94499
3.54349
4.12451
4.25572
4.10024
4.02964
4.12315
3.87740
4.25184
3.83987
4.07731
2.25245
4.08768
3.93581
3.35528
3.96259
3.84812
3.20485
3.84640
4.10906
4.13141
4.20401
2.64434
4.19523
4.30049
4.01345
4.22169
3.61631
4.34173
4.25307
3.60786
4.33295
3.21705
4.03768
4.14068
4.19420
2.12743
4.36473
3.90052
3.00414
4.04851
3.43721
3.94405
0.92897
3.10824
3.87701
4.17327
3.90937
4.33724
3.97254
3.75487
3.96549
4.28521
3.98380
3.98215
3.85680
3.85194
4.00816
3.81767
1.75455
3.87956
3.71062
4.27787
4.05817
3.80315
4.19094
3.53372
2.44804
4.13292
3.92212
3.33623
2.78078
2.00838
4.24474
4.23611
3.45626
4.17076
3.32717
3.57446
3.65127
4.32148
3.94875
3.95208
3.95804
2.51529
3.82031
3.94002
3.30634
3.64616
4.15148
3.77298
4.16918
3.90921
3.90054
4.32320
3.57924
3.19944
3.55429
3.56177
4.10210
4.20258
3.78600
3.86933
2.67339
3.92273
3.80584
3.63914
4.09805
4.15996
4.31009
3.28051
4.17097
4.09569
3.93713
3.36116
4.25796
2.68894
4.18165
2.72271
4.22435
3.01548
4.12367
3.95630
3.83152
2.30572
3.86090
4.33264
3.75802
3.04838
3.98027
3.60923
1.99225
4.38189
4.03189
3.29481
3.96328
3.41278
4.39251
4.13611
4.13341
3.52974
4.24031
4.30343
4.19482
3.99315
4.14674
2.29745
4.02704
3.79167
4.10850
4.21334
4.24186
3.47953
4.23838
3.53171
4.25071
3.31648
4.02910
4.35542
4.02112
2.96526
2.66304
3.53480
4.21324
4.06687
2.93972
2.85786
4.13859
3.90285
3.59382
4.38640
3.73669
4.22720
4.15084
4.00263
2.71194
3.94634
3.77443
3.71469
4.07879
4.25178
2.36820
4.05319
3.98939
4.11785
3.60088
3.98178
4.01108
3.95387
3.83357
4.20740
4.16914
3.32942
3.94454
4.04622
4.07246
1.50213
3.94992
4.22341
3.94589
3.60338
4.06398
4.21320
3.75979
3.63648
4.12197
3.41044
4.22969
3.89164
3.74032
4.23271
3.41184
3.66248
4.17675
4.08564
3.61011
3.65326
3.88142
4.31641
3.43973
3.05523
4.05089
3.19973
3.55230
3.73575
3.42203
3.53321
3.96216
4.01560
4.09704
4.33370
2.37151
4.29808
4.01958
4.14511
3.61221
3.89019
4.15081
4.16054
3.80029
3.99132
3.44906
4.27057
4.21520
2.97144
4.15615
4.31584
4.05266
4.09865
3.29486
4.10610
4.30323
3.30595
3.90437
4.01939
4.08390
2.01367
3.29081
1.78955
4.28231
2.75953
4.14610
4.17945
3.70257
4.26054
3.00076
4.11322
4.21853
3.92462
3.98338
4.33910
4.21190
3.65855
4.05450
4.06472
4.05032
4.26459
4.15453
3.92202
4.13443
3.79011
4.20180
3.73408
3.94226
3.95911
4.04668
4.27135
3.82335
4.26837
4.11736
4.02299
3.75232
4.18187
3.54970
3.81814
3.94926
3.79687
4.34710
3.86130
4.20375
3.44969
3.60581
4.10680
4.25159
1.97158
4.08032
4.11710
4.25588
3.79311
4.00849
4.14314
4.15388
3.90148
4.22781
4.27143
2.23706
3.82272
3.49517
2.15280
3.74957
4.36762
2.59594
4.30521
4.19468
4.11355
4.27065
3.76862
3.93243
3.84153
3.20639
4.21954
3.92109
4.07569
4.13318
4.43952
4.11134
4.26361
3.89992
4.30448
3.88687
3.91736
4.19609
3.79934
1.19481
4.23927
3.91345
3.96423
2.66181
4.25262
3.80953
3.94966
4.12142
3.52041
3.74341
4.04122
4.23049
4.13043
3.98395
4.05780
4.31378
3.80816
4.30129
3.70445
4.20473
4.02199
3.93169
3.34329
3.41987
3.46145
2.41681
3.27197
2.01514
4.05914
4.06320
2.55596
3.95767
4.23077
4.32426
4.17752
4.14645
4.33881
4.19813
4.26349
4.02423
3.85586
3.78303
4.15092
4.19790
3.80474
3.92845
3.82571
4.26997
4.16301
4.24992
4.17637
4.07461
3.96592
3.31590
3.75016
4.22348
3.84860
4.05218
3.85485
3.84297
3.03459
3.95287
3.91598
4.09053
1.74690
3.61518
3.41628
3.75936
3.81571
4.18953
3.08252
3.19082
4.17123
3.26175
3.91081
4.17474
3.74450
3.02516
4.15556
3.78128
4.29115
3.53279
4.20270
4.20224
3.73883
3.64942
3.90711
4.17593
4.34018
3.82493
4.28963
1.87915
4.18058
4.15439
3.62585
3.76060
4.17205
2.50127
2.67176
3.98053
4.07312
2.54400
3.56438
3.86988
3.96560
4.24005
4.03806
2.06897
3.54317
4.33787
4.01207
1.86324
4.29732
3.61971
4.17920
4.28244
4.15047
3.77753
4.30922
3.86617
3.97710
4.32288
4.23029
3.92801
4.21312
4.34830
4.37960
3.17610
3.78039
4.20261
4.16815
4.20222
3.60731
3.80953
4.06048
3.82927
4.21666
4.02552
3.60813
4.33965
3.78658
3.56150
3.85554
4.28683
4.38520
3.97423
3.06089
4.28933
4.20958
2.92728
3.91779
4.34165
4.17949
4.02081
4.33442
3.39529
3.49510
4.07688
3.72840
4.32134
4.39260
3.43834
3.81538
4.38827
4.26833
3.90289
3.20110
4.12267
3.47831
2.83591
4.18605
4.12472
4.16757
4.05368
3.72215
4.25549
3.32577
4.08746
4.10030
4.07252
1.83434
3.97003
4.34091
3.57661
4.32143
3.29793
3.92398
4.16184
3.69931
0.85979
3.87235
4.23580
3.62268
4.08350
4.06434
4.02132
3.94684
3.95994
4.24264
4.23373
1.91223
3.93718
3.07904
3.26521
4.05520
4.10036
4.30414
3.62295
3.80815
4.16928
2.84763
1.96730
4.32402
3.96086
2.48052
4.15966
4.01580
3.45255
4.16550
2.89868
4.28011
3.70297
4.19554
4.10645
2.50370
1.89283
4.36996
4.11094
3.54013
3.62871
3.25882
3.88239
3.26746
3.09510
4.28754
4.27879
4.28645
3.60795
3.43013
3.74858
4.36495
3.71360
4.38484
2.28415
3.46541
4.24427
4.05540
3.55518
4.10837
4.15224
3.61198
4.01227
4.09437
3.92860
3.78630
3.70842
3.85878
3.35486
4.22581
3.77893
4.04813
4.07877
4.28626
3.68305
3.69939
3.90431
4.18202
4.16303
4.25292
3.85975
3.84941
2.58032
4.25465
3.99987
3.48647
4.04476
3.56524
3.73197
2.39152
3.95383
3.94298
3.68956
3.96165
4.35779
4.00651
3.09035
4.06012
3.64914
4.14256
4.25190
4.05217
2.47745
4.26076
4.33030
3.84933
3.75683
3.86737
4.30784
2.99679
3.59243
4.23922
3.90940
3.88144
3.59742
4.07755
3.81894
2.61271
3.86777
3.95922
3.91332
4.25806
4.03863
3.90776
4.33212
4.21446
4.23855
3.95689
3.69109
4.20386
4.28317
1.58564
4.21983
4.14779
4.20674
4.05805
4.25604
3.83524
4.11428
3.96924
1.99665
4.25187
3.30127
3.08546
4.32572
3.61545
4.19618
4.06863
3.97537
4.06132
4.13993
4.14660
4.06904
3.97580
4.17593
3.47263
4.05698
2.31535
3.38375
4.30966
2.05144
3.54020
4.06356
3.53084
2.47477
3.77307
2.57940
4.20786
2.51381
4.14043
2.30696
4.30738
4.17601
4.01622
3.77843
3.49418
4.14048
3.88107
4.36433
4.19823
3.28130
3.82449
2.60121
4.13129
3.77196
4.08635
3.86806
4.24856
3.21038
3.90131
4.28913
4.11410
4.18308
4.26547
3.75380
3.56189
3.99579
3.58301
3.57119
3.30983
3.79844
2.91263
3.57647
4.13650
3.82865
3.41613
4.25553
3.98068
2.55692
3.73885
4.25176
3.59647
3.79528
3.78895
4.27432
4.39086
4.08950
3.87411
3.76690
3.97578
3.84560
4.03487
4.35205
3.94654
3.97533
3.11211
3.89936
4.04347
4.15656
4.32427
4.29209
3.47487
2.59947
3.55428
3.60664
4.16819
3.96550
3.98452
4.22873
4.11421
4.01201
4.29559
4.26331
4.32622
4.07962
4.07034
2.88370
3.71889
4.35264
4.17600
3.98553
4.15842
4.02311
3.99981
3.92633
4.23266
4.16697
3.32452
1.41270
4.26412
3.83965
3.10479
2.93216
4.17983
3.93845
3.08011
4.33807
3.70445
4.17486
4.09912
4.04848
1.79751
4.25278
4.02619
3.84060
3.79639
4.34107
4.04560
4.26553
3.19067
4.33507
4.02883
3.85848
4.27933
3.74467
2.48369
4.00004
4.16163
4.16680
3.72310
4.24519
4.10924
3.73557
3.88617
4.06812
4.39896
3.58434
1.96380
4.29883
3.74938
4.38799
4.31490
3.83438
3.28292
4.25373
4.26091
4.23002
4.11070
4.27919
3.67250
3.80046
3.04305
4.24094
4.31995
3.86888
4.24442
4.10380
3.94995
3.42320
3.09968
4.07939
4.28686
3.96233
4.11993
4.32485
4.01931
2.21509
3.52273
3.01438
4.14210
2.10788
3.79436
3.19435
4.36360
4.15147
4.02089
4.15906
4.10130
4.28978
3.38951
4.36801
4.00099
4.06521
4.34976
4.09302
4.04143
4.23750
4.28076
4.32792
3.47535
3.89308
4.25756
4.17777
3.25038
3.78089
4.03494
4.26602
4.16663
4.29400
3.87867
3.54970
4.23724
2.69486
3.97304
3.97578
3.99084
4.13206
3.66169
4.11219
3.66807
4.32773
4.36031
3.63480
2.62989
3.79297
4.26314
4.22539
4.14875
3.55723
4.35048
4.08482
4.12252
3.47323
4.10046
4.17351
1.94865
4.08056
3.79762
4.17266
4.17641
3.70003
3.81162
3.78104
4.34737
3.89760
4.21648
3.95957
4.17775
4.05460
4.28264
3.69684
4.04783
4.29956
4.15691
3.79001
2.01589
3.89783
4.38798
3.32241
4.23991
3.75398
2.66371
4.16626
3.58221
4.04039
4.33637
3.45074
2.69332
1.84134
3.67840
4.15186
3.62737
4.07214
4.34288
4.22828
4.04373
2.27750
2.87392
2.92523
4.01009
3.87524
3.57714
3.80824
3.15147
4.01513
4.15846
4.01612
4.01364
4.34746
3.99212
4.05870
4.40188
4.21667
3.98861
4.20071
3.67308
4.07382
3.52519
3.80676
3.63881
4.32951
2.82577
4.21119
3.94775
3.70557
3.83436
4.00551
4.01661
3.81358
4.17742
4.10388
4.15252
4.09983
3.94725
3.98288
4.19508
3.47093
1.88839
3.27557
4.09644
3.90034
3.03240
4.03818
4.11185
3.75108
4.07897
3.26105
2.76299
4.17171
4.18484
4.05238
4.23300
2.98584
4.13023
3.84775
4.35592
4.11539
3.94338
3.99888
3.52821
4.15901
4.25075
4.16950
3.95726
3.61411
4.31976
3.28358
4.13377
4.00550
4.34363
4.01584
4.14139
2.23860
2.90287
4.35695
3.74910
4.12494
1.98068
4.10248
4.13936
3.90989
4.29291
4.37712
4.20240
3.54824
2.50622
4.33982
3.48703
4.11838
4.34238
3.87689
4.17749
4.22116
4.21587
3.81630
4.28432
3.81890
4.02051
3.97673
3.94928
3.99231
4.21650
2.79513
3.39767
3.00606
4.09644
4.12684
4.35498
4.12831
3.34138
4.01576
4.36599
2.53991
4.08738
3.70373
3.66353
3.15174
4.11297
4.33218
4.30384
4.04352
4.17947
4.28154
4.21802
3.15932
3.94888
4.32623
3.92604
3.94421
4.37767
3.47592
3.49857
3.92046
3.64901
4.11905
4.19960
4.27037
4.31716
3.57713
4.20850
4.14993
4.12052
2.39853
4.23607
3.70437
4.10126
3.86005
4.04392
3.40968
3.91456
3.77274
3.66455
4.02995
4.26499
4.24815
4.07638
4.31660
4.38911
3.90410
4.02388
4.23331
3.85150
3.57896
3.10124
4.27587
3.93677
3.66916
4.35323
3.61102
4.30878
3.89209
3.95808
4.12288
3.90163
3.57688
4.28277
4.09544
4.45309
4.14435
4.07703
4.19479
4.17953
4.04494
4.05321
2.83705
4.08611
4.24201
3.89358
3.86693
4.26475
4.45112
3.84285
4.24070
4.25634
3.97672
4.14495
2.37893
4.00942
2.01301
3.92997
3.46971
3.18988
2.46162
4.03790
4.28738
3.80704
4.27758
4.24254
4.04100
4.07535
4.25620
4.11418
4.29373
2.06913
4.29105
3.63066
4.13051
4.33475
4.37192
4.09590
4.21023
2.20556
3.77376
4.22395
4.35682
2.48010
2.98637
3.81545
3.95135
3.56948
1.75259
3.41952
3.94448
3.70488
3.68930
4.23579
3.86560
4.30387
3.56030
3.67857
3.97796
3.68049
4.22254
3.31737
1.59516
3.95772
3.92737
2.77366
3.94229
3.84171
3.29746
4.06710
3.46445
4.13835
4.27132
4.06509
3.63584
4.33815
2.51082
4.30528
4.40393
3.81614
4.13949
4.31905
4.17114
4.12783
4.27502
4.20699
4.27458
3.32404
4.33086
4.24623
4.19644
4.12540
3.31232
4.24382
4.02381
3.89341
2.66832
4.22037
3.36728
3.76483
4.23979
4.16210
4.05398
3.57377
4.00928
4.34386
4.34092
4.28641
4.13327
4.00932
3.49296
4.08343
3.55217
3.55788
4.25797
4.22517
4.13550
4.18883
4.18105
4.09719
4.10417
3.80594
3.44996
4.08154
3.01685
4.22904
4.09580
1.85863
3.77647
3.80626
4.30643
3.90971
2.07808
3.27001
4.15774
3.19886
3.72450
2.71488
2.46375
3.87040
3.98511
4.11892
4.20574
2.17834
3.91462
4.08883
4.27197
3.91874
4.18828
4.03636
3.69997
3.77925
3.75831
3.86773
3.80050
3.05895
2.01158
4.19644
3.36153
3.37175
3.04465
4.34596
4.11607
2.33264
4.13016
4.28829
3.67184
2.83601
3.58370
3.90272
4.00138
3.32587
4.14196
4.03256
4.36716
4.25161
4.14673
4.30589
4.27602
4.32881
1.48627
4.07804
4.26302
3.95899
4.24433
3.77630
3.93355
4.27502
3.85484
2.60478
3.83482
3.71133
3.29625
4.18571
4.22149
4.00382
3.14449
3.68790
4.24555
3.44703
4.09076
4.12496
3.79601
3.93479
4.26289
3.37520
3.97305
4.13822
4.31315
4.14602
2.78068
4.26075
4.35230
4.11413
4.13276
3.76008
1.86591
2.75461
4.25190
4.23282
4.26211
4.19679
4.28557
4.03440
2.61839
3.66739
4.24203
4.22727
4.27201
3.98821
4.16632
4.14015
4.35716
2.25439
3.43334
4.07223
2.95694
3.63957
3.91792
4.38779
4.06618
3.30902
4.15312
4.25188
4.21125
4.18024
4.05510
4.06845
4.02254
4.00860
4.23610
4.14350
3.78721
3.97401
3.92123
4.30861
4.04302
4.23354
3.85235
3.58470
4.24293
4.23843
4.35662
4.22832
2.84606
4.10272
4.29526
4.40716
4.36247
4.25645
3.76871
4.23254
3.86093
4.22152
2.35841
4.30284
4.32679
3.85258
3.91356
4.26689
3.51528
1.73912
4.13421
4.18040
3.36796
3.18948
4.26180
3.60586
3.91468
4.09050
3.82125
3.99649
4.17504
2.06400
3.00383
3.91181
4.02439
4.35324
3.95423
3.67166
3.14849
3.73067
4.12440
4.00649
4.28503
3.44188
4.28163
4.35605
4.26771
4.10146
4.25302
3.63310
4.15282
3.99714
3.93471
4.29532
4.15953
4.19622
3.20312
4.25372
3.83336
3.17067
4.22865
4.22904
4.13183
3.92350
4.11045
3.88268
4.14733
4.30837
1.62166
4.09842
4.26740
3.78178
3.95366
4.34856
4.15443
4.21486
4.34384
4.21200
4.20131
3.97899
4.09888
3.98856
3.34245
4.16295
3.91160
3.86893
3.23656
4.24476
4.24982
3.59262
3.96559
2.35669
4.32933
3.64302
3.85008
4.28428
3.68165
3.06517
4.19180
3.47411
2.15075
4.03551
4.18650
4.00163
3.86283
4.32090
4.21322
3.76794
4.28742
3.51635
4.14450
1.75147
4.32895
3.49743
4.24630
3.81950
3.48499
4.07631
3.98268
4.23688
3.71032
3.58506
4.14170
4.29078
4.29399
3.31158
4.13672
2.45660
3.88528
3.96073
3.80242
3.77148
3.47601
2.47350
3.97670
3.99859
3.23887
3.66203
4.16973
4.17307
4.30913
3.00018
2.00052
4.14242
3.81199
2.32904
4.13612
4.01440
3.93324
4.21732
4.06795
3.87626
4.27866
4.14397
4.27703
4.43487
3.68916
3.98269
4.13129
4.39047
4.03439
4.18943
3.22070
4.09612
3.73475
4.20825
4.20145
4.27431
2.01263
3.99684
4.04753
3.83171
3.13222
4.36703
3.42538
4.23480
4.22216
3.93032
3.92907
4.32292
3.08741
3.88085
3.33227
3.57307
4.14478
4.15143
4.24765
3.75405
4.08395
3.48962
4.21990
2.31815
4.14927
3.89127
3.88496
4.28563
1.63739
4.08942
3.94141
4.16390
3.97894
4.20200
4.12015
3.76759
4.34465
3.63550
4.06549
3.17503
4.13291
3.68107
3.60582
3.73958
3.67438
3.57833
3.75552
4.22290
4.09389
2.16280
3.44085
4.15123
3.79247
3.97382
4.24632
4.00430
3.96378
4.37301
4.08682
4.25565
3.44574
3.64694
2.78439
4.20050
3.43328
3.88207
3.80157
3.93763
3.63300
