4.18771
4.40410
4.35472
4.37197
3.28936
4.23265
4.41409
4.30683
3.84040
4.29519
4.20317
4.46430
4.32551
3.22838
3.71486
4.18285
4.16778
4.41733
2.40299
3.74278
4.03447
3.90766
3.88006
4.31822
4.34473
4.39684
4.19269
4.35895
4.45349
3.81044
3.92827
4.41205
3.94778
3.94250
4.26107
4.36731
4.04375
4.25918
4.25067
4.41966
4.27439
4.18011
4.07654
3.44444
4.35020
3.93866
4.36466
3.69869
4.22369
4.46808
4.42759
4.43689
4.05313
4.50590
4.27270
4.45286
3.04325
4.08688
4.34714
4.16812
4.33917
4.13696
4.22635
4.13702
3.66171
4.10539
4.35280
4.40568
4.16714
3.75645
4.42659
4.46155
4.37524
4.01100
4.29077
4.23332
3.21119
4.36788
4.08797
3.83321
3.43721
4.40662
3.95249
4.04471
3.85818
4.42997
4.14451
4.18640
4.28998
3.11316
4.15112
4.22241
4.43310
4.30827
4.44026
4.44022
4.25149
4.36281
4.46485
4.34607
4.14144
3.00881
4.45267
3.98983
4.23035
2.73779
4.13307
4.45133
4.36203
4.19349
3.91050
3.76664
4.29869
3.74469
3.69658
3.63791
3.88842
4.33546
4.39460
4.21049
4.45630
4.42809
4.31769
4.32201
3.99549
4.31599
4.33987
4.33093
4.40766
4.14880
4.17557
4.28502
4.42994
4.33724
4.16773
4.38573
4.37193
4.40798
4.24150
4.29806
4.15822
4.45902
4.29478
4.41350
4.44007
3.01949
4.43400
4.31722
4.25999
4.34959
4.39743
4.46489
4.28211
4.31869
4.37760
4.46343
4.22973
3.58603
4.03518
4.12204
4.44712
4.43400
4.24827
4.19414
4.43592
4.33416
3.95408
4.23845
4.24861
4.29773
3.76816
4.02421
4.25055
4.33522
3.91991
3.21728
4.27755
2.39170
3.74231
4.27915
4.38731
4.29988
4.20361
4.38291
4.28936
4.46892
3.79187
3.94408
4.03747
3.49293
4.10453
4.31426
4.33233
4.27863
4.02432
4.23156
4.29426
4.13584
3.93424
4.33742
3.15069
4.44061
4.31312
4.21738
4.47667
4.28901
4.03212
4.47224
4.47771
4.46727
2.97844
4.39206
4.26616
4.24090
4.46218
4.07982
3.95767
2.35745
4.37609
4.38116
4.25138
4.02818
3.91615
4.45216
4.45711
4.25887
4.19734
4.38089
4.22335
4.08409
3.99204
3.86077
4.43245
3.49959
4.46989
4.33224
4.37878
4.26049
3.51800
4.43585
3.77891
3.91781
4.41265
4.23054
4.26911
2.71041
4.26829
4.45201
4.22031
3.80301
4.30339
4.39947
4.17863
4.44463
4.14817
4.36596
4.40344
4.42914
4.23761
4.10940
4.28426
2.85028
4.46240
4.38057
4.24633
4.31064
4.28701
4.00191
4.05204
4.29119
4.11408
4.34545
4.33761
4.18672
4.10150
4.14830
1.82185
4.37918
2.70233
3.55363
4.12204
4.38591
4.21956
4.18621
2.81937
4.42924
3.91913
4.31519
4.16290
4.25306
4.32766
4.43316
4.30680
4.39062
3.90902
4.12383
4.16822
4.41184
4.44180
4.24138
4.00205
4.43736
4.35190
3.97718
3.91269
4.30103
3.51549
4.25557
4.38459
3.58274
4.28169
3.71072
3.48026
3.99668
4.45397
4.40186
4.34851
4.44309
4.42758
4.39184
4.31386
4.48044
4.40927
1.79798
4.35118
4.06537
4.31643
4.31711
4.36933
4.29554
4.12087
4.12841
3.67725
3.82435
4.42905
3.89882
2.50242
4.30419
4.41670
2.91131
4.18532
3.84462
3.82093
2.74574
3.48312
4.29959
4.35288
4.29015
4.26971
4.41771
4.35142
4.14652
3.92142
4.40744
4.12716
4.46386
4.29019
3.82910
4.38325
4.40378
4.33685
4.18077
4.42044
4.28075
4.23123
4.26810
4.18204
4.40539
4.33138
4.33871
4.38941
3.85566
4.26933
4.35438
4.47124
3.86760
4.16150
2.88600
3.53000
4.08848
4.33092
4.18019
3.59974
4.48055
4.25466
4.24924
3.76855
3.11268
4.33668
4.38810
4.28583
4.04799
4.51671
3.67711
4.31596
4.27180
4.41685
4.48439
4.23341
3.60868
3.93268
4.46115
4.40097
4.40965
4.30649
4.16314
3.68169
4.05254
4.37624
4.22552
4.21627
4.43604
2.95363
4.43151
4.39920
4.34526
4.38949
4.39109
3.40024
4.11982
4.35394
4.42426
4.29045
4.32724
3.35748
3.82020
4.21097
4.27620
4.31441
4.35902
3.99854
3.52971
2.27288
4.24823
4.33007
4.32971
4.49214
3.81220
4.11941
4.47685
4.10649
4.37634
4.10539
4.45492
4.00295
4.28786
3.88007
4.33600
4.10824
4.22484
4.10979
3.89754
4.18983
4.20047
4.38970
3.63230
4.06473
4.28767
4.35243
4.14592
4.40415
4.22862
2.61622
4.30728
3.87380
4.34904
3.95925
3.95519
2.31338
4.14316
4.20956
4.34412
4.26701
4.42861
4.32177
4.45485
4.34674
4.10738
4.42030
4.32843
4.33803
4.21343
4.37658
4.38679
4.26394
3.23658
4.18035
4.30053
4.26402
4.25406
4.21632
3.14911
4.42222
4.45697
4.36483
4.21862
4.39858
4.26958
4.37893
3.93581
4.31389
3.85856
4.44338
4.12329
4.43405
3.96242
4.20298
4.35338
4.37559
2.31942
4.39928
4.23441
3.98429
3.28778
4.16524
2.88287
2.02024
4.41458
2.04810
1.50301
4.28221
4.50318
4.38533
4.40042
1.75928
4.43676
2.54980
4.02453
4.35613
3.95669
4.42918
4.19528
4.31349
4.09185
4.34680
4.01406
4.46963
4.30255
4.22505
4.39335
4.22421
4.05015
4.19609
4.18239
4.37938
3.86523
4.33446
4.39464
4.01285
4.19545
4.24577
4.15673
3.02921
4.39949
3.84759
4.08726
2.06631
4.43545
4.39970
4.38720
4.05812
4.41568
4.11376
3.95586
4.23189
4.51051
4.32033
3.33099
4.30576
4.43997
4.41086
4.37033
4.42059
4.37911
4.07347
4.06007
4.23537
4.19117
4.51474
3.59465
4.29499
4.28421
3.20487
4.35830
3.54407
3.86814
4.35021
4.12728
4.23658
4.18538
4.27443
4.30955
4.10527
4.38846
4.29696
3.49663
4.46842
1.87245
4.03983
4.32311
4.13508
4.08504
3.47448
4.30559
4.50275
4.26291
4.30575
4.40957
4.42768
3.91506
3.24713
4.27298
4.27426
4.22587
3.87275
4.26734
4.06032
4.08566
4.46894
4.22795
4.03685
3.53353
4.38757
4.25383
4.38506
4.06309
3.86298
4.35438
3.81426
1.98281
3.85964
4.23362
4.35736
4.35193
1.86969
4.32216
4.29505
4.49425
4.14191
4.42264
4.50643
4.43327
4.34493
4.25716
4.32037
4.31969
4.44505
2.98867
3.84468
3.99063
4.27376
4.39736
4.37595
4.37310
4.32906
4.34397
4.47256
4.38809
4.13294
4.46002
3.98280
4.26427
4.14125
4.46149
4.30839
3.21376
4.22334
4.44733
4.37280
4.41508
3.65788
2.10577
3.90346
4.28946
4.30718
3.36075
4.11078
3.93427
4.36940
4.00029
4.23847
4.25107
4.36941
3.95139
4.31476
4.15390
3.92718
4.41888
3.47777
4.33036
4.06255
4.36114
4.02987
2.48113
4.36273
4.16603
4.29867
3.89522
2.42704
4.22910
4.20894
4.22783
4.37325
4.11815
3.74436
3.98703
4.40466
4.39207
4.24076
4.37833
4.44232
4.14492
4.41365
3.70501
4.31538
3.27238
4.07824
4.34194
4.09362
4.28919
4.45828
4.22358
2.83352
4.19863
4.31164
3.21247
4.30715
4.35215
2.80584
4.27123
4.33509
3.66811
4.44452
4.34349
3.80464
4.22347
3.71847
4.32837
3.16957
4.42863
3.97024
4.12924
4.18943
4.47499
4.08626
3.75020
4.24596
4.26394
4.36908
1.74792
4.16604
3.89492
4.27465
2.91692
4.21964
3.99655
4.37712
4.29791
4.17777
3.99414
4.16870
4.34851
4.25591
2.98387
4.38014
4.43289
3.58180
4.47070
4.17487
4.28656
3.91073
4.29268
3.91096
4.23360
4.30277
4.09286
3.04444
4.16801
4.47781
4.41810
3.60255
4.38192
4.39597
4.23919
4.22490
3.51009
3.89713
4.46888
4.16430
4.30515
3.86345
4.17793
4.48035
2.98774
4.45879
4.30104
4.36312
4.41702
2.88467
4.43458
4.01945
4.34555
4.30805
4.46911
4.17519
3.99247
4.43494
3.77052
4.35065
4.34011
4.01775
4.43821
4.11567
4.34890
4.30782
3.03986
3.32795
4.40192
4.48431
2.62902
4.32933
4.28026
4.47046
4.37901
3.96536
4.42110
2.52942
4.17534
4.38213
3.73903
4.02969
1.34685
4.21510
4.27676
4.38636
3.84597
4.09532
3.01103
4.37301
4.41971
4.47971
2.86863
4.38666
4.31174
4.34275
4.37869
4.44298
4.40763
3.05592
4.38549
4.34944
3.82292
4.42074
3.82187
4.28287
4.27994
4.32491
4.29056
4.09530
4.17257
4.01606
4.17512
4.17261
3.77093
4.29954
4.23094
4.03009
4.40525
4.26607
3.89738
4.47230
4.17362
4.29501
1.71583
4.10222
3.91701
4.26479
3.96441
4.16355
4.32924
4.21541
4.10492
3.87497
4.21909
3.82261
4.17437
4.38845
4.40532
4.25532
3.78280
4.22492
4.01152
4.45696
4.37044
4.29055
4.38086
4.14687
4.34788
4.10368
4.21985
4.36695
4.33025
4.35275
3.64746
3.57487
4.07971
4.41201
4.31374
3.01109
4.23460
4.45757
4.22515
3.96854
3.90995
3.87871
3.99436
4.37872
4.35514
4.38657
4.29334
4.34029
4.43204
4.40178
4.33059
4.32824
4.12539
3.99280
4.38074
4.37501
4.40652
4.27816
3.17584
4.07868
3.20281
4.34815
4.13490
3.87281
4.49110
4.10933
4.46047
3.47184
4.29809
2.84516
4.34031
3.47749
3.73903
4.41692
3.98799
4.03805
4.48721
4.34162
4.25680
4.03325
4.27263
4.39831
4.48288
3.17613
4.33095
3.55459
3.99932
4.37628
4.16858
4.02145
4.28687
4.31955
4.13801
3.39015
4.08506
3.57457
4.33182
4.04412
4.09069
4.40005
3.74424
4.46217
4.07021
4.28876
4.45514
4.24909
4.26180
4.33992
4.15293
4.34143
4.25391
4.42077
4.45989
4.29360
4.40272
4.48440
4.30986
3.81215
4.14449
4.43925
4.41971
3.84796
4.26121
4.31422
4.14775
3.27311
4.46440
4.51086
4.12655
4.15385
2.88214
4.40703
4.41581
4.00949
4.13899
2.92683
4.05166
3.94533
4.45091
4.44300
4.30665
4.40422
4.34520
4.39455
4.39293
4.18631
4.17220
4.40167
3.87654
4.38555
4.41355
4.09737
4.40270
4.35210
3.74743
4.26862
3.57167
4.45472
4.22147
3.79024
4.08154
4.45108
4.14049
4.40595
4.03082
4.24398
2.40308
4.09493
4.35001
2.04767
4.30818
4.01558
4.34290
4.32765
4.32246
4.39695
3.29757
4.34357
4.45829
4.29112
2.52903
4.13322
4.22514
4.21113
4.23060
4.35681
4.39027
4.19567
4.19712
4.11218
3.86450
4.13561
4.34848
3.76665
4.39029
4.37061
4.31912
3.64707
4.14491
4.35232
3.67416
4.32189
2.71851
3.73993
4.31085
3.65964
4.35318
3.94074
4.35833
4.10985
4.42421
4.14228
4.38175
4.00226
2.93837
4.27278
4.33898
4.19333
3.79563
4.34807
2.43683
4.11658
3.95174
4.04385
2.62804
4.37599
4.38775
3.94675
4.38647
4.41671
4.25882
3.92909
4.10440
4.20210
3.34978
4.00913
3.82302
3.85314
4.40908
3.77992
2.82292
3.74970
2.39366
4.36094
3.42894
4.36322
4.43892
4.17189
4.13904
3.58511
4.38292
4.31382
4.45501
4.17816
4.26937
4.31967
3.61964
4.31207
2.87230
4.47629
4.20668
3.71109
3.40633
3.21411
1.79514
4.31278
4.41715
4.33414
4.17702
3.95399
4.37427
4.23768
4.38601
4.39876
4.49806
4.40172
4.03231
4.30566
4.38551
4.21665
3.91755
4.28676
4.42462
4.23782
2.83189
4.14455
4.36254
4.31311
3.37421
4.36776
4.22717
4.31687
4.26424
4.18152
3.51397
4.32537
4.27999
4.44140
4.01098
4.38102
4.34932
4.35959
4.41867
4.31660
4.28922
3.68735
4.31313
4.05206
4.18287
4.12526
4.26910
4.39036
3.77784
4.26388
4.46379
4.34981
4.45294
4.41332
4.01010
4.27381
2.89288
4.43813
4.09463
3.73149
4.29421
4.23920
4.44566
4.21017
4.44993
4.50848
3.95215
3.98593
3.92853
4.35637
4.39802
4.51412
4.16644
4.40423
4.23415
4.39910
4.20673
3.98601
4.30585
4.41912
4.27643
4.05711
4.37339
4.46355
3.15673
4.32688
3.09832
4.00362
3.48532
4.42203
4.40339
4.22528
3.29235
4.41645
4.48239
4.13710
4.05428
4.17521
4.44565
4.28380
3.82592
4.48016
4.47785
4.00076
4.36181
4.45796
3.78712
3.52729
2.80867
3.61645
4.44408
3.93540
3.33494
4.13628
3.83555
4.24587
4.27904
4.12046
4.38488
4.12730
3.95777
4.31180
4.40040
4.42306
4.47726
4.32668
4.30646
4.26258
3.88003
4.20005
4.31390
4.30937
3.23895
4.27584
4.31852
4.34859
4.41763
4.39166
4.45118
4.31906
4.18720
4.41967
2.59098
4.12654
4.34967
4.45456
4.32096
4.38545
2.37523
3.70461
4.33792
4.11376
4.38591
4.36681
4.01599
4.33328
4.28312
4.38644
4.26554
4.45319
4.49477
3.98108
4.03227
4.42307
4.17776
4.45779
4.10311
3.98960
4.47173
4.28555
3.61563
4.07286
3.68488
4.00278
3.36466
4.05868
4.26932
4.09542
4.19706
4.05933
1.75262
4.30402
3.62752
4.36818
4.11106
3.54430
4.38353
3.78716
4.14823
3.45361
4.36897
4.46906
4.45624
4.08610
4.42350
3.85470
4.34540
4.43863
4.36485
4.43421
4.15363
4.29459
4.47163
4.30498
3.85771
4.07547
4.33087
2.81380
4.32751
4.40842
4.14109
4.22142
4.03464
2.75968
4.24273
4.41963
3.80289
4.07219
4.05633
4.39907
3.87782
4.16164
4.30091
4.33081
4.00777
3.20173
3.84773
3.65525
3.91934
4.44598
4.45933
3.16529
4.23084
3.98753
4.37905
4.07979
3.32484
4.36283
4.40726
4.26228
4.43236
4.31784
4.28164
4.06261
4.38976
4.40373
4.27016
4.13545
4.24802
4.47074
4.04154
4.13352
4.21902
4.45001
4.28495
3.60174
2.97348
4.45351
4.32610
4.12479
4.36365
3.98105
4.39246
4.32702
4.19425
4.23556
4.23638
3.71590
4.33646
4.36126
4.27188
4.48665
4.17833
4.36200
4.01466
4.25812
4.44924
2.85622
3.91215
3.66652
4.33739
4.35376
4.36849
3.71581
4.40029
4.26473
4.41951
4.22428
4.16371
4.13073
4.13071
4.12915
4.32178
3.95498
4.35752
3.42619
4.10469
3.89420
4.32625
3.82077
4.30484
3.56367
4.25410
4.38755
3.63799
4.26416
4.25312
4.46281
4.37694
4.33938
3.87202
4.43291
4.44937
4.43301
4.44206
4.32361
4.40825
4.34964
4.36812
2.74722
3.84193
4.35530
3.93118
3.87244
3.90586
4.33762
3.99945
4.40246
3.86240
4.18075
3.94926
4.48586
4.33185
4.16040
4.46971
4.06699
4.36673
4.25674
3.92706
4.37957
3.54298
4.37040
4.10632
4.40103
4.28908
4.47840
4.23610
4.39481
3.59986
4.29407
4.33427
4.42981
4.39336
4.44461
4.39729
4.11454
4.39299
3.95907
4.40782
4.28787
3.96240
4.42335
4.31976
3.90319
3.36115
4.34273
4.45077
4.19765
4.02127
4.02479
4.27332
3.88698
3.81079
4.44898
4.40961
2.90709
4.11708
4.09672
4.23741
4.39770
4.38917
4.06030
4.27921
4.35648
4.45757
4.39663
4.45664
4.41120
3.89012
4.47504
4.29110
3.96502
4.21171
4.43211
4.35247
4.41856
3.88761
4.20649
4.10187
4.36596
4.25739
4.38101
2.26890
4.20039
4.30648
3.72016
3.79104
4.25947
4.13918
4.46029
4.32473
4.38425
4.30251
3.99660
4.31570
4.40035
3.87561
3.92375
4.34791
4.08834
4.48841
4.26189
4.37586
4.34072
3.92208
4.29337
4.41657
4.47055
4.28824
3.99327
4.40269
4.29783
4.46650
4.33664
4.29746
4.34611
4.44790
3.31598
4.38680
3.69460
3.77902
3.21587
4.25307
4.11778
4.41051
3.77691
4.18472
4.21454
4.31375
4.22131
4.12923
3.79851
3.21074
3.97190
4.42457
4.03668
4.20412
4.37292
4.06406
4.41925
4.45691
3.94645
4.34592
4.32475
3.77347
4.46602
4.21022
4.38026
3.76838
4.03175
4.17554
2.70176
4.52642
4.43732
4.29713
3.98115
4.49763
4.43345
4.20738
4.31855
4.36162
4.24130
4.35428
4.03344
4.37937
4.28134
4.44120
4.30879
4.25319
4.33216
3.65914
3.84165
4.43978
3.57986
3.93629
4.46300
3.28420
4.38404
4.31376
4.40642
3.74815
4.29670
4.42955
4.28609
4.25475
3.43826
4.38228
3.83720
4.17436
4.25857
4.26147
4.21800
4.25602
3.52727
4.37760
3.96233
4.07136
4.21106
4.28062
4.07491
4.28790
4.42502
4.33193
4.23436
4.17410
4.32330
4.01389
4.38238
4.41290
4.39165
3.09526
4.42798
3.99604
4.39268
4.10996
4.28246
4.13737
3.72636
4.37473
4.36678
3.80685
4.38583
4.27775
4.27707
4.13877
3.98117
3.92269
4.41071
4.29303
4.35614
4.18374
4.23109
4.37915
4.03202
4.27446
4.42272
4.15331
4.43233
4.11020
4.40522
4.38830
4.29593
4.01595
4.44018
4.21007
3.26978
3.76481
3.66857
4.04348
3.75307
4.38243
4.15867
4.41074
4.17685
3.88081
3.97982
3.04605
4.30933
4.30394
2.26482
4.33702
4.18337
3.95663
4.21169
4.25754
3.59923
4.41459
4.04644
4.09291
3.87347
4.09497
4.02759
4.34525
4.36684
4.16875
4.42724
4.18708
4.41808
3.81532
4.45733
4.35311
3.75615
4.22883
4.25811
4.44862
4.12745
2.60674
2.72629
3.76918
4.46803
4.45824
3.85134
4.03110
2.36456
4.33463
4.24055
4.48619
4.43301
4.29509
4.38777
4.47856
3.98072
4.45607
4.04351
4.37488
4.31349
4.10554
3.87004
4.00287
3.88844
4.32675
4.04439
3.25922
3.52836
4.12785
4.39201
3.66074
4.40635
4.45545
4.46387
4.19563
4.46836
4.24493
4.28603
3.24335
3.79053
4.38243
4.12811
4.45265
4.17381
4.41817
4.24757
3.48168
4.40618
3.98578
3.98089
4.32703
3.96112
4.49999
4.31159
4.43630
4.21317
4.32995
4.23538
4.12562
4.24696
4.26342
4.25218
4.13745
4.02997
4.31893
4.02436
4.42917
3.97052
3.88522
4.05558
4.40589
4.45410
4.00658
3.74138
4.36281
3.83016
4.14427
4.10585
4.37388
4.13286
3.61867
4.36066
3.85070
3.93753
4.05542
3.25895
4.31761
3.98990
3.57547
4.10252
4.50644
4.28520
4.48257
4.27848
3.92629
4.42509
4.39976
3.87723
4.35673
3.44793
4.12919
1.85591
4.40324
4.19298
4.28879
4.29240
3.97055
4.28102
4.49851
3.33081
4.44842
2.13439
4.44265
4.19801
3.76092
4.42758
3.64541
3.99646
4.40332
4.24123
3.54200
4.41930
4.45242
3.52100
3.59535
3.83297
3.94747
3.45902
4.06496
4.29390
4.33708
4.35631
4.28896
4.46425
3.41962
3.86838
4.14260
4.30617
4.19870
4.35530
3.95279
3.47162
3.43162
4.39844
4.32735
4.19848
3.32653
3.95642
4.22905
3.92879
3.48090
4.36848
4.28249
4.06566
4.42131
3.93315
4.30558
4.16989
4.24807
4.31261
4.11062
4.41450
3.27604
4.44208
4.49280
4.40516
3.73047
4.17600
4.10922
4.35732
4.34462
4.02898
4.14395
4.37568
4.39564
4.17098
4.50042
4.23130
4.31784
4.37142
4.27407
4.34947
3.53907
4.15689
4.24349
3.93490
3.65307
4.10620
4.36745
3.60744
4.41405
4.27341
3.29566
4.43637
4.43429
4.06555
3.98819
4.46616
4.25335
3.54049
4.18672
4.41385
4.22278
4.31709
3.71403
4.09920
4.16618
3.87991
4.22841
4.40863
4.04948
4.45058
3.74462
2.66517
4.18609
4.15226
2.05207
3.63547
4.42549
4.11876
4.19009
4.34492
4.30739
2.17700
4.43240
3.90822
4.36258
3.88150
3.93701
4.07969
4.27641
3.38775
3.86139
4.27193
4.32021
4.48342
4.32853
4.43297
4.42658
3.97360
3.90445
4.35378
3.94789
2.90897
4.28928
3.96938
4.40562
3.86291
4.43777
3.99127
3.92868
4.01879
4.41368
4.44345
3.82234
4.25281
4.35028
4.05596
3.70149
3.92421
4.29977
4.31680
4.17109
2.58528
4.00450
2.81755
4.24726
4.25847
3.18476
3.96887
3.94536
4.43804
3.95369
4.51546
1.89658
2.73193
3.79344
4.35482
4.29690
3.87867
4.19467
4.20071
4.43389
4.28781
4.45115
4.10600
4.34827
4.03585
4.34668
4.42927
4.42458
3.61986
4.44966
4.44155
4.15007
3.78242
4.02000
3.23824
4.37949
4.16904
3.71183
4.23647
4.29957
4.23927
4.35817
4.22159
4.10480
4.39377
4.29886
3.98262
4.32457
2.82225
2.71917
3.79489
4.03788
1.99177
4.18413
3.22444
4.25006
4.33094
4.51550
4.32004
3.79336
4.05443
4.25299
4.42908
4.32100
4.50590
4.28298
4.10338
4.08749
4.40289
4.39873
3.21582
3.97149
4.29837
4.44835
4.44862
3.45553
4.37806
4.32885
4.36077
3.72309
3.69397
4.27007
4.26569
4.10860
4.36809
3.04694
4.40505
4.05384
4.13708
4.17110
4.32284
4.21938
4.02174
4.18466
4.45752
4.38637
4.39056
4.21110
4.30183
4.20458
4.47068
4.49764
3.96078
4.21618
4.22783
4.37227
3.99770
4.32084
4.38943
3.97804
4.22382
4.18364
4.20361
4.42681
4.29348
4.31783
4.44175
4.26252
3.94723
3.86454
4.38410
4.43958
4.44023
4.30339
4.30451
4.46206
4.40577
4.06367
4.27570
3.69052
4.16932
3.07453
3.30966
4.26016
4.01738
3.98744
4.21344
4.39774
4.43753
4.45756
4.42858
4.38163
4.43325
2.94864
4.32020
4.40268
4.34867
4.51180
4.36780
4.38713
4.29349
4.33317
4.15618
4.17039
4.20706
3.54374
4.18881
3.33053
3.60738
4.26052
3.84078
4.35038
4.44134
4.18264
4.45574
4.45233
4.41086
4.09126
4.11692
3.07555
4.37390
4.21549
4.38239
4.40251
4.33422
3.87231
4.47036
4.46781
4.28752
4.31544
4.26813
4.39410
4.20720
4.28660
4.26387
3.94410
4.46409
4.26094
4.19823
4.44736
4.42966
4.07948
4.36256
4.37955
4.25818
4.30306
3.91870
4.21277
4.40012
4.37529
4.35110
2.69452
4.12791
4.20404
4.37062
4.19347
3.81090
4.38039
4.41238
4.26335
3.32357
4.50247
3.99321
4.35485
4.06170
4.40945
4.00332
3.52911
4.12595
3.42843
3.42867
4.12653
4.35971
1.57940
4.15124
4.32941
4.32984
3.99946
3.63771
4.15609
3.73721
4.36190
3.43652
3.66649
4.08033
4.22249
4.42243
3.91136
2.52844
4.14010
3.92453
2.34117
4.37583
4.20054
4.47667
4.32504
4.41703
4.29582
4.22199
3.22987
4.04301
4.20722
4.46852
4.40022
4.43732
4.34518
4.26148
4.32871
4.38050
4.45560
3.79193
4.44698
4.37097
4.37032
4.14110
4.23719
4.00393
4.38924
1.73495
4.37202
4.42834
3.58504
4.37012
4.05208
4.09128
4.42521
4.38219
4.18456
3.67309
4.44936
3.82275
4.33396
4.18318
4.37201
4.49217
4.49720
3.53895
3.74812
4.40322
4.14216
4.44089
4.35483
4.49318
4.25552
4.06101
4.42030
4.38117
4.18227
2.91719
4.36225
4.20671
4.19736
4.14995
4.36844
4.29755
4.04671
4.37159
4.48843
3.10911
4.39105
4.35713
4.13395
4.32975
4.27163
3.97456
4.05278
3.03352
3.85528
3.73895
2.74347
2.89163
3.93785
3.56083
4.10656
4.33578
4.17018
3.70949
4.31149
4.05040
4.16798
4.42902
4.41354
4.30279
4.30661
4.44680
4.14360
4.29236
3.60606
4.35634
4.52551
4.00639
4.41894
4.04587
4.03466
3.69753
4.43843
4.45726
3.07084
4.14944
3.97023
4.10501
4.26283
4.26741
4.32529
4.41705
3.67793
4.22530
4.45153
4.18495
4.43353
4.34157
4.36656
4.33467
4.48887
4.32888
3.18772
4.44098
4.07856
4.10809
3.41129
4.46923
3.46730
4.18203
4.35935
3.50874
4.33381
3.37977
4.21574
4.24680
4.28568
4.19625
4.30744
4.41095
4.28557
4.45604
4.43362
4.37099
3.95650
4.48521
4.13636
4.45831
4.34533
3.60890
4.01368
3.69946
4.18663
4.12234
4.31797
3.20228
4.20446
3.14608
3.76055
4.36572
4.11741
2.73128
4.08545
4.44156
4.38334
2.71873
4.22584
3.88940
4.41553
4.22469
4.25047
4.13508
4.45050
4.39649
3.08784
4.36940
3.14889
4.48159
4.31989
4.17520
4.25368
1.60456
4.18320
4.16642
4.35547
3.60011
4.32436
4.16594
3.82109
3.70982
3.72473
4.41895
4.23814
3.40228
3.84972
3.97713
4.17683
3.63811
4.31851
4.24503
4.13240
2.82527
4.48362
4.47952
3.79750
4.18908
4.49498
4.42329
4.40817
3.01010
4.43655
3.65105
3.91693
4.38145
4.47442
4.31017
4.41048
4.22792
2.89540
4.08115
3.72454
3.76465
4.28733
4.27356
4.39889
4.35190
4.18774
4.40535
4.30471
3.94784
4.18032
4.37835
4.47350
4.40589
4.30512
4.38959
3.87284
4.06039
4.41129
2.60370
4.30407
4.32631
3.79179
4.37276
4.41416
3.48623
4.33776
4.37185
4.45120
4.48592
4.00406
4.12204
4.19629
4.09535
4.46333
4.06510
4.01077
4.42790
4.06211
4.03436
3.91847
4.05360
3.37958
4.20649
4.40737
4.38456
4.25619
2.74359
4.38376
4.40214
4.27786
4.37742
4.36995
4.19414
2.87774
4.28125
4.10098
4.33161
4.16876
4.41293
4.37299
3.31799
4.33295
1.98314
4.07758
4.16593
4.41569
4.28767
4.00831
3.45070
3.91804
4.19466
4.18640
4.35219
4.36338
4.27895
1.82151
4.27902
4.07247
4.44244
4.17048
4.45288
3.12589
4.34995
4.04812
4.22692
4.34026
4.43170
4.14427
4.44925
4.14680
2.52881
4.19795
4.38374
4.41448
4.23264
4.00885
4.37829
4.12244
4.38680
4.17918
4.15759
4.31562
3.99318
4.41278
2.64357
4.33820
4.09149
4.36320
4.32151
4.23907
4.34799
4.41081
3.87076
4.35815
4.40731
4.11816
3.73256
4.32805
4.25938
4.10795
4.21441
4.45082
2.06306
4.15820
4.28950
4.39840
4.16737
4.43345
4.49445
3.67814
4.47707
3.81293
4.39061
3.90172
3.12194
3.76554
4.40329
4.34567
4.24530
4.40693
4.38954
2.23778
4.44090
4.32252
4.28630
4.32892
4.26934
4.34928
4.35794
4.12086
4.46983
3.95704
4.35483
4.25720
4.47644
4.04856
3.62235
2.92741
3.77318
4.22425
3.94099
4.02556
4.46563
4.30630
4.30066
4.39016
4.29530
4.46493
4.25792
4.28861
4.36881
4.47726
3.99090
4.10040
3.80676
3.87372
4.24583
4.22039
3.93447
4.38754
4.14991
4.02101
4.50672
4.40791
4.47253
4.29823
4.48857
4.38175
4.20452
4.45429
4.30253
3.58317
4.46812
3.44955
4.31638
4.44261
4.14724
4.29147
3.71662
4.43408
4.15206
4.21220
4.43124
4.29078
4.11475
4.40730
4.29975
3.89219
4.36175
3.85004
3.97305
4.27371
3.87416
4.31532
3.66866
4.09216
4.15877
4.19661
4.12180
4.21584
4.28306
3.98372
4.43111
2.43940
4.20817
4.26099
3.48804
4.34310
4.33585
4.46402
4.02946
4.43094
4.46389
4.49851
4.07595
4.20975
4.33410
4.37055
4.29899
4.40693
4.25021
3.87920
4.35579
4.40623
4.04841
4.07616
4.43769
4.14302
4.36526
4.50355
4.30158
4.31472
4.33624
4.36963
3.71476
3.87083
4.21482
4.16282
4.42808
4.30134
3.06853
3.07707
4.30970
4.29323
4.22232
4.46789
3.68902
3.59664
4.37872
4.27022
4.32889
4.05641
4.29615
4.11370
4.38978
4.48640
4.21713
4.07782
4.36124
4.38965
4.18314
2.46920
3.50948
4.09446
4.37146
4.27158
4.46766
4.23005
4.34439
4.43959
4.11651
4.14059
4.06459
4.13681
4.36343
3.91882
2.85905
4.40732
4.33629
4.20690
4.15411
4.10250
2.89524
4.45091
4.03775
4.21627
4.36755
3.79991
4.08417
3.64883
4.17082
4.38382
2.61284
4.23261
4.00568
4.29369
4.44819
4.10394
3.79046
4.30431
4.37741
4.43635
3.67753
4.28432
2.28915
4.49013
4.39340
3.78578
4.47748
4.26389
4.19302
4.32849
4.37987
3.32845
4.39356
4.20051
3.99348
4.44404
4.18201
4.30413
4.44074
4.26734
4.10666
3.33994
3.15726
4.03397
4.33884
4.40007
3.98174
4.33083
4.35321
4.46419
4.29802
4.43889
3.31083
4.25719
4.28226
4.42409
4.40889
3.78666
4.12308
3.32569
4.47102
4.39646
4.39154
4.30387
4.43693
4.40452
3.87960
3.50172
4.44929
4.32667
4.31649
4.32396
4.20907
3.69911
4.39271
4.27848
3.82462
4.22947
4.39173
4.40788
4.35931
4.43633
1.36742
4.43479
3.51120
4.24775
3.99372
4.05684
4.26263
3.95344
4.28933
4.48056
4.42314
4.19175
4.38998
4.41329
4.26047
4.37274
3.81948
4.28266
4.23547
4.41089
4.18793
4.42738
4.08236
3.53072
3.90849
4.32184
1.93589
4.23411
4.15413
4.10411
4.35156
4.36054
4.10782
4.39547
4.34712
4.35240
1.97421
4.34674
4.34972
4.28901
4.03991
4.21985
4.09285
4.39087
4.31353
4.18918
4.45247
4.11868
4.46119
2.87445
4.27748
4.06164
4.11622
4.31415
3.45626
4.07015
4.47865
4.36771
4.47928
4.04240
4.32736
4.30867
4.41014
4.46434
3.50583
4.18321
4.02021
3.91759
4.45887
4.42889
4.49457
4.25655
3.76586
4.42539
3.84114
4.38267
4.29464
4.27472
3.20562
4.47786
4.42000
4.44197
4.40282
4.24957
3.63223
4.27821
4.36565
4.26351
4.29024
3.55870
4.47865
4.49941
4.42276
2.70083
4.34825
4.27153
3.97168
3.68586
4.43560
4.14152
4.29453
4.38176
4.43241
4.43902
1.85920
4.36738
2.83201
4.43730
3.50696
3.93950
4.29605
3.73059
4.33203
4.32574
3.89878
2.66179
4.33076
3.23103
2.54493
3.73004
4.23716
3.80156
3.98379
4.16447
3.95630
4.40192
4.27325
4.04751
4.15133
4.24886
4.30161
3.80180
4.24074
4.16662
4.22126
4.11443
4.33631
3.73313
4.37988
4.38501
4.13312
3.84679
4.45825
3.69770
4.33551
4.11635
4.19307
3.97373
4.06603
4.22940
4.31095
4.20741
4.32272
3.98251
4.39659
4.01909
4.45386
4.49699
4.38060
3.50920
3.43255
4.24343
4.45514
4.33569
4.36530
4.05953
4.36134
3.53879
4.51951
4.25593
3.97996
4.43472
4.33267
4.46432
3.72006
4.02088
4.22839
4.08545
4.05822
4.36378
3.70125
4.06494
4.40381
4.22820
4.29438
3.91337
4.21937
4.42787
4.12759
3.89589
4.32643
4.21176
4.47676
4.41786
4.31688
4.14993
4.21013
4.19005
4.15893
4.13610
3.82385
3.99366
2.00028
4.06921
4.24804
3.69402
4.39848
4.05294
4.33409
3.41206
4.48178
2.59403
3.96847
3.75472
4.48460
4.44438
4.17343
3.17874
4.52108
3.79765
4.18679
4.29299
4.25794
3.85879
4.34956
4.11596
4.22106
4.16788
4.46267
3.98870
4.09701
4.41798
4.35342
4.46748
4.31076
4.04137
4.41542
4.26556
4.41208
4.26711
4.31427
4.42729
4.48189
4.34092
4.42493
4.14439
4.37234
3.31697
4.33826
3.91573
4.38850
4.31849
4.39705
3.04343
4.45397
4.39127
4.32194
4.47612
3.82156
4.35747
4.32967
1.95137
4.35400
4.41662
4.39103
4.11016
4.21247
4.39986
3.65236
3.98228
3.78129
4.26370
4.41302
4.31330
4.09416
4.03526
4.37253
3.96292
4.22343
4.50682
4.39354
4.33510
4.32434
4.27975
4.22737
3.62769
3.93612
3.81046
3.00983
4.28790
3.91392
3.97138
4.38225
2.55019
4.37722
4.00352
4.34168
4.35818
2.83559
4.35729
4.14620
4.28674
3.96480
4.40856
3.49123
4.02094
4.41517
3.62538
4.37441
4.06219
4.30608
4.38631
4.40220
4.13713
4.31641
4.42424
4.31761
4.28854
4.37221
4.41996
4.06253
4.40327
4.46314
4.31612
4.38222
4.17824
4.47278
3.98880
3.81010
4.03752
4.28758
4.27059
4.30876
4.29283
4.06544
4.06730
3.99663
4.01231
4.29440
4.46597
4.44482
4.41610
3.73629
4.39073
4.39335
4.44971
4.23210
4.30430
4.02426
4.35520
3.69437
3.54156
4.22204
4.10518
4.43630
4.18732
4.25206
3.86600
3.99120
3.05190
4.12058
4.40135
3.82544
4.45595
4.30996
4.30101
4.18762
1.89252
4.39929
4.22846
4.49098
4.16678
4.25105
2.56334
3.54453
3.93667
4.16609
4.26515
4.36207
3.85657
4.23026
4.13947
4.27803
4.45458
4.17299
4.28538
3.76115
4.26631
4.41426
4.32217
4.07015
3.98302
4.31329
4.32910
4.07062
4.08105
4.32964
4.52166
3.79782
4.34550
4.23656
4.33948
4.09501
4.43389
4.21358
4.36526
3.68803
4.23695
4.37048
3.94593
4.33253
4.36895
3.65437
4.24817
4.39744
3.92695
4.36039
4.05156
2.66553
4.15686
4.36435
4.23306
4.44334
2.28468
4.39339
3.45140
4.26887
3.56610
4.45660
4.15328
4.29910
3.04161
3.52589
4.14710
4.46580
3.13565
4.20270
4.29948
3.97432
3.89811
4.31588
2.26531
2.49715
4.10783
4.26002
1.58976
2.81825
4.29905
4.12299
4.27144
4.10163
4.10434
4.26487
4.25799
3.70381
4.04386
4.00277
2.44298
4.33626
4.37094
3.69464
4.42490
3.90755
3.88437
4.22870
4.41194
4.28819
4.46458
4.46883
4.14306
4.25534
4.31159
4.29533
3.44056
4.27597
4.38367
4.42296
4.24078
4.17478
4.47678
4.46478
3.78341
3.76820
3.52113
4.22070
4.40988
4.06051
4.45996
4.13458
4.47895
4.27377
4.43353
4.39201
4.29059
4.42356
3.50040
4.27777
4.41583
3.78433
3.82455
4.40109
1.66218
4.38367
4.19994
3.51544
4.47076
3.66322
4.28526
4.13292
4.11058
3.55792
4.44715
4.44687
3.85172
4.42388
4.29234
4.14927
4.34048
4.29974
4.10660
4.46332
3.08938
4.40585
4.30254
3.88256
4.26607
4.21299
4.17797
4.27975
4.45753
4.11979
4.08577
2.66409
4.34276
2.41607
4.43950
4.13732
4.26847
4.18993
4.39170
4.33363
3.78027
4.15706
4.26192
4.51014
3.20541
4.23892
4.24880
3.66036
3.93395
4.31176
4.47004
2.58378
4.43805
3.18035
4.39622
4.27036
4.48437
4.49198
2.64293
3.88709
3.92103
4.35615
4.37979
3.63251
4.21776
3.58016
2.57645
4.34533
4.47629
4.16544
4.43234
4.24164
4.44703
4.24185
3.80254
4.48899
4.39426
3.61295
4.35538
4.43204
4.13157
3.87442
4.42662
4.32731
4.29201
4.20012
4.30218
4.27539
4.40979
3.92153
4.33865
3.90332
4.13348
4.46198
4.06355
4.31569
3.91094
3.45111
3.95793
4.47765
3.77623
4.46906
4.24498
3.70382
4.12913
3.33788
4.16328
4.34718
4.32522
4.47045
4.33669
4.17346
4.39950
4.18529
4.41981
4.23933
3.42898
4.01346
4.50161
3.31944
4.10789
4.41443
4.39909
4.30929
4.24602
4.35582
4.38978
4.39581
4.19720
4.47940
4.38347
3.87675
4.24498
2.60093
3.85055
4.37100
4.20221
4.21414
4.20985
3.64642
2.87455
4.46587
1.92442
4.29062
4.15496
4.36127
4.38049
3.91971
4.30027
4.13530
4.25811
4.41359
4.48734
4.38093
4.26390
4.27800
4.29622
1.59336
4.21017
4.44017
4.30447
2.54414
4.34691
4.18665
4.39062
4.32651
4.29072
4.33989
4.48130
3.56876
4.11439
4.34176
4.40000
4.33474
2.86244
3.87661
4.23188
4.41012
4.50233
4.35018
4.38020
4.39978
4.44276
4.44761
4.28645
4.17942
4.19388
4.15443
4.39332
3.86780
4.40328
4.41167
4.33305
4.19696
4.32677
4.39540
4.18307
4.29642
4.41335
4.41700
4.22237
4.42729
3.54055
4.31120
3.66433
3.32002
3.52040
3.92281
4.15535
4.29924
4.15407
4.03492
4.43520
3.23594
4.41120
4.37743
4.44739
2.68150
3.84413
4.30570
3.82340
3.69691
4.41558
4.25953
4.30897
4.31764
4.18270
4.19983
4.12597
4.45316
4.20712
4.16041
1.95364
3.36784
4.49221
4.34182
4.08712
2.97258
3.33544
4.42933
3.99661
3.89009
4.46742
4.23902
4.09405
4.17436
1.58846
3.87749
4.17494
2.29799
4.32343
4.29713
4.11403
4.37016
3.77962
4.36380
4.16945
2.67341
4.23952
4.26362
4.46068
4.33373
3.04354
3.85003
4.07611
4.33325
4.32564
3.97272
4.40690
4.17980
3.95801
4.22510
4.31183
4.36366
4.11776
4.49559
3.58358
4.28853
2.04238
4.33737
4.01314
4.39314
4.20449
4.26145
4.33717
4.47761
4.15712
4.40927
4.38986
4.27454
4.36848
3.76341
4.45602
4.14499
3.38443
4.16192
3.97635
4.37979
4.42888
4.35066
4.33013
4.18293
4.37451
4.42137
4.07118
4.26046
2.82794
4.18621
4.32334
4.31420
4.31464
3.86784
4.25869
4.18559
4.33189
4.47811
3.94565
3.36328
3.94042
4.19311
4.34420
3.73949
4.38999
2.59506
4.11063
4.27235
3.43413
4.36488
4.20136
4.35720
4.50838
3.96248
4.45974
4.04455
4.43093
4.32220
3.23109
4.41196
3.82311
4.42383
4.44588
4.31346
4.32778
4.23899
4.26116
4.36191
4.30657
4.36098
4.23642
4.34673
4.00050
4.18369
4.09503
4.15560
4.00991
3.78728
4.36933
3.46471
4.44015
4.20845
4.50280
4.26338
4.33104
4.36448
3.42585
4.40462
4.32838
4.07144
4.16148
4.39663
3.93284
3.76262
4.49089
4.36661
4.41108
4.32256
4.36428
4.33464
4.05483
3.99568
4.41863
4.29261
4.24134
1.98436
4.28958
4.41515
2.22563
4.33018
4.08655
3.78633
4.30768
3.94308
4.33529
4.36932
3.97602
4.39363
2.40522
4.04706
4.35283
4.36755
4.28445
4.49069
4.24131
4.41210
4.35685
4.44633
4.41022
3.29934
4.47582
4.35105
4.40680
4.28140
4.08343
3.71413
4.29644
3.72793
4.25725
4.33392
4.45803
3.96013
4.09901
4.20447
4.19403
4.38290
4.15578
4.31418
4.12123
3.23767
4.04870
4.37973
3.81348
4.16152
3.11378
4.28971
3.73700
3.92709
3.62380
4.34116
4.41675
4.42730
4.09972
3.00800
4.23714
4.33830
4.33084
4.27920
3.09129
4.37987
4.39760
3.96573
4.39283
3.71348
4.46070
4.35776
4.34422
4.21139
4.19402
4.50819
4.02784
4.23267
4.31712
4.16680
4.16588
4.30541
4.40306
4.30942
4.42647
4.20394
4.04748
4.48494
4.13595
4.44785
4.38165
4.28535
4.26998
4.26597
4.44613
4.23078
4.33433
4.29202
4.18557
3.98867
3.02220
4.27864
4.38837
4.25298
4.27834
4.38545
2.76608
4.47178
4.16183
4.43750
4.05691
4.23141
4.47749
4.08518
3.87939
4.41965
3.69745
4.21183
3.95716
3.90941
4.28856
4.45142
3.98171
2.11772
4.39803
4.36566
3.83091
4.00992
4.44969
4.31379
4.38623
4.35245
3.83100
3.62712
4.23279
2.43042
3.94546
4.42202
4.23806
4.27724
4.45136
3.98787
4.36731
4.36077
4.09075
4.34282
4.26731
4.21863
4.13631
4.36358
4.46203
4.44171
4.10608
4.33694
4.40269
4.06811
4.30286
4.44330
4.20484
4.08206
4.41446
2.96292
4.31798
4.35638
4.00440
4.36970
4.05778
4.09841
4.27671
4.08848
4.28286
4.33121
4.40094
4.29328
3.85799
4.16310
4.50772
4.44176
4.34842
4.17115
4.07263
4.17931
4.13395
4.45932
4.42161
4.36343
4.23840
3.71885
4.16798
3.49478
4.28139
3.66354
3.85133
4.45505
4.26501
4.31061
4.18692
4.41974
4.12278
4.47047
4.24217
2.88966
4.40674
4.26348
4.30089
4.37990
4.37492
3.97275
4.21919
3.94228
4.38843
4.45891
3.88874
4.12619
4.46120
4.40465
3.83160
4.45898
4.37853
3.04164
4.43611
4.00488
4.35845
4.46457
4.26680
4.28162
4.31115
3.71180
4.14526
4.38625
4.30244
4.03883
4.49578
4.41859
3.65168
4.33383
4.14589
4.38943
3.11315
4.29898
4.06994
3.63887
3.65378
4.25943
4.00363
4.11873
4.42238
3.89952
4.28515
4.16406
3.27485
4.41161
4.38508
4.37659
4.49982
4.33829
4.26865
4.09537
3.42948
3.05351
4.30776
4.34262
4.32345
3.47958
4.26537
4.21668
4.33359
4.18132
4.21006
4.42316
4.41158
4.26949
4.29872
3.86903
4.40694
4.48199
4.09061
4.16979
4.47883
4.39288
2.32361
4.48541
4.33467
3.90137
4.00035
4.34766
4.06232
4.24782
4.09015
4.44551
4.19928
3.74173
4.32891
4.17706
3.40846
4.41967
3.99898
4.31520
3.95660
4.41225
4.31894
4.40385
4.20946
4.26683
4.08818
4.30719
4.29255
4.43529
4.05000
4.39464
3.64881
4.09947
4.28134
4.45810
3.94690
2.48958
4.35079
3.53681
4.04478
4.31838
4.34198
4.31469
4.24802
4.35404
4.03037
2.98408
4.33261
4.42357
4.35574
4.34167
4.27996
4.37269
2.98643
4.10600
4.45937
4.16839
3.77928
3.71370
4.40607
4.35421
3.75950
4.26965
4.00827
4.16718
4.06351
4.31149
4.33545
4.13449
3.31858
4.10830
4.45722
3.07136
3.93094
4.40910
4.00891
4.06748
3.55302
4.26580
4.26499
4.09119
4.16336
4.19472
2.84963
4.04531
4.36549
4.37016
4.17221
4.37432
3.26546
4.44728
4.20950
4.25371
4.33459
4.27596
4.45815
3.76159
3.99439
4.35323
4.42301
3.72443
4.47108
4.15322
4.27201
4.04331
4.32546
4.42956
4.22795
4.10529
3.84684
4.32209
4.41734
3.98014
4.31975
3.26070
4.19119
3.63670
4.41360
4.30838
4.23489
4.44987
4.46584
4.25482
3.78637
3.90230
4.35926
4.28448
3.47287
3.28403
4.22638
4.04575
3.91177
4.19805
4.47154
4.16849
4.19129
4.34577
4.47675
4.25082
4.27915
4.29268
4.46130
4.45212
3.30229
3.67129
4.23431
4.19243
4.11704
4.44945
4.05954
3.92036
4.04144
4.24523
2.54335
4.41806
3.97193
3.98017
4.27851
3.68258
3.46271
4.39532
4.02233
4.18199
4.32259
4.30293
4.37393
4.27597
4.30020
4.38552
4.31795
3.66675
4.39957
3.53960
4.30056
4.23179
4.46998
4.12259
4.34672
4.45721
4.02598
4.44450
4.44639
4.35424
4.03655
4.21598
4.16314
2.77609
4.10088
4.30020
4.19940
4.30339
2.43406
3.78682
4.31045
4.29286
4.47345
4.32119
4.14025
4.10046
4.25975
3.73610
3.37996
4.39277
4.36249
4.39322
3.83239
4.35044
4.38272
4.17157
4.44308
4.16188
4.24154
4.16545
4.18861
3.74365
4.46183
4.23715
3.67468
4.30715
3.40955
4.47773
4.29943
4.45549
4.41300
4.19093
4.30459
4.16999
4.47618
2.70223
2.98462
4.38434
4.51150
4.37704
4.31878
4.21951
4.48421
4.30119
4.35070
4.42000
4.20354
4.38119
4.38734
4.09694
3.93991
4.00984
4.48674
3.58495
4.34380
4.28000
4.20817
4.28011
4.05748
4.10377
4.17371
4.24275
4.34241
3.66322
4.39022
4.10752
3.26858
4.46522
4.29666
2.60150
4.42191
4.09174
4.34183
1.81767
4.09945
4.36575
4.36556
4.36245
4.40907
4.05371
3.84008
4.25790
4.37134
4.24394
4.32805
4.14953
4.29505
4.42687
3.93811
4.36519
4.36527
4.04627
4.43653
4.22163
4.34004
4.12845
4.12932
4.48521
4.23754
3.77595
4.37680
4.32842
4.05138
3.75870
4.29746
4.33547
4.36410
4.48085
4.36302
4.42142
4.39316
4.22589
4.25215
4.19931
4.39767
4.18973
3.64803
4.26570
4.43096
4.36642
4.38205
4.39499
4.23560
4.35284
4.19369
3.83770
4.36440
4.20494
4.25051
4.29529
4.45563
2.65464
3.92375
4.34387
4.47376
4.41689
4.45053
3.82777
4.26112
3.90596
4.46461
4.35154
2.15454
4.35503
4.46678
4.28189
4.12943
3.89736
4.14939
4.35667
4.40031
3.44035
4.48813
4.26194
4.48036
4.45282
4.28670
4.39598
4.29962
4.14865
4.24237
4.19263
3.52417
4.35834
4.26673
4.18839
4.41236
2.99158
4.49435
4.37884
4.38756
4.18763
4.33209
4.00505
4.35999
4.38621
4.14982
4.36731
3.79789
4.26739
4.41715
4.32271
4.18041
4.29454
4.43036
4.30945
4.35253
3.86073
3.97045
4.38577
4.45000
3.65704
3.64979
4.11143
3.92205
4.46479
4.09981
4.47476
4.19023
4.37769
4.36399
4.47966
4.20481
4.32063
4.39013
4.14419
4.47480
4.31470
4.27510
4.29427
4.37305
4.46119
4.01034
4.08749
4.27374
4.44262
3.96990
4.38135
4.15435
4.41783
4.34357
4.11902
3.02689
4.18241
3.97412
4.37864
4.49102
3.96502
4.25106
3.84799
4.20569
4.20711
4.41882
3.70690
4.26153
3.93964
4.11070
4.37361
4.11472
3.99351
4.25683
4.22232
4.24990
4.11619
3.62974
4.07213
4.07798
4.45007
4.08961
4.38810
4.42922
4.24593
4.35759
3.97363
4.44280
4.12077
4.06619
4.13734
3.88265
4.34574
4.30276
4.26101
4.43908
4.23468
4.05318
3.95529
4.43980
4.38518
4.46244
4.27385
2.54879
3.69776
4.24013
4.34245
4.41282
4.50324
4.37878
4.19228
4.46194
4.01381
3.98743
4.27187
4.43237
3.92770
3.98826
4.47530
4.38451
3.97919
4.45258
4.41029
4.03342
4.51012
4.08722
4.11067
2.16865
4.29360
4.32189
4.34389
4.45662
4.37826
4.44747
4.30857
4.08300
4.42078
4.15736
4.38692
4.42262
4.19905
4.33633
4.39566
3.54818
4.11255
4.30463
1.80187
4.12990
3.09952
4.34437
4.41659
4.24710
4.21299
4.09117
4.28141
4.10867
4.33882
4.13344
2.48462
4.18052
4.24827
4.09388
4.22554
4.47918
3.78346
4.29188
4.13935
3.66904
4.16537
4.24515
4.47351
4.30358
4.41034
3.98215
4.29912
4.14205
4.20401
4.20001
4.00706
4.16682
4.27476
4.18943
4.46755
4.49759
4.50069
4.30370
4.28362
4.48826
4.16505
4.20097
2.65180
4.37976
4.41427
4.13068
4.43780
1.96520
4.02673
4.13070
4.44266
4.44469
3.82029
4.38891
3.87700
4.22941
2.90995
3.92882
4.16432
4.05234
4.36368
4.37627
4.49023
2.94457
4.38577
3.61210
4.27173
3.75388
3.89989
4.16321
4.31118
4.02356
4.10595
3.82026
3.59765
4.26273
3.29521
4.30448
4.32244
4.31969
3.52026
4.11798
4.21540
4.08317
4.10100
3.87288
4.40088
4.12749
4.31742
3.80870
3.38660
4.40986
4.14340
4.39139
4.34705
3.89895
4.41053
4.02454
4.23426
4.35083
3.72079
3.81251
4.22611
4.09226
4.46751
4.09041
4.46571
4.23043
4.30404
4.41909
4.34954
4.47454
4.37451
3.56804
4.49489
4.47053
3.69045
4.25332
4.35839
3.00344
4.41778
4.41272
4.32259
4.40536
4.37077
4.38783
3.05716
4.29310
4.14368
3.98701
4.41069
4.37968
3.96583
3.90326
4.41794
4.18195
4.45807
4.26322
3.73352
4.36681
4.43332
4.20504
4.29634
4.48867
4.06867
4.26617
4.30353
4.14411
3.99162
4.25990
4.47031
4.16491
4.05371
4.29673
4.29772
4.16926
4.45699
4.41284
4.27109
3.88014
2.60861
3.99913
4.21321
4.29329
4.27492
4.39524
3.60274
4.44539
4.34531
4.16245
4.22836
3.91420
4.26739
4.13682
4.15005
4.02912
3.92863
3.25806
4.43176
4.17226
4.35022
3.79428
4.03190
4.35361
4.37419
4.45061
4.25355
4.29521
4.08217
4.40433
4.28975
4.34892
4.35918
4.24756
4.26529
4.20246
4.27154
4.27309
3.52611
4.08702
4.24698
4.11710
4.17554
4.49193
4.44526
4.14446
4.21708
4.21248
3.15141
4.18643
3.72706
2.34465
4.38313
4.20893
4.16685
3.85472
4.30169
3.59751
4.10778
3.56462
4.33840
4.40793
4.35041
4.17256
4.32201
4.24651
4.47406
4.13792
3.81531
3.87484
4.03977
3.70333
4.31239
4.37888
4.45744
3.16311
3.94133
4.44413
4.42387
3.65364
3.05782
3.93225
4.38180
3.88011
4.40303
4.25529
3.92145
4.44800
4.41983
4.40032
4.49846
4.14980
2.78746
4.30445
4.30960
4.36207
4.38745
4.37501
3.38688
4.46161
4.40172
3.67649
4.40881
3.90240
4.30657
4.32246
3.96485
4.40812
3.56681
4.33196
2.67356
4.23198
3.41486
4.05240
4.23721
3.88807
4.34698
4.33028
4.38338
3.31089
4.32540
2.36040
4.38967
4.36144
4.16756
2.73644
4.43568
4.50567
4.29855
4.42899
4.12794
3.59784
2.89593
4.36838
4.47241
4.42960
4.44496
3.99795
4.25560
4.31801
4.14701
4.07335
2.56426
4.08885
4.17340
4.02545
4.44741
2.80811
3.88491
4.34115
4.14868
2.18674
4.48130
3.95918
4.09838
3.25561
4.26562
2.78830
4.21353
4.22955
4.40376
3.98891
4.49307
4.37696
4.10618
4.34543
4.30727
3.76857
4.37602
4.13766
4.10076
4.26053
4.41400
4.04673
3.64536
4.27732
4.02180
4.18568
4.32485
4.46588
4.41113
4.32137
4.38247
4.47171
4.25215
3.73279
4.31565
4.42015
4.17459
4.34513
4.42875
4.32883
4.13436
4.36781
4.38896
4.40394
4.03522
4.48151
4.48210
4.46893
4.36736
4.09856
4.42520
4.30434
4.36715
4.36525
4.15591
4.33629
4.42586
4.14818
4.25265
4.42050
4.17685
3.75421
4.11672
4.43049
3.79028
4.35634
4.29584
4.30256
4.42638
4.36572
3.92769
4.41254
4.36176
2.86610
4.38069
4.36215
2.55548
4.40700
3.89035
4.33711
3.69901
4.09778
3.53958
3.78777
4.10317
4.43180
4.46867
3.26733
4.09145
4.25158
4.34008
4.33727
4.47504
4.23068
4.32663
4.35206
4.44227
4.43732
4.07591
4.25468
4.26211
4.21808
4.01001
4.17166
1.86408
4.18442
4.45001
3.91359
4.00657
4.36722
4.16682
3.89073
3.80131
4.25955
4.42242
3.91825
4.15248
4.18242
4.39223
4.46606
4.07357
4.34608
4.30828
2.74220
4.48353
3.89956
4.37167
3.72969
4.23028
3.53438
3.61669
4.10598
4.10506
4.41423
4.24283
4.24593
4.32863
4.50188
4.17510
4.44840
4.35763
3.91956
3.14605
4.22205
4.32044
4.31395
4.31500
4.31369
4.32203
4.39188
4.24966
3.78154
4.26844
1.93377
3.92997
4.32765
3.73302
4.27424
4.31127
3.50676
4.42770
4.42705
4.16922
4.10234
4.36348
4.17707
3.57739
4.24537
4.35247
2.62199
3.36125
4.04422
4.43149
4.34183
4.25322
4.46235
4.31111
4.30507
4.19184
3.69132
4.11745
4.41869
4.31869
4.27131
4.02790
3.93969
4.10581
3.68447
4.44946
4.38071
4.41276
4.32217
4.39985
4.37146
4.25328
4.45179
3.86787
4.10242
4.35421
4.20985
4.47363
3.93421
4.28379
3.04105
4.33669
4.40742
4.23036
4.33934
4.29958
4.39688
4.36669
4.23653
4.09124
4.23375
4.20035
4.42850
4.19714
4.23412
4.44255
4.29294
3.94549
4.25502
4.14972
4.38651
4.40404
4.13878
3.77428
4.35602
4.30427
3.39659
4.34992
4.38869
4.34097
4.34144
4.33435
4.31936
4.41127
4.41213
3.85828
4.26227
4.40709
4.34283
4.39394
4.42847
4.42043
4.20633
4.03597
4.36462
3.80344
4.29339
4.45280
4.39523
4.27409
4.41406
4.15679
4.38670
4.39484
4.24580
4.34523
4.39033
3.80437
4.10499
4.44198
4.14205
3.79126
4.30123
4.33674
4.34993
3.50937
4.13250
3.91759
4.24640
4.28320
4.37915
4.46775
4.07725
4.27877
4.42072
4.44777
4.47287
3.77477
4.40859
4.26782
3.99684
3.93603
4.38073
4.35129
3.57515
4.31840
4.24657
3.41925
4.03177
4.34242
4.46715
4.43889
4.37863
4.44806
4.46618
3.86763
4.28691
4.31649
4.37533
3.95504
3.77150
4.42990
4.39445
4.43498
3.98670
4.38821
4.45849
4.14434
4.22670
4.48800
4.30609
4.35003
4.00373
4.46168
4.32578
4.16057
4.18066
4.46611
2.50921
4.22374
4.42073
4.20927
4.41389
4.45203
4.47880
4.28532
4.38605
4.47952
4.35440
2.88904
4.41570
4.45926
3.97434
4.22102
4.01846
4.28846
3.96966
4.45437
4.46381
4.35367
4.20585
4.41529
4.21110
4.38875
4.06825
4.45337
4.16895
3.17581
3.31492
4.44184
4.35849
3.92336
3.88316
4.37275
3.75218
3.01535
4.32163
2.85608
3.82479
4.33118
4.11432
4.10433
4.28922
4.10631
4.07725
4.36760
4.43286
4.04513
4.22892
4.32498
3.29289
4.35780
4.12619
4.43424
4.05106
3.50009
4.35055
3.75665
4.39307
4.28568
4.05267
4.28565
3.86794
4.31119
4.22920
4.21184
2.82053
4.06854
3.90373
2.23821
4.35970
3.72252
3.75229
4.08454
4.38070
4.07574
4.33395
4.13769
4.34368
4.15402
4.07339
3.32045
3.15784
4.30846
4.22683
4.35712
4.35627
3.82461
4.21167
4.25341
4.34941
3.20664
4.19974
4.25066
4.33247
4.26520
4.26288
4.07532
4.37864
4.37824
3.89322
3.65461
4.07240
3.41373
4.10521
4.04375
4.23677
4.25091
4.43972
2.58694
4.37682
4.35614
4.27210
4.46699
4.35404
3.25779
2.73124
4.34514
3.84642
4.15471
4.13340
4.17984
4.43037
1.48190
1.94418
4.10423
4.45992
4.40430
4.43045
4.41052
3.53065
4.33540
4.35482
4.11109
4.40992
4.35113
4.41772
4.26110
4.28098
4.26860
4.32126
4.16003
3.13197
4.41022
4.26594
4.06037
2.90902
4.02050
4.14382
3.02203
3.67525
4.24573
3.97781
4.32791
4.43357
4.41397
4.47989
4.14646
4.40559
4.39928
3.98028
4.29555
4.26255
4.42250
4.05956
3.40347
4.41582
2.99001
4.29010
4.04893
4.32512
4.37124
4.24438
4.35920
4.32356
4.32891
3.95216
4.21856
4.25480
3.44829
4.30686
4.20173
4.37580
4.38935
4.25195
4.38270
4.32505
4.43258
4.11115
4.17650
4.00605
4.06397
3.96876
4.37526
4.25602
4.34965
4.24304
4.22051
4.10745
4.26205
4.11708
4.14394
4.33541
4.27961
4.39401
4.35911
4.27292
4.05206
4.36319
3.61530
3.66709
3.45744
4.11189
4.28287
4.31792
4.46122
4.33696
4.42460
4.33401
4.40786
4.04562
3.13510
4.40092
4.11538
4.26568
4.28660
4.25326
4.38309
4.25216
4.42227
2.72936
3.05513
4.45632
3.80074
4.04041
4.23859
4.10231
4.42383
4.36691
4.45698
4.30450
4.39018
3.95646
3.86023
4.34960
3.00376
4.22887
4.25846
4.39535
4.42997
4.22288
4.37384
4.44702
4.39570
4.14100
3.88197
3.85385
4.37873
4.30361
4.14055
4.37770
3.73267
4.24998
4.30344
4.01420
4.27830
4.41175
4.07115
3.51088
4.27307
4.45121
4.39921
4.10660
4.42640
4.26859
4.46436
4.33189
3.28151
4.40400
3.40709
3.96735
4.25004
4.19631
3.92715
2.51773
4.15469
4.47221
4.30685
2.81537
4.47298
4.21593
3.69717
4.32503
4.35847
4.38848
4.25905
4.20040
3.77577
4.14404
4.26880
4.40040
4.47737
4.34309
3.35783
4.37805
4.11929
4.44432
4.44850
4.12920
2.87461
4.31803
4.27024
4.31060
4.26565
3.95244
3.90158
4.16751
2.42424
4.44021
4.08729
4.18507
4.38219
4.32953
4.30899
4.27172
3.96493
2.56092
3.90531
4.18244
2.58466
3.57063
4.32625
4.07790
4.38307
4.16550
4.33915
4.33853
4.10733
3.66605
4.45000
4.36878
4.27320
4.37755
4.47640
4.37694
4.46064
4.36137
3.15083
4.28862
3.95141
4.06609
4.23822
4.30727
4.33300
4.26972
4.27692
4.12521
4.43103
4.31451
4.26712
4.34197
4.18732
4.30065
3.60532
4.38134
4.35736
4.39658
4.32521
4.29488
4.39982
2.11382
4.48559
4.41644
4.02689
4.37836
4.44354
4.41843
4.43940
4.44965
3.85248
4.09718
4.33362
4.30753
4.08445
3.62378
4.42013
4.17974
4.22573
4.46543
4.26628
3.98840
4.47779
4.11367
4.20559
3.67407
3.39425
4.30778
4.28307
4.27360
1.38869
4.20735
4.15208
3.59485
4.31021
4.19166
3.66119
3.97521
4.45427
3.07140
4.11002
4.14434
4.44440
4.45743
3.99387
3.61847
4.39514
4.43902
4.16423
4.32117
4.02297
4.41688
4.48307
4.40490
4.45646
4.33803
4.29451
1.79384
4.05254
4.41079
4.04422
4.20144
3.85479
4.35159
4.19998
3.76859
3.14518
4.42982
4.40224
4.25387
4.27255
4.17950
4.25068
4.32089
4.17883
3.96869
3.77076
4.47118
4.21413
4.47887
3.33587
4.35129
3.78664
3.87720
4.51391
4.07029
4.46925
4.43535
4.22934
4.05120
4.04007
4.42124
4.39817
4.25801
2.21723
4.07498
4.37197
4.33998
4.20869
4.36019
3.98295
4.21977
4.36552
4.38381
4.41598
2.37100
4.34963
4.27595
4.19344
4.38774
4.22731
4.29927
4.27655
4.08941
4.48188
3.58373
4.30249
4.17660
4.52363
3.99909
4.45147
3.86493
4.20828
4.11231
2.70467
4.37240
4.17878
3.67866
2.68170
3.29357
2.77286
4.02411
4.49815
4.30760
4.31303
4.46397
4.19177
4.05747
3.76112
3.81415
2.56463
4.22163
4.32233
4.20582
4.32007
4.31204
4.22166
4.33754
4.40388
4.29573
4.45528
4.07976
3.46100
4.30582
4.47141
3.92858
4.40533
4.18427
4.30683
4.50300
4.40095
4.33701
4.03555
3.81527
3.44415
4.18928
4.44594
4.20164
4.37344
4.46339
4.13830
4.32366
4.41795
4.32087
4.34809
3.52594
4.13196
3.69939
4.38862
4.25112
4.41690
4.46308
4.35654
4.01598
3.70798
4.05694
4.42740
3.60626
4.10414
4.39193
4.39922
4.47535
4.36238
3.36711
4.28341
4.09210
3.85156
4.06837
4.45477
3.80228
4.39204
2.48695
4.34742
2.83379
4.39128
4.38990
4.21173
4.18563
4.42685
4.17148
4.39998
4.28604
4.23547
4.32055
4.12220
4.30552
4.19885
4.27605
4.31554
4.39412
4.43549
4.41514
2.37252
4.38876
4.36884
3.69658
3.28336
4.19259
4.34276
4.20930
4.41535
4.40800
3.97831
4.49741
2.97000
4.40987
4.40595
4.47262
3.84991
4.30822
4.25872
4.28988
4.06193
3.72670
4.25756
2.52367
4.15983
4.39156
4.47485
2.95308
4.51121
4.39199
3.66703
4.22905
4.41362
4.31895
2.65662
4.29443
4.35411
4.35006
4.49998
1.60306
4.16980
2.07997
3.71249
4.16372
4.34516
4.06085
4.37768
3.83274
4.34623
3.29620
2.95214
4.36602
4.32519
3.79833
1.96870
3.67186
3.90895
3.62810
4.37702
3.64769
4.39765
4.43727
3.64136
4.38655
4.13066
4.50510
4.04083
4.42013
4.43826
4.27227
4.04608
4.41312
4.32435
4.47309
3.86752
4.22184
4.43391
4.27412
4.39782
3.94039
4.26395
4.41532
4.25948
4.28916
4.31770
4.38992
4.06037
3.48311
4.08172
3.91376
2.70763
4.29508
4.20236
4.37826
4.25698
4.13821
4.29498
4.01931
4.31553
4.05360
4.20507
4.26384
4.27360
4.33508
4.27106
4.34266
4.18620
4.40912
4.15277
3.21890
3.80677
4.04088
4.26206
3.64525
3.20999
4.12332
4.43792
4.39811
4.13275
4.07375
4.44227
4.02459
4.02895
4.01366
4.19796
2.88160
4.44635
4.40277
4.28732
4.26381
4.43972
2.76057
4.33660
4.46298
4.36959
4.13162
4.38881
4.07037
3.02485
4.41155
4.13586
3.64894
4.23730
4.41195
3.79559
4.34801
4.07296
4.05426
4.18297
4.09987
3.72067
4.08724
4.26750
4.45174
4.09272
3.88724
3.67816
3.66799
4.46608
3.42093
4.40056
4.34708
4.42448
3.65657
4.17368
4.27566
4.40329
3.62091
4.21453
4.41016
4.41725
4.09908
4.28109
4.19809
4.17671
4.03778
3.89007
3.34340
4.39957
3.54407
4.05598
3.34577
4.41250
4.32336
4.41696
4.16755
4.38488
4.43103
4.31818
3.85017
4.37014
4.11937
4.36870
4.48429
4.11139
4.47547
4.11882
4.33542
4.31565
4.06586
4.42003
3.43241
4.26809
3.45213
4.18060
4.30794
4.11164
4.50521
4.43009
4.19166
4.41610
4.01249
4.50171
4.42756
4.18089
3.15985
4.49630
4.21970
4.17889
4.40527
4.36288
3.60633
4.11684
4.35228
4.42949
3.15153
4.17329
4.34878
3.86077
4.23539
4.39146
4.26743
4.35738
3.66048
4.31134
4.12165
3.67078
4.26350
4.06994
4.14823
3.42362
4.17541
3.95405
2.12369
3.89248
3.53848
4.41067
4.37828
4.07362
4.39332
4.28101
3.72964
4.43622
3.12234
3.32070
4.33668
3.82442
4.18617
4.27655
2.63783
4.39949
4.41011
4.23812
3.11382
4.08977
4.30201
2.96632
3.75448
3.24184
3.84324
4.29725
4.34599
3.33908
4.27822
4.33087
3.86536
4.26894
4.38721
4.39077
4.28228
4.24718
4.23319
4.36583
4.13694
4.42192
3.89255
2.29523
4.42808
3.19693
4.28745
4.37862
4.17057
3.08150
2.12455
4.46912
4.33830
3.80667
1.71797
4.10917
2.87197
4.46265
4.25202
4.36937
4.01833
4.23206
4.27250
3.24206
4.30286
4.14373
3.69924
4.32379
4.32531
4.41260
4.49823
3.95531
3.92005
4.20249
4.10601
4.19046
4.32690
4.31818
4.06640
4.14137
3.44849
4.43835
4.31329
4.48176
4.37673
4.10153
4.26408
4.39889
4.38074
3.72537
4.19016
3.59578
4.44199
4.22194
4.14834
4.44007
4.10961
4.41251
4.42654
4.31199
4.38125
3.94181
3.82884
4.39596
4.33582
4.30828
4.46003
4.40756
4.25679
4.19292
4.16091
4.25707
4.39561
4.03417
4.45309
4.05791
4.12410
4.21420
4.35386
4.36185
4.17045
4.16703
4.33850
4.43009
3.67473
4.39060
4.36136
4.37067
4.44003
4.40786
4.08865
4.38823
3.87259
4.44648
4.22791
4.17728
3.00866
4.44289
4.33645
4.34637
3.62349
4.40810
4.41412
3.89526
4.30011
4.23300
4.24824
4.26951
3.95704
4.11371
4.16734
4.34701
4.42306
4.27357
4.40981
4.26628
4.37339
2.61793
4.26427
4.11474
4.27219
4.30411
2.39779
4.22566
4.42461
4.46373
4.37315
4.34012
4.41980
4.41156
4.23789
4.31170
3.70215
3.63687
3.56605
2.82695
3.58256
4.07372
4.38815
4.41739
2.81648
4.41701
4.44535
4.27745
4.36713
4.25332
3.38620
4.22885
4.44892
3.88402
4.19531
3.36747
4.46413
4.29551
4.24137
4.19446
4.03457
4.37906
4.32788
4.26399
4.46191
4.48265
4.11469
4.41628
4.42068
3.89039
3.06998
4.42170
3.94712
3.05159
4.47603
4.43673
2.38873
3.80853
4.39195
4.29203
4.31458
3.97858
4.06222
3.93497
4.35783
4.16581
4.32626
3.23880
4.10135
4.20397
4.15317
4.42587
3.57952
3.45390
4.48498
4.34850
4.38477
4.28069
4.24163
4.23564
4.32540
4.41607
3.41180
4.03414
3.73853
2.42215
4.40718
4.33373
4.42462
4.18343
4.07827
2.64558
4.43825
4.36454
4.22835
4.03768
3.69488
4.04821
3.07094
2.22776
4.19788
3.55295
3.88886
4.28137
3.31492
4.26665
4.38767
4.47145
4.33149
3.86595
3.67099
4.41423
4.11717
4.41827
4.16677
4.04716
3.73137
4.25399
4.34031
3.96062
4.01179
3.66737
4.39204
3.94927
3.79272
3.88943
4.10793
4.21627
4.23537
4.35096
4.31675
4.47050
4.42599
3.97631
3.17407
3.86092
4.33130
4.30617
2.92217
4.37966
4.37109
4.45384
3.99029
4.45000
4.21998
4.45045
4.26538
4.37333
4.00016
4.33398
4.32092
4.43473
4.31293
4.49771
4.35421
4.22989
4.26157
4.15953
4.06331
4.07550
4.44130
4.41027
4.31726
4.47829
4.36471
4.06137
3.52003
4.43468
3.89926
3.14746
4.09584
4.07268
4.32415
4.49547
4.36951
4.43118
4.39325
4.17327
4.18828
4.37173
4.20357
4.12519
4.20575
4.37639
4.47418
4.40892
4.33834
3.91498
3.31164
3.90489
4.24882
4.42074
4.13560
4.07220
4.35977
4.22933
3.38712
4.48366
4.27546
4.22310
2.56251
4.42186
3.73993
4.21783
4.27491
3.08143
4.03411
4.16540
3.89310
1.79667
4.27565
4.45916
3.87700
4.33140
4.30059
4.11259
4.45127
3.56348
4.41925
4.41782
4.21829
3.50713
4.40958
4.14508
4.26665
4.23557
4.12667
4.19516
4.24232
4.22409
4.34075
4.03977
3.73128
4.39184
4.44380
4.19251
2.55242
4.35939
4.37572
1.91073
4.43701
3.77329
4.11857
2.79137
3.61884
4.27658
4.24499
4.39668
3.41914
4.39252
4.33015
4.31946
4.24469
3.60203
4.30495
2.96391
4.40013
4.45984
4.09832
4.16026
4.32907
4.30427
4.05346
4.36230
3.98824
3.67482
3.62721
3.73305
4.47399
4.36559
4.26853
4.47304
3.41765
4.40757
4.35288
3.88980
4.23348
4.38814
4.45811
3.84113
4.11528
4.27696
4.36396
4.36532
4.42953
4.40078
3.97947
4.49183
4.43475
3.68375
4.39366
4.28501
4.40412
4.23739
4.24292
4.30752
4.16680
3.96118
4.37250
3.97479
4.26024
4.36755
3.62502
4.10200
4.29306
2.74355
3.83634
4.29460
3.72479
4.41513
4.21372
4.43939
2.86251
4.13367
3.70346
4.17067
4.33797
3.28180
3.84845
4.28010
4.16978
4.33472
3.28481
2.28243
4.21353
4.43946
4.12068
3.94272
4.38156
3.88101
3.79452
4.27236
4.11095
3.99301
4.24078
4.37812
4.33422
4.48608
4.49578
3.31828
2.28285
4.12540
3.96846
4.36556
4.34544
4.33333
3.98328
4.25282
4.07671
3.59370
4.28538
4.14361
3.82212
4.33395
4.50823
4.41002
2.81751
4.33223
4.26828
4.37051
3.89911
3.17010
4.28830
4.22692
4.32479
4.27618
4.16913
3.19228
4.36088
4.08822
4.42148
4.06434
4.18998
4.46876
4.17072
4.40115
3.91321
4.28482
4.30371
4.37746
4.29577
4.20178
4.29605
3.99769
4.24171
4.28534
4.13910
4.18547
4.46497
4.46335
4.14631
4.29037
4.35651
4.06990
4.40075
4.25277
4.20291
4.43244
3.93503
4.01204
4.42640
3.90041
2.74227
4.17680
4.35892
3.79777
4.39920
4.42943
3.61451
4.18590
4.02050
4.35977
4.24669
3.74870
3.66817
3.93082
4.21894
3.60660
4.40782
4.32976
4.49077
3.75115
3.73436
4.25537
4.44054
4.21604
4.44080
4.49093
4.38279
3.93700
4.33286
4.05671
4.29463
4.34439
4.49499
4.31177
4.05356
4.36521
3.91007
4.15716
3.23397
4.42619
3.87786
4.16502
4.32202
3.55354
4.24005
4.03909
4.16928
3.92024
4.40788
4.43566
2.87491
3.97526
4.48242
4.23155
4.43034
4.46168
4.24681
4.44679
4.32120
4.29767
4.44047
4.07600
3.73225
3.93753
4.29794
4.28557
4.30932
4.28179
3.90758
4.18016
3.94963
4.44117
4.15701
4.41837
3.18739
4.42285
3.84942
4.29915
4.34749
4.38475
4.42201
4.30010
3.74010
3.77729
3.51590
3.83956
3.89784
3.19108
4.40222
4.42262
3.37150
4.42927
4.45671
4.38080
3.83630
4.36085
4.02655
4.23053
4.18831
3.54711
4.40758
4.40902
4.40537
4.09581
4.25675
3.86489
4.50216
4.46686
4.13059
2.67987
4.26261
3.90174
3.14271
3.90394
4.40443
4.26213
4.26672
4.12445
3.90348
3.24015
3.87393
4.37237
4.40634
3.71825
4.41509
3.93599
3.87851
4.38303
4.24101
4.16742
4.27290
4.34808
4.40551
3.52331
4.41188
4.36412
2.16436
4.43435
4.40451
4.33063
4.46727
4.05406
4.39045
4.33441
4.20175
4.40061
3.90349
4.45711
4.46933
4.16043
4.19172
4.18498
4.28822
4.24768
4.12501
4.19833
3.89753
4.47063
4.41069
4.41996
4.16862
3.75570
4.37964
4.44325
4.48477
4.52715
3.79167
4.49199
4.40225
4.36891
4.44576
4.03134
4.46744
4.37954
4.42746
4.32177
2.51107
4.30536
4.09265
3.73937
3.53954
4.19553
4.12101
4.45224
4.43909
4.28742
3.91660
4.20977
3.95092
4.46567
3.80707
4.37343
4.46690
4.37398
3.74042
4.41752
3.95663
3.89975
4.10568
3.62903
4.26003
4.26123
4.28478
3.50162
2.56361
3.38632
4.06738
4.40634
3.16683
4.29359
4.24701
4.48921
4.29072
4.35077
4.28792
4.34929
4.36142
4.06371
3.57748
4.31338
4.41719
4.46097
4.39755
4.43884
4.03941
4.35694
3.89966
4.46628
4.39722
4.38889
3.56364
3.97002
3.64666
4.02945
4.42771
3.90599
4.20506
4.32889
4.29753
4.48578
4.10064
4.15360
4.37461
4.43577
4.36356
4.15258
3.75018
4.11494
4.43394
3.89673
3.72015
4.30582
4.38636
4.39591
4.20089
3.45065
4.21403
4.34435
3.89822
4.25168
4.35771
3.64485
4.51804
4.21377
4.37862
4.44891
4.38595
4.40850
4.39955
4.31210
3.92683
4.38276
4.30949
4.45132
4.23274
3.51573
3.46183
4.01754
4.20860
4.43336
4.43764
4.38641
3.68104
4.45951
4.47236
4.15843
4.11588
3.70358
2.56382
4.04720
4.49298
4.44849
4.35505
4.08412
4.31777
4.17995
3.05363
4.38356
4.23328
1.90551
4.29834
4.31647
4.47094
4.42513
4.13446
4.33018
3.92904
4.42436
4.02238
4.16417
4.36786
4.28813
4.24214
3.93153
4.36641
4.47712
2.88069
4.00398
4.08738
4.28311
4.40091
4.30966
3.75902
4.43537
3.96948
4.11130
3.91706
4.46297
4.42052
4.21936
4.43369
4.35195
3.92513
4.38227
4.32545
3.42616
3.74212
4.41544
4.35382
4.09619
4.41050
4.38898
4.39124
4.08759
4.38776
4.23781
4.21434
4.22785
3.85891
3.93432
3.94527
4.17118
4.46903
3.89099
3.88261
4.45230
4.35432
3.72744
3.78199
2.07318
4.36725
4.42349
4.41239
4.35719
4.21008
3.81443
4.40291
4.38985
4.33901
4.01389
4.44992
3.86782
4.42133
4.08102
3.73107
4.23899
4.41993
2.66180
4.27625
4.24838
2.31314
4.33164
3.82779
4.46589
4.37592
2.51447
4.45192
4.35699
2.52787
4.45476
3.55659
4.08207
3.84126
3.87179
3.93013
4.44298
4.40264
4.28046
4.22960
4.25424
4.33132
2.57064
2.91434
4.34245
4.43213
3.74014
3.73492
4.27044
3.87347
3.31177
4.21346
3.97634
3.26264
4.44159
4.28503
4.19620
4.37882
4.39332
3.78396
4.30698
4.23495
4.36957
4.39686
4.23785
2.62725
4.33902
4.33247
4.43438
4.38359
4.44026
4.42851
4.43993
3.90566
4.44630
4.41624
4.13449
4.30453
4.34201
4.22187
4.22375
4.15374
4.45567
3.60192
4.44271
4.41244
4.28843
4.09451
4.30950
3.98880
4.38399
4.26399
4.21125
4.34054
4.18447
4.46968
4.45641
1.89373
4.28195
3.66135
4.35077
4.48831
4.21320
4.41948
4.46172
4.39714
4.33314
2.87528
4.30535
3.75488
4.16482
4.27451
4.44739
4.51690
4.35918
3.89593
4.39379
4.42616
4.46505
3.87171
4.35596
3.41000
4.40696
4.08665
4.41236
2.22172
4.33394
4.51066
3.81371
3.30324
3.65855
1.46584
2.16318
4.43748
4.33251
4.45770
4.40418
4.39739
2.88219
3.90047
4.19292
4.34369
4.23211
3.80029
4.12879
4.12434
3.93106
4.45406
4.51091
4.36412
4.12176
3.92346
4.41051
4.14586
4.37899
4.28606
3.61677
4.49835
4.37016
4.27352
4.41765
4.21623
4.13508
4.15679
3.37239
3.82072
4.44130
3.96200
4.17879
4.38166
4.18793
3.73279
4.09921
4.20704
4.51074
4.30719
4.44696
4.13173
4.43160
4.13463
4.25425
4.31551
4.43763
4.48134
4.46413
4.22241
4.05460
3.48328
4.24485
4.17869
3.60312
4.05000
4.46099
2.53545
4.51885
4.02102
4.47107
4.40771
4.34723
3.83607
4.47577
4.41611
4.24096
4.40919
4.45787
4.37747
3.98607
3.98840
3.80147
4.44453
3.90983
4.43853
4.23958
3.10399
4.41095
4.33357
4.05186
4.12276
4.42792
4.06530
4.12446
4.26040
4.43266
4.28437
4.16767
4.38278
3.89933
4.39060
4.36087
2.71576
3.83472
4.43759
4.45108
3.90276
4.11214
4.44537
4.37470
4.22259
2.72667
4.34640
4.43659
3.84795
4.44386
4.27740
3.73902
4.47314
4.47980
4.38396
3.89392
4.33175
4.33312
4.36598
4.26045
3.97212
4.37540
4.04214
4.15069
4.09344
4.12361
4.26823
4.31859
4.42035
4.22711
4.45154
4.46779
4.37065
4.38700
4.06559
4.02398
4.27605
3.57863
3.98202
4.41636
4.20442
4.05982
4.40699
3.81788
3.95041
4.48134
4.09838
3.03655
4.12404
4.37109
4.30018
4.21263
4.31904
4.39513
3.72414
4.11598
3.44731
4.40114
4.13355
4.29380
2.41335
4.13587
4.47564
4.46424
4.28262
3.98844
3.75385
4.23882
4.37798
3.14079
3.82617
4.41403
4.03496
4.23108
3.99212
3.51381
4.26095
4.27873
4.33348
4.27755
4.25411
4.41681
4.39830
4.27071
4.43406
4.47235
4.18182
4.38327
4.19834
4.12232
4.31256
4.45548
4.00961
3.90574
4.11030
3.82087
4.45394
4.35717
4.12257
4.16012
4.25447
3.77620
4.18501
4.18568
4.41836
4.41799
4.27683
3.64947
4.14334
2.13089
3.96908
2.15161
4.28160
4.35272
4.38752
3.29837
4.23581
4.07004
1.75576
4.35081
4.40962
4.09291
4.31592
4.32491
4.37205
3.41069
4.30958
4.45943
4.28026
3.79007
4.09848
4.38529
4.31281
4.47741
3.85058
4.27731
4.24656
4.23375
4.42130
4.26749
4.11256
4.34945
4.43919
4.44593
3.41481
3.92951
4.40856
4.35187
4.24413
4.34729
4.30909
4.47198
3.79549
4.46870
4.31878
4.36556
4.40700
3.56805
4.36858
4.43435
4.19286
4.25161
4.27380
3.90110
4.31571
4.29312
3.80201
4.28845
4.51397
4.35263
4.17919
4.44387
4.11221
4.17873
4.20335
1.45959
4.43297
4.34103
4.21861
2.66272
3.01761
4.13451
4.42624
4.22483
4.38699
3.55855
1.48417
4.14852
4.25490
2.98199
4.00281
4.35822
3.95340
4.27522
4.22321
4.25176
3.63832
3.43191
4.12502
4.35809
4.11061
4.11312
4.06116
4.41400
4.38444
3.57105
4.38609
3.64665
4.48869
4.38171
4.38323
4.06237
4.39194
4.23935
4.24408
4.30727
4.42783
3.95239
4.35898
4.13969
4.30503
4.21153
3.23411
4.41761
4.19999
4.39424
4.14436
4.18954
3.73962
4.40425
4.43951
4.36489
4.37100
4.41955
3.84401
4.28528
4.09329
4.05190
4.24410
4.40499
4.37658
3.61505
3.98036
4.44741
4.41032
4.43046
4.37194
4.43381
4.49320
4.27907
4.15444
4.41198
4.40273
4.43470
4.45685
4.44804
4.41787
4.02874
4.09063
2.61448
4.45068
4.13033
4.09013
2.97004
4.02237
4.09504
3.89872
3.41199
4.31914
4.38533
3.86024
4.20361
4.01939
4.40597
3.88139
4.32729
3.95292
3.78479
3.43288
4.30749
3.34985
4.35617
4.15360
4.13401
4.24638
4.44475
4.49411
4.44844
4.02165
4.40144
4.09020
4.40390
3.97808
4.13029
4.12388
4.27992
4.33031
4.32039
4.32200
3.57487
4.26571
4.19380
4.35689
3.76475
4.31318
4.30014
4.35648
4.33658
4.25394
3.78418
4.25029
4.34220
4.44245
4.02748
3.24143
3.24229
4.20825
4.03390
4.06479
4.33654
4.25957
4.25233
4.31987
1.91485
4.39298
3.75851
4.24663
4.22567
4.32991
4.21493
4.09525
4.41337
4.26227
4.19913
4.35062
3.83701
2.39144
3.27761
4.11805
4.48819
4.30797
4.37315
4.23325
4.30588
4.49116
3.81141
4.14146
4.43746
4.17008
3.97366
3.77223
4.41968
4.01913
3.94159
2.93673
4.51705
4.44493
4.12998
3.99374
4.46254
4.11887
4.18433
4.05994
4.36241
4.40810
4.08635
4.38755
4.09025
4.39959
4.39782
4.35251
3.77392
4.34188
4.45524
4.33834
3.56975
4.40078
4.33700
4.46355
4.30236
3.83008
4.37352
4.12365
4.19003
4.20234
4.32116
4.49260
4.31078
3.81747
2.65386
4.18027
4.28239
3.80630
4.39344
4.37188
3.51896
4.15862
2.19014
4.18222
3.41115
4.20602
3.91525
4.37371
4.40537
3.47092
4.04579
4.01443
4.44388
4.24983
3.76138
4.39081
3.92251
4.39514
3.70574
4.27217
4.02289
4.42008
4.28475
4.29219
4.26956
4.34639
4.14973
3.82398
3.97313
4.17114
4.01269
4.10096
4.42182
4.28983
3.96464
4.24547
2.86860
4.49289
4.44535
4.27730
4.48431
4.49000
4.13600
4.37019
4.23513
4.36393
4.40130
4.00358
3.95500
4.44048
2.30934
4.42331
4.39785
2.89524
4.45610
3.50041
4.19713
4.36064
3.25674
4.27953
4.11343
4.17150
3.56136
4.30525
3.85212
3.81912
4.06996
3.80128
3.95194
4.21936
4.19322
4.43194
3.80967
4.44063
4.33233
4.27541
4.28082
4.30002
2.87655
4.37486
4.16652
4.15174
4.41954
4.34677
4.48519
4.43525
2.80783
3.74086
3.76422
4.09231
4.34118
3.65735
4.24977
4.29611
3.80045
3.79137
2.78621
3.95734
3.88287
4.37020
3.93643
4.26195
4.36510
4.11951
2.21342
4.40724
4.03319
3.71171
4.39736
4.15410
4.43823
4.46386
4.07129
4.48043
3.52336
4.32318
3.43268
3.07211
3.93462
4.28985
3.80233
4.35253
4.29572
4.37729
4.38432
4.37346
4.03439
4.23823
4.32157
4.44810
4.38026
4.34030
4.41370
4.31513
4.39669
4.36115
4.12283
4.25237
4.02976
4.46322
4.37782
1.54664
4.47635
4.39776
4.23973
4.43738
4.32275
4.43400
4.03786
4.31839
4.22907
4.24345
4.32366
4.38261
4.17263
4.32206
3.87250
3.94299
4.21146
3.82314
4.26043
2.61781
4.24813
4.27149
4.32066
3.68960
4.36653
4.43434
4.40807
4.46190
4.12956
4.33065
4.47762
4.34282
3.88755
4.36768
4.49498
4.32731
4.12937
3.87119
3.77603
4.20112
3.18592
4.33846
4.27602
4.25677
4.46758
4.08033
3.80798
4.28963
4.42340
4.33073
3.50807
3.66756
4.32312
4.35311
4.32701
4.18084
4.34480
4.33034
4.31997
4.42704
3.17838
4.41735
3.80346
3.89319
3.79461
3.40750
3.03726
1.63529
4.41112
4.43530
4.29794
4.23928
4.25685
4.35984
3.27502
2.93992
4.21093
4.45788
4.23225
4.21643
4.37775
4.45288
3.17908
4.18567
4.40049
4.32534
4.45278
4.37467
3.96630
1.64150
3.99564
2.92191
4.39746
3.75921
4.47846
4.10032
3.55233
3.61766
4.43035
3.99023
4.48617
4.34852
4.41405
4.36553
3.62320
4.42909
4.02733
4.39998
4.09662
4.35654
2.24519
2.71617
4.41299
3.34026
4.26699
4.39781
3.69344
4.43599
4.21477
4.41165
4.47696
4.37797
4.23361
4.30590
4.05554
4.02001
3.98163
2.64037
4.40014
4.39488
4.36561
4.41074
4.47132
2.48287
3.67326
4.20381
4.34181
4.25234
4.00298
4.49096
3.49954
3.97018
3.96302
4.28019
2.82177
3.76563
4.44234
4.32400
3.96353
4.13416
3.91201
4.39767
4.37322
4.30335
4.11956
4.42831
3.29058
4.44697
4.30891
4.43571
4.13220
4.08807
4.42958
3.79111
4.09475
4.24993
4.43134
4.09868
4.38907
4.25056
3.50756
4.46363
4.47519
4.44064
4.20416
3.02355
4.16275
4.40247
4.28559
4.41140
2.51675
3.07099
4.36066
4.32136
3.95179
4.27975
4.42239
4.49602
3.81624
2.10038
4.46139
4.20891
4.22727
4.38975
4.37816
4.23186
4.49813
4.42286
4.38709
4.37730
4.39291
4.09675
4.30014
4.01306
4.36905
4.34227
4.06159
4.17814
4.06005
4.38490
3.60081
4.39433
4.39939
3.97020
4.35052
4.24714
4.20076
4.47898
4.41462
3.55608
4.32263
3.24666
4.24458
4.38323
4.43261
4.38695
4.09335
3.76508
3.54975
2.63091
4.29100
4.34460
4.43676
4.12544
4.40297
3.94857
4.51496
3.53955
3.92715
2.97429
4.48266
4.45121
4.14133
3.34641
4.30162
4.13976
4.41810
4.25515
2.50815
4.20386
3.93003
2.91748
4.43854
4.20074
4.45450
4.34763
4.49773
4.28966
4.09600
3.44367
2.85147
3.78273
4.29405
4.42555
3.88918
3.88440
4.18165
4.44519
4.48029
4.47513
4.27279
3.37413
3.97388
3.61561
2.26485
4.48411
4.20271
4.40276
4.35155
4.41722
4.19288
3.83683
3.93903
2.44773
3.96683
3.78481
4.34571
3.63602
4.16090
3.77791
2.79495
3.60205
4.36269
4.40900
4.14677
4.13020
4.02139
4.14338
3.55785
3.95348
4.22766
4.44419
4.31744
4.19091
4.41223
3.66332
3.90643
4.44392
4.41805
2.11861
4.36915
3.04540
4.43622
4.26761
3.63700
4.05321
4.17926
4.07349
4.44005
4.36239
4.09823
4.26238
3.98229
4.34115
3.50585
4.50439
4.32924
4.17221
4.02604
4.43446
4.43617
4.07912
4.43310
3.85310
4.47477
4.32393
4.34183
4.30593
4.21761
4.36010
4.20159
4.35648
3.91266
4.25012
4.41589
2.54578
4.49115
3.68372
4.31523
2.97360
3.81023
4.33388
4.27966
4.42097
4.30052
3.88298
4.41448
4.24803
4.40418
4.42159
3.91131
4.26411
3.85353
4.36125
4.09623
2.78920
4.05719
4.42845
3.02708
4.18914
4.39284
4.23583
3.07868
4.09318
4.34898
4.31612
3.98605
4.24560
4.21660
4.28311
4.09602
2.81068
4.34397
4.44264
4.37944
4.47696
4.47601
4.28186
4.30034
4.39594
4.40283
4.39167
4.36060
4.44454
3.87719
4.20542
4.19066
4.03349
3.94813
4.29664
4.47886
4.49094
4.32650
4.28851
4.37276
4.34761
4.50227
4.39544
3.74715
4.33553
4.08149
4.39098
4.30957
4.23060
4.26794
4.49070
4.16218
4.37473
2.97755
2.14102
4.24438
4.17574
4.33063
4.07089
4.17880
4.34781
4.28475
4.42349
4.36533
4.00172
4.22541
3.61376
4.39304
4.30960
3.67635
4.22294
4.31571
4.42783
4.15224
4.27610
4.39823
4.39201
4.13419
3.91449
4.32488
3.89438
4.41231
4.45407
4.41464
3.50878
4.38210
3.42017
4.25785
3.65723
4.18658
3.37258
3.22035
4.30198
4.26327
3.75715
3.70969
4.44681
4.31977
4.02347
4.06523
4.05225
4.49512
4.43130
4.41632
4.31268
4.24604
4.23471
4.45539
3.83026
4.34033
4.35254
4.30119
4.21954
3.83588
4.35370
2.65333
4.38922
4.31858
3.97669
4.30501
3.80749
2.22728
4.14235
2.98851
4.41614
3.92266
4.14101
3.98685
4.15565
4.23003
3.92771
4.02360
4.44390
4.38620
4.30162
2.76543
4.21046
4.31832
3.85928
4.37638
4.38094
3.96050
4.46873
3.92815
4.28117
4.14213
4.09498
4.18546
3.92491
4.42385
4.40922
4.04904
3.02303
4.39705
4.29968
4.43206
4.28190
4.09189
3.78144
2.63502
4.45684
3.50845
4.23896
4.29125
4.44668
4.35239
4.39516
4.38579
4.30550
4.10801
4.22621
4.09308
4.28159
4.32062
4.40913
2.21828
4.14544
4.32544
2.67740
4.47862
4.31377
4.31940
4.08596
4.25265
4.42213
4.34868
4.37541
4.16513
4.00735
4.19773
4.17792
4.42177
3.79215
4.22050
4.27944
4.39624
4.50863
4.48389
2.44718
4.17647
3.88403
4.48481
4.41164
3.89931
4.10255
4.10239
3.50445
4.44562
4.48392
4.03316
4.29596
4.32348
4.33583
4.41208
3.98734
4.47076
4.42094
4.24434
4.41664
3.67398
4.35202
3.68173
4.34824
4.25416
4.36625
3.99361
4.40197
3.97770
4.22791
4.37945
4.07087
4.43546
4.25966
3.64965
3.71498
4.28459
4.42892
4.26878
3.94418
4.34247
3.98369
4.02249
4.17462
3.65065
4.21721
4.31199
3.72018
4.38272
4.28849
4.16533
4.30996
3.91497
2.79866
4.51686
4.35581
3.93935
3.50913
3.79964
4.52471
4.26123
4.23220
4.24856
4.40985
4.44875
3.86201
4.02534
3.83502
4.22584
4.25059
3.12135
4.35495
4.43336
4.34800
4.32483
3.47694
4.06807
4.35177
4.22167
4.14143
4.18175
4.19841
4.41147
3.99725
4.33301
4.21169
4.06161
3.94659
3.12265
4.37784
3.93600
4.35610
3.34512
4.42505
4.07043
3.91857
4.04439
4.14794
4.29792
4.48272
4.41251
4.44782
4.37939
4.24280
2.97439
4.45352
4.03034
4.45947
4.26319
3.81310
4.43034
4.44997
4.01607
3.66300
4.33725
4.45273
4.28261
4.18231
4.46144
4.11654
4.40808
4.07419
4.29418
2.65213
4.19863
4.23601
3.64194
4.13505
4.20220
3.42156
4.08032
4.25554
4.26912
4.32733
2.84468
4.38473
4.42970
4.27509
4.33564
3.79636
4.42370
4.41036
4.27579
4.45768
3.73145
4.34780
4.26382
4.44177
2.04041
4.47403
4.01813
3.21386
4.15019
3.58483
4.15984
1.31533
3.54474
4.11138
4.33215
4.18968
4.43341
4.24032
3.89783
4.19534
4.43055
4.20919
4.12527
4.37491
4.21797
4.19516
4.20958
3.60556
4.12705
3.82517
4.45850
4.32313
4.08559
4.34399
3.81492
2.35543
4.31917
4.20505
3.59645
4.07018
2.03966
4.42790
4.44378
3.86859
4.33082
3.69835
4.06824
3.84951
4.45488
4.24706
4.16267
4.24970
2.61921
4.14185
4.15407
3.60979
4.06657
4.39829
3.88047
4.37293
4.03773
4.31940
4.42657
3.92093
3.56048
4.01168
3.91982
4.18755
4.46867
4.11437
4.11047
3.74316
4.32230
4.28857
3.83182
4.33161
4.30033
4.43232
3.76342
4.22604
4.27275
4.20852
3.91629
4.43014
3.15290
4.40141
2.92720
4.38070
3.50261
4.34428
4.21686
4.09618
2.46259
4.07942
4.43594
4.10069
3.26430
4.24537
4.02749
2.13729
4.49836
4.27094
3.36092
4.14663
3.83377
4.45026
4.33312
4.38525
3.55387
4.33370
4.40347
4.21510
4.22083
4.34684
2.95272
4.25675
4.00268
4.24318
4.35414
4.36400
3.93342
4.42905
3.81952
4.34332
3.88579
4.23190
4.43529
4.15038
3.26139
3.45878
4.00282
4.40937
4.29673
3.12906
2.84749
4.37093
4.22978
3.83492
4.46515
4.37445
4.42391
4.30562
4.21794
4.12309
4.23731
4.25718
3.97352
4.31502
4.34704
2.56819
4.13690
4.24119
4.29011
3.84219
4.16506
4.33874
4.16618
4.14600
4.38813
4.37624
3.56287
4.16398
4.29552
4.30582
1.63307
4.23709
4.40459
4.22232
4.01432
4.18352
4.40961
3.90252
4.22796
4.32830
3.67827
4.38191
4.26355
4.36633
4.35597
3.44104
4.11418
4.36880
4.35108
4.10427
3.95034
4.13824
4.47526
3.71876
4.21078
4.20935
3.54001
4.21887
4.07059
3.62356
3.68273
4.39962
4.17687
4.19650
4.45485
3.43576
4.44237
4.06419
4.30944
3.92551
4.06853
4.36577
4.34423
4.25890
4.37518
3.62005
4.39967
4.40464
3.44541
4.28736
4.41548
4.28800
4.28541
3.68957
4.30052
4.39771
3.57504
4.33118
4.18028
4.33576
2.22198
3.97516
1.97882
4.47331
2.86660
4.36982
4.30844
4.09606
4.36110
3.34612
4.22271
4.44758
4.13380
4.22371
4.47069
4.34772
3.89599
4.38285
4.16433
4.34399
4.43453
4.31710
4.18186
4.18689
4.10009
4.38972
4.10472
4.18972
4.29563
4.21501
4.44465
4.01350
4.44248
4.38754
4.29811
4.14720
4.41395
3.92867
4.05851
4.21467
3.96742
4.45269
4.10392
4.43032
3.72487
4.20363
4.33113
4.44318
2.93053
4.32268
4.28790
4.41346
3.87728
4.15186
4.30519
4.29657
4.06592
4.41917
4.39954
2.30077
4.10835
4.05329
2.34771
3.99994
4.42442
2.58585
4.46527
4.34828
4.34978
4.40469
4.16739
4.22269
4.23561
3.95598
4.39973
4.10838
4.24406
4.43538
4.49538
4.37693
4.44430
4.29676
4.46808
4.11126
4.14496
4.35518
4.08899
1.46755
4.38406
4.06923
4.23447
3.26156
4.29722
4.34598
4.26709
4.25194
3.58020
3.98960
4.30702
4.39989
4.23810
4.32758
4.33893
4.44549
4.22542
4.44539
3.72878
4.28006
4.30505
4.00808
3.78200
3.59810
3.80093
2.65819
3.53934
2.11708
4.31931
4.42751
2.85678
4.14465
4.38411
4.42342
4.39662
4.29942
4.43262
4.36431
4.46247
4.18414
4.04388
4.12730
4.34072
4.30421
4.19288
4.26292
4.10482
4.39511
4.34590
4.43533
4.41577
4.36382
4.26404
3.49317
3.77660
4.41197
4.15818
4.43842
3.89037
4.11365
3.54933
4.02471
4.02994
4.34000
2.67656
3.79751
3.89265
4.02869
4.26873
4.25765
3.40336
3.52957
4.41282
3.54337
4.18640
4.41969
4.09153
3.34471
4.35443
3.92764
4.42860
3.99399
4.38260
4.37270
4.03411
3.81785
4.17679
4.35574
4.43192
4.26346
4.47093
2.29158
4.35099
4.25426
3.86534
4.16789
4.33361
3.22328
4.12486
4.15324
4.25179
2.89863
3.91690
4.08626
4.36416
4.39200
4.17692
2.74061
3.92620
4.44874
4.28637
1.74183
4.46845
3.97021
4.40340
4.42524
4.27760
4.16634
4.45563
4.17075
4.31941
4.45845
4.40973
4.20800
4.36673
4.48103
4.47583
3.58346
4.00391
4.35968
4.29992
4.32403
3.81146
4.09300
4.33675
3.96379
4.43256
4.29411
3.81418
4.44096
3.80709
3.81354
4.18655
4.39571
4.48607
4.19281
3.18637
4.41407
4.41176
3.68760
4.12418
4.41910
4.28979
4.18153
4.38403
4.09467
3.93079
4.34933
4.00586
4.46157
4.48550
3.72716
4.02269
4.43463
4.40622
4.22640
3.72742
4.31795
4.21268
3.13686
4.34109
4.37710
4.28502
4.33867
4.01730
4.44023
3.86435
4.21592
4.26843
4.17529
1.97967
4.15112
4.46974
3.98794
4.42845
3.55411
4.07227
4.35722
3.81447
2.50742
4.14775
4.37670
3.92652
4.29551
4.24776
4.07826
4.32064
4.20272
4.37936
4.37468
2.04159
4.01772
3.35889
3.55959
4.28088
4.42198
4.45853
3.83844
4.02260
4.35539
2.89131
3.12393
4.43652
4.19291
2.85473
4.40892
4.33021
3.93321
4.33519
3.11599
4.41479
4.11458
4.32720
4.27648
3.30523
2.09093
4.46342
4.32535
3.78392
3.89352
4.12059
4.09156
3.29989
3.57292
4.42425
4.34049
4.40325
4.11266
3.79968
3.89933
4.48621
3.87100
4.50975
2.70745
3.59332
4.37881
4.17213
3.94669
4.35502
4.26062
3.90714
4.33689
4.37811
4.23654
4.00718
4.19598
4.13069
3.64046
4.36732
4.06785
4.25442
4.24878
4.41822
4.03996
3.97408
3.88262
4.39809
4.30750
4.38233
4.15443
4.30531
2.57583
4.39788
4.25119
3.79962
4.18128
3.48896
4.15568
2.73864
4.20317
4.08498
3.86258
4.27832
4.46851
4.20562
3.23157
4.29945
3.73463
4.37668
4.38623
4.25516
3.03226
4.44930
4.48314
4.12892
3.96390
4.28475
4.44629
3.34309
3.71971
4.39610
4.14868
4.14547
3.97929
4.06158
4.06668
3.52963
4.15334
4.22993
4.08249
4.42033
4.19972
4.16582
4.42990
4.39346
4.37724
4.20337
3.95051
4.41607
4.41861
1.69987
4.35289
4.32581
4.39398
4.15089
4.42341
3.92694
4.29583
4.21317
2.28981
4.38181
3.90483
3.78018
4.44855
3.92106
4.34773
4.34108
4.16552
4.28327
4.26713
4.35382
4.14478
4.24026
4.36051
3.69414
4.13621
2.44799
3.99461
4.45040
3.76222
3.91141
4.31829
3.87055
3.88883
3.92807
3.57204
4.42127
3.91309
4.32551
3.20616
4.47121
4.31921
4.16452
4.27077
3.75154
4.26842
4.16720
4.46429
4.37540
3.99470
4.21810
3.17615
4.28290
4.11610
4.33975
4.08603
4.38994
3.73014
4.19038
4.42402
4.31330
4.39870
4.37729
4.00647
3.89986
4.31993
4.03763
3.81379
3.95139
4.00498
3.54360
3.95842
4.34416
4.19286
3.52135
4.41678
4.20992
2.92661
3.93566
4.41525
3.87623
3.98224
3.95422
4.42431
4.47002
4.29491
4.10538
4.15559
4.20159
3.97306
4.16169
4.46159
4.17736
4.24771
3.40321
4.06202
4.18525
4.28178
4.44779
4.43156
3.99702
2.65179
3.89734
3.83594
4.38708
4.14345
4.18652
4.42634
4.39129
4.13737
4.41477
4.48596
4.48326
4.15878
4.33240
4.04084
4.26067
4.45259
4.34728
4.08547
4.36864
4.04155
4.24224
4.30653
4.34614
4.40785
4.01439
1.66630
4.42542
4.22381
3.27561
3.05622
4.37283
4.11632
3.47985
4.45557
4.12858
4.37466
4.32077
4.24703
2.34566
4.34356
4.22823
4.12932
4.07226
4.46938
4.19080
4.41175
3.63673
4.44278
4.18152
4.17338
4.44836
4.11840
2.87109
4.31689
4.37504
4.34896
3.80628
4.31354
4.35656
3.79224
4.14504
4.39554
4.49859
3.67031
3.27127
4.34287
4.07014
4.46623
4.43599
4.42896
3.52506
4.35433
4.37025
4.28900
4.33905
4.38680
3.99827
4.03385
3.28972
4.41799
4.41761
4.03260
4.41423
4.34285
4.16403
4.00468
3.37645
4.39481
4.44352
4.39915
4.36614
4.48193
4.34044
2.42055
4.02472
3.54199
4.33464
3.60178
3.89277
3.82689
4.39678
4.38877
4.25731
4.21633
4.30977
4.42583
4.05940
4.43691
4.26334
4.31565
4.48297
4.36364
4.19892
4.22029
4.38132
4.46253
3.95018
3.95490
4.45957
4.23276
3.81954
4.04193
4.31521
4.40768
4.41037
4.42783
4.11753
3.89943
4.41236
3.58332
4.27086
4.18456
4.35664
4.28287
4.04534
4.35629
3.71773
4.49759
4.43851
3.95408
3.04500
3.86961
4.42751
4.38511
4.37285
3.60714
4.41324
4.33158
4.43923
3.48384
4.36701
4.38322
2.10214
4.40907
3.99205
4.42588
4.32697
3.66582
4.08866
4.03742
4.40306
4.10428
4.40450
4.16493
4.37205
4.41013
4.47871
3.93751
4.28769
4.38556
4.23286
4.03965
2.09234
4.15825
4.48779
3.52420
4.45532
4.04618
2.83766
4.23346
3.82843
4.08515
4.44715
3.84604
3.58992
3.31806
3.98468
4.33592
3.69892
4.28411
4.38860
4.37802
4.20793
2.38203
2.97905
3.39805
4.24142
4.07926
4.03016
4.29734
3.25753
4.15245
4.40456
4.29593
4.09314
4.46288
4.15226
4.32898
4.51988
4.41089
4.24322
4.32290
4.25102
4.21608
3.75633
4.12564
3.88258
4.46140
3.32623
4.40764
4.30411
4.19484
4.18725
4.42875
4.21216
4.17822
4.38794
4.32930
4.35858
4.32608
4.19680
4.24085
4.42365
3.67929
2.26186
3.80529
4.25407
4.16194
3.29375
4.35440
4.31976
3.84105
4.35442
3.39911
3.45935
4.30367
4.33385
4.22635
4.39233
3.35187
4.27136
4.13808
4.42949
4.37258
4.24180
4.21156
3.81506
4.37923
4.39081
4.34775
4.21204
3.99304
4.41393
3.72393
4.35969
4.13957
4.48107
4.33354
4.31957
2.34256
2.90872
4.47176
4.23961
4.31087
2.47913
4.35369
4.35606
4.23860
4.43095
4.46710
4.38046
3.91787
2.78603
4.46111
3.96729
4.29865
4.43727
4.03865
4.38313
4.37677
4.39328
4.06159
4.31440
4.16927
4.19654
4.17079
4.15233
4.21714
4.38897
3.39119
3.96042
3.24224
4.20088
4.32333
4.45943
4.38647
4.07778
4.06378
4.46266
2.83688
4.25472
4.06123
3.85688
3.33692
4.37475
4.45394
4.45851
4.26096
4.33007
4.41438
4.31034
3.97980
4.10196
4.41070
4.24235
4.26598
4.46909
3.61962
3.95012
4.15862
4.14125
4.23313
4.40172
4.37927
4.46152
3.92266
4.28838
4.34505
4.27804
2.45825
4.36075
4.06810
4.30855
4.46173
4.24019
4.05191
4.06187
3.85447
3.87462
4.11812
4.34654
4.41211
4.42141
4.41920
4.45813
4.01653
4.30325
4.41674
4.03500
4.03244
3.37439
4.46605
4.18381
3.93615
4.46879
3.75590
4.36468
4.11623
4.26456
4.34006
4.07152
3.91622
4.44686
4.36487
4.52518
4.29279
4.30847
4.42356
4.44718
4.30309
4.23814
3.27563
4.31872
4.38155
4.38407
4.14872
4.40873
4.53169
4.24436
4.39870
4.38020
4.39850
4.37594
2.97603
4.36987
2.02038
4.34350
3.54081
3.70681
2.75869
4.18804
4.40718
3.99638
4.36054
4.41936
4.24444
4.23862
4.40638
4.36678
4.41586
2.35152
4.37374
4.28722
4.35743
4.43226
4.49173
4.25378
4.32613
2.58279
4.14827
4.37089
4.48612
2.57505
3.17681
4.43053
4.12839
4.05663
2.76487
3.47581
4.10520
4.17935
4.08484
4.33151
4.14071
4.45830
3.53504
3.97277
4.34628
4.26750
4.43066
3.45729
1.87745
4.09857
4.12021
3.15174
4.27572
4.05260
3.43887
4.17146
3.95708
4.38215
4.42416
4.31334
4.05991
4.46533
3.06770
4.43429
4.49502
4.09900
4.34037
4.46302
4.41741
4.24924
4.36359
4.42420
4.38564
3.56379
4.37025
4.36051
4.32939
4.28020
3.51834
4.41458
4.28130
4.10564
3.09364
4.34080
3.70875
3.98609
4.41856
4.38987
4.43689
3.78919
4.14971
4.42234
4.45718
4.42169
4.30598
4.13084
3.94199
4.29175
3.90426
4.17847
4.40785
4.37837
4.32455
4.31901
4.37614
4.41138
4.22160
3.98839
3.82680
4.23392
3.42613
4.36254
4.33890
2.35511
3.96380
3.95057
4.42436
4.20110
2.42547
3.62083
4.30806
3.66209
4.22060
3.51271
2.73402
3.94813
4.20128
4.28475
4.39628
2.54207
4.16858
4.35785
4.39042
3.97053
4.39876
4.26532
4.25637
4.02721
3.99130
4.07546
4.19307
3.60510
3.52090
4.33717
3.42299
3.72021
3.19777
4.48827
4.33990
2.70636
4.37607
4.45690
4.03914
3.53098
3.60374
4.09116
4.08450
3.62624
4.29025
4.17531
4.47484
4.45530
4.30361
4.41267
4.41271
4.43390
1.66744
4.29774
4.42380
4.17437
4.43198
3.94927
4.40336
4.41503
4.12989
2.96181
4.13345
4.09016
3.90667
4.40108
4.44219
4.35166
3.49355
3.91500
4.44098
3.47973
4.21840
4.45401
3.89451
4.23339
4.41573
3.75871
4.32345
4.33575
4.45732
4.34534
3.11908
4.39821
4.46959
4.24478
4.37239
4.18593
1.94528
3.07358
4.27766
4.38216
4.20473
4.33547
4.47490
4.35117
3.26093
3.94429
4.36496
4.38744
4.46636
4.36746
4.33631
4.17449
4.46868
3.37699
3.53614
4.31032
3.20513
4.15198
4.23719
4.47839
4.28467
3.66507
4.34067
4.43787
4.38869
4.31142
4.30214
4.26922
4.26009
4.05071
4.41032
4.40398
4.36349
4.23443
4.31385
4.46494
4.31508
4.42094
3.90593
3.83516
4.36536
4.43644
4.42953
4.43443
3.10497
4.33135
4.43743
4.50039
4.38024
4.47724
4.30641
4.41622
4.17598
4.39879
2.44134
4.45592
4.44345
4.10867
3.87528
4.38953
3.71679
1.72805
4.33563
4.42848
3.79474
3.66773
4.38443
3.64886
4.02414
4.38181
4.06256
4.12631
4.39718
2.22391
3.31583
4.14668
4.24734
4.48300
4.25579
3.70338
4.14752
4.22778
4.32054
4.24998
4.41355
3.57047
4.39866
4.49023
4.44253
4.30508
4.43452
3.82290
4.40973
4.20297
4.28952
4.42530
4.39595
4.37511
4.20148
4.39149
4.15218
3.36060
4.37856
4.45001
4.34464
4.07688
4.30611
4.29943
4.41418
4.39062
1.73720
4.25952
4.38015
3.87661
4.16586
4.48376
4.30456
4.38282
4.48560
4.32454
4.34075
4.24505
4.31448
4.16946
3.66684
4.41954
4.21160
3.84638
3.77450
4.43593
4.42171
3.79821
4.20776
3.72073
4.47697
3.85043
4.35765
4.38649
3.93637
3.50636
4.26466
3.61201
2.51639
4.28366
4.35139
4.29842
4.03284
4.41667
4.33280
3.88300
4.45621
3.80167
4.39814
1.74426
4.42950
3.68075
4.41981
3.99657
3.80569
4.33968
4.20092
4.37470
4.17882
3.75559
4.35281
4.42167
4.45205
3.60545
4.29900
2.49060
4.07309
4.18510
4.11279
3.79962
3.99690
3.04709
4.11435
4.22183
3.31764
4.14218
4.34477
4.41663
4.43726
3.24756
2.66444
4.29121
4.10424
2.46483
4.38563
4.22840
4.06423
4.38625
4.23896
4.26616
4.33808
4.40897
4.40583
4.51098
4.06229
3.97201
4.30094
4.49468
4.29824
4.37340
3.69935
4.31082
4.24995
4.34434
4.26870
4.45330
1.97878
4.26127
4.20984
4.18310
3.55096
4.46351
3.73918
4.45847
4.33484
4.12337
4.19256
4.44772
3.03407
4.06830
3.83788
3.79097
4.33188
4.36240
4.42266
4.03126
4.31729
4.07256
4.41508
2.99512
4.22273
4.10334
4.09191
4.44074
1.56055
4.19523
4.19194
4.27624
4.11933
4.35846
4.33527
4.10582
4.46123
3.82972
4.38408
3.39367
4.45005
3.96486
3.91317
4.26251
3.87223
3.81422
3.97712
4.37009
4.24275
2.84880
4.10608
4.34802
4.06244
4.27380
4.49319
4.15077
4.13861
4.47579
4.29957
4.37188
3.78436
3.80665
3.51726
4.33088
3.98019
4.10674
3.90371
4.18341
3.92815
