4.11697
4.38541
4.47212
4.44846
4.08063
4.24139
4.44558
4.41474
4.25233
4.33734
4.30279
4.47512
4.46918
3.26330
3.78965
4.21112
4.32866
4.47165
2.50736
3.76939
4.12114
3.96166
3.75094
4.33093
4.41726
4.47600
4.22624
4.38698
4.46572
3.81206
3.94742
4.51245
3.95447
4.11027
4.36714
4.33773
4.00066
4.30762
4.29501
4.47854
4.34563
4.19238
4.03679
3.38502
4.36886
4.00397
4.41788
3.76560
4.32219
4.49493
4.47787
4.40186
4.06639
4.50672
4.35328
4.49333
3.09321
4.24603
4.41580
4.17863
4.41527
4.17570
4.29169
4.26972
3.73232
4.06776
4.42257
4.45471
4.40569
4.02750
4.48612
4.51648
4.41036
4.24182
4.31444
4.21486
3.22803
4.41099
4.12110
3.97152
3.87319
4.39579
3.97515
4.06260
4.05309
4.43073
4.16226
4.45199
4.37672
3.12429
4.22295
4.44865
4.44770
4.38173
4.47037
4.49758
4.21142
4.48477
4.50101
4.35798
4.32158
3.26770
4.46406
3.97489
4.28803
2.96529
4.31344
4.49880
4.33667
4.34168
3.93525
3.74794
4.33552
3.82678
4.02566
4.00708
3.87139
4.35327
4.38173
4.22641
4.44968
4.45139
4.35423
4.35066
4.13020
4.47212
4.39924
4.46428
4.45636
4.24261
4.26733
4.34058
4.44864
4.36637
4.40010
4.37468
4.37558
4.45808
4.34530
4.40325
4.32880
4.47229
4.40411
4.40620
4.42173
2.97291
4.44052
4.39838
4.34539
4.38967
4.39067
4.49499
4.37292
4.40372
4.32543
4.49686
4.22787
3.73333
4.27954
4.39518
4.44099
4.47626
4.36430
4.19571
4.47456
4.39574
4.16938
4.25697
4.35321
4.34450
4.04379
4.06936
4.32908
4.37128
4.01079
3.33615
4.40225
2.38644
3.70088
4.41895
4.41631
4.35275
4.20271
4.38322
4.32569
4.47581
3.84969
3.87640
3.99586
3.73786
4.21830
4.49137
4.34714
4.28481
4.31590
4.19741
4.34477
4.39897
3.94326
4.36007
3.09901
4.45694
4.33271
4.14741
4.48051
4.43155
4.03485
4.49339
4.46438
4.48363
2.92498
4.37919
4.26012
4.38929
4.48290
4.24597
3.97161
2.25919
4.35484
4.46078
4.46774
3.91550
4.29248
4.50160
4.47744
4.13713
4.24704
4.50634
4.35593
4.38394
3.94446
4.01025
4.42181
3.50845
4.49502
4.42472
4.43235
4.25528
3.61597
4.47592
3.77709
3.86538
4.43005
4.24135
4.28359
2.67033
4.36718
4.45829
4.29691
3.85635
4.44171
4.49744
4.28864
4.44374
4.12963
4.40468
4.38757
4.43731
4.25205
4.33661
4.41021
2.80445
4.48068
4.40513
4.27760
4.34795
4.29142
4.02199
4.06567
4.28744
4.05233
4.40453
4.31076
4.21780
4.38370
4.28589
1.95271
4.38525
2.88816
3.77412
4.28585
4.49972
4.24347
4.19351
2.99203
4.44167
3.93727
4.41159
4.32673
4.38406
4.38680
4.44482
4.35714
4.46628
3.95704
4.31001
4.17646
4.43241
4.42014
4.29723
4.07778
4.48815
4.51253
4.09863
3.89151
4.23935
3.90011
4.27578
4.37360
3.68137
4.37640
3.73164
3.50258
4.30011
4.45615
4.43311
4.37122
4.47915
4.43898
4.38064
4.45736
4.48832
4.42267
1.80676
4.34281
4.03397
4.30006
4.41184
4.47187
4.28756
4.47137
4.23662
3.60479
4.00082
4.44099
4.21021
2.42267
4.34306
4.45304
3.32886
4.23006
3.80054
4.22042
2.82432
3.41537
4.34532
4.38716
4.23153
4.28782
4.43289
4.36520
4.19089
3.81507
4.43340
4.25477
4.47297
4.36028
3.99082
4.42617
4.44981
4.40037
4.12082
4.49700
4.37973
4.36414
4.23330
4.27774
4.42763
4.40484
4.41354
4.43896
4.12220
4.16164
4.33169
4.50265
3.80381
4.24220
2.99415
3.98493
4.19277
4.43532
4.26030
3.61964
4.51181
4.30998
4.36978
3.98375
3.05780
4.37760
4.33051
4.37841
4.03892
4.53114
3.66321
4.43376
4.39453
4.41941
4.49576
4.27636
3.72202
4.13075
4.47944
4.46851
4.43459
4.26840
4.37721
3.83969
4.08361
4.43489
4.39609
4.45935
4.46803
3.04969
4.40290
4.43088
4.40522
4.39365
4.48179
3.39913
4.37968
4.43929
4.47771
4.43319
4.41534
3.85182
4.24646
4.22311
4.28976
4.36745
4.39684
4.22110
3.59009
2.51324
4.25914
4.44806
4.32710
4.52369
3.81043
4.09163
4.47205
4.11696
4.39264
4.08462
4.47724
4.16917
4.31515
3.94264
4.34322
4.17978
4.34736
4.06610
3.85836
4.26523
4.25420
4.38922
3.71374
4.25915
4.36933
4.47237
4.22605
4.43765
4.40357
2.60520
4.33581
4.09852
4.35677
3.94591
3.91822
2.34168
4.33252
4.17074
4.43670
4.28446
4.42102
4.36856
4.49738
4.39518
4.38577
4.41733
4.35955
4.36894
4.29528
4.38930
4.49569
4.31029
3.57423
4.16345
4.31099
4.27569
4.28157
4.31040
3.75264
4.33006
4.43140
4.45960
4.28086
4.43575
4.34795
4.42090
4.36779
4.39460
4.02320
4.42070
4.16340
4.45969
3.94681
4.33682
4.38529
4.33911
2.35509
4.41949
4.27885
4.05370
3.27985
4.12094
3.15139
2.08597
4.43330
2.27304
1.65434
4.29293
4.52694
4.46723
4.42783
1.72964
4.41908
2.64545
4.23996
4.39115
4.07120
4.43981
4.39980
4.42299
4.37308
4.33926
4.06241
4.47208
4.44321
4.09409
4.39817
4.27332
4.09588
4.27337
4.39556
4.42042
3.88217
4.32980
4.43127
4.07121
4.38126
4.43591
4.23733
3.08642
4.41075
4.22243
4.23491
2.18141
4.39088
4.45779
4.39672
4.14033
4.41192
4.21489
3.98230
4.31846
4.51715
4.29590
3.68772
4.31657
4.48854
4.40218
4.33220
4.44657
4.45107
4.11679
4.03395
4.27550
4.18543
4.51722
3.58572
4.47183
4.41942
3.27978
4.39690
3.56254
3.89906
4.35040
4.26479
4.29759
4.17924
4.38257
4.37659
4.08103
4.47466
4.29434
3.56550
4.48959
2.02608
4.03253
4.41953
4.07978
4.16350
3.53468
4.35259
4.52922
4.35394
4.36203
4.49705
4.47143
4.30817
3.19326
4.26627
4.34166
4.18063
3.95059
4.24616
4.23039
4.19720
4.49772
4.25726
4.02873
3.30797
4.47021
4.29252
4.37009
4.16314
3.89249
4.43225
3.82498
2.01553
4.05051
4.25605
4.36383
4.33250
1.87050
4.32564
4.21945
4.51268
4.10444
4.42701
4.51814
4.42202
4.39271
4.27574
4.48517
4.36245
4.46557
3.81100
4.05259
3.98687
4.39613
4.44759
4.36611
4.44827
4.40151
4.35682
4.49259
4.45360
4.27204
4.47717
3.96543
4.31310
4.32056
4.50320
4.32110
3.31294
4.29759
4.46903
4.39551
4.44383
3.70472
2.08606
3.91465
4.35110
4.36776
3.47919
4.18739
3.91038
4.36887
3.96495
4.29977
4.43755
4.43422
4.04187
4.41008
4.20879
4.01615
4.44735
3.58047
4.47755
3.95183
4.34739
4.03553
2.54231
4.45623
4.15315
4.37487
3.90364
2.43255
4.35399
4.49891
4.37014
4.44642
4.30673
3.79186
4.21537
4.38214
4.44173
4.29584
4.45881
4.44350
4.23652
4.45420
3.64688
4.30541
3.27248
4.20738
4.45526
4.20178
4.30870
4.45353
4.20047
2.77821
4.30879
4.35449
3.22464
4.40246
4.38629
3.06016
4.29884
4.29879
3.69116
4.43584
4.36003
4.10302
4.32913
3.86374
4.37844
3.37785
4.44942
3.86724
4.15054
4.24841
4.47604
4.25252
3.75783
4.25942
4.23128
4.33872
1.69920
4.32404
4.13932
4.37853
2.94663
4.38498
4.15798
4.45400
4.30033
4.26207
3.99647
4.16700
4.38321
4.33482
3.11638
4.37733
4.42808
3.64166
4.51538
4.26501
4.28617
4.18549
4.33893
3.94950
4.18458
4.46383
4.18490
3.25814
4.35839
4.52770
4.46232
3.83531
4.38729
4.43018
4.24669
4.27481
4.04617
3.91896
4.47377
4.11644
4.40976
3.81180
4.34173
4.50626
2.94047
4.46955
4.29306
4.44458
4.41761
2.99630
4.44243
4.04138
4.25617
4.41224
4.48537
4.15164
4.35035
4.44764
3.72886
4.39058
4.33386
4.05386
4.49138
4.08663
4.39203
4.38346
2.96704
3.46267
4.41821
4.51279
2.54936
4.37246
4.41929
4.45080
4.48665
4.04040
4.44459
2.88410
4.08452
4.36929
3.79791
3.97037
1.42975
4.32548
4.33807
4.40921
4.05500
3.95840
3.40174
4.39749
4.46833
4.47577
2.71484
4.41774
4.35610
4.39387
4.41729
4.45991
4.44632
3.56323
4.34618
4.36645
3.89445
4.47668
4.29415
4.37240
4.34250
4.38329
4.40543
4.08965
4.06905
4.10480
4.17724
4.25991
3.71685
4.37940
4.47392
4.11805
4.38956
4.27076
3.71998
4.47845
4.23403
4.24675
1.60188
4.15271
4.30618
4.36983
3.96163
4.30098
4.30678
4.22239
4.05348
3.72972
4.31864
3.87292
4.21005
4.38982
4.48255
4.36301
3.75117
4.25347
4.03157
4.47937
4.41292
4.36078
4.44765
4.12621
4.39069
4.13799
4.33660
4.35001
4.39790
4.39960
3.76229
3.63956
4.02393
4.50817
4.38865
3.17480
4.41682
4.49040
4.34144
3.90617
3.95630
4.13544
4.17733
4.38908
4.47194
4.48065
4.33863
4.35462
4.46743
4.43492
4.37893
4.38725
4.25286
4.02182
4.44909
4.41254
4.42214
4.27121
4.10861
4.07203
3.55430
4.35280
3.98727
3.93419
4.47996
4.12555
4.50602
4.11023
4.34911
2.96911
4.37628
3.78014
4.21730
4.43736
4.11490
4.05706
4.51592
4.43864
4.13598
4.34744
4.24961
4.37804
4.50764
3.35408
4.36125
3.72653
4.00244
4.37372
4.31783
4.20710
4.47645
4.42768
4.25192
3.31603
4.20013
3.61332
4.38985
4.16261
4.23619
4.39550
3.75000
4.49248
4.09636
4.32985
4.48134
4.33594
4.29029
4.46926
4.16688
4.37045
4.40409
4.48242
4.48090
4.40496
4.42757
4.51311
4.31742
3.81186
4.28837
4.45605
4.45171
3.83636
4.29017
4.32355
4.14343
3.54692
4.46825
4.51678
4.05706
4.18880
3.04335
4.42470
4.43635
3.99452
4.17543
3.11157
4.25309
3.89038
4.45879
4.46430
4.33929
4.40262
4.38741
4.42260
4.38601
4.15865
4.18006
4.42263
4.13873
4.42016
4.49315
4.28219
4.47425
4.40688
3.91643
4.37995
3.62006
4.46407
4.16693
4.30185
4.27745
4.48258
4.16088
4.48514
4.08747
4.22801
2.43490
4.09826
4.39680
2.00370
4.27043
4.08193
4.38296
4.24486
4.37181
4.47938
3.20877
4.34805
4.46684
4.43736
2.45742
4.13506
4.34796
4.29232
4.27909
4.39496
4.38601
4.26009
4.35165
4.16875
3.99451
4.13770
4.29291
3.71601
4.45443
4.46513
4.33343
3.67016
4.16420
4.41032
3.68288
4.42407
2.73568
3.73902
4.42169
3.65726
4.32018
4.21859
4.46222
4.10170
4.49918
4.26225
4.38423
4.23407
3.42638
4.30142
4.45671
4.10857
3.94868
4.38904
2.41314
4.21974
3.96332
4.03537
2.63557
4.41322
4.41839
4.11253
4.48041
4.41625
4.45978
4.24429
4.20582
4.20552
3.71005
4.13129
4.09009
3.90098
4.45002
3.84311
2.82090
3.83821
2.45216
4.39940
3.47515
4.33986
4.43594
4.24955
4.24990
3.73741
4.49723
4.37530
4.50331
4.29417
4.26905
4.37229
3.50633
4.38244
2.99278
4.44501
4.35408
3.96756
3.51992
3.19089
1.83329
4.47156
4.42953
4.44586
4.27963
4.07353
4.39580
4.29368
4.39820
4.42462
4.54149
4.46523
4.29952
4.30800
4.37084
4.31003
3.88761
4.33844
4.48541
4.19559
2.97341
4.30589
4.36800
4.39746
3.45903
4.40560
4.28149
4.31317
4.28327
4.16263
3.59518
4.37761
4.42653
4.46196
4.10867
4.39754
4.47534
4.40835
4.42967
4.39360
4.25279
3.77418
4.45526
4.14753
4.33737
4.22258
4.30193
4.41543
3.67683
4.36467
4.42629
4.40067
4.42123
4.45634
4.07897
4.34032
2.86892
4.43740
4.23143
4.07554
4.31633
4.37725
4.48883
4.36563
4.50075
4.52046
4.01017
3.91583
3.92595
4.37053
4.39794
4.53049
4.17521
4.41682
4.32146
4.42110
4.27106
3.98882
4.37220
4.41394
4.31974
4.22061
4.30287
4.47248
3.85127
4.43582
3.64865
4.25465
3.77845
4.47998
4.41664
4.23320
3.15969
4.48175
4.48827
4.31299
4.38122
4.21301
4.44213
4.30898
3.69918
4.51248
4.50575
4.13154
4.38447
4.51041
3.82537
3.54718
2.77871
3.70482
4.40285
3.88098
3.43950
4.13486
3.92454
4.32292
4.35691
4.30669
4.44779
4.12717
3.89318
4.29344
4.46185
4.50763
4.50943
4.39637
4.33462
4.42635
3.83198
4.27413
4.36309
4.43159
3.35556
4.33081
4.37812
4.39649
4.42999
4.44665
4.47973
4.36155
4.39729
4.42848
2.58533
4.35435
4.35153
4.49662
4.40428
4.44898
2.25172
3.73923
4.44748
4.34794
4.35549
4.38041
3.93427
4.34235
4.26460
4.41332
4.34042
4.49989
4.50544
4.08039
3.87642
4.47015
4.27072
4.49474
4.08754
3.95236
4.49975
4.41715
3.66882
4.15958
3.70393
4.20611
3.51078
4.27822
4.42352
4.13470
4.25090
4.06199
1.75481
4.37823
3.80475
4.39011
4.21045
3.84688
4.47872
4.26092
4.33763
3.49405
4.41790
4.50431
4.50323
4.23649
4.43913
4.03505
4.39504
4.51530
4.33236
4.48740
4.40576
4.42644
4.49102
4.32353
3.87335
4.34218
4.44339
2.86977
4.39309
4.42187
4.34492
4.27444
4.19034
2.70935
4.32419
4.42071
3.68827
3.89634
4.20820
4.39639
4.13197
4.39939
4.30516
4.28934
3.92318
4.02135
3.82545
3.79687
3.94021
4.45470
4.46343
3.25001
4.27240
4.12769
4.41349
4.12196
3.70865
4.44745
4.36525
4.33578
4.44255
4.37676
4.34506
4.05167
4.43047
4.45686
4.30103
4.07654
4.27014
4.46139
4.28053
4.13383
4.22744
4.43808
4.28468
3.60864
3.24799
4.44854
4.43600
4.13175
4.42239
4.12312
4.41110
4.42086
4.32064
4.25841
4.32969
3.72649
4.42162
4.40321
4.35009
4.53396
4.39363
4.41317
4.21744
4.30499
4.49957
2.84872
4.04772
3.81737
4.38421
4.37682
4.33843
3.93763
4.42056
4.27823
4.45336
4.23100
4.20038
4.09763
4.11738
4.11306
4.36621
3.90283
4.46646
3.50236
4.23605
3.96982
4.37847
3.76401
4.26081
3.79614
4.40943
4.40262
3.89466
4.38763
4.33735
4.50513
4.40504
4.35542
3.89095
4.47331
4.46644
4.45537
4.48593
4.41697
4.48186
4.35962
4.46327
2.79128
3.90510
4.45815
4.08218
3.78642
3.89357
4.36875
4.06728
4.44911
4.10459
4.28314
4.09600
4.50043
4.43231
4.25600
4.51727
4.24441
4.37392
4.38563
4.07630
4.41751
3.48080
4.44615
4.19281
4.38109
4.45274
4.50502
4.26564
4.50665
3.72738
4.35716
4.44425
4.52090
4.43794
4.46068
4.42953
4.11414
4.47958
4.02437
4.46478
4.31541
4.08229
4.43503
4.31534
3.94525
3.57941
4.41090
4.41024
4.32956
4.20650
3.98465
4.27753
4.22555
3.90896
4.47526
4.50365
2.86090
4.16490
4.37058
4.26628
4.39279
4.45592
4.21859
4.34987
4.38975
4.46262
4.40778
4.45990
4.45583
3.99214
4.50993
4.35392
3.99503
4.32888
4.44883
4.38106
4.44593
4.02637
4.21696
4.17383
4.46631
4.41835
4.42295
2.33711
4.28058
4.27316
3.84492
3.90409
4.31534
4.16452
4.47897
4.37929
4.45711
4.33925
4.00349
4.37589
4.46564
4.17146
4.05616
4.44969
4.35391
4.50647
4.32656
4.40476
4.44235
3.98123
4.38370
4.37771
4.48363
4.27537
4.16227
4.44048
4.37775
4.49625
4.40121
4.46281
4.41309
4.43963
3.42434
4.43719
3.59170
3.80667
3.21856
4.36291
4.07992
4.45974
4.01816
4.31010
4.26189
4.42581
4.21256
4.18912
3.92828
3.27187
3.99876
4.44170
3.90194
4.29733
4.33022
4.01068
4.43854
4.48019
4.05963
4.36857
4.32650
3.83811
4.48013
4.19050
4.36618
3.94840
3.97661
4.36191
2.81115
4.54641
4.44247
4.42731
3.92794
4.50231
4.41531
4.28115
4.38802
4.40390
4.23051
4.37997
4.33459
4.39161
4.35087
4.44307
4.32214
4.27098
4.37976
3.64585
3.94590
4.45632
3.78174
4.05403
4.48313
3.19720
4.47359
4.37024
4.37425
3.93721
4.38436
4.43792
4.40973
4.34505
3.48904
4.45276
4.10672
4.25425
4.32047
4.40958
4.20567
4.27323
3.60643
4.45591
4.05471
4.25920
4.19257
4.30078
4.17967
4.29593
4.44650
4.37309
4.32071
4.18380
4.39128
4.07746
4.42630
4.50960
4.38725
3.19191
4.46936
3.97819
4.47966
4.09319
4.40109
4.17935
3.66952
4.35043
4.38618
3.80824
4.45482
4.39028
4.26681
4.30378
4.10149
3.98973
4.47392
4.34385
4.46389
4.26934
4.35414
4.43934
4.02956
4.27021
4.43519
4.14326
4.36863
4.27291
4.42931
4.46520
4.40135
3.99747
4.46268
4.21804
3.28708
3.76817
4.07790
4.12990
3.88101
4.46425
4.20068
4.39772
4.19428
3.82534
4.16918
3.11321
4.29941
4.34486
2.23246
4.37631
4.31602
4.00989
4.22181
4.32837
3.69042
4.39608
4.16685
4.31704
4.02940
4.16809
3.96466
4.43686
4.40728
4.23952
4.46189
4.26239
4.45840
3.98295
4.49979
4.38395
3.96097
4.31442
4.33060
4.46264
4.23438
2.75373
2.75764
3.87127
4.48706
4.44252
3.73244
4.30935
2.37417
4.34914
4.31483
4.48285
4.45987
4.29378
4.41858
4.50003
3.94971
4.45929
4.19924
4.41949
4.29511
4.27930
3.75023
4.13238
3.92344
4.35736
4.05624
3.19788
3.58653
4.31437
4.36430
3.70740
4.44398
4.48619
4.46492
4.32581
4.51276
4.28342
4.34712
3.31804
4.03050
4.39264
4.07191
4.44722
4.15030
4.46663
4.39579
3.54561
4.44135
3.99633
4.16066
4.42949
3.95892
4.51787
4.46229
4.48107
4.15593
4.40333
4.32904
4.06799
4.40842
4.39859
4.30309
4.19869
4.02622
4.43275
4.11549
4.46518
4.05121
3.87421
4.03616
4.42476
4.44761
4.02847
3.66250
4.43223
3.89154
4.14831
4.34311
4.43258
4.36009
3.64753
4.44106
3.83877
4.08086
4.18284
3.27060
4.39445
4.21128
3.45974
4.11870
4.49928
4.35773
4.48199
4.31306
4.19995
4.49596
4.43080
3.79123
4.48566
3.52525
4.19707
1.99887
4.42347
4.23344
4.35286
4.30647
4.07160
4.43556
4.51379
3.24437
4.49042
2.33481
4.49935
4.29762
4.02511
4.42242
3.71431
4.27121
4.34157
4.40828
3.57292
4.46080
4.45234
3.58503
3.67580
3.84597
4.15259
3.54644
4.12325
4.31265
4.26978
4.42250
4.28436
4.47340
3.49455
3.89042
4.38917
4.42980
4.31720
4.33726
4.04065
3.50020
3.35195
4.44236
4.42732
4.30662
3.23761
3.76558
4.35013
3.90100
3.55495
4.38242
4.29857
4.06020
4.42815
3.87489
4.30510
4.16500
4.35696
4.27053
4.01723
4.43310
3.02663
4.45012
4.51933
4.46591
4.20738
4.22668
4.34240
4.33436
4.37944
4.12284
4.24200
4.34848
4.38812
4.34249
4.50781
4.37006
4.45083
4.42933
4.32076
4.33310
3.66266
4.24705
4.24478
3.93183
3.60661
4.31107
4.42838
3.70608
4.41757
4.44663
3.34765
4.47901
4.45851
3.93352
4.08553
4.50271
4.24103
3.63892
4.21397
4.46893
4.34830
4.43271
3.83352
4.20847
4.29997
4.09645
4.32413
4.41681
4.14224
4.46326
3.87301
2.62980
4.33094
4.14443
2.13311
3.92529
4.44733
4.18423
4.25527
4.39491
4.37086
2.19896
4.49269
3.92944
4.40878
3.85583
4.12962
4.13988
4.39022
3.42229
3.86485
4.38489
4.31970
4.50033
4.32040
4.48281
4.45645
3.82497
4.01393
4.48777
3.94552
3.16486
4.22341
4.03276
4.44317
3.87332
4.44715
4.21953
4.03159
4.31135
4.37840
4.42123
4.13092
4.31529
4.43025
4.28248
3.69120
4.18535
4.39066
4.29682
4.26899
2.79116
4.01936
2.85103
4.23912
4.41891
3.26678
4.03420
4.06978
4.46381
4.03550
4.53941
1.86040
2.93217
3.68243
4.39264
4.39825
3.87132
4.13023
4.30882
4.46022
4.37663
4.43505
4.04076
4.40262
4.07825
4.33606
4.48729
4.43489
3.75370
4.46430
4.47270
4.15679
3.69502
4.27839
3.22382
4.42924
4.15443
3.74333
4.36818
4.29166
4.41373
4.34458
4.36354
4.13332
4.40276
4.37222
4.09087
4.26098
2.79812
2.98224
3.83203
4.10406
2.22970
4.22569
3.18587
4.28776
4.32750
4.52513
4.33721
4.00962
4.10572
4.24984
4.46104
4.32784
4.51702
4.34355
4.16217
4.30904
4.51389
4.39149
3.32172
4.05440
4.35652
4.47313
4.48398
3.40810
4.37423
4.29223
4.43419
3.67282
3.73362
4.36427
4.21390
4.36615
4.35407
3.19140
4.45669
4.17878
4.10913
4.23199
4.37761
4.26575
4.00787
4.24226
4.46947
4.44957
4.40011
4.25264
4.21848
4.26280
4.50887
4.51543
4.03352
4.30770
4.32993
4.33769
4.02349
4.46192
4.44261
4.21816
4.33877
4.24194
4.15246
4.46053
4.31775
4.41392
4.43142
4.29421
3.97782
3.84066
4.39005
4.43575
4.46582
4.31953
4.38095
4.50521
4.38301
4.03420
4.34531
4.22723
4.30340
3.18697
3.29568
4.32585
4.04398
4.00081
4.28056
4.39602
4.46448
4.50055
4.41813
4.45044
4.43234
2.85263
4.38360
4.41778
4.35427
4.51473
4.39333
4.46251
4.32568
4.28849
4.12710
4.24328
4.25963
3.63759
4.18175
3.36601
3.72539
4.25958
3.79727
4.38135
4.44188
4.18464
4.49282
4.48544
4.40927
4.25987
4.14441
3.22043
4.45232
4.26549
4.43170
4.47432
4.37268
3.91566
4.44460
4.46751
4.31905
4.31899
4.45031
4.41208
4.39469
4.33779
4.29180
3.89542
4.49812
4.45651
4.34109
4.50526
4.38987
4.16753
4.36945
4.40035
4.36178
4.36291
3.84232
4.21713
4.40030
4.42644
4.34986
2.70146
4.10513
4.24348
4.32816
4.41819
3.73624
4.40677
4.43861
4.38216
3.35963
4.51215
4.17631
4.42074
4.22730
4.48117
3.97549
3.61028
4.22048
3.54810
3.36974
4.22571
4.41584
1.52307
4.21863
4.34876
4.44286
4.00790
3.77962
4.29845
4.00945
4.34204
3.51765
3.75617
4.12679
4.29680
4.45527
4.01963
3.02624
4.17548
4.06067
2.81248
4.42633
4.34757
4.50877
4.38369
4.43563
4.40696
4.18939
3.22726
4.13121
4.19938
4.45016
4.47045
4.48817
4.38621
4.33238
4.32848
4.43138
4.48630
3.81821
4.45465
4.38562
4.42601
4.11671
4.29514
4.14187
4.31354
1.67324
4.37012
4.45219
3.81748
4.37826
4.06482
4.04102
4.41698
4.38990
4.28766
3.57884
4.47236
4.35622
4.37832
4.16684
4.37973
4.50845
4.51126
4.16609
4.06254
4.46656
4.46246
4.48676
4.41863
4.50115
4.27878
4.08072
4.48363
4.42475
4.25514
3.08617
4.33868
4.23843
4.25281
4.23516
4.38847
4.35575
3.99386
4.45249
4.51662
3.04649
4.43245
4.35876
4.30251
4.30719
4.29747
3.89376
4.33401
3.06634
3.98770
3.72739
2.73632
2.78054
4.03112
3.96435
4.15661
4.36831
4.34411
3.94768
4.27812
4.06726
4.12101
4.47027
4.43477
4.33127
4.30994
4.47588
4.17529
4.31975
3.85953
4.38887
4.53944
4.08701
4.46356
4.22198
4.21261
3.55265
4.41738
4.44899
3.01118
4.23296
4.08595
4.17695
4.40446
4.30191
4.32062
4.44771
3.71909
4.32448
4.47267
4.35010
4.46386
4.32361
4.41147
4.33931
4.50801
4.44012
3.41092
4.45422
3.99791
4.23844
3.48477
4.51260
3.41455
4.24090
4.39475
3.50998
4.31021
3.47073
4.33828
4.39113
4.35990
4.23243
4.37133
4.48310
4.36331
4.39948
4.44123
4.46410
4.13903
4.48322
4.23092
4.48425
4.40143
3.61504
4.25687
3.84388
4.18232
4.31351
4.40625
3.19708
4.21673
3.35766
4.00838
4.41253
4.38857
2.90572
4.28434
4.48018
4.43326
2.82047
4.18693
3.75193
4.44407
4.19592
4.23383
4.20055
4.48157
4.41139
3.08120
4.42951
3.14422
4.44913
4.34523
4.21584
4.27891
1.59919
4.25899
4.32646
4.33629
3.76543
4.32439
4.18638
3.73345
3.74717
3.90408
4.41969
4.39660
3.30856
3.92783
3.91084
4.12746
3.54171
4.38374
4.23949
4.21281
2.90645
4.48704
4.48668
3.93402
4.21933
4.53167
4.46167
4.43288
2.99098
4.45446
3.68023
3.86191
4.39794
4.50358
4.34306
4.44482
4.24275
3.13132
4.13586
3.99959
3.80043
4.39586
4.28972
4.39617
4.34123
4.17258
4.38740
4.25740
4.16151
4.24625
4.41568
4.49894
4.42654
4.35521
4.46207
4.14347
4.11663
4.44308
2.71489
4.33332
4.39953
4.14975
4.43523
4.38809
3.56859
4.37023
4.42256
4.52112
4.51067
3.97387
4.11051
4.22269
4.22196
4.44740
4.24118
4.35603
4.45702
4.21380
4.04021
3.94220
4.34313
3.54975
4.20814
4.44180
4.32899
4.29666
2.83405
4.36481
4.45998
4.32595
4.39781
4.44633
4.33835
3.01811
4.24675
4.25985
4.38566
4.15002
4.48064
4.44800
3.64243
4.37515
2.08435
4.07380
4.28051
4.49351
4.42856
4.12082
3.47407
4.01976
4.26327
4.18586
4.42976
4.36466
4.40355
1.74691
4.45051
4.11552
4.44037
4.17237
4.48412
3.64350
4.38293
4.25360
4.31499
4.45926
4.48085
4.23576
4.47012
4.08613
2.64349
4.35627
4.44228
4.42867
4.34632
4.21030
4.37840
4.24289
4.41631
4.14172
4.44750
4.44814
4.06653
4.47573
2.65646
4.40016
4.17812
4.32196
4.36005
4.32463
4.40639
4.45818
3.97187
4.33220
4.45113
4.31130
3.66529
4.49209
4.37434
4.16592
4.33657
4.48382
2.29725
4.10780
4.36629
4.49328
4.19027
4.47395
4.49972
3.59756
4.51959
3.63308
4.39879
3.89586
3.23718
3.77491
4.42564
4.35278
4.30540
4.41615
4.46800
2.13890
4.44847
4.37981
4.38455
4.34298
4.31356
4.40320
4.39602
4.30782
4.46470
3.94323
4.37562
4.34358
4.47533
4.27346
3.67456
2.89174
3.88856
4.31343
4.00246
4.15285
4.48036
4.32182
4.45470
4.43399
4.33547
4.49016
4.28832
4.32908
4.34268
4.51138
4.19913
4.12060
3.97642
3.99328
4.37875
4.26714
4.06746
4.36723
4.37816
4.29395
4.52768
4.38103
4.48645
4.21960
4.54024
4.38786
4.40013
4.52945
4.39615
3.60908
4.49335
3.44926
4.30451
4.48877
4.28817
4.26858
3.76312
4.46753
4.15954
4.35632
4.48837
4.41643
4.15229
4.47572
4.34771
3.96593
4.37877
3.94055
4.11613
4.42813
4.12466
4.32082
3.64414
4.27432
4.14577
4.25991
4.10094
4.31575
4.34150
3.92223
4.44363
2.53085
4.20332
4.22689
4.16127
4.40269
4.36435
4.44527
4.09684
4.46873
4.47790
4.51028
4.26235
4.30851
4.38992
4.35123
4.36238
4.37750
4.27613
3.89724
4.35207
4.43000
4.21155
4.30605
4.47569
4.20655
4.30871
4.51016
4.31987
4.34717
4.47698
4.40357
3.86730
3.79810
4.41409
4.30357
4.48166
4.32961
3.69762
3.32644
4.30010
4.35755
4.31358
4.46047
3.65737
3.76786
4.35784
4.32743
4.42755
4.22045
4.30290
4.12912
4.38364
4.51852
4.14327
4.18424
4.40721
4.39750
4.48431
2.52161
3.47528
4.04774
4.34176
4.37206
4.49862
4.19433
4.40475
4.48250
4.19130
4.10887
4.22151
4.19782
4.40777
3.98642
3.02684
4.45153
4.30271
4.22158
4.21613
4.04827
2.95579
4.42707
4.26784
4.40089
4.44520
3.94675
4.26538
3.65615
4.16171
4.40467
2.85063
4.26843
4.10567
4.31220
4.47297
4.18290
3.75956
4.40703
4.44989
4.45835
4.02144
4.35861
2.37771
4.49403
4.48482
3.81941
4.50003
4.35555
4.29835
4.38633
4.40652
3.48367
4.43459
4.43132
3.95687
4.43777
4.25815
4.41850
4.46876
4.27182
3.96087
3.57811
3.19806
4.09891
4.38078
4.41214
4.03402
4.33379
4.44436
4.49353
4.44034
4.47683
3.34878
4.39467
4.39370
4.48573
4.49764
3.70572
4.26215
3.48132
4.49926
4.41945
4.41056
4.39371
4.45705
4.41874
3.97485
3.55975
4.44417
4.39871
4.34075
4.41830
4.30540
3.83474
4.42502
4.39744
3.99905
4.30394
4.44343
4.31529
4.37502
4.46064
1.14559
4.45298
3.63736
4.39636
4.04553
3.98684
4.33195
4.12649
4.27031
4.49879
4.46493
4.32275
4.45730
4.43318
4.29972
4.38308
3.90142
4.38558
4.34428
4.43538
4.24672
4.43536
4.12692
3.81584
4.18340
4.41998
2.09215
4.43937
4.14415
4.14807
4.41255
4.41021
4.30579
4.43139
4.43003
4.36970
1.99281
4.45049
4.37399
4.42708
3.98312
4.22784
4.25006
4.44597
4.42485
4.26148
4.46415
4.33960
4.48914
3.02170
4.29636
4.04550
4.18423
4.20306
3.75922
4.29485
4.48421
4.35850
4.49322
4.28021
4.36914
4.37790
4.39519
4.48379
3.81254
4.28939
4.22198
3.79246
4.46485
4.47159
4.50563
4.26308
3.72570
4.48226
3.92976
4.42728
4.39607
4.34429
3.28544
4.49240
4.43657
4.48569
4.41330
4.38891
3.48106
4.32657
4.45336
4.43332
4.39132
3.59446
4.49270
4.47796
4.44346
2.65077
4.38969
4.24774
4.07824
3.76909
4.44996
4.21853
4.35050
4.46161
4.46886
4.45009
2.08913
4.40537
2.69747
4.46944
3.51691
4.00143
4.33842
3.71684
4.36066
4.40476
3.85596
2.62992
4.37362
3.36186
2.58160
3.92273
4.22019
4.04350
3.97080
4.26018
3.86351
4.46812
4.32727
4.12933
4.17152
4.31070
4.34572
3.85171
4.29490
4.20693
4.32675
4.14758
4.34655
4.28970
4.43332
4.37804
4.48387
3.90581
4.46028
3.80888
4.47895
4.35545
4.31553
4.03687
4.07477
4.27001
4.39102
4.22539
4.32819
4.00509
4.45584
4.27753
4.44432
4.51148
4.44585
3.63893
3.54804
4.20653
4.46922
4.41051
4.36424
4.22381
4.43619
3.97927
4.53974
4.39357
4.22017
4.42984
4.44187
4.47692
3.71440
3.91435
4.18065
4.12331
4.37266
4.39086
3.80092
4.11532
4.39367
4.33395
4.30872
4.30046
4.20127
4.46264
4.10462
4.16587
4.34900
4.29637
4.50432
4.40842
4.39592
4.26846
4.38757
4.19931
4.31900
4.24256
4.02483
4.00383
2.21139
3.99157
4.32483
3.72588
4.44375
4.09660
4.39922
3.33415
4.50866
2.43271
4.16932
3.68327
4.48939
4.44294
4.36020
3.10878
4.53302
4.00799
4.15354
4.42262
4.31721
4.15519
4.38871
4.25879
4.31590
4.18974
4.49118
4.03661
4.25144
4.49520
4.47547
4.50049
4.38367
4.06423
4.45331
4.26448
4.41884
4.33028
4.34714
4.43044
4.49557
4.34767
4.46881
4.38139
4.40833
3.49161
4.39980
3.92282
4.51147
4.31881
4.41710
3.08269
4.48480
4.48660
4.31455
4.49692
3.73190
4.44368
4.35493
1.99905
4.35338
4.44227
4.46532
4.10336
4.29107
4.45841
3.83046
4.05971
3.97514
4.27942
4.47328
4.44310
4.20861
4.24623
4.39870
4.26061
4.31753
4.52004
4.44304
4.41965
4.35820
4.39384
4.29620
3.65121
3.95824
3.88421
3.26662
4.39486
4.10126
3.94971
4.39995
2.43546
4.39169
4.08508
4.39077
4.38395
3.01903
4.36772
4.26369
4.36192
4.02586
4.44816
3.46312
4.40356
4.44428
3.68912
4.33237
4.14109
4.38091
4.35364
4.40744
4.16765
4.33467
4.43481
4.40491
4.45959
4.37655
4.44671
4.02406
4.47588
4.48218
4.50812
4.47843
4.33681
4.47836
3.99820
3.81766
4.16154
4.29731
4.30882
4.32291
4.31764
4.01838
4.07544
4.18934
3.99979
4.31644
4.47042
4.45535
4.45152
3.72764
4.40414
4.44570
4.43407
4.42503
4.28698
4.25767
4.47707
3.88763
3.58380
4.37377
4.09462
4.44731
4.25385
4.31566
3.79240
4.12816
3.09313
4.18318
4.44488
3.98674
4.50258
4.41862
4.33806
4.20733
2.01468
4.45463
4.33200
4.51634
4.26216
4.29012
2.94898
3.77966
4.00308
4.20914
4.33047
4.38524
4.08187
4.26175
4.12344
4.32276
4.46748
4.17408
4.33860
3.74150
4.23542
4.45918
4.38085
4.10144
4.07038
4.39229
4.40963
4.21112
4.17238
4.38856
4.54372
3.72754
4.34425
4.41878
4.39196
4.09408
4.44432
4.24609
4.42552
3.61073
4.42518
4.34671
4.04441
4.44104
4.37240
3.67475
4.27624
4.40640
4.02457
4.43845
4.06992
2.61518
4.22442
4.33767
4.38527
4.49461
2.42878
4.42062
3.61758
4.33121
3.45818
4.45298
4.24465
4.34245
3.03662
3.61299
4.13572
4.49060
3.21639
4.33169
4.37383
4.01565
3.95237
4.45799
2.20247
2.65393
4.11889
4.29733
1.68904
2.83951
4.28354
4.26570
4.34831
4.39268
4.29923
4.27984
4.31708
3.76424
4.09247
3.94323
2.42357
4.35991
4.39188
3.88300
4.46610
4.11999
3.94149
4.25471
4.38483
4.36128
4.51008
4.49883
4.24720
4.31129
4.33411
4.38250
3.76048
4.38126
4.36598
4.45766
4.24692
4.15272
4.50378
4.46675
4.25131
3.84700
3.65929
4.42239
4.42892
4.06355
4.51185
4.22680
4.53860
4.32364
4.43197
4.43651
4.35802
4.45968
3.62815
4.39723
4.44281
3.95064
3.84157
4.42724
1.82934
4.36801
4.26926
3.73778
4.48331
3.60901
4.36780
4.20259
4.06599
3.62876
4.46383
4.44612
3.96944
4.49938
4.35731
4.12584
4.38723
4.37387
4.06874
4.53585
3.22588
4.47368
4.38861
3.99136
4.43121
4.12018
4.20800
4.47045
4.48437
4.27194
4.03791
2.68226
4.41368
2.68020
4.47382
4.21966
4.27108
4.20898
4.47450
4.32694
3.93245
4.15584
4.27239
4.52421
3.25253
4.19164
4.32224
3.69816
4.13286
4.38303
4.47612
2.69949
4.46184
3.17125
4.41137
4.28760
4.52256
4.50722
2.76795
4.22024
3.95572
4.42802
4.39395
3.58224
4.36848
3.54443
2.55177
4.41130
4.48912
4.31143
4.43677
4.40497
4.49028
4.32466
3.82738
4.53688
4.41521
3.55290
4.43897
4.45687
4.35570
3.96783
4.49486
4.30924
4.43362
4.33627
4.37175
4.36337
4.39756
4.07662
4.47466
3.88164
4.18039
4.49024
4.03702
4.30165
3.99602
3.45494
3.96449
4.50060
4.14364
4.49584
4.24535
3.99372
4.15369
3.51753
4.42032
4.38483
4.49692
4.45046
4.38981
4.09508
4.45662
4.25334
4.44759
4.22996
4.08732
4.06605
4.50494
3.37293
4.12769
4.42990
4.46442
4.37934
4.24325
4.32524
4.44386
4.44020
4.32674
4.48830
4.43328
4.13566
4.30540
2.71702
4.10066
4.36290
4.30953
4.27087
4.29905
3.77958
3.27205
4.47526
1.93922
4.38400
4.21339
4.40702
4.45711
4.17553
4.30673
4.26084
4.41475
4.40430
4.49839
4.39484
4.27839
4.31282
4.16881
1.52226
4.17317
4.45734
4.35182
2.75325
4.40197
4.31786
4.41150
4.29961
4.36938
4.40387
4.48037
3.59428
4.05314
4.33673
4.40006
4.35932
2.85982
3.90766
4.26627
4.48735
4.52812
4.42283
4.36687
4.40813
4.47970
4.46859
4.26773
4.20166
4.36638
4.19275
4.44992
3.96755
4.44034
4.44989
4.34848
4.34803
4.47997
4.43291
4.33868
4.43882
4.48426
4.42221
4.23888
4.48218
3.57065
4.34461
3.82079
3.17492
3.60486
3.94527
4.29123
4.34757
4.26374
4.01659
4.46845
3.32738
4.39078
4.38696
4.45122
2.67073
3.87621
4.30280
4.04189
3.72534
4.40799
4.32691
4.36133
4.26871
4.19847
4.31493
4.16337
4.48513
4.17879
4.18852
1.93510
3.46245
4.52297
4.38999
4.00410
3.14212
3.69323
4.38671
3.88084
3.87736
4.48862
4.39440
4.14840
4.22491
1.78536
3.96564
4.23531
2.34475
4.37761
4.36410
4.09408
4.43870
4.00387
4.39464
4.13035
3.48359
4.38915
4.21855
4.46084
4.41071
3.02962
3.82752
3.96519
4.37231
4.32036
4.13836
4.44784
4.37087
4.17981
4.25019
4.36410
4.44360
4.14914
4.52009
3.67124
4.27470
2.17900
4.43983
4.18816
4.39459
4.33257
4.16724
4.40508
4.47379
4.18317
4.39435
4.44611
4.38260
4.41736
4.00572
4.45101
4.13309
3.39758
4.11909
4.13478
4.40644
4.49162
4.39182
4.36077
4.39966
4.41224
4.47909
4.26116
4.35661
2.77762
4.16778
4.45219
4.43441
4.34699
3.76965
4.31003
4.23668
4.35550
4.50241
3.95237
3.78240
4.08408
4.29227
4.41582
3.73785
4.49162
2.54146
4.06498
4.31641
3.48973
4.36833
4.19912
4.45636
4.52660
4.04870
4.48350
4.29316
4.42830
4.39540
3.32795
4.43609
4.17613
4.48252
4.40775
4.33385
4.41607
4.17757
4.37286
4.42728
4.37665
4.39784
4.32694
4.38578
4.28348
4.19422
4.20944
4.17738
4.21650
3.83121
4.42767
3.80273
4.42851
4.49633
4.51903
4.17644
4.43972
4.35072
3.37270
4.43050
4.35848
4.14708
4.13854
4.48268
4.20686
3.77575
4.49678
4.37471
4.45432
4.32337
4.44298
4.39500
4.39205
4.25580
4.48857
4.39723
4.40017
2.05048
4.34073
4.44868
2.32959
4.37319
4.23526
4.06071
4.21475
4.10523
4.34671
4.34739
4.08928
4.39380
2.73957
4.17567
4.39344
4.49559
4.41746
4.50159
4.19405
4.48087
4.44487
4.48550
4.43071
3.40222
4.47713
4.36230
4.42761
4.29629
4.10372
3.76340
4.32850
3.78781
4.41895
4.38047
4.46265
3.88891
4.17288
4.29846
4.37109
4.31153
4.24141
4.36553
4.07996
3.96927
4.01894
4.48711
4.02622
4.18300
3.46697
4.37889
3.73210
3.97914
3.73779
4.39716
4.43292
4.44005
4.08282
3.03086
4.25116
4.37155
4.37485
4.34303
3.29599
4.42404
4.42652
3.95331
4.48488
4.13857
4.50205
4.46404
4.37295
4.18122
4.23303
4.51639
4.07017
4.44575
4.30166
4.22324
4.09555
4.34912
4.40834
4.33908
4.43861
4.32627
4.20165
4.47560
4.11688
4.44869
4.42914
4.40479
4.27651
4.42677
4.42163
4.24690
4.33409
4.31381
4.30989
4.03492
3.45593
4.26973
4.38994
4.24905
4.41152
4.40608
2.74658
4.51435
4.19202
4.45946
4.03215
4.34618
4.48635
4.25115
4.13439
4.42289
3.71730
4.33739
3.93890
4.00374
4.33218
4.45333
4.01325
2.49059
4.36803
4.43863
4.11310
4.05784
4.40522
4.41511
4.46636
4.34001
3.92779
3.80728
4.27370
2.51763
3.84808
4.47127
4.25344
4.31248
4.48168
4.22820
4.40162
4.46732
4.39970
4.45338
4.42240
4.23143
4.31582
4.40201
4.48533
4.50336
4.09545
4.38163
4.42103
4.17763
4.29549
4.47951
4.24807
4.17519
4.43544
2.95373
4.41335
4.39207
4.14036
4.34077
4.18562
4.35017
4.31740
4.28016
4.34184
4.42500
4.38405
4.28522
3.87666
4.17234
4.51896
4.44734
4.42809
4.22525
4.07129
4.37209
4.16958
4.50197
4.46229
4.37666
4.35115
4.07583
4.22267
3.48240
4.39560
3.66305
3.74787
4.45348
4.26795
4.32666
4.25126
4.40850
4.06162
4.48372
4.26984
2.88171
4.39612
4.28520
4.45837
4.38261
4.39101
4.15730
4.44302
4.23285
4.43998
4.45984
4.01547
4.10832
4.46499
4.46628
4.05714
4.46949
4.46319
2.94973
4.47365
4.01187
4.35245
4.46882
4.40250
4.33566
4.35685
3.87885
4.17866
4.44027
4.43998
4.26454
4.47607
4.43624
3.71042
4.45663
4.15933
4.43572
3.14601
4.35574
4.02482
3.85888
3.74304
4.30475
4.02304
4.18611
4.40495
3.87796
4.29328
4.20866
3.34624
4.48089
4.37910
4.40786
4.50826
4.28212
4.30735
4.16212
3.43182
3.14776
4.34736
4.37495
4.42735
3.71144
4.26646
4.20877
4.43196
4.42264
4.30751
4.44464
4.41743
4.43322
4.35231
3.87868
4.42596
4.50039
4.15718
4.22568
4.48928
4.38095
2.35275
4.50324
4.36981
4.04661
4.05982
4.42035
3.90800
4.41796
4.05029
4.50627
4.24509
3.72884
4.34564
4.41300
3.37125
4.45622
4.10602
4.41916
3.95775
4.42629
4.46150
4.37603
4.36488
4.36088
4.19799
4.36968
4.31581
4.45020
3.99058
4.39298
3.68517
4.23485
4.36138
4.46813
4.14700
2.61156
4.44586
3.77843
4.04916
4.30655
4.39860
4.37493
4.27320
4.46350
4.16507
3.31617
4.35677
4.43274
4.44086
4.34429
4.30327
4.41345
3.34673
4.05690
4.48184
4.17786
3.82800
3.70216
4.48213
4.43079
4.15415
4.35481
4.11831
4.23437
4.15238
4.35920
4.37166
4.33640
3.06923
4.22144
4.50437
3.16191
4.08229
4.47230
4.22894
3.97159
3.71602
4.29383
4.29016
4.13981
4.23232
4.27871
3.04123
4.17401
4.40835
4.29179
4.12712
4.40953
3.30282
4.45275
4.26142
4.33340
4.42970
4.31833
4.48491
3.80701
3.88495
4.42438
4.44370
3.83024
4.42907
4.28966
4.35409
4.05796
4.39741
4.43345
4.12736
4.16741
3.85846
4.42018
4.43493
4.13368
4.32541
3.62752
4.44151
3.84621
4.44917
4.30755
4.39143
4.45025
4.46966
4.23444
3.74419
4.09225
4.48310
4.30199
3.55460
3.56426
4.25335
4.10864
3.87935
4.29057
4.48853
4.29149
4.18606
4.36035
4.48174
4.25654
4.31516
4.39458
4.46391
4.46486
3.39049
3.89388
4.38290
4.35680
4.18211
4.46321
4.05180
4.13123
4.28218
4.35733
2.70374
4.43018
4.18344
4.06473
4.34601
3.66591
3.59921
4.39700
4.24552
4.22226
4.30783
4.27807
4.41985
4.28555
4.34592
4.41140
4.38706
3.70522
4.45001
3.71078
4.32481
4.36003
4.49878
4.07824
4.37658
4.43505
4.14424
4.48457
4.45874
4.43537
4.39029
4.28286
4.16157
2.89203
4.10985
4.30095
4.17927
4.41886
2.38487
4.06299
4.34941
4.33116
4.50315
4.27623
4.31612
4.04416
4.49712
3.95577
3.27921
4.46723
4.42148
4.34771
3.80356
4.38355
4.37814
4.08570
4.46872
4.17602
4.22450
4.25016
4.23261
3.94898
4.47505
4.32125
3.80205
4.36786
3.62728
4.50416
4.37445
4.44546
4.42450
4.13918
4.39279
4.29478
4.47574
2.80504
3.72404
4.45396
4.52735
4.40689
4.33444
4.25907
4.49035
4.33074
4.39657
4.41448
4.20407
4.42246
4.43457
4.12378
4.14425
4.08243
4.49743
3.60500
4.31251
4.39134
4.21354
4.29239
4.18292
4.17630
4.32468
4.33644
4.36090
3.67808
4.40680
3.96088
3.39143
4.49249
4.36065
2.58892
4.48146
4.21176
4.44723
1.91784
4.10920
4.42025
4.36768
4.43040
4.45161
4.32418
4.07370
4.28270
4.43518
4.28151
4.42978
4.30583
4.33021
4.43805
3.78942
4.37377
4.44199
3.98048
4.43714
4.35081
4.42736
4.40567
4.14241
4.51746
4.24750
3.73721
4.43044
4.49816
4.05401
3.83193
4.35529
4.39575
4.40004
4.50822
4.43283
4.46633
4.44675
4.46019
4.25653
4.28341
4.48268
4.23222
3.98878
4.36137
4.43881
4.37133
4.40176
4.41330
4.27444
4.36876
4.39556
4.15490
4.37072
4.34678
4.29771
4.34509
4.49091
2.73495
4.15278
4.43809
4.49665
4.36796
4.49583
3.77410
4.32002
4.00983
4.47825
4.40196
2.11612
4.45248
4.50278
4.33552
4.16590
4.13056
4.34788
4.40039
4.35719
3.54392
4.51612
4.29968
4.46657
4.47267
4.34657
4.40483
4.31327
4.16979
4.37599
4.23388
3.33908
4.39735
4.26686
4.25567
4.49993
3.01924
4.49734
4.42240
4.38395
4.07595
4.31194
4.24379
4.42860
4.42836
4.19412
4.39361
3.81149
4.23429
4.39028
4.40568
4.17634
4.23809
4.51391
4.40584
4.46177
4.01958
4.25602
4.43024
4.46362
3.65062
3.61816
4.21532
4.09732
4.49002
4.21487
4.47782
4.12968
4.41547
4.37127
4.51202
4.22608
4.46749
4.37170
4.17234
4.47916
4.34722
4.25362
4.25802
4.41860
4.49575
4.06822
4.23295
4.37339
4.47561
3.98559
4.42285
4.22004
4.43054
4.40653
4.23753
3.08407
4.26799
4.22708
4.40147
4.50103
4.01386
4.23159
3.90492
4.32759
4.21231
4.49782
3.71267
4.25490
3.99320
4.02815
4.37064
4.21073
4.05300
4.42521
4.30329
4.31289
4.17215
3.65248
4.06753
4.14773
4.48417
4.08161
4.42722
4.45077
4.33062
4.40677
4.15050
4.51428
4.21253
4.13416
4.30897
3.92288
4.37721
4.34284
4.42555
4.44537
4.34739
4.20487
4.10208
4.46700
4.44131
4.45871
4.37615
2.57895
3.74330
4.35305
4.46317
4.45494
4.52074
4.45731
4.18786
4.49127
4.05080
4.36533
4.37132
4.50288
4.19365
4.02580
4.48350
4.42130
4.02839
4.48419
4.44337
4.08332
4.49988
4.22789
4.13260
2.17462
4.30042
4.40258
4.44287
4.49288
4.34102
4.45855
4.38067
4.09673
4.49306
4.15622
4.41922
4.46084
4.29080
4.47015
4.47741
4.03110
4.36562
4.24941
2.02309
4.30311
3.13515
4.41703
4.43960
4.27525
4.24612
4.21485
4.32253
4.22248
4.39260
4.38433
2.68712
4.15598
4.25337
4.19706
4.23901
4.48057
3.77046
4.39582
4.27168
3.78264
4.20295
4.26170
4.48761
4.26766
4.49833
4.24377
4.37229
4.26291
4.20188
4.26221
4.34123
4.34378
4.26775
4.20662
4.46647
4.48347
4.50513
4.45531
4.40425
4.48873
4.03637
4.33877
2.62329
4.38919
4.45545
4.41884
4.46109
2.23236
4.15973
4.20429
4.44346
4.45904
4.26549
4.44701
3.89115
4.24273
2.96715
4.13403
4.18762
4.20015
4.38472
4.41250
4.51798
2.82500
4.40280
3.56525
4.24377
3.70766
4.18122
4.36647
4.31216
4.00139
4.10887
3.73872
4.17008
4.45576
3.36208
4.30467
4.41071
4.45263
3.54628
4.18802
4.22578
4.23403
4.27463
4.26781
4.38679
4.41400
4.38118
3.84633
3.29765
4.39690
4.29756
4.44928
4.38540
3.99158
4.41883
4.24237
4.31688
4.46607
3.76060
3.85679
4.40309
4.18055
4.44618
4.18592
4.49664
4.25962
4.31115
4.42398
4.35066
4.47447
4.42085
3.59533
4.53485
4.49739
4.02320
4.27885
4.36454
3.00956
4.46076
4.40197
4.40493
4.45087
4.33017
4.41391
3.02893
4.35046
4.06565
4.03462
4.41424
4.40688
4.03404
3.98952
4.50574
4.32193
4.44640
4.44241
3.80434
4.33972
4.50327
4.36891
4.31505
4.49762
4.12731
4.23994
4.46145
4.29011
4.23102
4.44606
4.50782
4.22065
4.24439
4.37032
4.30870
4.20742
4.49893
4.45536
4.28245
4.07647
2.61230
4.11322
4.42482
4.42483
4.28126
4.40108
3.56693
4.47894
4.34691
4.32367
4.26756
3.93875
4.39400
4.26730
4.34603
4.07264
3.96469
3.41197
4.45316
4.21429
4.40512
3.82062
4.08949
4.40527
4.48479
4.44886
4.32675
4.33206
4.19274
4.50264
4.22676
4.38802
4.41958
4.24905
4.29392
4.22803
4.37966
4.33563
3.63005
4.33685
4.33317
4.11721
4.31231
4.51409
4.46825
4.24986
4.40479
4.32130
3.11524
4.27548
4.21164
3.05495
4.34926
4.18595
4.23086
3.81330
4.43333
3.63836
4.20525
3.72593
4.37401
4.43367
4.38619
4.29753
4.32496
4.34308
4.48799
4.26581
4.00569
3.85860
4.10892
3.75768
4.37637
4.37087
4.45506
3.18628
4.06137
4.49536
4.49395
4.03971
3.25763
3.90217
4.40370
3.81156
4.49052
4.24859
3.92024
4.45224
4.46319
4.44240
4.50963
4.26726
2.79115
4.30026
4.43595
4.40878
4.43113
4.27834
3.73608
4.49341
4.44326
3.64741
4.45389
3.92313
4.35616
4.35544
4.09861
4.47150
3.59842
4.41628
2.69756
4.39854
3.43465
4.14525
4.27247
3.82471
4.47016
4.27896
4.44972
3.57949
4.33858
2.71304
4.46632
4.39629
4.23086
2.65282
4.46932
4.51602
4.32236
4.47636
4.08547
3.47227
2.87859
4.35855
4.49497
4.46686
4.45868
3.93919
4.34382
4.36587
4.13065
4.25516
2.55840
4.25570
4.16979
4.22854
4.44549
3.06455
3.92690
4.42021
4.18108
2.16383
4.49918
3.93873
4.10918
3.42538
4.35181
3.39454
4.25240
4.32823
4.47830
3.91460
4.50779
4.36306
4.30741
4.39207
4.34095
3.80303
4.43849
4.29882
4.17102
4.28222
4.44333
4.10003
4.00664
4.29870
4.36896
4.26845
4.40900
4.46567
4.41633
4.30186
4.34510
4.49966
4.41296
3.80903
4.32920
4.51854
4.13999
4.35286
4.43001
4.46480
4.18830
4.41598
4.41150
4.47236
4.12464
4.49395
4.45888
4.47082
4.45686
4.25567
4.42980
4.39816
4.41545
4.37614
4.24453
4.42499
4.45884
4.17030
4.25760
4.43867
4.20794
3.69123
4.07230
4.43697
3.88518
4.45699
4.33451
4.28067
4.45077
4.33761
4.02973
4.46162
4.38204
2.75707
4.40993
4.45729
2.78932
4.47892
3.98421
4.44186
4.04861
4.05634
3.58607
3.71562
4.16604
4.45367
4.46771
3.34740
4.18246
4.38903
4.35546
4.40935
4.51970
4.34556
4.34982
4.45447
4.44893
4.48037
4.11876
4.35777
4.35461
4.26043
4.03369
4.21466
1.97084
4.20702
4.49181
3.97496
4.00908
4.32051
4.05683
4.21312
3.73729
4.44573
4.44618
3.95130
4.00656
4.22015
4.49020
4.48954
4.04341
4.45455
4.41700
2.73337
4.49140
3.93178
4.41053
3.77306
4.24836
3.74984
3.69038
4.27218
4.24134
4.48307
4.22599
4.44060
4.44126
4.51870
4.29200
4.45940
4.36014
3.97625
3.17410
4.24236
4.47046
4.26397
4.30186
4.37587
4.34876
4.37356
4.23797
3.84297
4.24597
1.90323
4.10883
4.34794
4.28806
4.38211
4.38756
3.67006
4.44407
4.46724
4.15050
4.17328
4.44304
4.11224
3.66024
4.32911
4.42841
2.66223
3.75663
4.06586
4.45612
4.36670
4.26184
4.45242
4.42675
4.34335
4.19579
3.63425
4.39563
4.45859
4.31813
4.24831
3.94078
4.13187
4.21016
3.49037
4.46270
4.39425
4.47885
4.35676
4.48520
4.41521
4.32430
4.46304
3.76459
4.23738
4.43265
4.25911
4.50870
3.89519
4.35417
3.49427
4.46739
4.48444
4.15679
4.41866
4.36435
4.36136
4.40042
4.26682
4.09008
4.33358
4.26058
4.47170
4.30024
4.33443
4.44557
4.24753
3.94484
4.42788
4.12526
4.47916
4.41215
4.15530
3.91974
4.43421
4.31772
3.38469
4.40120
4.44494
4.46699
4.40437
4.31738
4.33166
4.48787
4.46195
3.66671
4.41438
4.41891
4.35316
4.46596
4.41426
4.45232
4.29963
4.06933
4.42860
3.94673
4.37890
4.49426
4.38333
4.37144
4.43894
4.28394
4.39969
4.39573
4.27965
4.40276
4.45113
3.82140
4.11088
4.43905
4.17047
4.07474
4.30936
4.42627
4.42023
3.47292
4.09314
4.06896
4.19469
4.29214
4.42445
4.49696
4.08840
4.34944
4.48878
4.49200
4.50083
3.76374
4.41405
4.25601
3.89906
4.12336
4.44788
4.36482
3.78905
4.38658
4.31248
3.47932
4.02756
4.38210
4.48736
4.48573
4.39381
4.48531
4.45611
4.16093
4.30764
4.36596
4.35728
4.18324
3.98378
4.51477
4.44845
4.41539
4.13539
4.39323
4.51931
4.13433
4.26969
4.54083
4.31142
4.31032
3.97393
4.49668
4.40180
4.36853
4.19669
4.47097
2.43546
4.22349
4.44405
4.21518
4.43584
4.46199
4.52274
4.34796
4.45232
4.50066
4.36134
2.92680
4.46689
4.42786
3.85513
4.19991
3.94359
4.33861
3.97914
4.48400
4.49115
4.41996
4.21875
4.45232
4.24417
4.46357
4.17414
4.53354
4.30788
3.62581
3.34843
4.47375
4.42111
3.79533
3.80279
4.31378
3.75093
3.75020
4.39009
3.36589
3.81799
4.41991
4.34678
4.21847
4.39511
4.15094
4.12926
4.27787
4.45880
4.06623
4.33912
4.40212
3.45204
4.25520
4.11503
4.43374
4.09815
3.55373
4.45222
3.80181
4.42427
4.30925
4.22620
4.28601
3.71868
4.31225
4.33159
4.27296
2.92419
4.08637
4.22289
2.30215
4.42194
3.74801
4.31537
4.24898
4.40542
4.26171
4.32533
4.12447
4.39633
4.39186
4.12157
3.98700
3.41920
4.34906
4.36124
4.36764
4.34674
3.71140
4.12010
4.25469
4.32262
3.46293
4.24872
4.27806
4.45303
4.25686
4.29446
4.18816
4.40389
4.42197
3.90927
3.64251
4.16066
3.35804
4.26920
4.25073
4.26429
4.29153
4.48194
2.57220
4.41914
4.30702
4.30513
4.49378
4.34337
3.26465
2.66959
4.37028
3.87852
4.18594
4.27128
4.12858
4.46851
1.52177
2.11103
4.24082
4.47278
4.44528
4.44570
4.43788
3.59225
4.24936
4.37642
4.19545
4.45893
4.36753
4.45185
4.27002
4.37977
4.34428
4.39028
4.18962
3.35485
4.44990
4.19027
4.13538
2.90664
4.16920
4.22595
3.42664
3.81651
4.33130
4.02180
4.37133
4.36859
4.42437
4.50809
4.42493
4.45070
4.40748
3.94381
4.34668
4.41456
4.39651
4.29762
3.44652
4.44423
3.21179
4.35336
4.02219
4.34470
4.34752
4.31409
4.42038
4.43148
4.38130
3.96875
4.28852
4.31671
3.75637
4.42097
4.36020
4.39824
4.43093
4.29920
4.43445
4.34308
4.43042
4.18781
4.17132
4.00522
4.04726
4.13666
4.36490
4.25148
4.44356
4.24198
4.37004
4.04935
4.37849
4.12182
4.44820
4.35062
4.29772
4.37336
4.44488
4.30619
4.32880
4.39919
3.76951
3.61612
3.54109
4.09818
4.25724
4.40775
4.47045
4.43350
4.41459
4.37425
4.47163
4.19133
3.13120
4.42720
4.05822
4.40723
4.20749
4.34040
4.48505
4.30330
4.48379
2.75166
3.05460
4.42826
3.92086
4.10366
4.30089
4.08495
4.42060
4.37219
4.46003
4.47005
4.40945
4.04678
3.99341
4.34211
3.24384
4.38510
4.44276
4.40347
4.42500
4.28265
4.41839
4.47746
4.43565
4.37421
3.88462
3.94210
4.41849
4.22365
4.13581
4.45537
3.86617
4.28769
4.32240
4.02882
4.30240
4.46247
4.05983
3.61114
4.26159
4.47039
4.46785
4.14420
4.49643
4.37942
4.50772
4.38757
3.33055
4.43391
3.61378
4.28745
4.43508
4.39182
4.10847
2.60334
4.20001
4.50892
4.40790
2.93062
4.48644
4.35644
3.97208
4.36913
4.34413
4.45927
4.27675
4.21752
3.76881
4.13954
4.29616
4.34680
4.49261
4.38221
3.67252
4.41462
4.15537
4.43461
4.49011
4.34473
2.82727
4.34546
4.29685
4.43344
4.33995
3.92316
3.89220
4.29947
2.60369
4.49375
4.15558
4.38424
4.48072
4.30681
4.35205
4.27021
4.07867
2.79357
3.91989
4.10136
2.60811
3.57491
4.36430
4.13140
4.39105
4.35447
4.34942
4.41332
4.15582
3.76613
4.44739
4.43170
4.31355
4.37541
4.50297
4.46996
4.50872
4.36365
3.21361
4.31861
4.15308
4.22168
4.32175
4.34852
4.38942
4.34769
4.39103
4.28485
4.42928
4.39017
4.35762
4.38438
4.29206
4.29186
3.69037
4.39941
4.38031
4.44395
4.35885
4.43974
4.44775
2.10969
4.51591
4.49926
3.99634
4.46333
4.50706
4.42188
4.50027
4.44596
4.01236
4.11286
4.38544
4.41461
4.11432
3.67803
4.46980
4.37716
4.34802
4.44639
4.29019
4.01516
4.49629
4.13702
4.15587
4.10377
3.37248
4.33093
4.44485
4.39687
1.31670
4.15432
4.24325
3.74541
4.37811
4.26658
3.88382
4.11626
4.47275
3.44164
4.16413
4.35190
4.44107
4.45889
3.92155
3.77174
4.41231
4.41995
4.19810
4.32589
4.05362
4.47849
4.47934
4.42785
4.48086
4.48694
4.37620
1.97600
4.26743
4.41822
4.05251
4.14914
3.94340
4.40251
4.26685
3.79202
3.18082
4.41896
4.40264
4.24253
4.21875
4.06956
4.28164
4.41673
4.22835
3.95637
3.78062
4.48587
4.37987
4.50773
3.50122
4.39844
3.87811
3.76608
4.53004
4.38959
4.49954
4.45004
4.28661
4.19810
4.18274
4.50194
4.48860
4.41394
2.20051
4.16935
4.36400
4.37651
4.27177
4.44555
4.28884
4.31742
4.35804
4.47065
4.48071
2.30392
4.42690
4.43330
4.16886
4.44042
4.31857
4.27406
4.22623
3.95705
4.49104
3.63316
4.35447
4.31116
4.52970
4.01122
4.49103
3.85541
4.37768
4.27731
2.62707
4.41863
4.18579
3.91526
2.78412
3.96894
2.84228
4.08714
4.52750
4.33492
4.38964
4.44298
4.35986
4.00894
4.04253
4.02949
2.73281
4.26939
4.31515
4.30209
4.32209
4.29139
4.27181
4.37513
4.40242
4.18218
4.47077
4.19266
3.53627
4.31020
4.46508
3.91578
4.42607
4.12969
4.45334
4.50246
4.42626
4.38956
3.98342
3.82070
3.45340
4.34500
4.49017
4.11548
4.38303
4.46776
4.44174
4.32250
4.44729
4.39492
4.33914
4.14602
4.34876
3.69975
4.45989
4.31395
4.42057
4.49201
4.46441
4.00091
3.83919
4.15577
4.45445
3.54357
4.27571
4.44480
4.41788
4.49359
4.36368
3.51764
4.31359
4.29107
3.74554
4.10348
4.41903
3.87866
4.43479
2.49396
4.46636
2.85209
4.42377
4.42379
4.22185
4.18896
4.45985
4.25348
4.43972
4.24905
4.20433
4.40315
4.11217
4.28396
4.34749
4.27137
4.36286
4.42582
4.49295
4.45047
2.41472
4.41600
4.39622
3.62575
3.21736
4.24928
4.37975
4.22386
4.40114
4.39838
4.10308
4.52107
3.18391
4.46248
4.44685
4.48569
4.12865
4.43818
4.31246
4.25750
4.21956
3.70040
4.42838
2.54268
4.10826
4.42336
4.48319
3.04449
4.52423
4.38288
3.85426
4.36890
4.44737
4.43654
2.66282
4.42649
4.38908
4.40964
4.51254
1.82463
4.09397
2.22649
3.62041
4.21738
4.43351
4.07911
4.35712
4.01713
4.38469
3.39072
2.96505
4.45471
4.34086
3.87843
2.00300
3.71500
3.91725
3.87057
4.44203
3.81010
4.49982
4.47207
3.79421
4.41485
4.26672
4.51519
4.02921
4.46185
4.47756
4.31762
4.10396
4.46124
4.44320
4.45773
3.96305
4.43829
4.48508
4.34995
4.39352
3.94532
4.36680
4.44243
4.26214
4.32770
4.35372
4.37722
4.14020
3.48622
4.33064
3.92176
3.00327
4.35384
4.22818
4.47297
4.34272
4.18162
4.30996
3.89456
4.31926
4.25073
4.29188
4.31857
4.36448
4.39759
4.29534
4.38626
4.24868
4.35445
4.24075
3.35717
3.89292
4.08353
4.24717
3.77072
3.67552
4.18734
4.46902
4.36601
4.30510
3.98324
4.45392
4.07449
4.31317
4.26937
4.35030
3.84193
4.43750
4.47041
4.24496
4.35680
4.45154
2.89223
4.36234
4.46708
4.40775
4.21991
4.43871
4.12117
3.22584
4.40260
4.21416
3.92300
4.32920
4.43638
3.85038
4.38502
4.25981
4.07734
4.21573
4.05952
3.94182
4.09451
4.46468
4.46611
4.15782
4.38300
3.76693
3.83839
4.48740
3.44418
4.44224
4.38628
4.43925
3.96869
4.22957
4.29516
4.46434
3.70484
4.32891
4.45395
4.47440
4.17418
4.33215
4.26403
4.20595
4.08929
3.91684
3.94373
4.51572
3.62461
3.96028
3.50443
4.40797
4.35942
4.46038
4.25226
4.38770
4.44781
4.37603
4.22722
4.41570
4.33904
4.30718
4.50030
4.28165
4.48817
4.13285
4.37099
4.34511
4.31181
4.40775
3.40814
4.39329
3.48549
4.37602
4.34798
4.27017
4.49690
4.42605
4.24242
4.45919
3.93221
4.51805
4.43384
4.23041
3.67012
4.51398
4.32774
4.12681
4.43940
4.41868
3.54460
4.16515
4.43573
4.47784
3.27666
4.36297
4.36131
3.77845
4.39857
4.39130
4.40490
4.44269
3.73798
4.31386
4.12736
3.64930
4.28065
4.10507
4.15687
3.44349
4.19130
3.93353
2.17511
3.84059
3.61774
4.40772
4.39076
4.14452
4.42845
4.32620
3.71851
4.43245
3.24456
3.42540
4.39765
3.79100
4.32463
4.40847
2.76370
4.39104
4.43953
4.36961
3.36997
4.19528
4.36607
2.85185
3.95085
3.42199
4.03533
4.10846
4.36058
3.30803
4.32340
4.37876
4.04208
4.42396
4.37162
4.40782
4.29010
4.25043
4.32135
4.41994
4.16296
4.39734
4.03322
2.33061
4.41874
3.44372
4.44919
4.39192
4.13416
3.03170
2.02917
4.48865
4.30785
3.90765
1.80314
4.21330
2.94353
4.48398
4.32409
4.42002
4.03722
4.09995
4.43199
3.34157
4.39276
4.24095
4.05873
4.35007
4.24983
4.43159
4.47669
3.98909
3.89494
4.24156
4.36547
4.35344
4.44891
4.34432
4.31181
4.18367
3.52634
4.48565
4.35124
4.51738
4.38529
4.13983
4.28570
4.45081
4.41646
3.97540
4.10053
3.63341
4.47018
4.33393
4.13070
4.49167
4.37198
4.47150
4.45536
4.38064
4.33782
4.02059
3.97298
4.42105
4.35347
4.32245
4.50744
4.41979
4.29121
4.28209
4.38871
4.35011
4.41863
3.99485
4.47230
4.28869
4.38492
4.39660
4.45163
4.32827
4.20846
4.25744
4.38970
4.44241
3.61982
4.42036
4.34725
4.47601
4.48205
4.42510
4.18219
4.38528
3.97053
4.45902
4.36597
4.15560
2.86650
4.46661
4.39254
4.40818
3.63043
4.43517
4.45379
4.26938
4.43468
4.37138
4.17915
4.39617
3.96556
4.07454
4.18310
4.35831
4.46697
4.31382
4.41953
4.29333
4.40614
2.93449
4.36597
4.24032
4.27733
4.36947
2.34479
4.31454
4.45063
4.47395
4.43399
4.34307
4.47961
4.39747
4.43931
4.31709
3.64227
3.70127
3.59738
2.96321
4.03932
4.11804
4.43882
4.42425
2.80447
4.42643
4.46368
4.37057
4.48651
4.29013
3.35527
4.24164
4.46206
3.89286
4.23769
3.28532
4.51451
4.34804
4.19629
4.11692
4.18961
4.39501
4.48623
4.32031
4.48462
4.48368
4.26757
4.44230
4.41890
3.89324
3.22783
4.41222
4.23809
3.04317
4.49429
4.46130
2.45667
4.00189
4.45482
4.31090
4.40685
4.29380
4.15725
3.94102
4.41872
4.15186
4.36834
3.47056
4.28851
4.34506
4.19003
4.46597
3.55401
3.65871
4.49263
4.33405
4.39226
4.35417
4.24581
4.38962
4.36319
4.42683
3.75913
3.92661
3.78680
2.44912
4.41153
4.34300
4.42651
4.14409
4.36344
2.69151
4.42982
4.43409
4.31673
4.07020
3.64411
3.97206
3.13056
2.27166
4.19942
3.79248
4.08860
4.31352
3.33855
4.30105
4.39058
4.48162
4.31598
3.81149
3.67586
4.39092
4.16844
4.50038
4.25422
4.18418
3.77233
4.39457
4.33872
3.98746
3.95445
3.90054
4.39423
3.99599
3.90417
3.77043
4.31312
4.22503
4.33688
4.43036
4.38946
4.53294
4.41689
4.10479
3.48320
3.90645
4.37269
4.31723
2.88819
4.35621
4.38752
4.47504
4.09986
4.46586
4.34856
4.46687
4.40175
4.41968
4.03837
4.33025
4.36841
4.49623
4.34251
4.51510
4.41935
4.26197
4.30861
4.29342
4.02589
4.26584
4.48454
4.42231
4.31678
4.52602
4.31691
4.19525
4.12877
4.39874
4.03273
3.13352
4.16531
4.25238
4.28771
4.50765
4.39956
4.44191
4.47815
4.27570
4.20113
4.36750
4.35459
4.34966
4.31827
4.38873
4.49330
4.44607
4.35937
3.85829
3.52911
3.92956
4.27055
4.45693
4.38280
4.00253
4.38597
4.42822
3.31393
4.49056
4.33667
4.35484
2.83694
4.44853
3.93376
4.24671
4.28739
3.12105
4.11530
4.19139
4.05766
1.99591
4.36072
4.48041
3.84302
4.32313
4.32595
4.07777
4.46926
3.73520
4.39173
4.51369
4.41717
3.47686
4.36069
4.35020
4.29931
4.27866
4.14921
4.31983
4.36853
4.24195
4.43073
4.09011
3.72586
4.38052
4.47028
4.36257
2.49084
4.26121
4.39048
1.82055
4.48187
3.82954
4.27503
2.95622
3.78507
4.28605
4.31437
4.43612
3.48777
4.38590
4.30006
4.34962
4.45529
3.64268
4.38975
2.97902
4.43842
4.45213
4.07511
4.22876
4.41619
4.34925
4.04776
4.41471
4.13010
3.86845
3.69787
3.70993
4.50185
4.38194
4.36029
4.45108
3.56418
4.43289
4.42525
4.26335
4.34740
4.46163
4.51684
3.87648
4.35998
4.26612
4.39406
4.40842
4.46165
4.34391
3.97568
4.50408
4.46525
3.66805
4.44802
4.33011
4.46011
4.38484
4.41621
4.43412
4.13202
4.14383
4.40753
3.89943
4.29327
4.43015
3.76595
4.05014
4.41951
2.82269
4.32776
4.30215
3.72052
4.41630
4.25094
4.48952
3.02822
4.13778
3.85599
4.16418
4.51700
3.26302
3.98275
4.46360
4.36596
4.30653
3.29703
2.36100
4.24110
4.47000
4.16921
3.97646
4.47132
4.20989
3.84973
4.28029
4.24123
3.94136
4.25997
4.37778
4.33452
4.50704
4.52294
3.69801
2.30577
4.16081
3.96323
4.38201
4.33042
4.43189
3.99242
4.34920
4.04936
3.72608
4.32276
4.10615
3.98822
4.34158
4.52431
4.45242
2.84895
4.42553
4.47637
4.27409
4.01697
3.24593
4.25654
4.32922
4.35328
4.24530
4.17431
3.27929
4.40203
4.13595
4.43955
4.12617
4.34809
4.49670
4.13006
4.40893
3.88147
4.27321
4.41771
4.42409
4.34333
4.41918
4.42864
4.00907
4.13218
4.39744
4.17995
4.16262
4.46960
4.49841
4.25920
4.41829
4.36230
4.21245
4.43075
4.42594
4.10435
4.46098
3.89820
3.98793
4.48321
3.95594
2.83475
4.25338
4.40320
3.92876
4.46503
4.46460
3.69699
4.22086
4.43292
4.51404
4.25914
3.96164
3.78099
4.08569
4.28903
4.18356
4.43646
4.34328
4.47969
3.75474
3.74137
4.40580
4.47179
4.22425
4.52426
4.50204
4.46502
4.02109
4.42704
3.99624
4.38157
4.45961
4.52007
4.30145
4.11034
4.30532
4.08389
4.23177
3.27303
4.43695
3.92373
4.19517
4.43769
3.61855
4.38360
4.06152
4.23191
4.04709
4.48387
4.45722
3.00003
4.21894
4.49710
4.23271
4.41754
4.49837
4.23650
4.46080
4.32732
4.26264
4.45885
4.25961
4.08832
4.02340
4.44436
4.26495
4.35653
4.42774
3.90729
4.20088
4.06768
4.44359
4.20356
4.42225
3.23851
4.42467
3.82745
4.30923
4.38969
4.37004
4.46992
4.35120
3.75543
3.74975
4.14515
3.77671
4.18484
3.12796
4.42664
4.47409
3.36480
4.44485
4.41493
4.42742
4.01598
4.33344
4.08459
4.30731
4.31920
3.60699
4.39095
4.45570
4.46676
4.19796
4.25104
3.88649
4.54197
4.45981
4.11620
2.95139
4.37961
3.88744
3.16537
3.95315
4.40117
4.34434
4.28445
4.27160
3.88888
3.72421
4.27425
4.35847
4.45162
3.63762
4.52279
3.97480
4.04286
4.39457
4.37399
4.22425
4.41993
4.33842
4.45956
3.52755
4.45673
4.38802
2.12046
4.46808
4.44154
4.34429
4.46177
4.31162
4.50056
4.46921
4.32504
4.41752
3.93416
4.45002
4.48073
4.31755
4.15784
4.15554
4.31886
4.31316
4.26237
4.20841
3.95833
4.48275
4.41424
4.38848
4.21946
3.74050
4.48741
4.45902
4.48839
4.53019
4.23039
4.51155
4.40092
4.39770
4.49465
4.04598
4.47841
4.37728
4.46188
4.44820
2.54002
4.39596
4.24353
3.73973
3.67457
4.14872
4.28382
4.47386
4.42086
4.27047
3.92024
4.25782
4.26377
4.49255
3.79247
4.42082
4.46328
4.39574
4.11671
4.44088
4.14592
3.71361
4.08701
3.76237
4.34514
4.44613
4.30490
3.90798
2.85976
3.29851
4.19306
4.44704
3.13536
4.30590
4.19727
4.48187
4.31995
4.45059
4.34680
4.41983
4.43964
4.17518
3.74013
4.39816
4.46746
4.46618
4.41399
4.49331
4.05532
4.35526
3.82404
4.44596
4.49421
4.44150
3.34398
3.96789
3.77827
4.01420
4.49693
3.92456
4.22509
4.44177
4.34700
4.50865
4.09552
4.27809
4.43910
4.51845
4.41210
4.21330
3.73271
4.04042
4.47359
3.85370
3.78760
4.34527
4.45156
4.38663
4.29844
3.75261
4.27134
4.45207
3.96867
4.25208
4.44059
3.53830
4.52064
4.29602
4.45524
4.47546
4.40374
4.46062
4.47025
4.41806
4.16411
4.38494
4.48154
4.48404
4.34551
3.62198
3.73010
4.00904
4.18148
4.46744
4.46667
4.45479
3.82404
4.49371
4.50698
4.17588
4.21370
3.64963
2.61932
4.14203
4.52144
4.48811
4.45029
4.06115
4.30338
4.26917
3.19214
4.46405
4.33059
2.00076
4.32584
4.34562
4.48956
4.42804
4.16058
4.40907
3.87896
4.47544
4.08257
4.19799
4.38696
4.35061
4.29113
4.08896
4.43217
4.47223
2.81199
3.98126
4.13821
4.26027
4.42031
4.36321
3.64072
4.45667
4.23896
4.29049
3.84197
4.47566
4.50399
4.35367
4.42855
4.45850
3.94605
4.47635
4.38002
3.55048
3.91214
4.52322
4.41462
4.02843
4.44356
4.42079
4.40049
4.10432
4.39325
4.41243
4.31842
4.42765
3.98204
3.92434
3.89764
4.17921
4.46393
4.13582
3.94170
4.45293
4.44128
3.61767
3.70127
2.02275
4.46349
4.45205
4.43735
4.43327
4.29944
3.82488
4.42564
4.42226
4.29183
4.02015
4.47212
3.90636
4.47882
4.23504
3.67615
4.40868
4.46457
2.75272
4.38592
4.35993
2.49111
4.42389
3.87811
4.50498
4.38694
2.53129
4.51413
4.38516
2.82718
4.47410
3.58188
4.21095
3.97784
4.16558
3.93035
4.46707
4.37351
4.26217
4.34626
4.34722
4.43185
2.50720
3.33895
4.40308
4.44102
3.87126
4.17693
4.46329
3.87264
3.33513
4.24361
4.01083
3.17108
4.49660
4.33023
4.35905
4.38193
4.45107
3.80657
4.42960
4.39387
4.45565
4.42523
4.32004
2.97207
4.36627
4.42564
4.40497
4.36210
4.49327
4.47649
4.48621
4.15307
4.47026
4.46281
4.19002
4.38155
4.30692
4.32212
4.34250
4.34719
4.45782
3.85748
4.47378
4.42938
4.35205
4.14653
4.41741
4.02963
4.41117
4.18131
4.23815
4.46126
4.40801
4.51580
4.51566
1.92582
4.34393
3.95446
4.43534
4.50808
4.43344
4.43564
4.49869
4.49151
4.30236
2.93656
4.31423
3.94035
4.39659
4.24677
4.45018
4.51233
4.37902
3.88608
4.44131
4.49438
4.47538
3.87027
4.43884
3.65966
4.45694
4.09896
4.38179
2.43667
4.44354
4.52910
3.84248
3.45330
3.76690
1.58904
2.23373
4.43259
4.39482
4.47583
4.41814
4.44970
2.88560
4.08389
4.27673
4.45530
4.21048
3.85926
4.20311
4.12785
4.01248
4.45865
4.52261
4.36066
4.25262
4.12621
4.40975
4.14873
4.38214
4.39456
3.87376
4.52378
4.40859
4.37519
4.47295
4.27483
4.14928
4.24022
3.47294
4.01618
4.45766
4.16513
4.40959
4.44379
4.23839
3.64259
4.00376
4.25936
4.52258
4.32138
4.48907
4.16743
4.50797
4.08669
4.39688
4.32388
4.48297
4.49645
4.48023
4.15551
4.07991
3.67696
4.34598
4.10579
3.60606
4.07638
4.45908
2.50689
4.53968
4.19997
4.45223
4.41115
4.33772
3.83857
4.49959
4.42992
4.30456
4.44519
4.48779
4.39048
4.03457
3.98558
3.83274
4.48638
4.00407
4.48930
4.31618
3.57394
4.44169
4.35258
4.04909
4.25075
4.44096
4.24668
4.08723
4.25772
4.48589
4.37287
4.31404
4.36200
3.87429
4.43270
4.38022
2.97822
3.94963
4.42066
4.45466
4.07229
4.16594
4.43020
4.45735
4.26733
2.69404
4.37247
4.47856
3.84519
4.45203
4.34325
3.72261
4.49018
4.51864
4.38985
4.08321
4.34374
4.36348
4.36540
4.45373
3.81831
4.33897
4.29990
4.18493
4.15129
4.10599
4.32714
4.34684
4.46059
4.25250
4.49168
4.44325
4.43039
4.40437
4.18443
4.02852
4.36350
3.75758
4.07840
4.45560
4.17594
4.02391
4.43803
4.00600
3.94723
4.47289
4.35634
3.58447
4.11952
4.37857
4.31718
4.28569
4.44860
4.42281
4.03095
4.07038
3.55767
4.40081
4.29915
4.30199
2.57194
4.35066
4.48823
4.50110
4.29615
4.11342
3.74522
4.24566
4.46156
3.84259
3.81360
4.40778
4.05497
4.16154
3.96913
3.64313
4.26387
4.36646
4.49170
4.27966
4.28957
4.43190
4.41102
4.28500
4.45969
4.48996
4.34271
4.46128
4.35978
4.14525
4.49039
4.50348
4.03950
3.82108
4.18604
4.02951
4.49635
4.33381
4.17767
4.07980
4.30881
4.01699
4.20022
4.20244
4.41961
4.49158
4.22099
3.86843
4.31378
2.29665
4.16206
2.24855
4.30645
4.40038
4.40293
3.34966
4.22507
4.05713
1.72490
4.41655
4.39502
4.11891
4.37299
4.35414
4.43649
3.64787
4.18520
4.50059
4.31602
3.74292
4.36771
4.46781
4.35986
4.46829
3.71692
4.32713
4.23026
4.27284
4.50866
4.42720
4.29164
4.34436
4.48417
4.50906
3.35369
3.93088
4.47617
4.40104
4.30077
4.37305
4.36506
4.47630
3.77773
4.47256
4.41688
4.47178
4.44782
3.52082
4.40974
4.42750
4.31661
4.24207
4.26853
4.00363
4.26115
4.31556
4.06414
4.41094
4.53204
4.25237
4.35384
4.48645
4.10824
4.27384
4.34713
1.86772
4.47157
4.38474
4.32867
3.10435
3.09393
4.18709
4.46344
4.35256
4.36694
3.71283
1.84680
4.47888
4.29687
3.26708
4.11898
4.37297
4.21514
4.29438
4.32072
4.34274
3.60668
3.49693
4.16236
4.36473
4.21701
4.27603
4.09662
4.45127
4.39192
3.65313
4.39156
3.93992
4.51662
4.43666
4.41229
4.19920
4.40519
4.29085
4.20135
4.30587
4.47766
3.95022
4.44437
4.14587
4.29148
4.29209
3.28433
4.37998
4.46469
4.40700
4.29350
4.29409
3.84852
4.42039
4.48454
4.39510
4.46294
4.43004
4.02305
4.25424
4.18329
4.00011
4.18563
4.46653
4.45029
3.57809
3.94725
4.46730
4.39730
4.47734
4.39965
4.45690
4.49570
4.35817
4.30884
4.40558
4.46276
4.47442
4.47512
4.45129
4.43964
3.99971
4.08222
2.90237
4.46763
4.25032
4.18831
3.01090
4.36115
4.24819
3.92322
3.35822
4.39969
4.41690
3.88018
4.36479
4.03657
4.40374
4.24491
4.31606
3.95776
3.80887
3.53563
4.42332
3.52817
4.35270
4.28326
4.12603
4.29413
4.48953
4.48761
4.48802
4.27148
4.47455
4.34146
4.45350
4.05853
4.21039
4.38741
4.39271
4.30654
4.47588
4.32628
3.78139
4.35810
4.16609
4.40110
3.90069
4.32550
4.27083
4.43562
4.37487
4.23878
3.77954
4.29379
4.39789
4.48274
4.09068
3.35033
3.32170
4.23738
4.01280
4.06919
4.31122
4.31692
4.44995
4.36451
2.02659
4.45375
3.95717
4.34127
4.20407
4.40067
4.26404
4.09974
4.43908
4.41358
4.38571
4.36806
3.80178
2.45088
3.32407
4.17281
4.51623
4.37339
4.32730
4.37642
4.36791
4.49820
3.94015
4.28224
4.44697
4.22727
4.26440
3.93209
4.48304
4.10331
4.07953
2.92362
4.52928
4.47438
4.15322
4.02789
4.46686
4.18262
4.27822
4.24292
4.40947
4.49608
4.17098
4.44362
4.16332
4.45438
4.42540
4.42408
3.83770
4.36586
4.47602
4.37510
3.75245
4.40756
4.38642
4.50940
4.38081
3.80086
4.41411
4.20653
4.23317
4.33396
4.38653
4.51797
4.31553
3.88179
2.79374
4.12638
4.20490
3.87150
4.42434
4.43468
3.81120
4.16144
2.33533
4.15899
3.50561
4.19991
3.89646
4.43569
4.39028
3.50651
3.99145
4.00997
4.44978
4.31559
4.20247
4.46658
3.98815
4.39093
4.02638
4.41175
4.11891
4.45619
4.37505
4.31316
4.29532
4.41689
4.08564
4.27166
4.17358
4.18396
3.96136
4.04151
4.47223
4.21416
4.09452
4.30409
3.05887
4.50341
4.44611
4.28376
4.50212
4.51330
4.24424
4.42130
4.33876
4.43092
4.46494
3.97333
4.03126
4.46464
2.46126
4.39273
4.41761
3.11203
4.48276
3.52423
4.24755
4.44553
3.65202
4.33495
4.18823
4.31845
3.55946
4.33287
3.95781
3.81573
4.15174
3.79227
4.25981
4.36450
4.29100
4.50200
3.84909
4.43851
4.35860
4.34043
4.42245
4.41492
2.92761
4.45631
4.27900
4.24556
4.41655
4.46249
4.51984
4.46082
2.87016
3.79633
3.59797
4.00315
4.38450
3.77600
4.31411
4.37127
4.07873
3.79550
2.79697
3.99575
4.05256
4.41171
3.97875
4.37733
4.38441
4.25115
2.60582
4.46030
4.03170
3.77667
4.43677
4.25556
4.45545
4.46623
4.04655
4.49290
3.60429
4.39107
3.47402
3.23718
3.90593
4.37153
3.94514
4.38950
4.26856
4.45528
4.40830
4.31414
4.10190
4.26529
4.44932
4.50471
4.37083
4.39572
4.44880
4.36292
4.40909
4.44350
4.13413
4.31288
4.20907
4.48597
4.46809
1.41074
4.50500
4.46352
4.21511
4.47503
4.32385
4.47390
4.05293
4.43408
4.36185
4.25490
4.40676
4.44502
4.17729
4.39192
4.24938
4.20444
4.20151
4.09321
4.42762
2.89153
4.26277
4.22345
4.49833
3.90467
4.36226
4.47456
4.40520
4.49700
4.29496
4.37175
4.48896
4.45437
3.93749
4.48879
4.49382
4.30924
4.24515
3.76783
3.78123
4.46568
3.52948
4.39011
4.31111
4.36977
4.49055
4.05725
3.79836
4.37854
4.44297
4.32383
3.62695
3.74079
4.37903
4.31683
4.37940
4.38494
4.39740
4.26346
4.32568
4.47794
3.35006
4.38235
3.82040
3.90482
3.91277
3.35953
2.94494
1.74047
4.47214
4.46185
4.36468
4.34295
4.32250
4.37935
3.52702
2.98577
4.29858
4.47185
4.20308
4.35909
4.47789
4.47023
3.31146
4.18955
4.40897
4.39739
4.44824
4.31922
4.08358
1.85958
4.41460
3.11448
4.46792
3.84184
4.49521
4.12039
3.57782
3.54569
4.43699
4.08040
4.48810
4.44230
4.46840
4.43514
4.00193
4.42600
4.13597
4.41510
3.98761
4.44409
2.50470
2.70969
4.45270
3.39565
4.29208
4.45771
3.82090
4.44287
4.19230
4.36019
4.46054
4.37102
4.32685
4.39897
4.25800
4.00674
3.91284
2.69556
4.35866
4.46254
4.49376
4.41528
4.50017
2.48604
3.80796
4.25996
4.37186
4.25971
3.97331
4.50103
3.58164
3.91760
4.18089
4.35128
3.23877
3.95114
4.48063
4.43231
4.20273
4.24678
4.02184
4.45247
4.35426
4.35812
4.14150
4.44501
3.46801
4.47756
4.32242
4.48813
4.21128
4.27069
4.48042
3.92333
4.35902
4.21392
4.43873
4.11945
4.40307
4.22628
3.63210
4.47761
4.50902
4.46942
4.39285
2.95015
4.15421
4.42165
4.32632
4.41233
2.56983
3.08307
4.41114
4.35296
3.96388
4.32520
4.43752
4.51861
3.78566
2.42807
4.49146
4.27714
4.27490
4.47343
4.43581
4.37863
4.52508
4.51136
4.37874
4.45791
4.44999
4.16011
4.33756
4.03624
4.40948
4.35093
4.22505
4.20608
4.27477
4.44041
3.61849
4.34743
4.37811
4.07899
4.44964
4.32059
4.37329
4.49575
4.46604
3.62961
4.37253
3.38108
4.14526
4.42406
4.42437
4.40551
4.29771
3.86192
3.94336
2.82960
4.27292
4.32258
4.49137
4.06313
4.47844
3.92040
4.52112
3.43122
4.05948
2.88598
4.50243
4.44355
4.18167
3.40818
4.29146
4.35012
4.47941
4.33635
2.53778
4.19331
3.89531
2.84428
4.44554
4.36713
4.45111
4.39727
4.51201
4.29670
4.18443
3.50952
2.92677
3.73981
4.35553
4.47342
4.00647
3.85447
4.10915
4.46812
4.47675
4.49766
4.45519
3.61638
4.22604
3.59044
2.42106
4.52393
4.46772
4.40063
4.40255
4.46533
4.39879
3.86402
3.98311
2.43537
4.03467
3.87477
4.44152
3.65664
4.17242
3.84206
2.76820
3.67034
4.39083
4.43695
4.20370
4.09862
4.08191
4.03880
3.73459
4.06576
4.20987
4.45671
4.30549
4.27778
4.43274
3.73253
4.02891
4.43128
4.44607
2.05574
4.45537
2.97752
4.44984
4.23361
3.93059
4.03594
4.14361
4.09169
4.45385
4.46773
4.08701
4.30123
4.07269
4.29047
3.74022
4.51652
4.35785
4.25858
3.98865
4.45153
4.48243
4.16242
4.43776
3.90647
4.46337
4.40326
4.38633
4.33008
4.17161
4.40651
4.37375
4.34530
3.91220
4.27921
4.42717
2.69574
4.52722
3.94293
4.37008
3.11735
3.93512
4.44066
4.42218
4.40989
4.38720
3.98445
4.47386
4.33194
4.43148
4.44515
3.83194
4.25136
4.10884
4.37724
4.11564
3.03970
4.10416
4.46592
3.00205
4.37532
4.45600
4.37899
2.96978
4.18837
4.38379
4.29727
3.96524
4.28946
4.43186
4.30272
4.05097
2.76569
4.32899
4.46978
4.38371
4.49514
4.51936
4.41638
4.36652
4.41334
4.43755
4.49977
4.46110
4.44539
3.80834
4.40105
4.32455
4.13628
3.90576
4.30838
4.44700
4.51931
4.39575
4.44791
4.43880
4.47053
4.49670
4.45729
3.80216
4.33068
4.00588
4.39563
4.28915
4.27492
4.26716
4.52146
4.10973
4.45569
3.00419
2.36223
4.31711
4.31708
4.35609
3.96684
4.22069
4.41012
4.29516
4.45867
4.44428
4.15920
4.17478
3.89407
4.41991
4.32401
3.61500
4.40184
4.32781
4.43333
4.23289
4.33839
4.37862
4.45275
4.17619
3.83634
4.35153
3.91462
4.46194
4.48978
4.40585
4.17302
4.39438
3.39897
4.28587
3.91511
4.21012
3.59694
3.14057
4.28772
4.33646
3.89901
3.79375
4.48310
4.44466
4.11701
4.17702
4.08846
4.49933
4.42957
4.43391
4.35352
4.32886
4.22665
4.48912
4.00689
4.38792
4.36510
4.33602
4.48140
3.81157
4.40633
2.64333
4.38644
4.44012
4.25040
4.42869
3.84228
2.25380
4.12262
3.05811
4.41494
4.22466
4.16581
4.22410
4.20238
4.24174
3.84504
4.04568
4.46537
4.49540
4.42584
2.90324
4.20656
4.37254
3.83711
4.34829
4.37190
4.09048
4.45533
4.02275
4.33078
4.16955
4.21676
4.35843
3.92663
4.44807
4.47245
4.21825
3.21790
4.39689
4.36890
4.46548
4.38144
4.18046
3.89480
3.03200
4.46844
3.54747
4.37887
4.29019
4.45779
4.38145
4.44036
4.38385
4.35835
4.25492
4.13028
4.29385
4.31562
4.42012
4.46653
2.31231
4.28280
4.34473
2.75259
4.46843
4.36279
4.31109
4.11160
4.23252
4.45359
4.42952
4.38182
4.21434
4.08731
4.12169
4.24880
4.48597
3.72744
4.28468
4.26007
4.45083
4.52935
4.49186
2.57086
4.21374
3.72610
4.48174
4.44821
3.94502
4.18273
4.20056
3.57474
4.45771
4.50705
3.98388
4.38173
4.35262
4.39310
4.46346
3.97092
4.48173
4.46311
4.35664
4.46679
4.05218
4.35128
3.83054
4.39237
4.26740
4.36065
3.99965
4.39401
3.95399
4.37899
4.39134
4.22070
4.43986
4.24702
3.55052
3.71915
4.32477
4.45909
4.33471
4.07067
4.41775
4.15495
4.07064
4.29025
3.80432
4.17882
4.25675
3.83630
4.47359
4.41151
4.37146
4.41046
3.93669
3.13968
4.52593
4.35693
3.87519
3.52068
4.03297
4.54343
4.27322
4.29062
4.26384
4.50002
4.47939
4.18273
4.10808
3.84308
4.24425
4.42312
3.34706
4.43699
4.43893
4.41691
4.38246
3.69115
4.12781
4.35562
4.40277
4.11794
4.35203
4.14756
4.41730
4.07749
4.37964
4.26184
4.09837
4.05174
3.48301
4.41612
4.45130
4.37099
3.72926
4.43289
4.27693
3.98120
4.05676
4.15698
4.34130
4.50290
4.43299
4.45320
4.43208
4.20993
3.32936
4.50851
4.15434
4.50860
4.27632
3.98499
4.46067
4.44619
3.99717
3.68096
4.31766
4.42743
4.30817
4.18027
4.51729
4.09937
4.39342
4.17903
4.35573
2.70447
4.24333
4.28348
3.65050
4.01334
4.42481
3.44166
4.09318
4.23837
4.31789
4.28105
2.87376
4.40610
4.42558
4.41903
4.43267
3.93052
4.46926
4.50193
4.42971
4.44808
3.72483
4.45970
4.29668
4.46470
1.99863
4.50731
4.09254
3.64647
4.12147
3.61219
4.26632
1.26671
3.59083
4.27653
4.27257
4.36002
4.47058
4.42948
3.94535
4.34768
4.47940
4.36618
4.20760
4.48633
4.29484
4.33125
4.25373
4.14248
4.19910
3.82887
4.46964
4.40185
4.24431
4.32763
3.79807
2.39456
4.37768
4.44264
3.64122
4.32671
2.03483
4.45554
4.46044
3.89655
4.40763
3.89759
4.17941
3.94289
4.47661
4.29216
4.28935
4.38785
2.58797
4.26868
4.19741
3.82635
4.02080
4.44851
3.83433
4.44401
4.16420
4.35734
4.43686
4.09712
3.76103
4.05555
4.08904
4.20757
4.49609
4.12516
4.25960
3.97557
4.38771
4.47363
4.10747
4.37027
4.37411
4.46660
4.08983
4.27385
4.31779
4.30926
3.94479
4.46844
3.11233
4.40302
3.05491
4.40103
3.55081
4.40015
4.29697
4.30412
2.50230
4.12130
4.41440
4.22639
3.19624
4.39952
4.09661
2.25791
4.51394
4.30675
3.34951
4.27391
4.20559
4.42140
4.36402
4.49336
3.54368
4.37987
4.42508
4.26384
4.38530
4.38056
3.30480
4.28963
4.05709
4.33051
4.36901
4.39738
3.83272
4.47395
3.90285
4.32075
3.89605
4.30589
4.43533
4.16044
3.22286
3.66191
4.08889
4.45491
4.26158
3.10132
2.80081
4.37362
4.30095
3.88996
4.46975
4.39811
4.42910
4.42024
4.27839
4.32682
4.31748
4.29052
4.03509
4.35493
4.43070
2.82974
4.26192
4.27060
4.35351
3.96296
4.22367
4.41183
4.19283
4.16386
4.50932
4.41794
3.61380
4.30653
4.37822
4.42880
1.63825
4.31075
4.42210
4.25829
3.86326
4.03638
4.45437
3.88819
4.23561
4.39579
3.76931
4.48319
4.26062
4.49751
4.42857
3.51553
4.13498
4.44563
4.41814
4.15456
3.94407
4.15528
4.47714
3.79026
4.36543
4.33208
3.52987
4.22856
4.08546
3.68865
3.68022
4.47872
4.12079
4.24990
4.49889
3.26428
4.48285
3.93978
4.38748
3.96464
4.17432
4.46217
4.32494
4.38248
4.40228
3.64015
4.41927
4.49592
3.39994
4.33770
4.42181
4.29283
4.31100
3.80287
4.36467
4.36761
3.61530
4.38551
4.18849
4.37360
2.27721
3.95808
2.07122
4.51570
2.82724
4.46218
4.16773
4.10509
4.38727
3.54986
4.26316
4.46013
4.10056
4.30750
4.50913
4.40051
3.86228
4.41047
4.16679
4.34291
4.49921
4.30137
4.30865
4.25963
4.18328
4.47660
4.16647
4.23790
4.28703
4.11538
4.43436
4.07808
4.45245
4.41551
4.34686
4.34986
4.47319
3.91574
4.23427
4.20390
4.05889
4.52505
4.07366
4.46084
4.10952
4.31886
4.26212
4.47215
3.17246
4.36408
4.33402
4.45511
3.92880
4.22644
4.41569
4.47423
4.11801
4.45529
4.40794
2.28882
4.23998
4.36135
2.33481
3.90811
4.43453
2.52777
4.48589
4.48985
4.39391
4.42709
4.42472
4.27814
4.10634
4.13817
4.42067
4.06465
4.31762
4.41910
4.51601
4.41252
4.48323
4.38843
4.49024
4.22468
4.18088
4.37742
4.15498
1.68607
4.41984
4.14809
4.33332
3.73110
4.29239
4.38321
4.32276
4.31062
3.86590
3.98314
4.28612
4.40653
4.26293
4.43216
4.45774
4.46330
4.33520
4.47113
3.74553
4.28272
4.34732
4.01835
4.25508
3.77714
3.80394
2.84200
3.62967
2.15602
4.39262
4.43935
2.87505
4.17652
4.42757
4.42627
4.45764
4.34829
4.46289
4.45981
4.45506
4.28907
4.21513
4.13320
4.29205
4.33089
4.22908
4.35833
4.14524
4.42518
4.48494
4.43028
4.47091
4.43411
4.35498
3.55969
3.80433
4.47867
4.38669
4.50467
3.92501
4.14180
3.68158
4.00490
4.02111
4.36441
3.39716
3.74858
4.07523
4.21635
4.38405
4.26590
3.34920
3.56248
4.38042
3.53951
4.37041
4.42052
4.14804
3.28711
4.40641
3.85956
4.46066
4.16169
4.44312
4.48045
3.98430
3.83685
4.15417
4.48578
4.47101
4.31298
4.48317
2.55537
4.39874
4.29566
3.94494
4.19903
4.36459
4.01847
4.34709
4.25274
4.23050
2.89023
3.91200
4.25625
4.40692
4.29100
4.24033
3.34173
3.79330
4.48148
4.30891
2.02030
4.49241
3.97520
4.42299
4.43750
4.32805
4.17109
4.48629
4.16141
4.39687
4.49723
4.44035
4.32240
4.37736
4.47894
4.47958
3.62756
4.10477
4.43730
4.28055
4.37328
3.73139
4.16512
4.37724
3.97391
4.49925
4.36040
3.79188
4.41982
3.82329
3.86937
4.29559
4.48333
4.49819
4.33064
2.92640
4.50068
4.43376
3.96374
4.26837
4.41981
4.35976
4.12584
4.43321
4.29506
4.10349
4.40792
3.91996
4.46442
4.48353
3.94275
3.98086
4.47727
4.44284
4.29508
3.68841
4.38936
4.31335
2.98480
4.38263
4.44050
4.31342
4.36076
4.08148
4.45637
4.10187
4.13899
4.43390
4.24183
2.22284
4.24509
4.48443
4.01213
4.45700
3.78218
4.18442
4.37597
4.01307
3.70056
4.32383
4.49196
4.25115
4.31946
4.22949
4.06426
4.40819
4.19900
4.46595
4.41422
2.22807
4.18689
3.27360
3.57005
4.40822
4.48862
4.47080
3.85915
3.96879
4.40002
3.18964
3.89700
4.46760
4.27137
3.18778
4.48125
4.33882
4.11377
4.40143
3.15511
4.46227
4.29141
4.33961
4.39950
3.57699
2.01414
4.43297
4.35323
3.77795
3.87216
4.29143
4.08518
3.55020
3.87422
4.44398
4.23703
4.39392
4.30069
3.93764
3.89127
4.50910
3.84909
4.50699
2.94942
3.63818
4.40966
4.19828
4.07818
4.38711
4.27552
3.95448
4.42970
4.40651
4.31856
4.00986
4.24940
4.12903
3.72923
4.36103
4.24167
4.33176
4.36754
4.49454
4.06786
4.06892
3.99735
4.42371
4.45083
4.43706
4.25957
4.39372
2.48327
4.44836
4.35602
3.90968
4.28889
3.48676
4.23543
2.78875
4.16439
4.11743
3.81199
4.44221
4.43614
4.34588
3.26955
4.39020
3.76901
4.38818
4.40949
4.22460
3.38373
4.46700
4.51274
4.12596
3.96229
4.41988
4.50200
3.20686
3.94121
4.45104
4.22926
4.33442
4.05097
4.09301
4.13549
4.12310
4.27729
4.29635
4.06229
4.50192
4.26046
4.19870
4.43658
4.44442
4.40535
4.18730
3.95053
4.47854
4.51537
2.09472
4.42229
4.40109
4.40857
4.26213
4.40770
3.90344
4.39357
4.24632
2.41924
4.44618
3.89733
3.90748
4.48462
3.88598
4.38468
4.38285
4.31306
4.33273
4.39452
4.38126
4.23151
4.34394
4.44901
3.92976
4.14228
2.38303
4.04920
4.50914
4.23891
3.98275
4.44998
4.03728
3.85989
3.79867
3.56105
4.43616
4.12391
4.43740
3.64843
4.47700
4.30852
4.14280
4.35300
3.99725
4.33919
4.25482
4.44649
4.38503
4.12591
4.23981
3.55067
4.23576
4.33948
4.38003
3.99641
4.50246
3.76933
4.33832
4.38805
4.33356
4.39730
4.38419
4.10688
3.76127
4.31546
4.15850
3.86399
4.04270
3.97255
3.63211
4.05172
4.39539
4.18520
3.59198
4.44172
4.12938
3.11252
4.12804
4.45900
3.97170
4.00860
4.01896
4.45494
4.49250
4.45502
4.32883
4.33742
4.19894
3.93051
4.21211
4.48291
4.35076
4.34242
3.32496
4.14540
4.08155
4.28297
4.46391
4.42863
4.10610
2.62112
3.93601
4.05858
4.47214
4.17501
4.30434
4.42144
4.43390
4.15032
4.40969
4.51199
4.52856
4.15910
4.39641
4.28000
4.39743
4.46337
4.39676
4.08029
4.40765
4.18108
4.28578
4.30244
4.36375
4.45482
4.22823
1.87283
4.48250
4.30967
3.32091
3.18710
4.31238
4.12753
3.63600
4.45337
4.17875
4.42510
4.39465
4.20392
2.81889
4.33572
4.44149
4.13376
3.93344
4.47207
4.15231
4.46418
3.63924
4.47331
4.10388
4.27275
4.46456
4.19638
2.88822
4.35701
4.40953
4.34885
3.83935
4.24493
4.36344
3.83588
4.24969
4.50892
4.50033
3.67737
3.74233
4.35637
4.00537
4.47964
4.45220
4.44659
3.58095
4.36618
4.38651
4.29009
4.36641
4.48824
4.05686
4.19266
3.43363
4.41892
4.46310
4.12988
4.42688
4.36739
4.38189
4.08425
3.39723
4.41290
4.43365
4.45707
4.42286
4.49806
4.38083
2.41670
4.42874
3.70148
4.47389
4.08348
4.05376
4.09109
4.40143
4.49526
4.33165
4.21496
4.41573
4.45010
4.20173
4.44899
4.24952
4.31497
4.50837
4.38396
4.12775
4.26352
4.39560
4.45879
4.33449
3.95516
4.51644
4.17750
4.32109
4.16264
4.30678
4.45340
4.38022
4.39132
4.28560
3.99982
4.41896
3.56922
4.29869
4.12181
4.39176
4.25245
4.03673
4.48280
3.96551
4.52480
4.45142
4.33923
3.05463
3.97259
4.41063
4.40180
4.40856
3.61364
4.42263
4.44547
4.50143
3.62169
4.37669
4.43963
2.16357
4.45454
3.99177
4.42301
4.26474
3.61583
4.28247
4.04872
4.37709
4.33877
4.39589
4.32991
4.36329
4.48848
4.51943
3.93904
4.32829
4.37654
4.24196
3.95408
2.37320
4.31099
4.50037
3.69075
4.48778
4.15957
2.75485
4.28515
4.01670
4.08077
4.44459
3.94814
3.92943
3.91283
4.03753
4.35464
3.69170
4.28993
4.41066
4.41580
4.17031
2.46232
2.91562
3.18252
4.39953
4.24482
4.18835
4.41121
3.46233
4.15005
4.39748
4.38935
4.08827
4.46344
4.17835
4.45339
4.53457
4.43220
4.43336
4.39841
4.45494
4.29134
3.61454
4.30459
4.11880
4.45033
3.29752
4.36781
4.40600
4.14386
4.26806
4.48856
4.21174
4.26961
4.41102
4.38869
4.43545
4.38744
4.21069
4.34506
4.48145
3.68809
2.24225
3.82968
4.41945
4.19755
3.34964
4.37909
4.28026
3.82328
4.34516
3.49789
3.42333
4.37224
4.37719
4.37189
4.47561
3.33190
4.42795
4.35858
4.43488
4.39877
4.37197
4.22626
3.83644
4.41958
4.42301
4.42339
4.35105
3.96910
4.40402
3.90255
4.40833
4.17432
4.51332
4.41125
4.42859
2.28914
2.93640
4.50119
4.24825
4.29219
2.60858
4.36869
4.37751
4.31632
4.44534
4.48107
4.43354
3.97686
3.14237
4.45826
4.33065
4.39069
4.43097
4.09497
4.40211
4.38517
4.41535
3.90482
4.34951
4.46081
4.23172
4.17469
4.17543
4.39195
4.41309
3.68124
4.12663
3.43569
4.25993
4.39037
4.49342
4.42613
4.31946
4.08991
4.49693
2.90394
4.39033
4.19399
3.82302
3.42368
4.36882
4.47134
4.47421
4.34353
4.38205
4.45632
4.31631
4.14796
4.03980
4.40543
4.30019
4.30510
4.46570
3.70683
4.32758
4.17931
4.14846
4.32627
4.45849
4.41250
4.41489
3.86388
4.29546
4.47120
4.38268
2.43758
4.37784
4.42076
4.42631
4.54915
4.23079
4.23093
4.06069
3.85572
3.95756
4.16122
4.39949
4.41892
4.47028
4.38067
4.41888
4.09563
4.35404
4.43672
4.18388
4.40970
3.41731
4.46163
4.27084
3.86484
4.48452
3.80980
4.40908
4.04923
4.49612
4.36379
4.04042
3.99228
4.45061
4.41965
4.52433
4.27197
4.35290
4.38525
4.47243
4.47927
4.31105
3.49966
4.33538
4.32459
4.43504
4.22356
4.28620
4.54416
4.33386
4.42610
4.48950
4.46092
4.25948
3.45895
4.44509
2.00724
4.38282
3.55169
3.80153
2.82136
4.07867
4.43397
4.02296
4.33297
4.45655
4.31018
4.19986
4.43737
4.35128
4.47737
2.32365
4.27519
4.34267
4.43474
4.42024
4.50252
4.34094
4.34101
2.83669
4.44447
4.41667
4.50930
2.57936
3.23658
4.48763
4.16050
4.38249
3.37368
3.53349
4.21070
4.30561
4.15343
4.31582
4.23494
4.43504
3.57371
3.99542
4.40288
4.37299
4.45315
3.54051
2.16554
3.96640
4.18425
3.36967
4.30906
4.25339
3.53814
4.27824
4.23427
4.41163
4.39138
4.31633
4.33747
4.50380
3.02891
4.48608
4.51417
4.17354
4.31464
4.46882
4.47655
4.29067
4.32297
4.42479
4.40717
3.60349
4.35526
4.37040
4.36784
4.26112
3.61864
4.48281
4.35102
4.18042
3.56189
4.37743
4.04258
4.00109
4.53740
4.34466
4.46170
3.89039
4.12612
4.46259
4.42985
4.46160
4.45412
4.17633
4.13269
4.38333
3.91475
4.30230
4.46765
4.42048
4.37072
4.25421
4.42312
4.47968
4.28892
4.09671
3.75174
4.23447
3.43274
4.42051
4.42924
2.51928
4.09303
3.99604
4.46072
4.29747
2.42492
4.09916
4.23959
3.73966
4.47633
3.90173
2.81929
3.92014
4.06400
4.37061
4.39464
2.57135
4.23310
4.33014
4.46989
4.00435
4.45637
4.46152
4.28264
4.03378
3.84004
4.04899
4.29550
3.62240
4.17445
4.34331
3.52541
3.74721
3.19012
4.52015
4.37758
2.67350
4.45720
4.46924
4.31463
3.52393
3.54710
4.22637
4.06659
3.77884
4.38375
4.22974
4.48558
4.47480
4.36007
4.41159
4.50736
4.46727
1.52927
4.40048
4.45069
4.22819
4.45437
4.06122
4.46284
4.48095
4.35146
3.13819
4.32673
4.34126
4.07518
4.45946
4.48806
4.50244
3.46345
3.90057
4.47383
3.60420
4.29832
4.50446
3.95594
4.30922
4.38954
3.90232
4.40017
4.42432
4.47588
4.38814
3.09402
4.36439
4.50782
4.21483
4.42976
4.35785
2.28507
3.54256
4.20936
4.40510
4.29788
4.35643
4.49577
4.45451
3.34905
4.16559
4.36707
4.38283
4.50484
4.43930
4.30243
4.20049
4.47930
3.94791
3.53264
4.43851
3.42196
4.20639
4.28101
4.49184
4.36505
3.78238
4.36715
4.48454
4.44682
4.33019
4.32121
4.36357
4.37810
4.01539
4.42893
4.44890
4.40257
4.35773
4.37744
4.49329
4.44787
4.43827
3.95350
4.13275
4.41875
4.44149
4.47286
4.43166
3.17950
4.43814
4.43082
4.50405
4.38300
4.48296
4.39756
4.49631
4.24187
4.45198
2.43446
4.44934
4.46794
4.11284
4.00607
4.46686
3.68517
2.02400
4.39297
4.45037
3.85860
3.57022
4.39756
3.67224
3.96600
4.40749
4.10793
4.19756
4.39694
2.25914
3.56556
4.26155
4.39413
4.47806
4.26290
3.69724
4.28215
4.37379
4.42861
4.30238
4.42181
3.64339
4.44169
4.51696
4.49149
4.46334
4.46887
4.11183
4.41960
4.28387
4.33794
4.45576
4.44553
4.41245
4.26204
4.45963
4.19836
3.28788
4.42134
4.42205
4.43035
4.19936
4.35018
4.40889
4.39230
4.40937
1.68410
4.28826
4.47223
3.85708
4.14987
4.50632
4.29515
4.47266
4.50651
4.31886
4.31872
4.34073
4.33562
4.13210
3.87138
4.45939
4.32293
3.84677
3.76133
4.48939
4.44077
3.74958
4.29804
3.80676
4.50218
3.92998
4.44465
4.45632
4.14161
3.36023
4.28590
3.62563
2.60677
4.29521
4.43055
4.44346
4.11211
4.42256
4.43514
3.90577
4.47206
3.99042
4.39760
1.47195
4.47235
3.57792
4.44607
4.06912
3.87389
4.35108
4.28138
4.30588
4.24385
3.87036
4.36566
4.43729
4.47969
3.70467
4.37760
2.46244
4.20078
4.20227
4.28123
3.82101
4.05386
3.22601
4.18227
4.25046
3.21037
4.26907
4.28498
4.44949
4.46247
3.37972
3.23624
4.34479
4.20145
2.55935
4.41689
4.22797
4.07455
4.36212
4.28269
4.40096
4.36332
4.45895
4.41385
4.48380
4.39106
3.94702
4.36198
4.54214
4.33299
4.41675
3.65548
4.35396
4.29150
4.30160
4.24616
4.48341
2.07782
4.43586
4.30276
4.27269
3.77833
4.46811
3.82114
4.52746
4.45391
4.13933
4.25653
4.50565
2.99492
4.07649
4.00673
3.87823
4.37436
4.45824
4.47641
4.08610
4.40667
4.05813
4.48589
3.08085
4.20434
4.14735
4.18316
4.44909
1.87464
4.08003
4.30515
4.26391
4.12698
4.39052
4.41937
4.33753
4.46763
3.96493
4.42193
3.42094
4.45998
4.02050
3.98708
4.39628
3.80755
4.19758
4.08034
4.49020
4.30198
2.93459
4.27695
4.40771
4.14114
4.37117
4.51540
4.27406
4.33693
4.48050
4.48058
4.36705
3.76218
3.78098
3.65220
4.37390
3.98523
4.19117
3.99190
4.35509
4.10270
