1.50302
0.74729
2.10627
1.54114
0.35495
2.26201
3.00821
2.62303
1.13676
0.90944
2.50534
2.06960
0.86045
0.01952
0.05494
0.00737
0.02077
0.97948
0.00044
0.01452
0.05952
0.14485
1.56625
3.53323
1.42958
0.01088
0.00001
0.00550
0.84173
3.38298
0.01443
0.89892
1.49232
2.76255
1.09560
3.06070
0.58481
2.08107
1.64760
1.16952
0.69191
2.70346
1.57671
1.24532
0.00033
0.28136
0.35610
0.05596
3.00634
2.97003
1.03079
1.10876
0.00041
0.83589
0.20216
0.93673
0.38012
0.18002
0.30538
0.63382
0.10798
1.28607
2.58366
2.30751
1.97204
0.83477
0.32636
1.33099
0.68689
0.22234
0.61950
1.73401
1.63486
2.07902
0.28197
0.43823
0.00043
0.02954
0.12975
0.83311
0.12794
0.03402
0.00487
0.77185
1.32370
0.10616
0.12473
2.24236
1.22166
1.74233
0.07897
0.33689
3.06008
0.71249
0.92203
2.53950
2.85627
1.51355
1.60260
3.38806
0.75308
0.99081
1.71334
2.89771
1.82794
0.00038
0.00358
0.06355
0.90779
0.63534
0.61776
0.02374
2.14694
1.23524
0.05799
0.16112
0.82851
0.45384
0.62175
0.02966
0.97683
2.64194
0.60160
0.61716
0.09501
0.63504
2.61632
2.47303
0.08149
2.73430
1.61497
0.12540
0.16369
1.47118
2.94050
0.19413
0.21582
2.72636
0.35146
0.02883
1.35926
0.84030
0.10453
3.44969
0.78922
0.41706
1.59155
0.00001
0.09281
0.29644
0.70437
0.36512
2.88190
2.74802
1.00500
1.07163
0.20302
0.24440
2.55345
0.89329
0.13754
0.01982
1.46266
1.74252
2.74539
1.40187
0.00093
2.02627
0.17841
0.88594
0.80405
2.83405
3.05581
1.43226
0.19768
0.53223
2.33085
1.31892
0.09301
0.05528
0.08830
2.08884
0.03988
0.08711
1.10367
0.26548
2.94704
0.43407
1.13837
0.26916
0.19224
1.40999
1.14244
0.06823
0.00725
0.11373
0.87448
1.71219
0.02228
0.28961
0.05420
0.06602
0.01611
0.03205
0.16682
0.67174
0.17278
0.00316
0.05779
2.86343
2.13324
1.77528
1.81433
3.01572
0.00503
2.26550
1.85755
1.21895
1.32698
1.08940
0.15320
2.75760
2.75773
0.05638
2.82809
2.28309
0.05166
0.16164
1.29153
0.89625
1.67536
0.08119
1.56366
0.03130
0.58480
2.22023
2.68124
0.65060
0.00002
0.13396
0.01986
0.01354
0.14114
2.76715
1.40579
0.64195
0.03801
1.35435
3.24898
0.18312
0.14667
0.67327
0.94116
0.00047
1.53086
2.11532
0.94566
1.54952
0.99579
0.39816
0.48590
0.10383
2.61351
0.85989
2.33714
1.97039
2.13520
2.06072
0.76587
0.62012
0.36536
0.14435
1.64154
1.79084
2.31412
1.07430
0.56384
2.67453
1.39215
0.00456
0.48510
0.14660
0.64126
0.13645
0.58742
0.10088
1.41371
3.16850
0.35466
0.29506
2.61602
2.77989
0.68880
1.25786
1.46129
0.07072
1.04608
0.16600
0.65902
1.54585
1.56896
0.60948
1.34114
1.54540
1.77006
2.29957
0.02565
0.08078
2.26441
0.53286
2.27514
0.43737
0.02495
1.21734
2.10626
3.60285
1.08486
1.00412
0.08927
0.06130
1.44398
1.74915
3.13222
0.02950
0.05436
0.94464
2.86557
0.03621
0.46738
2.68212
0.04118
0.18519
0.32599
0.79116
0.59532
0.73374
2.14271
2.07687
0.98672
1.83912
0.51969
3.37919
0.11626
0.04911
0.68550
0.61318
0.72984
1.06517
2.53671
2.59780
0.84877
2.82194
2.20358
1.04167
0.06957
0.60670
0.62967
1.11024
1.13668
2.67729
0.03900
0.00011
2.78885
0.10518
0.01789
0.98744
2.62715
1.25670
2.73998
2.10976
1.22016
0.00542
0.10516
1.47943
2.25637
3.13952
0.57471
0.01056
0.00052
2.81596
0.16152
0.09068
0.00419
2.86155
0.09861
2.50925
0.80093
1.82348
0.77054
0.93014
1.61879
0.85946
2.73852
0.11858
2.82954
0.72486
2.65527
0.24610
0.75136
0.85336
2.12663
2.86771
2.47102
3.06853
0.61227
0.95102
1.48369
0.07458
2.47609
2.58250
0.87396
2.54631
0.18893
3.21723
2.11718
1.68974
2.99050
0.20233
0.14541
2.31875
3.06705
2.52984
1.57067
0.92110
0.37508
0.04316
0.67235
0.30469
2.67045
0.93688
3.19847
0.59896
2.84886
0.29053
1.54279
0.54828
1.23245
1.46923
0.27219
1.09384
0.28660
0.00347
2.39232
0.14814
1.44755
0.14086
0.43117
0.30477
1.07027
2.16066
1.17683
2.37937
0.48715
0.06483
2.65778
1.79826
2.14044
0.86384
0.71000
0.67861
1.42704
0.00017
0.56415
2.60954
1.53610
2.59274
1.22004
1.62292
0.90252
0.46054
0.16714
0.16551
1.36985
0.08874
2.47164
1.11626
1.53175
2.76077
2.51050
0.90150
0.37200
0.00653
2.30931
3.26222
0.09668
0.64856
0.52801
0.78715
2.75906
2.71542
1.51563
0.97455
0.68291
1.44101
0.17483
3.22773
2.28799
3.12617
1.51681
0.07446
1.70801
0.98636
0.66126
0.81141
2.19517
0.05454
0.85820
0.31035
0.02692
1.56737
0.03668
0.75865
2.39714
2.63764
0.35643
0.00033
1.89979
0.18234
1.33926
0.02240
0.29674
1.65147
3.01670
2.20487
0.16081
0.34566
0.83252
1.97419
2.14080
2.25483
3.31946
0.02907
0.01744
0.67372
1.13195
1.96815
0.29714
1.05054
0.05096
1.45615
0.96099
2.17763
0.34726
0.13082
2.84737
1.62639
0.12633
2.40377
1.41055
1.42611
1.86509
1.74862
0.54707
2.18238
1.49462
0.42628
0.44446
0.40864
2.87636
0.37710
2.77274
0.81902
0.07796
1.22730
3.35216
1.20619
0.54513
0.80560
1.47328
3.62152
0.46000
0.02645
3.31548
1.12933
2.64679
3.10472
2.80123
0.22786
2.75288
0.32761
2.92488
1.46621
0.03415
0.47488
0.09939
0.14495
1.86131
2.77257
0.24079
2.00552
2.78767
2.29293
0.02258
0.01877
0.43236
2.32492
2.95875
0.32109
1.72896
1.39142
2.89083
0.81880
0.02564
3.34476
0.93959
0.39881
2.97783
1.37917
1.21536
1.35831
2.18053
0.00916
1.15711
1.11331
0.12862
0.03465
2.27068
1.00206
0.02745
0.68477
1.50758
0.00000
0.07716
0.56506
0.35146
2.77091
0.02455
3.42220
0.78343
0.00215
3.49533
2.02258
1.08876
2.40316
1.94812
0.71670
0.45889
0.02189
0.15013
1.11898
2.51814
2.14581
0.98595
0.55179
0.04055
0.41127
3.65587
0.00113
2.44044
1.17868
0.13393
0.09671
0.02495
1.99206
1.13181
0.96792
1.00635
0.33291
2.67734
0.25935
1.81408
1.83985
0.23892
3.10899
0.33636
0.00000
0.41162
1.82347
0.27738
1.70626
0.42035
2.22426
0.01086
2.53866
2.01180
0.03464
1.72480
0.00611
3.46214
0.01841
0.02419
0.00860
0.41896
1.04299
0.02620
0.76786
1.73649
0.00719
0.55725
1.91079
1.72118
0.05577
0.15795
0.41870
2.28455
3.05576
2.51641
0.00841
0.74046
0.06394
2.45824
1.13050
2.74377
1.68368
2.41121
1.56360
0.38449
0.86746
2.86700
2.56723
1.94828
1.08190
0.76147
0.27058
0.00001
0.81836
2.21600
2.24429
0.88129
0.12151
2.17707
0.14197
0.00720
3.11381
1.71350
0.52994
0.27788
0.61453
0.01649
0.46624
0.34510
1.26667
2.67338
0.39116
0.00040
0.05065
2.57872
2.21797
0.00571
2.02720
2.01325
2.86726
1.89426
2.09401
1.25844
0.04837
0.00444
0.07655
1.33936
0.00023
1.92950
2.01564
0.07974
1.29529
2.84317
0.03592
1.75431
1.35246
1.69692
0.54661
3.34569
2.34364
0.47869
0.62579
2.73055
0.08756
0.43728
0.72925
0.00425
0.74830
0.11222
0.00378
0.13978
0.05445
0.42758
0.72732
0.20404
0.68617
0.56999
0.34355
0.35829
0.37185
2.84545
0.56231
0.80189
0.08769
0.12589
2.23133
0.00104
0.90217
0.00538
2.76159
1.51682
0.86929
2.95602
0.16567
0.78589
1.58849
0.51725
2.62109
2.22149
0.10342
1.26143
0.00786
0.43123
0.46340
1.22666
0.00314
2.03280
0.93586
2.39406
2.32126
2.72795
0.28799
0.69844
0.24550
2.26698
0.03145
2.57346
0.08249
2.18923
2.48368
2.26308
2.38616
2.33277
0.04712
1.39403
1.87024
1.12891
2.32793
0.26867
1.20609
3.14333
1.42226
0.00847
0.55925
1.13052
0.22231
2.38733
0.04396
1.35161
0.02424
0.74023
1.25395
1.51418
2.56900
2.31101
2.28303
0.28201
1.76628
0.76757
0.03271
1.82015
1.50896
3.08246
2.89703
1.79719
3.37092
1.95847
0.56579
3.27195
0.63760
0.08903
1.24587
0.00049
1.74255
2.15500
0.31957
0.05434
1.24942
3.05427
2.72491
2.82582
0.00020
0.30076
1.51744
0.04272
0.60705
0.03905
2.61574
0.58508
0.47021
0.82636
1.82903
2.46654
0.08448
3.31305
0.61682
1.53295
0.16153
0.00365
0.00589
1.49088
0.51364
0.72307
0.53007
0.00019
1.87216
0.69521
0.67273
1.68131
2.30980
2.68671
1.92515
2.95483
0.00177
3.09662
0.78379
0.99017
0.02121
2.52991
0.13015
0.09679
0.10870
0.95235
3.43442
1.22511
0.47833
2.58497
1.05578
2.31407
0.05973
0.39971
0.44363
1.66495
0.04275
1.90236
1.70234
1.10044
1.86208
0.15646
1.30625
0.52091
0.01207
2.49835
0.00164
3.29775
2.86920
0.01094
0.47414
0.52559
0.01244
0.21878
0.02823
0.11734
0.06455
0.78629
3.28378
2.60565
0.49934
1.12401
3.09698
0.00838
0.92330
0.67611
2.62408
0.33792
1.52469
1.40872
0.66974
2.40914
1.18390
2.56026
3.22171
0.02426
0.95304
0.15899
1.06703
0.37324
0.02035
0.00752
2.09051
0.83748
0.47721
1.69455
0.90205
3.59180
0.00848
0.22249
3.74201
0.55384
0.04585
0.04755
2.24547
1.14753
2.37818
1.95937
1.86581
3.43619
2.04915
0.11324
1.51139
1.27573
0.60868
1.21098
3.08322
0.08432
1.61778
0.07702
0.15912
3.27638
1.05292
0.05020
0.98673
2.17516
3.07115
0.31570
3.33138
0.76442
1.23510
0.13025
1.88457
1.01144
2.95428
2.19048
0.01144
1.79158
3.09021
0.62878
0.12981
2.06262
0.12040
2.83952
1.05870
0.30367
0.42260
0.07190
0.01069
1.07247
0.38961
0.07023
2.22559
1.63661
2.59788
1.75307
2.94379
0.37055
1.36321
1.55721
0.19195
2.31124
0.57919
0.91992
0.26787
0.11612
0.05457
1.52306
1.76322
0.10253
2.13003
0.22496
2.46676
2.70614
0.92494
0.17936
0.87601
0.15652
0.36008
2.72849
1.54293
1.31298
3.17521
0.01346
0.80432
0.31818
0.40713
1.00449
2.28710
1.15358
0.91889
1.29442
2.30666
2.49572
0.32705
0.30116
0.50722
0.15042
1.26530
0.00032
2.57814
0.58924
0.17877
0.82887
0.03201
2.43461
2.56541
0.04809
2.04818
2.47280
0.93010
1.91706
2.75792
1.99310
0.24417
2.62882
0.00798
0.02543
0.13718
1.24092
1.46135
0.72138
0.45978
1.99822
0.33793
0.00002
3.22524
0.07137
0.55913
2.34327
0.02314
0.05131
0.44361
2.18799
1.24572
2.20307
1.43319
0.24743
1.60312
2.99797
1.33492
0.51021
1.75941
1.58050
3.18361
1.71376
0.61884
2.50971
2.62902
0.09275
2.51894
0.68532
0.08505
1.11966
2.12195
2.27232
1.72424
0.02015
1.31199
1.02572
2.73601
2.32415
3.12762
0.15500
1.80956
0.11374
0.25720
1.66495
0.10139
1.05396
1.17761
1.44185
0.95796
1.03746
0.41511
1.47284
0.70458
3.65750
0.17948
0.85560
0.01311
1.67610
2.03909
2.78595
0.22426
0.31943
2.73678
0.76896
1.45195
0.30022
2.10592
0.97921
1.57105
2.00594
0.26753
1.20721
2.54853
1.61309
2.44914
0.00534
2.45482
2.19297
1.06640
2.13438
1.35129
0.31650
1.72616
1.34411
2.44007
1.99051
0.89785
1.62101
1.71133
3.14297
0.84916
0.37093
0.06998
2.50201
1.23166
1.08618
0.30544
0.09723
2.86206
2.31974
2.32475
0.01287
1.24771
0.80273
0.85292
0.69753
0.04944
0.04424
0.22674
0.02876
0.06214
0.07016
1.90488
2.08451
1.96539
0.22349
0.15562
0.60718
1.28323
1.64575
0.48036
1.45132
0.02821
1.75590
0.00363
0.13221
0.37728
1.87112
0.00171
0.05184
0.60264
0.05514
0.00146
0.43122
1.88429
1.59156
3.08201
2.53815
2.02763
2.18987
1.15030
1.61352
0.39653
0.25238
0.07561
1.52346
1.29535
0.61063
1.85742
2.69211
1.10817
0.99644
0.11485
0.42163
1.45847
0.37201
0.19934
0.78967
1.23751
0.04874
2.85053
0.00001
0.00418
0.71859
2.25457
0.08718
0.24689
0.79792
0.05843
2.37540
2.29195
0.42862
0.22342
0.14589
2.69940
0.65862
0.07721
3.16179
2.89696
1.14623
2.47724
0.71904
0.34976
0.04733
2.61622
0.57120
0.05109
2.24438
1.19702
0.10253
0.72054
1.33549
1.01280
2.27626
0.08522
3.10428
0.44507
1.48040
1.00609
0.58108
0.77270
1.73296
0.08703
0.08642
1.43811
0.58495
1.82054
2.53763
2.48872
2.87526
2.63434
2.58016
1.97023
1.91568
0.53706
0.00006
3.10981
0.07484
0.22097
1.62016
0.47685
0.94227
2.73363
0.02038
0.18421
2.70872
0.86549
0.06240
1.27807
2.70902
1.07176
2.07491
0.51232
2.76262
0.08678
0.76746
2.40043
1.08137
0.00447
0.03554
1.93062
0.00018
0.30130
2.45223
0.03857
0.54166
2.60043
0.92713
1.14411
2.06246
2.41470
0.08771
0.00002
1.16977
0.13239
1.29124
1.10824
0.01838
0.11543
0.00067
0.87686
0.03839
0.11694
1.14246
1.48536
0.39029
0.95902
0.68792
3.19161
2.51028
0.02976
0.19734
0.47004
0.07432
2.34290
1.87809
1.36644
0.01836
1.59754
0.07015
0.78234
2.55159
1.58481
2.29732
2.07858
1.91289
1.29820
0.70555
0.22453
0.55673
0.79608
1.01664
2.77089
1.33050
0.00271
0.37119
2.00939
2.80794
0.08282
2.40068
0.18164
0.01902
0.58289
0.97415
1.11001
0.95305
0.07035
2.50283
1.04091
2.85438
2.32288
0.47449
0.00853
2.38238
0.09191
2.48589
0.83457
1.78207
0.83217
0.51114
0.64349
1.17648
1.59442
0.03287
0.09638
0.03301
1.98789
3.10678
2.19286
0.74171
1.97007
0.15546
0.20307
0.03565
2.02635
0.00998
2.64929
1.33261
0.09989
2.11617
2.55208
0.37537
1.13920
0.45908
0.23412
0.50497
1.81596
1.62007
0.11969
0.79191
3.33567
0.44247
0.01349
0.21916
0.01021
1.90118
0.08069
2.27781
0.98884
2.32051
2.86686
1.62549
2.81860
2.38247
0.04236
1.37945
0.30040
0.03060
1.31381
1.04267
0.68286
2.31375
0.11539
2.36282
1.67832
0.65022
1.24417
1.82035
0.00062
3.01719
1.17728
0.29991
0.25149
1.19589
0.66420
0.12568
2.23974
1.54292
0.42408
1.29639
2.83011
0.46781
0.00396
2.96507
1.94834
2.46563
0.13280
3.02166
1.01910
1.43066
0.80791
2.75246
0.53238
0.96209
0.16145
0.10775
1.52003
0.02588
3.18548
0.84125
2.54953
0.02882
0.57044
1.24953
2.28202
0.06614
2.68034
1.84736
2.67161
2.18552
1.45581
3.05104
0.01249
0.27270
3.54776
0.00732
3.04573
1.67797
2.55323
0.67852
0.41145
2.64939
0.71197
0.73127
0.99913
1.92811
1.40827
0.09686
0.13999
1.77621
3.11284
0.50623
1.43866
0.00132
0.34237
0.43740
2.23899
2.57989
1.83442
0.08232
0.98831
0.90388
0.92737
0.32264
0.94968
0.55674
1.07625
0.78410
1.07677
0.04033
0.05729
1.46798
1.21435
1.20110
0.23251
0.17832
2.37605
1.37471
2.21493
2.00396
0.46674
1.40291
0.39352
1.80587
1.49588
0.00484
0.11847
0.92643
3.04995
0.16784
2.47380
0.33244
2.73026
1.33225
1.65975
1.61845
0.02615
0.47448
2.17422
0.62657
0.11060
1.63304
0.62116
0.60409
0.42860
1.58980
0.00002
1.31665
2.78259
1.37676
3.47681
0.06895
2.34760
0.00901
0.07656
0.83390
1.57024
1.36174
0.41712
0.32409
2.18125
0.33242
3.24429
2.06003
0.84714
1.07762
1.30381
0.07015
0.02053
2.44343
2.71757
0.17242
0.02740
2.15630
0.07382
0.34104
0.47644
0.31278
0.34665
2.62020
0.97045
2.13351
0.73597
0.75791
0.04702
0.36739
0.27023
1.86201
0.01243
2.25142
2.19044
2.17111
2.60116
0.03911
0.18008
3.06186
1.40433
0.03515
2.25318
0.00329
1.76200
3.47875
2.02065
1.91410
0.01833
0.61935
0.02203
0.04604
1.16323
0.92426
1.01575
1.74154
0.55602
0.09876
0.01996
2.38039
0.40841
2.74469
0.01814
1.41346
3.57246
0.06358
0.00084
2.36296
0.07926
0.18439
0.36159
0.78755
1.10841
2.39644
1.14691
0.17734
1.75348
0.06360
1.38017
1.92578
2.88781
0.72740
2.25449
2.17487
0.42540
0.28511
0.18183
0.85124
1.65163
0.61023
0.13004
0.21498
1.25621
0.20324
0.72320
3.03698
2.46206
0.00083
0.05851
2.12867
1.74853
2.91751
3.45069
1.07090
0.00525
0.79049
2.46911
0.53192
3.19751
0.86839
0.32832
0.27573
2.84069
0.38056
0.62762
1.34920
2.26628
0.51846
1.94300
1.82388
0.82666
1.93543
2.86773
0.33423
1.68666
0.99658
2.56704
0.91259
1.78048
0.02886
0.91044
0.50135
0.18609
0.01820
0.40412
0.83152
0.66069
1.85183
1.81538
0.16746
0.21948
0.92252
0.29798
1.51394
1.43870
1.51857
1.49566
2.84400
3.04212
1.26715
0.02069
2.85501
0.15735
3.09705
0.39643
0.90256
1.66999
0.28241
1.14293
1.54100
1.81171
0.06007
0.60453
0.89811
0.43125
1.13358
0.22348
0.00803
0.44034
1.98759
1.98082
0.19747
0.23637
1.77176
2.34265
0.51759
1.00777
0.09633
1.06423
2.84683
0.21585
3.26805
1.44408
0.56906
0.55285
2.16109
0.53677
2.27549
0.16742
2.52610
0.29550
1.23559
2.65810
0.02119
0.97439
1.48563
2.16654
1.08550
1.00804
1.55079
0.95912
1.77800
0.38035
1.65611
0.28162
2.15356
2.94230
0.00462
2.08716
0.64056
0.08232
3.09885
2.19842
1.45894
0.17757
0.88974
0.04321
3.12138
0.46329
0.20582
0.53858
1.19677
1.42651
0.07636
1.16795
1.97433
0.28899
2.97749
0.10997
1.45439
0.41864
0.00375
2.57337
0.34162
2.83114
0.83504
0.68279
0.00077
1.80314
1.23480
0.03862
2.45833
0.29882
1.50662
0.05005
1.77344
0.71042
0.00003
1.73560
1.56940
0.01750
0.48561
2.25682
0.90446
0.00390
1.09322
2.18926
0.42232
0.43346
2.50533
2.98746
0.20881
0.84348
0.01271
1.69743
1.06315
0.85750
0.32971
0.11803
0.01167
0.00468
0.57172
0.03469
2.65451
2.98322
0.41921
0.99444
1.34675
1.55450
1.12281
2.36215
0.00447
0.30226
0.13964
2.59534
2.42445
0.00153
1.47497
0.21886
0.37321
2.44334
1.27143
2.01633
0.79835
0.03164
1.44499
0.16817
1.40080
1.06831
0.19400
0.01975
0.37235
0.20865
2.86959
1.21252
3.17967
0.02779
3.18839
1.01715
0.02936
2.95400
0.82232
0.38050
1.95517
1.01847
2.94948
0.00274
0.43113
0.03466
0.59180
1.83089
2.28693
0.09214
0.84466
0.00019
2.46400
0.76735
1.36425
0.75459
0.65075
2.01865
0.14865
0.88465
1.91495
0.08812
0.92615
2.38612
2.37981
0.13714
0.32270
1.84410
1.03152
2.40461
0.85765
0.53020
1.45765
1.72039
3.07033
3.04750
0.46661
0.00612
3.09095
0.34904
0.22814
0.00000
2.59403
1.04372
0.00001
0.49599
0.03547
0.32017
0.68681
0.04596
0.87784
3.31785
0.62870
0.08189
1.62791
2.97781
0.13489
2.43615
2.29258
0.20716
0.00005
2.22243
0.87463
0.57977
0.84609
0.68712
0.22599
2.69613
1.03824
2.30024
0.28637
2.83048
2.60247
2.55411
0.36473
0.81031
1.83868
0.01656
0.04600
0.08527
2.59040
1.36217
0.14504
2.77070
0.02073
1.17130
1.15010
1.73712
0.09094
1.50585
0.07861
0.23906
0.09171
0.01915
0.71393
0.00002
0.59607
0.69830
1.29574
0.67507
1.29900
0.00214
0.13162
0.99876
3.41459
1.68529
3.33175
0.06084
0.53364
0.02078
0.38320
0.08159
0.50969
2.96849
2.04413
0.00094
1.19932
0.29271
0.04270
0.20636
2.47294
1.34304
0.15764
2.49014
0.00383
0.37437
3.49295
0.25605
3.27753
1.97849
2.17483
0.01952
1.27596
0.00004
2.01103
2.79807
0.00006
2.51883
0.00016
0.13346
0.27324
0.15847
0.38605
1.66214
0.21332
0.96132
0.00419
1.29260
0.53718
1.09375
2.04973
0.14762
1.53678
2.84445
1.74952
0.19920
0.38774
0.55887
2.32721
0.15667
1.08466
0.01055
1.79514
1.27064
0.01938
0.76748
0.64209
1.30736
2.51750
0.18819
1.09614
2.39704
0.60483
0.53167
0.24776
2.28911
0.21202
1.54208
0.10980
0.21819
0.40353
2.45692
3.34693
2.23123
2.99871
1.52335
0.01623
2.35791
1.47699
0.03875
2.23083
0.35268
0.09930
0.00770
1.42731
2.39543
0.00693
2.78569
0.29121
0.46133
2.15941
0.12257
2.19859
0.44037
1.49149
1.53934
0.47108
0.18603
2.24708
2.27269
0.03459
0.71949
0.72496
0.21526
1.14727
0.03860
0.19451
1.48018
0.25732
1.98620
0.22657
0.68890
0.01326
0.36156
1.56250
2.46182
0.01962
0.19785
1.09529
3.15976
0.73073
0.00599
0.11026
1.86056
3.48402
2.80285
2.11332
0.11547
0.36426
0.00700
2.49097
0.15770
1.50856
2.34054
0.66452
3.76239
1.15251
1.79984
2.67200
0.07595
0.16823
2.14462
0.02259
0.52924
0.11700
2.30212
0.00649
2.15326
1.75791
0.61688
0.10788
0.00229
2.02030
0.26017
2.13802
1.56900
1.76346
0.26388
0.30096
0.11202
1.11485
0.02031
1.09081
0.21228
0.40603
0.02892
1.81032
1.32913
2.90886
0.07007
0.01009
0.69404
1.13611
1.08339
1.99361
2.46722
2.45667
3.02531
1.14888
1.42074
0.59769
0.08370
0.04317
2.36099
2.44263
2.14789
2.13314
0.03362
0.94951
1.71046
0.00021
0.05192
1.34486
1.70834
1.79625
3.12918
2.78523
1.07406
3.07899
0.00802
0.64074
0.51480
0.29541
0.01317
0.00029
1.44110
0.02927
0.68774
0.01200
1.57336
0.02148
1.31235
0.55561
0.46471
2.19220
0.02640
1.47767
0.10991
2.15972
1.11125
0.05817
0.46287
0.44502
0.39178
2.07799
0.17158
0.01259
0.00007
0.11927
3.00325
0.01461
0.47022
0.26298
0.59200
1.96105
0.77962
0.38060
0.55297
0.07689
0.23653
0.89339
1.86891
0.25714
1.87605
0.03661
1.57067
2.69945
2.61326
0.27345
0.51851
2.09117
0.80960
2.09283
2.26403
0.61125
0.24930
2.34759
0.53081
0.81295
0.23833
1.94115
0.75153
0.13776
0.56070
0.60269
0.26678
0.03209
3.45834
3.08432
1.91231
1.20052
0.88575
0.15640
0.74110
2.47477
0.04601
2.26295
2.98168
2.16924
0.82230
3.34174
0.10393
0.16109
0.08753
0.33329
1.19854
2.23006
2.41346
0.22784
0.12784
0.97769
0.39514
0.55816
0.05581
0.31025
0.24572
1.03929
2.81198
2.66107
1.05181
0.07084
2.21230
1.48980
0.00711
0.00273
0.28280
0.12356
3.24572
1.49454
0.97988
2.58133
1.05882
3.42507
3.43237
0.86733
2.27999
1.38503
1.65806
0.01169
2.92915
2.90325
0.03582
0.08803
0.72953
0.30111
2.81894
2.26262
0.02310
0.61800
1.85123
0.61969
1.23484
0.08612
3.32231
0.75106
1.30202
0.43928
2.27927
2.51078
2.49678
0.47730
0.01544
1.93763
0.00844
0.87296
2.82291
0.14924
0.48677
0.16555
3.03787
0.31374
1.24092
3.02608
0.02556
0.36294
1.21195
1.08341
0.13972
0.61300
0.65697
1.63798
2.14990
0.04360
0.02704
0.06073
0.03534
0.74436
0.09152
0.58767
3.17510
1.34189
0.95512
0.10748
1.16719
0.02538
0.24573
0.40912
1.77136
0.18019
0.22880
0.53831
3.04219
0.53657
0.68369
0.93895
0.52140
0.80599
0.10384
2.60742
0.14467
0.36538
0.69790
2.78747
1.30896
1.49040
3.09805
2.24634
2.18202
0.00120
0.85763
0.03544
2.00928
1.16156
0.31202
1.28353
1.31963
2.90662
1.40283
0.93669
0.08942
0.02273
0.93762
1.22523
0.68051
0.04233
0.68244
1.60812
1.32444
2.05769
0.58998
0.69880
0.06094
0.05021
2.43845
2.44248
0.43276
0.03275
0.04068
0.01230
2.06065
0.65615
0.11451
1.43951
3.08667
1.76004
0.04422
1.74146
1.09521
0.07644
0.70035
0.27889
2.85178
2.65420
2.32416
3.06596
2.16583
0.80001
2.30910
2.70040
2.43925
1.86358
0.44959
2.52247
2.43779
2.01199
0.95605
0.00040
0.92465
3.07758
1.57781
2.49583
0.60058
0.77307
0.63525
1.38285
1.24489
3.34439
0.03333
0.79018
0.21632
1.15184
2.66334
0.00942
0.03047
1.98433
1.47985
0.12323
2.12418
0.05187
0.74595
0.33257
2.13021
1.84801
2.44963
0.20527
3.36474
0.16398
3.50063
2.01170
2.19873
1.22559
0.00702
1.78722
0.20244
0.79200
0.01911
0.38313
0.18225
0.74900
0.71636
0.51295
0.00324
2.60885
2.56670
1.69220
0.07903
0.09107
0.00322
2.00496
1.50444
2.46653
2.25990
2.78846
0.00073
0.79423
0.07775
2.75166
1.32400
0.64777
0.11295
0.80604
0.34986
0.76614
2.80348
0.60715
0.91288
0.15933
1.18657
0.60696
0.00671
0.00052
0.20818
3.03072
1.85329
0.13274
2.95918
0.74666
3.14448
0.15157
0.62131
0.04134
3.32038
0.90985
1.24034
0.18739
0.57125
0.62232
0.59132
0.71141
1.78646
0.04899
3.23581
1.42067
0.15147
0.01583
2.30279
0.45424
0.24870
0.30558
0.20864
0.35469
1.92231
0.32586
2.32384
1.50570
1.38016
2.01184
0.71881
1.03055
0.58396
1.93007
0.16946
0.18229
0.34676
1.68132
0.23835
1.24696
0.91594
1.78734
0.96587
1.08536
3.29994
3.50760
2.69597
0.21854
0.55485
0.98904
2.98941
3.22787
0.87989
0.21217
2.19531
0.72605
2.32183
1.02472
0.09799
1.18887
0.06840
3.32709
0.48090
2.54803
0.42918
0.17439
0.27238
1.08042
0.08955
2.46864
0.04208
1.80965
2.95663
0.19043
0.61740
1.58504
1.20487
2.37488
0.07523
0.00741
0.00755
0.00193
0.33148
3.28771
1.71264
2.48558
1.84839
0.73526
0.95224
0.02900
2.21811
1.51094
0.01388
0.09719
1.07826
2.99344
0.20385
2.52522
2.22073
0.89284
0.46252
2.91125
2.02698
0.40240
2.45174
0.27480
0.24550
0.13934
3.07716
2.24108
2.30977
0.70502
2.65768
2.45504
0.29735
0.00587
3.04347
0.07705
1.04895
0.01053
0.59029
1.17187
0.13834
0.33885
0.22780
0.00640
1.42132
1.23047
1.50147
0.48757
2.23296
0.49811
0.33752
2.66182
2.61989
3.12010
0.72698
0.27913
1.56830
0.00057
0.14475
0.20692
0.09150
2.15531
2.41006
0.72181
0.01564
1.03959
0.02871
1.72414
1.64657
1.51056
2.49048
1.81472
1.00999
0.48864
1.94385
1.03006
0.05705
2.66572
0.36112
2.21462
0.25177
1.82102
2.15581
1.19851
1.23168
0.80042
0.00048
0.39435
0.43843
1.36412
0.07096
2.16185
1.10093
1.29521
2.27664
2.16050
3.12677
1.02934
0.02462
1.38491
2.21030
0.07626
0.51014
2.96831
2.95365
0.09058
0.50063
2.42248
2.71337
0.95426
3.29407
0.19149
0.23582
2.79015
1.92511
0.01448
2.79339
0.77467
3.23369
0.01941
0.16055
1.72163
0.10880
0.65957
1.87860
3.22052
1.14425
1.19860
0.02230
0.89397
3.34251
0.13616
0.55405
0.08677
0.01005
2.15616
0.90293
0.10107
1.70941
1.50287
0.52751
0.88766
0.33994
1.55253
0.43581
0.12738
0.95329
1.21881
2.10062
1.01689
0.00340
0.00791
1.58446
2.43528
0.00454
0.25381
1.59484
2.74315
2.09443
0.00417
1.91185
0.23303
0.00496
0.28805
2.64546
0.64251
0.28370
1.96010
0.00318
2.38535
0.38292
0.02871
0.26288
2.65456
0.61340
3.00691
2.28121
1.14324
2.75204
1.45894
0.01927
2.06680
3.24085
0.00385
3.28571
1.03191
2.93287
0.21214
0.08361
1.34655
2.19308
1.01377
2.66198
2.05316
2.13425
2.47948
1.58425
3.02711
2.06446
0.04817
0.05587
0.42213
3.48393
0.00117
0.22986
0.00046
0.07195
3.44020
1.22969
3.02920
1.59333
0.11112
1.55965
0.24519
0.43368
1.75929
0.68441
0.60904
1.86946
2.19569
0.09379
1.88100
0.19229
1.88570
0.00343
0.97703
0.64768
1.35598
1.00338
0.25035
1.29188
0.18103
1.84449
2.77132
0.16116
1.77773
0.93152
1.26733
0.00368
0.01547
2.24405
0.04461
1.02705
1.73587
2.14393
1.35965
0.05843
2.39160
0.67205
0.35795
2.37092
2.56532
0.00233
0.47368
0.09397
0.00868
0.00081
0.42460
0.13505
1.06895
1.64251
1.26882
0.57673
0.39889
0.07754
0.75502
2.65060
0.03736
2.07850
2.56816
0.00002
0.22866
1.20957
2.89880
2.34892
0.93411
1.38806
1.44966
0.23275
1.12402
1.34422
0.05610
0.06458
2.69163
1.44081
0.00293
0.97171
2.16775
2.01325
0.00931
2.86262
3.43896
0.89649
1.51183
1.02430
0.73261
0.27784
1.64509
1.91405
1.76808
0.16737
1.37180
1.51160
0.43624
2.04502
0.41403
2.49264
0.97898
1.45854
0.03225
0.24505
2.38583
3.19510
0.00193
0.00246
2.38988
1.83852
0.07151
0.81570
1.26651
1.43140
1.30959
1.06106
0.19281
0.04929
1.97410
1.04877
2.64025
0.62897
1.25416
0.18663
1.68171
1.82393
0.47733
0.22541
0.74817
0.24703
0.03052
0.82057
1.43789
0.82832
1.19221
0.55913
2.19757
0.04040
1.26986
1.52332
2.85215
1.59676
2.59731
1.66278
0.00208
0.79645
2.68059
0.00182
1.68584
2.00477
1.61255
2.26276
2.33283
1.35396
1.79253
1.74564
0.35915
1.82987
2.54550
1.03955
3.31330
2.55230
3.26560
0.71433
0.19519
1.48185
1.86780
0.95602
0.70399
1.62965
1.09392
1.12934
0.05185
2.97633
0.09408
1.65895
0.19775
0.05525
0.56669
0.48897
1.72945
2.73786
0.73603
0.92604
0.12469
2.00308
2.61104
1.75002
1.65509
0.06580
2.13060
2.90377
1.12579
0.35332
1.06247
1.02175
0.03159
0.41643
0.02417
0.00108
2.40148
2.59442
0.94237
1.39804
1.63306
0.13395
0.78306
1.31122
0.02747
2.01357
0.64572
3.06789
1.53394
0.97748
1.66453
0.43428
0.83143
1.92563
1.17202
1.24334
3.09606
1.59393
1.22367
1.95070
1.59384
0.42003
2.73715
1.09866
1.54735
2.08487
2.87163
0.00410
0.00265
3.25123
0.03973
0.81723
2.76909
1.66951
0.03491
2.50529
0.31357
3.16629
1.51700
2.55945
2.92078
2.47401
0.03870
0.08393
3.33058
0.22037
0.04081
0.07242
2.32501
0.01962
0.06916
2.37290
1.36316
0.00490
0.92906
1.13392
1.88207
0.17871
1.99333
1.07157
0.00191
0.02033
3.14457
0.43509
0.82341
2.83985
0.14025
0.08214
0.54104
0.00044
2.84998
0.66618
2.16145
0.14313
0.18391
0.58209
2.65268
0.22057
0.10274
0.61056
1.78463
0.89849
1.63469
0.49594
2.09188
1.23886
1.11800
0.00401
3.08409
1.58622
0.00294
0.99493
1.11006
1.86310
1.20735
1.25215
0.47409
1.10627
1.68531
2.14025
0.00366
0.01443
1.02894
0.60370
0.78870
0.31572
1.04007
3.38752
0.64544
1.06600
0.15032
0.03486
1.68007
2.52336
2.71847
0.11402
1.06501
0.01671
0.35332
0.11649
0.36209
2.51879
3.01503
3.15310
0.57575
0.61651
0.00009
0.34020
0.23590
2.35828
2.31540
2.10662
2.68407
0.99637
0.34940
1.38953
1.98671
3.15249
2.07712
2.42921
1.65019
0.05390
0.01678
0.09631
0.89458
0.13316
2.37015
2.76764
0.00598
0.03371
3.20483
0.91240
0.55243
1.73114
0.09623
1.25915
0.62290
0.07318
2.56302
0.46255
2.00044
2.57772
2.15550
0.45260
0.21041
0.12867
0.04444
1.80239
0.95116
1.77024
1.06521
1.95389
1.98841
2.66321
0.54965
2.00338
2.13505
2.63137
0.04461
1.14671
0.14471
0.38841
0.60293
2.25497
0.53290
0.12939
2.81260
0.58607
1.62867
0.07050
2.33049
0.70053
1.85742
2.56958
0.00817
0.30341
1.18308
0.24285
1.11726
2.81564
0.94292
3.24351
2.80132
2.54337
2.82141
0.53176
1.35879
0.09590
2.88709
0.00281
0.75439
1.93607
2.27025
0.04559
0.33555
0.00642
0.27328
2.96282
0.07669
2.35031
0.01823
0.32607
1.60377
1.85686
1.95960
1.96390
1.97787
0.95425
0.02240
0.45022
0.90104
0.25929
0.20322
1.50141
1.46398
0.21394
0.00002
0.69972
0.91518
1.66965
0.01952
0.00838
0.04167
2.56741
3.42900
1.48054
2.16286
0.17762
0.55411
0.84942
0.50182
1.61547
0.13665
2.49497
2.83292
0.02490
0.08191
0.18212
0.00371
0.94270
0.96917
0.02264
0.01599
1.86155
2.26554
0.93626
1.00785
2.60989
0.52109
0.94722
2.75232
0.31890
0.18931
0.10073
1.01816
0.26074
1.79473
0.39756
2.65678
0.81906
2.99701
2.88641
0.51834
1.57708
1.63392
0.08925
1.26590
0.28814
2.01688
3.00587
1.26309
0.62264
0.50270
0.01650
2.06522
0.90363
0.01529
0.92129
0.98843
0.33735
2.00973
0.30881
1.95910
2.54285
1.28336
0.66197
1.24632
2.16636
1.70817
2.97278
2.88489
0.99047
0.81893
0.36928
0.08505
1.15120
0.05067
1.90658
2.33408
3.36219
2.91021
0.03321
1.78911
1.75464
0.71167
0.24885
0.72882
0.70304
2.85469
1.90341
0.33382
0.19914
0.37119
1.58917
2.12338
3.11707
1.17790
0.03024
0.52933
2.23878
0.00274
0.84129
0.25394
2.75340
0.85284
0.01224
0.84429
1.17793
2.99546
2.28635
0.19696
0.30202
0.39770
0.00118
1.93521
0.62646
0.40950
2.81247
1.39549
0.32437
1.14119
2.54854
0.80967
2.42168
1.68775
0.47413
1.07293
0.06941
2.71092
1.03433
0.04234
0.44151
0.02456
0.07839
0.00480
3.25763
3.11026
0.05754
1.02850
1.55006
0.10505
1.34483
1.01033
0.31810
0.35274
0.39361
1.29171
2.03811
0.01849
0.03960
0.45203
0.09979
2.65587
2.56151
3.09720
1.86567
0.02011
0.00148
0.09026
0.19908
0.02038
1.26092
2.46859
0.75112
0.29812
0.11286
2.36194
1.24945
0.00001
0.06879
0.40859
0.58523
2.19436
2.76961
2.21152
0.13804
1.03650
0.65585
2.04892
0.98697
0.43560
1.83639
0.53578
0.49869
1.86911
0.94017
0.80113
0.86318
1.78833
2.66013
0.28133
3.41578
0.84124
0.69146
1.04716
0.19317
2.60058
0.04211
0.04502
0.32675
0.23732
2.76963
2.47125
1.05546
2.74949
2.21168
2.57486
3.32047
0.01147
0.77099
1.12778
0.13209
1.89742
1.87743
1.79260
3.10961
0.07869
1.64919
1.10837
0.05124
1.04310
1.83658
2.95239
0.02724
2.45670
1.10876
1.74156
2.15042
0.65884
0.00057
0.19444
2.03997
1.74907
1.74395
2.12216
0.08215
2.16948
1.94561
0.06961
0.82922
0.03004
1.25627
0.43454
1.63836
0.43116
0.04010
1.94792
1.43475
1.43536
2.40063
3.03332
0.16805
1.84039
0.18091
1.80359
3.13486
0.04543
0.96094
0.68592
1.56841
0.44348
0.82278
2.18639
0.64218
1.61735
2.87974
0.35351
2.72023
0.17710
1.04319
0.04149
1.90351
0.36139
0.31228
0.13727
2.79159
2.93799
0.00016
1.68168
0.05555
0.73015
0.26326
0.71933
1.31098
0.00554
0.16030
0.94830
0.92031
3.12189
0.04807
0.09996
0.03851
2.57874
0.05808
2.36453
2.43318
0.78510
0.63806
0.22600
0.56725
1.83460
1.03742
0.65794
0.02226
0.15559
0.13930
0.72924
0.09793
0.24857
0.57543
0.13211
3.04560
1.09958
1.87838
1.81445
1.32701
2.04745
1.95792
0.18804
1.14139
1.52336
0.00016
0.73225
1.08718
2.67515
0.03506
0.28270
0.51913
0.33786
1.18069
1.70930
1.05410
1.57740
0.96645
1.95351
0.87859
2.71329
0.68142
0.03157
1.77228
0.74717
2.35307
1.01515
1.36283
1.50108
3.17068
0.17258
2.08056
0.05507
0.91842
0.03113
1.14639
0.65775
0.56676
2.64314
3.25250
0.67392
2.04885
1.18822
0.37851
0.45692
0.45766
2.77768
1.14621
2.20065
1.77627
1.58386
0.10593
0.24036
0.02548
0.91974
1.61949
2.51582
0.85793
0.67224
1.67633
0.07335
2.29670
2.31428
1.79961
0.86707
0.00002
0.03204
0.07518
0.07864
2.94969
2.61266
0.24513
1.53519
0.96084
2.06195
0.00002
1.92906
0.78418
0.34927
2.75219
0.17367
0.94613
0.16761
0.78536
0.12048
1.89590
0.43339
0.35842
0.66221
1.44751
0.49704
2.91389
1.02511
3.42107
0.01655
0.03710
0.77410
0.17184
0.00014
2.65106
2.54357
0.00700
1.55403
1.82735
1.48845
0.85865
1.17178
0.02625
0.17130
0.07802
0.35335
1.90852
0.25613
0.01340
1.97153
1.02076
0.45638
1.21328
2.33488
3.63018
0.94280
3.65180
1.14881
0.78280
0.33294
0.06228
0.94703
1.93500
3.32926
1.95701
2.67694
2.03015
1.10169
0.00356
0.28337
0.08954
0.47718
0.66620
0.59785
3.25901
2.50863
1.04594
2.54344
2.60854
0.05057
0.07336
0.08311
1.52329
2.27717
1.47828
0.05097
1.27513
0.02768
1.80629
1.80730
0.92121
0.00151
0.17926
0.73857
0.03445
1.35432
3.38867
0.25776
0.39521
2.32696
1.01058
1.59003
2.30552
0.95535
0.00797
0.51230
0.03601
1.96591
1.07608
0.84182
0.21572
0.03113
1.32451
1.10684
1.03209
2.62254
2.99098
0.33049
0.09494
1.92610
2.64602
0.00047
0.07711
0.00170
2.68980
0.04890
0.03170
1.06496
0.05453
1.62534
1.69246
1.77644
0.31049
1.48817
1.36697
2.14662
1.08213
1.09173
0.33619
0.23250
1.42658
3.17663
0.07997
0.33518
0.11294
0.23127
0.80763
2.34668
0.37252
0.14379
0.05579
1.51534
0.59883
1.07791
0.02270
0.05855
0.00219
3.35825
0.50912
0.62352
1.56390
1.32456
0.92856
2.02954
2.69459
1.57380
1.33787
2.39046
0.04664
1.07007
1.78135
3.32821
0.09277
0.07254
0.04295
2.45022
2.86942
2.37580
2.33427
1.15516
2.33107
0.11571
1.11169
0.04271
0.59409
0.48490
1.29653
0.01672
1.37860
0.00047
0.02675
2.44370
1.48313
3.35154
1.69120
2.33535
1.78360
1.27444
1.04756
1.63696
2.10285
0.57830
0.15673
2.82415
1.42480
1.23657
1.86082
3.02294
0.26814
4.02569
0.83262
0.15892
0.80020
0.61730
0.52202
0.85055
2.36168
1.25457
1.10067
0.15684
0.41424
1.91581
0.14577
0.18567
0.87046
1.03072
0.04708
0.22095
0.08663
0.01094
1.05983
1.31579
1.86944
2.26919
0.51515
0.08516
1.43676
1.23659
1.89364
3.12481
0.87663
0.15258
0.06402
3.48714
1.76336
0.07701
0.23493
2.17669
0.02353
0.05962
1.22776
1.50377
0.04498
2.18486
0.03871
0.02169
0.85521
0.55129
0.00067
0.02744
2.94350
0.60710
1.21748
1.66080
1.02768
0.27629
0.03825
0.05467
1.78954
1.29040
1.41449
0.01823
0.00590
0.15920
0.00460
1.53068
1.19944
2.67056
3.13381
2.32556
1.53228
0.02214
0.14359
1.19275
0.63067
2.24147
0.48858
0.76152
0.00724
2.80222
0.26405
1.53447
0.28085
1.88993
1.90851
0.47427
0.45437
1.21252
1.29606
2.04042
0.05826
2.80069
1.56954
2.15990
2.13061
2.16794
1.57726
1.02943
0.89384
0.33335
2.20975
0.27667
0.36898
1.61296
0.82503
0.28359
0.69488
0.04349
0.23092
2.22571
0.58442
1.83717
0.58720
2.13966
1.52451
0.76575
2.28526
0.18924
0.07093
0.81238
2.02970
0.11436
0.74808
0.89809
1.88261
2.37544
2.06525
2.12819
2.73472
0.01191
0.05145
0.51828
0.06327
2.06295
1.44588
0.68593
1.72707
2.34425
0.03350
0.27154
2.01487
0.18326
1.08844
1.67960
0.41218
0.26596
1.64782
1.47160
0.07361
0.37643
2.37884
3.60580
0.17619
1.53850
0.16436
0.00357
0.56532
2.69709
2.61272
0.52428
0.89844
0.13726
1.36590
2.03481
0.20187
2.27597
2.29065
0.19102
0.02376
1.30660
0.14139
0.36164
1.04005
0.28236
2.51076
2.74707
2.21137
1.06261
1.85833
0.01268
0.11549
2.62676
1.12304
2.26174
0.38649
2.60011
0.16365
0.12246
2.06930
1.50528
0.94014
1.87742
2.87310
1.18019
1.33963
0.01382
1.97143
2.18544
1.76012
0.12427
0.00063
0.36718
0.26194
0.32800
0.04277
1.18818
1.20502
0.14969
3.07911
2.53134
0.00093
1.90748
0.56526
0.04318
1.37293
0.73440
0.12419
3.01369
1.34000
0.56459
0.95109
0.47517
0.87687
1.94545
0.81219
0.63654
1.87848
1.70833
0.93134
0.21621
0.70020
0.31037
0.19608
2.52920
0.14517
1.38085
0.22211
0.03231
2.59621
0.21839
0.67965
1.76934
3.35702
0.25714
0.00987
1.92074
1.12708
1.18644
1.81168
0.67035
0.12837
0.05077
2.59387
3.33549
0.03207
0.02986
1.01733
0.60616
2.39093
2.30848
1.01003
2.89658
2.01245
0.10078
2.84453
1.19890
0.70171
0.05845
0.35136
0.09279
1.53047
0.04033
1.46077
1.35914
0.02325
2.90691
0.96886
0.35082
0.02717
0.00216
0.77166
1.34683
0.17124
3.11784
2.85820
0.01916
2.52985
1.73910
0.02072
2.09157
0.03416
1.88033
0.85966
0.95981
0.10941
1.30664
0.00783
0.93032
2.40861
0.24625
0.73642
0.03463
2.86346
1.34565
1.89879
3.48132
3.00225
2.16695
1.21983
0.56937
2.09643
2.34726
0.06569
0.26302
0.04679
0.00038
2.32467
0.52878
0.20970
0.06880
0.46922
0.07091
0.97443
0.14206
0.04140
1.36282
2.20878
3.35069
2.28367
0.52322
2.35920
0.02765
3.05077
0.04649
1.04785
0.52047
1.73879
0.02319
0.00526
0.18383
0.16786
0.03123
0.10175
1.58890
0.31024
1.90678
0.02295
3.33370
0.50400
2.53375
0.74099
1.49987
0.01478
2.36829
1.58760
0.75322
2.46396
0.05669
0.03614
0.85129
0.83836
2.12684
0.38530
1.51046
0.06432
0.11100
0.05885
1.76813
1.71240
0.77140
1.83869
0.59704
2.55302
2.34412
2.75191
0.20862
1.45653
0.00025
2.52116
1.09003
2.59022
1.55594
1.69393
0.04010
2.36442
2.46144
1.56474
0.05328
0.86284
2.26813
0.38615
2.76857
0.66884
1.73368
2.40622
2.31471
0.04129
2.02981
0.82149
0.33613
0.06206
1.19731
2.03514
1.03622
0.20953
1.89277
0.14960
3.23164
2.06280
2.97126
0.40894
1.95310
0.29158
0.03070
0.01554
0.47266
0.67989
0.36550
1.24568
0.89048
0.55627
2.22959
0.00376
0.52289
1.49911
3.14066
0.24109
1.99757
2.08187
0.08632
1.27995
2.26537
2.26928
0.32643
0.36658
2.49965
0.06602
1.36594
0.22460
2.64770
1.11030
2.27337
1.07325
1.31398
2.32924
2.56174
1.09038
0.01731
2.75865
0.70645
0.05386
2.64947
1.71229
1.39129
3.35952
0.42008
2.14030
3.08319
0.47595
3.11032
3.42174
0.49294
0.86966
1.95149
2.80905
0.05925
3.21294
0.14551
0.03417
0.02433
2.46005
0.15653
2.17414
3.11833
0.92037
0.07189
0.00241
0.12836
0.10805
0.37828
3.08224
0.16249
1.76493
0.00066
1.68749
1.37820
2.26748
1.22181
0.08075
0.42534
1.56627
0.68717
0.90754
2.53099
1.20794
1.18554
0.40994
1.41862
2.07821
0.30114
0.10242
2.46175
3.51663
0.76725
3.24688
1.62481
1.05495
0.63083
2.12641
0.60378
0.00308
0.01003
2.25983
2.77802
0.52285
0.04835
0.11866
1.69966
0.08895
2.47191
1.28612
3.39951
2.87690
0.17401
2.30861
0.42130
2.24924
1.42615
0.00858
0.22595
2.20588
0.00259
0.00330
1.78795
2.74262
0.82949
2.67038
1.55346
2.15621
0.04066
0.66195
2.59383
0.53848
2.55833
0.10990
0.36943
0.10083
0.03038
0.31027
1.94700
0.06287
0.00573
0.37239
2.44979
0.41202
2.34871
0.01423
0.45463
2.63243
2.59653
0.03847
1.37613
0.90297
0.01572
3.26250
0.19254
0.11895
0.69511
0.39468
0.11440
0.07186
1.52812
0.03647
0.03329
1.69981
0.19241
0.55013
0.49053
0.63700
0.17997
2.39174
1.83601
0.05542
3.42880
2.73311
0.50134
1.40902
1.21398
0.05125
2.43812
1.17088
0.76202
1.86604
2.16429
0.14420
1.49313
0.09841
2.97764
1.62783
0.22656
2.37369
2.45013
1.73867
0.00546
2.91711
0.84452
0.49853
2.74104
0.89341
0.70465
2.34852
1.06113
1.02596
0.04360
0.98021
1.43466
2.05818
2.24521
0.82314
0.10242
0.39066
3.03045
0.32573
2.99982
0.83728
1.43134
1.95923
0.01452
0.50154
1.96239
3.38965
0.82372
3.45769
1.91506
2.01622
0.01835
2.17254
1.24587
3.28748
2.25288
2.62545
0.02202
0.00056
0.10735
3.73774
0.42639
2.91296
2.89176
2.00126
0.44662
0.97728
0.89235
3.25087
2.41093
1.78587
1.53092
2.22008
1.52196
0.68051
0.05503
0.05432
0.77453
0.41227
0.13538
0.00607
1.19209
1.30164
0.95718
0.05789
0.19570
1.20459
0.43458
2.81717
0.92058
0.34018
1.15532
1.30362
0.73090
1.06557
0.01604
0.39000
1.57478
0.37512
1.85504
1.32880
0.01794
0.98954
0.67083
0.17081
0.98330
2.72148
2.50961
0.10157
1.61232
0.94548
0.01560
2.69526
0.02194
0.02548
0.78436
0.10993
0.04023
0.19095
2.04643
0.33699
0.00318
0.66203
0.51586
3.52466
0.01135
2.20611
1.41022
0.24809
1.20286
0.71037
0.62732
0.41607
0.46128
0.08001
2.49065
0.47985
0.82549
0.48330
1.27787
1.01120
0.09944
0.21295
2.73830
2.27491
2.30877
1.89523
0.68776
0.29259
2.01248
3.63758
1.63669
0.85278
1.31196
0.00614
0.49283
1.28241
1.63623
0.45584
1.07668
0.02904
1.22246
1.39778
0.03500
0.37246
0.30578
1.26291
0.28372
0.41654
0.23115
1.50283
2.24832
2.35798
2.64197
0.00319
0.95198
1.01823
1.31936
0.22607
2.41678
0.11942
0.70972
1.72008
2.34581
0.87235
2.31041
0.16084
0.09747
1.82812
2.34658
1.88211
0.52897
0.03543
1.73958
0.10510
2.49385
1.17350
0.84147
0.12273
2.34308
1.56511
1.23095
2.68881
0.85833
0.14492
1.69674
0.72737
2.53612
2.04068
1.56470
0.70849
1.64735
1.34302
0.02196
0.01449
2.84746
2.05434
1.33499
0.03907
2.94709
0.30237
2.88454
1.24990
1.97498
0.63789
1.49744
0.35047
2.11726
0.08809
3.44445
1.77315
2.85776
2.36790
3.58315
0.06712
1.17562
3.10442
2.68937
2.87657
0.76827
0.00154
2.13837
2.57424
2.25445
0.06189
0.05430
2.12370
1.65011
0.69616
3.04605
0.43756
3.35985
0.62395
0.15782
0.70893
0.46024
1.69688
0.00482
0.00389
0.75167
2.84026
2.21823
0.81526
0.74200
0.02552
0.66532
0.21116
0.05566
2.06699
0.06335
0.17581
3.02920
2.99830
0.91625
0.89168
2.02277
1.44313
1.54696
1.35732
1.70172
1.68965
1.38347
0.01771
1.61386
2.75802
1.79420
2.00874
1.70827
0.15826
3.35449
1.35672
0.83875
3.17369
0.38998
1.47209
0.02994
2.31227
1.25409
1.58755
0.42407
0.25057
0.20691
0.81590
1.36991
0.00975
0.03909
2.68903
2.59923
0.00940
1.50675
3.06824
0.40180
0.72149
0.02267
1.45806
0.02734
0.00969
0.00959
1.27365
0.05978
0.79187
2.39181
0.03634
0.00203
2.33620
0.51320
0.14951
1.78430
1.87764
1.23918
1.43989
2.49339
0.89746
0.26961
2.54590
1.57952
1.80065
0.89649
0.11875
0.00841
2.53410
0.32555
1.72302
2.15759
2.30022
0.15134
2.93420
1.96044
1.50854
0.77343
3.28848
0.55905
2.34989
1.44983
2.02690
2.12940
3.18266
0.95263
1.00967
0.98541
2.49092
2.24736
2.22109
2.81974
0.23522
2.23888
1.24634
0.06337
0.86269
2.06118
0.40492
0.02881
0.10233
2.85865
0.01342
2.61632
3.23423
1.04117
0.47074
2.48289
0.81616
0.16637
0.06102
0.01284
2.63266
1.54618
3.29864
0.11515
2.32842
0.02537
2.80506
0.00225
1.22900
2.84366
2.54588
0.01068
0.55425
1.47611
0.40413
1.27597
2.62064
2.62056
1.19065
1.12621
0.10997
1.23082
2.43201
1.48038
2.89295
2.81525
0.37205
2.04070
1.79104
0.46898
2.24130
0.56335
1.03875
0.48867
2.54953
0.05907
0.92893
1.27094
1.19041
1.05285
3.47375
2.84774
2.94782
0.44473
1.38542
0.67733
2.85222
0.24838
2.15547
0.18374
1.90279
2.09810
0.12147
0.26974
3.04329
0.01519
0.93321
0.02710
0.74966
0.17568
1.99356
0.16367
0.65388
1.16689
0.02430
0.49020
0.02479
1.90706
2.93846
1.97501
1.15452
1.99488
0.02930
1.31342
3.02821
2.34980
1.37765
0.08491
0.06925
1.71894
0.27753
2.08708
2.47616
0.01466
2.80203
2.33168
0.00069
1.71284
0.07677
1.20560
3.30630
0.20281
2.09178
1.29801
1.16110
1.87314
1.18690
1.30390
0.70607
0.61472
0.02199
0.61698
0.80861
0.54435
0.01366
0.26217
1.21368
0.28183
2.57795
2.86005
0.87847
2.61254
2.07894
3.07816
0.72218
0.49149
0.07785
0.49847
2.81137
0.09026
2.39094
0.37690
0.00104
1.22416
0.12199
1.34463
0.43472
0.23798
0.52374
0.20284
0.04423
0.07097
0.53858
3.60322
1.59690
3.14602
1.32449
2.43574
0.00000
0.18392
0.01487
0.04292
1.15044
0.03898
0.00000
0.70694
3.33028
0.18650
0.35016
0.14139
0.16649
3.41592
2.65005
0.03169
1.34001
1.29786
3.15142
0.00145
0.02281
2.70799
0.88844
0.03549
0.00172
3.42300
0.10911
0.97941
0.01175
0.26467
0.00340
0.00010
1.28905
2.79154
0.64519
0.05616
0.89623
1.55473
1.62703
1.42345
0.77935
1.98533
0.20858
0.37967
0.32449
0.02351
0.00732
0.82183
2.42934
0.01528
2.51408
3.01369
2.74992
1.07700
0.86243
2.95627
0.41674
0.03845
2.24697
0.14453
0.01059
0.10364
0.97516
0.00840
0.18289
0.45829
0.02486
0.01440
1.31695
2.22375
2.05822
0.02323
3.33904
1.56664
0.58343
0.37406
1.44414
0.84292
2.51093
2.11455
0.11212
1.53174
1.69744
0.34032
1.17573
0.75110
2.15946
1.78672
1.60659
0.06840
1.05625
0.08127
1.35426
0.54403
0.38775
0.53155
2.65759
0.36086
0.49196
0.01866
0.97259
0.01076
0.03271
0.99448
2.27405
0.12602
2.36206
3.20148
0.13378
1.84440
0.74282
0.06926
1.85080
1.15039
1.84574
0.25644
0.18948
0.84870
1.63872
1.46994
0.37411
0.08987
1.33843
0.94600
0.12944
0.82434
0.61070
2.18352
1.07575
3.44899
0.07336
0.42954
2.62040
0.99750
3.18386
2.37365
0.05120
0.11412
2.82856
0.76053
3.20725
0.76706
1.92544
3.00238
2.79714
0.23028
0.10888
1.45011
3.09110
1.98719
0.85339
0.03052
0.02140
0.08398
2.30241
0.95127
0.00309
2.20454
0.47829
0.07096
2.56253
2.77746
0.67891
0.06622
0.72653
1.98126
2.21230
3.21434
0.44899
2.21852
1.86133
0.90069
0.02426
0.17692
2.42599
0.49377
0.58505
1.72303
0.06708
2.38508
0.07029
2.81156
2.42367
2.58989
3.25996
1.23502
0.28968
0.96450
0.44777
0.41921
0.25508
2.58208
0.87553
0.04317
0.08195
0.34007
2.53369
0.41536
1.40761
1.31339
0.02459
0.97416
2.32535
0.95042
0.55893
1.37537
1.78524
2.80406
0.85337
3.30118
1.20130
2.78088
0.76856
0.92697
1.22345
2.54080
1.27014
0.09368
0.66080
1.71209
0.08476
2.31133
0.63282
3.06265
1.14159
0.84925
0.71143
1.03246
0.00025
0.00227
0.00405
0.16984
0.00852
1.29807
0.44417
0.06567
2.71982
0.06166
1.14213
1.64301
0.07199
0.06701
0.77103
2.75103
0.80018
2.15047
0.01059
0.00366
0.82105
0.29007
0.23295
0.00228
0.05737
3.22088
2.28205
0.62459
3.13170
1.47375
1.97758
1.38055
2.89803
0.00181
3.14825
1.68287
1.40254
0.12465
1.03616
0.75187
1.38185
2.69409
0.43318
0.00773
0.64410
0.69833
2.20088
1.85429
0.81152
2.20159
0.56563
0.57567
0.87808
0.78005
1.46047
0.04673
1.35039
2.88388
1.23216
0.40618
0.42928
0.11495
1.48723
2.54457
2.00668
2.48527
3.00767
0.14781
0.59736
1.18685
1.10112
0.62230
2.54992
1.62290
0.27281
0.82813
0.12416
0.16430
0.56131
0.03053
1.04175
1.75947
0.15902
0.15090
0.01220
3.04953
0.25007
0.03788
0.05008
0.29771
2.12808
1.57385
0.04388
1.24235
0.64969
3.58927
0.54469
2.75651
2.26404
0.14337
2.69441
3.46539
1.74335
2.16491
1.55434
0.94699
0.03171
2.08518
1.10186
2.13094
0.78370
2.55365
1.63099
1.75192
0.46229
0.50355
1.36994
1.34292
2.88242
0.50040
2.29928
1.48590
0.93521
0.37283
1.00738
0.17973
1.39528
2.43199
0.00706
1.05233
0.06975
0.22462
2.59223
2.23700
1.76012
0.55777
2.39437
1.16916
1.26867
0.39903
0.76606
0.80432
0.21582
0.02148
0.16558
2.14863
0.14368
2.36055
0.89112
0.52012
3.02615
0.00244
0.37135
0.31715
3.23927
2.58934
3.08647
0.58984
1.13562
0.04773
0.32728
1.31860
0.25167
0.03476
2.82422
0.26068
0.00530
0.01017
0.93979
2.80075
0.66241
1.58153
0.67945
1.51461
0.13058
1.31456
0.83312
1.46230
0.01983
2.87210
1.30012
2.22271
1.68515
1.00052
1.05770
2.23521
0.40552
0.30453
0.50438
2.62832
2.15174
2.14165
0.87667
0.70793
1.15196
2.42351
0.03011
1.95838
0.17422
1.40506
0.90149
0.03732
0.00537
0.13931
0.13338
1.89918
2.48665
1.67357
0.64717
0.19241
0.16124
2.08900
0.37897
0.00671
0.15310
0.75956
1.78246
1.83712
1.75453
2.15293
2.10125
0.02279
2.32524
1.33425
3.01933
2.38514
0.16123
0.06568
1.32748
0.14999
0.72438
2.29531
0.12434
0.00884
0.90525
2.24983
0.86695
2.40439
2.60659
0.48769
0.27247
0.23660
2.51732
1.41708
0.68419
0.37066
0.01076
2.04851
0.59262
0.01043
0.16486
2.54210
2.67668
1.05295
0.48686
0.03298
0.73478
0.73207
0.31148
2.51939
0.01239
0.08012
2.35392
3.26063
1.82997
2.69185
0.00929
0.51935
0.79758
0.00514
2.28576
3.02537
0.62142
1.67809
0.04768
1.28261
2.62628
1.42792
0.00823
2.16968
0.90905
2.42157
0.21339
0.80960
0.30389
2.30647
2.33187
0.06394
1.40983
0.19896
0.04612
0.16862
0.51931
0.24334
2.37765
0.37044
1.27033
0.09910
0.16825
0.56337
0.02768
2.10741
0.01895
2.52293
0.23577
1.20279
1.73733
2.79939
1.15414
0.43613
0.15815
1.09169
0.02088
1.90777
2.57091
0.56856
0.72691
0.92861
2.04951
0.19216
0.83474
3.14852
0.34382
0.06675
0.03450
3.12110
0.96023
1.27569
1.25217
0.00333
1.27642
0.20607
0.65825
0.25203
0.17157
2.11941
1.33285
2.90039
0.11191
1.55725
0.01463
0.20302
2.73884
1.70178
0.23429
0.41990
0.05011
0.36165
1.83050
0.43232
0.30803
0.97191
3.06498
0.61770
0.58058
1.78619
0.00331
1.36783
1.20062
3.15639
2.28735
3.42742
2.28861
1.54050
2.33030
0.41599
0.23210
0.01201
1.80179
2.38337
1.31018
2.14287
1.99150
2.54571
1.82889
2.91299
0.00357
0.15922
1.88806
0.05596
0.18492
2.42457
2.06218
0.13750
0.13500
0.00895
0.05268
2.14249
0.02658
0.12465
1.19951
2.58793
1.15062
2.49165
1.86894
0.03112
0.41496
2.25423
0.64906
1.95903
1.84756
1.87913
2.00238
0.00638
2.49295
0.76849
0.00000
1.52691
1.02341
1.27369
0.53704
2.13079
1.33041
1.23001
0.08819
1.79065
0.01955
1.51095
0.01048
2.94238
0.57556
2.49943
1.67038
0.06186
1.79634
0.12896
2.87520
0.78761
1.10924
0.81144
0.03609
0.24768
1.25528
0.02154
0.55238
1.28261
3.20762
1.34870
0.51805
0.00260
1.65920
0.10334
0.47637
1.07225
0.42433
2.47077
2.54611
3.37056
0.05159
0.12225
0.01681
0.17040
0.31011
0.57321
2.40301
2.70811
0.15079
0.30154
0.27199
0.13006
3.28994
0.23339
0.21788
0.33757
0.27118
0.65637
1.81576
0.01596
0.59467
0.19309
0.25965
0.91928
0.65177
0.92970
2.27009
2.99348
0.04471
0.08077
1.76732
0.14136
1.56763
0.03872
2.31828
2.02432
0.57682
1.79086
1.26684
1.05889
0.01709
1.27175
1.60558
2.08569
2.46947
2.32409
1.71239
0.27249
1.76038
0.05703
2.00676
0.52563
0.01866
0.76545
0.40637
0.09266
0.00872
1.15854
1.97700
2.55580
1.50583
0.05368
0.26215
1.40511
2.74196
0.31598
1.07360
2.06571
0.02798
1.64021
3.32505
2.41179
2.51435
1.07500
0.07224
0.62799
1.14525
2.82685
0.04315
1.76024
3.11234
0.40549
0.20583
0.00093
0.98059
0.37266
0.13963
2.07631
0.42874
0.59776
0.24396
1.20374
1.86910
0.34134
1.81089
0.52697
1.19202
0.26794
0.73700
1.03683
1.17524
1.23805
0.48981
1.79036
0.69480
0.83549
0.80976
2.42152
2.27041
0.06596
1.11037
3.23907
1.73947
1.32222
0.06905
0.39170
0.23463
0.12124
2.31032
0.01896
2.03545
0.03038
3.68622
2.34939
1.34955
0.04299
2.11698
0.94221
0.67426
0.59502
2.39886
0.00733
0.36216
2.70817
0.81158
1.23532
0.29559
2.69264
0.73943
0.03343
2.10627
1.69806
0.89948
1.56088
3.46847
0.15631
0.07623
1.97942
2.67676
1.00591
0.53011
2.06077
0.00370
0.21187
1.64314
3.03196
3.12083
1.78156
0.97979
1.55770
1.54831
0.76112
0.47306
2.49909
0.01289
0.01487
0.89995
2.71857
2.17693
1.61200
0.00250
2.53222
1.03906
1.91800
1.21269
1.03705
2.42580
3.21393
0.04959
0.09801
0.05405
1.89110
0.00160
2.40550
1.07698
1.06202
0.38808
1.41590
0.34753
0.72851
0.25881
0.83399
1.42146
1.09287
2.26283
0.75819
3.33153
1.11410
0.53600
0.67230
0.67988
0.02433
0.08627
0.66033
0.85322
0.03581
1.31115
0.71459
0.44954
1.22785
0.08506
1.00087
0.00024
0.12756
0.23461
1.71477
0.35057
0.60971
1.87630
1.24030
1.64653
2.00956
2.08528
0.63332
0.08453
0.05964
2.26217
0.73995
2.66613
0.14789
0.01167
0.97721
0.93725
2.45914
1.24638
1.91997
0.23008
2.99856
0.00475
0.00465
2.84103
2.79527
0.63962
0.90941
1.17582
1.12237
1.08210
0.46819
2.71962
0.33772
1.78933
0.69596
0.55664
1.22637
0.54719
0.10203
1.29603
0.06150
1.51348
3.12415
0.38151
1.18217
1.06212
0.80799
1.07097
0.00164
0.86110
2.37730
1.87478
0.92872
2.61273
1.78584
3.70456
1.25874
0.00625
2.19209
0.69154
1.08623
0.34391
3.51660
2.64746
2.44284
0.49172
1.74210
1.26403
3.82278
2.38890
2.66999
0.50752
0.13565
0.01655
2.37742
0.24025
0.23346
1.14874
3.89902
2.14726
2.78368
0.39395
2.43325
0.15403
1.27942
2.20964
0.00014
2.38387
1.26602
2.81671
3.03584
0.84131
2.81729
2.11238
0.11061
2.05748
2.47404
0.22397
0.02734
0.00364
1.20265
0.00684
0.19826
0.10737
1.95373
0.97089
0.69308
3.28323
0.45003
0.35220
2.59432
0.06384
0.17484
2.78097
0.33659
0.88866
2.06893
2.05907
2.76522
0.05458
0.20963
1.00264
1.68919
0.00077
2.21523
1.44686
0.37771
0.61991
2.45292
1.27142
0.06873
1.83232
2.20141
2.45462
0.08182
0.60757
0.00213
2.84955
0.03801
0.05579
1.42683
1.26330
2.74241
2.10904
0.00623
0.21038
0.00307
1.40385
1.64235
2.52551
0.12033
0.01205
0.68473
0.45285
0.00135
0.25624
0.71121
0.71560
0.86378
1.67407
0.72481
1.87889
3.59926
0.49182
0.03635
0.28046
0.85509
0.36444
0.27222
1.40608
2.00214
0.10658
0.50220
1.67252
0.61338
1.89916
3.30476
1.18570
1.71214
1.40308
1.14122
0.37925
2.36511
0.07227
0.23121
3.29618
0.79981
0.06610
2.21600
2.11811
1.28391
0.00073
0.07457
1.04178
1.16269
2.65225
2.52959
0.01041
3.04038
1.92517
2.37321
0.73918
0.24051
1.35793
1.60030
0.15053
0.69924
0.18482
0.11943
0.37745
1.04607
1.66820
0.31194
0.65541
0.00183
0.04872
2.23129
2.23135
0.24746
2.60747
0.19107
3.61455
0.83585
0.63743
0.94170
0.00001
2.98374
0.11779
0.59885
1.17601
1.60319
0.40505
0.14797
0.91317
1.51790
3.11916
3.46390
2.00351
0.96611
0.49387
0.29784
0.23965
0.88353
1.92794
1.80295
1.19790
1.67913
1.73813
0.67598
0.07378
1.77705
0.78363
0.02749
0.90015
2.08305
0.90858
2.15503
0.21145
2.38617
1.06166
1.12566
0.20469
2.37593
0.11110
2.89013
2.76512
0.33965
1.32132
2.04284
0.22020
0.16632
0.09891
0.60860
0.03623
0.41014
0.87060
1.00563
1.44786
1.06378
2.52097
0.78983
0.67675
0.11916
1.26597
1.45674
1.88908
3.34381
0.00039
1.54917
0.02563
2.05573
2.61932
0.03156
3.41177
1.94206
3.12264
0.00237
1.13718
1.95925
0.01118
2.18903
2.06046
0.50597
2.28951
2.91966
0.00313
0.02659
0.06394
1.06131
1.91706
2.31354
2.45276
1.12213
0.68475
3.30069
3.56970
0.09549
2.80200
3.03664
3.17455
2.57599
0.58870
0.98041
2.84868
2.50536
0.00029
0.00016
0.72989
0.22466
2.59694
0.07358
0.77123
1.27977
0.54569
0.05151
2.23426
1.12495
0.67277
0.95412
3.39764
0.07508
0.05055
0.36416
0.00211
1.89514
1.57051
0.00006
0.00362
1.56139
0.12947
2.13862
1.97911
3.26651
0.01772
1.86806
1.01879
0.94940
0.75875
0.37831
0.96077
0.49464
0.01321
1.81792
1.47651
2.46991
0.17070
0.01036
0.87914
0.95625
0.19359
1.34655
0.60574
0.31450
1.90003
3.49448
0.00948
1.94569
1.30299
3.28662
0.70511
0.88535
2.38733
0.46301
0.52806
2.01605
0.65394
0.18165
0.49483
2.54561
3.52608
0.08240
1.81654
2.59290
1.53698
0.56388
1.17148
1.95369
0.01138
2.75192
1.03280
2.63063
1.62353
0.93439
0.51400
0.29324
0.00000
3.22612
0.14328
1.35434
0.53477
0.02798
2.74179
3.07064
1.72782
1.18590
0.77671
0.35738
1.88359
1.09145
1.35941
0.73817
2.13170
0.21979
0.75956
2.99683
1.39688
2.61956
1.57568
2.94339
0.70154
0.02614
2.61743
0.49582
1.79406
2.21124
2.95612
0.21560
0.44463
1.88887
0.20754
0.83386
1.38404
0.81471
0.01560
0.50400
0.02324
0.16887
0.12799
0.24975
0.78491
0.02794
0.56477
2.78091
1.11055
0.88040
3.25556
2.76189
0.03438
1.00650
0.06196
0.11198
1.74427
2.58010
1.38439
2.12537
3.30488
0.33824
1.35051
0.87039
0.03871
0.56399
0.26950
0.03515
2.83764
0.11674
1.03197
1.87767
0.21049
0.22129
2.57024
0.77064
1.70092
1.16288
0.17748
0.29905
0.66891
3.31202
0.07767
0.02777
0.90029
0.03700
3.29659
0.96529
0.86380
1.76618
0.32203
0.00668
2.68734
0.05648
2.47753
1.62063
0.53419
0.12280
1.46055
2.41740
1.74188
0.11480
0.92940
0.24237
1.10971
0.02304
0.26193
1.17801
1.26046
0.11861
0.46620
0.73651
1.56023
0.65649
0.03178
0.57804
0.07888
0.97020
1.05436
0.10704
2.43369
1.08471
0.00034
1.28381
1.74222
0.35042
2.67847
0.59167
0.00312
0.81176
2.19116
2.38526
1.07420
0.91997
1.58216
0.52794
0.80450
1.53608
2.53482
2.10859
2.40832
0.03520
2.02418
0.00043
0.39600
0.47011
1.30947
0.04346
0.02916
1.97938
1.56738
0.11189
0.58985
2.41212
0.55549
3.09233
1.89685
2.63494
0.71776
0.04642
0.06291
2.36233
0.75200
1.14641
0.03117
0.69959
0.05243
0.91362
0.87985
0.05001
2.43454
2.09244
0.99391
0.17165
0.74441
1.62806
3.11840
0.65761
0.76470
0.18782
1.13995
0.68349
1.28143
1.70967
0.30598
0.00002
3.57684
1.10624
2.81951
3.18626
0.07813
1.02352
0.83047
0.00091
0.09831
2.47010
1.28315
3.00775
0.00779
2.59003
0.05891
1.73663
2.47730
0.00042
0.16914
0.98752
0.57700
1.19164
1.66411
1.99012
0.58448
0.12321
2.84829
2.20795
0.68373
0.01635
3.25156
3.46138
2.79288
0.00291
0.06263
1.28205
2.59949
0.83400
1.75975
1.12269
2.26353
1.05744
0.76444
2.49667
1.77070
1.62333
1.96668
2.90942
0.59535
1.97695
0.99467
1.85978
1.06708
0.01361
1.60214
2.39978
2.78965
0.75116
2.26873
2.94710
0.07035
2.85018
0.20320
3.45210
0.05610
0.02795
0.47584
1.59353
0.57489
3.10746
0.07706
0.25288
0.96237
2.45280
1.70847
3.23068
0.49967
0.29265
2.81770
0.64081
0.45288
2.24985
3.10066
0.88842
0.51621
1.76486
0.02122
0.41279
0.84705
0.02828
2.06005
0.36268
0.64964
3.11706
0.91342
2.69917
0.33006
2.99685
3.35676
0.05413
2.62929
0.53216
1.77911
1.15526
0.56050
2.37814
1.05287
0.65219
1.03116
1.61666
0.08919
0.51914
3.16317
2.47031
0.02794
0.00109
0.64591
3.53290
1.04087
2.51810
1.74528
0.44709
0.28353
0.92106
0.52977
2.08829
3.14549
3.09899
1.31862
0.83955
0.82528
0.16507
0.83782
0.75953
0.80219
0.04234
0.06107
1.07777
1.21285
3.57459
1.26726
0.74306
2.12668
0.71228
0.71787
0.16554
0.59165
0.21994
0.34072
1.09261
0.05791
1.82611
0.56991
0.03176
2.66640
0.02528
0.05196
2.60893
1.06828
2.17480
0.82016
1.95129
3.56584
1.85557
0.01875
0.93360
2.82323
0.85352
2.87029
0.39371
1.24820
0.10776
0.13950
0.79606
0.12473
0.59914
0.47708
0.00033
0.15585
0.19347
0.00149
2.84182
0.19542
0.11413
0.04377
0.09742
1.40413
0.02119
0.59307
1.17127
0.07964
0.02805
0.12253
0.47993
0.69133
2.60225
2.91298
2.44598
2.30502
2.24112
0.03250
0.11334
2.84642
3.07901
0.00026
0.11402
0.15074
1.16527
0.04567
1.44819
1.67237
1.28171
1.46268
0.05892
0.53120
1.02926
0.29739
2.61716
1.05409
2.06186
0.43414
1.49503
2.72122
1.07492
1.45178
0.22735
1.31936
0.34266
2.75377
1.28372
0.68628
1.77079
0.65860
1.25667
0.10540
0.07863
0.06684
3.19160
2.55458
2.48734
0.12308
0.08257
0.11331
2.26955
0.30227
0.51208
0.06200
0.09241
2.14041
2.47892
0.49732
0.43677
2.87531
2.15513
0.03135
0.66489
0.46800
0.36540
0.01191
0.56160
0.93138
0.03447
2.41369
1.82709
3.30160
0.51134
0.48994
0.03087
2.85043
2.34835
0.86273
0.23336
0.01878
1.52994
1.83802
0.95271
0.93893
0.00000
1.22232
0.35156
2.94072
0.48950
0.74201
2.65837
1.15222
0.71122
2.61880
2.93678
1.09554
0.43250
0.18461
0.95558
2.38679
1.78603
0.00538
0.10194
0.29579
0.01204
0.00706
0.02086
0.75171
2.72107
0.03195
1.48220
0.23990
0.00725
3.18111
1.10790
1.84927
0.49841
0.83036
1.14938
0.04052
0.06142
1.19294
1.66337
0.26294
0.03300
2.92305
0.10179
0.72944
0.25190
1.57070
0.00648
0.40721
0.69733
0.03178
1.04427
0.61121
0.16962
2.29954
1.68276
0.99691
2.56113
1.53204
2.98295
0.60698
0.07720
1.57781
0.71170
0.06124
0.36432
0.65734
0.16447
0.38602
2.70049
0.17527
1.08656
0.10416
1.94302
0.55228
0.66307
0.71765
2.16540
0.20487
2.77218
0.98711
0.26244
2.36677
3.39464
3.48286
0.13883
0.00454
0.80835
0.21967
0.01732
0.35333
1.40144
2.71799
1.64671
0.94288
1.60263
2.68881
2.57728
0.64964
1.53212
0.95876
1.62993
3.04341
1.47928
0.43715
0.31018
0.38293
0.06100
0.42698
1.60079
0.08276
0.05169
2.26509
1.43075
0.23336
0.86648
1.00125
0.07150
0.13629
1.02189
2.89834
1.76203
0.02242
0.06614
2.25273
0.17008
2.69186
0.01257
0.11200
0.18571
1.93047
0.00873
3.10566
0.15212
1.88122
1.96833
3.08862
0.97442
2.05653
3.05915
0.58437
0.97669
0.00023
0.72516
0.67329
0.79256
3.29998
0.90976
1.01472
0.02389
2.96735
1.20234
0.05449
2.87374
1.14986
0.20503
2.51576
2.01796
0.25869
2.38299
3.29191
0.28409
1.86280
0.09778
2.02723
1.12895
2.12959
0.40327
0.20609
1.12369
0.63767
1.79490
0.05420
0.12267
0.16247
0.28342
0.03433
0.43074
2.40856
0.63980
0.19114
1.10836
0.34804
0.06686
0.20011
0.82827
0.54618
1.10155
2.94262
2.84366
1.89447
0.00073
1.09671
0.40985
0.21838
1.50956
1.25420
0.29095
0.65187
0.30762
1.34026
0.24465
0.72097
0.00233
0.05651
3.07273
2.02905
0.01218
0.06900
1.86983
0.15622
1.21069
0.61711
2.86343
0.25258
1.53237
0.10042
0.18119
1.75633
0.18137
2.42632
1.30404
2.63057
0.69047
0.82887
2.33155
3.04008
1.45299
1.27861
2.72454
1.49443
3.10507
2.52359
2.31128
0.27162
1.28037
0.43567
2.75131
2.09535
0.07655
1.67022
0.99148
0.02753
3.11096
0.21820
2.32284
0.83080
0.85570
0.00280
2.61679
2.45499
2.09585
0.64514
0.19214
0.02404
2.13111
1.17662
0.15550
0.33191
2.58804
0.01226
1.01645
2.32166
0.33151
1.25693
0.61374
0.49924
0.62060
2.67482
1.73489
1.10169
0.47830
1.97728
0.68040
2.25409
0.76393
2.85956
1.23717
3.08975
1.46964
1.00930
0.50823
0.00001
1.32737
0.29688
1.17075
2.09188
1.02107
3.33273
0.78380
0.09747
0.69733
1.24239
0.16266
2.73521
0.64658
0.23697
0.17276
3.20529
0.03097
0.80911
2.50623
1.54097
0.13773
0.07335
0.02664
0.16429
1.62814
1.48785
1.30027
1.20305
1.66403
3.24813
0.02033
0.86243
2.15594
2.88902
0.24729
2.48380
0.23860
0.03658
0.16481
2.33678
0.30734
2.43853
3.56352
2.16743
0.20986
1.58218
2.33546
1.03048
2.13040
0.37724
2.06509
2.14846
2.82144
1.23999
0.00111
0.02502
0.04383
0.44163
0.09678
1.19271
0.69136
0.01788
2.50100
0.89845
2.71599
0.06407
0.21511
0.02118
0.38335
0.60593
2.33216
0.02225
3.10617
0.19608
0.07067
0.00632
0.37079
0.69528
0.16409
0.02257
0.04416
0.00217
0.07401
0.08276
0.08314
2.48831
0.10845
0.47722
0.95990
1.47404
0.07584
0.80303
2.86318
0.97404
1.19149
2.36450
2.59060
0.54277
3.93936
2.24180
2.02406
1.72435
2.08254
0.00155
1.75914
0.83637
2.11005
1.14533
2.53670
0.53692
0.40424
0.05206
0.01956
2.43755
0.95809
0.30081
1.43689
2.74243
0.08523
3.01735
3.10988
0.84758
0.95493
0.76350
0.46222
0.61792
0.04436
3.52541
1.35351
0.72439
2.32349
3.41455
0.74156
0.09690
0.00097
2.74548
2.91207
2.99767
1.34890
1.39156
3.48482
1.54436
1.40168
2.95610
0.48455
0.29020
1.28740
0.89563
0.12190
0.02079
0.10366
0.11908
0.01553
1.83749
1.48705
0.39741
2.43712
0.46002
0.86940
0.90093
3.19079
0.90051
0.75233
1.22962
1.16941
0.77977
3.09732
0.01132
1.38803
1.45831
0.11986
0.40935
2.76845
2.54285
1.51409
0.11331
1.61814
0.01732
0.49199
2.43164
3.35097
0.91378
0.19869
2.68605
1.17185
1.43183
1.26876
0.04682
2.96720
0.24613
0.33836
2.04146
0.00125
0.40703
1.80586
2.47517
0.16618
1.19132
2.86651
1.13254
0.11382
0.31623
2.65370
0.55026
2.19780
0.60280
0.02336
0.59776
1.52622
2.79753
0.72974
0.00773
0.49247
2.32132
2.86929
2.16226
0.04056
0.61134
0.58220
0.04582
0.14555
1.94157
1.08972
2.69200
2.63803
1.19183
0.14409
1.13822
2.97913
0.49842
0.16518
2.88137
0.12085
2.48874
1.86980
0.04811
0.00119
2.36714
1.80837
0.00167
0.22070
0.11513
0.51472
2.29735
1.22055
1.21500
0.18596
0.00267
0.27485
1.61072
3.41519
2.38733
1.80405
0.00052
2.22557
2.48810
0.32860
1.95044
2.18312
2.68023
3.33826
0.01986
0.93937
2.46131
1.04507
0.04398
2.88872
2.25904
2.31612
2.96097
0.23137
1.32176
2.68790
0.24005
1.95964
0.31193
1.22290
1.29315
0.72497
1.90231
0.29082
0.43552
2.33270
0.07370
0.18051
0.12812
0.07256
0.94147
0.77987
0.61618
1.59491
3.10103
0.10202
0.04749
1.36518
0.05487
1.90503
1.50112
0.98438
2.68606
0.92950
2.94624
0.24980
0.31305
2.12367
0.85414
0.36918
0.63373
0.07018
2.95325
2.00391
0.08303
0.09987
3.12431
0.43763
1.48564
1.40565
1.72464
0.07317
0.78291
0.39164
0.05594
2.24649
0.53186
0.25599
0.17183
1.51558
0.89320
2.21426
0.29973
2.10997
1.14470
2.63951
1.22129
1.39586
0.46114
0.05777
2.21936
2.83131
0.28763
2.58393
1.20029
0.53498
0.11129
1.19065
0.13860
2.72872
0.98671
3.04514
3.02451
0.78874
1.67114
0.23590
0.82591
1.78949
2.31701
3.33440
2.39687
2.14110
0.07835
0.00193
2.60106
2.76737
2.04254
0.50249
0.50643
1.89305
1.42245
1.14848
0.68011
1.87198
1.45681
1.34782
0.13132
2.92403
2.74117
0.92968
0.46506
0.22658
2.35542
0.18756
0.18149
3.00238
2.17956
2.05368
2.15498
0.15544
0.96872
2.50971
0.08445
3.10826
2.46525
1.11164
0.16864
2.72806
0.13960
0.51514
0.55866
1.15728
0.03908
0.26441
1.15947
2.36872
2.12916
0.11694
0.03095
1.91928
0.29057
0.00308
2.10374
0.00202
0.79368
0.92996
1.80104
0.01068
0.21033
0.16206
0.26595
0.31573
2.49737
2.35756
2.24059
1.50240
1.59899
0.92384
2.35600
0.88168
0.68066
0.51047
0.46591
2.83261
2.77576
0.03495
3.18402
0.11361
1.75769
2.23721
0.02028
3.76358
2.89049
0.12887
0.10894
0.23231
2.99145
0.54727
0.27509
0.11040
1.13731
1.32118
2.89555
1.00059
0.01578
2.47955
2.01867
1.41094
1.02601
0.50992
1.68852
0.00801
1.50140
0.16310
1.87605
0.00900
0.41927
1.71274
0.35729
0.03257
1.84159
0.64982
1.93640
1.51363
0.08276
0.17158
1.57081
0.47437
3.06209
0.01384
1.63208
2.45373
0.60698
0.70950
0.28191
0.82369
0.69690
0.00199
2.28793
0.59541
0.18022
0.67213
0.01074
0.99226
2.38874
2.90857
0.01105
0.99833
0.06442
0.04095
0.00140
0.05765
2.82788
0.00884
3.14258
0.52862
2.94144
1.86664
0.31744
0.21958
0.12948
2.07108
0.30399
2.14420
0.52598
0.48333
0.58938
1.50748
3.44986
1.33589
0.81881
0.01941
3.08887
0.04585
3.20787
1.18687
0.69252
2.06045
2.14906
2.29303
0.08174
1.29577
0.01776
2.76198
1.89109
1.57602
1.16191
2.93367
0.71286
0.38361
1.95165
2.17628
0.15802
3.50324
2.99443
2.08704
0.67140
0.04778
1.08273
0.54396
2.05585
0.20536
1.01914
0.17178
0.06268
1.13674
0.22173
1.11069
0.02480
0.23421
1.67538
0.38105
1.97122
0.00929
0.01422
0.04715
0.09038
0.06343
0.05794
1.02737
3.07007
2.08538
0.51273
2.49912
2.57547
2.60449
1.01263
0.01786
2.53604
0.02251
3.31993
1.44794
2.81268
1.08951
2.33983
0.27756
0.68235
0.31267
2.78054
0.11857
0.80190
2.98772
0.22682
2.54417
1.10723
0.14169
3.24413
1.91540
1.23572
0.86543
2.90699
0.01431
2.40275
0.41802
1.19435
1.32372
2.92702
2.07999
0.36096
0.61611
0.28082
2.05819
0.22694
0.25108
0.70036
1.63541
0.11386
2.11787
0.54210
0.43435
3.64052
0.77874
2.33884
1.63099
0.10101
0.86094
2.64600
0.45183
0.11377
0.00006
1.23928
1.16612
1.47707
0.95008
3.13316
0.56767
0.67912
0.28303
2.19492
0.43226
0.00813
1.53669
0.21475
1.16326
0.59595
0.04266
1.40970
0.03962
0.68141
0.26917
2.33224
0.14878
0.92221
2.21623
0.20662
0.02324
0.68185
2.29296
2.04427
0.20291
0.40083
2.32708
1.31006
0.92086
0.61722
0.26759
3.13704
1.97204
1.96134
1.80584
1.78929
2.50047
2.73160
1.63689
2.87348
2.97278
3.11026
0.02048
1.24080
0.01645
1.33327
0.00841
2.63899
1.30652
1.05726
1.92167
2.31654
2.79071
2.10947
0.30769
0.73836
0.10986
0.15439
2.23697
1.92519
1.58465
2.93103
0.74235
1.39395
0.73562
0.00005
1.91080
0.49336
0.24377
3.13644
0.57481
1.19698
0.02958
0.52778
0.01612
2.17592
0.49092
2.98726
0.46471
0.05236
0.36224
0.68648
2.68862
2.84533
2.86913
2.41480
1.86693
0.44762
0.08866
2.75952
1.17164
0.04414
2.74227
0.15048
0.59480
1.15156
3.41079
0.02722
2.52155
2.45114
1.51897
0.86361
0.02780
0.04673
1.42061
0.26193
1.64533
0.03979
0.02003
3.24547
0.39121
0.58289
2.34601
2.26050
1.28354
2.62460
0.81724
0.17792
0.40130
1.12298
0.39248
2.12056
0.20047
2.84539
1.42422
2.19051
0.10469
1.56192
2.02429
0.40011
2.92232
1.84252
0.23279
2.22472
2.89947
2.98879
0.31922
1.40069
0.01144
1.23143
0.04290
2.99108
0.02964
1.88469
0.03275
2.49692
0.01626
0.75178
1.36907
1.36916
0.17493
0.70364
1.37407
0.13242
0.00654
3.54408
3.52891
1.52356
0.75423
1.04348
0.87720
3.07671
0.20280
2.06360
0.00172
2.20292
2.64859
0.29016
0.00279
0.53624
0.04598
2.03384
3.15767
1.01667
1.90616
2.18823
0.20909
0.70339
1.51605
0.88819
0.96269
0.45033
1.74691
0.03980
2.34310
2.33650
0.00839
0.37518
1.47031
1.34043
2.03748
0.41016
2.25313
1.08987
0.00003
0.00483
2.95787
0.25454
0.91833
2.04301
3.27478
3.00982
2.84225
1.71337
2.86440
2.19804
0.08577
1.18299
1.54214
0.59645
0.25567
1.54109
1.72917
0.11833
1.79166
2.57891
0.26793
2.47396
2.12767
1.05189
3.07414
2.48545
0.17219
2.57011
3.60049
0.10178
1.97318
0.71759
0.89841
0.01211
1.20591
1.64777
1.02199
2.23110
1.80678
0.93758
0.00166
0.00741
1.72194
0.07208
0.11106
2.43629
2.52113
0.42028
1.16809
0.03168
0.82014
3.10979
1.75382
0.73552
1.58633
2.62042
2.33753
1.38789
0.07048
1.72405
0.23567
0.33483
1.87631
0.14732
0.12669
0.59038
0.36026
0.20686
0.93019
3.08638
0.34061
0.07519
1.44009
2.37517
0.80874
1.60564
2.25117
0.02808
1.70136
0.00179
0.89035
0.97781
1.27380
0.44746
1.34122
0.16251
0.37292
0.15439
0.87295
0.57122
0.89621
3.27372
0.61738
1.28450
0.69767
1.09937
1.65566
0.35900
1.61195
0.21288
0.18894
1.03377
2.40380
2.19509
3.20227
0.02944
0.93368
2.50158
1.63876
2.72805
2.83069
0.74913
3.17074
2.87052
2.70154
2.53475
1.27301
1.09802
1.01999
0.08978
0.58358
0.00078
1.04224
2.87853
2.60221
0.26582
0.01230
2.40242
0.77422
0.76380
2.54101
0.92804
2.63545
1.95807
2.35880
1.07803
3.10067
3.04262
0.21424
1.80201
0.00741
1.14798
2.68841
1.39895
0.37980
0.04340
0.44620
0.55667
0.03216
0.84021
0.05011
0.12234
1.94083
2.29456
0.18238
0.00047
0.02744
0.00168
0.31143
0.08732
0.77363
0.74581
3.07196
0.37429
1.46901
1.08925
0.02557
3.42859
2.91883
1.50691
0.12207
1.90163
1.98703
0.06589
1.07694
0.08934
3.05588
0.63187
1.67806
1.99437
0.01620
3.12850
0.45661
0.10965
1.44097
0.03587
0.00954
1.93109
0.14173
1.28613
2.66449
0.11582
1.04340
1.72909
2.29154
0.43001
0.27495
0.22155
2.14538
1.80659
2.54913
0.89501
2.50005
1.43153
0.00577
0.25153
2.91879
1.86784
2.08656
2.53176
2.42471
3.23277
0.02408
2.16053
0.13165
0.32433
0.01768
0.09437
0.16706
1.90000
0.66905
1.38205
2.45768
0.02796
1.65072
3.25602
0.58766
0.75967
1.37321
0.09771
0.77077
1.21846
1.60914
0.00166
2.39135
2.60297
0.18447
3.27228
0.08459
0.06499
0.07665
0.92716
1.17702
2.95025
0.46791
1.74050
0.25161
2.24834
1.87827
1.63880
0.02745
0.11919
0.94653
0.96953
2.40495
0.01931
2.20555
0.79855
0.00002
0.76947
3.33635
0.23695
1.24986
2.80283
2.16194
0.19631
1.91183
0.97230
3.07094
1.37799
0.62766
0.08711
2.00926
2.82285
1.90151
1.25545
3.16299
0.21760
0.16369
1.27931
2.68133
1.64692
0.10751
1.11354
2.25537
2.57673
1.55746
2.45018
1.62586
1.56800
1.61035
0.14342
0.20821
0.10591
3.46792
1.45886
0.00018
3.18469
1.62668
1.30886
0.14785
0.59065
1.29205
0.44295
0.12145
0.09899
0.00035
2.77009
0.15062
2.22596
0.05598
1.85127
1.47966
0.07330
1.57444
1.35108
1.46025
0.16390
0.31555
2.98419
0.01876
0.01705
2.58852
1.94558
1.69567
0.39111
0.04532
0.94178
2.59934
0.30255
3.09984
2.57532
0.13658
0.10548
0.07758
2.55469
2.61189
2.49913
1.26444
0.09212
3.30413
0.04796
1.26988
2.10760
2.09807
0.03501
2.82968
0.49420
0.22960
1.41643
0.77088
2.15736
1.78626
1.03610
2.34091
2.25276
2.74861
0.51205
2.44751
0.55681
2.25989
0.46989
1.04496
0.09268
0.02092
3.28560
1.97126
0.65911
3.19158
0.00871
2.72142
2.10198
2.69994
0.87053
2.77064
0.03235
2.71631
0.18735
0.64966
0.31413
0.19783
0.03684
0.92429
1.16547
0.47120
0.08730
0.19809
0.04197
3.35649
0.00934
2.19060
3.35848
2.18147
0.71858
1.08767
2.58481
0.22382
1.87466
0.60626
1.04475
2.67022
3.08946
0.75703
0.69370
0.33853
1.20532
2.05323
2.92692
1.59829
0.61094
0.65757
0.87215
3.66093
2.50227
0.19823
2.34744
0.79397
3.27458
0.38265
0.21811
0.70428
1.48147
1.93547
0.93732
2.45976
1.47803
2.86386
1.09153
1.90428
0.07276
0.14788
0.41416
0.01738
0.09664
1.61150
2.69219
0.04269
2.62045
0.96933
0.00476
2.93360
0.03345
0.45181
0.91305
0.00312
0.89262
1.80206
0.30176
2.38559
0.16774
2.67115
0.08345
0.73082
1.88070
0.02966
2.39778
0.31232
0.29356
0.65492
0.32461
1.56304
1.66044
0.27496
3.04772
0.84254
1.58242
0.92719
0.78208
2.74239
1.46323
1.24453
0.29112
0.60643
1.88593
0.01712
3.11688
1.16200
0.02655
0.33399
3.34051
0.00184
1.24613
0.14564
0.30293
1.31713
1.44724
0.38594
0.39562
1.42289
1.11458
1.24158
0.31689
0.56711
2.33195
1.67868
0.46304
0.70919
0.68940
0.25369
0.01625
0.82211
0.01955
2.24532
0.00030
1.85900
0.51164
2.90334
0.66266
0.00265
1.55837
0.48663
2.51638
0.07547
2.50822
0.08716
2.17858
2.90061
1.21924
1.02726
1.87868
2.76982
0.10685
0.19219
0.44111
3.24162
2.03038
1.02015
2.85368
0.64772
0.05624
1.55882
2.01733
0.22894
1.91309
0.00002
0.05240
0.16715
1.30218
2.03704
1.09839
0.93842
1.35761
2.30414
1.55489
0.12480
0.00322
0.00914
0.03748
0.45888
0.19151
2.59135
0.34759
2.13632
0.54977
2.31305
1.39642
1.66078
0.68041
1.48927
2.83184
0.04603
0.75433
0.54285
0.08350
0.00836
0.10863
0.05242
0.83706
1.70293
1.11285
0.79611
2.83993
2.66323
0.34549
0.21409
2.54605
0.00556
0.03239
3.36965
1.97955
0.90119
1.11209
0.23266
0.00000
0.18452
1.96704
0.10746
2.07639
0.91779
0.14395
0.85905
0.75027
3.56468
3.36993
3.27983
1.83622
0.88692
2.25874
2.83600
3.41196
0.00301
1.66245
0.00304
0.07946
2.18240
0.05331
1.15687
0.38299
0.27350
1.28308
0.14928
0.92166
0.42242
0.06888
1.01507
0.66797
0.05443
1.82379
1.77576
1.09269
0.01632
0.03269
0.62654
0.77652
0.00390
0.74285
1.62488
3.16295
1.03925
2.53422
0.33751
1.71953
1.30504
0.40314
2.30420
1.09005
0.26046
3.09593
0.09769
0.41229
0.03770
0.68938
1.35287
0.09737
0.47718
0.75669
1.64333
1.79393
0.43410
0.11319
1.60016
0.08767
0.01401
0.67567
1.83191
0.28787
2.68071
0.01549
1.03088
2.31511
0.60035
0.01872
2.19996
0.01198
1.83545
0.77915
0.65865
0.07902
2.02307
1.11669
2.17914
2.05182
1.01327
1.05302
3.04388
0.05031
2.21744
1.12183
0.40617
2.10381
0.01279
1.53205
0.00004
1.54395
2.65131
0.96533
0.78534
0.43101
1.84016
0.21775
0.10676
0.15394
1.72906
0.12530
0.09545
0.03533
0.15670
0.33274
1.36727
0.07604
1.65010
1.26701
0.02088
0.02063
0.93583
0.54094
0.77260
2.98470
0.16191
0.04149
0.70144
0.08815
0.08671
0.02203
0.42687
2.93373
1.82494
0.11079
2.65947
1.48265
2.64279
1.28335
0.00054
0.30292
1.73035
0.18420
0.10999
1.58380
0.09420
1.48750
0.01456
0.40575
2.06896
3.03980
0.11000
0.68879
0.15691
0.55718
1.44254
1.47800
0.22886
0.71155
0.57900
0.00304
0.04576
1.16110
1.09956
1.24633
0.02974
0.84998
1.89774
0.28389
2.34283
2.25010
0.74315
0.71304
1.34385
1.08225
0.52027
1.40745
2.01999
0.59518
1.77877
0.03807
3.32867
1.77074
0.22416
1.90368
0.57098
1.92719
1.35807
1.65324
3.16567
1.67289
0.06630
1.45544
2.97038
2.28318
0.13551
0.02030
3.17549
3.18337
0.08071
2.60688
1.80328
1.16422
0.09557
0.06704
2.16460
0.32104
0.14355
0.10260
2.16669
3.06775
1.84417
2.53152
3.44232
2.72736
1.35397
1.95501
1.18655
0.02251
0.48736
0.49493
0.45010
1.46666
3.09183
0.09180
2.37366
3.05027
1.37808
1.83841
0.07781
1.02917
1.31037
0.83629
1.04450
0.57622
0.06001
0.03175
2.42733
1.04071
2.74230
0.49674
0.12858
1.75972
0.53541
0.55025
0.45206
0.24013
1.36346
0.09013
1.58203
0.02473
2.68159
0.15250
2.43229
1.14582
0.29188
0.29761
1.43935
0.00396
1.32489
0.04380
0.12186
1.62575
2.84886
1.36162
1.98249
1.77664
0.09915
0.04895
0.15008
0.96257
0.00533
0.00060
0.22401
0.58613
0.00132
0.80350
0.00030
0.02503
0.03487
0.02532
0.00612
0.07719
0.00050
0.05549
0.99977
0.08076
3.75355
0.34588
0.01462
2.34711
1.35881
1.13592
0.28509
3.14688
1.08210
2.24773
1.62865
0.26287
0.15693
0.02517
0.04234
2.40178
0.02060
0.87148
0.00208
2.20225
1.50454
0.00063
1.96786
0.00046
0.40595
0.00067
0.96366
0.00532
0.59751
2.55163
1.25069
1.64994
2.55653
1.65661
1.93026
0.98150
0.06674
3.33587
0.01456
1.02119
0.80439
2.54248
0.14120
0.14212
2.49948
0.00051
1.31807
0.53996
2.72945
1.62081
0.10311
0.66270
1.05868
1.83906
0.14780
0.02223
2.11598
0.03918
0.03462
0.92082
3.18434
0.78406
1.58626
2.02109
1.78407
3.18747
2.72269
1.22078
0.47188
2.01082
1.61576
0.84910
0.00425
1.03572
0.47579
2.60844
2.03076
2.19694
1.59013
2.41984
3.26376
1.96120
2.02027
1.16374
3.11334
1.65774
0.29911
0.14568
1.61167
0.83771
1.36584
3.06133
0.00609
1.53683
0.15725
0.48858
2.43340
1.07136
0.56743
0.11627
0.31107
0.01189
0.32182
0.00866
2.30676
0.91247
0.19355
1.33864
2.13350
0.63254
2.25012
0.09029
1.61805
2.06231
2.27405
0.14762
2.54460
0.30305
2.40832
2.44167
0.85834
0.00863
0.03594
2.14779
2.45245
3.43304
0.05081
0.24637
0.51829
0.10513
2.53355
0.79029
1.34484
1.52691
0.88376
0.76135
1.53429
1.78824
2.66862
0.23674
0.01002
0.00114
1.42630
1.49429
0.42168
0.92974
1.44318
3.28780
0.17604
0.00036
1.73780
2.94822
2.66413
2.60147
2.58602
2.92798
0.98641
3.00625
1.64635
0.78968
0.50646
0.92034
0.33186
0.30392
2.56327
2.17754
0.86372
0.12158
0.66114
0.15816
1.79050
0.03388
2.31439
0.52622
1.56054
0.18668
2.54786
0.00411
0.18134
1.75929
1.51988
2.87099
2.84275
2.29083
0.18063
0.00086
1.99124
2.27005
0.87316
0.00223
0.01619
1.63623
3.17605
1.48471
2.70809
1.73578
0.12677
1.17535
0.86129
1.97275
1.15773
1.69140
0.32266
0.42282
2.65601
2.34261
1.53380
1.42853
1.60518
2.63888
1.03190
0.10772
2.19253
0.00138
0.10015
0.08073
0.33251
2.57268
0.48766
2.44177
1.53773
0.41071
0.49499
3.01039
2.13018
3.23475
0.02118
2.75872
3.13198
1.91439
0.26459
0.00170
0.90107
1.79889
0.04394
0.01829
0.73517
0.46444
1.66859
0.46174
0.38974
0.00376
2.55804
2.27848
1.28447
0.00140
0.60888
0.21440
0.18715
0.13275
0.10390
0.00229
0.79070
1.42249
0.00000
3.06827
1.80774
2.40281
0.20551
0.41324
0.64926
1.36442
0.08331
0.01493
3.28944
1.08997
1.47017
0.08376
0.77808
2.21855
1.72868
0.30205
1.09563
3.23906
1.21789
0.11501
3.17819
0.02745
2.01756
0.60285
0.79441
3.41765
0.81146
2.99230
2.37760
0.74668
0.61904
0.66674
0.94181
0.39585
0.28394
0.52235
2.88555
1.59086
2.36802
2.17427
1.45280
2.13162
1.54731
1.40014
0.69859
0.35259
2.53161
0.06672
0.75867
0.22829
1.66804
2.54541
0.70196
0.31317
2.88597
2.65345
0.10049
0.14126
2.63621
0.01381
1.06333
1.20999
0.25301
0.14908
2.94114
1.84439
1.97101
0.35060
0.93777
0.16497
1.73994
2.00108
3.35214
0.11741
1.65059
0.08484
3.44267
2.85825
2.30500
2.43120
2.32192
0.72756
0.62724
2.08054
1.05923
0.29625
1.13391
1.00580
0.22224
2.44365
1.19342
0.02132
1.51918
0.00423
0.82764
1.70665
0.71963
2.61485
1.59598
3.29796
0.14384
0.29632
0.00034
0.97328
2.62346
1.22803
3.18236
2.69455
3.41682
1.97408
2.56825
0.05042
1.85908
0.97397
1.00071
2.77564
0.47540
0.13555
1.50944
2.19789
1.65482
2.83908
0.46321
0.00412
2.20742
0.14994
0.02307
3.18376
3.18452
1.84500
1.12675
0.73600
0.66963
1.77256
2.99554
0.99545
1.00634
3.31325
0.41070
0.78504
0.12992
3.34502
1.89562
1.83743
1.53978
3.73003
0.24379
0.79478
0.11225
1.67801
0.04359
0.09909
0.28147
1.18577
1.22278
1.76615
2.49854
1.26895
0.91486
1.29220
0.12459
2.59096
1.47812
0.03237
0.08097
1.51449
0.97339
0.01141
0.09108
0.12538
2.76704
1.36798
0.75409
1.39419
2.65223
0.56237
0.00204
0.36606
0.00617
2.11490
0.54852
0.41170
0.55590
2.75241
0.80573
0.13372
2.10155
0.08647
0.61166
0.04135
0.00152
1.47929
1.36928
2.26943
0.57211
0.04617
1.88025
0.62929
0.53603
0.90754
2.71686
2.05698
2.99137
0.40374
0.01734
3.21708
0.10583
0.97144
0.99682
0.15349
1.08378
0.00315
0.70895
2.86096
0.07646
0.33323
2.58859
1.78088
3.52501
0.49903
0.21241
2.15534
1.11096
0.16095
0.84095
0.03964
2.94034
2.21653
1.71048
1.20102
0.78549
1.26080
2.67142
2.93855
1.81328
2.46390
0.47819
0.11403
1.06430
0.76365
0.06409
0.19677
0.31830
0.01247
2.22327
3.10601
0.62186
2.36187
0.24250
0.40494
0.29040
3.25621
2.92918
1.00261
2.19099
0.00444
1.13646
0.07906
1.25767
1.86900
0.00529
1.66312
2.25921
0.08587
1.95561
0.14312
0.00000
2.85506
1.86965
3.16978
1.85028
2.50449
0.28178
1.66008
0.22686
1.53621
0.32722
0.42440
0.01352
0.91078
0.15592
1.54368
0.31705
1.50141
2.61329
3.15844
0.00914
0.59476
2.76507
3.00055
2.19702
0.28678
1.46330
1.65239
0.39263
1.95037
2.06489
1.53755
0.00034
1.52525
1.20240
1.10250
0.79287
1.21266
0.07215
1.13084
1.48585
0.53562
1.05201
0.06177
0.34675
0.01066
0.01062
3.45004
0.06287
0.83915
0.64583
0.29153
0.00075
0.05944
1.89912
2.65081
1.28166
1.09654
0.66210
0.28710
0.10998
2.38462
0.00132
3.28274
0.05991
0.32925
1.28156
2.69651
0.38357
1.91963
0.49140
2.33950
1.11542
1.01818
0.58314
1.21942
1.83333
2.27860
0.00773
0.00356
0.89742
0.00386
0.30560
2.23014
1.46209
0.01000
2.29172
1.55560
1.96096
1.52010
2.05782
0.91301
1.56701
1.67499
0.23066
0.27483
1.68493
1.25071
1.22582
0.01414
0.00415
0.17524
1.07532
1.95553
0.58952
1.49372
2.15290
1.80923
1.32919
0.02985
2.20209
0.08308
0.32161
3.23091
1.95196
0.02782
0.11863
1.54600
0.71957
1.89114
2.37283
2.94911
3.36410
0.49773
2.58203
1.74120
0.33053
1.48113
0.15927
0.57790
0.20131
0.13811
0.01105
3.19255
0.00012
1.40239
1.30693
0.01698
0.14224
0.31875
0.94763
1.01439
0.05354
2.17431
0.00908
2.32344
1.72039
0.11629
1.27008
1.66235
0.42823
0.72182
3.48564
0.13093
2.32552
0.40003
1.34110
2.44115
2.19332
0.01305
0.68265
0.96943
2.29219
2.18295
2.10050
0.64829
1.35620
0.02851
0.30138
0.00545
1.04947
2.02223
0.10224
1.55510
0.00518
0.02540
0.70498
1.45561
0.30838
2.60675
1.49625
0.86518
1.29771
0.33655
0.28316
0.07826
0.91961
0.01685
2.78237
0.30797
0.20360
2.43106
0.94143
2.56738
0.13778
1.09341
1.74826
1.17943
2.31612
1.14869
1.53156
2.76237
2.78960
0.21576
2.01124
0.07651
0.01685
0.00323
0.27188
3.17860
0.95897
0.93142
0.07830
0.29759
0.00976
1.66551
1.93533
0.68967
2.00741
0.24039
1.33640
1.58469
1.75699
1.24602
0.03930
2.49910
3.09930
0.04425
0.17219
3.37329
0.13757
0.01652
3.50143
1.38247
1.63416
0.28282
2.46499
1.51077
1.64808
0.67958
2.69607
2.11377
2.82471
0.21860
0.03027
2.30228
0.39252
2.80055
0.57669
0.90665
0.12287
1.09263
2.20692
0.09041
1.90442
1.23844
0.53104
2.26018
0.03422
0.95541
0.29002
0.04728
0.21521
1.17891
1.66833
1.89766
1.21890
0.11352
0.19400
0.67392
0.02758
0.04225
0.06913
1.04573
1.62657
0.76945
1.86396
2.92900
1.33131
1.31511
0.81590
0.77687
0.00001
0.04547
0.32091
0.02534
1.10911
1.18306
0.34438
0.17484
1.64190
1.76280
0.34611
0.02898
0.01213
1.41459
0.00437
2.64332
1.41368
2.29764
1.37221
0.00703
0.05341
0.34317
0.09649
2.79626
2.17266
1.71306
0.44544
0.01585
0.19377
1.64482
0.39073
0.03885
2.91489
0.48140
1.50050
0.38478
2.16268
1.33158
0.01272
2.68752
0.75189
0.01578
0.07490
0.05570
0.00128
3.40184
2.29245
1.96655
1.04477
0.00861
0.50333
0.95005
0.27577
1.48120
2.69782
0.02286
0.97014
0.36027
0.68380
0.79050
0.30319
1.48710
2.88758
2.96737
2.78847
2.66098
1.75128
3.36566
1.75392
0.41964
2.49139
0.68049
0.96726
0.74902
1.34170
0.56494
2.60884
0.03140
0.69683
1.00605
2.54128
0.79225
0.63588
1.46405
0.10600
0.00132
0.26657
2.99264
1.98397
0.18884
0.36733
1.56795
2.06681
0.36708
2.84266
0.01273
1.44463
0.00034
0.02409
0.86422
0.06240
1.78010
0.01941
0.04037
1.08210
0.04971
1.75489
0.02455
1.53364
0.11227
0.05063
0.11484
0.24302
0.03180
0.47875
0.54009
0.18341
0.92905
0.28488
1.09405
0.00566
2.55877
1.00542
2.09513
0.15653
1.43221
0.20426
0.00179
0.02951
1.22901
0.93293
0.29866
0.17477
2.21102
0.10656
1.27233
2.44119
0.00075
2.27746
2.61455
1.16779
2.65922
2.21902
0.37723
0.49301
1.71324
0.00111
1.90678
2.56972
0.12624
0.42237
2.44667
2.23122
0.64895
0.01772
1.00033
1.18216
1.35789
0.39409
1.36121
0.05091
0.54937
1.80323
1.35325
0.71968
0.90884
0.19876
0.00000
0.36532
0.84126
0.42468
0.40493
0.02366
0.26270
0.00346
0.00496
2.55606
2.70223
0.31486
0.12245
0.41948
1.77713
1.56155
1.69393
2.84380
2.65311
3.64195
1.36094
3.44266
1.27164
0.00043
0.01835
1.15591
0.00668
0.02285
2.82625
2.37088
1.36635
0.80170
2.35897
2.35302
1.55130
0.22254
2.20874
2.67381
0.02390
0.58855
2.35274
0.83517
1.68385
2.43921
0.00218
2.00283
0.14772
3.73224
2.99672
1.04246
2.49438
0.32862
1.10310
1.40105
0.51171
0.00031
2.15589
2.43062
3.58024
2.05587
0.88216
2.85061
0.09274
1.46856
0.00980
2.22273
0.77210
0.42617
3.21466
2.71191
0.01404
0.99806
0.19587
0.12652
0.01678
0.04557
0.15845
0.43249
0.07396
0.14081
0.57823
2.37408
0.23343
0.02372
1.44152
1.38112
0.73650
2.68265
1.08931
0.01246
1.57648
0.00206
0.03384
0.38033
2.74743
0.99551
1.32191
2.32610
2.05954
0.63074
2.91164
2.15616
2.75101
1.69121
0.81583
0.99215
2.33581
0.40006
0.00007
1.43049
0.55265
0.15494
0.21462
1.44566
1.43025
2.27231
2.35560
0.57148
3.03362
1.78047
0.00003
2.27520
0.13942
0.16998
0.07277
0.43882
2.93706
1.47592
1.78963
0.49481
0.20128
0.91356
1.49021
0.48130
0.02861
2.09569
0.48256
0.04170
0.78244
2.16862
2.64326
0.37203
2.07338
0.02179
1.22918
1.79131
1.35912
2.43757
3.68899
0.04095
0.12704
0.08463
0.94812
0.11503
0.69139
2.23080
0.14850
1.49046
1.87717
2.93339
0.66968
0.52398
0.77314
1.35865
2.91657
0.00021
1.44338
0.41840
1.61585
0.58155
2.96442
0.73867
1.88799
2.29507
2.52176
0.02709
1.04260
2.47353
0.64291
1.39053
0.85086
2.79647
3.15704
0.16332
3.19875
0.73741
0.24161
0.10134
1.39938
1.06298
0.33577
1.39106
0.02290
0.02881
1.12701
2.90544
1.97707
0.60949
1.19321
0.00112
2.84345
1.22062
1.08776
1.23953
1.72412
2.30092
0.48968
0.26909
0.04746
0.00720
0.21996
0.24049
0.49603
0.07807
0.00729
0.60092
0.06650
0.05342
3.05803
0.72813
1.26773
0.01552
2.59782
1.70982
0.94712
2.67940
0.44764
0.92747
0.32797
0.00019
0.85435
2.37946
0.83618
1.70759
2.76568
2.41010
2.01401
2.02151
2.89436
0.04109
0.16548
1.85099
1.81875
0.43209
1.34199
0.58962
0.72034
3.16972
0.78314
2.20301
0.35763
1.11414
0.09577
0.07525
0.01708
0.11135
1.72218
2.27424
1.26674
1.66615
1.27523
0.24775
0.02752
0.32527
1.15128
2.88874
0.87336
1.89488
0.22317
0.23498
0.73329
1.89941
1.88891
1.99761
1.21559
0.10110
0.99332
2.42893
1.15726
0.42932
0.83428
0.59423
0.03494
3.22180
1.08675
2.60204
0.20344
0.05107
1.78266
