4.16474
4.39695
4.45832
4.39935
3.95987
4.23862
4.44266
4.37184
4.28300
4.33604
4.31297
4.46718
4.40971
3.30902
3.74211
4.23822
4.27880
4.42189
2.55302
3.79866
4.01183
3.98371
3.83325
4.38534
4.39592
4.46046
4.17439
4.37833
4.44876
3.78512
3.94903
4.48976
3.90652
4.11970
4.37976
4.37062
4.01128
4.31880
4.29828
4.44500
4.36011
4.30589
4.07716
3.49922
4.35490
3.95679
4.39932
3.78297
4.29104
4.49900
4.47258
4.46197
4.10289
4.49891
4.32768
4.48372
3.17463
4.25563
4.41365
4.25831
4.38420
4.17782
4.25012
4.27956
3.73787
4.07803
4.40473
4.42895
4.37874
4.00305
4.47237
4.49241
4.36720
4.19083
4.35820
4.21062
3.25264
4.36477
4.12694
3.96473
3.90087
4.38893
3.91582
4.08114
3.87282
4.41738
4.17601
4.42418
4.36037
3.15161
4.24838
4.42672
4.46649
4.34228
4.46079
4.48605
4.27596
4.45983
4.51655
4.35622
4.30283
3.16365
4.46374
3.94429
4.29504
2.89802
4.31706
4.49070
4.37710
4.37306
3.92349
3.70070
4.34517
3.87212
4.01542
4.01899
3.84981
4.36143
4.38287
4.23004
4.49763
4.42290
4.36727
4.34036
4.08481
4.45701
4.40760
4.43564
4.42596
4.21051
4.24140
4.34263
4.46459
4.37716
4.33083
4.37120
4.40823
4.43873
4.30692
4.33942
4.28460
4.45080
4.39348
4.42154
4.44610
3.04172
4.46653
4.33509
4.32036
4.40210
4.39005
4.47480
4.36179
4.40808
4.38672
4.48975
4.23365
3.74605
4.24968
4.34964
4.47101
4.48577
4.37756
4.19731
4.48132
4.38081
3.91091
4.26072
4.30931
4.33268
4.01244
4.05382
4.32056
4.35420
4.00349
3.32934
4.39975
2.45470
3.67041
4.40390
4.44793
4.32310
4.19570
4.39762
4.33051
4.48435
3.85164
3.99697
4.03016
3.69298
4.15809
4.45922
4.32854
4.29072
4.30216
4.24512
4.33373
4.38561
3.97814
4.38389
3.18310
4.46711
4.37872
4.13822
4.49052
4.42031
4.02669
4.48431
4.47612
4.48905
3.00251
4.35939
4.24582
4.36402
4.46941
4.22265
3.96680
2.34239
4.41142
4.42678
4.41779
3.99421
4.25434
4.49096
4.48484
4.17727
4.25725
4.51079
4.32866
4.25638
4.02526
4.07084
4.45507
3.40950
4.49146
4.39253
4.39285
4.27832
3.62969
4.48423
3.77980
3.85844
4.42751
4.25437
4.26548
2.75579
4.37170
4.45099
4.29037
3.79782
4.41802
4.47113
4.34674
4.44376
4.14284
4.41385
4.43185
4.44693
4.22532
4.29299
4.43447
2.89825
4.47876
4.41739
4.28949
4.36861
4.28778
4.02562
4.08070
4.31550
4.12600
4.37859
4.36560
4.21192
4.33063
4.16811
1.98704
4.39346
2.85777
3.73611
4.23598
4.48203
4.23758
4.19362
3.04503
4.43117
3.95143
4.40512
4.34410
4.34746
4.40279
4.45626
4.39879
4.45294
3.97869
4.31350
4.16378
4.45959
4.41687
4.31139
4.09876
4.49847
4.49960
4.08259
3.95065
4.28092
3.98153
4.29196
4.39237
3.77542
4.34410
3.72313
3.40942
4.25637
4.48114
4.40319
4.40397
4.45381
4.45024
4.40340
4.40915
4.49231
4.43108
1.89576
4.36808
4.03700
4.31206
4.39422
4.47209
4.27529
4.45754
4.17556
3.66573
3.97995
4.44108
4.17229
2.52457
4.36276
4.43805
3.31078
4.24229
3.79813
4.25553
2.80679
3.40708
4.34910
4.38887
4.26369
4.32375
4.41569
4.41630
4.19898
3.95045
4.42491
4.19289
4.46297
4.39028
3.96064
4.39998
4.46034
4.41837
4.15177
4.46497
4.37024
4.38568
4.27949
4.26510
4.40296
4.40221
4.37522
4.43307
4.06254
4.25405
4.35508
4.48734
3.78750
4.27207
2.98802
3.97740
4.18723
4.41311
4.23786
3.53537
4.50868
4.32544
4.34384
3.77941
3.17381
4.37402
4.37843
4.38700
4.04019
4.52494
3.74639
4.39666
4.38643
4.39985
4.50947
4.32630
3.76832
3.97049
4.48697
4.44241
4.44563
4.25688
4.37402
3.91598
4.05208
4.42697
4.38210
4.43801
4.49917
3.07072
4.42913
4.45942
4.38919
4.38553
4.46651
3.42137
4.33646
4.41912
4.46784
4.43349
4.41850
3.86813
4.15949
4.23241
4.28490
4.40562
4.38660
4.20575
3.63555
2.42436
4.25812
4.41259
4.30024
4.52703
3.90937
4.09446
4.47631
4.09561
4.38593
4.19307
4.48900
4.14663
4.29040
3.98397
4.31954
4.14757
4.32935
4.10546
3.85816
4.23181
4.26453
4.38978
3.59110
4.23908
4.33795
4.45119
4.22925
4.45577
4.43850
2.68149
4.32997
4.01503
4.34457
3.96881
4.03224
2.40003
4.28812
4.15838
4.39679
4.29271
4.42589
4.40464
4.47873
4.39355
4.32212
4.43529
4.37749
4.36404
4.31625
4.36550
4.50081
4.28801
3.57134
4.19824
4.33094
4.35894
4.33631
4.30947
3.76322
4.39193
4.43825
4.42714
4.30716
4.42845
4.34935
4.39739
4.34258
4.36587
3.99341
4.42993
4.18522
4.44389
3.93023
4.35163
4.35915
4.34907
2.39568
4.43621
4.24554
4.04215
3.31839
4.20676
2.94027
2.15530
4.44268
2.16784
1.65655
4.30454
4.51078
4.44339
4.43587
1.58640
4.46663
2.72028
4.20930
4.40237
4.04346
4.45295
4.37332
4.38097
4.36879
4.33552
4.09398
4.50110
4.40203
4.18952
4.38555
4.28332
4.10894
4.23778
4.36409
4.44772
3.98591
4.30902
4.42592
4.09164
4.35448
4.42339
4.20148
3.15160
4.41646
4.16382
4.21051
2.09182
4.46094
4.44920
4.40381
4.12256
4.39119
4.16972
4.01412
4.34137
4.51519
4.30657
3.64388
4.29807
4.46129
4.40069
4.39534
4.44737
4.42032
4.20509
4.14737
4.24609
4.20645
4.52192
3.73015
4.46253
4.40116
3.27710
4.37647
3.52761
3.84289
4.37356
4.26958
4.32591
4.20351
4.39062
4.33454
4.07476
4.43080
4.33349
3.42859
4.48773
2.09554
4.04733
4.36521
4.07656
4.25240
3.57114
4.34783
4.52655
4.31214
4.36339
4.47662
4.46743
4.25472
3.17688
4.28801
4.29039
4.17472
3.92706
4.26873
4.16277
4.18825
4.45733
4.25825
4.13713
3.47994
4.49143
4.26537
4.44298
4.17483
3.86662
4.40509
3.94467
2.05341
3.90519
4.22976
4.35208
4.36075
1.76931
4.35753
4.31240
4.50262
4.11133
4.42527
4.51557
4.43793
4.37866
4.33342
4.46975
4.36469
4.47383
3.79157
4.06527
3.98070
4.36940
4.40485
4.36769
4.43688
4.36779
4.33409
4.49405
4.44899
4.23879
4.44666
3.94388
4.29281
4.31078
4.49019
4.35030
3.41914
4.25569
4.47443
4.37289
4.44123
3.82775
2.06139
3.95752
4.40735
4.32577
3.30438
4.19242
3.87375
4.37467
4.05533
4.27978
4.39655
4.42777
4.07890
4.37617
4.21854
4.02631
4.44578
3.68594
4.45758
4.09129
4.36020
4.02024
2.56785
4.41766
4.21154
4.34250
3.87770
2.52125
4.31164
4.46951
4.31564
4.44514
4.31391
3.75232
4.13079
4.40744
4.44900
4.27543
4.44146
4.46114
4.24336
4.41199
3.79721
4.31845
3.34113
4.21847
4.46099
4.19674
4.31827
4.46305
4.31516
2.70652
4.27248
4.33129
3.45601
4.36915
4.36731
2.97110
4.29980
4.30123
3.71273
4.44996
4.39651
4.08962
4.33473
3.88172
4.39030
3.32657
4.44101
4.02069
4.14700
4.25675
4.47900
4.08496
3.70260
4.24077
4.25475
4.35249
1.76804
4.30771
4.07013
4.33176
2.91601
4.34808
4.18857
4.43934
4.30002
4.22277
3.98987
4.19989
4.39186
4.35609
3.13931
4.35698
4.45733
3.63949
4.49190
4.22639
4.34764
4.24203
4.29476
3.99297
4.20464
4.44877
4.11351
3.24567
4.29669
4.50505
4.44020
3.88358
4.41662
4.42263
4.24246
4.30091
4.03418
3.89522
4.47741
4.11164
4.37202
3.83467
4.30776
4.50718
2.83563
4.47641
4.33932
4.40235
4.41299
2.96745
4.46074
4.06444
4.31086
4.37994
4.47688
4.24111
4.31754
4.45689
3.80231
4.37442
4.30863
4.07846
4.47625
4.12697
4.38643
4.39122
3.12420
3.45525
4.40209
4.50204
2.67843
4.32029
4.40677
4.46134
4.47256
4.10590
4.43886
2.81608
4.12247
4.35871
3.81602
3.97021
1.36026
4.31286
4.33427
4.38447
4.18019
4.08821
3.43292
4.42633
4.45323
4.45888
2.71923
4.38496
4.38332
4.39000
4.41626
4.46912
4.41839
3.57583
4.38991
4.35218
3.88442
4.45978
4.22680
4.32507
4.35809
4.40958
4.40219
4.05647
4.16543
4.09459
4.19390
4.25699
3.88430
4.36846
4.47792
4.14517
4.41986
4.29018
3.75981
4.49057
4.20264
4.21795
1.57382
4.11919
4.24556
4.35938
3.90848
4.27018
4.31632
4.21019
4.04274
3.84111
4.29984
3.86042
4.21859
4.39746
4.41596
4.34924
3.85815
4.24255
4.06927
4.48870
4.40451
4.39185
4.42451
4.22618
4.40427
4.22416
4.33882
4.37607
4.38783
4.36376
3.66773
3.70272
4.08393
4.52798
4.35728
3.14645
4.39471
4.49187
4.31413
4.01016
4.04815
4.13720
4.06214
4.37546
4.43291
4.46189
4.35138
4.31509
4.46674
4.44457
4.33377
4.36846
4.23743
4.04179
4.45977
4.39867
4.42267
4.27909
4.06415
4.05660
3.56741
4.33449
4.06408
3.93707
4.47290
4.09902
4.49483
3.99462
4.32381
2.90142
4.40838
3.75199
4.13325
4.46400
4.10877
4.06489
4.51479
4.42423
4.14789
4.30232
4.23974
4.38613
4.50138
3.39923
4.34660
3.73283
4.03798
4.37569
4.31645
4.23600
4.44431
4.39247
4.30198
3.41883
4.21885
3.60794
4.39045
4.14179
4.24153
4.40985
3.67517
4.49161
4.16907
4.32612
4.48651
4.32804
4.28322
4.43821
4.19844
4.36177
4.43655
4.46100
4.48208
4.37991
4.40457
4.51600
4.35342
3.86940
4.25960
4.43412
4.43535
3.86921
4.30764
4.33358
4.25062
3.53057
4.47222
4.50522
4.14853
4.21301
2.98781
4.45943
4.41436
3.96092
4.21656
3.17741
4.22929
3.90452
4.45974
4.44956
4.34714
4.38881
4.36576
4.46073
4.38648
4.18789
4.17438
4.44881
4.11642
4.40281
4.45847
4.27456
4.45808
4.38185
3.91323
4.32804
3.51223
4.44337
4.21000
4.21900
4.24449
4.45525
4.20955
4.44220
4.17769
4.24322
2.44151
4.06305
4.39228
2.00385
4.32390
4.08736
4.39191
4.29048
4.36571
4.46542
3.08298
4.32678
4.45968
4.43379
2.61161
4.11786
4.35753
4.23548
4.30773
4.41855
4.40186
4.23087
4.31902
4.16917
4.03936
4.21686
4.31397
3.76609
4.41848
4.40674
4.30971
3.60448
4.16454
4.38517
3.61393
4.41538
2.76880
3.67827
4.41677
3.61382
4.37321
4.15221
4.42863
4.07784
4.47974
4.25445
4.39273
4.24168
3.35483
4.34054
4.44040
4.12635
3.81881
4.38523
2.51250
4.26299
3.93384
4.01474
2.66492
4.43946
4.44909
4.13616
4.45713
4.41691
4.44901
4.32210
4.17807
4.19136
3.69249
4.11730
4.07576
3.90285
4.44199
3.86886
2.88802
3.74774
2.46207
4.39119
3.52786
4.37227
4.45591
4.23266
4.26041
3.88865
4.47771
4.37404
4.49427
4.16743
4.26693
4.35723
3.60564
4.39878
2.96371
4.49579
4.34091
3.90537
3.36344
3.17895
1.73775
4.42700
4.43781
4.42739
4.28695
4.03967
4.39150
4.30578
4.39369
4.39296
4.51711
4.45964
4.24619
4.36498
4.41130
4.28175
4.01697
4.33463
4.45784
4.19929
2.92169
4.29996
4.37677
4.37179
3.50964
4.38694
4.34351
4.35405
4.31439
4.21788
3.45685
4.36552
4.41230
4.45825
4.11040
4.38888
4.43528
4.41612
4.42615
4.40730
4.25095
3.71034
4.41832
4.19945
4.32174
4.16784
4.34265
4.41473
3.85088
4.37113
4.46700
4.41400
4.44523
4.47068
4.03778
4.34084
2.89180
4.45813
4.22885
4.00755
4.33057
4.36211
4.50304
4.32258
4.48791
4.50786
3.98908
3.94170
3.99278
4.37685
4.41438
4.51898
4.24193
4.42629
4.33474
4.41907
4.28498
4.00265
4.33310
4.45745
4.35708
4.19006
4.31726
4.46947
3.71620
4.45078
3.65565
4.23135
3.76134
4.46815
4.39753
4.20833
3.34193
4.48215
4.48104
4.26107
4.31199
4.24166
4.39987
4.30953
3.72715
4.50963
4.49185
4.16520
4.39184
4.51848
3.75426
3.43772
2.80449
3.61156
4.42445
3.89462
3.27862
4.13233
3.95786
4.31041
4.28399
4.26404
4.42280
4.10453
3.99328
4.29073
4.48225
4.46294
4.51104
4.41524
4.30437
4.37394
3.92068
4.28754
4.37057
4.43072
3.20349
4.26087
4.38361
4.39971
4.41534
4.43016
4.45674
4.36850
4.33296
4.41141
2.70796
4.35670
4.33929
4.47379
4.37426
4.43801
2.38663
3.64508
4.38155
4.31313
4.41667
4.37840
3.99733
4.37674
4.34397
4.40461
4.32877
4.48366
4.49884
4.16200
3.89470
4.46364
4.27574
4.47352
4.08215
4.00849
4.50577
4.37166
3.80761
4.14029
3.76148
4.18712
3.56301
4.20842
4.38675
4.12133
4.22501
4.09093
1.65762
4.35592
3.67911
4.39655
4.16140
3.89950
4.46568
4.18747
4.27890
3.39601
4.39085
4.49329
4.49357
4.21933
4.42981
4.03427
4.40900
4.49437
4.38867
4.48237
4.41117
4.37029
4.49660
4.31606
3.81693
4.27619
4.42797
2.85449
4.36148
4.45316
4.28077
4.26308
4.23119
2.70355
4.30765
4.42507
3.85529
3.98510
4.21615
4.39606
4.12562
4.38842
4.31486
4.30482
4.02281
4.01573
3.81954
3.88319
3.89316
4.47761
4.47017
3.29278
4.29651
4.07919
4.39467
4.10229
3.67571
4.42041
4.38449
4.31915
4.47252
4.41378
4.33753
4.12097
4.43255
4.44110
4.30609
4.16137
4.23521
4.46147
4.23946
4.17216
4.21187
4.45386
4.34186
3.62626
3.17597
4.45543
4.40595
4.16301
4.41719
4.04098
4.40792
4.41985
4.29847
4.24805
4.33040
3.66550
4.39993
4.40784
4.33779
4.52105
4.35111
4.37180
4.22193
4.25286
4.49492
2.88190
4.08860
3.76932
4.40267
4.37360
4.33306
3.77170
4.44583
4.28200
4.43358
4.25626
4.21196
4.12946
4.11041
4.14494
4.38999
4.02139
4.43912
3.48725
4.22187
3.92246
4.39908
3.72991
4.33935
3.65124
4.39477
4.40356
3.82373
4.38714
4.30827
4.50043
4.37830
4.35223
3.78999
4.49680
4.47796
4.45107
4.48419
4.37492
4.46502
4.39554
4.44287
2.80109
3.86625
4.46167
4.07297
3.77271
3.88087
4.40868
4.04191
4.42212
4.17601
4.28349
4.10578
4.49851
4.40552
4.26332
4.50687
4.20892
4.37695
4.36714
4.00269
4.41635
3.61253
4.39596
4.14291
4.39604
4.38877
4.48912
4.25560
4.45933
3.78697
4.36126
4.44092
4.51190
4.43365
4.46754
4.40348
4.09819
4.47387
3.99522
4.43470
4.33349
4.08239
4.43355
4.32091
3.93739
3.55840
4.40230
4.46371
4.26118
4.16926
3.95319
4.28856
4.21185
3.91318
4.48593
4.46132
2.88686
4.20696
4.33526
4.28987
4.40714
4.45453
4.14619
4.33186
4.39740
4.48282
4.42081
4.45876
4.48223
3.95817
4.51275
4.31078
3.95556
4.29513
4.44969
4.36319
4.41294
4.00114
4.22023
4.18434
4.46610
4.40101
4.38123
2.35152
4.25433
4.29279
3.86726
3.88221
4.29967
4.16449
4.49012
4.37043
4.44394
4.34159
4.01607
4.41770
4.44714
4.21482
4.10676
4.46638
4.29431
4.49715
4.33003
4.40148
4.40075
3.91798
4.41948
4.42006
4.47855
4.31325
4.13148
4.42064
4.33557
4.49042
4.39082
4.44821
4.40739
4.46346
3.41984
4.41758
3.66981
3.90302
3.24106
4.36171
4.15748
4.41249
4.01937
4.27602
4.25398
4.38172
4.21851
4.20645
4.01205
3.30524
4.01307
4.43755
3.99858
4.27677
4.32777
4.10372
4.44982
4.46615
4.00484
4.33998
4.35788
3.87582
4.48041
4.21865
4.40507
3.97154
4.02572
4.32087
2.79946
4.52712
4.43722
4.40572
3.90122
4.51623
4.45698
4.25420
4.34590
4.37452
4.23795
4.37818
4.28270
4.42366
4.31566
4.46397
4.32164
4.26784
4.39552
3.60005
3.94505
4.46793
3.75121
4.02949
4.47059
3.31484
4.45509
4.33289
4.43117
3.91179
4.38555
4.46537
4.38499
4.33222
3.35981
4.43295
4.10362
4.20703
4.30562
4.40616
4.17475
4.28135
3.61242
4.43613
4.01688
4.20649
4.19043
4.34335
4.10364
4.30315
4.43527
4.40617
4.32190
4.21360
4.33268
4.05678
4.41386
4.47192
4.45769
3.24823
4.46068
3.99230
4.46377
4.09989
4.36536
4.17920
3.66340
4.36460
4.38859
3.81148
4.43653
4.33605
4.27053
4.28586
3.96674
4.02831
4.43978
4.39145
4.41662
4.27610
4.34260
4.40648
4.02745
4.25181
4.44462
4.13965
4.41964
4.24471
4.43407
4.45550
4.38334
4.00779
4.46429
4.20275
3.23665
3.68021
4.05043
4.07483
3.80482
4.47261
4.19944
4.41656
4.20582
3.86826
4.13587
3.15592
4.30820
4.34993
2.32496
4.36917
4.29413
3.98265
4.21799
4.30137
3.80861
4.39371
4.14321
4.26070
4.03209
4.25762
3.99360
4.41063
4.37970
4.22642
4.43443
4.25599
4.44805
3.80559
4.46733
4.42025
3.94698
4.34248
4.39583
4.46060
4.20431
2.72544
2.84787
3.88858
4.48680
4.41385
3.87941
4.24435
2.44501
4.34505
4.27390
4.48538
4.46090
4.31152
4.42125
4.47961
4.02945
4.45615
4.16769
4.43386
4.27916
4.26817
3.77948
4.13593
3.86886
4.35400
4.12047
3.30682
3.65930
4.29918
4.36295
3.62378
4.45680
4.47892
4.47511
4.30365
4.49943
4.26175
4.33290
3.38926
3.98720
4.36209
4.09000
4.48925
4.15633
4.45203
4.35200
3.51217
4.41700
4.00851
4.17864
4.40420
3.99652
4.50080
4.44904
4.46738
4.18410
4.37913
4.26990
4.08446
4.42142
4.38237
4.28686
4.19570
4.07286
4.42824
4.04066
4.44073
4.13477
3.88600
4.02742
4.38736
4.47931
4.02565
3.77932
4.40685
3.89125
4.21059
4.27153
4.40805
4.34522
3.66695
4.44777
3.93593
4.05339
4.15299
3.37012
4.37059
4.19024
3.54971
4.19267
4.49650
4.32468
4.49641
4.35335
4.12155
4.48521
4.39282
3.89818
4.47608
3.52617
4.19001
2.02063
4.42936
4.22269
4.33202
4.29945
4.07815
4.43002
4.49392
3.35643
4.49301
2.24435
4.48734
4.25811
3.82126
4.45711
3.70191
4.26433
4.37254
4.37837
3.55194
4.42745
4.45765
3.64183
3.64866
3.83418
4.14362
3.57912
4.15011
4.33574
4.34898
4.43722
4.28662
4.50112
3.50877
3.90593
4.39431
4.39951
4.28633
4.34694
4.05143
3.53380
3.45911
4.46603
4.41728
4.30273
3.16416
3.72846
4.33374
3.85607
3.55087
4.40455
4.32787
4.14464
4.43446
4.01282
4.30562
4.19120
4.34056
4.29543
4.06166
4.46760
3.21134
4.47878
4.50691
4.42473
4.20984
4.27211
4.35821
4.34905
4.36299
4.11546
4.18330
4.39339
4.39580
4.28079
4.51535
4.35363
4.41029
4.42346
4.34441
4.33047
3.66212
4.25283
4.27108
3.89460
3.68022
4.37518
4.42523
3.61485
4.40834
4.40271
3.42069
4.47554
4.46765
4.02096
4.11202
4.50509
4.24431
3.67788
4.18284
4.46654
4.31701
4.43599
3.73914
4.16042
4.28270
4.13084
4.32373
4.41581
4.14360
4.47505
3.82691
2.76607
4.34300
4.18915
2.00393
3.86415
4.42421
4.23951
4.22346
4.37454
4.34527
2.11748
4.48936
3.86831
4.39450
3.89129
4.09802
4.18447
4.35281
3.48452
3.82941
4.32739
4.34933
4.51774
4.28823
4.46037
4.48236
3.90741
3.98993
4.43681
3.91033
3.21372
4.25238
4.02677
4.41938
3.88987
4.43362
4.21173
3.99831
4.26327
4.40911
4.43223
4.11422
4.33493
4.41160
4.21284
3.63425
4.13632
4.38608
4.36363
4.27745
2.67618
4.07096
2.95250
4.25030
4.41797
3.11902
4.01763
4.09375
4.46906
4.00463
4.51167
1.83905
2.84034
3.83443
4.36374
4.39953
3.81412
4.14869
4.31932
4.44330
4.32769
4.46156
4.08155
4.39324
4.10868
4.33944
4.48456
4.43469
3.73533
4.46686
4.46577
4.22247
3.69588
4.23895
3.33472
4.38883
4.17146
3.77051
4.38467
4.28169
4.40644
4.36477
4.33348
4.11281
4.42627
4.36268
4.19366
4.32262
2.85728
2.97052
3.84724
4.09491
2.09299
4.22640
3.26865
4.29266
4.32825
4.53162
4.34580
4.05136
4.07401
4.27678
4.42800
4.35960
4.52180
4.30649
4.15033
4.22183
4.49731
4.40802
3.40358
4.04126
4.35508
4.43409
4.47122
3.35109
4.39245
4.28511
4.45702
3.77577
3.70857
4.39960
4.23647
4.33581
4.37506
3.21603
4.42265
4.14930
4.14089
4.22745
4.42111
4.22382
3.98554
4.24305
4.47688
4.41714
4.39302
4.26662
4.25388
4.29702
4.49157
4.51834
4.00522
4.28847
4.34041
4.40098
4.10699
4.42521
4.43620
4.18763
4.35119
4.30150
4.19340
4.46676
4.33532
4.36140
4.42865
4.26877
3.91277
3.87932
4.38925
4.41263
4.45629
4.29885
4.35482
4.47764
4.37431
4.06619
4.33431
4.18453
4.27902
3.17091
3.36543
4.35240
4.08644
3.94851
4.27641
4.41364
4.47468
4.47151
4.40780
4.40427
4.43356
2.99799
4.37982
4.44740
4.36571
4.52484
4.38812
4.45591
4.33703
4.35242
4.15078
4.25978
4.24507
3.55156
4.20308
3.24099
3.76181
4.31714
3.82605
4.35082
4.43360
4.21911
4.49222
4.46994
4.44998
4.21250
4.10314
3.10624
4.42867
4.29189
4.42849
4.43842
4.40714
3.97591
4.46337
4.48624
4.33716
4.30869
4.43062
4.39241
4.35481
4.37432
4.25599
4.02633
4.47795
4.47296
4.29322
4.48819
4.40852
4.16182
4.36063
4.40073
4.34651
4.35080
3.95905
4.26048
4.38651
4.40021
4.35432
2.79357
4.22330
4.24741
4.31195
4.37596
3.74572
4.38744
4.42553
4.34257
3.21702
4.49956
4.20062
4.38805
4.20074
4.45777
3.96515
3.61641
4.19542
3.66487
3.54151
4.20637
4.41936
1.63170
4.21053
4.35340
4.40950
3.95151
3.73858
4.29085
3.99499
4.34054
3.54019
3.78353
4.15741
4.28993
4.42849
4.00428
3.03008
4.22565
3.95100
2.78171
4.42830
4.34112
4.51569
4.33846
4.47090
4.42327
4.29857
3.30285
4.12171
4.19797
4.45983
4.44234
4.50157
4.39539
4.29326
4.37089
4.40520
4.45581
3.84883
4.44022
4.39987
4.41602
4.12317
4.31747
4.09499
4.37689
1.56647
4.39085
4.47025
3.93579
4.39725
4.18380
4.14680
4.41474
4.40700
4.27487
3.68272
4.49905
4.34452
4.39801
4.19974
4.39548
4.48423
4.51001
4.13082
3.99947
4.42118
4.45124
4.49123
4.41020
4.50800
4.30578
4.12692
4.45773
4.42381
4.20833
3.12986
4.34658
4.24634
4.32020
4.20633
4.36430
4.32543
4.10067
4.42543
4.50464
3.15707
4.42158
4.32382
4.26410
4.31374
4.35923
4.04214
4.30989
3.21685
4.10546
3.73371
2.84191
2.91875
3.99733
3.92045
4.14741
4.39292
4.29790
3.88706
4.25498
4.09275
4.17059
4.43615
4.43596
4.33862
4.34758
4.46239
4.21374
4.31786
3.84345
4.40439
4.54290
4.15450
4.44424
4.23940
4.17466
3.67026
4.42978
4.43593
3.18392
4.30228
4.13819
4.19402
4.38854
4.27287
4.30923
4.43182
3.85333
4.30680
4.47681
4.35948
4.43691
4.33134
4.39821
4.35395
4.50979
4.41765
3.39635
4.46454
4.11985
4.22673
3.47437
4.49121
3.53293
4.23797
4.37208
3.43364
4.32050
3.38739
4.32637
4.32095
4.35141
4.21399
4.32494
4.46759
4.32502
4.43372
4.41482
4.47937
4.12052
4.48829
4.23350
4.46090
4.39133
3.62733
4.22512
3.81748
4.18647
4.28871
4.38707
3.23062
4.22319
3.30525
4.06295
4.44931
4.42160
2.87267
4.25719
4.46270
4.44787
2.77344
4.17901
3.77979
4.45722
4.22954
4.24048
4.21680
4.46571
4.39751
3.22142
4.41140
3.15919
4.48383
4.33970
4.19821
4.30771
1.55270
4.23013
4.31431
4.37462
3.60942
4.32876
4.19342
3.85188
3.80894
3.97567
4.42294
4.34272
3.40681
3.88059
4.06320
4.14112
3.53161
4.40822
4.30336
4.22973
2.98854
4.50961
4.47672
3.89988
4.19094
4.52257
4.44042
4.41810
2.95537
4.46881
3.59602
3.99281
4.38424
4.49247
4.35503
4.46401
4.26000
3.00767
4.21208
3.96670
3.75164
4.37893
4.35110
4.41261
4.38220
4.19869
4.41970
4.29207
4.11557
4.22282
4.39363
4.49948
4.44171
4.35618
4.45960
4.11170
4.12948
4.42713
2.71825
4.34876
4.39872
4.12892
4.39848
4.39791
3.41602
4.36683
4.45434
4.49107
4.48801
4.08930
4.19465
4.29458
4.20551
4.45938
4.21972
4.31449
4.47976
4.15910
3.99390
3.95299
4.32012
3.34842
4.21036
4.42620
4.41367
4.31255
2.76471
4.38679
4.44811
4.31443
4.37734
4.41569
4.33829
2.89094
4.30704
4.21176
4.39757
4.19603
4.45774
4.46683
3.54641
4.39128
2.08638
4.07413
4.30194
4.45364
4.41809
4.09795
3.46284
4.12161
4.29396
4.17118
4.41790
4.37176
4.37908
1.84201
4.39630
4.12490
4.44932
4.23064
4.48967
3.58867
4.34919
4.22636
4.31944
4.41654
4.44747
4.21223
4.45694
4.15407
2.57466
4.30653
4.43508
4.40976
4.34416
4.19254
4.39240
4.26398
4.40909
4.23115
4.42085
4.44318
4.04613
4.45921
2.74708
4.42393
4.18381
4.33759
4.35816
4.30152
4.36622
4.41382
3.90764
4.37243
4.47511
4.26453
3.66843
4.48862
4.39013
4.20737
4.31980
4.44916
2.32432
4.11340
4.37192
4.47530
4.17876
4.47361
4.51904
3.61897
4.49604
3.68512
4.42794
3.90546
3.13294
3.77088
4.43188
4.36516
4.25071
4.42103
4.44999
2.27713
4.47384
4.42908
4.35633
4.37185
4.27885
4.40697
4.39666
4.23735
4.47458
3.92851
4.39256
4.28619
4.47791
4.24825
3.78073
3.10086
3.99675
4.35565
3.96147
4.15932
4.47938
4.30163
4.40377
4.42898
4.31294
4.48588
4.30410
4.31581
4.39771
4.48954
4.12065
4.10069
4.01456
3.95543
4.37376
4.27144
4.03249
4.39011
4.33920
4.30483
4.51796
4.39033
4.49700
4.28979
4.52065
4.41519
4.41205
4.50950
4.40244
3.54425
4.47979
3.50467
4.30511
4.49052
4.26482
4.25124
3.69457
4.44409
4.14634
4.33084
4.47454
4.40784
4.15263
4.44984
4.34511
4.03972
4.36582
3.91428
4.03816
4.38844
4.14785
4.32940
3.61325
4.23453
4.19590
4.28417
4.07064
4.27914
4.34479
3.96381
4.44621
2.48321
4.18808
4.24210
4.09718
4.40316
4.37239
4.43459
4.18867
4.48197
4.47932
4.50264
4.26181
4.24788
4.39773
4.40233
4.31397
4.41040
4.33241
3.80594
4.36288
4.41179
4.20439
4.30490
4.48726
4.18762
4.32596
4.52543
4.29991
4.35194
4.47425
4.39841
3.93668
3.85754
4.40813
4.31660
4.46540
4.30470
3.61113
3.35355
4.35897
4.38039
4.35941
4.48321
3.64638
3.74685
4.37443
4.32514
4.42322
4.22330
4.32904
4.15608
4.40647
4.50040
4.18498
4.17796
4.42896
4.40350
4.47194
2.40411
3.50933
4.11797
4.37449
4.31669
4.50749
4.20414
4.37611
4.46213
4.22209
4.14161
4.24405
4.16770
4.38986
4.01320
2.96578
4.42835
4.36414
4.26647
4.18592
4.04976
3.08181
4.44423
4.22421
4.26741
4.44409
3.92829
4.20761
3.75129
4.12994
4.39078
2.74923
4.25416
4.08497
4.32417
4.46943
4.12570
3.75940
4.42002
4.44221
4.46055
4.02740
4.36119
2.41901
4.51073
4.44206
3.80480
4.49403
4.35502
4.32152
4.39781
4.43764
3.48479
4.42394
4.37744
3.99839
4.46005
4.29785
4.38818
4.46347
4.27067
4.02598
3.63958
3.24303
4.09528
4.34593
4.42058
4.05830
4.32270
4.43604
4.48031
4.41615
4.47048
3.32878
4.38242
4.39912
4.48762
4.47189
3.82477
4.06208
3.46958
4.50921
4.43947
4.38672
4.36767
4.43847
4.44064
3.98290
3.58515
4.46160
4.36792
4.33619
4.40680
4.27209
3.87859
4.40091
4.35244
3.83817
4.31277
4.47457
4.33822
4.37437
4.47453
1.06149
4.44845
3.62224
4.39885
4.00537
4.03179
4.33836
4.10078
4.31005
4.47681
4.44650
4.28530
4.42060
4.43487
4.28275
4.41808
3.93239
4.38918
4.34462
4.43089
4.23754
4.46765
4.12573
3.81868
4.18705
4.43308
2.01047
4.43176
4.14594
4.11252
4.39191
4.39877
4.27112
4.39903
4.41165
4.39622
1.96996
4.39574
4.39592
4.39892
4.04821
4.19809
4.21458
4.40585
4.36661
4.25388
4.48058
4.33330
4.46608
3.00885
4.30515
4.04170
4.16376
4.29033
3.80386
4.26686
4.46483
4.34964
4.48793
4.23180
4.36797
4.35498
4.43610
4.46690
3.76420
4.23514
4.19077
3.89603
4.46726
4.45561
4.51249
4.21837
3.68460
4.48735
3.88222
4.42799
4.36114
4.33901
3.30556
4.49169
4.44323
4.46837
4.42260
4.33558
3.51698
4.31864
4.43136
4.40403
4.35452
3.48859
4.49966
4.51263
4.42248
2.69668
4.36598
4.25839
4.03319
3.65192
4.46012
4.20790
4.39561
4.42701
4.44340
4.46893
2.12589
4.37802
2.67397
4.45191
3.56506
3.96966
4.37002
3.68226
4.35745
4.35671
3.82570
2.72708
4.39804
3.29480
2.55132
3.76210
4.30224
3.98693
4.08418
4.29942
3.87082
4.46638
4.33596
4.09523
4.24914
4.31872
4.33276
3.78143
4.28743
4.20664
4.28049
4.15548
4.35339
4.28702
4.39731
4.36823
4.35529
3.99241
4.46643
3.86972
4.45208
4.37136
4.29740
3.98256
4.03495
4.23779
4.35470
4.20927
4.34560
4.03939
4.45060
4.23852
4.44287
4.49841
4.39183
3.68825
3.55830
4.21818
4.44950
4.40420
4.36877
4.20895
4.40135
4.02410
4.53412
4.38425
4.22389
4.42179
4.37915
4.47764
3.73059
3.95558
4.19699
4.13665
4.31535
4.40702
3.78471
4.09750
4.40286
4.29422
4.33200
4.24005
4.23429
4.45749
4.10771
4.17461
4.36066
4.23369
4.50133
4.41678
4.35029
4.26176
4.32763
4.22843
4.24795
4.28622
4.04055
3.95117
1.96485
4.03867
4.36432
3.75990
4.45086
4.10907
4.39903
3.43908
4.50555
2.65441
4.15832
3.78976
4.49548
4.44477
4.34013
3.29850
4.52571
4.01710
4.22011
4.44458
4.32303
4.02076
4.37508
4.22597
4.36703
4.20155
4.51594
4.01378
4.25602
4.46248
4.45738
4.48811
4.36336
4.06447
4.43827
4.26967
4.41705
4.28793
4.33180
4.41216
4.51007
4.43591
4.46313
4.35145
4.40878
3.32804
4.36900
3.86835
4.48184
4.31994
4.46378
3.07033
4.46973
4.49229
4.31227
4.48305
3.74094
4.43607
4.36136
1.89493
4.36495
4.45967
4.45678
4.07055
4.33097
4.42532
3.78168
4.04484
3.79915
4.28545
4.44288
4.41173
4.20587
4.21582
4.42443
4.21294
4.27329
4.50166
4.43679
4.41623
4.36237
4.41824
4.27519
3.71262
3.99575
3.88809
3.34054
4.38127
4.13681
3.94019
4.43156
2.63161
4.37536
4.10576
4.39786
4.36135
3.01744
4.35263
4.27167
4.37744
4.12352
4.40948
3.56525
4.40913
4.41177
3.72207
4.32684
4.24812
4.38894
4.34619
4.43264
4.23642
4.35320
4.40324
4.37385
4.42704
4.41213
4.46713
4.02188
4.43936
4.47056
4.46604
4.44499
4.29102
4.47654
3.95979
3.86561
4.24545
4.28486
4.27942
4.32733
4.30122
4.03357
4.06608
4.00149
4.00475
4.32641
4.47142
4.45974
4.47718
3.65825
4.39494
4.43008
4.44015
4.40127
4.31448
4.15948
4.46682
3.93987
3.67325
4.35172
4.09868
4.45667
4.22193
4.26360
3.80254
4.10055
3.20237
4.15750
4.42004
3.95047
4.48745
4.38182
4.33743
4.27842
2.00669
4.43122
4.29101
4.51457
4.26284
4.28734
2.94028
3.73138
4.00238
4.21629
4.34083
4.40093
4.02169
4.30059
4.10846
4.29862
4.46299
4.15368
4.38232
3.73195
4.21106
4.43343
4.38941
4.14331
4.07759
4.38154
4.41155
4.23999
4.10029
4.38146
4.53759
3.71304
4.33582
4.40457
4.39570
4.08335
4.45352
4.24297
4.39909
3.65471
4.36522
4.33974
4.00635
4.40372
4.36920
3.72435
4.30341
4.39114
4.01023
4.40241
4.04264
2.61435
4.19836
4.32637
4.38673
4.48152
2.46184
4.42106
3.45805
4.34523
3.44666
4.45262
4.24563
4.35618
3.07961
3.64490
4.11833
4.49505
3.25662
4.32871
4.38489
3.94958
3.97326
4.44915
2.30433
2.75495
4.07820
4.29966
1.61974
2.98023
4.33459
4.29004
4.33899
4.37187
4.24465
4.26402
4.31060
3.76581
4.10368
4.06646
2.49552
4.37892
4.35813
3.85139
4.42741
3.94999
3.91108
4.27471
4.43852
4.39077
4.49595
4.51324
4.24047
4.32841
4.39783
4.35927
3.72356
4.34977
4.37314
4.45546
4.21783
4.16488
4.48829
4.47472
4.16293
3.88820
3.61697
4.39144
4.46155
4.08133
4.50282
4.25393
4.51008
4.30316
4.44745
4.42235
4.32298
4.45528
3.54873
4.40463
4.45439
3.93052
3.83000
4.40433
1.79881
4.40297
4.30075
3.62988
4.47058
3.66850
4.37745
4.23117
4.14984
3.53259
4.44779
4.45362
3.95459
4.48515
4.33694
4.09917
4.36847
4.34135
4.10160
4.52184
3.19342
4.42127
4.35966
4.00538
4.40780
4.23853
4.24906
4.44762
4.49167
4.23795
4.01451
2.69296
4.39075
2.58328
4.44941
4.20005
4.26891
4.23364
4.46868
4.33040
3.89112
4.21038
4.27344
4.52166
3.10892
4.19640
4.29239
3.72836
4.09112
4.36078
4.47278
2.66643
4.46021
3.32629
4.39766
4.31808
4.50949
4.49848
2.82801
4.20064
3.95468
4.43810
4.39595
3.56786
4.21795
3.57756
2.62348
4.36884
4.48800
4.31999
4.43466
4.33414
4.48175
4.32387
3.83396
4.52989
4.40199
3.72339
4.40029
4.44663
4.32687
3.94363
4.43309
4.32638
4.46215
4.30045
4.35895
4.32706
4.43784
4.12181
4.44253
3.84659
4.15383
4.50753
4.04170
4.35157
4.01454
3.38778
4.08702
4.47730
4.12862
4.47562
4.32934
3.94104
4.10339
3.53902
4.39661
4.38032
4.44236
4.48625
4.41447
4.21069
4.44685
4.22767
4.43304
4.26279
4.08072
4.05685
4.50394
3.45342
4.15557
4.45059
4.43497
4.35989
4.25575
4.34235
4.41156
4.47360
4.32861
4.47852
4.39975
4.05077
4.26411
2.73667
4.06391
4.36447
4.31179
4.29293
4.27151
3.83796
3.23022
4.46924
1.91418
4.36117
4.24535
4.40940
4.46153
4.11311
4.28469
4.21394
4.43503
4.40960
4.50513
4.42355
4.25863
4.29337
4.25782
1.39610
4.27034
4.45625
4.35589
2.77821
4.38740
4.30167
4.37279
4.31418
4.36607
4.41108
4.51367
3.63616
4.09962
4.35205
4.39906
4.37997
2.76839
3.95646
4.26158
4.45122
4.50712
4.39954
4.36174
4.39686
4.47521
4.44821
4.33254
4.18580
4.35860
4.16090
4.42195
3.87260
4.42065
4.43731
4.35766
4.32256
4.43950
4.39736
4.30137
4.39669
4.46183
4.41087
4.29199
4.44654
3.47813
4.33360
3.80255
3.28239
3.50204
3.99200
4.27417
4.34781
4.20859
3.99502
4.47490
3.16924
4.41716
4.37760
4.45725
2.64732
3.81723
4.31622
3.96236
3.63418
4.40206
4.34377
4.36123
4.36061
4.18618
4.33081
4.21428
4.46551
4.15665
4.13022
1.95863
3.53718
4.51942
4.37104
4.08080
3.05463
3.64835
4.42046
3.94578
3.85348
4.47995
4.33785
4.11596
4.26899
1.62559
3.91382
4.23477
2.39368
4.36350
4.33084
4.12560
4.42456
3.90010
4.39185
4.16929
3.41368
4.36200
4.24435
4.44803
4.37935
3.15484
3.78662
4.02607
4.37826
4.33568
4.17865
4.47086
4.34104
4.15112
4.25462
4.35695
4.41271
4.09664
4.51015
3.68245
4.28721
2.18594
4.34656
4.17766
4.40036
4.27142
4.22057
4.38764
4.49391
4.16984
4.39380
4.42893
4.36478
4.42357
4.03998
4.45653
4.10216
3.53579
4.13010
4.07521
4.37932
4.49716
4.40856
4.40336
4.35583
4.43102
4.44404
4.19419
4.35060
2.92642
4.24724
4.41981
4.45819
4.34469
3.92147
4.29822
4.27375
4.34816
4.50546
3.92535
3.80485
4.05093
4.27716
4.37397
3.66314
4.46111
2.50225
4.06886
4.27728
3.52766
4.38451
4.18082
4.43082
4.51446
4.04438
4.47436
4.16861
4.43558
4.40808
3.29324
4.42592
4.10345
4.45183
4.44996
4.31708
4.40631
4.20843
4.35869
4.42710
4.33307
4.37891
4.33871
4.37618
4.27135
4.17148
4.29112
4.17174
4.19900
3.90666
4.41432
3.78744
4.44308
4.47063
4.51652
4.17604
4.40178
4.36434
3.46664
4.41356
4.39179
4.13624
4.14029
4.44686
4.20186
3.90052
4.49823
4.40484
4.44560
4.34397
4.40597
4.36060
4.33967
4.21910
4.46263
4.40046
4.41372
2.09008
4.33008
4.46491
2.40747
4.35958
4.26995
3.99637
4.30127
4.10596
4.36171
4.36416
4.09529
4.42337
2.66839
4.13587
4.39165
4.45775
4.33567
4.52083
4.23820
4.46656
4.43243
4.47188
4.43139
3.25020
4.47688
4.38095
4.40690
4.26828
4.18568
3.81584
4.35080
3.76569
4.37060
4.36659
4.48277
4.01020
4.15127
4.34152
4.36711
4.33886
4.21567
4.35429
4.09695
3.85509
4.02494
4.48438
4.07390
4.25722
3.38377
4.35914
3.74247
3.93326
3.77826
4.37374
4.42099
4.46903
4.07199
3.07091
4.27757
4.38358
4.33354
4.33596
3.28185
4.43870
4.42332
3.91622
4.47229
4.12150
4.50220
4.45513
4.37179
4.29679
4.23771
4.51601
4.09807
4.42623
4.31038
4.23339
4.12454
4.35143
4.40043
4.28996
4.42859
4.27840
4.17518
4.50898
4.13287
4.42415
4.39925
4.42568
4.26147
4.38277
4.43375
4.27181
4.35304
4.28960
4.29446
4.01245
3.58006
4.31166
4.38836
4.27054
4.37989
4.41718
2.77838
4.47708
4.20882
4.48765
4.05912
4.33949
4.46868
4.27325
4.15598
4.44803
3.74134
4.30948
3.96298
4.04098
4.29768
4.45711
4.05505
2.53153
4.38616
4.44361
3.83224
4.01827
4.47243
4.43327
4.47234
4.34360
3.85618
3.72708
4.33126
2.46928
3.87498
4.46217
4.23998
4.34064
4.47799
4.25963
4.36157
4.46639
4.35336
4.43318
4.38481
4.23687
4.29224
4.41230
4.47485
4.48532
4.13353
4.34489
4.39622
4.17406
4.29228
4.48398
4.24854
4.19737
4.42868
3.04698
4.41273
4.40519
4.08749
4.39211
4.10040
4.27165
4.35697
4.26113
4.32137
4.37948
4.40865
4.26057
3.98243
4.14393
4.52479
4.45272
4.38491
4.29123
4.03417
4.28965
4.20433
4.49069
4.45682
4.35766
4.33633
4.11350
4.20920
3.69447
4.36556
3.76628
3.92748
4.46433
4.32467
4.31025
4.29707
4.44899
4.17545
4.48650
4.29370
2.88843
4.42115
4.26252
4.45517
4.43880
4.38820
4.09021
4.42233
4.20560
4.40702
4.45204
4.12759
4.20033
4.44720
4.42798
4.05663
4.48584
4.42773
2.99858
4.48768
4.02628
4.35643
4.47836
4.36484
4.31173
4.37985
3.92805
4.21043
4.40315
4.39675
4.20032
4.51581
4.44226
3.61119
4.39472
4.19303
4.41337
3.23699
4.36389
4.06831
3.78373
3.80108
4.26306
4.02607
4.19095
4.43125
3.88396
4.26201
4.22889
3.20517
4.48115
4.38028
4.38878
4.51694
4.31035
4.29544
4.23725
3.44380
3.11771
4.31346
4.39315
4.38296
3.75640
4.31978
4.17960
4.40189
4.40330
4.29572
4.41465
4.45230
4.40198
4.37010
3.85158
4.42514
4.47997
4.15726
4.22828
4.48459
4.42130
2.40093
4.48653
4.33943
4.01164
4.03245
4.41333
4.01952
4.41788
4.16985
4.49899
4.22709
3.68062
4.31354
4.38130
3.30151
4.45842
4.08835
4.40280
4.04081
4.43758
4.43386
4.40802
4.35661
4.33441
4.27255
4.37789
4.27870
4.46562
4.13373
4.38140
3.59269
4.25743
4.36847
4.45532
4.13957
2.56910
4.47035
3.68575
4.00943
4.31874
4.38715
4.37041
4.30007
4.42400
4.13824
3.23509
4.36249
4.44628
4.42119
4.35839
4.27232
4.40946
3.23823
4.07499
4.45678
4.20549
3.85827
3.80466
4.45014
4.37928
4.09941
4.35858
4.12384
4.25331
4.12934
4.35579
4.36959
4.34623
3.38573
4.22482
4.49396
3.22576
4.07187
4.46562
4.16847
4.07149
3.81896
4.34711
4.26478
4.20944
4.18520
4.26428
3.01587
4.16266
4.37621
4.33986
4.22054
4.41351
3.34962
4.46237
4.24876
4.31181
4.39416
4.29860
4.49246
3.82133
3.88294
4.41174
4.44336
3.73196
4.42679
4.27768
4.38435
4.00687
4.41876
4.47296
4.15286
4.19566
3.85368
4.40119
4.42896
4.08182
4.32357
3.59869
4.43361
3.85188
4.45555
4.31163
4.35542
4.46182
4.48137
4.27508
3.77220
4.08690
4.48749
4.33596
3.42008
3.59316
4.21931
4.09556
3.86720
4.25686
4.49949
4.27502
4.21295
4.40077
4.46594
4.24051
4.33056
4.41453
4.46271
4.48294
3.41170
3.91218
4.37200
4.30881
4.16448
4.43534
4.16260
3.97604
4.31432
4.31225
2.79368
4.42805
4.15205
4.12267
4.31095
3.72175
3.58450
4.38790
4.18941
4.22317
4.30768
4.35562
4.39116
4.27426
4.33626
4.39577
4.37458
3.68418
4.47051
3.70287
4.33971
4.31608
4.50926
4.20952
4.40441
4.44382
4.13649
4.44441
4.46906
4.41315
4.40277
4.23408
4.16208
2.96686
4.13375
4.27458
4.17832
4.41245
2.28522
4.05367
4.36071
4.34871
4.50331
4.34033
4.26270
4.05943
4.46961
3.91918
3.19449
4.44083
4.42137
4.38968
3.85534
4.39817
4.37552
4.11136
4.45311
4.16742
4.20132
4.31040
4.21581
3.80729
4.48958
4.32299
3.79452
4.36382
3.64679
4.49531
4.38268
4.45062
4.42229
4.13973
4.35355
4.25291
4.47972
2.93125
3.72789
4.46818
4.52733
4.40228
4.33141
4.29254
4.48230
4.33948
4.39117
4.41254
4.24105
4.41104
4.41250
4.08031
4.12550
4.09382
4.51112
3.71852
4.34754
4.34853
4.18723
4.27269
4.17035
4.19948
4.27312
4.37018
4.38025
3.72781
4.40854
4.03492
3.55894
4.48392
4.33054
2.61237
4.47947
4.18848
4.39773
1.99784
4.06636
4.39846
4.40007
4.42259
4.47083
4.25721
4.07336
4.30073
4.43193
4.31010
4.40256
4.23478
4.30558
4.45219
3.88335
4.37048
4.42459
4.09490
4.41972
4.27394
4.41875
4.36790
4.16510
4.51521
4.21800
3.72132
4.43137
4.48187
4.08103
3.99826
4.33692
4.40313
4.39386
4.47700
4.40314
4.47281
4.44193
4.42512
4.23040
4.25232
4.44793
4.22138
3.73046
4.39318
4.47248
4.36212
4.37783
4.45040
4.23433
4.35987
4.33171
3.86839
4.36527
4.31690
4.30016
4.31451
4.50050
2.73439
4.17038
4.45776
4.50624
4.38866
4.45593
3.77769
4.32747
3.95546
4.46564
4.38292
2.17887
4.43704
4.47985
4.33606
4.12410
4.12564
4.36401
4.43766
4.37993
3.53612
4.49533
4.36671
4.46130
4.45578
4.33478
4.40200
4.30254
4.18358
4.38047
4.26205
3.58758
4.38250
4.25986
4.25282
4.50303
3.06290
4.50416
4.39650
4.41910
4.21909
4.38125
4.22058
4.39657
4.44609
4.17751
4.36575
3.82684
4.29266
4.40126
4.38755
4.22885
4.27444
4.50210
4.38591
4.45636
3.97084
4.19801
4.39798
4.44395
3.57821
3.61744
4.23632
4.11131
4.48162
4.18032
4.50268
4.16964
4.41618
4.35445
4.53007
4.23379
4.44559
4.39324
4.25616
4.47733
4.38180
4.28752
4.26884
4.40086
4.47834
4.14610
4.19448
4.33357
4.45265
3.95471
4.41557
4.21613
4.40754
4.39564
4.21103
3.13088
4.26067
4.24256
4.41242
4.48783
4.06494
4.32723
3.91334
4.26159
4.23947
4.46197
3.71128
4.25326
3.98846
4.08206
4.39990
4.20739
4.06876
4.39529
4.28000
4.32292
4.18624
3.64192
4.05184
4.10267
4.48017
4.15725
4.42565
4.42562
4.30710
4.38054
4.09549
4.48519
4.17643
4.15270
4.30932
3.81737
4.37762
4.34981
4.40658
4.45589
4.35292
4.14721
4.08900
4.45721
4.41423
4.47769
4.36604
2.72653
3.76797
4.36443
4.44971
4.43537
4.49718
4.42217
4.17776
4.46547
4.08759
4.33606
4.33979
4.48013
4.20784
4.03424
4.48181
4.40594
4.05636
4.47881
4.42378
4.12269
4.52387
4.20994
4.14521
2.23190
4.30228
4.39620
4.37671
4.50118
4.40999
4.46831
4.32031
4.07685
4.47015
4.12337
4.41895
4.44830
4.31677
4.43505
4.43401
3.96086
4.36219
4.27284
2.04134
4.27089
3.15539
4.35532
4.42458
4.28982
4.25052
4.14502
4.34303
4.17521
4.39841
4.41250
2.57921
4.13718
4.23593
4.13256
4.21125
4.49514
3.74400
4.41615
4.21946
3.73070
4.17525
4.28848
4.50057
4.31998
4.46410
4.18081
4.38026
4.24788
4.20202
4.29770
4.31297
4.25544
4.27150
4.21499
4.47213
4.50250
4.52084
4.39321
4.28563
4.50275
4.14482
4.33789
2.64528
4.38008
4.45300
4.34485
4.45730
2.27867
4.06209
4.27098
4.44633
4.44362
4.20948
4.44639
3.83828
4.23407
3.03236
4.12821
4.23750
4.15429
4.39053
4.42446
4.50333
2.81085
4.37897
3.55159
4.24907
3.70043
4.17400
4.36819
4.29965
3.98246
4.16233
3.93023
4.11350
4.41258
3.31279
4.36019
4.40794
4.42504
3.57051
4.22943
4.24780
4.22068
4.24477
4.18737
4.38963
4.37901
4.35739
3.83576
3.44154
4.41441
4.29778
4.44227
4.38460
4.02444
4.44282
4.18964
4.32641
4.45240
3.79376
3.76956
4.36049
4.20434
4.46015
4.12676
4.49434
4.28021
4.30526
4.41413
4.33288
4.48516
4.39794
3.64396
4.51301
4.51229
3.96689
4.28376
4.39467
3.20165
4.43721
4.43400
4.35613
4.44089
4.33870
4.39887
3.09358
4.37723
4.20137
4.01482
4.41664
4.40041
3.98454
4.02775
4.49328
4.32710
4.48156
4.41048
3.84259
4.39713
4.50394
4.35227
4.32759
4.48215
4.12188
4.27755
4.46275
4.25580
4.18756
4.40786
4.49465
4.21752
4.20427
4.36441
4.33714
4.24839
4.47240
4.44095
4.26492
4.07113
2.58791
4.11520
4.41531
4.39488
4.28051
4.39861
3.66239
4.46803
4.38037
4.29838
4.27263
3.86612
4.37806
4.27920
4.29636
4.04359
3.98608
3.38930
4.42327
4.20490
4.37005
3.76731
4.10234
4.43327
4.45733
4.43751
4.30772
4.32342
4.19344
4.48536
4.19199
4.42252
4.42006
4.28769
4.35998
4.25486
4.34831
4.36650
3.48099
4.33499
4.28124
4.09699
4.30756
4.49164
4.46138
4.25659
4.34877
4.28478
3.16283
4.29759
4.20774
3.03020
4.35720
4.22079
4.20374
3.88397
4.39929
3.52677
4.19396
3.81276
4.37487
4.42128
4.36899
4.31008
4.34400
4.33587
4.47950
4.25440
4.05264
3.88638
4.12891
3.72233
4.35525
4.38057
4.45006
3.30166
4.02361
4.48851
4.46324
4.06249
3.31669
3.90589
4.40169
3.83424
4.47498
4.32494
4.02847
4.44627
4.45619
4.42342
4.53198
4.21784
2.84461
4.35156
4.45893
4.35610
4.41709
4.32650
3.78344
4.47596
4.44877
3.62534
4.43034
3.97414
4.34764
4.34333
4.08279
4.46116
3.64248
4.38577
2.72837
4.34629
3.30728
4.13645
4.33996
3.81143
4.44939
4.36780
4.42471
3.59128
4.30215
2.82175
4.43913
4.42879
4.24855
2.89242
4.46171
4.51239
4.36291
4.45866
4.12206
3.45650
2.83678
4.37009
4.47498
4.44353
4.45670
3.95360
4.36765
4.36683
4.11624
4.26906
2.62958
4.22253
4.19236
4.17466
4.46823
3.01388
3.92626
4.39451
4.18890
2.24253
4.50017
3.92776
4.11740
3.44242
4.35953
3.32720
4.27159
4.30805
4.47683
3.96204
4.48498
4.36837
4.31274
4.40635
4.35875
3.87265
4.44450
4.27847
4.19449
4.25384
4.44442
4.13912
3.94647
4.29138
4.29925
4.29166
4.36648
4.48006
4.42096
4.30339
4.39014
4.48777
4.37137
3.76917
4.34897
4.50610
4.11721
4.34290
4.43470
4.47196
4.17042
4.42094
4.41886
4.46089
4.11021
4.49448
4.46781
4.46953
4.42248
4.10075
4.41098
4.34572
4.43625
4.39543
4.26649
4.41131
4.44267
4.23489
4.26153
4.43023
4.16653
3.80189
4.07950
4.42621
3.84131
4.45441
4.36648
4.33137
4.44387
4.38093
4.04666
4.45159
4.39134
2.84437
4.41724
4.44903
2.74310
4.43954
4.02698
4.42434
4.08488
4.06249
3.52021
3.86315
4.22794
4.43043
4.46768
3.26196
4.14389
4.34090
4.36723
4.36125
4.51279
4.31069
4.36499
4.44171
4.46649
4.45500
4.09291
4.34964
4.35605
4.23258
4.09117
4.18620
1.96870
4.19634
4.49543
4.00753
4.00547
4.34940
4.04632
4.19178
3.72463
4.44502
4.43108
3.88302
4.05899
4.27863
4.49635
4.49175
4.06748
4.45570
4.38931
2.72642
4.50092
3.91505
4.40657
3.81354
4.30102
3.70079
3.59357
4.19947
4.18273
4.47181
4.24277
4.42798
4.41800
4.51231
4.30601
4.46488
4.37401
3.99614
3.17061
4.25910
4.45017
4.32152
4.30961
4.39220
4.40205
4.40048
4.25493
3.88282
4.22042
1.92673
4.05096
4.36658
4.20992
4.35257
4.35369
3.61674
4.42299
4.48033
4.16720
4.13767
4.40657
4.14170
3.73376
4.31332
4.45568
2.73161
3.75467
4.03189
4.44506
4.36836
4.28497
4.46882
4.38838
4.35681
4.19956
3.70500
4.34255
4.44500
4.36114
4.27946
4.08777
3.93672
4.20873
3.54577
4.45297
4.39108
4.44327
4.36541
4.46129
4.39136
4.34544
4.46757
3.84609
4.24509
4.42052
4.25243
4.51019
3.88728
4.35124
3.45507
4.47204
4.48434
4.21891
4.39227
4.32402
4.41884
4.41402
4.24592
4.10216
4.33653
4.29996
4.47627
4.33365
4.37294
4.43658
4.25715
3.90195
4.36717
4.15637
4.47371
4.42402
4.18404
4.05603
4.43664
4.35151
3.43075
4.37605
4.42641
4.45527
4.42573
4.32165
4.32371
4.47695
4.43165
3.76625
4.42454
4.44030
4.38021
4.44848
4.42052
4.44132
4.24808
4.08456
4.38840
3.94920
4.35030
4.48214
4.39480
4.34703
4.43677
4.28895
4.41462
4.40802
4.32013
4.40998
4.47038
3.75842
4.09080
4.46131
4.16140
4.14327
4.30086
4.39273
4.39880
3.60234
4.18269
4.06653
4.21572
4.32585
4.39314
4.49806
4.07947
4.29725
4.47806
4.46772
4.51814
3.81669
4.42699
4.24510
4.01195
3.99809
4.45452
4.41630
3.72435
4.35422
4.31822
3.33073
4.13840
4.37368
4.46845
4.47505
4.37912
4.47900
4.48534
4.02894
4.34280
4.36883
4.41892
4.14083
3.77155
4.50332
4.42022
4.42560
4.12748
4.41443
4.48931
4.11038
4.24808
4.53046
4.36600
4.33108
4.03816
4.47566
4.43319
4.31420
4.24194
4.45529
2.53103
4.21327
4.45406
4.20395
4.43099
4.47967
4.48748
4.32710
4.44945
4.50351
4.36982
2.87351
4.45783
4.41047
3.90535
4.24815
4.10587
4.27115
3.97106
4.47777
4.48073
4.40127
4.21351
4.42414
4.23004
4.47099
4.08441
4.50250
4.29196
3.66253
3.42013
4.48904
4.37792
3.89926
3.81073
4.39150
3.88780
3.63513
4.36519
3.33618
3.75849
4.40784
4.29927
4.20884
4.37413
4.12078
4.11336
4.33177
4.48047
4.07874
4.33072
4.41238
3.39921
4.31496
4.13487
4.43859
4.13213
3.45590
4.43545
3.77439
4.40836
4.28996
4.20180
4.29400
3.88334
4.28761
4.31827
4.29909
2.96323
4.10152
4.23819
2.35541
4.42224
3.84021
4.26586
4.25719
4.39773
4.25237
4.36496
4.21806
4.39654
4.36417
4.09190
3.86237
3.41464
4.37128
4.34033
4.38060
4.37107
3.77032
4.14951
4.33086
4.34448
3.45882
4.26434
4.28400
4.38595
4.26725
4.31477
4.22354
4.38735
4.41930
3.99281
3.68072
4.14421
3.55830
4.26154
4.25694
4.30951
4.31285
4.49607
2.70702
4.42574
4.34064
4.30297
4.52068
4.32796
3.32608
2.66283
4.34951
3.89480
4.16057
4.21879
4.25087
4.48156
1.44888
2.13674
4.25178
4.45428
4.44707
4.46319
4.42173
3.55514
4.28339
4.36830
4.16811
4.45231
4.33916
4.44895
4.24770
4.35299
4.30844
4.32453
4.19362
3.40648
4.42589
4.30132
4.13022
3.02767
4.16079
4.19331
3.37523
3.76815
4.34722
4.00375
4.36957
4.43633
4.40831
4.49150
4.39314
4.41943
4.40722
3.93973
4.36685
4.35023
4.39326
4.30703
3.31046
4.46532
3.10298
4.38769
4.01417
4.35360
4.35158
4.29439
4.39479
4.41823
4.37010
4.01998
4.27210
4.35203
3.52707
4.40695
4.33322
4.41782
4.41333
4.27246
4.47260
4.33484
4.43673
4.16422
4.19412
4.03132
4.04091
4.10468
4.35672
4.30685
4.41761
4.33608
4.34225
4.11794
4.32294
4.09131
4.40640
4.33704
4.32804
4.38527
4.43050
4.32855
4.29352
4.38224
3.80938
3.57630
3.59412
4.14872
4.24558
4.38248
4.49370
4.39516
4.42237
4.38024
4.45389
4.14051
3.16324
4.39444
4.07342
4.38760
4.25957
4.36476
4.44187
4.30738
4.48916
2.78054
3.08753
4.45138
3.97970
4.07911
4.31134
4.05706
4.42884
4.38199
4.46578
4.44281
4.43917
3.99752
3.98363
4.34508
3.21471
4.34065
4.46108
4.39184
4.41514
4.31586
4.40576
4.47944
4.42446
4.40067
3.88868
3.87359
4.43121
4.26265
4.12798
4.42629
3.94807
4.33385
4.33585
4.07874
4.31039
4.43848
4.05602
3.59272
4.25105
4.47818
4.43754
4.17320
4.46586
4.35772
4.49781
4.37257
3.36455
4.43776
3.60585
4.25517
4.42025
4.34915
4.12340
2.65188
4.24162
4.50059
4.38489
2.97347
4.49681
4.32386
3.92421
4.34099
4.35643
4.44517
4.28291
4.24533
3.71609
4.10034
4.31714
4.38069
4.48056
4.37482
3.74350
4.40579
4.13658
4.45884
4.48220
4.28504
2.84090
4.32834
4.31553
4.41225
4.34535
3.89245
3.89913
4.25506
2.48963
4.51374
4.17115
4.40717
4.48030
4.32455
4.35629
4.29270
4.07088
2.73468
4.06465
4.14691
2.68332
3.61473
4.38804
4.19719
4.42272
4.30623
4.33206
4.37875
4.12698
3.82649
4.43996
4.44378
4.37445
4.36925
4.48684
4.47422
4.50102
4.33208
3.23487
4.32135
3.98087
4.24708
4.32646
4.39069
4.32564
4.37087
4.26772
4.25493
4.42195
4.38921
4.36316
4.36063
4.25779
4.27377
3.59585
4.42056
4.37842
4.41115
4.42327
4.44306
4.45467
2.16609
4.50272
4.49515
4.11297
4.43214
4.50323
4.40701
4.45821
4.46057
4.05161
4.13401
4.38356
4.41273
4.13836
3.73402
4.44756
4.35427
4.32799
4.49147
4.36286
3.96426
4.48229
4.15094
4.19675
3.96363
3.56201
4.29805
4.42315
4.34581
1.43224
4.25918
4.31177
3.74938
4.40996
4.29099
3.87513
4.12415
4.45735
3.39963
4.13492
4.32251
4.43136
4.45380
3.95352
3.75506
4.42114
4.44361
4.21718
4.30235
4.09689
4.46706
4.48424
4.47942
4.49155
4.46442
4.34344
2.00087
4.12691
4.40972
4.00262
4.23651
3.99299
4.39265
4.26588
3.72728
3.17050
4.40333
4.40828
4.29440
4.22697
4.11044
4.32395
4.38615
4.22232
3.94275
3.83422
4.50304
4.35293
4.49314
3.51139
4.43060
3.91446
3.86935
4.50834
4.33874
4.48189
4.43004
4.27039
4.10853
4.20006
4.48319
4.49172
4.36725
2.20072
4.12407
4.40736
4.36615
4.24447
4.40528
4.21905
4.25802
4.39719
4.41526
4.44734
2.37463
4.44359
4.37250
4.17929
4.44423
4.30349
4.23999
4.29642
4.02244
4.49691
3.54327
4.35134
4.28494
4.52738
3.99001
4.47516
3.89161
4.31519
4.28982
2.65695
4.37124
4.18247
3.85534
2.91441
3.87859
2.83608
4.08719
4.53888
4.36581
4.36588
4.45547
4.33137
4.03009
4.08236
4.06970
2.73381
4.32619
4.36227
4.31280
4.35990
4.29493
4.27514
4.34605
4.39223
4.22059
4.44946
4.17740
3.53201
4.35244
4.46303
3.90922
4.43623
4.14320
4.43147
4.50783
4.42948
4.38675
4.02962
3.78358
3.47175
4.32083
4.47440
4.20440
4.36232
4.46077
4.40074
4.32262
4.43841
4.42368
4.37790
4.06470
4.15055
3.62195
4.42409
4.27804
4.45852
4.46799
4.46106
4.01398
3.72846
4.14162
4.45171
3.68947
4.25995
4.40563
4.44077
4.49682
4.39453
3.53907
4.30233
4.28925
3.77172
4.09457
4.42134
3.82612
4.42845
2.54102
4.44063
2.80103
4.41042
4.39022
4.25447
4.15774
4.46527
4.22196
4.44650
4.27060
4.23686
4.39514
4.12214
4.34844
4.31761
4.27840
4.36348
4.40230
4.47413
4.45443
2.49082
4.43380
4.38477
3.77793
3.33057
4.29194
4.36920
4.21945
4.40455
4.41549
4.09907
4.53793
3.09284
4.47060
4.44018
4.46749
3.89138
4.40801
4.32901
4.24855
4.16516
3.69387
4.41503
2.60341
4.11699
4.39530
4.46422
3.01130
4.52459
4.38956
3.82807
4.35392
4.40697
4.40581
2.67773
4.42744
4.38036
4.40195
4.49992
1.71085
4.20143
2.24191
3.58536
4.21308
4.41840
4.10569
4.39385
3.88926
4.38746
3.37198
3.00525
4.43724
4.35359
3.98966
2.05113
3.84623
3.86746
3.85715
4.43918
3.80586
4.51014
4.44112
3.78374
4.43929
4.32191
4.49840
4.07164
4.45600
4.47435
4.30711
4.08407
4.41602
4.43390
4.47526
3.97027
4.40745
4.46331
4.35958
4.39049
3.96972
4.36352
4.41818
4.28757
4.33612
4.33619
4.38180
4.05143
3.55463
4.24977
3.87454
2.94578
4.34843
4.20718
4.46852
4.37678
4.18612
4.35165
3.96799
4.31900
4.11822
4.30655
4.37425
4.36337
4.35535
4.29149
4.39341
4.29215
4.39779
4.20108
3.36419
3.97264
4.08955
4.28071
3.71455
3.63806
4.22135
4.44804
4.37613
4.29385
4.06504
4.45502
4.03541
4.23690
4.21019
4.31251
3.73056
4.44313
4.43996
4.31776
4.30896
4.46966
2.85961
4.37983
4.46757
4.37570
4.21383
4.49471
4.10354
3.24984
4.41207
4.16620
3.72832
4.33315
4.40393
3.85636
4.40896
4.20854
4.05640
4.25071
4.10045
3.89691
4.19274
4.43617
4.48469
4.12786
4.32856
3.73628
3.95672
4.50438
3.57135
4.44192
4.40174
4.44997
3.97231
4.22933
4.30720
4.47666
3.76469
4.36283
4.46705
4.43569
4.15216
4.37487
4.23727
4.25122
4.17922
3.91395
3.89450
4.51392
3.65612
3.99735
3.51435
4.40066
4.34687
4.48752
4.32583
4.43357
4.42360
4.36509
4.17685
4.40213
4.32791
4.35710
4.48674
4.25088
4.47253
4.15887
4.40051
4.36059
4.24769
4.45416
3.49779
4.39967
3.55703
4.34665
4.32025
4.21158
4.49314
4.40755
4.19199
4.45486
4.08411
4.50288
4.42030
4.23759
3.65831
4.52030
4.25664
4.15788
4.41067
4.39223
3.55491
4.18432
4.41880
4.49180
3.23488
4.40182
4.39353
3.77476
4.35483
4.38152
4.40817
4.43103
3.64940
4.31823
4.13493
3.73323
4.26745
4.07978
4.20401
3.33892
4.18819
3.97807
2.15684
3.86006
3.47793
4.39614
4.41999
4.14049
4.45011
4.33308
3.77763
4.42502
3.24141
3.38070
4.36161
3.92350
4.25822
4.36499
2.72344
4.38118
4.43114
4.30342
3.31342
4.15424
4.33423
2.94416
4.01871
3.19704
4.04332
4.23139
4.35286
3.37826
4.32571
4.38892
3.93245
4.38179
4.38994
4.39611
4.36545
4.29205
4.35704
4.41545
4.25864
4.42166
4.02897
2.36517
4.44724
3.40710
4.41806
4.41775
4.16051
3.23658
2.07380
4.48123
4.32178
3.94297
1.66267
4.25208
2.88581
4.47004
4.33989
4.41001
4.02288
4.23578
4.39095
3.17965
4.39477
4.28344
4.11470
4.32376
4.34604
4.44045
4.50121
3.97151
3.92980
4.28335
4.34023
4.29942
4.47103
4.34195
4.16246
4.19433
3.41453
4.49694
4.38304
4.49133
4.36930
4.14409
4.24958
4.40794
4.39269
3.93126
4.18743
3.54994
4.47327
4.32640
4.09674
4.48682
4.34762
4.46187
4.44570
4.37436
4.35492
4.06486
3.97274
4.40758
4.37703
4.29494
4.49935
4.44473
4.27896
4.29366
4.37818
4.33111
4.44360
4.07854
4.47605
4.21039
4.36424
4.37402
4.44376
4.36452
4.25827
4.27950
4.39850
4.42582
3.63020
4.42605
4.35931
4.46195
4.47341
4.38418
4.16406
4.37780
4.02788
4.46505
4.33904
4.12864
2.91984
4.44962
4.35756
4.39118
3.66843
4.42668
4.44518
4.20943
4.44231
4.36040
4.20064
4.39060
3.89665
4.14515
4.20811
4.37212
4.44169
4.33088
4.41310
4.30767
4.42858
2.92093
4.34307
4.21029
4.29175
4.38262
2.42216
4.28555
4.47222
4.47199
4.46600
4.33207
4.47109
4.41005
4.37910
4.36797
3.61425
3.70463
3.62352
2.86541
4.05349
4.16752
4.44585
4.45485
2.94118
4.42202
4.43227
4.37379
4.45532
4.29996
3.45261
4.25613
4.48436
3.97727
4.23701
3.42502
4.51633
4.34907
4.22447
4.12182
4.21421
4.40360
4.48120
4.28947
4.48512
4.47326
4.23768
4.43263
4.41021
3.91741
3.14768
4.41539
4.20273
3.15223
4.48435
4.44756
2.56201
3.91262
4.43756
4.35768
4.35676
4.19818
4.22529
3.96389
4.43306
4.17221
4.35696
3.49583
4.30429
4.29175
4.18549
4.47602
3.59395
3.61606
4.51446
4.40111
4.37411
4.33725
4.23616
4.34770
4.36749
4.40672
3.49524
4.05245
3.70885
2.44064
4.42135
4.37764
4.43095
4.16463
4.34034
2.74406
4.42415
4.42810
4.35758
4.10856
3.63825
4.11512
3.12550
2.32599
4.22415
3.82293
3.89256
4.28797
3.30094
4.29548
4.39988
4.46999
4.35162
3.78157
3.71029
4.45477
4.15400
4.48043
4.22725
4.24099
3.75474
4.36086
4.34946
3.99750
3.94559
3.65097
4.38582
4.00352
3.82300
3.90329
4.31462
4.24475
4.35686
4.41038
4.33255
4.49922
4.42391
4.09563
3.45635
3.91625
4.40781
4.34102
3.02285
4.37999
4.37869
4.44579
4.08698
4.45586
4.30900
4.45653
4.35653
4.39578
4.06147
4.33706
4.36170
4.47905
4.33373
4.49887
4.40315
4.28908
4.33606
4.27355
4.00732
4.20836
4.47480
4.44687
4.35045
4.50327
4.36026
4.18117
4.02125
4.43204
3.90776
3.20660
4.17445
4.24474
4.27855
4.49268
4.42171
4.43347
4.47263
4.27024
4.19667
4.33779
4.31608
4.28590
4.29886
4.43676
4.48975
4.44726
4.37502
3.89864
3.49163
3.88763
4.23508
4.45072
4.37325
4.05371
4.37800
4.40268
3.34750
4.48284
4.29920
4.32591
2.81090
4.42785
3.79649
4.29077
4.28810
3.14637
4.17398
4.21343
3.94401
1.99752
4.35354
4.44913
3.82325
4.39316
4.36969
4.07084
4.47139
3.67151
4.39172
4.47826
4.40526
3.49373
4.36731
4.29459
4.34309
4.27944
4.17077
4.37191
4.34666
4.25444
4.42102
4.06728
3.72646
4.37040
4.45252
4.34810
2.58927
4.36123
4.37884
1.94085
4.47260
3.86944
4.25652
2.95404
3.77804
4.27610
4.32265
4.43144
3.53107
4.40487
4.31139
4.34640
4.42740
3.77008
4.33477
3.13290
4.45243
4.48506
4.18625
4.24538
4.39360
4.38836
4.03367
4.39571
4.14209
3.83367
3.67174
3.71287
4.47558
4.41300
4.34301
4.47927
3.72140
4.40638
4.39278
4.21083
4.41058
4.45869
4.49002
3.80808
4.32720
4.35308
4.40027
4.43683
4.42837
4.35639
3.93639
4.49227
4.48500
3.61552
4.45857
4.31112
4.46637
4.34546
4.37213
4.43728
4.17143
4.15016
4.36812
3.94050
4.28530
4.41061
3.66793
4.08608
4.36708
2.87697
4.27765
4.32993
3.74066
4.40214
4.28417
4.49779
3.02105
4.12252
3.81330
4.14758
4.51185
3.38276
3.97010
4.44518
4.31324
4.29144
3.43906
2.43241
4.23456
4.47275
4.21880
3.94533
4.44918
4.22905
3.94481
4.30274
4.24086
3.97741
4.27134
4.38276
4.36757
4.48881
4.51450
3.37763
2.41918
4.14642
3.94075
4.41011
4.32458
4.42366
3.94054
4.36200
4.02427
3.76577
4.31562
4.10297
4.03916
4.32890
4.51203
4.46455
2.80193
4.39965
4.46203
4.26930
3.89549
3.33417
4.27731
4.32125
4.33278
4.29191
4.20457
3.22189
4.39286
4.17806
4.43035
4.07431
4.29637
4.48246
4.23849
4.39087
3.85891
4.31178
4.39039
4.41909
4.35266
4.39682
4.44717
4.01631
4.17294
4.35218
4.16243
4.18532
4.45182
4.49804
4.23405
4.37193
4.35712
4.24050
4.44427
4.39598
4.16215
4.47833
3.90940
4.06365
4.46687
3.96453
2.79092
4.27320
4.39398
3.91448
4.45293
4.43194
3.77860
4.23162
4.30296
4.47736
4.22017
3.95641
3.83336
3.99650
4.28242
4.07882
4.42603
4.35074
4.49808
3.76705
3.69697
4.39953
4.47918
4.23082
4.49457
4.50517
4.41888
4.07770
4.40085
4.11908
4.35097
4.44092
4.49998
4.29779
4.12713
4.40385
4.00090
4.25021
3.32759
4.43544
3.84914
4.21268
4.44767
3.57504
4.36274
4.11544
4.26255
4.13266
4.43314
4.45171
2.98086
4.19925
4.49028
4.20241
4.43891
4.47101
4.31479
4.44760
4.29919
4.32424
4.43145
4.24212
3.99564
3.98785
4.38806
4.25156
4.29652
4.37575
3.88417
4.23040
4.10495
4.46513
4.23168
4.40109
3.30687
4.43214
3.77143
4.28821
4.35709
4.35446
4.46733
4.35308
3.71253
3.78907
4.11843
3.91605
4.15281
3.29802
4.44335
4.46647
3.36359
4.43911
4.45220
4.44215
4.02775
4.36253
4.11572
4.24683
4.31766
3.72892
4.39822
4.42562
4.44078
4.19735
4.22707
3.82455
4.50953
4.46315
4.12374
2.85160
4.34736
3.91643
3.15135
3.96818
4.38642
4.34696
4.27182
4.21829
3.85453
3.74567
4.27739
4.35407
4.44113
3.77418
4.49433
3.97032
3.89862
4.39911
4.32980
4.28307
4.36579
4.36672
4.41404
3.64713
4.45913
4.35327
2.19315
4.45345
4.42463
4.37077
4.47290
4.28671
4.49653
4.45874
4.29162
4.43467
3.95308
4.46938
4.49802
4.27074
4.19583
4.20723
4.30875
4.31152
4.26352
4.20727
4.03290
4.48574
4.41664
4.40076
4.20370
3.75056
4.45026
4.43249
4.48062
4.54007
4.25321
4.50084
4.37895
4.41722
4.47605
4.01957
4.48931
4.39046
4.47400
4.42747
2.61827
4.43250
4.20648
3.71461
3.70648
4.16816
4.22154
4.45933
4.41554
4.32982
3.92179
4.22726
4.22844
4.46503
3.81924
4.39446
4.43387
4.37760
4.14646
4.42454
4.10860
3.76934
4.12417
3.64130
4.33674
4.43789
4.31506
3.83153
2.81900
3.48417
4.21023
4.42039
3.27168
4.31049
4.19613
4.50039
4.29481
4.41492
4.33320
4.40766
4.44837
4.20712
3.76886
4.39519
4.44893
4.46840
4.43891
4.46023
4.05114
4.39401
3.84192
4.45787
4.47359
4.40899
3.45961
3.93532
3.78588
4.00178
4.47788
3.91977
4.22932
4.43466
4.32563
4.49109
4.13287
4.23043
4.44157
4.49917
4.39465
4.25124
3.68494
4.09783
4.46055
3.81739
3.78441
4.34788
4.45610
4.40124
4.22663
3.69272
4.24931
4.45237
4.03309
4.31567
4.40409
3.65598
4.52952
4.25152
4.42010
4.48506
4.39430
4.45367
4.43528
4.39395
4.10999
4.38633
4.44654
4.47405
4.37285
3.48071
3.67936
4.02233
4.25272
4.45061
4.44417
4.41460
3.78176
4.47485
4.49814
4.20678
4.21246
3.81306
2.55661
4.15335
4.50975
4.46097
4.45480
4.03315
4.29086
4.22591
3.18446
4.46273
4.33579
2.03336
4.30951
4.31747
4.47997
4.45662
4.15300
4.37709
3.98730
4.45379
4.06228
4.23311
4.37484
4.35249
4.30654
4.15484
4.43094
4.49475
2.90571
3.96958
4.17217
4.31176
4.40634
4.32095
3.80661
4.45656
4.20027
4.11294
3.86822
4.48992
4.49551
4.33418
4.45437
4.44553
3.95436
4.44607
4.34253
3.40629
3.75866
4.49905
4.37850
4.05085
4.44193
4.44835
4.36350
4.12444
4.39858
4.36210
4.28626
4.39502
3.95403
3.88504
3.86813
4.17259
4.47243
4.05602
3.89080
4.44360
4.41038
3.71351
3.74368
2.09525
4.41612
4.45587
4.41252
4.40775
4.31305
3.92607
4.43988
4.44667
4.30927
4.04240
4.46681
3.85972
4.45369
4.22478
3.70809
4.38035
4.44136
2.78757
4.40945
4.29670
2.39160
4.44014
3.88307
4.48171
4.37893
2.41669
4.50101
4.38881
2.77333
4.45684
3.61100
4.23530
3.94725
4.11694
3.90868
4.47852
4.38218
4.25651
4.31769
4.31754
4.39238
2.62120
3.37462
4.38515
4.47816
3.84765
4.16113
4.41368
3.87197
3.21377
4.28006
3.95730
3.20517
4.46123
4.29672
4.35413
4.35893
4.45474
3.85840
4.38477
4.37919
4.41543
4.44492
4.35524
2.77488
4.37549
4.45377
4.43475
4.36891
4.48836
4.47359
4.46977
4.10883
4.46168
4.47267
4.20201
4.34092
4.29767
4.32515
4.34252
4.35642
4.47653
3.83303
4.46083
4.42473
4.30661
4.16439
4.36067
4.02835
4.39681
4.26924
4.25100
4.44037
4.35940
4.50109
4.49396
1.94588
4.32451
3.73606
4.40014
4.51613
4.43047
4.44850
4.48792
4.46981
4.30867
2.91906
4.34066
3.91892
4.39811
4.26643
4.44849
4.51630
4.40037
3.88111
4.45723
4.48650
4.46920
3.90536
4.45401
3.63602
4.45771
4.07357
4.39854
2.41772
4.40801
4.52410
3.76909
3.47887
3.75954
1.51209
2.23685
4.43098
4.38299
4.48350
4.40031
4.43008
2.90720
4.06724
4.27463
4.44950
4.21363
3.78374
4.16266
4.08061
4.03163
4.48305
4.52526
4.37005
4.25117
4.01264
4.39934
4.17164
4.38248
4.38392
3.84593
4.50834
4.38031
4.38851
4.46773
4.30345
4.20233
4.22742
3.33493
4.00778
4.42875
4.09690
4.35590
4.45561
4.26700
3.77297
4.07696
4.24711
4.53195
4.36557
4.47755
4.14585
4.48125
4.18365
4.38766
4.37616
4.47371
4.48477
4.47972
4.18827
4.08531
3.71329
4.33890
4.11370
3.65830
4.09115
4.46513
2.43870
4.53174
4.20354
4.45861
4.43592
4.34823
3.79853
4.47662
4.41359
4.32792
4.40711
4.46818
4.41331
4.08729
4.00491
3.88048
4.45055
3.97978
4.46296
4.29228
3.44578
4.41492
4.35477
4.00783
4.22903
4.44017
4.22397
4.08366
4.23747
4.47242
4.37129
4.28578
4.35471
3.88518
4.39403
4.37912
2.91879
3.88216
4.43234
4.46914
4.04463
4.14606
4.45828
4.42415
4.27185
2.75010
4.33473
4.48153
3.94305
4.44280
4.34936
3.82564
4.48939
4.51174
4.40226
4.01266
4.32600
4.36471
4.37745
4.44438
3.86109
4.32923
4.28962
4.18828
4.20782
4.14866
4.31146
4.37411
4.44120
4.27394
4.50795
4.43132
4.39101
4.38900
4.20575
4.03650
4.35460
3.79978
4.04556
4.44069
4.21786
4.00802
4.45454
3.99853
3.94987
4.49161
4.29334
3.45016
4.16917
4.37176
4.35708
4.28002
4.40982
4.42106
3.97504
4.15177
3.49007
4.40036
4.30254
4.29362
2.47430
4.33492
4.48465
4.50167
4.28986
4.06456
3.71229
4.31581
4.43127
3.82567
3.74804
4.44735
4.06218
4.21277
4.06079
3.65170
4.25023
4.37120
4.46123
4.31378
4.30216
4.43798
4.40562
4.30891
4.42316
4.48079
4.30438
4.47944
4.26005
4.13251
4.46974
4.49576
4.06067
3.90347
4.17989
3.99757
4.47653
4.32911
4.23276
4.13577
4.31778
3.82964
4.20085
4.22898
4.46036
4.47677
4.24952
3.89468
4.27615
2.20946
4.22511
2.27936
4.33509
4.38337
4.38610
3.38560
4.20736
4.04442
1.71325
4.40826
4.40332
4.12069
4.40319
4.32867
4.45364
3.60490
4.21009
4.47879
4.33785
3.89209
4.29130
4.46670
4.34020
4.46408
3.72955
4.35143
4.31885
4.32710
4.48916
4.38528
4.28250
4.34088
4.44435
4.46931
3.38319
3.88543
4.45351
4.37351
4.30328
4.36829
4.35867
4.47756
3.79013
4.48010
4.38769
4.45315
4.46803
3.68209
4.41627
4.47311
4.26908
4.31735
4.31933
4.00309
4.26980
4.32963
3.87287
4.39884
4.52593
4.30742
4.29471
4.46575
4.06700
4.31635
4.37584
1.88059
4.45285
4.38186
4.31660
3.22711
3.07920
4.18786
4.48016
4.35695
4.39072
3.72367
1.84551
4.44740
4.32173
3.25619
4.04111
4.36970
4.25779
4.28042
4.34591
4.33676
3.77198
3.36530
4.14871
4.40962
4.12397
4.28425
4.08481
4.41475
4.37801
3.77632
4.41906
3.73347
4.50044
4.43245
4.38443
4.20153
4.42496
4.29342
4.21459
4.35575
4.42250
3.97435
4.41544
4.16801
4.30547
4.26043
3.29580
4.39598
4.41644
4.39680
4.28619
4.31741
3.91989
4.44054
4.47000
4.40890
4.44628
4.43342
3.85961
4.30271
4.15938
4.02925
4.24663
4.43699
4.44424
3.72555
3.92744
4.46768
4.40178
4.46322
4.37649
4.46546
4.48689
4.31118
4.28966
4.41395
4.45788
4.48743
4.48921
4.46742
4.46522
3.97021
4.06219
2.78838
4.44117
4.22336
4.18521
3.01603
4.28125
4.21110
3.92110
3.46846
4.37103
4.41029
3.98425
4.35093
4.08808
4.40268
4.22373
4.34536
4.09496
3.73362
3.50409
4.37187
3.37757
4.34691
4.23452
4.16243
4.32112
4.51905
4.51498
4.43899
4.25503
4.45517
4.28328
4.46172
3.97668
4.26157
4.37593
4.39475
4.34522
4.47448
4.33741
3.78065
4.34892
4.15058
4.39088
3.97921
4.34876
4.25548
4.40819
4.39171
4.25409
3.82839
4.30112
4.38371
4.44651
4.05300
3.29989
3.13786
4.25618
4.00439
4.17453
4.31798
4.30546
4.40447
4.36667
2.05498
4.41945
3.98277
4.34586
4.17783
4.35161
4.29032
4.20815
4.44348
4.37660
4.36810
4.41593
3.97399
2.35577
3.28767
4.14758
4.51008
4.35154
4.34954
4.32630
4.34529
4.48968
3.98115
4.22438
4.43762
4.23213
4.24682
3.99061
4.47132
4.18238
4.09295
2.95225
4.54126
4.47330
4.12560
4.02363
4.46714
4.19878
4.29045
4.20228
4.39424
4.47416
4.08601
4.44640
4.17980
4.46035
4.40978
4.40268
3.71464
4.34693
4.47806
4.36307
3.73613
4.40920
4.38760
4.50432
4.39602
3.81727
4.40831
4.15782
4.30226
4.30770
4.38812
4.50222
4.36278
3.91855
2.81049
4.17346
4.29515
3.85889
4.45055
4.42358
3.78946
4.12873
2.25754
4.18958
3.44334
4.21714
3.87384
4.40350
4.41300
3.51346
4.11077
3.96187
4.46064
4.35127
4.16985
4.42284
3.84950
4.40377
3.97425
4.40105
4.03306
4.46560
4.36263
4.29619
4.25670
4.40660
4.19804
4.24514
4.21356
4.14339
3.98377
4.07891
4.44327
4.26341
4.07450
4.32419
3.13694
4.49296
4.46001
4.36018
4.48633
4.51992
4.19200
4.40215
4.32583
4.43282
4.42901
3.96043
4.01871
4.42684
2.38294
4.42927
4.42247
3.07279
4.45895
3.55699
4.22243
4.42463
3.54586
4.34675
4.15692
4.26400
3.68345
4.36053
4.04985
3.75682
4.14564
3.74354
4.25940
4.36149
4.27185
4.48760
3.86682
4.46906
4.37857
4.31887
4.37019
4.39395
2.94783
4.44180
4.28133
4.21424
4.40891
4.46219
4.50552
4.45317
2.89626
3.72413
3.65491
4.02341
4.42443
3.76266
4.29229
4.39656
4.04299
3.74165
2.85713
4.04814
3.93606
4.38438
3.96687
4.36415
4.39330
4.28814
2.45004
4.43252
4.04747
3.80851
4.40100
4.23885
4.46738
4.48163
4.15152
4.50775
3.61064
4.36655
3.49217
3.25862
3.90385
4.33872
3.80605
4.39366
4.34585
4.41430
4.38809
4.34245
4.07372
4.23862
4.43181
4.50298
4.38296
4.39251
4.43858
4.36880
4.40304
4.43695
4.08998
4.29924
4.14109
4.49337
4.45460
1.37673
4.50478
4.45889
4.21060
4.45831
4.32452
4.47746
4.05568
4.41752
4.36881
4.23076
4.39183
4.43886
4.25139
4.35036
4.23001
4.16395
4.21741
4.04382
4.41398
2.82144
4.30488
4.30328
4.48310
3.96181
4.39491
4.45749
4.40128
4.47592
4.25229
4.40252
4.49294
4.43861
3.87282
4.48195
4.48754
4.32638
4.22610
3.85896
3.72463
4.43968
3.47821
4.40315
4.28904
4.38104
4.47196
4.17480
3.75800
4.33687
4.43274
4.29841
3.58186
3.71356
4.38950
4.33914
4.40824
4.33759
4.43748
4.29660
4.31550
4.46979
3.43391
4.39700
3.80959
3.91879
3.89591
3.42046
2.98412
1.66927
4.47235
4.47693
4.35934
4.32555
4.30854
4.38936
3.48378
3.02247
4.29989
4.47853
4.23460
4.30861
4.44378
4.45759
3.11217
4.20123
4.40319
4.39650
4.47125
4.33758
4.02461
1.90001
4.32159
3.13149
4.46636
3.78380
4.49650
4.06109
3.55517
3.52305
4.43339
4.10686
4.49200
4.43707
4.48679
4.45807
3.93778
4.44685
4.11705
4.42526
4.04624
4.41282
2.41538
2.88859
4.45109
3.36862
4.26610
4.41293
3.79123
4.43467
4.25434
4.41650
4.48044
4.37818
4.33891
4.36728
4.31167
4.00189
3.97939
2.76702
4.42072
4.42839
4.45868
4.39733
4.45797
2.57310
3.77848
4.26891
4.33929
4.33316
3.96058
4.49388
3.46134
3.94242
4.13605
4.36716
3.28801
3.94164
4.46140
4.39507
4.24565
4.23445
3.97880
4.47691
4.35100
4.31916
4.16591
4.42410
3.58771
4.48026
4.32418
4.46068
4.23348
4.26365
4.44588
3.95270
4.32078
4.30028
4.43168
4.18009
4.40656
4.24674
3.52956
4.46345
4.49863
4.43750
4.36507
2.95333
4.21331
4.38037
4.37731
4.41480
2.74150
3.09869
4.36791
4.32875
3.97198
4.30493
4.44604
4.51223
3.87973
2.23953
4.45689
4.25701
4.30150
4.45736
4.40173
4.34116
4.50380
4.47271
4.38655
4.43847
4.45019
4.14884
4.36165
4.00835
4.37099
4.34561
4.27525
4.20836
4.23728
4.45196
3.51623
4.38174
4.40346
4.16849
4.44391
4.32147
4.35513
4.49616
4.47072
3.52044
4.38436
3.23459
4.19322
4.40137
4.43581
4.37377
4.29770
3.86521
3.86887
2.66699
4.28250
4.33134
4.46771
4.09775
4.46879
3.90190
4.52537
3.46177
4.07572
2.97168
4.50677
4.49655
4.26376
3.40831
4.28559
4.31003
4.45689
4.33483
2.65206
4.17234
3.90682
2.84823
4.46000
4.37189
4.44986
4.40111
4.50860
4.30583
4.10207
3.36140
2.93186
3.77103
4.31047
4.47604
4.00549
3.85815
4.15642
4.48084
4.48556
4.47758
4.43968
3.59283
4.22623
3.75575
2.52248
4.48103
4.41125
4.38517
4.38198
4.45826
4.33324
3.89418
3.98295
2.46969
4.06745
3.82259
4.42035
3.58354
4.16897
3.86144
2.72726
3.56336
4.36579
4.44194
4.24966
4.08556
4.04121
4.01638
3.72497
3.99026
4.23289
4.43859
4.31398
4.31384
4.44791
3.63859
4.01920
4.43852
4.44388
2.13444
4.44264
3.06156
4.47530
4.25459
3.91678
4.09665
4.15730
4.03985
4.43527
4.46284
4.09502
4.34519
4.01863
4.30438
3.68539
4.51106
4.35345
4.24980
3.94599
4.43900
4.46337
4.11086
4.44728
3.93578
4.48149
4.38454
4.33858
4.32154
4.16768
4.41236
4.32486
4.36503
3.89177
4.26261
4.46739
2.66605
4.50516
3.88348
4.37512
3.09778
3.95096
4.38790
4.42551
4.42048
4.40493
3.97211
4.46940
4.32502
4.40074
4.40967
3.90781
4.27066
4.08546
4.38850
4.14327
3.04706
4.08033
4.45602
3.14174
4.32292
4.45084
4.35036
3.05141
4.15622
4.39729
4.31271
3.96767
4.27406
4.43414
4.30732
4.06784
2.83689
4.38970
4.47083
4.38906
4.50072
4.50783
4.42718
4.35535
4.44923
4.41423
4.48175
4.48654
4.45637
3.81037
4.42371
4.27947
4.18550
3.90395
4.32720
4.47033
4.51736
4.37427
4.40413
4.45267
4.40025
4.50028
4.43178
3.74999
4.33965
4.03784
4.43253
4.31756
4.26290
4.27100
4.50185
4.08479
4.48165
3.19010
2.31912
4.28263
4.29861
4.38529
4.07975
4.25129
4.39183
4.26664
4.46125
4.42138
4.15338
4.27701
3.84192
4.40733
4.35800
3.57069
4.36237
4.32670
4.41844
4.22878
4.33393
4.41137
4.40865
4.17075
3.85735
4.34714
3.85441
4.48175
4.49878
4.43358
3.95199
4.39275
3.38028
4.30106
3.88419
4.28922
3.53325
3.24069
4.35278
4.31301
3.82084
3.82939
4.46548
4.41856
4.11220
4.22027
4.09063
4.48651
4.45052
4.43555
4.32065
4.32261
4.21118
4.48805
3.93957
4.35810
4.33950
4.32918
4.46936
3.75400
4.36850
2.79163
4.39150
4.42320
4.22709
4.41621
3.86997
2.30952
4.06075
3.03144
4.42001
4.20756
4.18453
4.21403
4.20100
4.23542
3.95364
4.00402
4.44684
4.43879
4.39577
2.87145
4.24458
4.36816
3.80813
4.36893
4.35694
4.06686
4.43644
4.03131
4.30892
4.21271
4.18062
4.36129
4.00561
4.46578
4.46535
4.19313
3.33415
4.40010
4.34719
4.44550
4.34586
4.20135
3.88565
3.00293
4.46858
3.46006
4.36907
4.30716
4.45482
4.39553
4.40296
4.38110
4.37866
4.20313
4.21712
4.23611
4.34824
4.38066
4.47116
2.33838
4.32576
4.35371
2.77498
4.49664
4.34227
4.33102
4.10165
4.22980
4.46170
4.41044
4.39493
4.17817
4.05841
4.13911
4.25847
4.47749
3.70596
4.26165
4.26884
4.42865
4.52405
4.48977
2.54535
4.19130
3.84217
4.48512
4.46492
4.04003
4.11329
4.12301
3.72913
4.44702
4.49205
4.03272
4.35231
4.38134
4.37036
4.44098
3.89973
4.49276
4.44034
4.34373
4.46212
4.04986
4.37800
3.93180
4.37369
4.25561
4.37114
4.03985
4.40713
3.95664
4.36797
4.44012
4.22545
4.45141
4.26778
3.67419
3.89865
4.31456
4.44255
4.34365
4.10115
4.39431
4.11487
4.03141
4.28242
3.88750
4.17530
4.34062
3.82839
4.42163
4.37748
4.31859
4.40085
3.85938
3.06221
4.51914
4.37409
3.91561
3.54144
4.01913
4.54358
4.34409
4.29318
4.25587
4.49625
4.46496
4.13945
4.08130
3.79809
4.27956
4.39869
3.29332
4.40070
4.43712
4.39668
4.37646
3.70288
4.19071
4.37278
4.39748
4.16807
4.30948
4.19477
4.44802
4.05398
4.36399
4.21145
4.14039
3.99989
3.53687
4.40263
4.41496
4.37757
3.70331
4.40944
4.23185
4.00383
4.01163
4.15759
4.36629
4.48619
4.41960
4.45619
4.44616
4.25498
3.26735
4.48203
4.22073
4.48569
4.27882
4.04219
4.48474
4.44399
3.99985
3.75870
4.30081
4.43284
4.36397
4.20708
4.52280
4.12635
4.39680
4.14640
4.33927
2.81519
4.26897
4.29191
3.67934
4.11241
4.41508
3.46064
4.10474
4.29512
4.32943
4.28389
2.82852
4.40508
4.43273
4.38033
4.39241
3.90724
4.46432
4.47230
4.43202
4.44138
3.85182
4.43845
4.30054
4.46747
2.03962
4.49114
4.04315
3.56285
4.12445
3.62119
4.21958
1.37933
3.73597
4.22622
4.33964
4.32482
4.44072
4.38448
3.87908
4.34330
4.46259
4.32637
4.18338
4.49646
4.31420
4.23280
4.28459
4.03497
4.21587
3.76823
4.47279
4.35906
4.25751
4.38900
3.83878
2.44370
4.38555
4.38882
3.65360
4.29659
2.07858
4.46941
4.43121
3.91698
4.40680
3.80662
4.20024
3.84397
4.45369
4.33176
4.30816
4.36606
2.68420
4.25914
4.17478
3.78512
4.00555
4.42184
3.81253
4.41689
4.08514
4.33753
4.46798
4.07056
3.71953
4.00339
4.03987
4.25510
4.48971
4.16946
4.23953
4.03967
4.36385
4.48516
3.85832
4.37782
4.33969
4.45275
4.15552
4.26135
4.27866
4.27950
4.01571
4.43052
3.17180
4.36757
2.87535
4.43886
3.48955
4.41823
4.30468
4.31055
2.46452
4.14016
4.45132
4.22332
3.28819
4.34978
4.15249
2.13192
4.50762
4.35068
3.25843
4.22540
4.18575
4.44336
4.36010
4.48659
3.70976
4.35407
4.41537
4.23444
4.36522
4.39024
3.23512
4.26540
4.08709
4.33727
4.36945
4.35445
3.84259
4.47377
3.92451
4.31362
4.00484
4.30076
4.45486
4.20326
3.35833
3.66796
4.12025
4.42804
4.31976
3.28098
2.84752
4.41199
4.29306
3.90995
4.46890
4.38186
4.41619
4.39959
4.35072
4.33516
4.35088
4.37837
4.12000
4.32701
4.47284
2.70970
4.18181
4.25323
4.37605
3.95130
4.27631
4.40082
4.21277
4.19878
4.48867
4.41772
3.64080
4.24942
4.36426
4.40384
1.62354
4.28095
4.41621
4.24259
3.91121
4.13692
4.43316
3.85653
4.25790
4.34808
3.80599
4.45874
4.25615
4.50141
4.36044
3.38067
4.16636
4.42814
4.42849
4.12711
3.93116
4.13125
4.47449
3.82544
4.39855
4.29984
3.54797
4.25525
4.07831
3.69631
3.69703
4.47921
4.12035
4.25690
4.48375
3.46645
4.48054
3.98517
4.39260
3.95247
4.17310
4.46278
4.32959
4.35206
4.38250
3.56483
4.42274
4.48957
3.52716
4.35264
4.43475
4.36406
4.32584
3.81121
4.34918
4.42578
3.72606
4.35303
4.16842
4.38923
2.32929
3.95186
2.01171
4.48829
2.79214
4.45177
4.25503
4.12180
4.40564
3.48639
4.24626
4.47982
4.14641
4.29806
4.51254
4.39558
3.92455
4.41717
4.13910
4.36244
4.48327
4.38439
4.27954
4.19096
4.20056
4.47099
4.14564
4.29450
4.31721
4.20710
4.46514
4.03962
4.46628
4.43388
4.34520
4.28039
4.49872
4.01806
4.18064
4.20714
3.99517
4.50255
4.12863
4.47783
4.04280
4.31305
4.30540
4.48724
3.26593
4.36176
4.34867
4.43167
3.90303
4.21427
4.42220
4.43209
4.09310
4.45725
4.40104
2.27566
4.18852
4.36695
2.44520
3.98833
4.46065
2.57853
4.47875
4.45109
4.39730
4.42413
4.41467
4.32476
4.17867
4.20024
4.43392
4.08581
4.28275
4.40142
4.50606
4.39707
4.47892
4.33991
4.49708
4.22221
4.21265
4.36581
4.18422
1.62108
4.41170
4.11933
4.32822
3.67209
4.27824
4.36098
4.31035
4.30641
3.61399
3.99134
4.31287
4.44479
4.27854
4.38993
4.45770
4.44738
4.34089
4.48546
3.67336
4.36768
4.37560
3.97681
4.23951
3.82651
3.80334
2.76109
3.59291
2.21011
4.39897
4.49615
2.94212
4.19873
4.42367
4.44701
4.45191
4.36566
4.47911
4.44089
4.45991
4.27974
4.12042
4.22242
4.30660
4.35766
4.26451
4.37160
4.15289
4.44667
4.47940
4.41745
4.46179
4.44118
4.36883
3.45121
3.73346
4.45998
4.36429
4.49086
3.91807
4.18435
3.80158
3.95677
3.98763
4.34533
3.37823
3.73173
4.04636
4.20840
4.39199
4.26177
3.40057
3.68752
4.37228
3.55056
4.32959
4.44313
4.17441
3.39688
4.37629
3.90941
4.42169
4.20223
4.43723
4.45957
4.14620
3.88582
4.18077
4.45622
4.46252
4.33208
4.48929
2.49163
4.41594
4.29777
3.98437
4.22560
4.38829
3.94667
4.34547
4.20953
4.25388
2.97801
3.89377
4.24847
4.37933
4.32501
4.22192
3.31639
3.82487
4.48912
4.34361
2.02343
4.49737
4.01034
4.42432
4.45916
4.28515
4.20158
4.50117
4.15445
4.35683
4.47914
4.43221
4.31789
4.37637
4.48434
4.48911
3.74490
4.08829
4.40984
4.32143
4.34891
3.76080
4.11817
4.37734
3.94120
4.49682
4.31696
3.83509
4.44894
3.75410
3.91291
4.29258
4.44478
4.49876
4.30032
3.09693
4.49461
4.43671
3.98040
4.24630
4.43703
4.35551
4.22673
4.40098
4.29783
4.09544
4.38280
3.97070
4.47708
4.48174
3.84421
4.03871
4.47363
4.41629
4.26900
3.70880
4.36572
4.28920
3.07434
4.36414
4.44118
4.33340
4.35930
4.13991
4.43273
4.09560
4.17438
4.39842
4.23097
2.09524
4.21788
4.46975
4.00266
4.47307
3.80045
4.17755
4.35926
3.82387
3.66570
4.29985
4.44369
4.23755
4.35109
4.27787
4.02959
4.36365
4.21484
4.46093
4.39531
2.16867
4.15329
3.39228
3.60707
4.37234
4.45589
4.47830
3.95744
4.04830
4.37583
3.15824
3.87902
4.43957
4.25546
3.26719
4.43473
4.37287
4.08765
4.34787
3.18200
4.43096
4.26716
4.32037
4.33081
3.51061
1.95825
4.46883
4.38972
3.80009
3.86096
4.27951
4.08469
3.44951
3.81470
4.43957
4.29878
4.43543
4.24996
4.06506
3.88310
4.49985
3.88945
4.52135
2.90322
3.72752
4.40362
4.19906
4.15381
4.38842
4.31616
3.94485
4.40894
4.46353
4.28256
4.04560
4.26611
4.10352
3.70167
4.37012
4.29117
4.30587
4.33739
4.48206
4.08921
4.06995
3.94456
4.40991
4.44672
4.41764
4.28910
4.33251
2.66991
4.48401
4.31657
3.93393
4.27462
3.44124
4.21947
2.85785
4.18886
4.08516
3.82676
4.44056
4.48607
4.30146
3.27432
4.34031
3.85833
4.39628
4.44043
4.21242
3.39578
4.45779
4.51139
4.13293
3.96194
4.42341
4.49005
3.28567
3.74207
4.44822
4.21315
4.27842
3.98957
4.12017
4.11897
4.10132
4.19817
4.37398
4.06295
4.46903
4.24977
4.18512
4.43456
4.41836
4.42263
4.17536
3.93573
4.43290
4.50367
2.11665
4.39358
4.39716
4.41245
4.26857
4.45494
3.88737
4.35262
4.25704
2.48163
4.42086
4.03025
3.85849
4.48957
3.89387
4.42876
4.35970
4.26471
4.34526
4.36441
4.36472
4.14583
4.34784
4.47978
3.90985
4.10731
2.51085
4.07615
4.51048
4.22737
4.02259
4.41289
4.02914
4.00872
4.01853
3.68423
4.42816
4.10449
4.40919
3.68005
4.47963
4.37260
4.14864
4.33937
3.92521
4.34112
4.25051
4.45389
4.38922
4.15160
4.23144
3.40649
4.25353
4.31152
4.35492
4.12268
4.47851
3.83328
4.28768
4.36488
4.30767
4.41104
4.36994
4.13432
3.84354
4.33882
4.16642
3.83851
4.05989
3.94793
3.74752
4.11854
4.39394
4.21261
3.48878
4.46081
4.18835
3.10450
4.18010
4.45813
3.92952
4.10617
3.98149
4.46384
4.47998
4.41156
4.27361
4.32084
4.21329
3.97781
4.22661
4.47530
4.32029
4.34622
3.50781
4.14746
4.14143
4.31792
4.47935
4.43026
4.08169
2.78245
3.92193
4.01804
4.44616
4.17253
4.25480
4.46281
4.40212
4.22964
4.41309
4.51540
4.50574
4.24984
4.39697
4.24685
4.36377
4.46958
4.37650
4.09873
4.40434
4.12364
4.25147
4.32583
4.34842
4.43069
4.19393
1.77379
4.47616
4.32054
3.44242
3.12771
4.29944
4.12153
3.65640
4.46485
4.21282
4.43711
4.38519
4.25919
2.70847
4.35930
4.40102
4.14101
4.00324
4.49121
4.20806
4.43167
3.65114
4.46348
4.08607
4.28439
4.46377
4.17012
2.92071
4.40180
4.42364
4.35459
3.77846
4.30368
4.33678
3.73961
4.24537
4.48977
4.50432
3.60730
3.76718
4.30718
3.99465
4.50213
4.46351
4.42685
3.59158
4.34962
4.42521
4.31174
4.36830
4.46157
4.01983
4.23345
3.34081
4.42892
4.43350
4.08405
4.45566
4.35138
4.32845
4.03826
3.43954
4.42006
4.45660
4.45169
4.39527
4.49558
4.35691
2.50249
4.35731
3.62335
4.45644
4.11213
4.03644
4.07549
4.41148
4.48228
4.26851
4.22422
4.29347
4.47763
4.16948
4.42867
4.26664
4.29328
4.48322
4.40489
4.13662
4.26636
4.38991
4.48951
4.26729
3.92008
4.48740
4.17849
4.30692
4.18148
4.31165
4.42125
4.43759
4.42716
4.28016
4.01156
4.41037
3.66359
4.29255
4.16243
4.40985
4.34731
4.05299
4.47346
3.79020
4.51560
4.43146
4.29691
3.10752
3.89182
4.42419
4.38733
4.41396
3.53009
4.42617
4.45230
4.47888
3.64925
4.41054
4.40938
2.05149
4.43108
3.96847
4.43828
4.29350
3.65457
4.23549
4.07012
4.38682
4.28491
4.40184
4.31241
4.36883
4.49302
4.49753
3.90804
4.34127
4.43593
4.27664
4.05586
2.24389
4.28317
4.50056
3.67424
4.46095
4.15256
2.85688
4.25723
3.99890
4.08604
4.42520
3.89111
3.89674
3.91047
4.05031
4.34814
3.62668
4.36993
4.40918
4.39832
4.21141
2.46301
2.96863
3.26586
4.35379
4.28274
4.18458
4.36580
3.35986
4.17113
4.41727
4.38322
4.05543
4.48471
4.14931
4.43013
4.53098
4.43132
4.41093
4.36249
4.44618
4.30303
3.76559
4.27898
3.87342
4.45150
3.37212
4.38676
4.40735
4.22099
4.23262
4.44535
4.21891
4.24952
4.38304
4.38771
4.39266
4.42970
4.22817
4.33536
4.47109
3.72858
2.25752
3.96222
4.37841
4.23431
3.33460
4.39713
4.35762
3.77312
4.34413
3.35978
3.50459
4.36477
4.39388
4.32657
4.44164
3.35295
4.41197
4.37442
4.43094
4.39179
4.35954
4.22482
3.85728
4.40577
4.42763
4.42053
4.35118
4.05315
4.43978
3.81569
4.38067
4.20068
4.49627
4.38810
4.39652
2.34520
3.00014
4.49151
4.23809
4.31088
2.65189
4.39234
4.38301
4.34407
4.46130
4.49769
4.41945
4.00862
3.08440
4.47312
4.27604
4.37581
4.42806
4.05835
4.41707
4.42718
4.40337
3.88540
4.32015
4.42512
4.24452
4.16647
4.16788
4.34521
4.41733
3.60636
4.09397
3.47111
4.25461
4.37862
4.48703
4.43604
4.28734
4.08289
4.47780
2.89898
4.36189
4.21354
3.96157
3.38432
4.38839
4.48061
4.49114
4.30448
4.38302
4.43653
4.30873
4.11885
4.07243
4.40200
4.30158
4.30795
4.44268
3.67373
4.24628
4.20578
4.14374
4.27391
4.44947
4.40091
4.41914
3.98124
4.29545
4.48363
4.34521
2.53338
4.38333
4.36811
4.39220
4.53883
4.29231
4.26126
4.11473
3.79904
3.96248
4.15442
4.37969
4.41561
4.45151
4.44475
4.46140
4.07582
4.34197
4.41939
4.13297
4.32363
3.43791
4.46178
4.29838
3.87188
4.47608
3.77551
4.42199
4.06471
4.47263
4.35763
4.06599
3.97608
4.45649
4.39679
4.53025
4.28663
4.33411
4.41533
4.50178
4.45718
4.27362
3.47702
4.36119
4.31932
4.45220
4.25010
4.33025
4.53028
4.31642
4.42501
4.44872
4.45434
4.35519
3.49455
4.40451
2.05693
4.34429
3.48923
3.79172
2.88704
4.08217
4.43527
4.12205
4.34955
4.46894
4.36205
4.18475
4.43221
4.41384
4.44791
2.36354
4.28090
4.32333
4.42004
4.45493
4.48871
4.33055
4.35741
2.88134
4.42222
4.41796
4.52003
2.60519
3.26908
4.45384
4.11750
4.31067
3.38143
3.42823
4.21652
4.29559
4.13279
4.33018
4.22579
4.45650
3.61327
4.01093
4.39865
4.39681
4.45860
3.55517
2.02735
4.08194
4.16970
3.31604
4.31436
4.19438
3.43437
4.25306
4.19256
4.37849
4.39464
4.31652
4.28876
4.49306
3.05373
4.46334
4.49207
4.18448
4.34378
4.46457
4.45953
4.31030
4.33738
4.42513
4.35826
3.57805
4.36901
4.37443
4.42443
4.30190
3.53550
4.49835
4.35759
4.15601
3.45163
4.39737
4.04212
4.00277
4.52770
4.38606
4.46758
3.80009
4.12233
4.44581
4.47927
4.46318
4.42991
4.16402
4.10234
4.36697
3.95680
4.26496
4.42159
4.42318
4.34860
4.30238
4.42095
4.47060
4.27174
4.14810
3.88882
4.29174
3.51461
4.44266
4.40665
2.53068
4.01485
4.06117
4.48896
4.29419
2.41957
4.04280
4.25876
3.78315
4.44085
3.86059
2.73773
3.90124
4.11704
4.33025
4.39641
2.63097
4.24002
4.34899
4.45272
3.94082
4.46616
4.43212
4.29814
4.01528
3.90125
4.04459
4.27917
3.72254
4.15071
4.39887
3.51538
3.81717
3.20152
4.53111
4.35191
2.61823
4.44250
4.48048
4.29090
3.59443
3.52711
4.24790
4.04211
3.70617
4.33533
4.24152
4.49418
4.47222
4.33522
4.42333
4.50077
4.44492
1.50932
4.40860
4.47181
4.20661
4.46210
4.05458
4.45719
4.45457
4.35255
3.05995
4.29869
4.25952
4.02100
4.45888
4.45737
4.49970
3.52427
3.97270
4.48390
3.67892
4.27552
4.50369
3.96219
4.26226
4.40605
3.97536
4.42133
4.39160
4.47522
4.34640
3.19915
4.38701
4.48161
4.18318
4.42466
4.34091
2.30635
3.44617
4.31675
4.39829
4.24798
4.39357
4.48546
4.37319
3.35872
4.19212
4.36594
4.37909
4.50048
4.41765
4.37959
4.23444
4.46383
3.96809
3.43594
4.39202
3.30548
4.22888
4.29850
4.48621
4.34514
3.75836
4.36977
4.46877
4.42617
4.37129
4.32552
4.31913
4.36752
3.98845
4.42927
4.45013
4.38027
4.33223
4.38751
4.48215
4.39614
4.44727
4.03532
4.09413
4.40694
4.44277
4.46256
4.42437
3.16140
4.39758
4.42766
4.47959
4.38244
4.48576
4.38036
4.48630
4.26957
4.41387
2.50251
4.44552
4.48238
4.08407
3.93723
4.44029
3.76800
2.04152
4.40391
4.44002
3.89025
3.67320
4.42336
3.57423
3.97641
4.39679
4.17005
4.21528
4.45231
2.14199
3.67105
4.27444
4.37403
4.49682
4.24608
3.64771
4.21605
4.41368
4.41612
4.31137
4.42867
3.52027
4.44239
4.52242
4.47197
4.42653
4.45853
4.10315
4.43112
4.24158
4.33758
4.44129
4.40594
4.38871
4.35181
4.44609
4.26730
3.39323
4.43172
4.47358
4.42615
4.19119
4.30853
4.41120
4.39408
4.41658
1.68750
4.26879
4.43369
3.82312
4.15598
4.51108
4.33365
4.42438
4.49183
4.32333
4.33758
4.34607
4.33401
4.15591
3.83755
4.45884
4.30707
3.78574
3.78067
4.44846
4.43992
3.74922
4.30833
3.78862
4.51741
3.83735
4.40069
4.42760
4.14395
3.46950
4.33109
3.60567
2.61327
4.27680
4.39837
4.45549
4.18243
4.42082
4.39640
3.91807
4.46366
3.93230
4.42886
1.62654
4.47118
3.65569
4.47284
4.10058
3.93085
4.34279
4.29570
4.36426
4.24114
3.79331
4.38288
4.42562
4.46638
3.70229
4.34576
2.50464
4.19757
4.20131
4.25306
3.74667
4.14948
3.24959
4.20160
4.21481
3.27845
4.30072
4.31110
4.44988
4.48631
3.34805
3.18611
4.31561
4.14795
2.52767
4.38751
4.21360
4.09797
4.34804
4.31992
4.42696
4.36954
4.42554
4.43187
4.51549
4.40555
3.98526
4.40261
4.53910
4.34345
4.45118
3.79059
4.34016
4.26083
4.34109
4.24584
4.47355
2.12836
4.40665
4.30270
4.27758
3.70761
4.48497
3.85788
4.51271
4.42731
4.16049
4.28125
4.47612
3.01047
4.09269
4.01548
3.95571
4.33785
4.43439
4.47173
4.09296
4.39553
4.07057
4.45926
3.20570
4.23278
4.15153
4.18338
4.44622
1.90187
4.15245
4.27371
4.25583
4.08495
4.37841
4.40360
4.31527
4.47910
3.95347
4.38767
3.45001
4.45802
3.99781
4.05034
4.31991
3.82707
4.13851
4.02286
4.48479
4.31579
3.11859
4.26484
4.40828
4.13997
4.35203
4.51251
4.25799
4.31967
4.47337
4.44915
4.38635
3.88101
3.77967
3.76138
4.40638
3.97183
4.20087
3.99601
4.29063
4.06319
