2.73091
3.03493
3.69715
3.80616
0.75286
3.47616
3.72353
3.69954
1.88710
2.94749
4.05104
3.84506
2.23924
1.22190
3.06311
3.48207
2.55815
3.86326
0.98492
1.59863
3.42566
3.27435
3.45589
3.83423
3.26921
2.08712
1.66316
1.51032
3.72441
3.68632
1.39087
2.32094
3.60800
3.65928
3.21454
3.50391
3.48021
3.90566
3.93575
2.40938
3.45929
2.53122
2.44384
1.86506
1.94241
1.87557
3.52085
2.82687
3.82198
4.01789
4.13435
3.89083
0.36673
3.96019
2.51255
3.79954
2.58660
1.49107
3.64082
2.66225
3.73112
3.34291
3.47646
3.19809
3.38786
2.86619
3.50106
3.09863
3.48694
2.44054
3.87146
4.07463
3.83583
3.31274
3.06661
3.35053
0.41523
3.79899
3.46682
2.99571
1.63815
3.59951
1.27182
3.12091
3.70048
3.13486
2.96737
3.09608
3.76073
2.48175
3.22185
2.30769
3.97728
3.44711
2.86254
3.86320
3.79755
3.95310
3.31095
3.93628
3.70290
2.05011
3.66277
3.26256
3.75750
0.33604
0.25146
1.09749
3.83574
3.71136
2.54589
3.07925
3.89765
2.70210
3.03205
2.00978
2.40175
3.51081
3.13293
0.64341
3.29264
3.94172
3.39613
3.31001
2.24788
2.42779
3.72645
3.60998
2.78170
3.70085
2.78720
1.89456
3.17904
3.38442
3.69280
3.05577
2.46597
3.84565
2.09281
0.72521
3.40292
3.03052
2.56831
3.59461
3.78199
1.70413
3.57269
0.18873
3.29759
3.51679
3.33354
3.89608
3.36293
3.16255
3.85181
3.81293
2.51356
0.44828
3.67026
2.62175
3.90800
2.62113
3.21711
3.28983
3.94306
2.80660
2.37992
3.93121
3.42108
3.03606
3.33282
3.91578
3.81202
4.03631
2.13918
3.10324
3.64971
2.03315
2.85613
3.20257
2.24692
3.71374
3.03982
3.38754
3.91109
3.83970
4.09199
2.39633
3.39058
1.95229
2.86272
3.38375
3.64729
2.08391
0.58868
2.11417
3.03994
3.34332
2.98676
2.27333
2.14188
3.34011
1.24256
0.51746
3.77950
2.95943
3.74527
2.22916
3.66842
4.09433
2.60918
3.53945
3.89653
3.53512
3.62144
3.34923
3.09969
2.22533
3.65310
3.07867
0.84705
3.54361
3.08981
3.98227
3.94605
3.51060
1.15917
0.66180
3.87494
2.73178
3.98249
2.03676
3.01535
2.01815
4.01875
3.32471
4.02653
3.70380
0.20114
3.11060
0.58762
1.32764
3.86120
3.90680
3.50191
2.66901
3.40581
4.15852
3.72177
3.10993
3.59204
2.99546
3.76563
2.42415
3.57857
3.80581
3.41724
3.97989
3.52865
2.52263
3.01032
2.05173
3.34914
3.65371
3.89429
4.00172
3.03413
3.60481
3.24391
3.05583
3.37755
3.77101
2.91100
3.35857
3.47776
3.42492
2.32486
3.78754
2.04342
1.91742
2.97109
1.76887
3.96279
3.30285
1.97399
3.81466
2.86401
3.84136
3.20978
3.67494
3.37981
3.66232
2.71261
3.39993
3.06003
3.17680
3.31303
3.54866
3.17655
4.02702
3.10475
3.61046
2.73035
3.70937
2.93767
3.52287
0.66830
3.78556
3.78418
2.68284
3.71722
2.87163
1.95627
3.21872
3.18477
4.03794
4.03196
3.73982
1.99527
2.17259
2.20409
3.64856
3.85738
1.37553
3.10492
3.61072
3.58758
3.17485
2.27373
4.05070
1.91887
3.84665
2.35004
3.17556
3.96396
0.67660
1.86978
3.84059
2.70981
3.23544
3.23668
3.71837
3.10158
2.28359
2.75568
3.56194
3.17809
3.71921
3.65778
3.88199
3.36811
3.87265
3.70832
3.22794
2.51480
3.85053
3.17187
3.62215
3.63032
3.69737
3.31545
1.31594
2.81254
0.87066
3.15668
2.37824
3.63915
3.30462
3.91722
3.83243
3.26302
0.68347
4.06103
3.46338
2.45329
3.83735
2.53850
0.88707
0.31252
3.63775
3.85868
3.02852
1.62864
3.70315
2.07077
3.69577
3.53435
2.41564
2.94755
3.34779
3.63275
3.49695
3.78255
1.91827
3.90926
3.56950
3.94545
3.51157
2.44021
2.78103
3.94597
3.85468
3.92130
3.96593
3.89438
3.68322
1.45596
2.63846
3.93227
3.48555
3.68994
3.82997
2.18542
4.09751
3.95319
3.76019
3.99282
2.93378
2.72836
3.19833
3.90272
3.71451
3.69383
3.12167
2.33700
1.71338
3.79067
3.37419
3.34358
3.61438
3.27253
3.20769
1.76516
3.52425
3.88455
3.72215
3.31345
2.68063
3.43084
3.97317
2.83265
3.16020
3.75121
2.92842
3.46838
1.99117
3.57051
3.70421
3.24216
3.01646
2.88593
3.51046
2.74320
2.56677
3.94593
3.06093
3.66649
3.69770
3.47031
3.52362
2.88665
0.93592
2.44314
3.79842
2.21704
3.59328
2.81162
1.93124
2.13648
3.26587
3.23226
3.70450
3.40551
3.52784
3.60771
2.42480
3.46004
3.20706
3.88258
2.72136
2.59374
3.53669
3.69175
3.77094
3.18914
2.92542
3.43996
2.65232
3.95472
3.37897
3.56100
1.31503
3.55902
3.72685
3.53374
3.35056
3.79293
3.54290
3.61011
1.64540
3.62437
3.41162
3.81256
3.41097
3.44671
2.18333
3.15127
3.81765
1.17529
2.85173
3.22544
3.56722
3.44043
3.46388
1.06964
0.77131
2.14513
3.51987
1.95579
2.32971
3.51841
4.14188
4.08131
3.79555
1.26773
3.75977
1.58737
3.15836
2.98063
3.07467
4.24153
2.91906
0.82464
0.77525
3.53771
2.82767
3.01961
3.72320
3.40974
3.65398
3.86144
3.34107
2.92022
3.25598
3.46138
3.05558
2.55595
3.62976
2.18323
1.81805
2.59269
3.79635
1.31966
3.85573
2.73881
3.16936
2.31570
2.93948
3.49178
0.83725
3.86486
3.73873
3.22685
3.33974
3.88077
3.33207
2.55346
2.81416
3.22782
3.91305
3.65535
2.84616
3.95984
3.11597
3.38689
3.42282
3.73583
3.45212
4.10980
2.19012
3.65355
3.13873
1.71361
3.03714
2.78384
2.90031
2.85124
3.46502
3.68817
3.82960
3.77461
2.53211
3.43008
1.82851
3.20961
3.04266
3.94913
2.07205
3.31001
3.69950
4.02366
1.38675
2.42624
3.87362
3.88804
3.34846
3.75070
3.83281
3.48780
2.38903
2.86959
2.57339
2.84457
3.46462
2.95530
2.57385
3.75687
3.25093
1.18960
3.02828
3.49762
2.52056
2.25020
3.72009
3.47306
3.73164
2.50137
4.09275
3.10339
0.52233
3.95967
3.54868
3.43018
3.75731
1.84147
2.60867
2.56219
3.67421
3.38636
3.45463
4.04034
3.68382
3.70572
2.87665
2.97876
2.68682
4.13904
0.15834
3.00816
2.67967
3.61218
3.97377
2.76301
3.52847
3.85504
2.37568
3.67373
3.88040
3.80956
3.98299
3.55383
4.00958
2.07379
3.95913
1.91211
0.00371
2.61986
3.64334
3.54138
3.57834
3.42396
2.29493
1.80945
3.58275
4.12605
3.18370
3.78882
3.36574
4.04136
2.49394
3.45750
3.64410
3.65806
2.03964
3.03609
3.81874
3.08527
3.65159
3.64931
3.63797
3.43521
3.61111
3.03194
2.01282
3.75101
3.72408
3.58718
2.59414
2.36867
3.23866
3.02704
3.44116
3.63692
3.69345
2.77598
2.93594
3.10474
3.24978
3.76632
3.31737
3.75103
2.69000
3.68638
3.76426
0.57403
2.65313
3.45734
3.91050
3.17224
2.86610
3.96124
2.13657
0.71819
3.87581
3.80395
2.39568
2.39470
3.78094
1.52002
3.45159
2.58959
3.71911
3.84629
3.35582
0.20527
3.05764
2.86939
3.70194
2.51037
3.78482
3.24874
3.70011
3.70631
3.87388
3.00385
3.05816
3.91679
2.64868
3.65865
0.33179
3.51907
3.64004
3.05628
3.24043
3.64573
2.13625
3.69388
3.75951
3.66183
3.56040
3.91739
2.72986
3.10995
1.47463
3.88975
3.23980
2.54903
3.99620
0.85869
3.68174
2.19493
2.85386
1.83443
3.66190
3.43167
3.85344
1.58626
3.06080
3.63847
3.46622
2.05402
3.84999
4.05992
3.62471
2.08834
1.24806
1.73637
3.65341
0.88381
3.93616
1.87177
3.76785
3.35952
3.10872
3.73252
3.76418
3.09582
3.21988
2.51549
3.87853
3.17766
0.84004
3.18405
3.71890
3.16719
2.06403
3.22311
1.02264
3.96961
3.41154
3.17161
4.05130
3.76737
2.13760
3.28882
2.84646
2.65665
2.54395
3.99479
2.43179
1.59737
3.64641
3.29936
3.65776
3.20549
2.79476
1.70275
4.07878
3.67266
3.90953
3.03624
1.52682
3.75887
3.44704
3.71041
2.01907
3.02520
0.99960
3.94322
1.37261
3.62147
1.76868
3.31947
3.83471
3.74566
3.57129
3.91270
3.84475
2.30502
3.84122
3.22965
2.41975
3.86791
2.13479
3.77402
3.64559
3.65621
3.82533
3.95285
3.74041
3.82975
2.14103
1.78693
3.50137
2.55754
2.78723
3.72385
3.54428
1.64728
3.23160
3.92105
3.20947
3.47280
0.30050
3.14132
3.04867
3.89862
4.02750
2.14350
3.29452
4.16708
3.50820
1.61535
3.36982
2.89932
3.03912
3.71423
2.99174
3.47895
1.83665
2.74206
1.01680
3.61119
3.79233
1.52539
3.01255
1.50330
4.01254
3.19617
3.25769
3.14164
3.84115
3.89118
2.98484
2.98963
2.10137
3.50871
3.60843
2.24751
3.40849
3.42886
2.89083
2.86657
1.96545
2.23655
3.91832
3.72472
4.07303
3.78901
3.53366
3.98001
3.70014
3.52092
3.15838
2.91385
3.58404
3.59749
3.47464
3.61096
3.65859
3.20401
1.32593
3.72577
2.66481
3.72910
0.12786
3.80005
3.49024
1.67018
3.27443
1.68155
0.49529
1.88175
2.27357
2.12165
0.80310
2.77376
3.66631
3.45792
3.28343
2.92539
3.64512
1.93056
3.50710
3.39345
3.26799
2.41192
3.34131
1.31866
3.50091
3.70029
2.37118
3.17192
3.60047
2.82544
3.30527
1.86677
3.13319
2.90979
3.67286
0.39225
3.35939
3.63414
2.94905
3.14451
2.65237
4.14042
2.33378
1.94863
4.15934
3.61051
2.62476
3.41019
3.28805
3.38893
3.55516
3.23605
3.86487
4.17889
3.66910
2.66656
3.04084
3.56289
3.17757
3.51609
3.97675
3.69386
3.45638
1.53901
3.95853
3.92068
1.23577
2.73185
2.68003
3.76669
4.17104
3.02514
3.88617
1.14776
3.68540
3.61293
3.83066
3.66908
3.92407
3.43677
2.52588
3.59145
3.94243
3.24203
2.69479
3.79721
1.96495
3.85107
3.18321
1.61985
3.25135
2.78660
0.73569
3.96138
2.71062
3.31926
3.48119
2.75057
3.46606
3.60495
3.46464
2.67365
2.78066
3.32089
2.01573
3.69278
3.76985
1.85291
3.09237
2.89086
2.77278
3.72083
3.53829
3.33740
2.34719
3.64261
3.53843
3.00558
2.45937
3.15570
3.72324
2.09061
3.39602
3.64473
3.86993
3.87677
3.74190
3.28569
3.09271
2.21471
3.53914
1.93772
3.69481
3.12538
3.09860
2.96263
3.60884
3.67400
3.09079
3.89155
1.78438
2.20195
3.26466
2.51747
3.99585
2.98369
3.79559
3.45557
2.59806
3.63395
3.65612
0.71037
3.37504
3.12685
2.66719
3.73930
3.70184
3.94921
2.67178
3.69989
2.28494
2.62699
1.17743
3.76764
2.92931
3.16184
3.71573
4.09470
3.49022
0.05597
3.77157
2.03411
1.12763
3.58891
2.17477
3.52409
3.13560
3.55538
2.33429
3.61927
1.93957
2.98839
2.83660
3.98042
3.53381
3.48847
3.29597
3.46426
3.93858
3.39119
3.80096
3.79812
3.57052
2.87156
3.13652
2.67511
3.45678
3.57154
3.70026
3.15642
3.27697
1.66027
2.67059
3.80518
3.63590
3.60529
2.81316
2.08945
3.78705
1.75603
3.18124
3.28894
3.28476
3.57800
3.35835
3.78364
3.35861
3.39823
2.58800
3.63678
1.84466
3.98201
1.52285
2.00646
2.73542
3.98391
2.87450
3.71262
2.68304
3.18149
3.58031
3.25413
3.23739
3.87209
3.50677
3.93438
3.21199
3.53407
2.77628
3.23100
3.96398
3.85311
3.17598
0.34110
3.53854
2.89866
2.68815
3.42197
3.49214
3.89384
3.11653
3.52293
4.04128
2.97538
3.58369
3.70365
3.26978
3.54086
1.56816
3.11900
3.44274
3.10208
3.36038
2.01220
3.01276
3.35385
3.92441
3.84654
3.45584
2.64071
2.24327
2.43760
3.77653
4.05712
2.76004
3.54343
3.76430
3.54154
1.47103
3.10815
3.48775
4.10885
3.67888
3.60184
3.74906
3.47923
2.03503
2.49573
1.35624
2.81743
1.44106
3.38061
3.29123
2.21090
2.12671
3.57356
3.47157
2.28969
3.26902
3.01964
2.18413
1.47372
2.44548
3.07813
3.84648
3.49282
3.94065
2.96936
3.83232
2.65380
2.55364
2.87214
3.26182
2.96392
3.19774
3.63213
3.01163
3.67230
3.84788
3.26798
2.02079
3.56833
3.51166
2.30545
3.87577
3.37319
3.02392
3.25518
3.77028
0.25940
1.15804
3.60016
3.97507
2.84481
2.02028
3.19927
2.87676
3.30644
3.99683
3.38784
3.67561
3.64277
3.57211
3.56245
2.48105
3.86382
3.92804
3.74083
3.88781
3.19290
1.75844
2.42762
3.95150
3.36554
3.28412
3.60930
3.08791
3.64590
2.72765
3.48335
3.04059
3.28518
3.86642
3.53527
3.59949
3.93882
3.62172
3.62917
3.22544
3.76920
3.94142
2.53343
3.21639
2.89073
2.15093
3.21391
3.06888
3.53999
3.50747
3.21759
3.76464
3.47469
1.19794
1.65056
3.84378
3.34762
2.58582
3.06653
2.19398
1.16068
3.05967
3.19709
2.57346
3.95701
3.31633
3.06699
3.04425
3.51041
2.70106
4.06951
2.11249
3.95858
2.51773
3.11439
4.00542
3.81294
0.85074
2.24273
3.76436
0.93451
3.43902
3.83914
2.96741
3.44408
3.30432
2.57829
3.74489
3.92933
3.91921
1.21565
1.16952
3.24985
2.53454
3.54628
3.60112
1.68632
2.45241
0.11647
2.35685
1.04802
3.34039
3.88496
3.79956
2.48721
2.22494
3.53194
3.80062
3.56391
0.99296
3.25302
4.01733
3.44794
3.72633
3.71372
3.80582
1.80020
3.20270
3.59054
3.78964
3.22262
3.54643
3.90593
3.14342
3.71328
2.61107
3.53743
3.78438
2.79780
0.95404
3.91278
3.34985
3.38843
2.90963
2.65400
3.82362
3.65757
2.29142
3.85707
3.04541
2.81361
3.37775
3.55648
3.35653
3.99848
3.19251
3.67898
3.34289
3.93857
3.57699
0.91443
0.68127
2.49433
1.79790
3.79981
3.00114
3.38877
3.57400
3.42397
3.82656
3.47400
3.60145
3.49945
3.31468
2.18013
3.57294
3.79062
3.54397
3.25627
2.95788
1.52006
1.54419
3.33534
3.08057
1.38475
3.55736
3.98557
3.06195
3.53744
3.70652
3.44982
2.81327
3.15258
3.01936
3.71505
3.69469
3.56197
3.29594
3.91523
4.03151
3.58399
3.27896
1.63550
0.85749
2.91841
2.93944
3.82643
2.92886
3.66483
3.48816
2.53954
3.08930
2.82654
3.46066
3.51226
0.74302
0.70719
3.18205
2.27607
2.55937
3.92843
2.85488
3.85343
2.38496
2.53511
3.58457
3.07557
3.59510
4.08941
3.52370
3.92964
1.41814
2.74636
2.80204
2.91111
3.13236
3.90741
3.43552
3.65930
3.55149
2.77089
1.78282
3.48620
2.58629
3.85705
3.97266
3.36439
3.05916
3.46339
3.98845
3.67044
3.50851
3.33365
2.72366
1.42093
3.70338
3.47312
3.77437
3.46024
3.32915
1.65725
3.64643
2.94882
3.61216
3.15955
3.45709
3.53106
3.82159
3.66662
4.03186
3.96132
1.01896
3.50552
3.90923
1.27584
3.68492
3.94584
3.65755
4.12707
1.43742
3.28616
2.52113
3.03650
3.04652
3.88506
2.06059
2.65341
3.26114
3.42153
2.64960
3.41776
3.48265
2.25299
3.71185
3.07435
3.69259
3.49676
3.36679
2.33232
3.72090
2.09284
3.49063
3.46771
3.80499
3.55142
3.60800
2.30107
3.67893
2.68700
2.39622
3.47671
3.45724
2.16395
3.79909
2.11804
3.33124
3.82041
3.54529
3.91874
3.94285
2.01491
3.64126
3.05188
2.52383
1.65662
2.60881
2.74624
3.45888
1.67847
3.57424
3.74487
3.54982
3.34813
3.77846
3.83845
1.67945
3.75977
3.84309
1.33600
1.80028
2.99350
1.49494
3.29128
3.54708
2.88989
2.09911
2.03038
3.32563
3.85308
3.74955
3.03964
3.32653
0.10332
3.28692
2.56603
3.15707
3.97368
3.72596
3.00727
3.88925
3.64443
4.11355
3.42717
2.53409
3.43384
3.75409
1.61433
3.43551
3.61188
3.75090
3.92124
2.05990
3.14203
2.57027
1.62943
4.09317
2.38498
2.55749
3.73117
2.98915
3.60497
3.97836
3.26329
1.65209
3.21264
3.24766
2.76821
1.17751
3.39948
3.57584
3.16566
3.63742
3.24273
3.28365
3.41487
3.69357
2.38443
3.64599
0.74574
3.20340
3.91260
3.75000
3.41032
2.82728
1.13036
1.31609
2.58243
3.82165
2.16490
3.32734
3.61583
3.08771
3.21988
1.19857
3.58044
3.67749
3.73984
2.88362
3.82552
4.07016
2.36334
0.90725
4.05771
2.13878
3.37507
3.35078
3.52534
2.46346
3.44683
3.02126
2.33109
4.03018
3.64894
3.82022
3.43620
4.07275
2.33484
2.58837
3.65992
2.52857
4.10086
1.44598
3.89076
3.45079
3.68631
2.83922
3.31083
2.67773
3.28100
3.92835
3.65722
3.88713
1.27431
3.57556
3.29276
3.58983
4.02801
3.55664
2.86341
1.10597
1.66193
3.64925
1.77528
3.81161
2.74174
2.05290
3.46458
3.83016
1.50633
3.70532
2.91522
3.83806
3.45634
3.68040
2.92393
3.76629
3.32112
3.67021
3.58375
3.25785
2.70413
3.35431
2.52157
3.70818
0.91437
3.23409
3.48327
2.64814
0.75686
1.40868
2.51726
2.79912
3.66362
3.68324
2.67207
1.66726
2.00203
2.91263
3.66911
3.78011
3.46890
3.63416
3.34342
4.01513
3.45038
3.65586
3.37091
3.64655
3.92168
2.19353
3.47479
3.04360
2.76374
3.92030
2.21761
2.69265
2.63308
2.84619
3.32695
3.28733
3.46626
3.14467
1.69969
3.66208
3.81803
3.61261
4.01022
0.65236
2.03565
3.85447
3.59764
3.32220
1.03025
3.65406
3.55156
2.96164
3.91623
2.63062
3.02362
3.87203
3.73378
3.81957
3.14112
3.29290
3.10946
3.97425
3.64768
4.06905
1.12104
2.34390
3.84277
3.85908
3.76442
2.88244
2.65902
3.96951
3.67810
3.81631
3.48221
2.22946
3.93533
4.01497
2.82226
3.50999
2.91786
2.56250
3.48571
3.59534
2.20856
1.62338
3.74509
2.33797
3.86905
3.02070
2.56500
3.74070
2.35128
2.75481
2.54090
2.70672
3.62588
2.09686
3.29704
0.77227
3.82896
3.39447
2.67127
3.33317
2.51881
3.73389
1.89057
3.60218
1.45872
3.86978
3.79221
3.02602
3.80260
2.92813
2.31591
3.07624
2.70893
3.18524
1.34252
3.77384
3.30485
2.05525
1.67981
3.95957
2.53361
1.29126
3.54569
3.84628
3.26532
2.95193
3.32227
2.33197
1.32575
1.54073
3.38462
2.61068
2.72239
3.87001
2.20116
1.88206
3.05169
1.45572
3.55854
3.57992
3.79262
3.61201
2.57136
2.38483
2.90528
3.77224
3.56117
3.12097
0.14737
2.45848
2.55766
3.10582
3.74007
2.31719
3.33393
3.31448
3.81548
3.61080
3.62238
3.61211
4.13898
2.19796
2.71129
2.52656
3.90659
3.86504
2.59522
0.77284
2.75602
2.56849
3.83884
3.87974
3.26065
2.43344
3.32285
3.66571
1.97325
4.05845
3.69699
3.13372
3.77607
3.54438
3.20939
0.71054
3.33177
3.17433
3.56398
2.35067
2.84134
2.93169
2.40705
2.87591
3.67195
2.00482
3.98625
3.61708
3.73499
2.94825
3.31126
3.50271
3.51881
1.37393
1.16584
3.62456
3.63171
2.05320
3.25025
3.43696
2.74601
3.91569
3.75180
2.71736
3.71214
2.53090
3.25924
3.61937
3.67377
1.16401
3.75748
3.79510
2.74476
0.92733
3.85881
3.83604
0.36062
2.10043
2.41497
3.39860
2.41570
2.87758
3.32511
3.74176
1.26168
2.29757
3.44667
3.94098
3.44853
3.79608
3.82462
3.73536
1.05798
2.94953
3.49184
3.06159
2.62686
3.61016
2.03539
3.90440
3.53883
3.75610
2.99440
3.33314
3.20606
3.66651
3.94833
3.06892
2.81580
2.97910
1.87947
2.89023
2.91147
3.75303
1.34097
3.65437
2.19922
2.85327
2.28270
3.59792
3.20555
2.16973
3.58559
1.51477
3.49013
3.30768
3.17113
0.29013
1.97670
3.42683
3.51127
3.52452
3.70957
2.25688
3.50876
3.62550
3.74293
3.84161
3.83083
3.79928
2.49374
2.68168
2.44338
3.45025
3.49286
3.75521
3.72374
1.52860
3.46618
2.97471
2.85215
3.80127
3.29541
3.41781
2.83257
3.85074
2.89281
2.96663
3.48910
4.02152
4.04622
3.64215
3.15872
1.51051
3.05551
1.11716
2.40882
3.24679
0.51233
3.51186
1.47443
3.50936
2.85055
3.97150
3.90846
3.10411
2.99336
3.48816
3.42336
3.33964
3.74086
3.60289
3.32568
2.64423
3.13103
3.69709
2.24408
2.34666
3.32320
3.78262
3.95203
2.59749
3.82473
1.74953
3.34890
2.38491
1.13699
2.02833
3.39398
3.09230
3.66609
1.87053
3.72044
3.32720
3.82203
3.53712
2.81960
3.42033
2.66818
2.79764
3.68722
3.73808
3.71233
3.71284
3.52924
3.37542
3.68489
3.72910
1.88085
4.15386
3.40052
2.58571
3.77903
3.72085
3.23786
1.45211
3.37233
3.37496
3.57529
3.84373
3.30946
2.58693
3.96292
3.68399
2.80663
3.46798
3.36266
3.68971
3.83999
3.30117
3.56820
3.86811
2.63535
2.48148
2.23377
1.42338
3.43022
1.22426
2.06059
3.25129
3.17494
3.74142
3.70850
3.56111
3.35702
3.89473
3.15639
3.70584
3.67614
1.56729
2.68704
3.87434
3.88331
2.15976
1.84892
3.65951
3.93415
3.61006
3.38823
2.44397
3.10409
0.68471
3.77526
2.09673
2.96569
3.28572
3.46492
3.89115
3.84456
3.20841
3.97330
3.28526
3.34484
3.56656
2.67755
2.94458
2.74561
3.61327
2.95179
3.60667
4.03899
2.67953
3.39724
2.43408
3.57134
3.60456
3.68780
3.64449
3.39825
2.91939
3.64423
3.27558
3.51321
1.52862
3.45344
2.24572
3.48956
3.56302
3.50774
3.95213
3.57933
3.44577
1.50718
2.99553
2.98960
3.36582
4.17907
3.32252
3.70900
3.77038
3.63085
3.42686
3.15314
2.89701
2.34411
3.35336
3.39054
4.06420
3.49385
2.98009
3.65370
3.66956
3.34060
2.64811
3.63680
3.23211
3.00258
3.67976
3.84549
1.05882
3.85870
3.34165
3.75875
3.72630
2.09389
0.30242
1.31542
3.64032
2.64242
1.92192
2.39332
3.82389
3.63088
3.21182
2.32445
3.10795
3.70756
0.67111
2.94868
3.40317
3.34063
2.28623
2.21129
3.17735
2.79683
2.37379
3.33522
3.08175
3.62707
3.83684
2.81771
3.53522
2.13156
3.17263
3.19383
3.26559
3.29780
3.53580
3.80545
3.14710
2.02668
2.15599
2.99677
4.02110
1.62825
4.02894
3.35077
2.20260
3.50616
3.55752
3.54022
4.01174
3.61003
2.40719
2.84117
3.76205
1.30175
2.91711
3.43915
3.46506
3.90710
3.71184
2.80273
1.87762
1.24863
2.79839
3.78033
2.68319
3.89296
3.57372
3.79602
3.00308
3.64651
3.74389
1.83488
4.12683
3.61967
0.53633
3.84853
3.95699
3.86091
3.32431
3.84700
1.42191
1.95789
3.70637
3.41022
3.59641
4.09191
4.07075
2.60414
3.58322
1.72787
1.45180
3.56992
1.77195
1.40559
3.28892
1.74892
3.11318
3.85169
3.78841
3.03626
3.81081
3.64453
0.59069
3.93801
3.68177
3.10299
4.07254
3.24519
3.43333
3.76185
2.30173
3.79186
4.13198
2.83304
3.75921
2.11081
3.33278
1.00585
3.76928
3.80978
1.80500
1.45424
1.94571
3.58553
3.47228
3.89669
3.54565
3.85192
2.57853
1.59580
3.75524
2.53150
3.63104
3.61510
2.99065
2.85971
3.71672
3.60807
2.58738
2.87366
1.25460
3.35262
1.10133
3.05192
3.29789
1.60463
3.32661
2.18568
3.89199
2.42054
2.01567
3.59302
2.95727
3.37394
3.58612
3.17232
3.24036
3.87908
3.22341
4.03828
3.13501
1.05466
3.66469
3.01038
2.78465
2.77270
1.19673
2.29281
3.57201
3.37559
3.86141
3.09485
3.79990
2.02559
1.29476
2.12601
3.45860
1.13783
2.71418
1.57656
3.78587
2.03955
3.88944
3.58713
3.55438
3.03527
1.62132
3.17020
3.90539
2.60570
2.82221
3.66735
3.27189
1.30900
4.04849
3.77934
3.53707
0.43089
3.58353
1.18400
4.10036
3.25124
2.62917
3.57015
2.47277
3.18383
2.13650
3.86595
3.35143
1.29306
1.95758
3.05244
3.03475
0.52709
2.41613
3.23704
3.79898
2.92478
3.84565
2.62228
1.02549
3.48815
3.84171
4.09559
3.63400
1.28162
0.96870
1.95304
3.39983
3.98969
1.85176
3.59922
3.65958
3.62126
2.15231
3.41131
3.09281
2.59876
3.67538
3.11805
4.17665
3.50467
2.98841
3.96419
3.41794
1.93325
3.93201
3.68970
4.02894
3.59451
3.50172
3.57292
2.98030
3.50400
2.59562
0.53513
3.65814
3.56954
1.65725
3.85019
3.53069
2.51141
2.55149
3.16016
3.60913
3.92992
3.97623
1.89412
2.86367
3.58469
3.69729
1.37787
1.85664
3.25822
3.90808
3.17004
3.24929
1.35583
2.85431
3.06680
4.00591
3.23839
3.80842
2.34991
3.61896
4.00719
4.00572
3.67113
4.03087
2.52723
1.33933
3.15880
3.32509
2.21000
3.68215
3.88390
3.31716
1.51916
3.02061
2.49472
1.73691
3.53481
2.35486
3.47865
3.15411
1.49783
0.34115
3.94622
2.92180
3.30087
3.69471
3.59885
0.36064
3.47056
2.72176
3.51288
2.88393
2.42058
1.59834
3.28889
3.56447
3.70827
3.73168
2.75709
2.39081
2.87043
3.65891
2.02281
3.58832
2.40329
2.98657
3.58404
2.56860
2.79097
3.51503
3.80416
3.88017
2.41007
2.47359
2.62693
4.00692
1.68615
1.51230
2.18987
2.44323
3.39879
3.49692
3.67007
3.13115
3.01902
4.08491
3.69450
3.25753
3.46349
3.86864
3.07725
3.38869
3.76557
3.23908
1.53430
3.47361
1.75075
3.70660
3.10334
3.95390
3.90546
3.56505
3.04118
2.99396
3.61629
3.56222
2.33029
2.65809
3.47079
3.58059
3.81043
3.08378
3.90670
2.10797
2.69468
3.64530
3.92118
3.72308
3.14170
3.82504
3.65548
3.59196
3.74413
3.24895
3.81559
3.78048
3.59301
3.36912
2.58717
2.81806
2.15421
2.74074
4.08625
2.46944
3.83781
2.15097
3.61366
3.74287
3.48851
3.14180
3.77128
1.64963
3.58923
3.49202
2.87516
2.55968
3.22916
2.39957
3.60727
3.28459
1.50260
2.06233
1.14138
1.32490
3.70197
3.49310
3.94783
3.99557
3.67549
3.49171
2.42508
3.79017
3.61583
1.98372
2.75696
2.96167
3.42679
3.24986
3.57128
3.47371
2.77151
3.66278
3.53739
3.44723
3.06838
3.77791
2.45624
3.79232
3.29848
3.48596
3.89387
2.83500
3.99992
3.74205
2.71942
3.69572
1.29687
3.80084
1.49738
3.90904
3.37909
3.17117
3.45238
3.51798
3.33510
1.91545
0.87022
3.75213
2.14157
2.84239
2.11185
3.66650
2.40106
3.40178
3.87987
3.56630
3.42444
3.95272
3.52306
3.67440
3.59803
1.26694
3.02165
3.84291
3.93550
3.57870
2.96340
0.95055
2.77674
2.20323
3.96314
3.00471
3.72710
3.55238
3.61213
3.83559
1.76901
3.25577
3.28790
2.87486
3.63709
2.49030
2.59541
1.78539
3.39573
3.48113
2.83853
3.27187
3.37453
2.85913
3.65680
3.51687
3.43030
2.59058
3.41323
3.74201
3.23390
3.87968
3.50281
3.68730
3.15186
3.62844
2.23751
2.51184
1.92448
2.90487
3.47010
3.64464
3.61814
3.09326
3.78122
3.86182
3.66791
3.52874
3.02144
3.96391
3.88212
3.23817
3.11865
3.94957
3.93523
3.64174
2.55420
2.53013
2.99276
3.79781
3.54040
3.40099
3.77186
3.14910
3.38460
2.18249
3.70495
3.86507
1.42815
3.96107
2.83893
0.36937
3.95121
2.34204
3.41708
2.46069
3.33367
3.67513
1.83410
3.46094
1.98427
3.96536
3.29500
3.11177
4.12401
3.61680
2.62677
1.29868
3.58052
3.24613
4.02413
1.95128
2.63860
4.00174
3.56477
3.51424
1.15341
3.88120
1.96075
1.70726
2.54319
3.59633
2.74005
1.68146
2.76534
3.53067
3.24908
3.09120
2.54083
3.75376
2.91650
3.59446
3.66679
3.93451
3.68710
3.24837
3.74430
1.25884
3.69938
4.01945
3.66029
3.51204
2.46797
3.44458
2.68769
2.27013
3.75301
3.62893
3.35738
3.53099
3.49609
2.62541
3.86897
2.89894
4.00125
3.71630
1.32230
1.43246
3.43409
3.86562
0.65925
3.57880
0.76431
3.37891
4.04099
2.88870
3.66433
3.45170
3.38951
3.53149
3.27833
3.47416
3.49944
3.57292
3.58845
3.77252
3.49496
3.21600
3.38064
3.37756
4.03250
2.92793
3.40440
1.86933
2.83563
3.93389
1.37811
2.96212
2.64809
3.83045
3.55720
3.48679
3.36370
3.62745
3.89398
1.02755
1.53251
3.90093
3.12727
3.61204
2.90427
3.71417
3.59142
3.41951
3.82436
2.71103
2.15888
3.39658
4.01581
0.75116
3.66440
3.82777
3.07242
3.26298
1.42653
3.48532
3.20768
3.99304
4.04783
0.72953
3.79095
1.44846
2.63979
4.06515
1.93699
3.47845
3.59436
1.49756
2.60109
3.62776
3.85695
4.09414
3.43065
3.89172
2.59430
2.93407
3.53250
1.96706
1.28970
3.89563
3.82241
3.24340
2.76071
3.76386
3.31060
3.65360
3.41206
3.73024
3.75420
2.81721
3.84005
3.72807
3.84004
2.60358
3.46383
3.75632
2.41824
2.25551
3.89676
3.19299
1.84985
3.68396
3.84109
3.26884
1.70370
3.93857
1.46429
3.81770
3.36626
3.36215
2.63151
0.96545
3.96667
3.53838
3.07678
2.33391
3.58289
3.42958
2.36748
3.19543
3.51324
2.70712
3.28404
2.23090
3.45155
3.79250
3.71475
3.11618
3.22819
3.85454
4.04555
3.45969
3.41622
3.01491
2.09196
2.80149
3.64742
1.48406
3.03891
3.50050
2.76928
2.24664
3.78564
3.26794
3.68918
3.16279
3.80442
3.64280
3.23013
3.30959
3.94547
0.58184
3.73789
2.86482
3.59757
3.61845
4.00098
3.77569
3.92048
2.29402
1.53844
2.16594
3.96596
3.67352
3.65257
3.72371
3.84217
1.33587
3.27462
3.72492
3.57754
3.17446
2.13960
3.34571
2.49994
3.63975
2.45812
3.51455
0.87287
3.78473
1.10274
2.19889
3.78827
3.14857
3.67480
3.12398
2.64090
3.58686
2.31662
3.11826
3.97332
3.88422
2.92400
3.68649
4.01763
3.45873
3.41493
3.76686
3.07669
1.64757
3.51956
3.16889
0.78446
3.80623
3.24639
2.97997
3.11306
2.96185
3.49086
1.30936
3.36264
1.98301
1.18313
3.71459
3.25218
3.85691
3.42771
2.35672
4.00269
2.07599
2.96027
2.94054
3.07578
3.53131
3.72613
3.22152
2.67831
3.16612
3.44144
1.48140
3.20095
3.65826
3.35229
3.79525
3.50885
2.51756
3.29849
3.74936
3.88996
2.64644
3.95338
3.84089
1.98252
3.57141
4.00418
3.60516
3.24404
2.92945
4.03185
3.65950
2.93873
1.86493
4.08580
1.90019
2.74810
2.80449
2.74582
3.10609
2.82053
3.38283
3.59782
0.70375
3.91427
3.46539
3.89212
2.03445
3.18179
3.56387
1.75315
2.39777
3.75719
3.47790
3.24418
3.78693
2.16903
3.24770
3.66741
2.24839
3.75501
3.46481
3.79022
3.53703
4.01922
2.49064
3.71707
1.62064
2.67868
3.57373
3.62837
3.59190
3.51003
2.56234
3.37028
1.94276
3.81800
0.56915
2.91545
3.54304
1.24782
3.50535
1.85829
3.56502
3.25021
2.78528
2.31322
2.47309
3.25832
3.15341
2.40903
0.42614
2.53119
2.69569
3.69354
2.70153
3.95698
3.77384
3.73093
3.47870
3.47240
3.41742
3.37983
3.50995
3.69016
3.60020
3.80431
2.96858
3.62199
3.18945
2.95725
3.53264
3.92587
3.70303
2.95112
3.35276
2.96971
2.20230
3.75658
3.35157
3.58143
4.12370
3.98678
2.73721
2.62290
3.54199
3.49302
3.90064
3.48267
3.79110
3.29590
2.44459
1.07724
1.55350
2.15333
2.96763
3.93175
3.68803
1.95733
3.16370
3.79262
1.92422
3.77484
3.83379
1.87794
2.70712
2.35961
3.38471
3.45337
2.43417
3.52186
4.03915
3.88006
3.83625
3.85754
3.10468
2.10990
3.28400
3.28771
3.59897
3.18532
3.47192
3.35399
3.63344
2.01551
4.05373
3.47762
3.54248
2.17453
3.89309
2.92729
3.74560
2.54603
3.95706
3.22375
2.17773
2.76897
3.92053
3.95915
3.76765
2.76808
3.39909
3.21924
3.83539
2.54666
3.52761
3.66982
3.79958
3.33890
3.90428
3.80212
3.25155
3.76852
3.57241
2.95116
3.68596
2.80212
2.92327
3.91200
1.53202
2.66873
3.62234
3.82446
3.23191
2.60312
1.92893
3.49233
3.38153
1.95491
3.53640
1.92099
3.55775
3.15412
2.80358
2.79902
3.65851
3.14858
2.56744
1.92291
3.36611
2.99261
3.17863
3.39864
2.26717
2.96540
3.68333
2.12923
2.32931
2.24018
3.46982
2.35276
1.24263
2.97643
3.54264
3.89633
3.01713
3.25983
3.19607
2.51928
1.09427
3.04139
3.17796
1.86062
3.60904
3.13411
2.56252
2.89549
3.36714
1.63486
3.24788
3.99768
0.42510
1.19340
3.67920
2.70102
1.78223
3.78985
3.56335
2.99251
3.18825
3.53852
3.13162
2.15854
2.46221
3.49211
2.90450
3.49314
3.51583
3.59549
3.61284
3.63688
3.88668
3.46681
3.82740
3.95128
1.99662
3.94875
2.06782
3.20237
3.89122
3.07817
3.24371
4.16402
0.60487
3.77761
2.81376
1.38822
3.24289
3.36834
3.16553
3.89242
2.77383
2.42244
3.88242
3.78553
3.17056
3.70913
3.77259
4.11066
3.92069
4.07002
3.24109
2.93950
2.59605
3.37270
3.13536
2.42278
3.39567
3.50851
3.85916
3.67503
3.35880
3.28548
3.66789
2.40177
3.69808
2.14886
3.66387
3.59766
3.35588
2.20932
3.16444
3.20858
2.09119
3.66693
3.48702
3.87894
2.07614
3.37002
3.68877
0.42332
3.47324
3.70629
3.97981
1.93211
1.65169
2.53044
3.65463
3.45862
3.51838
3.13643
1.67911
2.20625
0.71765
2.66121
3.78497
2.77201
4.09115
3.22981
2.60121
3.95329
4.03912
2.57547
4.04959
2.15665
3.88207
3.74605
2.53544
3.85707
3.36772
3.11285
3.54171
2.47999
3.33324
0.23455
4.14938
3.83493
0.65699
3.47526
3.06195
3.69208
3.66365
2.79990
4.01762
3.07106
3.57135
3.50470
3.75283
2.60533
2.21617
2.34366
2.28270
3.94226
2.73959
3.96284
3.27523
1.43545
3.04640
1.49159
3.23041
3.69277
2.27608
3.89020
2.58689
2.73864
3.21078
3.93563
3.68633
2.19018
1.21369
3.22767
3.70464
2.97170
3.86198
3.23632
3.08164
2.51277
2.53144
3.69132
3.31066
2.57528
3.91123
3.55555
3.19378
2.98477
3.65510
2.09677
2.41944
3.88991
3.83692
3.51927
3.58921
1.79190
2.86787
3.81090
2.05781
3.73589
2.74245
2.33194
3.64959
3.17689
3.84731
3.70377
3.36967
3.68785
4.10027
3.72059
3.86162
1.33386
3.57912
1.45769
2.29132
3.88531
2.87052
1.72720
3.75052
3.61643
3.36820
3.58734
2.55510
3.20281
3.64594
3.47517
2.19228
3.98645
3.82889
2.54415
2.85720
2.09876
2.38531
2.71534
3.26291
3.75484
4.14814
3.75138
3.15046
3.66089
4.02390
3.57124
1.51971
2.97651
3.16766
3.50324
3.22178
3.84552
3.48302
3.23855
3.64700
3.80223
3.28243
3.67994
1.97937
3.97006
0.74637
3.57348
3.41233
3.68546
2.31871
3.01118
3.40305
3.07881
3.18062
3.26514
3.83101
3.58805
3.39997
2.97181
4.09286
3.54726
3.04051
0.96126
3.57343
3.56246
2.36802
2.51990
3.80063
3.57316
0.93367
3.72891
3.31717
2.08705
3.13436
3.72205
3.33956
0.18110
2.34223
2.57877
3.32521
3.84620
0.63413
1.24738
0.84742
3.83921
0.18825
3.49860
4.10560
3.34354
3.67460
2.33012
1.12623
3.68477
3.57746
1.85661
3.73698
3.04646
2.08786
3.75691
2.18550
3.60787
3.02309
0.69284
3.72039
2.96171
3.59797
3.44721
2.22575
3.64248
3.96091
2.65364
3.37587
2.31249
1.21863
1.96623
2.09961
3.53027
2.13562
3.61670
3.65194
3.81793
2.93179
3.36629
1.48294
3.09350
2.52127
3.91149
3.65274
3.28798
3.82831
2.96239
2.65884
3.53556
3.40764
3.30372
3.53918
3.28717
3.61561
2.88409
2.61346
2.54015
2.39190
3.04098
3.72668
3.58744
3.37668
3.36742
3.96976
3.61393
3.30890
3.71045
2.19068
3.12614
3.53738
3.82889
3.19301
3.63349
3.66519
3.53343
4.11116
3.25287
1.88129
1.68274
2.97273
3.57700
2.84497
3.18412
3.60404
0.47537
3.45758
3.89092
3.34128
3.87255
1.15275
3.74472
3.98552
3.51598
3.96025
3.31280
3.81507
3.82230
1.92886
3.69070
0.07092
3.71330
3.88680
2.95418
3.61114
3.58982
3.53848
2.60663
3.09861
1.94459
3.01478
1.54943
1.44209
3.08533
3.37674
3.39750
3.57583
2.89973
4.05618
0.65428
3.72042
3.13230
2.84542
3.25907
3.41453
3.68288
2.39041
3.65909
2.86010
2.49482
2.91940
3.41315
1.50614
2.20993
3.87019
2.73555
3.34119
3.94624
2.56423
2.86793
3.40113
3.00778
2.52977
3.64726
3.75502
2.27757
4.15496
3.21495
2.02870
3.90070
2.31652
3.18971
3.62864
3.74619
3.85268
3.94341
3.35802
3.26864
2.00346
2.95091
3.77663
3.20842
1.36664
3.98670
3.87538
2.83987
3.43722
3.80060
3.96175
2.42657
3.53858
3.03680
4.05179
3.37023
3.04802
2.66980
3.25332
2.52692
3.87364
3.82945
3.12413
2.49063
2.93620
2.92203
2.65051
3.40016
3.59359
2.30290
3.47068
2.91387
2.76818
3.23895
3.36025
3.77548
0.36353
3.58491
2.22220
3.51888
2.09709
2.92974
3.68629
3.48196
3.36814
1.67967
3.29623
3.89693
3.92651
3.95513
1.69449
3.94626
3.75427
2.54411
3.47554
0.24877
3.72447
3.21765
3.61713
3.13610
2.41290
3.96174
2.08035
2.97357
3.70088
3.58034
3.72884
2.49589
3.62675
3.82116
3.36640
3.27316
3.75705
3.90822
2.69939
3.72284
3.74985
3.01448
3.79438
3.64973
3.64995
1.54168
3.09142
3.68388
2.92920
2.26437
2.55157
1.83262
2.23766
4.00268
3.80588
3.14394
2.30892
3.45310
3.62668
4.01699
3.36001
3.00664
4.01699
2.59348
2.00783
3.67640
2.27061
3.82059
2.89799
1.95641
2.36766
4.01131
3.43379
2.17976
3.18460
3.64389
3.71569
3.35691
2.88130
3.44922
1.62563
3.29672
3.30338
2.34410
3.67113
1.88880
1.34629
3.77722
3.90281
4.06017
3.48357
2.35726
3.40972
3.52673
2.71751
3.52057
3.32653
3.74048
2.60928
3.91110
3.50753
3.12785
3.65533
4.10548
3.05446
4.01324
3.48712
3.24251
2.62049
3.33592
2.90315
3.01353
3.29636
4.04433
2.72818
2.62419
3.30742
2.68189
0.63185
2.47753
2.77887
3.71514
2.38683
3.78517
2.33276
1.31695
3.89605
3.82633
3.41689
3.42554
2.48594
3.77925
3.46153
3.35974
3.88012
3.92714
3.59291
1.10119
2.96464
3.58553
3.73880
1.16866
2.58332
3.92413
2.39521
2.72036
2.80561
3.46422
1.52533
3.61967
3.68638
0.25340
3.81027
3.88615
0.81885
2.56265
3.76726
3.57622
3.45760
3.22207
3.27929
4.13180
1.21557
1.47318
3.38138
3.43815
2.23030
1.78705
3.08090
2.61948
3.34228
3.35677
3.47503
3.81782
3.76153
3.56916
3.50211
1.53918
1.46940
3.62370
3.92288
3.12964
2.63546
3.07070
1.83391
3.79417
2.19853
2.98950
0.72869
3.46366
2.12239
1.32017
3.47232
3.70004
2.44507
3.12243
3.87170
3.54959
3.65248
3.94618
3.26551
3.13854
3.90105
3.37503
3.39238
1.80941
3.44121
3.38325
2.63630
2.99445
3.47183
3.27265
2.77803
1.97757
3.48500
3.52582
3.59194
3.71421
3.33169
3.37157
2.98440
3.44866
3.59619
2.69724
3.75914
3.35444
3.05097
1.51017
3.95459
3.45626
2.11597
3.86812
2.83341
3.18740
3.31924
3.34986
1.58117
3.61699
1.95307
3.32363
3.32398
2.97782
3.08857
3.33197
2.09537
3.30399
3.82817
1.56727
3.04985
3.77272
3.77337
4.09577
3.35082
3.89303
1.25397
3.61269
3.38759
3.83402
2.30888
3.94433
2.63932
2.18920
3.55460
3.66548
3.44622
1.96974
1.89341
1.94393
3.37954
3.31916
3.50858
3.89139
3.74372
2.92849
2.46685
2.02163
2.52897
3.75507
3.53323
3.74979
3.97727
3.74202
3.03726
2.86621
3.18446
2.61528
1.62139
3.55025
3.43246
3.43932
1.89554
3.61290
2.55462
2.78088
3.91827
3.40304
4.02877
2.96962
3.40228
1.96146
3.05552
2.44715
3.39040
3.67094
3.72488
1.54647
0.57868
3.11481
3.07294
3.25360
3.09498
3.84761
2.34005
1.52990
3.88309
4.21841
0.26015
3.18641
3.20721
1.09666
3.96827
3.71884
3.46937
3.92303
2.95807
3.57927
2.81407
3.44089
3.32322
3.43164
3.74626
3.57611
3.93281
3.35560
3.51631
2.21943
3.96046
2.21338
2.77593
3.78232
3.38602
2.92011
3.61199
1.15506
2.97680
1.87586
3.02353
2.62735
3.83191
3.54880
1.98791
3.13260
3.61284
1.29535
3.26550
3.34763
3.04254
1.02402
3.27489
3.97583
2.60333
3.78867
2.90990
2.83259
3.80368
3.81181
4.00345
3.49594
3.70616
2.91099
3.76555
3.88282
2.06861
2.45394
3.60931
1.26122
3.63319
2.94903
2.82548
3.66068
2.20227
3.86280
1.51743
3.55788
1.17205
1.87567
2.21085
2.97244
2.52675
3.80492
3.51372
3.21902
3.76707
3.52544
3.47841
3.99001
3.29131
3.60582
2.85340
3.11844
2.54430
3.38941
2.11131
3.67701
3.68195
2.43480
2.93472
1.80156
3.39036
2.57689
3.84278
3.98236
3.45643
2.50188
3.12124
1.26460
3.72455
3.85386
3.18175
2.60704
1.44232
0.32953
3.41054
3.01283
2.99689
1.83734
3.34652
2.99980
3.20755
0.67012
1.82920
3.77762
3.90978
3.79250
2.14454
3.24238
3.96134
0.77479
3.87896
3.32229
3.45345
2.62042
3.20162
1.88953
1.63400
3.17003
1.61461
3.66482
1.91534
3.33454
2.93410
3.79716
1.99647
4.00920
3.80096
3.71565
3.48462
2.31534
0.94443
3.73679
3.63198
3.63588
3.75559
3.74590
2.29609
2.71552
3.04883
3.85528
3.46532
2.40767
3.02641
1.38115
1.16836
3.89349
3.71187
2.04656
4.06449
3.68441
3.81244
3.69017
3.75179
2.86339
3.35230
0.79929
3.77135
3.06170
3.38477
3.23438
2.45197
3.15968
3.77429
2.88929
3.86139
3.03513
3.13950
2.34529
3.97031
3.79320
2.91560
3.83182
3.82536
3.52711
1.27861
3.73689
2.83550
3.00017
3.57717
3.19635
3.38880
3.07567
1.81377
3.85767
3.20831
4.06333
4.03012
3.24468
3.44740
3.60720
2.89091
2.85945
1.91132
3.46711
3.41574
2.26746
3.37346
2.69529
3.90078
3.55120
2.96910
2.45478
4.02022
3.62535
3.57396
2.94616
3.86595
2.03199
3.72309
3.84274
3.41066
3.66749
2.39203
3.90145
1.95662
2.72888
2.19980
3.79679
3.13014
3.62643
2.75213
2.76661
4.01507
3.67254
3.19135
1.02732
3.18900
3.51301
3.00474
3.70847
3.71596
3.29462
3.89331
3.66670
3.95162
4.03638
2.11476
3.43873
4.06779
3.38559
3.11375
3.52759
3.43418
3.24693
4.11050
2.03262
2.68493
1.34501
3.73645
3.46843
3.67898
3.95775
3.44076
2.98813
3.39757
1.56980
3.06463
3.73306
3.89865
3.04153
3.34803
0.77785
4.05039
3.42472
2.64411
3.10257
2.24991
1.53283
3.77058
3.23041
3.93373
3.89934
3.55412
3.51898
3.34819
3.48054
4.00574
3.31236
3.29309
3.74704
3.64003
2.69740
3.67177
3.41005
3.11916
3.17786
3.21328
2.88475
2.91031
2.92478
3.50142
3.43032
3.29072
2.44181
2.14051
3.86883
3.40042
3.44399
3.97970
3.72233
3.73177
3.12396
3.90209
2.63577
3.86054
3.49397
1.56959
3.37252
3.49533
3.94272
2.21781
3.96715
4.09788
3.85292
3.56026
3.54666
2.62699
1.92390
1.15690
3.55935
3.83694
3.23782
2.13123
2.45644
2.16975
2.95352
3.90901
3.50754
0.92927
0.46553
3.74227
4.07968
3.14824
2.78343
3.01572
3.57671
3.50193
3.79268
2.59216
2.65272
4.02647
2.39078
3.64751
3.83162
3.75495
2.81862
3.73744
1.86895
2.66159
2.93355
2.86566
0.90774
3.89045
3.27845
3.81768
3.71167
4.01260
3.24018
3.72032
3.45686
2.53616
3.99171
3.83026
3.61896
2.95503
3.71597
3.79295
3.06460
3.71769
3.40972
3.52866
3.61286
2.81436
2.90561
3.02871
3.39098
3.98369
2.29436
3.43742
3.76615
3.85818
1.99884
3.77547
2.69707
2.98538
4.10224
3.61869
3.50562
2.85858
3.53117
3.62813
1.70389
2.97147
2.88799
3.96250
3.74832
2.96868
3.55224
3.73145
3.83807
2.66704
3.57631
4.01192
3.06462
3.23481
2.86396
3.10717
1.96509
3.74663
1.47268
4.26060
3.34677
3.49718
3.47574
3.79779
3.18888
3.56332
3.69042
3.56939
1.53854
3.00949
2.27093
4.04747
3.81538
3.86097
3.29358
2.99146
2.03143
2.74397
3.46747
3.86713
4.20235
4.01810
3.40086
3.38613
3.48906
3.41244
3.84800
2.46638
3.14935
2.37672
1.67592
3.20757
3.23000
3.88403
3.34691
3.19370
2.26084
4.03126
3.40340
3.41364
2.18957
3.37351
3.16975
3.20343
3.62454
2.44594
1.52352
3.02541
3.39164
2.26435
2.97553
3.32183
2.40991
4.00608
1.18199
3.23685
2.74040
3.27702
4.15073
3.08694
3.83860
1.84826
3.07709
3.63870
2.86546
2.12530
3.25647
2.42129
3.67142
2.14916
2.13346
3.13081
2.23314
3.82980
2.70063
3.90787
2.23522
3.46330
2.87793
3.15101
3.26095
2.85251
2.86362
2.03726
3.43672
1.21463
3.62144
3.04569
3.37483
0.91419
3.52731
2.85754
3.28602
2.72953
3.78485
3.56997
3.80452
4.01647
2.49276
3.42698
3.64974
3.60606
3.93705
2.45213
3.47211
1.29387
3.64427
3.08553
3.58282
3.59084
3.33649
2.33502
3.05029
3.85340
1.53744
3.43914
3.58124
2.12888
3.13681
3.28183
3.34048
3.39987
3.77749
4.07088
2.88462
1.72690
3.60919
3.61797
3.81032
2.75164
2.68346
2.04334
3.33642
3.78715
4.07729
1.15963
3.38877
2.75147
2.84927
3.26369
3.90141
2.89079
1.70624
3.28092
2.31150
3.12401
3.30859
3.24175
3.97365
3.68149
3.26435
3.72389
3.25594
3.43833
2.67979
2.83835
2.59380
2.18162
2.53845
2.83913
3.03183
3.51460
3.58240
2.96030
3.52412
2.99559
3.86307
3.38325
3.75337
3.31947
3.82517
3.08784
3.22213
2.91090
3.47554
2.95254
3.57058
3.52050
3.72546
3.08066
3.87586
3.45099
3.56808
3.90594
3.72017
3.39211
3.39754
2.89893
3.60578
3.59487
3.77350
1.11107
3.65861
3.92083
3.84181
3.60318
2.51269
2.76379
3.42896
2.88967
3.84295
3.54373
3.98352
1.84609
2.09947
2.94222
2.05782
3.46252
0.12440
2.93639
3.93637
3.61304
4.02019
3.29019
2.43619
2.46179
3.61108
1.68693
2.36668
3.86456
3.14007
3.02884
3.49298
3.71636
3.62758
3.72753
3.51816
3.23505
3.60194
3.06409
3.02310
3.93126
4.00375
1.35490
2.83895
3.87351
3.90432
1.64928
1.80208
1.89468
3.81905
3.57263
2.67908
3.86047
2.41790
3.99079
3.59926
3.64531
3.86348
3.54836
2.67807
1.79923
3.22791
3.88172
3.71023
2.08448
1.13673
3.63335
3.27153
0.99081
3.69675
3.84498
2.63271
3.64873
3.30058
3.71322
2.69259
2.18622
0.54887
1.82460
1.46881
2.15642
3.84129
2.09495
0.65096
3.61376
2.32615
1.53795
3.35788
2.32703
2.88626
2.76615
3.55557
3.40660
3.60371
3.96934
3.72816
3.53723
2.08716
1.14491
1.57010
4.11693
3.67641
3.56926
3.55597
3.24090
1.79637
3.79676
3.96644
1.75657
2.81011
3.56365
2.46385
3.68460
3.26874
2.72081
3.53787
3.98951
3.56469
2.13082
3.98576
3.64157
2.92814
2.31734
3.65872
1.59554
3.87531
3.51303
2.52905
1.94910
3.44182
3.74923
1.70975
2.00520
3.59334
0.86036
3.87134
3.37496
3.96211
3.37391
4.02317
3.73380
1.37256
3.04797
2.51642
3.70964
3.34805
4.05616
3.44380
3.65582
2.09138
3.58665
3.69805
3.09336
3.75759
3.79212
2.84396
3.69967
3.20494
3.10415
3.01867
3.39984
4.07900
3.20208
3.01989
3.88420
4.15346
3.84173
3.87997
4.09771
3.87646
2.66690
3.54610
3.79640
2.32100
3.51431
3.97310
2.64187
3.93872
3.84302
2.98700
3.35588
3.99273
4.03214
3.05618
3.86395
3.31621
3.82313
2.74472
3.42501
1.21638
3.64605
3.37169
3.22198
1.80144
3.87314
2.25798
2.23207
3.49458
3.63846
1.98572
3.04286
1.58159
3.64536
1.65825
3.60284
3.15221
2.54734
2.80747
2.47677
3.93312
2.95698
3.99137
3.56988
2.65620
2.76191
3.68988
1.68252
2.97795
3.84124
3.40865
3.11461
3.24523
3.76431
1.94796
3.62362
3.98686
3.78375
4.01342
3.59136
3.65312
0.52683
3.45725
2.92082
2.41642
3.84322
3.35286
3.92520
3.18234
3.65792
3.41999
2.56203
4.00464
3.26948
3.85236
2.86341
3.90649
3.43196
3.55935
1.56327
3.54849
1.29194
2.93105
3.74302
3.52909
2.89186
3.69060
3.83374
3.76730
3.14873
3.86634
1.92496
2.50312
3.70850
2.80139
3.16262
3.99154
3.54732
3.85963
2.68610
1.74962
1.55484
3.51149
2.22175
1.23532
3.62023
1.45502
2.66072
3.99810
3.72169
3.86148
3.41527
3.53852
0.02990
2.86116
3.00263
0.90796
3.85896
2.60360
0.09645
2.31939
3.81245
3.33595
3.96900
3.30471
3.93162
3.86217
3.53470
2.12596
2.57152
3.30703
3.93787
1.01213
1.24394
2.95867
3.92334
1.64904
0.16573
3.99918
3.10616
2.86082
3.30600
3.64551
3.62099
0.69999
3.57179
3.60704
3.38073
3.42248
3.10700
3.60754
3.60950
3.27949
1.44655
2.32758
2.74652
1.27602
3.75577
3.32989
1.74658
3.41545
3.43223
2.22088
3.26683
3.71283
3.90081
3.06304
3.46407
3.67270
3.43660
3.06370
3.62227
3.40441
1.99127
3.82893
3.23923
0.36812
3.31885
3.43989
1.83037
2.80350
3.82946
3.36845
3.60058
3.72502
3.57135
3.53240
2.95158
2.45941
2.65319
3.36715
4.01031
3.57703
3.78954
3.50905
2.66662
1.58237
2.91803
3.64811
3.66327
3.59598
3.62102
3.74006
3.70010
3.40933
3.63786
3.14595
3.19096
2.78527
3.31193
2.09166
3.17891
2.21343
3.84183
1.07621
3.69476
3.89694
3.82469
2.50292
3.50083
3.30246
4.04156
3.55544
4.03505
3.59149
2.74091
3.46970
3.81129
3.87453
1.94235
2.86288
4.17968
2.96657
3.34342
3.39287
3.07158
3.69178
2.40701
3.32315
3.49297
3.78512
3.78471
3.84878
3.08986
3.54247
3.88004
3.50442
4.04011
3.21719
3.89063
3.64980
4.11525
2.10626
3.98971
2.75944
2.85159
4.07423
3.85561
4.10071
1.29873
3.37039
3.76289
3.93819
2.98689
3.93141
1.69455
4.11549
3.89860
3.59447
3.12381
3.93613
1.36777
1.88840
3.70639
3.42867
3.74713
2.69530
2.63335
3.59270
3.86410
4.09364
3.56427
3.48178
3.56234
3.89200
2.18711
3.12706
3.34366
3.38520
2.31245
3.38100
2.77244
3.56368
2.24056
3.81283
3.46328
3.82803
3.94678
2.10519
3.60716
1.64866
2.74788
3.48445
2.87955
3.76814
3.32062
1.95379
2.68961
1.18584
3.31232
1.31784
3.71477
3.69094
2.77281
3.81959
3.12693
2.51717
3.65974
3.10223
3.62059
3.21863
3.45267
4.04610
1.73373
3.97761
3.28323
1.82057
2.50205
3.57567
1.95102
1.92109
3.78095
3.77094
3.45837
3.78366
2.38939
3.73953
2.65363
2.86796
2.76348
2.80716
1.24558
2.03677
2.07406
1.65098
0.74002
2.52224
3.72155
3.30660
3.62087
2.98215
2.57520
3.33913
1.55585
0.72370
2.12987
3.68187
3.48889
3.58449
3.41505
2.02185
3.01143
2.03979
3.65642
2.16803
1.92012
3.84523
3.59164
3.60238
3.97634
2.82993
3.67711
3.19382
3.77820
0.76056
3.20487
2.70718
3.29559
1.78901
2.59019
3.07310
3.51018
3.37131
3.00203
2.44075
3.92728
3.07448
3.76045
2.87294
1.47484
3.77604
3.24533
1.99978
3.60492
3.20747
2.96943
1.32800
1.61827
3.63741
3.90213
3.32802
3.06931
3.94973
3.07820
3.62004
3.78620
3.42770
3.86406
3.28263
3.78715
3.92937
3.11060
3.32803
4.10081
3.49046
1.78770
2.78024
3.38279
3.70870
2.06231
1.61848
3.26594
3.07695
1.84479
3.82266
1.15511
3.52489
2.66732
3.66874
2.90701
2.89089
2.70959
3.17287
3.40859
3.54966
3.07007
3.90695
2.23364
3.17243
3.46363
2.35918
3.73783
3.27678
3.35367
3.59994
3.75838
3.11120
1.70988
3.70063
3.15579
3.78860
4.14700
3.61668
3.76354
3.87450
4.05418
3.65765
3.41233
2.96081
3.86462
1.55368
3.76605
3.58547
2.82570
1.75064
3.33697
3.57372
3.60324
3.73233
0.58783
3.72053
1.17258
3.54843
3.85250
2.84247
3.82064
3.18518
3.69726
3.97726
2.73531
3.41961
3.44941
2.95759
2.90245
2.13577
3.31573
3.67580
1.95760
4.06301
3.88365
3.25298
3.69998
0.15534
2.74751
2.08879
3.73793
3.41770
3.62997
1.90436
3.55883
4.05249
3.03079
3.68386
2.40703
1.79853
4.02524
2.67686
3.34205
2.04267
3.81059
3.76938
3.96929
4.01380
3.39838
2.04963
2.80525
2.72125
3.55208
3.03000
2.98439
3.40992
3.55522
4.06993
3.36483
2.95392
3.17543
3.67123
2.96639
3.53477
3.00128
2.89606
3.09433
3.48472
3.09968
2.53732
3.66795
3.44310
2.09641
3.46076
3.62085
3.24476
2.51351
1.73585
2.72037
2.69327
2.50441
3.05226
3.73386
3.55628
3.81288
2.88337
3.12810
2.79775
1.68937
1.61204
3.25258
3.32225
2.00097
2.55145
3.17392
3.39346
2.55586
2.18683
3.37839
2.01374
3.55775
3.91049
3.58381
2.75880
3.03127
2.97497
2.87689
3.82526
2.56266
2.14117
3.60276
3.00915
2.06060
3.91120
3.88940
3.13863
2.67552
2.23729
3.86201
2.23035
3.62042
3.47899
2.80198
3.50417
3.39274
1.61980
2.17671
3.62064
3.52543
3.66120
3.45377
3.36279
3.64673
3.55496
2.32894
3.79278
3.37954
1.85605
3.25649
4.02456
2.85122
3.87599
2.25544
3.83851
3.14959
1.17608
2.07318
3.94407
3.55700
3.80131
3.14316
3.71240
3.03716
3.71981
2.83669
3.08831
3.58095
4.10145
3.23732
3.62202
3.41752
3.47336
3.42386
2.95632
3.60127
3.73621
3.26782
2.81431
3.49176
1.90333
3.19982
2.61358
1.85122
2.48807
3.65167
3.75546
1.60791
3.88644
1.13277
3.13108
2.19335
3.89982
3.52160
4.13320
3.03677
3.33220
2.99837
1.70457
0.85033
3.79971
3.61179
3.33936
3.31280
3.22839
3.14528
3.80947
3.16004
4.03896
3.77840
3.66330
2.26113
3.73197
2.58769
3.07920
3.55592
3.17709
3.31131
1.11311
1.28306
3.56161
1.33953
3.24593
2.30106
3.78849
1.60061
3.91868
0.74889
2.82010
2.44988
4.04330
3.89508
2.75837
1.64448
3.06629
3.59076
3.61421
3.78191
3.11094
4.04556
3.61437
2.29553
3.60538
2.35953
1.88368
1.75045
3.65271
3.76954
3.97540
3.29857
3.56750
3.86386
3.49994
2.77782
2.76720
3.70471
3.58086
3.39395
4.11214
3.87714
4.09196
3.57514
3.62243
1.30361
2.38399
3.88473
3.22092
2.97658
2.62366
3.14071
1.21032
2.43227
2.89505
3.08277
3.81044
3.57637
2.25356
3.55633
3.32208
3.69480
3.45985
3.64599
1.54259
3.23921
3.90138
3.06755
3.53146
3.86385
3.31728
2.75430
0.74008
2.99385
2.11772
0.45958
3.16548
2.81326
3.28444
2.80768
2.65002
3.66394
3.69242
0.88554
3.87933
2.11734
3.71527
1.83256
3.98906
3.46525
3.02582
2.67621
2.19575
3.05879
0.76693
3.33917
3.08261
3.18612
0.71299
0.63909
2.26670
2.87434
2.20659
2.49048
3.46363
4.00685
3.47695
3.42583
0.47103
2.83135
2.00000
2.05864
3.79756
3.29113
3.13617
3.37231
3.82385
1.46487
1.33167
1.32257
4.10543
1.09617
2.73448
3.76063
3.94450
2.00753
3.11653
2.86442
2.88357
3.69919
3.73358
2.99302
3.17219
3.01301
3.42733
3.48396
3.53342
3.18610
3.66529
3.47655
2.40571
3.53490
3.87514
3.65091
3.68387
1.08627
3.24818
3.41609
2.88228
3.74016
3.33105
4.03479
3.49287
3.27235
3.57518
3.19951
3.51352
3.19776
2.65635
3.77910
3.60325
3.74089
3.64456
2.37221
2.34938
3.36356
2.28128
3.60974
4.05550
1.96555
2.02493
2.26298
3.34128
1.41225
3.06236
3.70346
3.75348
3.80863
3.52131
3.68539
3.64977
3.55055
2.06856
2.79705
3.20622
3.20596
3.43739
3.63593
3.70686
3.64691
3.08315
1.74965
2.56743
3.59856
4.15505
2.97528
3.05245
3.94060
3.31899
2.87789
3.86231
3.40832
3.44278
3.68414
2.51852
2.77103
3.02476
3.97790
3.85207
3.44558
3.71382
3.52118
2.34535
3.18042
1.65739
1.78565
3.71891
3.97232
3.90832
1.94946
3.90643
3.62311
3.26969
3.22366
3.03831
3.68597
2.04732
3.49388
4.18122
3.85680
3.51126
1.15864
3.15864
1.07119
1.36329
3.44919
3.88390
2.46022
2.35779
3.95448
3.87457
2.82646
1.83780
3.69076
3.30097
1.86239
2.37657
3.29265
2.17034
1.91695
3.70921
2.58076
3.62024
2.69618
3.51110
2.94860
2.20075
4.01254
2.53254
3.16060
3.44245
3.92710
3.41573
3.21808
3.57955
3.27308
3.46713
1.59520
3.86145
2.26815
3.35957
3.26807
3.36381
3.25325
4.09185
3.92742
3.85223
3.32797
3.22635
2.58846
3.21928
2.11045
0.64374
2.86336
3.88821
3.58954
3.91679
2.56760
3.70554
2.33357
3.71897
3.96451
3.54136
3.77085
3.76696
1.86309
1.99909
1.92137
3.66296
1.15804
2.99271
3.30402
2.97816
2.51000
3.72892
2.80300
0.79575
1.57841
3.67438
3.65082
2.16307
3.73634
3.56745
3.88282
3.43463
3.18059
3.48523
0.93440
3.63724
2.61205
3.79350
3.14347
1.70351
2.75353
3.55408
3.80730
3.79192
1.35611
3.45261
3.20139
1.91689
3.87826
3.81170
2.76700
3.43201
2.99526
3.62483
3.15424
3.28012
3.28428
1.76054
3.62767
1.97767
4.13625
2.97192
3.83093
3.04735
0.83641
2.80027
2.56094
4.12607
2.18169
3.66026
3.76571
3.94688
0.76766
2.36763
3.85450
3.66650
1.82610
3.39166
2.25688
3.10841
3.50878
3.69479
3.63044
3.54205
3.47900
2.37662
2.50537
3.80780
1.99619
1.35515
2.70142
2.67711
3.70242
3.87376
3.03481
3.77039
2.73369
3.68909
2.30042
2.10280
2.04281
3.61203
3.90253
3.45329
3.99649
3.11063
3.97700
3.54290
2.89134
3.89710
2.03993
1.88495
3.38292
3.74745
3.80111
3.58765
3.65585
3.90089
2.38734
4.16664
3.16435
4.07461
3.64964
3.21884
0.45454
3.96364
2.24069
3.90432
3.34019
4.08251
3.55772
3.80286
3.51775
3.10626
2.13218
2.77080
3.70380
1.85681
3.31645
3.41170
3.38591
3.60124
1.82007
3.22638
3.11769
1.93967
3.39088
3.73801
2.66796
2.10884
2.86624
3.65839
1.57267
3.36091
2.74288
3.45954
2.63105
3.16135
3.59259
3.50097
1.99390
4.03146
0.20164
1.93261
3.34108
2.25959
3.48489
2.96645
3.08134
4.00925
1.83731
2.15156
2.91799
3.39342
0.25921
2.51789
1.99971
2.42962
2.98779
3.20063
3.04575
3.14956
3.61628
4.01196
3.98990
2.88237
3.75349
1.63708
3.57484
2.44350
2.47183
3.98190
3.38977
3.70166
2.93839
2.56065
3.53976
1.37511
2.81983
3.48875
4.02723
3.02880
1.53650
3.70051
3.56773
0.41020
1.77700
2.27560
2.09044
2.28733
2.79683
3.53437
3.44349
3.78646
2.63064
2.78757
1.92261
3.43396
2.14994
3.17506
3.87683
3.60690
4.06261
2.74736
3.62979
2.86809
3.02353
3.75955
3.83816
2.73611
3.32928
3.79948
3.16187
3.49499
3.64134
3.60629
4.12333
2.24790
2.73959
3.79844
4.00820
3.24591
0.61028
3.12815
3.53008
2.77359
3.84114
3.96912
1.61738
3.86287
3.67282
3.85878
4.19222
2.18478
3.13115
3.55915
2.52372
3.83380
3.75336
3.40380
2.82820
2.77993
3.07108
3.34436
3.53854
0.81485
0.92149
3.13199
3.13525
2.00554
3.87791
2.01981
3.84398
2.68653
3.76558
3.68337
0.53961
3.73795
3.85334
2.59856
3.58382
3.28677
2.65383
3.53019
3.22045
3.68434
3.44512
3.81414
3.36493
2.92475
1.68475
3.29162
3.27855
2.37939
3.81309
3.11498
2.61819
3.07925
3.62032
3.53918
2.07920
3.70339
3.51057
2.18902
3.55149
3.65973
3.66146
3.54215
3.12605
2.29030
3.47078
3.27633
3.61371
3.54882
1.75580
3.90029
3.58923
3.62506
3.89638
3.77224
1.85509
3.75984
3.56451
3.05215
2.98492
3.10530
3.11802
2.54393
2.49982
3.37973
4.03295
3.09012
2.96899
1.68179
3.40630
2.89856
3.81197
3.94001
1.29860
2.17441
3.76984
3.34498
4.01759
3.36474
3.91607
3.66315
3.67553
0.06912
3.13417
3.95486
1.53473
3.77531
3.59145
3.88872
3.22119
3.67879
3.22890
2.97060
1.46985
3.54458
3.23274
3.27858
3.78857
3.60383
1.00004
3.96452
3.66520
3.53017
3.67551
2.56010
3.90022
3.69844
2.76479
3.07894
3.83681
2.67638
0.57611
2.46789
3.90672
2.39692
3.01952
1.63968
3.98593
2.46530
3.00284
3.07855
3.45103
3.69381
3.57622
3.48815
3.30854
3.27390
1.70535
1.71292
2.00237
2.79452
4.02684
1.59007
1.70685
2.16549
3.29611
3.85687
3.59962
3.62269
1.67622
3.06010
3.19773
1.94768
2.03613
2.15213
3.95840
3.23405
0.62595
3.72919
2.95400
3.63311
3.37060
1.92183
1.05577
3.20845
1.30663
2.89073
1.58231
2.63278
3.47725
3.56632
2.87262
3.37205
3.41319
3.90939
3.87386
2.97785
3.86382
3.56711
1.10963
3.58900
2.99395
3.81012
2.66368
3.87515
4.18817
2.13978
2.22311
3.44223
3.14076
3.49237
2.65796
3.24747
1.79518
3.70375
3.51720
3.86668
3.44684
3.65957
2.45053
3.63590
0.43241
3.92510
1.79792
3.64226
2.78674
3.64117
3.89282
3.63548
3.98678
3.47009
3.62727
2.72798
3.82902
3.39573
3.80684
3.61331
3.64670
3.66525
1.82424
3.90060
3.73953
3.10403
3.23995
3.69644
3.79285
3.61365
3.39372
3.94941
3.42984
3.83421
3.76396
3.37652
2.30975
3.51923
3.84432
2.65423
3.31922
1.98754
3.60342
3.17154
0.96722
2.51596
2.39628
3.00298
3.30414
1.46073
3.86165
3.13818
2.15236
3.80221
3.52054
2.33258
0.97262
3.21877
3.09899
2.44658
3.68925
3.25347
3.49368
3.56507
3.84476
1.91529
3.56867
3.97298
1.62161
2.36063
3.94466
3.76100
3.82156
2.75802
3.27678
2.81578
3.08400
2.97135
3.77132
3.54847
3.37059
3.39925
2.72200
2.73405
3.27806
3.94537
3.80062
3.36773
2.10227
3.55388
3.73572
3.57137
2.11671
3.46248
3.60715
0.75769
3.81659
0.81952
3.56820
2.97311
3.14855
3.25497
3.74627
3.88833
2.56313
3.65556
3.44435
3.35950
2.74767
2.00449
2.20700
1.64465
2.86488
2.69253
3.40760
2.90532
3.74503
3.52401
2.62367
3.77929
1.40557
2.03316
1.97046
2.52235
3.78788
3.52644
0.76099
3.57068
3.47148
3.44268
3.47712
2.68354
1.69805
2.19876
4.02773
3.71627
3.47482
3.33152
3.46375
3.45849
3.70443
3.44966
3.80026
3.85961
3.58282
3.18042
3.85108
2.40930
3.63319
3.73098
2.76705
1.25307
3.14378
3.56937
3.59896
3.20701
3.37235
3.74551
3.05547
3.54591
3.02444
3.03384
2.28592
3.13991
1.98210
3.91433
3.95481
3.46822
1.15030
2.41191
1.65628
3.32255
3.66637
1.90447
3.53682
3.58686
3.10147
3.77941
2.23587
2.03833
3.67200
3.59864
3.29613
2.36006
2.99337
2.68406
2.65143
3.16125
2.73891
1.47513
3.88788
3.05011
3.82743
4.08010
3.48629
3.15739
2.45090
1.25741
3.21775
3.41939
3.80989
3.75734
3.36115
3.33334
3.20158
3.06127
3.74227
2.71981
3.10998
3.24129
3.70899
2.71184
2.74469
3.58246
1.40492
3.86851
4.00931
2.77583
3.72834
1.45597
3.81207
4.01062
3.56582
1.11424
2.26057
3.40314
3.48312
3.58889
3.27883
3.65646
3.63661
3.99169
3.30512
3.95933
3.72506
4.00818
3.45129
3.35462
3.66045
3.66680
3.59125
3.98040
3.34567
2.07943
3.62083
3.52168
3.62997
3.73610
3.92876
3.36540
2.44130
3.84301
3.97275
3.98031
2.78609
1.25791
2.87206
3.13850
1.38437
3.78601
2.65296
3.12512
2.80305
2.90462
2.95124
3.67330
2.57436
3.74066
3.55937
2.04306
1.55542
3.86855
3.70479
2.81480
3.14750
3.01812
2.27650
2.61065
2.88979
2.05052
3.75426
3.45539
4.02707
3.85538
3.88766
3.45230
3.85217
3.71020
4.02799
3.26636
3.87439
2.84505
3.67058
3.08561
2.75610
3.06872
2.05874
2.63370
2.64751
3.45697
2.63007
2.66192
3.67061
3.24619
2.90584
0.70153
3.58123
3.80323
2.70428
2.82834
3.79388
3.36706
3.73374
3.51909
1.92104
3.82098
3.98427
3.80278
3.20387
2.12727
3.24694
2.38572
2.24320
3.69642
3.86227
3.10373
2.73745
2.23069
2.74298
4.02216
3.74112
3.04506
2.49026
3.90088
2.85945
2.83799
3.61091
2.70605
3.40647
3.50764
1.89518
3.35244
0.95179
1.95991
3.47210
3.42989
3.18984
3.60272
2.67726
3.85727
2.90109
3.63794
3.67419
3.74346
1.50927
3.86133
3.54889
2.14759
4.00169
3.43728
3.98601
3.47480
3.79022
3.13806
2.80500
3.98772
3.02984
0.37776
2.31015
2.52780
2.06502
3.31718
3.76464
3.72367
3.76188
3.56573
3.67308
1.24775
2.02202
3.69709
2.66677
1.80836
3.20333
3.27667
3.46866
3.90749
3.79919
3.40593
3.17110
3.73728
2.15450
2.27071
3.68015
3.64101
0.65070
3.77884
0.85519
3.58670
4.10780
3.12249
3.96847
3.59942
2.56941
2.95251
3.47599
3.20527
4.08372
3.32692
3.55772
3.72852
3.59178
3.73852
3.67955
4.03864
3.12381
2.59211
3.81032
2.03647
3.43386
2.24624
3.41416
3.88039
3.84242
3.54584
1.34115
3.74125
3.53410
4.07497
3.40527
3.83988
3.43235
3.85273
2.67308
3.59148
1.18897
3.14627
3.02864
2.57775
3.31156
3.92717
3.62560
2.55618
3.66379
3.94785
2.48658
2.93869
1.25574
3.12979
1.66797
2.31973
2.70443
1.46206
2.60639
3.64379
3.66848
1.44962
3.11035
2.82070
3.46524
2.78173
4.02670
1.76980
1.73525
2.97954
3.87100
3.17103
2.72724
1.01082
3.80589
2.99707
3.84093
3.23624
3.67078
3.65390
3.46992
1.62367
3.02428
3.69821
3.50689
4.01236
3.50172
4.02890
3.56267
3.56541
1.83547
3.90605
3.72508
3.06998
0.05850
2.08484
2.24726
3.52569
2.39633
3.22106
3.13087
2.75603
3.66895
2.41164
2.82200
3.24708
3.64856
3.90567
2.53415
3.75990
2.59552
3.05012
1.93478
2.92869
3.49128
3.76344
3.26785
3.89219
3.62214
1.41790
3.92956
1.86305
0.86385
3.24238
3.42345
3.24695
3.69809
3.13665
3.63867
3.38560
4.04652
3.62112
3.12101
1.91353
2.44526
3.91718
1.46838
3.57320
2.64138
3.14738
1.53338
3.50798
2.97362
3.79287
2.48002
3.99471
0.58865
3.88786
3.03421
3.67904
3.44723
3.75534
2.39722
2.53727
3.46535
4.01863
3.88214
3.81864
1.62688
2.94363
1.50888
1.53839
3.49812
2.17941
3.67392
3.79272
3.44370
3.53997
3.81069
3.77561
3.22205
2.83722
3.32594
3.01205
3.77307
3.38638
1.83966
3.11789
3.55365
3.28360
2.82578
3.62072
2.80662
1.07997
3.52998
2.70063
3.19613
3.51979
2.22791
2.60629
3.31654
3.78571
3.78012
3.74317
3.15474
3.01037
3.29572
1.31504
3.45725
1.11775
2.60479
3.77569
3.24219
1.60288
3.86528
2.30623
3.50967
3.47414
3.93911
3.09896
3.41128
3.59609
2.03463
3.45436
3.36420
3.60714
3.31284
2.18190
4.07999
3.39927
2.64818
0.81286
3.85162
1.65029
3.56561
4.10495
3.83916
2.67149
3.60566
2.74151
3.46161
3.87196
3.86797
2.77500
4.01080
2.18904
3.31346
3.51710
3.34864
2.60780
2.12739
1.93318
3.55596
3.61618
1.07108
3.36781
2.48149
2.83795
2.67959
3.19221
3.85933
3.23416
1.55880
4.06526
3.29857
3.20653
1.36219
2.27900
1.63540
2.47157
3.43182
3.97520
3.20786
3.31178
3.67958
2.28012
1.14361
2.75531
4.25041
3.12365
1.13624
3.54805
3.55664
1.75259
3.39726
1.93951
2.45145
3.97965
3.52857
1.10069
3.39813
4.09240
3.68951
3.55141
2.40876
3.76583
1.95342
2.74681
2.03399
3.76217
3.29636
2.99262
3.28169
3.80495
2.82086
3.75093
1.96776
4.00619
3.95347
2.91107
3.46459
3.35552
3.63003
3.69188
3.99535
2.75797
2.70195
3.76103
3.28422
3.72943
3.76060
3.36155
3.76381
3.94341
3.37198
3.72861
3.49740
2.90564
3.56666
4.12458
1.46937
3.53257
3.62301
3.76338
3.65862
1.48370
2.69045
3.72267
3.71247
3.24983
2.05970
3.25084
1.92758
3.28144
3.72028
4.00132
3.80797
3.95514
2.99613
2.10724
3.77938
3.77564
3.59241
2.91884
3.04215
3.99995
3.53006
3.49114
3.31317
3.54404
3.97326
3.76119
2.29831
3.10310
0.17219
2.09273
3.85796
3.82699
3.04727
3.27825
3.98830
2.65830
3.14595
3.24929
3.11458
3.10838
3.50793
3.72918
3.73782
3.27304
4.07105
3.61819
3.49792
3.48984
3.92603
3.57889
2.45645
3.59837
2.77005
2.69171
3.17241
3.80769
2.37735
3.98077
3.85615
1.55996
3.65740
3.27035
3.60322
3.42520
3.82934
2.70855
2.38693
3.11073
2.92594
3.28083
3.92262
4.10313
3.81144
3.85169
3.62153
3.84266
3.20915
2.40894
4.21304
3.57555
3.67884
4.00860
4.04749
2.28260
3.04347
2.33564
3.94633
0.72802
3.06094
3.79444
0.55088
3.82036
2.48439
3.49717
2.16393
3.08018
2.45944
3.59436
3.26626
3.67874
3.50812
3.51452
3.39655
3.23832
3.12676
3.32872
2.79726
2.10023
2.66232
2.68731
0.29995
3.28127
3.76649
3.47996
3.63352
3.39759
2.00060
3.21300
2.90294
3.54149
2.55050
3.17490
3.31617
2.88765
2.96652
3.68687
1.94522
3.89431
3.80101
3.62477
2.75582
3.29733
1.31294
3.95110
3.35760
2.91305
3.90895
4.01911
2.86596
3.60553
2.94171
1.04099
3.94561
4.02334
3.60063
2.15985
4.05834
2.97181
3.74529
3.49167
3.66446
3.65884
3.23396
3.20223
2.11687
3.75712
3.85349
3.71877
2.18768
2.70714
4.10364
2.07008
2.39781
2.76371
3.95141
3.74067
3.58627
2.00310
3.05532
4.12833
3.87657
3.65064
3.92695
1.88878
3.72480
3.61200
3.45252
3.09575
1.64194
2.95377
3.24724
3.15928
3.58696
3.91236
3.06906
3.74963
2.40566
3.75862
2.01651
3.98176
2.13559
2.17829
3.57423
3.40057
2.45106
3.91180
2.52949
3.06771
3.59644
1.21509
2.41073
3.15579
3.10690
3.88602
2.39679
2.71566
2.99115
3.28504
2.08539
4.20466
3.33759
2.23737
3.50059
3.17266
3.23001
3.50349
3.51561
3.71628
3.24354
3.66775
3.60000
1.24768
3.65507
2.50881
3.66801
3.03782
3.77610
3.67557
3.42076
2.45468
3.15894
3.88189
2.19974
2.94197
4.00861
3.78652
3.57495
3.10470
3.64439
1.79883
1.89352
1.80828
3.66242
3.87466
3.87404
2.14104
2.44867
3.06518
1.94517
1.48164
3.56819
3.53095
3.82880
3.75763
3.23945
1.81311
3.74502
3.68499
3.79569
3.32456
2.73139
1.76194
3.68343
4.08291
1.47374
3.35310
3.86052
3.10507
1.37326
2.86158
3.37166
3.46939
2.93622
3.36969
2.93678
3.66789
3.88914
2.95866
3.66324
4.16472
3.30950
4.06102
2.78096
3.70503
3.76783
3.47808
3.64936
3.66001
4.02902
4.02569
2.98568
3.40901
3.53410
3.74274
2.37056
3.77191
3.50116
3.98217
3.61585
3.29729
3.19163
3.83069
3.70673
3.22421
3.15299
2.11433
3.12322
3.88241
3.66438
2.39691
2.69969
4.02713
3.53076
3.85468
3.12280
2.01558
1.94253
2.51516
3.38611
1.81279
3.95854
3.96842
2.89484
3.66137
3.20174
3.64160
2.96805
3.29801
3.60436
3.78025
3.96599
1.02697
3.73756
3.78254
3.71813
2.12634
1.97609
3.33415
3.99548
3.53512
3.32985
3.62238
4.11517
3.52359
3.69506
3.73177
3.78058
0.96853
2.80036
2.56011
3.17244
4.01646
1.60170
3.37701
1.96362
3.80641
3.06454
2.91831
1.86620
3.80380
3.61075
3.89076
3.52102
3.31066
3.82708
1.19182
3.83740
3.51236
3.45793
3.42357
3.36185
2.68753
3.34084
3.74044
3.83578
3.42128
3.84936
3.44747
3.86176
3.76253
2.60389
3.74915
3.64050
3.36019
3.64623
3.78624
3.78326
4.07870
2.93287
0.27648
3.93586
3.61859
2.90593
2.91704
2.30548
3.59664
2.72610
3.54966
2.83428
3.97817
3.42924
3.09749
2.81472
3.97798
3.15944
3.35050
2.68536
2.67532
3.04050
1.95614
2.40413
3.21375
3.59195
3.54557
3.27607
3.30630
4.19327
4.29606
3.02156
3.57180
3.37074
3.99851
3.30330
3.81130
0.17080
3.30195
3.44371
3.52982
2.70339
1.77147
3.37147
3.88079
3.87074
2.62359
3.70691
3.26569
3.99991
2.80964
3.05849
2.66004
3.52947
3.29748
3.42997
1.23871
2.42094
2.74494
2.49404
3.42707
3.22517
3.02700
3.57390
3.32086
3.89362
2.04775
3.79015
2.95322
1.93484
3.90030
3.76352
3.94251
3.70108
2.84516
3.68241
2.92396
3.32361
3.17110
0.58412
3.41725
3.54622
3.80646
3.74831
3.77452
3.81692
2.86915
3.58288
2.33515
3.73921
3.95132
3.69559
1.99817
2.97238
4.07888
3.58586
1.84366
2.88221
2.38881
2.51663
2.51267
3.30927
3.98148
3.61683
2.61497
2.47733
3.22360
3.54414
2.08056
3.58150
1.62764
3.37755
3.52180
3.69988
2.37987
3.25816
3.11006
4.04222
1.73607
3.37015
3.65086
3.85533
3.70826
2.73382
3.51023
3.60318
0.66586
3.64664
3.05359
3.72222
3.71897
3.12532
1.89951
3.65340
3.77954
0.50725
3.22474
1.59894
1.81642
3.43676
1.11906
3.80447
1.60687
3.99485
3.60594
3.90978
3.62378
2.84027
3.59872
3.73937
3.85346
2.53859
2.28639
2.79124
3.37132
4.00223
2.12486
3.96165
4.03999
3.90398
2.79509
3.90126
3.74275
3.98256
3.70331
1.44317
3.25058
2.85659
3.73328
1.89549
3.35665
1.97458
3.91063
3.69175
1.62691
3.88743
3.81788
3.89026
3.03511
3.45918
3.09372
2.19405
3.86719
3.53609
3.73746
3.48963
2.26484
3.82287
2.66056
3.34454
3.90888
1.77529
3.06901
2.70307
3.50727
3.70800
3.18094
2.01728
1.03367
3.54635
2.49272
3.40387
2.54363
2.06553
1.13908
3.33778
1.04214
1.01675
3.22546
4.09912
3.18030
3.68359
3.71221
3.63941
3.65634
3.59317
0.74040
3.62720
3.20528
3.80144
3.97487
3.31212
3.67467
3.94212
1.44479
3.13302
2.28290
3.92616
3.52623
2.65555
3.73790
2.17043
3.13753
3.78932
2.67990
3.80921
4.05280
3.16441
2.90113
3.53066
2.71260
3.37886
1.77860
3.93551
3.46365
3.49888
2.64558
3.32259
1.68289
2.81148
3.55511
3.75804
2.62320
3.04718
3.26513
1.36604
3.04092
3.54761
2.33461
4.11018
3.65202
2.64914
4.01056
3.11618
3.67455
3.64125
3.04579
3.84961
0.26622
3.82654
3.76679
3.34821
3.67339
3.65859
3.87101
3.19200
2.60632
3.96108
3.84983
1.00438
3.55594
3.85775
3.49220
2.90849
3.29587
3.76130
2.75180
3.49836
3.33031
4.15745
3.17725
2.69188
3.68395
2.90590
1.50836
3.23675
3.16469
2.46522
2.74933
1.14630
3.79880
3.32609
3.44277
2.36357
3.26135
3.95961
4.10793
3.85230
3.40676
2.49336
3.85614
3.74191
3.86417
3.68032
3.98115
3.83493
1.68485
2.79646
1.73560
3.36033
0.65568
3.00166
3.78762
3.45052
3.75103
3.60498
3.69089
3.60508
3.54202
3.35628
2.59705
2.58752
4.01563
3.58101
3.55895
3.36644
3.18446
1.74992
3.51609
1.81042
2.24385
3.48316
3.30215
3.62633
1.85060
1.62553
1.02611
1.48018
1.53603
3.29442
3.62234
3.86241
3.51310
3.69639
2.12963
1.45537
3.74997
3.53461
3.67615
3.40061
3.61804
2.61759
1.63366
3.63261
3.84441
3.65039
4.03317
3.74828
3.27938
1.92636
3.47691
1.95220
3.19748
3.32810
3.53795
3.98034
2.04793
2.11189
3.95313
3.73100
3.52349
2.16205
3.51121
3.76132
2.82114
3.60866
3.63251
3.81039
3.45791
3.52429
1.37675
1.74779
2.93890
3.53597
2.45759
3.68062
2.56090
3.73807
3.75694
2.79356
3.78573
3.83293
3.84982
3.72398
3.25185
3.99898
2.74232
2.86586
3.53042
3.84868
3.45648
3.85305
2.53396
1.81161
2.31095
3.68954
2.45260
3.62113
3.03176
3.39093
2.63029
2.54324
3.21104
2.72618
1.29480
2.20297
3.90519
1.76990
1.01925
3.83433
4.03126
3.70801
4.00348
3.93966
2.33270
4.06846
0.93822
4.02401
2.94784
3.75308
3.62805
3.46468
1.41667
2.44863
0.81563
2.91993
3.92350
3.69580
3.72395
4.03286
2.42168
3.09582
3.70457
3.68725
3.62035
3.18843
3.40344
2.63205
3.66037
3.93903
1.95426
2.39877
3.40450
3.81564
3.13511
3.54308
3.68607
2.36699
1.35741
1.27100
3.63613
3.88766
2.48045
3.56658
3.32260
3.76713
3.95018
3.94893
3.58649
4.06342
3.20067
3.39683
3.66193
2.59362
3.34804
3.77639
2.09725
3.43827
3.51365
3.46550
2.33343
3.52482
3.78323
2.24711
3.87399
3.32084
1.71585
4.03484
3.70443
3.48354
3.36575
1.93708
3.18684
3.97388
3.63590
3.80022
3.67781
3.56528
3.22115
2.50911
0.15632
3.90115
3.51485
3.03766
3.52682
3.75418
3.91907
2.45345
2.29397
0.50033
3.34975
3.69108
3.85688
2.89632
3.54628
3.87824
3.84791
3.56028
1.49646
3.65610
3.24784
1.61768
3.41179
2.89107
3.93046
3.44674
4.01981
3.08253
1.75224
3.28626
2.21110
2.06494
3.47781
3.54971
2.62652
3.23920
3.68914
2.64986
3.23162
0.80148
3.20565
1.93219
3.60845
2.66136
2.06985
3.51518
1.65161
2.82718
3.52129
3.63500
3.55664
3.57341
3.40324
2.20071
3.45902
2.99952
3.42509
3.41188
3.29240
2.99089
1.06948
3.27953
3.91961
3.70688
3.73302
2.71990
3.49250
3.37074
2.46228
3.83380
4.04938
3.90009
3.58251
3.64423
3.68120
3.62101
1.57185
4.02529
3.68352
1.20887
3.93804
0.77248
2.79633
3.68170
3.13951
2.75390
3.59300
3.55710
4.03496
3.56902
3.48296
3.62157
3.46088
3.55187
2.53145
3.95407
4.15404
3.69116
3.89154
3.92463
3.62332
3.89062
3.62352
3.02180
2.86569
3.69971
3.27939
4.00058
3.86759
3.22765
2.79950
1.66808
3.41593
3.63467
2.82597
0.65617
2.64734
0.73249
2.96039
2.42199
1.88475
3.61749
3.52303
3.59497
3.45261
2.97690
2.53234
4.20816
3.92179
3.46903
3.59190
3.65040
2.99228
2.47718
2.99272
0.92350
3.58248
3.83239
2.23803
3.44602
3.30686
3.53125
1.97138
2.01479
3.09467
2.84389
0.95965
3.45054
3.36996
3.97285
3.54862
1.93422
3.46281
3.37336
3.65625
3.12604
3.67561
1.58995
3.41016
3.94994
3.81444
2.14571
2.28592
4.00241
3.06555
2.56913
3.77767
3.88552
3.40124
3.61203
3.95229
4.07197
3.18864
3.42209
3.36731
2.03746
4.12846
2.79059
2.91568
3.33646
3.37127
3.90927
2.79646
3.21119
3.51307
3.76679
2.90283
3.45846
2.18177
1.41968
3.70809
3.44840
3.52409
1.44850
3.90344
3.66621
3.00455
4.04523
3.95248
3.56586
1.87864
2.65191
3.42394
3.59353
1.84856
3.34774
3.07481
3.92279
3.35168
3.94357
3.26313
2.62256
3.69705
3.19247
3.88456
3.14044
3.61618
3.59969
0.61077
1.36641
4.12474
1.84329
3.71582
2.98342
3.58697
1.84972
3.19455
3.25848
3.78945
2.81861
3.06849
2.86631
3.15002
3.83873
3.59576
3.70619
3.73238
3.27793
3.36484
3.49242
3.65816
3.93999
3.58224
3.67335
3.69694
3.84685
4.06278
3.28129
3.69597
3.24675
1.82437
3.57174
3.67720
1.19639
3.88239
2.92055
0.29053
3.56600
2.80356
3.91735
2.55904
3.45177
2.68144
2.67756
0.74203
0.82402
3.19467
4.16683
3.50779
3.53955
1.52363
3.35227
3.71882
2.46303
3.51672
3.77922
2.72327
3.44307
3.42264
3.67532
3.26790
2.66366
3.55841
3.54545
2.65625
2.98478
0.53932
2.14080
3.72037
3.92101
3.94290
3.10894
3.03628
2.54230
1.48962
3.96848
3.71825
3.62390
2.71477
3.01749
3.76024
3.00358
3.07032
3.75931
2.79270
0.19906
3.50849
2.72437
2.23424
3.80172
1.60791
3.04249
3.50907
2.17426
4.05600
3.69440
4.13174
2.90500
3.17092
3.75733
3.87547
3.12442
3.79741
3.95390
1.66625
3.83904
3.32644
3.18431
4.08879
2.90731
1.93600
3.94818
4.03454
2.00268
4.17663
0.89472
4.09479
3.67238
3.22655
3.75430
2.96958
1.64358
3.73985
3.40943
3.79285
3.58466
2.13173
2.76759
3.87708
2.77460
3.52584
3.96258
3.49987
3.17744
2.79207
3.41317
1.65365
3.76230
3.28625
3.11599
2.81628
3.98162
3.75830
3.80222
3.73378
3.26596
4.11887
3.66348
2.94864
3.43319
2.80579
2.82582
4.02007
3.87784
2.54952
3.92360
2.89085
3.76238
1.63604
3.28311
3.50909
2.37020
2.76206
3.52807
3.51645
3.72439
3.36661
2.11144
3.92034
3.92737
1.91362
2.79127
1.19593
3.52810
3.96451
3.45731
2.43738
3.42273
2.60370
1.77102
3.78096
2.94880
3.38581
3.43338
1.72104
3.21521
3.74360
2.08074
3.78326
2.67840
3.40029
3.07696
3.23415
2.89224
3.10174
3.72195
3.84649
1.41625
3.52779
2.88957
3.32526
3.62005
1.48503
3.78168
1.17026
3.66999
2.82721
2.94035
3.67339
3.60519
2.91400
2.00947
3.26134
3.13834
3.51775
3.64178
2.85483
3.55890
2.38614
4.03789
0.72198
3.91995
3.90302
2.85489
3.22871
3.54089
2.66284
3.30132
3.23919
3.63174
3.56412
2.47052
3.39940
3.21117
3.64713
2.29359
3.72001
1.75993
3.66502
2.88234
2.89615
2.14175
3.05295
0.95658
3.03492
3.20379
3.69318
3.61146
0.82209
3.60747
2.31725
3.77198
3.74217
3.16257
3.61989
3.80686
3.52953
3.70165
2.37760
3.23512
3.90369
3.51423
2.44039
3.56512
3.75605
3.34683
3.59697
2.88701
2.24654
1.08181
2.12928
3.73210
2.47636
3.64630
3.77994
3.43188
2.86580
3.76456
3.50869
3.57219
3.33770
2.24915
3.20057
3.31029
1.91094
0.06982
1.72735
2.41405
2.90159
2.69381
3.41943
2.50018
3.24188
2.35548
3.83863
3.51096
3.65068
1.13275
1.87403
3.72468
3.01887
2.65471
3.50636
1.63281
2.03354
2.73047
3.54800
2.39695
3.47120
3.20868
2.04666
3.87711
3.58661
2.60872
3.05708
3.72311
3.32400
3.17418
3.80921
3.56658
2.05091
3.12954
2.53681
0.08967
2.55202
3.81326
3.64701
3.31634
3.48328
1.47709
3.52776
3.54560
3.65328
3.70587
3.84384
3.78297
1.30243
3.92483
3.87820
3.92900
1.07486
3.75636
1.96674
3.25926
3.29657
3.39806
2.19054
2.90346
2.85279
3.04434
2.31741
2.99411
3.25642
1.70691
2.11287
3.46697
1.67700
1.98368
3.24388
3.53478
1.96948
2.97407
2.59866
3.42205
2.05995
1.41265
3.15034
3.91965
3.90284
4.03123
3.51331
3.80111
1.50592
3.46257
3.66968
3.92833
3.68134
4.09660
1.67692
3.51017
2.99557
3.58520
2.96324
3.50325
3.57998
3.67220
2.74307
1.74529
2.40318
3.53116
2.41177
2.86995
2.23773
1.81739
3.36153
3.45677
3.91208
1.71955
3.59324
3.92680
3.60977
0.74604
3.77191
0.68308
3.56111
3.28090
3.93456
1.88686
3.78808
3.55731
3.52189
3.34843
3.35982
2.07328
3.56462
2.99242
3.93497
2.76651
2.30609
3.49792
3.33004
3.59920
0.33370
3.63072
3.51124
2.82853
1.41477
3.42325
3.49756
3.14480
1.99543
1.51006
2.90694
3.52178
1.88633
1.58940
3.34511
2.43364
2.97157
3.57002
3.08266
2.49108
1.88580
2.37289
4.01977
3.06580
1.17618
3.58739
1.75092
1.95645
3.20781
1.91033
3.07353
2.35200
3.32577
3.93736
3.55829
2.46210
4.01126
3.57122
3.89778
3.54070
2.23862
3.76193
3.76821
2.36153
2.47610
2.63274
3.44174
3.67992
1.01783
3.12066
4.04519
3.64361
3.70496
1.87176
1.86929
3.65844
2.07369
2.80079
3.40246
2.82392
1.46495
0.84887
1.71652
2.85982
2.58351
2.87836
3.85466
2.94084
3.99456
2.31296
3.82371
3.35033
3.79380
3.76008
2.71669
3.99634
2.89464
3.49005
3.74803
2.84260
3.76084
1.97359
3.65136
3.91968
2.01645
3.77141
2.97917
3.06607
3.42974
3.66181
3.77104
3.18475
3.71547
3.63571
3.56891
3.42019
3.42064
1.28727
3.56179
3.52230
3.37337
4.13043
3.79029
2.95864
2.69086
1.40470
3.59314
2.73043
0.57488
1.43494
3.56050
3.89436
3.31812
3.81123
3.85280
3.65631
3.48830
3.60810
3.66499
1.61909
3.65887
2.60229
2.15937
3.54663
3.82483
2.92312
3.04368
3.89905
3.75218
4.09264
1.57208
2.51162
2.40035
1.42581
3.50360
3.74888
2.55925
3.43459
3.87603
3.78276
3.77138
2.47147
3.52317
3.12414
1.12669
3.87108
2.30980
1.43869
3.71902
3.35805
3.32047
0.53678
3.97126
1.28769
3.23487
3.68651
2.63324
3.23160
3.29008
3.32771
3.69276
2.91234
2.71884
3.61210
3.75813
3.38216
3.54556
3.74530
3.02089
3.25830
3.15633
2.28222
1.67556
0.85923
2.66513
1.90966
3.02355
3.32644
0.36137
3.74805
3.75480
2.99956
1.54516
3.71246
2.79937
3.59075
2.34676
1.93549
3.88895
2.75372
1.54879
3.02622
3.38533
2.28095
2.07178
4.12557
3.37045
3.97415
3.27676
3.39763
2.79832
1.57443
2.93131
3.50453
3.17805
2.77551
3.49680
3.56028
2.06059
3.33875
3.86908
1.74430
0.78117
1.80163
2.57882
1.95777
2.90425
3.80921
2.35966
2.74906
3.57756
3.71221
3.30190
2.37051
3.31942
3.04707
3.76649
3.21999
3.88906
3.02553
3.61707
3.63973
3.45128
1.00505
3.70667
3.60397
4.08884
3.29670
2.74001
1.40160
3.74127
3.90506
3.32652
2.48774
3.36490
2.32089
1.25992
3.64841
3.74910
2.07303
3.49703
3.05727
2.38768
3.71682
3.84942
2.36913
1.45024
3.84564
2.08267
1.64918
2.73700
3.02210
1.81632
3.57909
3.71662
3.23834
3.88354
3.45782
3.90103
3.77466
3.56311
2.30493
3.90158
3.28711
3.75767
1.83323
3.16062
3.70193
3.82219
4.04617
1.82322
2.06628
3.50753
3.47380
3.78022
2.84832
3.67892
3.84763
2.73048
1.73013
3.49731
3.56025
3.43811
3.67874
1.97050
3.64096
3.48003
2.01812
3.63199
2.92786
3.97200
3.58356
3.75503
2.21790
3.30213
1.70834
3.67649
3.71095
3.94941
2.68972
2.18688
3.84472
3.74418
3.72487
0.93818
2.96807
2.32486
2.05216
3.77398
2.71641
3.79888
3.52178
2.90780
3.47325
2.61365
3.71692
3.32610
3.70628
1.18653
2.50562
3.60764
3.21831
3.53641
2.17910
3.53326
3.98298
3.80623
0.05608
3.37361
3.82416
3.63712
3.71535
3.88490
3.50639
2.43524
3.91116
3.84672
4.05708
2.05863
4.06927
2.47497
1.96493
3.50064
3.69581
3.33221
0.85450
2.90479
3.50949
3.79182
1.00126
3.85394
3.45628
2.52889
4.03354
2.76986
2.25534
3.67561
2.29558
3.35192
3.38198
4.05092
3.90076
1.61487
0.70225
3.98567
3.63655
3.03787
2.09399
0.95434
3.19026
3.45722
2.45260
3.84644
4.15801
3.27052
1.98965
2.85721
2.98469
3.78936
3.66442
3.48360
1.79432
3.42815
3.44584
3.86965
3.16165
3.52739
3.78838
3.21219
1.72827
3.86073
2.67350
3.53204
1.44192
3.39949
3.45597
3.85612
3.64634
3.71779
3.26113
3.88158
3.67618
3.49452
3.90716
3.67014
3.66950
3.92803
3.43298
1.93440
0.44304
2.88033
3.42716
1.66797
3.85015
3.74808
3.47162
2.16047
1.85354
3.40637
2.02678
3.03544
3.75580
3.61008
0.86903
3.66571
2.53683
2.72842
3.02620
3.34080
0.69575
3.33886
3.68567
0.41971
3.62989
3.34373
3.94160
2.61175
3.20110
3.72577
3.54037
2.62588
2.16024
3.95497
2.65918
1.51071
2.86201
2.55753
3.61241
3.81126
2.39659
3.62611
4.11239
3.57375
2.97189
3.85544
1.85880
3.25175
3.32931
1.70114
3.88033
3.83073
3.54007
3.87051
2.83727
3.38606
2.61015
2.92074
1.41893
3.81942
2.04004
3.08866
3.20873
2.91470
3.76197
4.00931
3.66173
3.45167
3.48018
3.79245
2.52034
3.77490
3.02206
2.89231
3.65003
2.10867
3.08963
3.49326
0.71493
3.25394
3.56704
1.59506
0.30673
3.77236
0.48244
3.40607
1.99858
3.25094
1.55972
3.32697
3.65099
2.75999
2.66733
3.20184
3.17792
3.83282
3.96881
4.00569
1.49292
2.64570
1.45360
3.87210
3.26898
3.44606
3.08205
3.81524
1.83800
3.20846
3.57143
3.93844
3.88539
4.00572
3.29190
0.75060
2.94600
3.21395
1.90933
2.72122
1.64966
1.90310
2.81808
3.57691
3.34326
3.43853
3.63350
3.02709
1.66891
1.52243
2.76645
3.21508
2.42274
3.82440
4.04306
4.13728
3.83545
3.24761
1.94681
3.51442
3.32215
3.67797
4.14042
3.11763
3.40199
2.97655
3.51580
3.08495
3.67627
4.03227
3.43946
3.10442
2.87493
0.63899
3.54575
3.86039
3.60275
3.02662
1.84608
3.34865
3.90808
3.96974
3.32488
3.41730
4.05083
3.40385
1.54113
3.01116
4.07497
3.83885
3.82725
3.45069
3.96485
3.39007
2.31283
3.71841
4.09168
1.86048
1.21182
3.62157
2.21943
2.48107
2.99141
3.68682
2.66343
2.04486
3.60039
1.99222
3.36951
3.78230
2.03150
0.90960
3.73524
3.10971
2.88524
2.69725
2.67426
3.44033
3.41595
3.32121
4.02357
3.78536
1.62638
2.25143
2.56857
0.47974
3.50459
3.61367
3.95765
3.48862
3.85306
3.16191
2.85109
3.74677
2.00523
3.87838
3.34907
0.33065
4.12261
3.08841
4.01030
3.92331
2.25810
2.89447
3.95274
3.44034
3.94432
3.14758
3.84909
3.75519
1.32791
1.77442
3.81446
3.97948
3.68957
3.88928
3.48426
2.78234
0.85666
2.21154
3.56393
3.29052
2.72944
3.76455
3.73076
3.51511
1.88022
2.66439
2.86568
3.73861
0.52629
2.89028
0.90429
4.13831
3.71023
3.51123
4.15049
3.06791
3.62185
2.08600
3.95426
3.18284
3.85927
2.93595
3.20703
3.50823
3.95741
3.29333
3.40086
2.47178
3.46752
3.95052
4.25880
1.42064
3.72539
3.15964
3.62919
2.95208
3.77948
3.42756
2.84728
3.71599
0.17569
3.39218
2.03415
3.09802
3.79788
2.90296
3.63414
3.94245
3.22366
3.32691
1.99781
0.04852
3.65503
4.04383
3.69436
3.56497
3.18307
3.88704
3.70117
1.93950
2.72883
3.83717
3.00460
1.35377
3.21415
2.39693
3.55716
3.50052
3.78716
3.47403
3.66442
3.81607
3.45561
3.70736
3.56191
3.82670
3.08244
2.77944
3.08843
3.51851
3.64983
3.88081
2.92575
1.62845
3.43738
3.76195
3.12601
2.65066
3.02848
2.74321
3.59886
3.27469
2.69018
3.92986
2.69467
1.41241
0.26730
3.35021
3.87061
2.26222
2.76216
4.11838
3.41556
2.93343
1.69537
3.08018
3.41266
3.45982
2.96158
1.92267
3.29825
2.36827
3.76005
3.53768
3.58767
3.63802
2.91913
3.27904
3.65805
3.81802
3.52430
2.98331
3.77711
2.04802
3.70584
2.96542
2.35369
2.68133
4.08493
1.96314
3.66240
1.66956
0.53711
3.85687
2.28424
3.82694
1.75630
3.68519
3.57372
3.03302
3.53592
3.36799
3.48208
3.03574
3.00432
1.77214
2.57614
3.41330
3.46557
2.41038
2.89965
2.76575
3.15116
3.38835
2.85684
1.42932
3.71378
3.75185
3.42874
3.67952
2.01177
3.81516
3.35358
3.95390
3.83523
3.48664
2.95262
3.30597
3.49996
3.21324
3.73072
3.62447
3.23799
3.90285
2.05730
3.42904
3.75622
3.16697
3.51912
3.57802
2.09763
2.48505
3.01627
0.59260
3.80198
0.21227
2.44718
3.51941
2.37855
3.88319
3.59461
3.60307
2.88977
1.32127
3.77926
1.22852
3.93696
3.48910
3.08603
3.43630
2.63900
3.66757
3.19755
4.12259
3.04549
3.20895
3.44204
3.63688
3.55847
3.73620
0.38821
2.59071
2.78010
4.05360
3.72028
3.38348
2.83137
2.36152
1.62544
3.03143
0.60748
3.67564
3.18124
2.95349
2.91023
3.06897
3.32160
3.67139
3.75482
3.42473
3.69780
3.87599
1.90715
2.50003
3.90635
3.49387
2.96683
2.79348
1.80432
2.91693
3.01414
1.88098
3.82246
3.55254
3.83467
3.46686
2.96586
3.93263
3.02354
3.82067
2.68487
3.96463
3.26797
3.75399
2.65236
3.46916
1.30626
3.87997
1.63429
3.07459
3.91960
3.84392
3.82217
3.16139
3.79179
3.25897
3.67134
3.78707
3.63388
3.90313
2.16948
3.15490
3.74735
3.49272
3.36285
1.61472
3.78939
4.04483
1.97519
2.93021
4.06542
2.98199
3.03784
4.04624
2.89032
3.89960
3.74250
3.59690
2.88607
3.21890
2.47588
3.78188
2.77341
3.81215
3.64969
1.78806
3.65307
3.17611
4.06379
2.03443
3.28092
3.95745
2.58535
3.44062
1.62081
3.77890
1.76166
2.79950
3.73606
0.51965
2.18914
3.77522
2.80785
3.18937
3.98408
3.73637
3.54793
3.36677
3.95879
3.28314
3.87934
1.82163
3.83008
1.77075
3.03110
3.77744
3.58324
3.90110
4.04426
2.22509
2.91323
3.81644
3.63936
0.55972
1.00380
2.02535
1.30879
1.92714
1.28272
3.59036
3.68574
3.56107
3.26799
3.83761
1.58384
0.82381
3.28171
1.49700
3.36206
2.73734
3.55697
3.17958
0.54885
2.14505
2.84913
1.75322
3.10353
3.55403
3.05773
3.59066
0.53709
2.86567
3.88295
2.80266
1.88663
3.78358
1.73444
3.85018
3.91387
3.44181
3.58287
3.45911
3.59309
3.71041
3.63385
2.47787
3.78067
1.06964
3.90299
3.47008
3.80887
2.28838
1.03650
4.03741
3.36899
3.19456
2.30999
3.78139
2.12799
3.35462
3.32994
2.42707
2.27584
2.70535
3.37229
4.02456
3.90482
3.86734
3.46386
3.73417
3.47242
3.42531
3.04008
2.98983
2.89250
3.80502
3.48402
3.83043
4.05439
3.01879
2.14857
3.38968
2.41203
3.22599
3.01977
3.68923
3.51084
1.02961
1.25992
3.76207
4.14744
3.47564
1.85303
2.29095
3.81638
3.14987
3.08241
3.21651
1.70429
3.76750
0.25583
3.37747
3.73890
2.00911
3.67667
1.38072
2.78423
4.09487
3.25780
3.45264
1.34434
2.38897
3.40816
3.28731
1.68323
1.86786
0.94861
3.51377
3.25792
3.11432
3.13002
3.63481
3.91288
0.27939
3.69361
4.03510
3.23287
0.92338
3.56372
2.71732
1.47666
1.57161
3.94229
3.71208
3.79971
3.00186
3.76232
3.36804
3.89802
3.57803
1.22272
3.54387
3.82733
3.95376
3.57169
3.73561
2.28477
2.71372
3.66169
0.63261
3.70287
3.37990
1.49181
3.29968
3.29965
2.85970
3.39053
1.49908
3.47596
3.28500
3.74647
2.62565
3.30264
2.48254
3.89728
2.60058
3.35908
3.53728
3.41917
3.16716
0.67861
3.79543
3.25633
3.96335
3.07567
1.34465
1.84450
0.97610
2.83445
3.55127
4.18257
3.65286
2.76515
1.49791
1.81819
3.39832
3.67106
3.68658
3.35311
3.86976
2.05072
4.08444
3.62345
0.24800
1.64952
3.30827
2.95906
0.96889
2.65040
3.85140
3.68353
3.01919
3.71741
3.57744
3.58869
3.72152
2.87681
3.59536
2.82814
3.48405
3.78461
3.19651
2.56266
3.84142
1.13646
3.88182
2.24322
3.34632
3.65220
3.11885
3.40292
3.62108
3.51361
3.89397
1.37751
0.04766
3.42794
3.90932
4.21363
3.23695
2.66566
3.81312
2.91270
3.63520
0.74611
3.87511
3.57138
3.88927
3.95182
3.96064
2.51998
1.57319
3.68711
3.32842
2.07181
2.28105
3.98333
3.48435
4.03824
3.17147
2.34254
3.66018
2.43712
1.12692
3.15988
3.58814
3.55535
3.41830
2.99229
3.70599
2.06375
2.03435
3.50580
3.88965
3.61821
2.37339
4.01966
3.58694
3.45409
3.19778
3.68799
3.48783
3.46372
3.66701
3.22628
3.94139
3.17007
3.81322
0.19817
3.92863
1.91357
2.49791
3.76414
2.49352
3.29225
3.79864
3.77207
2.15731
3.61317
4.02697
0.28754
3.65313
3.39928
3.34775
3.86627
2.62316
3.64593
3.51083
3.28615
3.78412
3.39808
3.56714
3.89073
3.12570
3.57145
3.08495
3.60274
3.32197
1.96204
3.55837
3.81678
3.36154
3.47137
0.24394
3.71109
2.57473
3.35319
3.92606
3.67986
2.35576
3.89303
2.74277
1.50471
3.35805
3.74368
3.27316
1.69432
4.05508
3.69798
3.81876
2.61532
3.04467
3.68345
2.06131
4.09486
1.01404
3.63326
3.38418
2.41055
3.15048
3.64255
3.66532
3.71329
2.75199
3.69989
3.81857
3.10291
3.07607
3.91116
2.24938
2.85087
3.86719
3.63485
3.23790
3.23520
1.28057
3.07852
3.18811
3.34931
2.32313
3.52008
3.58835
3.54719
1.45031
1.19010
3.95026
3.45432
2.32252
3.51375
0.29454
3.79013
3.72327
3.30973
2.85218
3.91574
3.28488
4.09862
3.49997
2.51915
2.82220
3.12070
4.13773
0.90727
2.23872
0.72612
3.69287
2.74816
2.85449
3.82443
3.55903
1.88926
2.45071
2.74950
3.11851
3.05068
3.96359
2.69199
3.48695
3.83744
0.43251
3.45775
4.00911
2.74565
3.55998
2.73293
3.11607
3.80450
3.46331
3.86773
3.24327
3.55098
2.84505
3.57124
1.59857
3.79942
2.68046
3.06988
3.72105
1.54389
3.71710
3.13237
3.56301
2.86957
2.97956
3.31836
3.40837
3.94206
3.41161
3.20039
2.45347
3.14118
3.77357
1.64915
3.44179
3.16545
3.57856
3.03692
3.78019
3.41392
0.84767
1.63897
3.44566
3.44460
3.22124
2.19393
3.40718
3.54173
3.95802
3.50984
3.58958
3.38526
3.08791
1.10637
3.60700
1.44551
3.35370
3.61658
2.83820
2.79634
