4.13638
4.38882
4.47795
4.44049
4.07009
4.22790
4.43881
4.38966
4.30810
4.29007
4.30282
4.47301
4.47705
3.26963
3.85199
4.21937
4.26934
4.46009
2.42364
3.66492
4.05829
3.98745
3.78737
4.35411
4.39570
4.44358
4.23367
4.39013
4.43928
3.86341
3.99822
4.49571
4.01861
4.09561
4.37844
4.34955
3.98679
4.27961
4.28954
4.48000
4.35392
4.21968
4.05901
3.40247
4.38783
4.02899
4.39453
3.66254
4.27036
4.49309
4.45649
4.41707
4.11152
4.49446
4.31125
4.50248
3.10011
4.27125
4.39783
4.20675
4.40349
4.17168
4.29501
4.25845
3.62428
4.01909
4.39700
4.44025
4.38420
3.96343
4.47263
4.51156
4.41888
4.21816
4.33418
4.15803
3.11915
4.40511
4.10189
4.05142
3.91328
4.40272
3.96092
4.06813
4.00613
4.39806
4.18392
4.44965
4.36614
3.14650
4.24169
4.45448
4.42932
4.33493
4.46283
4.48601
4.23520
4.47554
4.50991
4.33171
4.27738
3.16177
4.45442
4.03956
4.24856
2.97788
4.32673
4.50387
4.38694
4.36443
3.99819
3.80270
4.29799
3.79152
3.99146
4.07317
3.93968
4.33435
4.33192
4.23205
4.47837
4.41150
4.36189
4.31441
4.04902
4.45558
4.39080
4.45256
4.42459
4.19229
4.29265
4.35328
4.46165
4.36559
4.38233
4.40670
4.41963
4.44195
4.34953
4.41911
4.28070
4.46494
4.42542
4.41656
4.43933
3.02009
4.45635
4.37136
4.32314
4.41071
4.40447
4.47564
4.38045
4.41922
4.35048
4.49055
4.24688
3.77881
4.31075
4.37475
4.46130
4.47830
4.38270
4.11460
4.47973
4.39237
4.13305
4.18163
4.32406
4.30740
4.08554
3.98686
4.29557
4.32687
4.04803
3.20816
4.41560
2.39814
3.67537
4.38710
4.42669
4.32068
4.22248
4.40201
4.31845
4.46791
3.78906
3.92157
3.92479
3.60923
4.23006
4.47164
4.28899
4.24228
4.27245
4.25167
4.32033
4.37187
3.99586
4.38057
2.97923
4.46426
4.36735
4.18868
4.47464
4.44705
4.05603
4.48425
4.47311
4.49085
2.92606
4.36751
4.29492
4.38474
4.47837
4.24341
3.96111
2.22140
4.40197
4.45203
4.43710
3.95348
4.30438
4.48789
4.47543
4.17255
4.18771
4.50972
4.36269
4.35095
3.97955
4.05870
4.45580
3.58178
4.47210
4.41082
4.42101
4.24492
3.53672
4.48182
3.81366
3.92714
4.39411
4.19292
4.30065
2.59371
4.37243
4.44843
4.23824
3.85872
4.43288
4.49466
4.31310
4.45000
4.15921
4.39007
4.40072
4.43716
4.22940
4.29593
4.41761
2.81183
4.49004
4.42231
4.21707
4.31756
4.25786
3.94845
4.01598
4.25527
4.10943
4.39601
4.34353
4.21673
4.35590
4.23596
1.90325
4.39122
2.89344
3.67167
4.25818
4.48391
4.22397
4.22586
3.01533
4.42786
3.94642
4.41150
4.33406
4.33571
4.38329
4.43802
4.37980
4.45165
3.96199
4.33533
4.18325
4.43583
4.40556
4.27279
4.10545
4.49426
4.50145
4.05451
3.92638
4.22302
3.94981
4.24649
4.38244
3.70300
4.33784
3.70112
3.58014
4.24072
4.46854
4.41157
4.39412
4.46356
4.44712
4.40107
4.45466
4.49395
4.40835
1.81785
4.36392
4.02226
4.25660
4.36659
4.47065
4.31351
4.48489
4.17406
3.62817
4.00289
4.44415
4.22242
2.40205
4.34130
4.44589
3.26227
4.26676
3.70543
4.26216
2.74918
3.48168
4.29151
4.36174
4.24741
4.31837
4.40427
4.40543
4.19408
3.86701
4.41086
4.25579
4.47255
4.37997
3.97136
4.40653
4.44380
4.40130
4.17458
4.50581
4.36156
4.32933
4.26609
4.24018
4.42829
4.40652
4.38519
4.46562
4.06994
4.21844
4.37529
4.49118
3.87088
4.21878
3.00474
3.92529
4.12860
4.41657
4.17807
3.70777
4.51551
4.29611
4.33190
3.93181
3.05747
4.40682
4.35466
4.39162
4.07422
4.53096
3.70001
4.42432
4.37481
4.40444
4.49312
4.30683
3.77808
4.08507
4.49216
4.46402
4.44766
4.30014
4.39318
3.87143
4.15997
4.43156
4.38000
4.43599
4.48927
3.05609
4.43175
4.44643
4.40513
4.36815
4.48557
3.29428
4.35296
4.42849
4.47369
4.43594
4.40684
3.90522
4.22165
4.23013
4.30985
4.33809
4.37861
4.24631
3.53715
2.51679
4.22108
4.43199
4.31354
4.52758
3.84679
4.02784
4.44852
4.11507
4.35511
4.08468
4.49844
4.11874
4.34062
3.97756
4.33039
4.21389
4.37775
4.08298
3.84311
4.27985
4.27381
4.36678
3.77005
4.25167
4.33929
4.46090
4.20174
4.46329
4.42381
2.58189
4.34264
4.01345
4.35753
3.97118
3.95358
2.24098
4.31907
4.16802
4.41063
4.29195
4.41573
4.38898
4.46972
4.39011
4.37238
4.42320
4.32923
4.37968
4.31189
4.35310
4.49575
4.24867
3.66425
4.18674
4.32519
4.28683
4.30490
4.26800
3.69445
4.38507
4.42786
4.43911
4.29681
4.40175
4.35474
4.38738
4.36237
4.37384
4.00626
4.43441
4.16144
4.44091
4.03549
4.35126
4.36227
4.30538
2.31394
4.43515
4.26336
4.06581
3.34236
4.15338
3.05314
1.99194
4.44596
2.25283
1.66456
4.27657
4.51987
4.44492
4.43701
1.74500
4.42379
2.65255
4.21439
4.37453
4.02458
4.41734
4.37112
4.40286
4.37396
4.33312
4.09550
4.48820
4.42905
4.14472
4.37367
4.25726
4.07944
4.22821
4.37942
4.41392
3.92058
4.32874
4.44602
4.12411
4.36353
4.43060
4.16641
3.10414
4.40328
4.21687
4.17393
2.15713
4.40317
4.43516
4.36948
4.10851
4.38682
4.24317
3.92216
4.28610
4.51992
4.26531
3.56341
4.27254
4.48000
4.37189
4.36166
4.45069
4.44074
4.09537
4.06613
4.21351
4.19310
4.50994
3.61951
4.47180
4.39021
3.16483
4.40904
3.61698
3.96251
4.34694
4.25979
4.32823
4.13007
4.38164
4.38463
4.16120
4.47166
4.31738
3.63820
4.49607
1.97356
3.94000
4.38560
4.10402
4.19716
3.44646
4.36588
4.53363
4.29826
4.33650
4.47748
4.45293
4.27379
3.14879
4.28228
4.30290
4.20719
3.84911
4.26308
4.19386
4.18346
4.47924
4.29239
4.03659
3.33485
4.47988
4.23298
4.39637
4.17781
3.93521
4.40533
3.83719
1.93133
4.00595
4.21336
4.35047
4.35228
1.87851
4.37195
4.27749
4.50859
4.10744
4.40599
4.51465
4.43601
4.40675
4.30607
4.48500
4.37810
4.47447
3.75462
4.06455
4.02114
4.37041
4.43112
4.37763
4.44334
4.35426
4.31051
4.48305
4.44914
4.24815
4.46961
4.02501
4.31882
4.28397
4.50178
4.33423
3.21284
4.30051
4.46427
4.36992
4.41594
3.73126
2.07505
3.96627
4.36048
4.32403
3.52685
4.17337
3.97169
4.30926
4.01377
4.24788
4.40996
4.41019
4.07245
4.39463
4.16542
4.00274
4.43067
3.60658
4.47256
3.99063
4.31807
4.07283
2.41935
4.43707
4.18147
4.34305
3.95023
2.39752
4.36133
4.48717
4.32984
4.43140
4.29072
3.86123
4.20637
4.39457
4.45674
4.29491
4.46864
4.44500
4.26589
4.43652
3.64126
4.26938
3.18547
4.21060
4.46675
4.20769
4.31342
4.45230
4.22542
2.60781
4.29938
4.32556
3.21413
4.39566
4.33099
2.96372
4.28751
4.26068
3.58361
4.42232
4.39646
4.07303
4.30728
3.89164
4.36727
3.34011
4.45580
3.89326
4.20890
4.21401
4.46649
4.21452
3.84023
4.29488
4.25147
4.35782
1.63461
4.30277
4.08672
4.32762
2.92064
4.35807
4.12100
4.45089
4.26020
4.22186
4.05661
4.23048
4.36678
4.35259
3.12845
4.34832
4.45533
3.54296
4.50221
4.18897
4.31898
4.22123
4.32959
3.98565
4.20520
4.45109
4.13996
3.14400
4.32734
4.52885
4.42127
3.87642
4.39407
4.43885
4.22246
4.29784
4.10975
3.95468
4.47721
4.05258
4.41683
3.84514
4.31411
4.50951
2.71501
4.47162
4.31258
4.43090
4.39846
2.83853
4.42775
3.96429
4.29008
4.37561
4.47618
4.19673
4.31922
4.46925
3.72681
4.40268
4.29840
4.00963
4.47753
4.03610
4.40701
4.38755
2.94145
3.34067
4.41498
4.49061
2.43809
4.35727
4.39363
4.43833
4.46692
4.10362
4.44846
2.78315
4.09059
4.38004
3.84308
3.86732
1.25824
4.28948
4.31439
4.37261
4.10620
3.99467
3.41917
4.40290
4.45623
4.45442
2.52306
4.40043
4.31374
4.39790
4.39486
4.46120
4.41730
3.49461
4.31612
4.35063
3.83467
4.46262
4.32051
4.32260
4.31085
4.40841
4.40224
4.13423
4.08738
4.07825
4.22456
4.27467
3.72390
4.37097
4.49002
4.08033
4.41124
4.28477
3.63484
4.47987
4.18482
4.23474
1.43604
4.09362
4.27754
4.37611
4.01416
4.23302
4.27166
4.20411
4.02851
3.76543
4.28617
3.77743
4.15844
4.36618
4.45384
4.35217
3.78141
4.24196
4.07710
4.49421
4.40763
4.38176
4.45392
4.15247
4.35814
4.16976
4.34876
4.35289
4.37257
4.35216
3.84172
3.68546
4.09678
4.51157
4.40004
3.10991
4.39502
4.49189
4.36107
3.94618
3.98410
4.17016
4.14615
4.37631
4.46460
4.47485
4.35229
4.31628
4.47684
4.45452
4.35560
4.40544
4.23556
4.05706
4.47546
4.38625
4.41816
4.25487
4.15106
4.11185
3.58360
4.36988
4.01195
3.95473
4.47506
4.08560
4.50569
4.15658
4.34480
2.86642
4.40073
3.86005
4.17154
4.45745
4.07322
3.98250
4.50606
4.46452
4.17512
4.30965
4.17591
4.38496
4.51607
3.37621
4.36694
3.75589
4.03702
4.36876
4.34295
4.23586
4.46568
4.38786
4.27838
3.36455
4.24097
3.51093
4.36713
4.24871
4.22594
4.39622
3.81916
4.50081
4.14374
4.29662
4.49236
4.26666
4.24025
4.44326
4.13450
4.34663
4.40771
4.47688
4.48065
4.37103
4.39798
4.51087
4.33778
3.84632
4.25406
4.43865
4.44856
3.75000
4.23873
4.30253
4.16768
3.46730
4.44802
4.51732
4.10686
4.17856
2.93117
4.44765
4.43991
4.05328
4.20174
3.13207
4.20096
3.85221
4.44736
4.43827
4.32730
4.38158
4.39183
4.43994
4.35899
4.12483
4.17610
4.43621
4.18339
4.39368
4.49424
4.31074
4.47339
4.40021
3.90847
4.34058
3.70643
4.44693
4.20323
4.26942
4.27538
4.47964
4.19896
4.47916
4.12280
4.22769
2.40957
4.11841
4.40791
1.87827
4.28139
4.01109
4.39495
4.28211
4.33800
4.46885
3.16672
4.32831
4.46915
4.42795
2.31636
4.17134
4.37250
4.30290
4.26636
4.43692
4.39881
4.19597
4.32634
4.14390
4.03613
4.19323
4.32102
3.74410
4.42971
4.47001
4.30715
3.75211
4.17053
4.39157
3.75488
4.43462
2.74010
3.79819
4.41241
3.77531
4.34194
4.17448
4.45035
4.05363
4.49116
4.20482
4.37605
4.26115
3.37658
4.36067
4.45674
4.16668
3.90265
4.38340
2.36406
4.24903
3.89641
4.07479
2.50073
4.43096
4.44187
4.16077
4.45984
4.43360
4.44235
4.27624
4.18477
4.19018
3.75133
4.11489
4.09288
3.83354
4.44104
3.78298
2.81098
3.90278
2.36298
4.36959
3.34668
4.36264
4.42897
4.22155
4.23990
3.70930
4.48099
4.35388
4.48294
4.25460
4.28784
4.40865
3.52360
4.38984
3.00144
4.46752
4.32481
3.91108
3.58351
3.18419
1.78479
4.44307
4.41607
4.44825
4.29874
4.08310
4.41212
4.31525
4.39405
4.39854
4.53317
4.47737
4.27321
4.30929
4.39757
4.23909
3.92941
4.30454
4.46988
4.18116
2.87911
4.33797
4.36134
4.34744
3.48652
4.40243
4.31474
4.34564
4.26848
4.18858
3.66568
4.35764
4.41676
4.45377
4.02387
4.36100
4.44828
4.41018
4.39974
4.41258
4.23001
3.75545
4.43838
4.19083
4.32723
4.16116
4.33678
4.37712
3.69840
4.32255
4.44836
4.42734
4.42131
4.45764
4.01458
4.31933
2.67478
4.45067
4.24308
4.00284
4.29627
4.41016
4.49550
4.32938
4.48995
4.50978
3.91481
3.97602
3.95054
4.33470
4.39772
4.52285
4.17445
4.40318
4.31093
4.42918
4.33245
3.94466
4.34792
4.43648
4.35351
4.19929
4.32171
4.45495
3.92168
4.43354
3.72957
4.21835
3.68576
4.48407
4.38557
4.22408
3.15246
4.47876
4.47755
4.27836
4.36014
4.23686
4.42294
4.29886
3.58996
4.51394
4.48856
4.12739
4.35612
4.51361
3.88662
3.63204
2.68683
3.75051
4.41492
3.80267
3.50198
4.04222
3.96615
4.33710
4.30376
4.27294
4.40498
4.18416
3.87163
4.22588
4.47786
4.48650
4.50748
4.39976
4.35050
4.40993
3.84249
4.26426
4.39169
4.45822
3.41530
4.32142
4.40244
4.40307
4.38570
4.42745
4.45763
4.35154
4.37836
4.38686
2.52586
4.35128
4.31386
4.49164
4.35619
4.45693
2.22798
3.81859
4.44477
4.34190
4.39944
4.38289
3.97281
4.33209
4.29487
4.36465
4.30984
4.47993
4.49701
4.08134
3.82918
4.44997
4.26623
4.48249
4.15858
3.96397
4.49372
4.40161
3.70071
4.07866
3.76503
4.15421
3.53767
4.23836
4.40440
4.08189
4.22897
3.98798
1.79496
4.34975
3.79732
4.38504
4.15250
3.86585
4.47812
4.24963
4.31002
3.58146
4.41218
4.49108
4.49476
4.15378
4.39951
4.02836
4.37542
4.50422
4.36355
4.47335
4.38558
4.40535
4.49351
4.35310
3.94193
4.31224
4.42566
2.63444
4.38550
4.42758
4.32757
4.21689
4.16927
2.53645
4.26627
4.41056
3.70285
3.93018
4.25775
4.36452
4.16013
4.40641
4.33140
4.24711
3.95833
3.96641
3.70894
3.83093
4.02027
4.45455
4.47079
3.13126
4.30711
4.04483
4.36539
4.11564
3.70947
4.42529
4.38432
4.30326
4.45294
4.38129
4.34348
4.06598
4.44008
4.43908
4.24956
4.12031
4.27516
4.44729
4.23975
4.15603
4.21837
4.43763
4.31765
3.49203
3.27491
4.44678
4.43731
4.15800
4.41640
4.15042
4.38901
4.40413
4.27205
4.24394
4.33802
3.81221
4.40847
4.41949
4.32883
4.53442
4.37216
4.37036
4.22886
4.32399
4.48193
2.86909
4.00756
3.73651
4.41214
4.36134
4.35292
3.90343
4.43154
4.33798
4.42592
4.26102
4.18728
4.03729
4.15563
4.16206
4.38436
3.90144
4.46226
3.41297
4.20315
4.00545
4.39654
3.82864
4.28390
3.88350
4.39167
4.36090
3.91283
4.38039
4.30424
4.49433
4.40946
4.34051
3.95112
4.47902
4.46838
4.44089
4.49371
4.38833
4.47427
4.34427
4.45310
2.78050
3.85510
4.48710
4.09872
3.82936
3.81993
4.38849
3.97496
4.44288
4.13761
4.31076
4.09680
4.49349
4.40933
4.29687
4.50340
4.23070
4.39348
4.36956
4.12937
4.42297
3.53226
4.45677
4.22401
4.39514
4.44021
4.49002
4.21833
4.48944
3.66196
4.36532
4.44960
4.50831
4.44402
4.47067
4.38698
4.15413
4.46733
3.95773
4.45797
4.33833
4.09888
4.41854
4.30815
3.97003
3.60415
4.41441
4.44030
4.27510
4.13797
4.03140
4.28973
4.17605
3.86794
4.47810
4.48141
2.91923
4.18472
4.36477
4.24063
4.40994
4.43324
4.15665
4.29728
4.39493
4.47702
4.39239
4.43733
4.45496
4.03437
4.50081
4.35954
4.04503
4.30805
4.44702
4.34821
4.42182
3.92432
4.22576
4.17191
4.44080
4.43008
4.39899
2.30768
4.24854
4.23232
3.78270
3.81841
4.30730
4.16632
4.48242
4.38260
4.43694
4.30305
3.97372
4.38715
4.45553
4.18612
4.10007
4.46247
4.32959
4.50532
4.33146
4.41297
4.40041
4.04436
4.40981
4.39630
4.47331
4.31098
4.14691
4.41623
4.36029
4.49181
4.37426
4.46147
4.39069
4.44972
3.35396
4.44377
3.61710
3.86118
3.10991
4.36399
4.11942
4.42777
4.05853
4.30564
4.21813
4.38730
4.21439
4.15263
3.91831
3.28987
3.97457
4.42884
4.00366
4.23923
4.29220
4.05963
4.46186
4.47832
3.98790
4.34157
4.35346
3.87511
4.47682
4.16294
4.38365
4.00232
4.00939
4.33668
2.68262
4.53509
4.41009
4.43219
3.98657
4.51510
4.44653
4.25164
4.36691
4.38964
4.22527
4.37941
4.31769
4.38689
4.30552
4.44980
4.36061
4.27305
4.39659
3.73732
3.86097
4.43529
3.62739
3.99825
4.46403
3.26890
4.47317
4.32393
4.40136
3.84506
4.35954
4.45785
4.42480
4.30563
3.54049
4.44615
4.15502
4.21242
4.26190
4.41370
4.16320
4.27931
3.53558
4.44260
4.10290
4.19618
4.12580
4.30038
4.20017
4.26571
4.44042
4.41279
4.34717
4.17876
4.40261
4.02368
4.43051
4.49502
4.41992
3.25953
4.46689
4.01273
4.45943
4.15237
4.37386
4.14384
3.75433
4.36905
4.37102
3.84676
4.44452
4.35872
4.26759
4.32320
4.12889
4.02133
4.47919
4.31905
4.45407
4.26655
4.32724
4.40739
4.07203
4.20100
4.44408
4.19138
4.40053
4.25777
4.39998
4.45142
4.38525
4.01873
4.47475
4.23919
3.19203
3.83090
4.12645
4.06880
3.81686
4.45395
4.23273
4.43271
4.15748
3.88815
4.08882
3.01017
4.33550
4.32564
2.16890
4.33205
4.31420
4.00321
4.27983
4.27797
3.71815
4.40352
4.14978
4.26974
3.99479
4.20527
3.96364
4.43388
4.37241
4.20197
4.43442
4.24788
4.44018
3.92816
4.48453
4.40162
3.89539
4.31673
4.33855
4.47866
4.16411
2.61299
2.74274
3.91595
4.47251
4.41565
3.76375
4.27796
2.31200
4.34460
4.26744
4.47820
4.44781
4.25148
4.43489
4.47467
3.99341
4.44859
4.16971
4.41668
4.25459
4.30160
3.82402
4.10813
3.96901
4.35382
4.10377
3.23966
3.62787
4.28442
4.36311
3.78405
4.44126
4.48399
4.47126
4.31938
4.50871
4.24851
4.33073
3.22068
3.96000
4.34891
4.09754
4.47577
4.18433
4.45119
4.37158
3.60622
4.42302
3.94149
4.11457
4.39966
3.89385
4.50302
4.44700
4.49301
4.12141
4.36936
4.32674
4.12949
4.44669
4.40476
4.23531
4.15982
3.97698
4.43610
4.15980
4.47009
4.04666
3.77416
4.04119
4.39649
4.45435
4.06741
3.71843
4.39768
3.84821
4.19062
4.31120
4.41386
4.33363
3.65353
4.41282
3.88883
4.05507
4.15825
3.33528
4.40389
4.23657
3.49634
4.14962
4.49283
4.35409
4.48702
4.32907
4.20011
4.48831
4.39374
3.82745
4.47850
3.60112
4.16833
1.94066
4.43097
4.17010
4.31114
4.29231
4.08674
4.42597
4.50543
3.26177
4.49173
2.27035
4.50195
4.31865
4.00027
4.43601
3.65150
4.30654
4.36674
4.40087
3.51423
4.44744
4.44618
3.62855
3.64628
3.86909
4.09891
3.44838
4.14809
4.30374
4.30776
4.42791
4.30271
4.48951
3.39212
3.80292
4.42971
4.42698
4.29928
4.30684
4.05588
3.38761
3.41806
4.46402
4.40884
4.33058
3.15175
3.80335
4.36078
3.95763
3.52648
4.39279
4.32126
4.08853
4.40835
3.87321
4.27572
4.11881
4.34998
4.31049
4.00800
4.45266
3.01634
4.47192
4.51141
4.44541
4.17077
4.25660
4.38714
4.33097
4.34525
4.06569
4.21579
4.39093
4.37459
4.31340
4.51065
4.35147
4.43498
4.42855
4.33620
4.28726
3.62728
4.23264
4.16688
3.99292
3.64631
4.32041
4.41435
3.77415
4.43142
4.42934
3.37186
4.47734
4.43942
3.99537
4.09531
4.50670
4.24411
3.69190
4.18015
4.46198
4.31494
4.44186
3.89088
4.21804
4.26749
4.13277
4.32478
4.41990
4.08036
4.46112
3.94022
2.66409
4.30410
4.17898
2.13210
3.91746
4.42808
4.19628
4.25598
4.38052
4.37551
2.00057
4.47815
3.99105
4.39743
3.87799
4.09996
4.16194
4.37336
3.45929
3.93415
4.38134
4.32248
4.50422
4.27281
4.48506
4.45930
3.86433
3.92840
4.47862
3.99238
3.11460
4.24675
4.07782
4.40994
3.88962
4.43448
4.24079
3.97532
4.27081
4.38192
4.38309
4.17011
4.32906
4.41400
4.21728
3.77262
4.16861
4.39005
4.31650
4.25843
2.78204
3.96731
2.82391
4.20627
4.40449
3.30230
3.93703
4.11575
4.45981
3.94745
4.52177
1.70966
2.87160
3.73158
4.35071
4.39899
3.92373
4.15780
4.33642
4.46509
4.32800
4.43354
4.07726
4.39884
4.11999
4.35963
4.50138
4.41255
3.63843
4.46188
4.45781
4.12382
3.78506
4.24741
3.25872
4.40808
4.17744
3.67420
4.38999
4.26435
4.38933
4.32676
4.33679
4.04417
4.41311
4.33984
4.10767
4.28076
2.83721
2.81684
3.85505
4.14868
2.03066
4.25485
3.21092
4.25982
4.31005
4.52287
4.30811
4.05142
4.13150
4.26259
4.43635
4.36534
4.50710
4.30393
4.07266
4.28134
4.50715
4.38806
3.33724
3.97904
4.33647
4.45791
4.46798
3.46121
4.39930
4.30112
4.45296
3.71993
3.79589
4.39098
4.25541
4.33865
4.36042
3.19013
4.42674
4.10114
4.04954
4.26495
4.39368
4.25641
4.01464
4.27870
4.46344
4.43070
4.37853
4.20255
4.26017
4.28862
4.48783
4.51629
4.10542
4.30688
4.33085
4.36989
4.03926
4.45117
4.44970
4.14586
4.34322
4.27139
4.19164
4.46036
4.34857
4.40929
4.42132
4.24988
4.03257
3.78754
4.35783
4.39778
4.44932
4.33103
4.37324
4.48631
4.38898
3.99007
4.32802
4.20701
4.27982
3.07345
3.31988
4.35116
4.08056
4.05590
4.28059
4.41060
4.47118
4.48788
4.37539
4.42985
4.41760
2.82896
4.39923
4.41793
4.35890
4.52772
4.36240
4.47355
4.30830
4.30794
4.15764
4.27031
4.22402
3.73266
4.12734
3.42600
3.74881
4.28670
3.75527
4.35721
4.40861
4.14661
4.50039
4.48415
4.42277
4.28263
4.15321
3.09821
4.44650
4.29700
4.45016
4.45620
4.37277
3.93988
4.46122
4.47604
4.32367
4.32833
4.45252
4.37683
4.37763
4.35358
4.26686
3.91626
4.48354
4.46177
4.29845
4.48882
4.40539
4.15812
4.38046
4.37241
4.36669
4.34223
3.91188
4.24599
4.37467
4.39418
4.37609
2.76692
4.13643
4.29229
4.32460
4.40410
3.79752
4.37651
4.42330
4.36263
3.39390
4.50320
4.14968
4.40963
4.18058
4.46043
4.01874
3.51525
4.16795
3.52931
3.37782
4.21526
4.41278
1.45256
4.16290
4.31893
4.43294
4.06778
3.67200
4.34481
4.08664
4.33464
3.55607
3.64914
4.16340
4.29631
4.43902
3.93192
2.93745
4.20397
4.01548
2.80611
4.43908
4.32124
4.52010
4.36372
4.46112
4.43210
4.21540
3.08868
4.17619
4.25303
4.45565
4.43989
4.49907
4.38655
4.33380
4.33937
4.39860
4.48214
3.83343
4.43618
4.38379
4.41082
4.05329
4.33995
4.05482
4.35441
1.64297
4.40328
4.45912
3.84828
4.39545
4.07081
4.07079
4.38765
4.38474
4.29069
3.60173
4.49050
4.40884
4.39288
4.11012
4.40054
4.49501
4.49257
4.11761
3.96491
4.46570
4.46723
4.48789
4.43939
4.49473
4.25760
4.04113
4.47176
4.42363
4.17743
3.09497
4.31075
4.26027
4.28680
4.18791
4.38059
4.29925
4.03908
4.45449
4.48813
2.94570
4.40631
4.33168
4.25091
4.30241
4.32108
3.92376
4.35916
3.10370
4.02890
3.77638
2.72654
2.76430
3.93541
3.84951
4.16084
4.38737
4.30133
3.91074
4.27838
4.00411
4.17859
4.45143
4.44093
4.36055
4.28560
4.47203
4.15212
4.32546
3.77220
4.41509
4.54067
4.09931
4.44256
4.19886
4.17024
3.58103
4.42863
4.45091
2.99799
4.25762
4.12062
4.17993
4.39629
4.32405
4.30938
4.41602
3.73718
4.34695
4.47046
4.37236
4.44269
4.28285
4.42458
4.33631
4.50447
4.43380
3.27353
4.46864
4.02807
4.21665
3.46913
4.49901
3.43681
4.25839
4.40730
3.59656
4.27301
3.52037
4.34254
4.37986
4.32576
4.22916
4.37168
4.45740
4.31926
4.38873
4.41462
4.45982
4.18185
4.48762
4.19529
4.45293
4.40663
3.67322
4.30194
3.74356
4.15677
4.30319
4.41407
3.23761
4.16456
3.24034
4.06169
4.44662
4.41309
2.79468
4.26880
4.46620
4.45880
2.73906
4.19558
3.79886
4.45811
4.21425
4.25702
4.21435
4.44796
4.38808
3.09586
4.40880
3.12196
4.46418
4.30995
4.15165
4.24893
1.44119
4.17925
4.28865
4.36339
3.74220
4.32441
4.12165
3.77362
3.79360
3.94618
4.42004
4.39280
3.33359
3.96388
3.95266
4.17059
3.45105
4.39215
4.27029
4.13666
2.88644
4.49370
4.46917
3.95338
4.21114
4.52465
4.43574
4.39439
3.00628
4.46116
3.77278
3.91181
4.36694
4.49803
4.34697
4.45136
4.24071
2.94770
4.16173
3.91550
3.85722
4.36592
4.31158
4.36107
4.37301
4.18992
4.38449
4.28678
4.09133
4.26562
4.37395
4.49045
4.42369
4.30842
4.47181
4.11443
4.12688
4.42575
2.75961
4.35922
4.38334
4.17767
4.42904
4.40005
3.61697
4.38151
4.43447
4.51390
4.49610
4.00988
4.16864
4.24927
4.17473
4.46294
4.27409
4.36666
4.46980
4.18446
4.09154
3.96664
4.32911
3.60064
4.15549
4.41132
4.36167
4.32336
2.73797
4.38326
4.45506
4.28931
4.40196
4.43138
4.36878
2.84248
4.27365
4.22727
4.40160
4.11300
4.46636
4.41570
3.56337
4.40288
2.02054
4.05448
4.22962
4.47639
4.42280
4.16164
3.53310
4.05196
4.24331
4.13563
4.43541
4.33311
4.38611
1.65364
4.42649
4.14361
4.43042
4.21478
4.48576
3.72154
4.33695
4.22069
4.34089
4.45537
4.44903
4.27341
4.45827
4.10662
2.60337
4.31277
4.43835
4.42620
4.31509
4.22504
4.39785
4.23059
4.40035
4.15969
4.43854
4.45316
4.01106
4.46488
2.64428
4.41599
4.15215
4.31372
4.37691
4.31341
4.38128
4.45116
4.02949
4.35692
4.46813
4.27203
3.76622
4.47791
4.40797
4.23403
4.29898
4.47765
2.18207
4.06965
4.39312
4.48857
4.12254
4.47525
4.49737
3.48738
4.50585
3.53909
4.41797
3.81078
3.15294
3.75567
4.40024
4.33331
4.26324
4.39902
4.47680
2.06607
4.44502
4.41193
4.34504
4.37411
4.25681
4.41490
4.39999
4.30329
4.46950
3.88721
4.38367
4.30036
4.48055
4.23633
3.70779
2.88923
3.91223
4.35816
3.90957
4.12782
4.47011
4.31460
4.44834
4.43937
4.34967
4.49334
4.26358
4.35623
4.36588
4.48892
4.20052
4.06984
4.01000
3.88218
4.36832
4.26552
4.06115
4.37056
4.38006
4.26166
4.52813
4.39837
4.47751
4.24945
4.53662
4.37600
4.38377
4.52532
4.40755
3.66377
4.48029
3.34019
4.29195
4.49929
4.25758
4.23731
3.84705
4.46383
4.17266
4.30526
4.48145
4.42678
4.15618
4.45848
4.33582
3.93558
4.36128
3.80893
4.06711
4.41723
4.07748
4.28755
3.68743
4.20236
4.17542
4.25074
4.13975
4.29300
4.36252
3.96695
4.42915
2.42968
4.20041
4.23269
4.19662
4.41407
4.38363
4.42729
4.13427
4.49781
4.45078
4.50757
4.25606
4.26875
4.36584
4.37908
4.33157
4.40197
4.29655
3.94114
4.36905
4.40529
4.18173
4.28522
4.47599
4.17794
4.29501
4.51953
4.30795
4.33226
4.49070
4.38834
3.88422
3.82710
4.42690
4.27886
4.48352
4.34850
3.62212
3.34238
4.32712
4.36224
4.33074
4.48372
3.75244
3.69374
4.36948
4.30470
4.44013
4.19711
4.29315
4.13819
4.39717
4.50579
4.15466
4.10967
4.42943
4.40388
4.47335
2.49649
3.42154
4.06917
4.36763
4.35013
4.49678
4.12245
4.39202
4.46630
4.18609
4.11665
4.18292
4.11146
4.38817
4.01872
2.88194
4.42924
4.27740
4.20371
4.24551
4.03272
2.92770
4.44826
4.21887
4.40049
4.44789
3.85352
4.21754
3.69821
4.19944
4.36541
2.77518
4.24142
4.01848
4.33690
4.46962
4.19027
3.81880
4.42565
4.43767
4.44765
4.09575
4.36634
2.33189
4.48494
4.45896
3.78599
4.50322
4.34598
4.32196
4.40667
4.43306
3.38700
4.39310
4.41006
3.88772
4.45364
4.28734
4.39080
4.44973
4.27164
4.00749
3.63246
3.09265
4.05180
4.34306
4.38066
4.07282
4.34676
4.43317
4.47638
4.42462
4.47806
3.30146
4.38149
4.36585
4.49730
4.49123
3.69857
4.24389
3.35893
4.51541
4.43525
4.38057
4.37594
4.44345
4.42571
4.00255
3.54618
4.45260
4.37733
4.32172
4.42884
4.27362
3.77775
4.39314
4.37007
3.93720
4.29240
4.46514
4.33899
4.36811
4.47840
0.97444
4.46087
3.53812
4.35604
3.96056
4.08261
4.32609
4.02936
4.29297
4.47690
4.43004
4.25002
4.42779
4.40751
4.30522
4.39756
3.83340
4.39897
4.32238
4.43268
4.18279
4.45749
4.18191
3.86210
4.20166
4.44256
2.08293
4.43957
4.12450
4.16503
4.39263
4.42224
4.29354
4.41913
4.40502
4.40431
1.88322
4.45355
4.40442
4.42874
3.95531
4.19647
4.22054
4.41509
4.42945
4.22027
4.45752
4.32288
4.46247
2.91355
4.26193
4.09654
4.16890
4.26407
3.79321
4.28981
4.46462
4.35440
4.49461
4.27849
4.33295
4.35306
4.40219
4.47073
3.70044
4.27479
4.19050
3.84669
4.45030
4.46465
4.50134
4.27878
3.81226
4.48785
3.98036
4.42649
4.37199
4.35849
3.31235
4.49670
4.40779
4.46875
4.41277
4.36291
3.36911
4.28284
4.44004
4.42633
4.37439
3.66248
4.50726
4.48903
4.44748
2.66140
4.35688
4.22369
4.12151
3.85521
4.44696
4.14167
4.37271
4.45160
4.45741
4.44586
1.96784
4.36941
2.70326
4.46388
3.59631
3.91250
4.36047
3.80348
4.32983
4.36716
3.91733
2.59743
4.36147
3.22878
2.47411
3.97699
4.26556
3.93117
4.01224
4.29503
3.89688
4.45639
4.28185
4.15524
4.18714
4.27841
4.30719
3.94721
4.29188
4.26907
4.30689
4.08185
4.33837
4.32842
4.43919
4.36649
4.47026
3.95556
4.46824
3.81228
4.46641
4.37135
4.31498
3.94916
4.11267
4.29173
4.39263
4.17855
4.31397
4.01965
4.45414
4.26484
4.41694
4.49380
4.41354
3.67519
3.46344
4.16771
4.46920
4.42151
4.32150
4.25357
4.43036
4.06993
4.53422
4.35528
4.21230
4.40655
4.44102
4.47920
3.70150
3.94419
4.20212
4.18211
4.36941
4.36645
3.87559
4.04738
4.38866
4.28648
4.25337
4.26424
4.23721
4.43507
4.14695
4.15752
4.38313
4.23230
4.50027
4.40845
4.38269
4.22677
4.35549
4.20689
4.29930
4.26887
4.04589
4.06481
2.04063
4.02256
4.34362
3.68984
4.45656
4.13032
4.37367
3.36015
4.51391
2.39829
4.16430
3.72018
4.48289
4.45634
4.33763
3.11349
4.52602
4.01295
4.18793
4.41105
4.34278
4.12040
4.38278
4.29410
4.34300
4.11572
4.48650
4.06621
4.28058
4.48838
4.47819
4.49824
4.34569
3.99038
4.43115
4.21755
4.42618
4.28916
4.30172
4.42292
4.50720
4.37638
4.46739
4.36989
4.40758
3.55146
4.34927
3.99124
4.50484
4.32030
4.43077
2.96366
4.48853
4.49117
4.32317
4.48399
3.67810
4.43612
4.35485
1.90461
4.34764
4.44679
4.46790
4.15339
4.30356
4.43907
3.81572
4.11465
3.94210
4.25418
4.44241
4.41956
4.19212
4.22107
4.41323
4.22714
4.25951
4.51408
4.44570
4.41003
4.33832
4.41534
4.25286
3.72087
3.98729
3.82558
3.19633
4.39215
4.11658
3.99060
4.42506
2.38160
4.36164
4.05070
4.40440
4.37650
3.02462
4.33499
4.28461
4.35751
4.02674
4.42013
3.51946
4.41917
4.41644
3.63602
4.34030
4.18642
4.40383
4.37725
4.40435
4.20199
4.35089
4.40000
4.38403
4.43576
4.38876
4.44904
3.99269
4.45318
4.48489
4.49716
4.45998
4.30329
4.46306
4.05495
3.86459
4.18948
4.29884
4.28677
4.34116
4.27073
3.99341
4.10219
4.14037
3.93924
4.26478
4.45899
4.46471
4.46744
3.80333
4.41030
4.42389
4.44440
4.40805
4.31789
4.21619
4.46350
3.95905
3.61261
4.33898
4.09674
4.46013
4.21729
4.29958
3.82458
4.07178
3.08378
4.10409
4.40240
4.01652
4.47795
4.43287
4.33634
4.19841
1.97155
4.44094
4.32223
4.50421
4.22621
4.31032
2.74942
3.81734
3.92537
4.20738
4.34679
4.39066
3.98599
4.30641
4.12938
4.28116
4.43726
4.19767
4.35850
3.81741
4.26267
4.45490
4.38754
4.15500
4.00953
4.40957
4.39912
4.24970
4.11908
4.36168
4.54250
3.80497
4.36025
4.40799
4.41000
4.13441
4.43355
4.23203
4.40548
3.54947
4.41632
4.31588
3.99924
4.44617
4.36082
3.73999
4.29905
4.36926
4.07467
4.41591
4.12269
2.63384
4.23763
4.31344
4.37278
4.47913
2.42071
4.41087
3.68979
4.29342
3.38665
4.45137
4.22586
4.35658
3.06056
3.61364
4.11186
4.49083
3.23390
4.34699
4.37643
4.08843
3.99279
4.43237
2.13930
2.55968
4.17167
4.31297
1.49964
2.82130
4.24909
4.28498
4.36151
4.39994
4.26718
4.21370
4.27701
3.67826
4.06989
3.97676
2.33082
4.36685
4.35466
3.93713
4.44152
4.07399
4.00383
4.28094
4.40448
4.38279
4.51515
4.49199
4.31499
4.32587
4.35772
4.37047
3.76213
4.35712
4.38519
4.46312
4.26800
4.09240
4.49316
4.46220
4.23855
3.89836
3.58708
4.40544
4.44640
4.11489
4.50634
4.25255
4.52574
4.27621
4.40933
4.43594
4.35170
4.46933
3.68530
4.41480
4.42717
3.96634
3.82726
4.38556
1.66381
4.39181
4.32396
3.65914
4.47858
3.49081
4.33950
4.18326
4.09811
3.71800
4.44429
4.43415
3.86679
4.49510
4.30964
4.16501
4.38622
4.34851
4.10834
4.54020
3.12367
4.44796
4.38914
3.95847
4.41887
4.17280
4.16439
4.45508
4.49009
4.26228
4.08818
2.54542
4.39558
2.68153
4.46367
4.16098
4.25064
4.23174
4.46820
4.26763
3.81473
4.13447
4.25240
4.50974
3.30100
4.11532
4.32193
3.60449
4.09691
4.35538
4.46117
2.68081
4.44553
3.16936
4.41096
4.32810
4.51131
4.50220
2.70733
4.24880
3.88216
4.45889
4.41318
3.66266
4.35059
3.41462
2.47882
4.40215
4.48913
4.37621
4.42703
4.39265
4.47241
4.29266
3.76549
4.52998
4.42703
3.48995
4.40231
4.44828
4.37175
4.09271
4.48144
4.32033
4.44019
4.35436
4.35361
4.34881
4.41353
4.02477
4.47178
3.94601
4.12328
4.49323
3.96688
4.33377
4.03748
3.52716
4.00064
4.48217
4.16652
4.49196
4.26201
4.02308
4.20725
3.46450
4.40943
4.39244
4.49312
4.48224
4.40241
4.12627
4.44946
4.18809
4.45014
4.25325
4.12687
4.00219
4.50148
3.43721
4.09727
4.45488
4.46995
4.39861
4.25503
4.30393
4.42054
4.46543
4.31512
4.47388
4.39484
4.03674
4.27452
2.69422
4.13749
4.36019
4.32658
4.23591
4.23218
3.82921
3.21313
4.47707
1.84232
4.35498
4.17978
4.42012
4.43699
4.09438
4.32249
4.22660
4.40592
4.38039
4.49078
4.40992
4.21707
4.25750
4.21666
1.52114
4.19350
4.46527
4.34967
2.72887
4.36956
4.28757
4.37431
4.34006
4.35164
4.41334
4.49298
3.63957
4.09989
4.30881
4.40751
4.35314
2.58658
3.94498
4.23311
4.47780
4.52175
4.40094
4.33929
4.38740
4.47575
4.44838
4.29508
4.21565
4.37029
4.18172
4.45613
4.02417
4.42988
4.46247
4.32012
4.31320
4.47260
4.40376
4.35513
4.43670
4.47682
4.38160
4.28765
4.46546
3.65536
4.32449
3.73521
3.19984
3.68375
3.97070
4.29591
4.36989
4.20793
4.07250
4.46630
3.37402
4.41366
4.36984
4.46131
2.69086
3.94529
4.32769
4.08437
3.80475
4.41654
4.30311
4.36155
4.30175
4.11334
4.34536
4.19549
4.46364
4.19109
4.16998
1.89111
3.52111
4.51362
4.35969
4.03850
3.01262
3.72258
4.40500
3.90222
3.96031
4.47827
4.36625
4.15111
4.24965
1.78199
3.88571
4.18344
2.30714
4.38108
4.35845
4.15158
4.40915
4.04591
4.37265
4.18648
3.54996
4.36235
4.24132
4.43080
4.37807
3.03019
3.90468
4.02415
4.34863
4.34120
4.10228
4.44354
4.38009
4.09397
4.19295
4.36766
4.42417
4.12133
4.52630
3.69759
4.20600
2.10105
4.40776
4.22516
4.36474
4.32103
4.16434
4.39749
4.49627
4.21637
4.37224
4.44628
4.34947
4.43218
3.96490
4.45061
4.17690
3.41214
4.15396
4.05709
4.37754
4.49943
4.35906
4.38240
4.39190
4.43305
4.46344
4.26113
4.34329
2.72576
4.16922
4.44489
4.43148
4.29562
3.78062
4.32095
4.23863
4.30679
4.51480
4.03076
3.83853
3.98036
4.24578
4.41716
3.81844
4.46271
2.57264
4.06510
4.28041
3.42003
4.37899
4.22919
4.44202
4.52418
3.95601
4.47330
4.32169
4.39142
4.41433
3.22100
4.43355
4.16328
4.46105
4.43427
4.28084
4.41683
4.21542
4.35593
4.41203
4.39602
4.37297
4.34072
4.36738
4.23566
4.21924
4.23630
4.15051
4.21587
3.87107
4.42259
3.76263
4.39393
4.48934
4.51749
4.17169
4.43602
4.33838
3.39763
4.40284
4.37883
4.10336
4.15021
4.46448
4.17602
3.81390
4.50020
4.38290
4.43362
4.29921
4.43704
4.40939
4.36715
4.22165
4.48488
4.37476
4.41974
1.99014
4.30646
4.46736
2.25951
4.36870
4.27527
4.07744
4.24984
4.11791
4.29472
4.35759
4.10203
4.39557
2.64085
4.16472
4.40359
4.46992
4.38550
4.51704
4.18246
4.49229
4.41834
4.47042
4.43664
3.45336
4.47707
4.38139
4.39600
4.27938
4.12022
3.79892
4.32380
3.84040
4.41125
4.33786
4.47106
3.92331
4.08208
4.28001
4.34574
4.33763
4.23470
4.36648
4.02823
4.04423
4.05762
4.47369
4.09974
4.17384
3.37043
4.35294
3.68842
4.04470
3.78156
4.41601
4.41693
4.44566
4.09522
3.05280
4.27567
4.34158
4.38137
4.31423
3.36029
4.42013
4.41211
4.02562
4.46805
4.10160
4.50823
4.46185
4.34024
4.20496
4.19501
4.50135
4.12818
4.42567
4.24193
4.24803
4.13414
4.37815
4.38770
4.33125
4.42434
4.33670
4.12922
4.48403
4.17153
4.42077
4.42937
4.44457
4.29943
4.41460
4.40279
4.20758
4.35978
4.33491
4.28017
4.04698
3.45377
4.29360
4.36425
4.20215
4.37490
4.38793
2.74659
4.50540
4.21342
4.46874
3.96413
4.30315
4.46954
4.26686
4.17637
4.42885
3.59769
4.30313
3.89298
4.03435
4.29451
4.45660
4.03243
2.35345
4.37329
4.43697
4.08346
3.97687
4.41297
4.42111
4.45799
4.34616
3.96737
3.86393
4.28428
2.53333
3.92764
4.46677
4.28326
4.27336
4.48745
4.26877
4.35968
4.46764
4.38136
4.43136
4.42121
4.19166
4.27203
4.40981
4.49069
4.48797
4.12184
4.35875
4.40599
4.14229
4.31909
4.48856
4.21536
4.14598
4.45700
2.96006
4.38992
4.40630
4.12031
4.36911
4.13692
4.32876
4.33739
4.28609
4.32855
4.41224
4.40134
4.30735
3.92660
4.20857
4.51546
4.45455
4.40640
4.24532
4.13419
4.34465
4.12879
4.50324
4.45543
4.35164
4.34452
4.04076
4.22144
3.45631
4.39347
3.70980
3.77410
4.45107
4.29761
4.30841
4.28601
4.42405
4.09777
4.48112
4.30890
2.90343
4.41101
4.30878
4.46205
4.38129
4.36937
4.10339
4.42786
4.23577
4.43601
4.44861
4.05976
4.14048
4.44492
4.44211
3.96836
4.47865
4.45869
2.97683
4.47174
4.01553
4.34322
4.47635
4.38156
4.26246
4.34926
3.92254
4.21259
4.42738
4.40551
4.21718
4.49368
4.45092
3.80708
4.43359
4.19365
4.43000
3.01666
4.32681
3.98349
3.71093
3.69875
4.28808
4.04932
4.20181
4.41338
3.81353
4.27411
4.18107
3.41779
4.49391
4.34515
4.39105
4.51508
4.32397
4.27951
4.14911
3.32993
3.04830
4.32251
4.35513
4.43291
3.76240
4.27221
4.21007
4.41604
4.41664
4.30027
4.40781
4.44266
4.42765
4.36609
3.94499
4.42261
4.47267
4.09652
4.24263
4.48005
4.40073
2.30055
4.48735
4.38484
4.07251
4.02397
4.41593
3.97918
4.43639
4.08286
4.49469
4.19203
3.81161
4.35519
4.39027
3.18804
4.47750
4.05133
4.37922
3.98042
4.41896
4.46362
4.39342
4.34667
4.32109
4.19654
4.37750
4.28391
4.45396
3.96771
4.35261
3.76631
4.26991
4.36447
4.44724
4.10567
2.61470
4.43029
3.86713
4.09915
4.24916
4.37174
4.36118
4.24934
4.47467
4.21021
3.21724
4.32892
4.44320
4.43476
4.36902
4.29449
4.43060
3.17815
4.06448
4.47199
4.14267
3.79502
3.71005
4.47247
4.41043
4.18561
4.35224
4.15897
4.23973
4.09340
4.32503
4.34182
4.31178
3.01598
4.22735
4.49374
3.15000
4.02135
4.46424
4.17924
4.00784
3.75063
4.29405
4.23189
4.16333
4.17198
4.22167
2.92944
4.10987
4.39460
4.32610
4.16390
4.42209
3.31943
4.45727
4.20881
4.30180
4.41244
4.26998
4.48008
3.73490
3.88193
4.41945
4.45152
3.89669
4.41361
4.23924
4.37320
4.08719
4.42209
4.47118
4.15890
4.21894
3.88742
4.40826
4.41007
4.03808
4.27232
3.69767
4.43204
3.76022
4.47383
4.31844
4.36807
4.46509
4.47731
4.24776
3.79094
4.13850
4.48259
4.32870
3.62316
3.57685
4.20404
4.07330
3.92638
4.22670
4.49155
4.25635
4.13817
4.38268
4.46376
4.21496
4.29168
4.40157
4.44487
4.47579
3.41719
3.94055
4.38059
4.37670
4.20709
4.44304
4.09534
4.08197
4.33310
4.32031
2.61431
4.42790
4.13971
4.10502
4.34422
3.58588
3.48863
4.39011
4.16200
4.17583
4.30470
4.30552
4.39833
4.22752
4.32076
4.36552
4.39961
3.75592
4.45301
3.60445
4.35149
4.36383
4.50629
4.13570
4.39162
4.43478
4.18859
4.46039
4.46665
4.43119
4.42225
4.26981
4.20535
2.88986
4.07685
4.33175
4.18863
4.39410
2.39458
4.01398
4.37985
4.35288
4.51126
4.31745
4.29927
4.05480
4.48709
3.82862
3.13711
4.44494
4.40842
4.35863
3.81108
4.36431
4.40355
4.02976
4.45325
4.15601
4.21968
4.28199
4.17143
3.84351
4.49783
4.32729
3.69102
4.35067
3.66147
4.50072
4.39427
4.44817
4.43500
4.08691
4.34795
4.26173
4.48954
2.75768
3.68319
4.45132
4.52205
4.37051
4.30553
4.28636
4.47358
4.33515
4.39693
4.38497
4.23600
4.38684
4.40060
4.17227
4.18517
4.00925
4.50817
3.66263
4.35657
4.35373
4.19652
4.23757
4.15435
4.19785
4.31116
4.35635
4.37640
3.67833
4.38157
4.00305
3.38473
4.48422
4.31285
2.58865
4.48035
4.23668
4.43450
1.81154
4.15465
4.38101
4.38145
4.41959
4.46169
4.29247
4.02811
4.26719
4.45188
4.29227
4.41848
4.26216
4.28623
4.42763
3.83864
4.37180
4.46070
3.99694
4.42959
4.30424
4.41556
4.38460
4.16386
4.51177
4.22478
3.79947
4.43777
4.51503
4.05090
3.87038
4.29534
4.39660
4.37750
4.49378
4.40616
4.46282
4.43234
4.44520
4.27619
4.30809
4.47069
4.25945
3.95945
4.39541
4.44877
4.32699
4.38633
4.44207
4.26692
4.38949
4.36194
4.11009
4.39835
4.29175
4.25323
4.33894
4.49821
2.77290
4.19027
4.42310
4.49894
4.38910
4.48163
3.81740
4.28034
4.05372
4.46343
4.40686
2.06031
4.44849
4.49477
4.33651
4.20330
4.12864
4.32381
4.42172
4.38972
3.52466
4.50691
4.32284
4.45339
4.45693
4.29051
4.38622
4.26725
4.15907
4.39073
4.25574
3.35937
4.35447
4.21166
4.19403
4.50173
2.88840
4.48549
4.39464
4.39630
4.10932
4.34437
4.17817
4.39840
4.43669
4.12141
4.37086
3.72547
4.25457
4.40995
4.40900
4.19981
4.26231
4.50539
4.39840
4.43803
3.91167
4.21762
4.45198
4.44315
3.72144
3.54186
4.22717
4.07286
4.50163
4.15958
4.49352
4.16497
4.42737
4.33713
4.50262
4.19244
4.44784
4.37385
4.17546
4.48857
4.37989
4.22284
4.26683
4.39495
4.48190
4.12767
4.21617
4.34796
4.46712
4.06391
4.39042
4.17296
4.40470
4.40150
4.20183
2.95510
4.23911
4.19620
4.37194
4.48414
4.05482
4.27048
3.88428
4.29594
4.24634
4.48278
3.67665
4.27089
4.04499
4.08093
4.38385
4.20756
4.07417
4.41256
4.24882
4.30686
4.14022
3.56634
4.08646
4.07035
4.48805
4.03094
4.42761
4.41112
4.34797
4.36199
4.09536
4.49302
4.22884
4.16036
4.29070
3.97725
4.38713
4.34877
4.41210
4.46538
4.31310
4.21201
4.10608
4.43715
4.40431
4.45399
4.35271
2.48898
3.68267
4.34160
4.46295
4.44969
4.49470
4.44820
4.18829
4.47139
4.08525
4.39443
4.39320
4.50169
4.25866
4.01614
4.48424
4.40145
3.97498
4.48422
4.42998
4.04992
4.51824
4.22095
4.08619
2.09911
4.29951
4.39356
4.45270
4.51007
4.36441
4.46533
4.38510
4.08666
4.49398
4.20261
4.38982
4.45963
4.24486
4.45976
4.47371
3.96838
4.35011
4.26766
1.92619
4.28712
3.15173
4.38645
4.40060
4.29237
4.24196
4.16586
4.33241
4.15947
4.37168
4.40088
2.49819
4.20813
4.17875
4.15168
4.25550
4.48452
3.80436
4.40563
4.30194
3.68760
4.17976
4.23617
4.49103
4.30342
4.48789
4.20269
4.38670
4.29857
4.12487
4.29828
4.32216
4.32835
4.30886
4.16124
4.45703
4.46332
4.50296
4.43971
4.37182
4.50398
4.09497
4.29843
2.62408
4.35229
4.42473
4.40357
4.44459
2.11374
4.08904
4.23844
4.42940
4.44665
4.23396
4.43930
3.96825
4.26756
2.96763
4.16712
4.21828
4.14188
4.37687
4.42462
4.50485
2.77684
4.36842
3.65524
4.23091
3.64029
4.22392
4.36305
4.34788
4.04708
4.07068
3.78431
4.22884
4.44471
3.30328
4.31339
4.41814
4.44830
3.53440
4.24162
4.21966
4.25657
4.24899
4.23992
4.36684
4.39937
4.35116
3.78584
3.29471
4.40111
4.27439
4.47250
4.35536
3.96208
4.40047
4.18482
4.25388
4.46145
3.68638
3.92950
4.37595
4.12102
4.41871
4.18355
4.48314
4.23440
4.27554
4.38137
4.31075
4.47871
4.38684
3.52338
4.52222
4.50437
4.03809
4.23560
4.38380
3.02496
4.45649
4.42473
4.38606
4.43512
4.32914
4.40722
3.04673
4.39153
4.08890
3.98459
4.42194
4.39167
4.05802
4.04463
4.51520
4.30662
4.45614
4.45657
3.85459
4.35654
4.50277
4.38813
4.32191
4.49130
4.17390
4.26430
4.48247
4.31634
4.18567
4.43627
4.49617
4.23003
4.17899
4.34203
4.32283
4.18667
4.49268
4.45270
4.27747
4.11691
2.58619
4.10797
4.40530
4.39560
4.22324
4.39005
3.62128
4.49465
4.32713
4.31072
4.27513
4.00480
4.39325
4.27453
4.36155
4.01843
3.98034
3.29740
4.43113
4.18693
4.40955
3.73152
4.06288
4.41740
4.47862
4.45052
4.29393
4.28616
4.19107
4.48954
4.20368
4.40173
4.42904
4.29608
4.31940
4.20150
4.36345
4.35936
3.68562
4.29906
4.31641
4.17184
4.30471
4.49946
4.48163
4.27454
4.41355
4.32704
3.07119
4.28476
4.20546
2.85395
4.35302
4.20759
4.20082
3.86422
4.44410
3.71290
4.18567
3.76800
4.39348
4.43287
4.35680
4.31189
4.34297
4.30084
4.46941
4.25226
3.95664
3.79819
4.12622
3.81961
4.36094
4.35652
4.45892
3.20545
4.00238
4.49956
4.47549
4.07639
3.32952
3.94269
4.38312
3.73898
4.49365
4.28181
3.96564
4.45410
4.46324
4.40179
4.50978
4.20464
2.78519
4.34021
4.43633
4.38282
4.43940
4.29434
3.79147
4.49522
4.46635
3.69235
4.42844
3.88107
4.38894
4.34828
4.00866
4.45312
3.51612
4.42396
2.71326
4.41025
3.49697
4.06304
4.28953
3.89404
4.46905
4.31418
4.45676
3.62160
4.33918
2.60486
4.42699
4.41256
4.24143
2.59684
4.47145
4.49492
4.29285
4.44423
4.12416
3.53925
2.88688
4.34565
4.47924
4.44265
4.45487
3.98287
4.34867
4.35032
4.17366
4.23040
2.55219
4.21024
4.19625
4.25133
4.44551
2.96028
3.92673
4.43281
4.17223
2.03703
4.49100
3.99028
4.15042
3.41368
4.33359
3.44727
4.21783
4.32662
4.47828
3.96421
4.49953
4.37692
4.27747
4.40657
4.33052
3.72082
4.44866
4.25209
4.09826
4.22189
4.41537
4.08411
3.98014
4.30261
4.36137
4.27119
4.39478
4.44623
4.43471
4.26921
4.39190
4.49046
4.38576
3.84269
4.32018
4.51462
4.19860
4.36255
4.42404
4.46960
4.11909
4.40289
4.41173
4.49393
4.14651
4.48672
4.44247
4.47617
4.42857
4.22018
4.39813
4.40462
4.43147
4.37754
4.26930
4.40724
4.43506
4.20669
4.26410
4.43724
4.13648
3.73255
4.12566
4.44533
3.84014
4.45031
4.33910
4.25984
4.46181
4.35534
3.97851
4.46157
4.40027
2.81655
4.40879
4.45741
2.69763
4.48106
4.02843
4.43360
4.12334
3.97758
3.67094
3.74787
4.19904
4.44001
4.46288
3.35907
4.22093
4.39531
4.38306
4.41693
4.51333
4.33071
4.36818
4.46616
4.43370
4.46075
4.15569
4.35783
4.32925
4.22151
4.08405
4.19414
1.92571
4.16236
4.49072
4.00655
4.05688
4.34478
4.00841
4.16302
3.80447
4.43946
4.46071
4.00334
4.06213
4.24713
4.49034
4.49394
3.97976
4.46758
4.40006
2.75789
4.47869
3.88178
4.38045
3.77496
4.26811
3.82550
3.75853
4.29372
4.19778
4.48253
4.24150
4.43382
4.44262
4.51755
4.32795
4.45217
4.34535
3.92675
3.11362
4.22159
4.45449
4.28454
4.23885
4.35670
4.32733
4.39602
4.26746
3.88606
4.20562
1.83778
4.00706
4.34117
4.25337
4.37513
4.35134
3.64127
4.44788
4.46735
4.17005
4.14644
4.44947
4.07519
3.58949
4.30141
4.42909
2.51542
3.80127
4.09978
4.46190
4.36725
4.26527
4.47482
4.42243
4.32755
4.23759
3.55298
4.37646
4.42872
4.35665
4.22095
3.96542
4.09261
4.21992
3.51651
4.43738
4.37805
4.46117
4.33465
4.48351
4.40045
4.34630
4.46245
3.81678
4.18196
4.40924
4.27036
4.49736
3.96744
4.35242
3.55151
4.46176
4.48896
4.18662
4.41096
4.32305
4.39472
4.36741
4.21112
4.10629
4.34939
4.24777
4.48000
4.30928
4.36644
4.42286
4.25119
4.01973
4.42305
4.10929
4.47600
4.38021
4.11167
3.94624
4.44331
4.33702
3.23876
4.37503
4.43818
4.43949
4.37987
4.29637
4.34417
4.47742
4.44768
3.77086
4.40310
4.40484
4.33533
4.45342
4.38854
4.43402
4.32714
4.02712
4.39716
3.96730
4.34535
4.49366
4.33585
4.36267
4.44148
4.27502
4.41229
4.38498
4.33333
4.42619
4.44992
3.88074
4.10308
4.46220
4.09013
4.10890
4.31513
4.39887
4.40150
3.52733
4.12954
4.06735
4.23429
4.34112
4.39795
4.51501
4.08722
4.34367
4.47155
4.45917
4.50971
3.82089
4.40840
4.22913
3.92631
4.08816
4.47579
4.38814
3.68028
4.36742
4.32322
3.51281
4.06597
4.35008
4.46085
4.48986
4.36016
4.48260
4.46990
4.12748
4.28431
4.38846
4.36971
4.14140
3.95128
4.49974
4.43717
4.40303
4.05816
4.39748
4.51309
4.16014
4.19807
4.53300
4.33576
4.30607
4.00136
4.47942
4.41846
4.35969
4.21021
4.46379
2.41892
4.17766
4.44877
4.18267
4.43995
4.47178
4.51026
4.30476
4.43505
4.49730
4.32246
2.85523
4.47959
4.40360
3.91382
4.23312
3.99573
4.33451
3.93205
4.48797
4.48357
4.38297
4.25547
4.42654
4.18222
4.46418
4.10555
4.53147
4.29377
3.67346
3.37535
4.47893
4.40094
3.84040
3.85831
4.34019
3.78191
3.83434
4.35284
3.39693
3.88509
4.41471
4.32211
4.16128
4.40834
4.21398
4.09141
4.31240
4.45943
4.08507
4.30584
4.36899
3.32930
4.28333
4.12781
4.45595
4.11813
3.61285
4.43495
3.82672
4.40074
4.27946
4.21964
4.29615
3.75449
4.32033
4.36948
4.29769
2.90317
4.04176
4.25919
2.24960
4.43189
3.69220
4.28786
4.28117
4.38079
4.30371
4.34284
4.15172
4.42155
4.38211
4.17285
4.08568
3.44517
4.36659
4.33075
4.36696
4.36361
3.73831
4.15089
4.28651
4.29395
3.31862
4.26857
4.20993
4.42433
4.25826
4.28735
4.21064
4.35965
4.39718
3.92726
3.54191
4.11997
3.36419
4.28002
4.29076
4.26867
4.30234
4.50453
2.59265
4.42236
4.34674
4.30238
4.51088
4.36669
3.15265
2.68281
4.33280
3.79970
4.11361
4.23178
4.16668
4.45905
1.37981
2.01463
4.24539
4.45894
4.42704
4.45354
4.43780
3.45312
4.28394
4.33641
4.11572
4.43807
4.31328
4.44734
4.23012
4.34990
4.29755
4.35404
4.11384
3.37619
4.41092
4.24554
4.09643
2.89248
4.17012
4.19146
3.39852
3.88645
4.34362
4.06627
4.34314
4.38199
4.42927
4.49282
4.40074
4.42770
4.41287
3.93549
4.30297
4.43419
4.37618
4.35169
3.51362
4.43394
3.12393
4.36727
4.05663
4.35526
4.35301
4.25151
4.39109
4.40074
4.38118
4.01786
4.24491
4.31717
3.75863
4.41165
4.36447
4.38339
4.41885
4.24977
4.45637
4.28491
4.43641
4.15967
4.11470
3.96655
4.06897
4.03790
4.37174
4.29988
4.43012
4.27438
4.34234
4.08640
4.37060
4.16663
4.43245
4.29874
4.25438
4.35483
4.42641
4.32373
4.30692
4.41098
3.81952
3.69438
3.54083
4.14917
4.25735
4.38775
4.47760
4.40638
4.43265
4.38352
4.45373
4.22352
3.14394
4.39588
4.03651
4.38520
4.26007
4.35030
4.48069
4.24938
4.48865
2.61436
2.95573
4.44580
3.92443
4.03303
4.28809
4.14018
4.40717
4.37659
4.47667
4.45944
4.42452
3.98900
4.05161
4.30483
3.12218
4.36687
4.46279
4.38512
4.42685
4.29724
4.43666
4.47875
4.40700
4.39433
3.80239
3.99398
4.44478
4.25638
4.17385
4.45452
3.87604
4.27285
4.31759
4.05994
4.26108
4.46033
4.12820
3.54394
4.22194
4.48193
4.45214
4.17484
4.48643
4.35871
4.51350
4.33663
3.35146
4.43611
3.50493
4.35624
4.43117
4.37117
4.13733
2.57441
4.27143
4.48473
4.40359
2.90971
4.49097
4.32384
3.87560
4.31460
4.32428
4.44571
4.29584
4.28587
3.83029
4.16917
4.27725
4.37278
4.48897
4.35297
3.63732
4.41885
4.17447
4.44935
4.48955
4.34256
2.84945
4.30122
4.32119
4.41481
4.30775
3.97759
3.78855
4.23966
2.55540
4.50013
4.13907
4.41099
4.47917
4.31805
4.37242
4.27094
4.08011
2.71593
3.92752
4.15267
2.58978
3.64913
4.32894
4.15510
4.37964
4.32513
4.32341
4.37740
4.12493
3.81447
4.44520
4.43214
4.35450
4.33114
4.48436
4.47915
4.51017
4.35963
3.08342
4.32086
4.09658
4.24678
4.33087
4.36614
4.36298
4.37052
4.36407
4.24248
4.40553
4.36682
4.35321
4.38683
4.21420
4.25608
3.73161
4.39673
4.34820
4.42610
4.38278
4.45050
4.46667
2.00972
4.51341
4.49553
4.03316
4.45231
4.49794
4.39063
4.47741
4.47263
4.03962
4.12546
4.38068
4.38953
4.15295
3.72672
4.46796
4.32777
4.32641
4.46027
4.30055
4.03249
4.47808
4.16885
4.16506
4.06160
3.40120
4.35838
4.42670
4.40648
1.25469
4.20685
4.24874
3.84198
4.38624
4.31029
3.85063
4.06887
4.45819
3.48161
4.13441
4.32668
4.41571
4.44459
3.93492
3.68328
4.42949
4.43359
4.23292
4.29406
4.09289
4.47127
4.47826
4.45247
4.48043
4.47502
4.34433
1.90747
4.23636
4.37278
4.08406
4.12793
3.98905
4.39114
4.23202
3.86723
3.08958
4.39556
4.41964
4.28159
4.14088
4.11058
4.29774
4.40120
4.17347
4.02921
3.77123
4.49068
4.34072
4.48314
3.53984
4.40382
3.90616
3.81330
4.52341
4.37193
4.48925
4.44630
4.23852
4.15645
4.19765
4.49459
4.49170
4.40698
2.14107
4.19003
4.38433
4.38602
4.20362
4.42247
4.25018
4.34174
4.39304
4.45773
4.45344
2.30708
4.45045
4.43304
4.09061
4.45450
4.30527
4.23039
4.25973
3.98483
4.49341
3.48618
4.33661
4.24685
4.53354
4.06542
4.49614
3.91377
4.36530
4.29763
2.65123
4.39141
4.21800
3.87523
2.77281
4.07109
2.74967
4.05523
4.52970
4.37882
4.36980
4.43475
4.34939
3.99974
3.99881
4.02136
2.67318
4.29728
4.33844
4.26836
4.32896
4.31821
4.25789
4.32436
4.40790
4.20553
4.45318
4.15079
3.43787
4.29311
4.43747
3.97425
4.38878
4.04255
4.43033
4.49927
4.43585
4.37318
4.02844
3.87543
3.34193
4.33923
4.47239
4.15315
4.39305
4.46827
4.42357
4.33996
4.45345
4.37316
4.30451
4.19785
4.32221
3.77854
4.44672
4.32573
4.42307
4.48207
4.45916
3.93166
3.90867
4.13227
4.46180
3.56785
4.32084
4.42384
4.44564
4.48938
4.32031
3.54259
4.33798
4.29013
3.75720
4.05550
4.38963
3.79070
4.41908
2.45859
4.45167
2.84276
4.41741
4.42760
4.25335
4.18747
4.45319
4.25953
4.46007
4.20757
4.21458
4.38996
4.04980
4.30068
4.30170
4.19023
4.35131
4.38644
4.49028
4.45107
2.37169
4.43429
4.40168
3.57048
3.27736
4.22494
4.38995
4.18598
4.41300
4.41768
4.02950
4.52208
3.07056
4.48933
4.42546
4.47581
4.08022
4.44178
4.27927
4.27042
4.13389
3.72611
4.41691
2.54326
4.08855
4.42846
4.47086
3.11297
4.52812
4.37412
3.84455
4.34348
4.42513
4.40980
2.56893
4.42726
4.34432
4.39744
4.50232
1.82058
4.11782
2.18084
3.70325
4.26473
4.40948
4.10536
4.37195
3.96960
4.38653
3.46187
2.86240
4.44641
4.34148
3.91529
1.97759
3.74346
3.97720
3.81459
4.43390
3.70162
4.50820
4.47044
3.69050
4.43819
4.29572
4.51444
4.03223
4.47841
4.49278
4.33293
4.06320
4.43957
4.45216
4.47440
3.90152
4.41693
4.47136
4.38326
4.39487
3.96774
4.35117
4.42003
4.22456
4.30591
4.33441
4.38770
4.09711
3.50593
4.30616
3.97894
2.86866
4.35670
4.22936
4.46921
4.35427
4.15690
4.33338
3.91839
4.24495
4.21853
4.28908
4.32011
4.33181
4.36977
4.23449
4.39861
4.27132
4.37536
4.18160
3.23328
3.93298
4.02021
4.21548
3.80869
3.76111
4.23029
4.45732
4.34909
4.33455
4.00641
4.43984
4.12896
4.27367
4.24129
4.30463
3.91069
4.45209
4.45367
4.27510
4.36991
4.46448
2.84664
4.33606
4.47208
4.37273
4.20698
4.46549
4.02436
3.24215
4.41968
4.15029
3.89343
4.29404
4.43484
3.90095
4.39302
4.18524
4.03194
4.19510
4.09237
3.99069
4.10584
4.45914
4.46403
4.07365
4.36690
3.65419
3.84666
4.48674
3.46280
4.45550
4.35721
4.41444
3.94139
4.24756
4.26092
4.47233
3.62663
4.35714
4.46851
4.47421
4.13205
4.35578
4.22097
4.23355
4.11832
3.93780
4.00561
4.51871
3.64371
3.99416
3.40443
4.37407
4.35284
4.45787
4.25881
4.39112
4.43256
4.35612
4.18600
4.41419
4.35536
4.34005
4.50365
4.25060
4.47058
4.18293
4.32173
4.34875
4.28377
4.42071
3.42776
4.41833
3.51057
4.38561
4.31890
4.21933
4.48831
4.39671
4.21753
4.44327
3.97076
4.50371
4.40936
4.19760
3.76783
4.51021
4.27699
4.16853
4.42866
4.39459
3.45441
4.15366
4.41602
4.48967
3.14395
4.36602
4.34715
3.85824
4.37321
4.37313
4.40946
4.42686
3.82982
4.28514
4.14623
3.71574
4.30055
4.12064
4.19578
3.50865
4.19242
3.98600
2.24140
3.79852
3.68331
4.36820
4.41563
4.08672
4.41724
4.32218
3.78145
4.42165
3.24836
3.33062
4.37147
3.82043
4.32120
4.37646
2.77651
4.39592
4.44061
4.34073
3.31460
4.14836
4.35949
2.85506
3.99026
3.46292
4.09273
4.18524
4.33352
3.30564
4.30785
4.33854
3.99095
4.40248
4.35075
4.38105
4.31946
4.23489
4.34875
4.38662
4.20436
4.41159
3.94526
2.28591
4.42252
3.32888
4.44232
4.40536
4.18158
3.01621
1.97577
4.48577
4.27560
3.84767
1.78826
4.25031
2.85531
4.45762
4.34424
4.40548
3.96365
4.13587
4.42537
3.41735
4.40323
4.21492
4.10322
4.30794
4.27986
4.41227
4.49137
3.91576
3.98386
4.25720
4.34033
4.35726
4.45418
4.37507
4.28191
4.20669
3.60446
4.49576
4.37475
4.49793
4.39204
4.09775
4.29287
4.42965
4.37712
3.93175
4.14698
3.70712
4.46371
4.32137
4.17859
4.47864
4.35333
4.45907
4.44422
4.38358
4.31126
3.98061
3.95161
4.40136
4.37200
4.31973
4.50852
4.43104
4.31911
4.26866
4.35896
4.34490
4.42546
4.02043
4.47403
4.28297
4.35800
4.37112
4.44537
4.35941
4.18571
4.31270
4.36398
4.44318
3.64946
4.42440
4.37507
4.45860
4.47844
4.41168
4.16209
4.36016
4.00860
4.42522
4.31362
4.13489
2.91473
4.45181
4.38700
4.39029
3.57701
4.41986
4.43502
4.23351
4.45861
4.31646
4.20218
4.39456
4.02097
4.10320
4.15419
4.37260
4.44842
4.28555
4.41696
4.26061
4.41416
2.85165
4.33734
4.20495
4.24436
4.35863
2.23964
4.29461
4.44858
4.47545
4.44261
4.28605
4.46693
4.41114
4.41673
4.31501
3.73216
3.58666
3.51921
2.87314
3.99593
4.19482
4.45102
4.44190
2.79246
4.40047
4.44588
4.39617
4.47024
4.25688
3.38288
4.20756
4.45854
3.93885
4.20676
3.32308
4.52550
4.34510
4.23026
4.14428
4.21419
4.39446
4.46889
4.26348
4.47508
4.46674
4.24880
4.43278
4.38829
3.90852
3.18710
4.40433
4.16923
3.02959
4.47954
4.44651
2.39800
3.99341
4.45022
4.34831
4.39290
4.28245
4.19475
3.97132
4.39100
4.14977
4.32131
3.50079
4.34701
4.32455
4.12958
4.48473
3.45592
3.55863
4.50575
4.35358
4.35803
4.33838
4.23606
4.37136
4.37155
4.41150
3.76200
3.95730
3.86264
2.46738
4.42240
4.32814
4.40386
4.16413
4.35145
2.70951
4.39856
4.40663
4.33715
4.10438
3.73882
4.00763
2.99839
2.24242
4.21721
3.84440
4.05519
4.24922
3.29685
4.24612
4.40432
4.46165
4.34099
3.87910
3.69587
4.42695
4.23605
4.50889
4.27282
4.20801
3.64923
4.39620
4.35147
3.99597
4.01503
3.86019
4.40595
3.91685
3.85560
3.80880
4.38108
4.21977
4.31875
4.42171
4.37949
4.52297
4.42199
4.06557
3.54135
3.86420
4.39290
4.31944
2.88110
4.36572
4.36354
4.45812
4.03607
4.44116
4.32151
4.45315
4.40831
4.38608
4.03307
4.30107
4.37608
4.47036
4.31407
4.51303
4.41413
4.29192
4.32476
4.28598
4.08337
4.23016
4.48992
4.43138
4.33700
4.51257
4.34640
4.21010
4.09504
4.41845
3.95061
3.15402
4.16322
4.23662
4.30399
4.49920
4.41674
4.41523
4.46811
4.23267
4.12927
4.33409
4.35724
4.30777
4.27843
4.40185
4.49226
4.42277
4.31711
3.95367
3.56685
4.01114
4.24297
4.45761
4.40806
4.05886
4.33713
4.41658
3.33644
4.48353
4.31537
4.31210
2.89893
4.41245
3.83956
4.30944
4.28745
3.14595
4.14344
4.18060
4.00742
1.89792
4.33846
4.46374
3.89810
4.33797
4.31582
4.03217
4.48025
3.65186
4.37957
4.49773
4.38854
3.37164
4.38081
4.32476
4.32144
4.23540
4.16173
4.34571
4.35940
4.21774
4.43893
4.01454
3.59867
4.35361
4.46103
4.34411
2.47477
4.29381
4.33855
1.74969
4.48111
3.72717
4.26532
2.96639
3.76356
4.30706
4.25183
4.44436
3.43098
4.41109
4.31382
4.33090
4.44184
3.66686
4.37341
2.98212
4.45623
4.46483
4.11475
4.20938
4.37433
4.38874
4.08607
4.40964
4.08433
3.75111
3.62808
3.75970
4.48806
4.38845
4.36326
4.44076
3.50858
4.40567
4.38359
4.23794
4.38878
4.47819
4.50641
3.93903
4.32296
4.30102
4.35094
4.43405
4.44462
4.33797
4.03375
4.49094
4.46847
3.76728
4.45409
4.35509
4.44131
4.35932
4.41016
4.43377
4.11594
4.16014
4.40460
3.83378
4.29380
4.41673
3.81986
4.00819
4.40662
2.78920
4.30165
4.31392
3.77380
4.38566
4.27917
4.50332
3.03560
4.11966
3.71780
4.18272
4.51164
3.23903
3.98220
4.44859
4.33862
4.29016
3.33091
2.27416
4.26012
4.47855
4.20360
3.98503
4.45798
4.23734
3.87572
4.30869
4.21176
3.96672
4.23984
4.35642
4.35359
4.49574
4.51251
3.68303
2.22948
4.11971
4.02738
4.38481
4.31662
4.42152
4.06308
4.36665
4.11360
3.73779
4.26432
4.15708
4.00473
4.30667
4.51111
4.47094
2.72632
4.43182
4.46061
4.24787
3.96700
3.25019
4.27766
4.28084
4.30827
4.22047
4.13501
3.17490
4.40282
4.17062
4.43167
4.04099
4.32417
4.49081
4.16407
4.40757
3.94192
4.30932
4.41428
4.42994
4.37644
4.43567
4.42519
3.98070
4.13021
4.38957
4.14901
4.12652
4.45846
4.49211
4.17862
4.40717
4.33915
4.23476
4.43721
4.40357
4.14913
4.47070
3.96500
4.00389
4.48294
3.88055
2.69845
4.20865
4.41532
3.93022
4.45326
4.45003
3.73706
4.23722
4.43693
4.49927
4.21281
3.96558
3.83305
4.00237
4.26079
4.14556
4.42461
4.32602
4.49496
3.83904
3.80443
4.42031
4.46157
4.17623
4.51985
4.50077
4.45551
4.07108
4.40562
4.00442
4.34120
4.45153
4.49655
4.31279
4.06563
4.33257
4.08443
4.25133
3.31040
4.40835
3.97878
4.20747
4.41620
3.69861
4.36055
4.09619
4.26470
4.07996
4.46482
4.46936
2.89242
4.26509
4.48841
4.17056
4.41487
4.48657
4.26698
4.43301
4.29962
4.29531
4.43333
4.28365
4.07773
4.07555
4.40518
4.26339
4.30654
4.42204
3.96563
4.28112
4.16941
4.44787
4.17422
4.38726
3.26000
4.40529
3.90176
4.28148
4.33919
4.34096
4.46951
4.36993
3.85478
3.70305
4.11984
3.81183
4.23013
3.14546
4.41703
4.47464
3.26596
4.45413
4.44612
4.44062
4.04085
4.35322
4.09991
4.25287
4.33304
3.64235
4.37549
4.43223
4.46192
4.15525
4.24455
3.94463
4.53419
4.44673
4.09609
2.72468
4.40772
3.85600
3.11096
3.92677
4.40900
4.33730
4.22361
4.21298
3.95890
3.78455
4.30556
4.36996
4.42102
3.68318
4.51320
3.90299
3.96805
4.36737
4.35987
4.22478
4.40073
4.36976
4.44997
3.56058
4.45703
4.37811
2.00133
4.46228
4.46235
4.36291
4.46914
4.28370
4.49656
4.47652
4.31480
4.44609
3.84954
4.46063
4.47837
4.27144
4.12840
4.17762
4.30135
4.27540
4.25970
4.11584
3.99139
4.46462
4.42194
4.40700
4.18376
3.65548
4.47266
4.45574
4.47960
4.53349
4.26739
4.50490
4.35510
4.37946
4.49158
4.09605
4.45593
4.33816
4.46382
4.42951
2.50339
4.37848
4.24460
3.79866
3.70980
4.18688
4.24262
4.44532
4.41004
4.29838
3.85373
4.20057
4.28865
4.48201
3.66879
4.42690
4.44615
4.40293
4.08968
4.41232
4.18583
3.77639
4.12821
3.81224
4.31986
4.42777
4.24718
3.79355
2.81424
3.30482
4.19790
4.40882
3.16054
4.31798
4.23532
4.50100
4.26561
4.44035
4.33465
4.39220
4.43365
4.20736
3.77177
4.38976
4.46279
4.46921
4.41607
4.47878
3.96979
4.37824
3.88828
4.44243
4.48383
4.42283
3.36828
4.04315
3.69760
4.06521
4.48863
3.83070
4.16876
4.42882
4.28290
4.49496
4.12756
4.20835
4.43777
4.51490
4.42245
4.22543
3.80347
4.09090
4.46806
3.91499
3.72793
4.31875
4.45717
4.39512
4.26975
3.76489
4.19977
4.45513
3.91576
4.28721
4.42078
3.56268
4.52602
4.30570
4.43901
4.47890
4.36330
4.44560
4.44459
4.43793
4.09280
4.41092
4.45976
4.48291
4.39883
3.68408
3.77734
3.95681
4.21379
4.45340
4.45111
4.44679
3.70989
4.48176
4.50607
4.19749
4.21620
3.67244
2.51477
4.09547
4.50595
4.45832
4.46283
4.11752
4.25874
4.24974
3.13469
4.46851
4.33395
1.94073
4.33145
4.32749
4.48718
4.44661
4.09962
4.36934
3.94196
4.45086
4.04798
4.22302
4.34403
4.32946
4.26677
4.16096
4.43583
4.47656
2.81283
4.02494
4.12796
4.31189
4.40399
4.31753
3.64124
4.45539
4.19511
4.24564
3.86081
4.48461
4.49711
4.33254
4.42548
4.46383
3.87336
4.47915
4.38838
3.63422
3.85511
4.51535
4.37657
4.09266
4.45167
4.43268
4.39121
4.13102
4.40651
4.37041
4.26417
4.41937
4.00735
3.98650
3.96768
4.13307
4.47544
4.17548
3.84596
4.43604
4.42637
3.65323
3.62453
1.99734
4.44586
4.46959
4.39630
4.41644
4.26849
3.85154
4.42623
4.44188
4.30569
4.05096
4.45165
3.88658
4.47655
4.18957
3.70441
4.40612
4.43455
2.63512
4.41570
4.34779
2.28579
4.43345
3.89635
4.47485
4.36541
2.28940
4.50853
4.37954
2.70804
4.45216
3.62286
4.26485
4.01523
4.08797
3.95543
4.47191
4.36349
4.28868
4.31056
4.35524
4.41208
2.47118
3.38478
4.40223
4.44986
3.81332
4.24402
4.45255
3.93740
3.38835
4.26920
4.05854
3.20276
4.48544
4.26386
4.38413
4.35105
4.45872
3.85861
4.41273
4.40564
4.43360
4.44251
4.33656
2.70456
4.38946
4.42798
4.41729
4.36405
4.48037
4.47640
4.49776
4.14703
4.45326
4.45861
4.13035
4.38854
4.31464
4.31475
4.31656
4.37126
4.46794
3.75919
4.47838
4.41388
4.31480
4.14177
4.39211
4.04604
4.40806
4.25976
4.23768
4.44484
4.39129
4.51476
4.51682
1.82152
4.30358
3.94113
4.42638
4.50375
4.45549
4.42695
4.49766
4.49083
4.31117
2.85327
4.30849
3.83924
4.36693
4.23826
4.43897
4.51750
4.40577
3.86160
4.45593
4.50436
4.46143
3.87893
4.45497
3.68504
4.45730
4.15220
4.38350
2.47272
4.43282
4.51572
3.92247
3.47603
3.66754
1.37794
2.19571
4.42252
4.35478
4.48076
4.38987
4.41201
2.90147
4.02228
4.22573
4.46709
4.24628
3.92833
4.17213
4.17330
3.95397
4.45854
4.51983
4.36180
4.21563
4.08820
4.40985
4.19369
4.34084
4.37416
3.85872
4.50721
4.40706
4.40063
4.46634
4.29348
4.17702
4.23440
3.53106
4.07911
4.43329
4.12750
4.40023
4.44209
4.26606
3.69374
4.05550
4.23062
4.52041
4.34263
4.48198
4.07905
4.50156
4.09780
4.36104
4.34457
4.48468
4.49112
4.45952
4.18568
4.03736
3.64952
4.37431
4.03588
3.65393
4.07286
4.45059
2.53299
4.53912
4.22444
4.45184
4.41955
4.35879
3.90627
4.48451
4.40789
4.29664
4.42905
4.47670
4.38309
4.07977
4.04917
3.87714
4.46793
3.89616
4.47827
4.24966
3.41878
4.41716
4.34144
4.08628
4.23842
4.44923
4.19661
4.03696
4.19804
4.49423
4.39328
4.35428
4.34700
3.92442
4.39873
4.38919
2.88732
4.00199
4.40930
4.45527
3.97189
4.17459
4.45286
4.44807
4.26495
2.72945
4.37724
4.45934
3.88196
4.44765
4.32880
3.74776
4.50018
4.51112
4.38211
4.02951
4.34245
4.37566
4.35820
4.44609
3.73876
4.31264
4.32975
4.09776
4.17548
4.13219
4.31518
4.30762
4.46058
4.27577
4.49676
4.42122
4.40269
4.42489
4.20404
4.09837
4.32926
3.79327
3.98659
4.44526
4.13265
4.07292
4.41955
4.00869
3.87183
4.48226
4.31425
3.48293
4.13646
4.38426
4.33620
4.28110
4.41586
4.39715
3.93619
4.09617
3.49661
4.37922
4.32966
4.31711
2.51433
4.36006
4.48521
4.49909
4.24950
4.06488
3.81868
4.27682
4.46776
3.89397
3.88184
4.45226
4.07695
4.20037
4.00694
3.57315
4.18499
4.36147
4.47820
4.25742
4.26245
4.44569
4.38599
4.27811
4.44735
4.48134
4.30867
4.45348
4.35504
4.05713
4.48123
4.50196
4.00413
3.86164
4.11817
3.92317
4.49620
4.32456
4.17940
4.13698
4.33531
3.98508
4.20405
4.17672
4.43339
4.49172
4.24224
3.89234
4.29614
2.20983
4.20343
2.18719
4.27193
4.42022
4.37949
3.25154
4.23381
4.09439
1.70669
4.42889
4.38578
4.13954
4.39119
4.34622
4.43869
3.59693
4.19587
4.50718
4.33894
3.77542
4.35068
4.45951
4.35851
4.45154
3.79115
4.31798
4.26253
4.30332
4.49045
4.42573
4.27571
4.36055
4.46045
4.50226
3.33335
4.01089
4.46470
4.35442
4.26386
4.32056
4.34846
4.46163
3.79571
4.47112
4.39088
4.45725
4.45715
3.51353
4.38411
4.43971
4.29162
4.27955
4.28574
4.00639
4.27635
4.30366
4.05671
4.38841
4.52888
4.28555
4.30458
4.48183
4.13838
4.32559
4.34276
1.72812
4.45777
4.36314
4.32274
3.08508
2.98328
4.13621
4.46487
4.34823
4.36748
3.64392
1.69973
4.48203
4.29164
3.27727
4.05071
4.39981
4.24879
4.32291
4.35105
4.29924
3.56732
3.55561
4.17704
4.34546
4.16369
4.24384
4.16450
4.42475
4.36579
3.67526
4.42159
3.91775
4.51209
4.43983
4.38215
4.16889
4.38990
4.25325
4.23061
4.33575
4.46196
3.94357
4.40258
4.08966
4.31792
4.24731
3.27923
4.37797
4.46983
4.39306
4.25902
4.31337
3.90935
4.43100
4.47028
4.41115
4.44992
4.43773
3.97307
4.27988
4.10241
4.04117
4.22246
4.44571
4.44540
3.59478
4.00574
4.45387
4.40796
4.48656
4.38110
4.44715
4.48721
4.36357
4.31334
4.38648
4.48024
4.48601
4.47565
4.46812
4.45894
4.05848
4.05090
2.91524
4.44327
4.21545
4.20949
2.89738
4.33951
4.20535
3.82204
3.42159
4.37919
4.42879
3.92077
4.37767
4.07308
4.40063
4.22983
4.34371
3.99365
3.87067
3.44297
4.40546
3.61142
4.29221
4.23843
4.08720
4.27064
4.50323
4.50483
4.46878
4.25161
4.47237
4.30942
4.46046
3.98704
4.18488
4.38235
4.40547
4.31384
4.47385
4.33959
3.66579
4.31564
4.20204
4.38122
3.93230
4.28491
4.30612
4.40337
4.39556
4.27067
3.82449
4.25563
4.36160
4.46728
4.15134
3.22524
3.36893
4.25584
4.06751
4.11046
4.27947
4.28730
4.45453
4.34862
1.94557
4.42413
3.98490
4.30417
4.24788
4.38162
4.21935
4.12038
4.45296
4.38142
4.35589
4.38923
3.78436
2.45009
3.23791
4.19031
4.52409
4.34128
4.35045
4.37582
4.31515
4.47346
3.96568
4.28225
4.41696
4.17547
4.32356
3.96270
4.47594
4.09794
4.09707
2.92848
4.52711
4.46727
4.15868
4.05936
4.44203
4.16572
4.27836
4.16934
4.37500
4.49030
4.17213
4.44312
4.18126
4.43152
4.42378
4.39152
3.90604
4.33201
4.46942
4.31770
3.70639
4.41228
4.35645
4.51101
4.36809
3.80322
4.37599
4.17437
4.26870
4.31516
4.40188
4.49978
4.34537
3.92971
2.78867
4.13159
4.23560
3.92988
4.41137
4.45686
3.85000
4.19307
2.11654
4.18585
3.54943
4.14415
3.95568
4.40664
4.41405
3.41409
4.03826
4.06501
4.43495
4.34550
4.26176
4.43688
4.03894
4.35324
3.93805
4.39483
4.04908
4.44910
4.35736
4.24843
4.32183
4.40193
4.15487
4.25426
4.24477
4.20079
3.88665
4.05904
4.46397
4.25604
4.06919
4.29490
3.06166
4.49184
4.47186
4.30185
4.47479
4.51943
4.16940
4.41168
4.32629
4.43395
4.44550
4.02629
3.96578
4.44108
2.38554
4.41577
4.39664
3.00160
4.45579
3.40719
4.17183
4.44199
3.62998
4.35641
4.13120
4.32367
3.59359
4.36368
3.99650
3.88013
4.11663
3.88021
4.23661
4.33106
4.25330
4.49227
3.87844
4.45271
4.37365
4.30064
4.40564
4.38705
2.79554
4.44441
4.24567
4.16591
4.40831
4.45772
4.49795
4.43702
2.92234
3.84831
3.66964
4.05692
4.39487
3.66219
4.26467
4.39616
4.02733
3.86730
2.66312
3.96009
4.00693
4.38420
3.87930
4.34798
4.38987
4.23127
2.57705
4.44386
3.93838
3.81782
4.39428
4.22602
4.45993
4.48081
4.07848
4.49712
3.48031
4.35017
3.38679
3.26916
3.95441
4.32965
4.00653
4.37113
4.28436
4.45867
4.38093
4.33297
4.08818
4.24434
4.45955
4.49367
4.40106
4.36088
4.41427
4.31779
4.37802
4.43032
4.17116
4.27665
4.15578
4.47590
4.47294
1.25211
4.50574
4.45785
4.23761
4.45268
4.30128
4.47062
4.03115
4.40662
4.35660
4.19988
4.39322
4.43882
4.20110
4.38642
4.20387
4.18058
4.22675
4.09116
4.44130
2.89501
4.30073
4.26171
4.48020
3.94119
4.37482
4.44465
4.37128
4.48623
4.28381
4.42135
4.49522
4.46289
3.98883
4.48067
4.47533
4.32033
4.20963
3.79635
3.86192
4.45912
3.38584
4.41332
4.29141
4.36087
4.46961
4.09132
3.85568
4.32499
4.39960
4.30273
3.61600
3.78467
4.40012
4.34517
4.41220
4.36067
4.41719
4.26550
4.33017
4.46923
3.41190
4.38483
3.75218
3.84843
3.81680
3.33745
2.96983
1.75054
4.46385
4.47627
4.35471
4.33442
4.30821
4.37528
3.39430
2.87196
4.30212
4.46552
4.16923
4.33478
4.47021
4.45593
3.35182
4.13439
4.40158
4.41101
4.46168
4.28640
4.03133
1.73629
4.39870
3.12370
4.46341
3.75952
4.49849
4.17125
3.62693
3.59575
4.43478
4.10520
4.48147
4.45030
4.46895
4.42964
4.04454
4.45767
4.09510
4.42351
4.03624
4.41950
2.34515
2.71642
4.43974
3.23324
4.30106
4.45790
3.80603
4.45180
4.24001
4.39120
4.47234
4.38331
4.31354
4.36401
4.30589
4.05740
3.94236
2.66619
4.39250
4.45495
4.48371
4.38382
4.47655
2.34588
3.70422
4.26026
4.37668
4.27903
4.01010
4.49206
3.63851
3.97759
4.11814
4.36412
3.27511
3.88899
4.46736
4.44661
4.16964
4.23794
3.98853
4.47141
4.36666
4.31468
4.14502
4.40298
3.48181
4.48255
4.28878
4.46190
4.22116
4.26162
4.46184
3.94133
4.35897
4.23734
4.44680
4.08873
4.39008
4.25495
3.69811
4.47930
4.48927
4.46389
4.36318
2.81573
4.17844
4.39100
4.34147
4.37986
2.56972
3.04028
4.39423
4.34669
3.98967
4.27698
4.43372
4.52747
3.83657
2.20584
4.47669
4.20998
4.29935
4.47937
4.43924
4.35673
4.51813
4.50510
4.38841
4.45031
4.45682
4.11099
4.31597
4.09351
4.40255
4.31069
4.25186
4.27317
4.24673
4.45749
3.70074
4.34788
4.40754
4.11352
4.44723
4.28989
4.37957
4.48768
4.46163
3.70806
4.38209
3.43982
4.19175
4.38209
4.41988
4.37990
4.30470
3.89656
4.01330
2.58611
4.30858
4.32718
4.49557
4.09222
4.47583
4.00262
4.53130
3.52022
4.07498
2.92554
4.51270
4.46732
4.20237
3.36898
4.24477
4.32083
4.47730
4.28916
2.49490
4.15048
3.82766
2.86671
4.46523
4.32472
4.44478
4.38555
4.50534
4.27310
4.14102
3.57614
2.82489
3.76401
4.36514
4.47515
3.96803
3.87908
4.11393
4.46921
4.49061
4.48713
4.44832
3.50741
4.19315
3.63189
2.34086
4.51241
4.44095
4.38652
4.37812
4.46154
4.37445
3.90520
3.90111
2.41048
4.07334
3.93875
4.42294
3.71103
4.10384
3.84238
2.78393
3.74898
4.36636
4.42760
4.19987
4.00946
4.12355
4.08311
3.78082
4.00628
4.20042
4.41769
4.32607
4.30049
4.43725
3.81668
3.91803
4.44377
4.44107
1.96244
4.45837
2.86984
4.48662
4.20697
3.97752
4.06315
4.09135
4.11478
4.45382
4.47255
4.01004
4.28726
3.99353
4.31377
3.64945
4.51117
4.33177
4.21712
4.04666
4.43581
4.45042
4.11367
4.44654
3.83562
4.48755
4.37399
4.33941
4.28245
4.20956
4.39471
4.33235
4.35128
3.96818
4.25796
4.45197
2.60416
4.51844
3.89521
4.38984
3.01457
3.96564
4.42291
4.41753
4.42490
4.41272
4.03461
4.44839
4.31585
4.40832
4.40921
3.87818
4.24347
4.09317
4.39127
4.14178
3.05133
4.03115
4.47233
2.99669
4.34800
4.47089
4.34375
2.98693
4.09096
4.40359
4.30028
4.01040
4.28591
4.44154
4.26105
4.08573
2.64358
4.34422
4.45662
4.38158
4.49332
4.50449
4.41929
4.37897
4.41946
4.40663
4.47927
4.46796
4.44522
3.89360
4.41747
4.30475
4.09305
3.94159
4.32618
4.46302
4.52379
4.40076
4.42657
4.42907
4.46733
4.50788
4.42605
3.86301
4.33739
4.03790
4.40664
4.25679
4.21056
4.29462
4.51437
4.09731
4.48135
2.93875
2.34129
4.26629
4.30372
4.37197
3.99962
4.17276
4.38484
4.22474
4.47260
4.44986
4.14690
4.21030
3.89874
4.42209
4.33424
3.68823
4.36918
4.29442
4.40020
4.20238
4.30538
4.34772
4.42198
4.09094
3.88880
4.35145
3.98125
4.46634
4.49573
4.43114
4.16859
4.35077
3.33318
4.27196
3.80598
4.23116
3.49470
3.10157
4.32025
4.27412
3.94393
3.85034
4.48922
4.42692
4.06580
4.13820
4.01675
4.49716
4.45027
4.43900
4.34090
4.29182
4.24826
4.47652
3.97869
4.34570
4.33174
4.28004
4.46493
3.87819
4.38841
2.63784
4.38770
4.43365
4.32799
4.42145
3.74234
2.14555
4.15980
2.91267
4.41350
4.22167
4.17315
4.25382
4.22979
4.28196
3.87722
4.08570
4.46976
4.49076
4.41105
2.80587
4.18125
4.35103
3.90482
4.35179
4.35441
3.98008
4.43294
3.93926
4.28390
4.18334
4.23416
4.37877
3.88657
4.46165
4.45893
4.27203
3.22389
4.39184
4.36138
4.45706
4.35958
4.20292
3.80388
2.97485
4.46154
3.62849
4.38197
4.30777
4.45408
4.35084
4.42288
4.39324
4.36500
4.23132
4.15999
4.24965
4.34211
4.42552
4.45948
2.24379
4.34122
4.30046
2.66032
4.47352
4.31434
4.30957
4.12709
4.16655
4.44534
4.42757
4.39754
4.13999
4.04011
4.01826
4.21135
4.46872
3.79372
4.23172
4.22469
4.44763
4.53030
4.49493
2.50443
4.14645
3.75788
4.49409
4.45171
3.98576
4.13679
4.14362
3.59373
4.43260
4.50600
4.01699
4.34506
4.37303
4.39257
4.44573
4.01925
4.48640
4.43476
4.33002
4.46629
4.09246
4.36611
3.86903
4.38191
4.29313
4.39400
4.05524
4.37846
4.00043
4.37317
4.41168
4.21111
4.46566
4.26808
3.55922
3.72470
4.30592
4.46192
4.31569
4.09650
4.43460
4.05380
4.11050
4.32833
3.84881
4.18380
4.31102
3.72992
4.46151
4.38423
4.35512
4.41488
3.95100
3.17597
4.52690
4.35003
3.91281
3.53553
3.99036
4.54399
4.28299
4.25623
4.23698
4.51045
4.47780
4.20937
4.06920
3.92129
4.27258
4.41243
3.29332
4.39704
4.42650
4.41273
4.35608
3.74520
4.15500
4.33824
4.39475
4.15972
4.34718
4.09190
4.43945
4.04937
4.35301
4.27045
4.06179
3.94929
3.52630
4.38188
4.42987
4.33503
3.79270
4.41139
4.28853
4.01854
4.10693
4.08975
4.36105
4.47966
4.39305
4.45491
4.45715
4.18054
3.22754
4.49507
4.21120
4.50691
4.27840
3.99098
4.47329
4.42499
3.96195
3.71407
4.29868
4.43814
4.33021
4.19216
4.52113
4.11856
4.38601
4.13325
4.35293
2.68653
4.27619
4.31753
3.60873
4.11334
4.42620
3.47034
4.05580
4.22214
4.30265
4.29490
2.79704
4.38390
4.43620
4.39549
4.44347
3.84791
4.47208
4.48650
4.43734
4.46018
3.76825
4.43433
4.25129
4.45749
1.96220
4.48896
4.00134
3.57222
4.15942
3.51485
4.21079
1.21002
3.62252
4.23376
4.31665
4.33947
4.44055
4.40357
4.00456
4.32514
4.48663
4.34087
4.13195
4.49496
4.33157
4.28153
4.28826
4.06732
4.24303
3.89561
4.46891
4.40604
4.24966
4.36271
3.86014
2.34582
4.38750
4.44119
3.54568
4.38333
1.97627
4.45673
4.43926
3.89251
4.41463
3.80700
4.20389
3.99481
4.46840
4.31858
4.30102
4.35788
2.62367
4.29030
4.13313
3.73014
3.98786
4.42751
3.87553
4.43946
4.11592
4.36444
4.45663
3.99883
3.67570
4.08114
4.09361
4.20377
4.49092
4.13010
4.23899
4.02802
4.40579
4.48313
4.05802
4.35376
4.35130
4.43936
4.11979
4.21323
4.29474
4.26345
3.91687
4.43236
3.16623
4.38673
2.91708
4.42170
3.46340
4.41160
4.32111
4.32418
2.40327
4.12194
4.44337
4.27494
3.20789
4.37145
4.13617
2.21873
4.50912
4.33327
3.40623
4.21544
4.16348
4.44352
4.33180
4.49856
3.54617
4.33616
4.45189
4.20389
4.35073
4.35556
3.15495
4.29405
4.07613
4.34708
4.33429
4.37826
3.70240
4.47164
3.93635
4.32470
3.92880
4.28424
4.45428
4.11971
3.23070
3.70774
4.04393
4.43534
4.28900
3.09809
2.81789
4.40952
4.30205
3.87427
4.47885
4.38124
4.40097
4.41321
4.27924
4.30568
4.31562
4.32321
4.05936
4.33671
4.42564
2.77285
4.20635
4.25093
4.36957
3.91412
4.19740
4.42106
4.20639
4.12942
4.49592
4.41028
3.56890
4.26717
4.33188
4.42057
1.46668
4.32415
4.39654
4.29163
3.91241
4.08912
4.45352
3.95490
4.24682
4.35117
3.66364
4.47825
4.26023
4.49805
4.40266
3.57550
4.07523
4.44266
4.43922
4.17369
3.99190
4.16239
4.46182
3.80641
4.37400
4.28203
3.52155
4.26289
4.11269
3.62798
3.68112
4.46549
4.10678
4.24361
4.48646
3.19578
4.47887
4.00097
4.36042
3.90082
4.20310
4.45306
4.30065
4.35465
4.40302
3.74721
4.42353
4.49132
3.43151
4.31854
4.40432
4.31711
4.30463
3.76703
4.30938
4.39313
3.65910
4.38544
4.21608
4.39351
2.23068
4.05020
2.08665
4.48743
2.66105
4.47365
4.21086
4.11612
4.36030
3.45255
4.20496
4.47804
4.08091
4.30472
4.52284
4.38911
3.90585
4.38868
4.21373
4.35456
4.49548
4.34063
4.27012
4.21711
4.20352
4.46767
4.18805
4.27378
4.29609
4.17167
4.45303
3.99583
4.46102
4.40709
4.32873
4.31910
4.49288
3.92762
4.18595
4.21294
3.98610
4.50899
4.08027
4.48485
4.14080
4.31334
4.29432
4.49091
3.16784
4.37346
4.34043
4.41898
3.82273
4.23294
4.43401
4.46254
4.18559
4.45552
4.41589
2.13873
4.20454
4.34885
2.28371
3.87967
4.44506
2.51328
4.47537
4.48294
4.38908
4.41638
4.40718
4.30766
4.14355
4.17820
4.42026
4.07805
4.26293
4.38511
4.51820
4.41477
4.48294
4.36940
4.49718
4.18270
4.21342
4.39092
4.18680
1.50876
4.39874
4.14334
4.30672
3.79480
4.33454
4.39903
4.30617
4.28036
3.83594
4.02133
4.28224
4.42694
4.27692
4.41902
4.44914
4.44727
4.37022
4.48200
3.80636
4.30312
4.35321
4.06992
4.28098
3.69279
3.77021
2.72565
3.52889
2.09154
4.38281
4.46218
2.75777
4.13251
4.43204
4.43553
4.46104
4.34957
4.47018
4.45461
4.45151
4.29236
4.16453
4.16780
4.30148
4.33644
4.25753
4.37848
4.13926
4.42964
4.47986
4.39754
4.46208
4.44798
4.37523
3.63709
3.87491
4.46805
4.38549
4.50377
3.81578
4.10845
3.73174
4.05412
4.04966
4.36910
3.44501
3.75657
4.10007
4.27482
4.40623
4.20700
3.38397
3.58123
4.38460
3.41329
4.34138
4.43128
4.13232
3.32947
4.38441
3.91154
4.44268
4.20479
4.41364
4.47956
4.02927
3.80439
4.10739
4.47700
4.46831
4.34260
4.49396
2.52426
4.40402
4.28563
3.97594
4.22651
4.38464
3.98836
4.36708
4.25882
4.20891
2.77411
3.84532
4.27977
4.40246
4.32142
4.28125
3.37339
3.79955
4.49566
4.35256
1.90427
4.48624
4.02795
4.40796
4.45661
4.28693
4.19671
4.48971
4.13065
4.36330
4.48714
4.44292
4.33277
4.35246
4.47288
4.49575
3.66245
4.04763
4.40824
4.29661
4.32803
3.83758
4.18367
4.36093
4.06558
4.49349
4.32269
3.82593
4.44730
3.89122
3.85116
4.28676
4.47798
4.48706
4.34028
2.95658
4.49585
4.41677
4.00647
4.21728
4.44051
4.30514
4.14659
4.41341
4.24983
4.14507
4.39554
3.95247
4.45405
4.47452
3.92301
4.03363
4.48229
4.40574
4.23986
3.61913
4.35760
4.27854
3.02168
4.34967
4.46919
4.25920
4.38536
4.11886
4.44338
4.11044
4.19427
4.40490
4.18923
2.17059
4.16699
4.46797
4.05232
4.47686
3.81189
4.07807
4.35226
3.95884
3.63320
4.30745
4.47103
4.29443
4.34523
4.26777
4.12231
4.40734
4.14680
4.44610
4.38343
2.08704
4.15817
3.31487
3.47779
4.38905
4.46865
4.47707
3.93498
3.97758
4.37252
3.03321
3.97272
4.46772
4.25101
3.10807
4.47425
4.35707
4.02689
4.39439
3.03187
4.43583
4.26887
4.33425
4.39851
3.42700
1.81077
4.46700
4.37849
3.67381
3.90628
4.27904
4.14006
3.41602
3.97268
4.41352
4.27791
4.41507
4.29112
3.96436
3.83155
4.50178
3.80419
4.51643
2.95068
3.66292
4.38708
4.22128
4.11196
4.35502
4.29428
3.89778
4.44769
4.42968
4.30001
4.05564
4.27357
4.16480
3.64826
4.37202
4.27078
4.29764
4.34330
4.47643
4.09377
4.07655
3.96838
4.38492
4.44172
4.43729
4.26997
4.38275
2.46674
4.45045
4.32706
3.85625
4.23743
3.40497
4.24325
2.78300
4.17118
4.02669
3.85104
4.42635
4.44888
4.31386
3.15685
4.36390
3.80786
4.36367
4.42749
4.18830
3.39655
4.42967
4.52022
4.17052
3.88817
4.44105
4.50067
3.22406
3.89138
4.46146
4.20282
4.28630
4.09494
4.06131
4.11849
4.18429
4.25564
4.32999
3.97891
4.48890
4.20606
4.14811
4.42349
4.42982
4.42620
4.17584
3.96919
4.45661
4.51199
1.90130
4.38189
4.36493
4.42727
4.24901
4.42449
3.95916
4.36094
4.20871
2.41316
4.44423
3.94491
3.80539
4.47942
3.83162
4.40373
4.37346
4.25898
4.36780
4.39613
4.37229
4.19723
4.31965
4.47237
3.90394
4.19567
2.31614
4.05633
4.50718
4.28961
4.01754
4.43718
4.02519
3.79256
3.80713
3.61106
4.43245
4.12521
4.42907
3.59790
4.46951
4.33573
4.12695
4.34666
4.03189
4.33577
4.21552
4.45716
4.36700
4.18239
4.23066
3.44090
4.25953
4.30919
4.37382
4.03143
4.49449
3.80204
4.29826
4.35566
4.30056
4.37470
4.34310
4.12176
3.78945
4.34639
4.15867
3.92518
4.08493
4.02680
3.66364
4.08129
4.38825
4.20610
3.65807
4.46530
4.18345
3.10166
4.15386
4.44157
3.89780
4.04250
3.94954
4.46300
4.46564
4.43656
4.34129
4.31489
4.22155
3.85171
4.13368
4.47326
4.34174
4.34845
3.28644
4.13392
4.12904
4.29808
4.46397
4.43726
4.00633
2.59244
3.97522
3.98127
4.46795
4.12637
4.26748
4.44958
4.43156
4.13250
4.42201
4.51413
4.51809
4.17724
4.37263
4.26377
4.41883
4.43507
4.37423
4.02102
4.41929
4.12647
4.24288
4.30242
4.32452
4.45557
4.15104
1.81069
4.48159
4.34046
3.36786
3.08673
4.31168
4.04838
3.66165
4.43998
4.19912
4.43760
4.39525
4.22921
2.83646
4.33718
4.42256
4.19693
3.96033
4.48162
4.17074
4.46619
3.67819
4.47988
4.09196
4.30659
4.47023
4.23927
2.79624
4.38730
4.43323
4.34629
3.92831
4.20150
4.32442
3.90863
4.24615
4.50775
4.50074
3.76391
3.67259
4.37309
3.95737
4.48645
4.45802
4.43492
3.47049
4.31003
4.40005
4.22377
4.34150
4.48981
3.97818
4.22686
3.33950
4.40070
4.42879
4.05770
4.43712
4.35456
4.34187
3.99505
3.41825
4.40536
4.44461
4.47377
4.39808
4.48706
4.36427
2.38365
4.41908
3.71906
4.46449
4.19051
4.02679
4.06132
4.39945
4.48592
4.28515
4.24975
4.37993
4.46332
4.12106
4.45292
4.27680
4.31479
4.48656
4.39795
4.10089
4.22276
4.39955
4.47615
4.30672
4.03481
4.50461
4.21603
4.33937
4.12010
4.29884
4.43087
4.40354
4.39420
4.28140
4.06752
4.39735
3.60708
4.27958
4.16126
4.35837
4.28688
3.98816
4.47343
3.93572
4.52375
4.44008
4.33345
3.09729
3.88934
4.40237
4.37480
4.39847
3.68575
4.43250
4.44429
4.48229
3.65786
4.39394
4.43069
2.15524
4.45181
4.02958
4.43871
4.23508
3.51105
4.21014
4.09341
4.33427
4.31910
4.37540
4.31601
4.34789
4.48921
4.51349
3.93010
4.31244
4.39536
4.21314
3.99977
2.20740
4.27064
4.50296
3.58753
4.48385
4.12494
2.77327
4.21163
4.04091
4.00406
4.41692
3.83365
3.99966
3.86288
4.09681
4.38421
3.76484
4.31615
4.39302
4.38641
4.13588
2.36981
2.94832
3.23423
4.37076
4.24652
4.19845
4.41143
3.31132
4.10506
4.39248
4.38173
4.14370
4.48706
4.13941
4.46344
4.53895
4.39204
4.43178
4.35196
4.43989
4.30450
3.65261
4.26555
4.05834
4.43811
3.33135
4.37605
4.42428
4.18168
4.26678
4.47471
4.21595
4.25601
4.38222
4.38597
4.41395
4.37325
4.17797
4.32054
4.45998
3.75652
2.12626
3.88278
4.41315
4.22556
3.24847
4.37908
4.28585
3.90041
4.29724
3.54960
3.44338
4.34057
4.38111
4.36919
4.45711
3.31392
4.40819
4.35440
4.45367
4.41472
4.34673
4.21972
3.86781
4.37819
4.43112
4.38286
4.34569
4.00016
4.42048
3.81184
4.40182
4.11801
4.51270
4.39820
4.39761
2.29781
2.92823
4.49765
4.27003
4.30861
2.46779
4.39981
4.36682
4.34930
4.42532
4.48962
4.43494
4.02840
3.17671
4.45114
4.31430
4.40029
4.43152
4.14117
4.40298
4.41485
4.39314
3.95633
4.35741
4.44569
4.21448
4.18487
4.13863
4.38344
4.41979
3.66783
4.16782
3.49611
4.20085
4.40401
4.48301
4.45176
4.32482
4.00551
4.50052
2.79318
4.38209
4.19368
3.85076
3.32162
4.37162
4.46589
4.49201
4.32561
4.36708
4.43353
4.26157
4.07641
4.10047
4.40239
4.27220
4.32447
4.44448
3.58941
4.30656
4.25445
4.16157
4.27305
4.46112
4.38202
4.42468
3.92580
4.31389
4.46640
4.33414
2.39039
4.34497
4.39598
4.42945
4.53883
4.26948
4.26948
4.02214
3.93250
3.87706
4.09625
4.35670
4.42278
4.47111
4.40259
4.44538
4.13340
4.34897
4.40639
4.13441
4.39083
3.30896
4.44754
4.29206
3.77187
4.48090
3.69927
4.39156
4.08628
4.48517
4.32012
4.06376
3.98429
4.44729
4.43046
4.51769
4.22989
4.34313
4.40912
4.49144
4.46463
4.26076
3.41404
4.34691
4.33539
4.44325
4.24090
4.31123
4.53653
4.37523
4.41829
4.47405
4.45734
4.29756
3.49925
4.44511
1.99640
4.35950
3.62754
3.67868
2.80772
4.04105
4.41601
4.02411
4.35668
4.44999
4.33920
4.23638
4.42085
4.37870
4.45312
2.20195
4.25485
4.34532
4.42696
4.40376
4.47512
4.32649
4.36620
2.74083
4.43747
4.42284
4.50999
2.44127
3.26050
4.47023
4.20335
4.36199
3.41037
3.60232
4.20259
4.26155
4.06354
4.29486
4.22682
4.44009
3.62632
3.99621
4.41428
4.38464
4.43874
3.57819
2.11045
4.00237
4.10380
3.33733
4.28562
4.19472
3.63795
4.25914
4.26952
4.41162
4.38673
4.28222
4.30342
4.49256
3.05568
4.46268
4.49286
4.12934
4.32733
4.46759
4.48166
4.30992
4.26555
4.42801
4.38623
3.48106
4.32050
4.32138
4.38430
4.31032
3.70948
4.48284
4.34668
4.22417
3.64683
4.36634
4.09785
4.04647
4.53445
4.37574
4.46547
3.94700
4.13925
4.43544
4.46299
4.45142
4.43442
4.10556
4.08489
4.35209
3.84846
4.30687
4.45626
4.43038
4.33575
4.27896
4.42475
4.48354
4.28033
4.08053
3.78539
4.25994
3.47605
4.44533
4.40807
2.51789
4.01629
4.06494
4.48364
4.29147
2.39951
4.10894
4.26706
3.77202
4.45293
3.93785
2.78797
3.98584
4.08193
4.32874
4.39397
2.55931
4.21306
4.34499
4.46822
4.05743
4.45760
4.45577
4.32414
3.94156
3.85457
4.08612
4.28927
3.67862
4.15731
4.37143
3.41326
3.69576
3.09376
4.53181
4.34519
2.69096
4.44088
4.45529
4.29344
3.55169
3.63329
4.26533
4.11364
3.69280
4.35021
4.21610
4.49609
4.47531
4.33240
4.42230
4.50063
4.45033
1.41470
4.39414
4.44669
4.18169
4.45997
4.07184
4.44606
4.48011
4.35298
2.98295
4.29920
4.32233
3.99159
4.45494
4.47909
4.50612
3.50965
3.90207
4.47021
3.61479
4.23575
4.49631
3.87751
4.30856
4.40817
3.95929
4.42194
4.40940
4.47080
4.36992
3.00959
4.37822
4.49658
4.23454
4.40230
4.34894
2.14951
3.60174
4.21745
4.42048
4.25677
4.37701
4.50175
4.42857
3.34244
4.23226
4.33107
4.35285
4.51682
4.42633
4.31295
4.16398
4.47670
3.89845
3.59606
4.42714
3.31412
4.22773
4.31294
4.47009
4.37282
3.68826
4.34999
4.47205
4.41638
4.34436
4.31951
4.31922
4.37007
4.07531
4.39542
4.44211
4.37506
4.35412
4.41798
4.48048
4.43142
4.45333
3.98972
4.18510
4.42427
4.43053
4.46155
4.42120
3.18985
4.42957
4.41482
4.48113
4.32381
4.48642
4.40548
4.49409
4.27593
4.43937
2.29850
4.45159
4.45887
4.05284
3.97986
4.44432
3.70876
1.89930
4.40065
4.44696
3.90556
3.60133
4.41397
3.73338
4.00831
4.38645
4.15478
4.19526
4.43234
2.21305
3.58393
4.28399
4.38786
4.47571
4.20656
3.76269
4.29914
4.40851
4.41762
4.31600
4.44071
3.73181
4.43940
4.50812
4.48529
4.44823
4.44078
4.17216
4.41137
4.21000
4.35117
4.42659
4.43465
4.39186
4.29749
4.43529
4.22294
3.31920
4.43597
4.44536
4.43735
4.19764
4.34434
4.41931
4.36955
4.39951
1.56745
4.29853
4.46932
3.92957
4.18041
4.51283
4.31644
4.44937
4.48860
4.32976
4.32700
4.34737
4.32861
4.08571
3.81796
4.45126
4.29393
3.91258
3.72182
4.46770
4.41241
3.82119
4.26014
3.81160
4.50123
3.99135
4.44607
4.43198
4.11889
3.38691
4.30187
3.68675
2.52199
4.24046
4.39679
4.46244
4.15090
4.43157
4.42484
3.93916
4.46226
4.01382
4.40427
1.39990
4.47868
3.49920
4.45847
4.10320
3.91164
4.36456
4.27581
4.32927
4.25266
3.87283
4.34463
4.42228
4.45763
3.61094
4.37288
2.43764
4.15663
4.22012
4.25723
3.88971
4.10992
3.25371
4.12771
4.24821
3.22522
4.30249
4.31219
4.44232
4.47523
3.29363
3.25544
4.29637
4.18786
2.55998
4.39134
4.25983
4.02832
4.36874
4.28463
4.40090
4.31800
4.46253
4.40098
4.50063
4.40367
3.87787
4.36735
4.53253
4.35143
4.45995
3.70123
4.32770
4.28717
4.33214
4.29788
4.48065
1.99306
4.41913
4.27259
4.26113
3.80788
4.47485
3.86112
4.52253
4.45047
4.13824
4.26615
4.49402
2.93012
4.07619
4.00458
3.88983
4.34740
4.44288
4.47275
4.09653
4.39134
4.08180
4.48135
3.11544
4.11782
4.08404
4.11942
4.42452
1.73545
4.13969
4.25384
4.23017
4.16561
4.37038
4.39745
4.30784
4.45848
3.85946
4.40924
3.29886
4.44570
4.04293
4.00423
4.38133
3.71716
4.25228
4.01682
4.49368
4.31277
2.89930
4.30106
4.39546
4.13375
4.37095
4.52452
4.24204
4.33220
4.46354
4.47251
4.32638
3.79143
3.68580
3.67505
4.38412
3.91904
4.20164
3.99939
4.32879
4.01006
