3.85988
4.18321
4.13182
4.05281
2.07351
4.01209
4.25911
4.06525
3.13880
4.10259
4.11696
4.31162
3.74145
2.86772
3.51055
3.89716
3.71485
4.25368
1.72343
3.55516
3.81547
3.39520
3.54803
4.15002
4.19097
3.86233
3.43590
4.16369
4.36486
3.65872
3.31704
4.25812
3.76832
3.84574
4.05855
4.16947
3.80946
4.12462
3.96486
4.02865
3.99925
3.71120
3.61972
2.87207
4.09990
3.48792
4.24419
3.67183
4.05354
4.35007
4.31760
4.35293
3.42539
4.40771
3.86478
4.35535
2.70577
3.43928
4.18775
3.85893
4.12801
3.87393
3.95105
3.81307
3.52101
3.79036
4.09381
4.21474
3.89575
3.25271
4.27647
4.35050
4.15247
3.84773
4.03367
4.04197
2.72119
4.11758
3.81630
3.31296
2.45756
4.16303
3.65123
3.68477
3.81759
4.26169
3.87820
3.83406
3.83257
2.70321
3.74021
3.28373
4.31697
4.09581
4.25054
4.25768
4.11311
4.17270
4.31061
4.15998
3.89810
2.65813
4.33426
3.75178
3.90587
2.13508
2.69447
4.25333
4.15579
3.90255
3.63095
3.64932
4.26143
3.26700
3.19440
2.87437
3.63882
4.01573
4.26943
3.98768
4.30420
4.28497
4.09095
4.18968
3.76673
3.78643
4.22730
4.10154
4.26882
4.05337
3.75315
3.96946
4.33663
4.12461
3.88008
4.28917
3.95294
4.21550
3.76653
4.03226
3.84380
4.30155
4.06784
4.21559
4.32133
2.57502
4.30624
4.08827
4.00035
4.16934
4.23468
4.29753
3.97388
3.86133
4.26879
4.32171
3.73867
2.02142
3.72934
3.65210
4.36775
4.26493
4.05598
4.00977
4.31323
4.16264
3.67376
4.10648
3.94813
4.02943
3.39148
3.91740
4.04007
4.19198
3.29137
3.00660
4.11221
2.41535
3.36197
3.99178
4.12299
4.05884
4.02891
4.25859
4.08214
4.31911
3.63207
3.41899
3.86519
2.82221
3.54269
3.99818
4.21957
4.17414
2.86360
4.00553
3.89396
3.62541
3.58358
3.98307
2.85302
4.31158
4.12383
3.61054
4.35394
3.91453
3.72758
4.30611
4.43179
4.37209
2.71281
4.20573
4.22179
4.01182
4.35466
3.85374
3.61690
2.49540
4.21408
4.18478
3.10453
3.40139
3.61668
4.31396
4.28876
3.89199
3.71745
3.68569
4.06876
3.69043
3.68505
3.44960
4.29010
3.37355
4.39919
4.10185
4.14798
4.03067
3.17083
4.28367
3.48125
3.79570
4.28736
4.22700
4.11177
2.64313
4.06782
4.32202
4.07200
3.44025
4.04758
3.98979
3.97929
4.29204
3.84981
4.12082
4.21066
4.32221
3.91278
3.69576
3.99558
2.54935
4.28250
4.20791
4.14568
4.29951
3.99775
3.85858
3.85476
3.81881
4.00072
4.27474
4.17957
3.90333
3.67756
4.13506
2.07531
4.19285
2.29351
2.67782
3.70137
3.74337
3.96257
3.93911
2.38030
4.22289
3.56928
4.18054
3.84445
4.09160
4.02781
4.19873
3.73830
4.14088
3.71267
3.86309
3.93109
4.23645
4.30026
4.13924
3.86422
4.18113
3.97173
3.77956
3.24303
4.10647
1.79121
4.00452
4.25783
3.57119
4.10537
3.42118
3.38184
3.66014
4.32743
4.27610
4.19689
4.28455
4.28492
4.19465
3.86497
4.40531
4.30657
1.74324
4.17264
3.74952
4.10681
4.04488
3.89986
4.17767
3.48141
3.86973
3.24251
3.60770
4.28083
2.70082
2.11960
4.14345
4.22019
2.97754
3.96242
3.52020
3.12128
2.39126
3.29032
4.12755
4.21966
4.16010
4.17841
4.18409
4.16627
4.05868
3.63295
4.20073
3.83853
4.34299
4.07268
3.70647
4.25982
4.19544
4.18225
4.04652
3.97695
3.43123
4.03789
3.99907
3.87377
4.19457
4.17475
4.07872
4.09597
3.26999
4.15200
4.18375
4.14432
3.76197
3.74041
2.32921
1.79750
3.86940
4.10470
3.75139
3.44189
4.33804
3.99402
4.01381
3.68934
2.78956
3.99154
4.14488
4.06544
3.84839
4.41663
2.92178
4.11898
3.97386
4.27910
4.34823
3.98902
3.17680
3.90621
4.36494
4.26456
4.12647
4.07141
3.87620
2.59630
3.84679
4.28086
3.90083
3.90512
4.33206
2.67986
4.36062
4.24526
4.20710
4.19935
4.28306
3.22063
3.72947
4.24509
4.25999
4.07669
4.06131
2.25952
3.06935
3.99740
4.08117
4.15843
4.11789
3.74433
3.16948
2.03557
3.96249
4.17144
4.20871
4.32714
3.35315
3.75583
4.32541
3.88716
4.17051
4.08644
4.26166
3.75201
3.90531
3.73811
4.08312
3.78285
3.63800
3.94963
3.63687
3.81436
4.00095
4.16026
3.52791
3.88439
4.08171
4.14402
3.81500
4.07409
2.97416
2.65655
4.03102
3.30874
4.15159
3.58231
3.51375
2.14104
3.85888
4.05900
4.10265
3.99541
4.17910
4.16582
4.23567
4.20396
3.68810
4.30639
3.86381
4.01664
4.07346
4.12847
4.20021
4.07084
3.10672
3.98155
3.98802
4.18364
4.02294
3.96365
2.21228
4.27456
4.32736
4.16036
3.92813
4.16470
4.11068
4.25277
3.44794
4.03682
3.61900
4.36522
3.79619
4.29774
3.66234
4.03172
4.24903
4.06918
2.58176
4.24731
4.02837
3.71390
2.93158
3.97711
2.48060
2.12494
4.26360
1.80863
1.20463
3.99489
4.41022
4.16817
4.19258
1.71656
4.34856
1.83670
3.64560
4.14036
3.76315
4.39370
3.92719
4.07153
3.12552
4.12686
3.78455
4.34312
4.10812
3.99528
4.22844
4.05532
3.87305
3.83500
3.84889
4.29315
3.70337
3.97625
4.28727
3.75027
3.89721
3.91406
3.96738
2.16616
4.22755
3.22661
3.93914
1.81116
4.35685
4.14549
3.89092
4.07609
4.25766
3.81935
3.81210
4.03649
4.43206
4.01107
2.85523
4.07637
4.28676
4.21242
4.18857
4.26661
4.17648
3.90920
3.70385
4.14435
4.03495
4.46353
3.30393
4.09438
3.95211
2.84673
4.29343
3.27923
3.77311
4.25113
3.86648
4.03216
3.99571
4.08024
3.76794
3.81499
4.30748
4.01475
3.42008
4.39064
2.21458
3.70801
4.12464
3.95976
3.52291
2.95837
4.03127
4.41537
4.07538
4.10062
4.18183
4.23908
3.34088
2.92713
3.94776
4.04121
4.06488
3.51611
3.99163
4.05121
3.92965
4.30555
3.83468
3.90010
3.20926
3.87757
3.99388
4.25879
3.90677
3.49580
4.18302
3.73840
1.53063
3.87657
4.00421
4.13129
4.21717
1.69208
3.97526
3.95607
4.39128
4.00060
4.24831
4.42952
4.32932
4.09887
3.95208
4.06996
4.12066
4.33360
1.38615
3.73511
3.33574
3.95079
4.15143
4.21599
4.12596
4.14983
4.07807
4.32742
4.17038
3.85200
4.31625
3.76294
4.00652
3.50974
4.33111
4.07263
1.46956
4.00317
4.28112
4.17478
4.25631
3.50940
1.98211
3.14999
4.10382
4.25709
3.30958
3.90875
3.88010
4.25211
3.80852
4.03704
3.96711
4.24207
3.38749
3.86627
4.10369
3.46755
4.31723
3.11504
4.13300
3.77698
4.06188
3.68839
2.28953
4.16630
4.05792
4.02420
3.62182
2.45000
4.11569
3.81101
3.95541
4.22512
3.92582
3.30793
3.55871
4.26299
4.09284
4.02268
4.06287
4.26654
3.53548
4.22090
3.56626
4.20776
3.01035
3.87265
4.07818
3.58798
4.06979
4.34689
4.00690
2.98737
3.91298
4.17025
2.81566
4.02515
4.26193
2.50798
3.96547
4.03924
3.51209
4.32607
4.01179
2.04101
3.91279
3.39490
4.05238
2.96326
4.23786
3.82895
3.92786
3.87102
4.29653
3.99349
3.63028
4.11760
4.04031
4.19395
1.34657
3.87400
3.38520
4.07231
2.73027
3.95108
3.11732
4.22393
4.07037
4.13658
3.88586
4.02986
3.91060
3.85062
2.22989
4.08784
4.29275
3.34115
4.32928
3.81335
3.94057
3.34133
4.01249
3.05709
4.05408
3.97676
4.14450
2.39873
3.84976
4.33517
4.22718
3.11425
4.21207
4.29370
4.10338
3.44559
2.17549
3.47365
4.36246
4.04458
4.26808
3.38789
3.96176
4.33822
2.68097
4.35449
4.23470
4.20096
4.15305
2.76580
4.32633
3.72395
4.11896
4.04919
4.34897
3.92690
3.36110
4.20619
3.54924
4.21150
4.06699
3.61491
4.32993
3.88070
3.94427
4.02151
3.01821
2.95905
4.05938
4.33746
2.55022
3.89716
4.01804
4.30351
4.13769
3.67369
4.25255
2.13119
3.93638
4.25926
3.25417
3.84842
1.33285
4.05001
3.99119
4.16808
2.42141
3.51200
2.32294
4.29902
4.07580
4.33686
2.53565
4.13876
4.19098
4.23504
4.10819
4.30497
4.21155
2.88309
4.21502
4.15885
3.42417
4.24327
3.29118
4.12944
3.99444
3.98881
4.04463
3.96365
4.07835
4.05842
3.87015
3.81157
3.61539
3.79013
3.95464
3.62063
4.22002
3.93853
3.79442
4.36578
3.98226
3.97629
1.49890
3.99202
3.39394
4.18274
3.84731
3.80916
4.08869
3.96296
3.91193
3.49370
3.99263
3.44983
3.86527
4.22042
4.17825
4.01649
3.61792
3.92658
3.81111
4.24566
4.13470
3.83917
4.13923
4.00965
4.21936
3.71374
3.69663
4.03998
4.06411
4.16451
3.37952
3.29537
3.58726
4.02457
3.97680
2.98136
3.90254
4.28613
3.41793
3.50360
3.38456
2.96484
3.99450
4.24523
4.08583
4.18672
4.08511
4.24246
4.33919
4.24464
4.15905
3.94410
3.96255
3.77847
3.87320
4.19448
4.23378
4.01060
1.62675
3.95656
2.85112
4.19464
3.76526
3.78812
4.37054
3.96412
4.24239
2.74681
4.06768
2.62793
4.11760
2.99686
3.22457
4.24708
3.75309
3.93590
4.34996
3.94669
3.91533
3.62437
4.05612
4.12599
4.34117
2.63852
3.97180
2.51805
3.80520
4.16767
3.79535
3.32781
3.98500
4.10284
3.87992
2.87811
3.59296
3.42316
4.08797
2.93692
3.80274
4.22842
3.63613
4.25994
3.72831
4.25437
4.31098
3.72186
4.12397
4.09094
3.69036
4.11118
3.90481
4.21633
4.30392
4.12755
4.22167
4.38812
4.16094
3.27872
3.89140
4.30189
4.24298
3.72318
4.19256
4.10218
3.96284
2.88646
4.35626
4.37318
3.86863
3.87417
2.67991
4.32081
4.25897
3.77360
3.96807
1.99778
3.83358
3.68851
4.26211
4.28522
4.12470
4.28559
4.07189
4.16096
4.29490
3.74839
3.94309
4.22887
2.96568
4.19642
4.21472
3.74132
4.12152
4.11674
3.06210
4.13476
3.41121
4.32170
4.02920
2.99363
3.85825
4.27271
3.87403
4.23630
3.59571
4.02581
2.32621
3.88613
4.28361
1.87795
4.16239
3.80649
4.14535
4.13052
3.86723
4.24860
2.97650
4.23309
4.32186
3.95783
2.69232
3.87946
4.06660
3.62209
3.89894
4.06893
4.24670
4.03165
3.97104
3.75642
3.53091
3.60582
4.22767
3.32649
4.18988
3.95654
4.15969
3.51197
3.90724
4.19899
3.53505
4.16835
2.48451
3.51258
4.10650
3.39810
4.19110
3.38115
4.22793
3.80677
4.28628
3.94012
4.14242
3.68909
2.92106
3.96666
4.19194
4.10275
3.79281
4.15888
2.46268
3.95249
3.42293
3.79581
2.30332
4.21255
4.24011
3.26024
4.13338
4.34199
3.92508
1.41581
3.87581
4.01651
2.59061
3.66913
3.67902
3.66751
4.12465
3.63092
2.61206
3.64342
2.30352
3.88810
3.08820
4.20953
4.30574
3.90378
3.64307
3.38616
4.16642
3.98563
4.27794
4.04537
4.11723
4.13130
3.49917
3.99628
2.70876
4.36410
3.90030
3.45432
3.37923
2.65772
1.71236
4.11160
4.16173
4.26373
3.66402
3.61714
4.22206
3.96248
4.11664
4.01167
4.27310
4.28084
3.73245
4.18563
4.27971
4.06897
3.32065
4.11639
3.86155
4.10537
2.09896
3.48802
4.15518
4.19216
3.14856
4.19434
3.42437
4.02644
3.99287
3.79918
3.39424
4.18989
3.96284
4.36838
3.64553
4.12575
4.11463
4.13935
4.30068
3.93505
3.97060
2.55947
4.09025
3.66213
3.88818
3.87132
3.88389
4.25411
3.37749
4.05199
4.38342
4.11895
4.28909
4.23466
4.02474
4.07369
2.74206
4.18964
3.97069
3.29775
4.15701
3.56730
4.29716
3.98179
4.32138
4.34804
3.66600
3.81439
3.39419
3.92305
4.26185
4.37563
3.80116
4.32862
3.94150
4.26743
3.52472
3.76643
4.08440
4.33906
4.03303
3.77948
4.21741
4.29201
2.81509
3.90756
2.39287
3.52520
3.00709
4.26050
4.21872
3.80908
2.83049
4.21022
4.36479
3.83433
3.59121
3.95990
4.33782
4.13189
3.17348
4.35083
4.35656
3.70762
4.17526
4.16523
3.70464
3.36382
2.63551
3.42142
4.35019
3.65657
3.26064
3.97898
3.66372
4.08831
4.18090
3.80499
4.20263
3.94751
3.80138
4.11731
4.21035
4.27663
4.17739
4.18683
4.17071
3.98292
3.65351
3.86536
4.11869
3.95794
2.99684
4.05299
3.94120
4.20339
4.25663
4.03767
4.29329
4.18041
3.95018
4.28815
2.54705
3.76530
4.18641
4.33387
4.16555
4.22851
2.14181
3.56976
4.06271
3.84968
4.19028
4.11109
3.77775
4.16486
3.98391
4.26609
4.08046
4.36689
4.37071
3.82931
3.62763
4.29313
3.93960
4.35069
3.89744
3.81023
4.33190
4.05396
3.28068
3.70825
3.04325
3.75337
2.94487
3.74416
3.95196
3.86997
4.09518
3.83492
1.62114
3.82784
3.55558
4.15201
3.86266
2.95104
3.67849
2.96212
3.76739
3.36853
3.99865
4.33845
4.29501
3.77143
4.24134
3.69244
3.71431
4.33283
4.16084
4.35752
3.75107
4.06342
4.38494
4.18369
3.51832
3.66602
4.15290
2.65547
4.17081
4.24439
3.80225
3.97787
3.61455
2.58084
4.01498
4.26562
3.70056
3.66376
3.62212
4.20569
3.20658
3.88229
4.11013
4.04712
3.66517
1.87170
3.57247
3.07575
3.78792
4.36238
4.28568
2.86638
3.52280
3.73826
4.17800
3.65736
2.42363
4.10091
4.30838
4.01776
4.33720
4.13826
4.05240
3.81673
4.07574
4.21514
4.04506
3.97060
4.01978
4.30299
3.80378
3.93542
3.77279
4.35124
4.09653
3.43199
2.36421
4.30390
4.08434
3.59569
4.08659
3.53090
4.16889
4.05644
3.66449
4.06810
3.96479
3.47903
4.00706
4.24074
3.80868
4.38444
3.86599
4.15418
3.88142
4.13323
4.30313
2.34116
2.80668
3.36697
4.06958
4.17170
4.24003
3.73178
4.20498
4.08446
4.25051
3.92895
3.89350
3.81433
3.86018
3.89300
4.16571
3.85654
4.18172
3.13433
3.66144
3.39322
3.64863
3.69043
4.13531
3.07304
3.91771
4.19683
3.31793
3.99159
4.19413
4.30444
4.11716
4.02810
3.68573
4.23474
4.32565
4.25262
4.21965
4.14935
4.23792
4.24947
4.18033
2.44320
3.52246
4.10394
3.64964
3.79619
3.65943
4.13367
3.79703
3.80132
3.23296
3.62226
3.70329
4.38520
4.06397
3.65893
4.14206
3.47148
4.17566
4.11884
3.54277
4.15455
3.00814
3.91792
3.95825
4.23404
4.01391
4.32453
4.00428
4.24521
3.10121
4.09864
4.04655
4.03605
4.22537
4.33114
4.28024
3.86957
4.16925
3.45179
4.08371
4.00749
3.68855
4.18340
4.12101
3.46947
2.91240
4.09614
4.36521
4.02296
3.75597
3.87067
3.79690
2.90784
3.58124
4.26967
4.27357
2.48295
3.81761
3.74292
3.85000
4.19027
4.16786
3.78279
3.99264
4.18599
4.37257
4.19382
4.33113
4.16471
3.32084
4.29274
4.04931
3.51286
4.01179
4.26553
4.08777
4.25943
3.34762
4.03216
2.99362
3.97604
4.04666
4.19642
2.37921
3.76068
4.07477
3.45980
3.57289
3.95970
3.83438
4.20117
4.17717
3.91246
4.15544
3.58192
4.17819
4.27643
3.59196
3.54545
4.18547
3.84923
4.34736
4.06926
4.14845
4.07110
3.77923
3.96330
4.26335
4.32365
4.17456
3.67358
4.25093
3.59255
4.26462
4.15578
4.08840
4.13819
4.35218
2.83008
4.24185
3.11777
3.08239
2.89213
3.91794
3.70228
4.25558
3.01628
4.01110
3.97911
4.13856
3.93412
3.82269
3.75130
2.83678
3.71194
4.29211
3.75185
3.87446
4.27228
3.59772
4.29514
4.27487
3.65898
4.11436
3.96057
3.41196
4.34563
4.02942
4.15680
3.36667
3.49023
3.89759
2.50055
4.40826
4.21976
4.17595
3.84470
4.38976
4.30971
3.90728
4.02844
4.21377
3.99719
4.17317
3.48899
4.22886
4.18611
4.29975
4.08238
3.99238
4.01273
3.45762
3.49481
4.28062
3.00263
3.38510
4.35359
2.70625
4.24873
4.13776
4.30739
3.04063
4.00968
4.28867
3.98963
3.43870
3.39907
4.22945
3.44607
3.95305
4.09926
4.07274
3.81376
4.11193
3.34139
4.21889
3.19830
3.77833
3.99631
4.08257
3.35999
3.90691
4.03670
4.06558
3.97181
3.97806
3.81215
3.88130
4.14684
4.21600
4.17992
2.29099
4.14736
3.82441
4.14447
3.90160
4.09083
4.13075
3.39902
4.08529
4.15853
3.50317
4.13342
4.04487
4.10289
3.54198
3.75796
3.69042
4.05733
4.10422
4.17787
3.94493
3.83985
4.30214
3.79683
3.95122
4.24159
3.91254
4.36628
3.64669
4.27981
4.20261
4.01445
3.77507
4.20180
3.85609
3.27057
3.67174
3.36116
4.05572
3.51529
4.15370
3.62638
4.34693
4.00845
3.64931
3.78260
2.83862
4.09372
4.23026
2.11917
4.20121
3.94802
3.62110
3.99697
4.04748
2.63196
4.22794
3.87908
3.78903
3.62089
3.54834
3.78577
4.13687
4.03400
4.04289
4.24706
3.99853
4.20788
3.84365
4.21809
4.21120
2.97020
3.90515
3.88150
4.20537
3.81732
2.39403
2.41989
3.42645
4.29408
4.35335
3.39568
3.62290
2.14726
3.97702
3.95275
4.37402
4.20331
4.26621
4.28332
4.36121
3.81386
4.28543
3.90201
4.07463
4.03811
3.57154
3.73359
3.88148
3.77812
4.20287
3.68122
2.71465
3.22804
3.84137
4.16498
3.58279
4.15952
4.27670
4.30326
3.96209
4.36688
3.99996
4.12262
2.61174
3.52374
4.25081
3.80969
4.36410
3.79353
4.20185
3.92036
3.25417
4.23030
3.61040
3.35702
4.12138
3.76103
4.34838
4.02092
4.21856
4.00238
4.13238
3.89260
4.01453
4.06122
3.50403
4.15378
4.14531
3.83421
3.98703
3.87724
4.34230
3.77744
3.74424
3.86272
4.08780
4.39934
3.72413
3.23084
4.15867
3.67496
3.83917
3.75554
4.30500
3.51151
3.08640
4.26023
3.20405
3.99656
3.62043
2.95684
4.15706
3.37465
3.06913
3.73490
4.39790
4.04481
4.36141
3.97023
2.81912
4.23684
4.18099
3.51180
4.11036
2.72427
4.10284
2.05998
4.27633
4.06835
4.12521
4.20492
3.75401
4.01694
4.34416
2.80857
4.23291
1.83991
4.29304
3.96651
3.72125
4.27526
3.43612
3.27147
4.31458
3.58114
3.32029
4.23332
4.31676
3.26291
3.03376
3.51708
3.61579
3.15182
3.96537
3.99666
4.24011
4.18713
4.02861
4.33487
3.17949
3.82591
3.46561
4.14873
4.07035
4.07093
3.68671
3.26075
3.13869
4.02984
4.14723
3.84904
2.95750
3.15945
4.09201
3.76705
3.26377
4.25227
3.98844
3.95567
4.23996
3.83598
4.22975
3.85959
4.03501
4.19976
3.88803
4.28454
3.21240
4.33106
4.38333
4.21020
2.63675
4.02610
2.99783
4.22023
4.14028
3.36751
3.83674
4.24930
4.24091
3.73683
4.42788
4.05525
4.06967
4.19899
4.01683
4.05467
2.53897
3.84947
3.81500
3.79065
2.91508
3.47650
4.21101
3.37964
4.25942
4.01465
2.54937
4.34799
4.33323
3.86500
3.81854
4.30187
4.05602
3.54541
3.63766
3.93246
3.89965
4.13030
3.42234
3.89745
3.84995
3.25745
4.05150
4.28207
3.79561
4.30203
3.46817
2.85189
3.98514
3.90919
1.89272
3.56849
4.27714
4.02000
3.93442
4.16467
4.08567
1.96799
4.09392
3.75861
4.04750
3.59546
3.74242
3.66486
4.06882
2.81904
3.56449
4.05203
4.22972
4.34741
4.16369
4.34476
4.11381
3.54477
3.44608
4.22104
3.71769
2.55915
4.16227
3.18703
4.17201
3.49570
4.25198
3.56704
3.80472
3.65620
4.26262
4.25001
3.54941
3.76830
4.19968
3.23208
3.52030
3.63906
4.14355
4.14930
3.99271
2.16174
3.31805
2.55856
4.08774
3.94015
3.10701
3.89056
3.49261
4.19956
3.68542
4.35187
1.77776
2.26541
3.36484
4.14761
4.13168
3.73993
3.96629
3.76390
4.31659
4.11981
4.37894
3.82609
4.19705
3.27842
4.13919
4.09974
4.25449
3.16846
4.30873
4.33461
3.51767
3.78856
3.63330
2.93396
4.17268
3.81765
3.48317
4.03841
4.15928
3.97079
4.07413
3.88392
4.03936
4.27827
4.09387
3.65986
4.17528
2.58187
2.28313
3.41720
3.84630
1.66764
4.00851
2.90144
3.94622
3.85387
4.41231
4.13682
3.44231
3.81358
4.01353
4.23839
4.10326
4.38259
4.16144
3.84790
3.78415
3.97532
4.15813
2.69702
3.43994
4.13311
4.31811
4.32914
3.37791
4.22496
4.12008
4.16105
3.02414
2.97453
3.92802
4.11862
3.74876
4.14052
2.52568
4.18984
3.77993
4.00521
3.82605
4.07308
3.89943
3.74097
3.92598
4.31090
4.19593
4.16962
3.87874
4.10057
3.88018
4.17233
4.38612
3.67139
4.03861
3.90711
4.19460
3.93137
4.05274
4.20064
2.96489
4.00872
4.09143
4.02120
4.17385
4.06750
4.04367
4.30190
4.15487
3.58368
3.69116
4.09320
4.34032
4.29903
4.07825
4.06006
4.30808
4.23390
3.70636
3.65183
2.89843
3.98678
2.72503
2.93368
4.02197
3.75433
3.79019
3.97577
4.22538
4.29084
4.33027
4.20688
4.19231
4.27900
2.46716
4.11269
4.25740
4.18831
4.42592
4.14242
4.26723
4.15396
4.22672
3.94643
3.98606
3.90509
3.17997
3.99825
3.22861
3.28018
4.08568
3.78876
4.10906
4.31623
3.93590
4.37150
4.26122
4.27628
3.82982
3.84367
2.79280
4.12394
4.02777
3.89685
4.27435
4.18552
3.65588
4.36982
4.38526
4.02655
4.11783
4.09483
4.21822
3.90531
4.06346
4.07699
3.64375
4.31861
3.41727
4.01072
3.93246
4.23568
3.89037
4.21215
4.24340
3.91980
4.03117
3.62155
3.86042
4.15817
4.18521
4.29912
2.31237
3.88730
4.01485
4.21109
3.88539
3.61265
4.18757
4.15289
4.01057
3.25153
4.35592
3.87404
4.06835
3.87429
4.27224
3.80313
3.13968
3.94932
3.37478
3.13341
3.81526
4.17704
1.34546
3.98850
4.10125
4.17283
3.83383
3.42025
1.87610
3.38208
4.12116
3.15667
3.29018
3.80660
4.06991
4.32871
3.76567
2.32356
3.67345
3.83765
1.77924
4.19863
3.86366
4.27484
4.00972
4.20704
4.08412
3.99878
2.63682
3.80984
4.05053
4.34363
4.27558
4.14707
4.12769
3.57858
4.14944
4.10758
4.31167
3.60748
4.36007
4.28456
4.13404
3.27123
3.89011
3.70322
4.27816
1.62968
4.24430
4.25407
3.04890
4.22884
3.87530
3.94707
4.32960
4.08039
3.75330
3.65183
4.26976
2.05549
4.04196
4.06816
4.12192
4.34339
4.43435
2.51690
3.17394
4.17252
3.78116
4.19143
4.07972
4.42277
4.06363
3.86525
4.19565
4.22912
4.00760
2.20181
4.22255
3.85036
3.87605
4.10216
4.19389
4.11217
3.81909
4.25207
4.31379
2.90327
4.26544
4.04696
3.89594
4.18737
4.11835
3.85648
3.56335
2.54838
3.32618
3.59852
2.40468
2.58086
3.84510
2.51523
3.64581
4.18921
3.85894
3.49281
4.08449
3.80133
2.86006
4.27457
4.28845
4.16525
4.27040
4.17208
3.73557
4.09455
2.98243
4.16148
4.47331
3.61200
4.21743
3.42472
3.82374
3.03628
4.29239
4.28967
2.58414
3.92110
3.54544
3.85367
3.98835
4.11319
4.15569
4.24104
3.29527
3.61764
4.34522
3.40781
4.22085
4.01807
4.18740
4.20042
4.36120
4.15873
2.79649
4.24898
3.66099
3.72350
2.75751
4.17971
3.42556
3.41039
4.25596
3.33129
4.22287
3.11936
3.66109
3.93822
3.91979
3.83434
4.16842
4.19439
3.98049
4.34943
4.20523
4.13113
3.40678
4.24053
3.91701
4.30049
3.92252
3.36979
3.39139
3.44513
3.91643
3.90260
4.08090
2.84503
3.99662
2.46679
3.30797
3.91096
3.85491
2.05949
3.78930
4.25416
4.23786
2.50846
3.98157
3.58236
4.26468
4.05812
3.98270
3.89382
4.35905
4.09666
2.84120
4.14223
2.71971
4.09088
4.23586
3.97696
4.15677
1.50646
4.03352
3.21749
4.28186
3.63383
4.09125
3.94346
3.18297
3.41310
3.19931
4.31507
3.95358
2.75384
3.48469
3.63157
4.00515
2.78589
4.07594
4.03116
3.94587
2.68406
4.40054
4.28147
2.72754
3.99933
4.35210
4.27019
4.21482
2.53368
4.15285
3.48962
3.68392
4.17202
4.26944
4.12774
4.23766
4.00916
2.87232
3.84806
3.44412
3.35348
4.14332
4.04625
4.33903
4.08311
4.00601
4.28612
4.09023
3.65670
3.96822
4.12377
4.37264
4.27307
4.07748
4.13621
3.52538
3.81871
4.18003
1.87013
4.09280
4.04574
3.25302
3.99613
4.31244
3.41993
4.06093
4.21213
4.29527
4.35181
3.56532
3.75057
3.80221
3.95560
4.33185
3.39130
3.60370
4.14188
4.04970
3.89153
3.74440
3.63801
3.31142
3.95736
4.20813
4.29862
4.00100
2.56598
4.23928
4.22671
4.17725
4.24410
4.23216
3.77456
2.67934
4.04981
3.76597
4.23208
3.88940
4.26761
3.93696
2.51840
3.96101
2.25000
3.78587
3.90952
4.17740
4.04466
3.71491
2.81430
2.62532
4.04393
3.82768
4.08502
4.09231
3.96376
1.51301
3.99312
3.68502
4.26043
3.79111
4.20139
2.53633
4.12446
3.83271
3.95158
4.18631
4.25002
3.54486
4.21284
3.92619
2.45323
3.99358
3.79001
4.17998
3.95087
3.57875
4.13324
3.81254
4.14725
4.09258
3.71743
3.61958
3.57221
4.26416
2.11936
3.99513
3.66011
4.12956
4.16146
4.12752
4.16299
4.06621
3.64104
4.24753
4.06020
3.82712
3.54086
3.82682
3.70671
3.86681
4.03208
4.23866
2.05288
3.89901
3.81861
4.24713
3.90117
4.30818
4.36304
3.38699
4.22547
3.60244
4.19401
3.76370
2.94437
3.49576
4.19063
4.09507
4.14334
4.24687
4.14419
2.22951
4.35650
4.18558
4.01904
4.12763
4.06051
4.25047
4.08418
3.72904
4.31802
3.79211
4.20053
4.19920
4.34842
3.66592
3.49175
2.79997
3.24204
3.86941
3.81026
3.69704
4.36484
3.95674
4.08148
4.25500
4.09039
4.29096
4.08400
3.92368
4.21262
4.19081
3.64941
3.69214
3.75661
3.27140
4.03285
4.07265
3.53537
4.26222
3.87330
2.83093
4.39871
4.20120
4.31360
4.02087
4.34327
4.28944
3.82908
4.36757
4.01370
3.42246
4.33430
2.99365
4.06535
3.94774
3.71748
4.12330
3.30899
4.30597
3.75622
3.97136
4.28625
3.87944
3.83312
4.28674
4.09699
3.43368
4.11873
3.60765
3.95507
4.10157
3.22030
4.19918
3.22087
3.87291
3.78568
4.08134
3.98636
3.96915
4.04900
3.83216
4.27984
2.29786
3.72848
4.10319
3.02678
4.11842
3.97604
4.33145
3.49936
4.18166
4.38766
4.35005
3.75482
4.12224
4.14335
4.19053
4.15373
3.76915
4.11340
3.77822
4.19803
4.17432
3.67912
3.22947
4.17390
3.83204
4.21528
4.39291
4.06882
4.07205
3.93790
4.22914
3.41596
3.56232
4.01560
3.75546
4.27507
4.13571
2.81806
2.65397
4.14739
3.96642
3.86983
4.32560
3.31688
3.33257
4.07403
3.96189
3.96374
3.81141
3.99399
3.82633
4.20953
4.38100
4.03146
3.84101
4.20793
4.22939
3.66520
2.49372
3.22473
3.84103
4.13809
4.02659
4.31094
4.11876
4.13290
4.28674
3.88283
3.84315
3.37768
4.01150
4.22602
3.66764
2.77211
4.21607
4.28577
3.89875
4.00204
3.79659
2.61556
4.33781
3.65483
3.89923
4.27417
3.31916
3.78308
3.36319
4.08491
4.30753
2.40383
4.01978
3.76263
4.10101
4.32579
3.20392
3.64417
4.02321
4.16283
4.33560
3.36238
4.06142
2.37615
4.42178
4.27043
3.63230
4.35801
4.02622
3.96831
3.98909
4.18767
3.07716
4.21651
3.85509
3.79256
4.39792
3.67327
4.02443
4.13285
4.14229
3.77890
2.86640
2.92809
3.75942
4.10539
4.06814
3.71777
4.10244
4.06344
4.28922
3.91872
4.35839
3.01023
4.05180
4.03803
4.29995
4.22887
3.81640
3.91705
2.98152
4.25804
4.28975
4.21764
4.08797
4.16933
4.17274
3.78708
3.03469
4.32909
4.11430
4.01344
3.78698
3.95728
3.23558
4.29785
3.98799
3.71588
3.98488
3.98828
4.25787
4.13963
4.24320
1.22343
4.18616
3.16077
4.01857
3.92612
3.69623
4.03736
3.78289
4.07944
4.36084
4.23586
3.91836
4.10396
4.14206
4.07530
4.20921
3.52506
3.90996
3.88133
4.23703
4.00219
4.25883
3.81101
2.89965
3.54755
4.15275
1.66661
3.95618
3.72355
3.77588
4.06297
4.26956
3.82907
4.19240
4.22387
4.10186
1.86080
4.13233
4.08246
4.12813
3.82054
3.99386
3.74353
4.17202
4.08113
3.73860
4.30893
3.73638
4.31233
2.65710
4.00424
3.86669
3.79836
4.13910
3.04217
3.78619
4.35938
4.27764
4.32665
3.22711
4.14429
3.55705
4.24625
4.35395
2.97242
3.92125
3.60102
3.58295
4.25133
4.34993
4.37895
4.13786
3.65382
4.28539
3.44335
4.11951
4.05885
3.77721
2.21138
4.40234
4.33195
4.21104
4.04112
4.05028
3.54361
4.06912
4.13925
4.04189
4.08355
3.48446
4.34499
4.25298
4.34072
2.41887
4.16362
4.03608
3.55225
3.55628
4.31493
3.98925
3.92869
4.21588
4.29465
4.32441
1.97732
4.23159
2.39247
4.28720
3.26072
3.52465
4.07896
3.40835
4.06888
4.07309
3.72792
2.54952
4.17584
2.95580
2.39160
3.47796
3.88016
3.56599
3.63623
3.78323
3.75450
4.20358
4.16347
3.80945
3.81304
4.17097
4.18882
3.60392
4.00433
3.95960
3.96436
3.92913
4.11306
3.32950
4.05006
4.25580
3.62421
3.41551
4.34129
3.42540
4.14058
3.84594
4.09366
3.79862
3.93764
4.12268
4.11225
3.88605
4.17654
3.64100
4.12881
3.76517
4.30576
4.35235
4.17281
3.21097
3.16316
3.89146
4.35713
4.24748
4.26843
3.77426
4.25895
2.55848
4.43576
4.00200
3.64490
4.18766
3.89791
4.34086
3.15601
3.70636
3.98188
3.79793
3.26887
4.28311
2.99125
3.75543
4.25019
3.99313
4.15142
3.36716
3.83249
4.23501
3.83076
3.53343
4.23152
4.07930
4.28780
4.25298
4.15569
3.79862
3.88881
3.95267
3.94439
3.57230
3.25338
3.76015
1.88110
3.99465
3.81407
3.53614
4.10233
3.68631
4.05198
2.78592
4.33825
2.55539
3.42450
3.37668
4.40739
4.33636
3.93719
2.89273
4.43681
3.22897
3.99569
3.88214
3.97319
3.69789
4.13807
3.89491
4.00339
3.83198
4.25667
3.63041
3.53122
4.28860
4.10317
4.33009
4.08683
3.81082
4.18416
3.84647
4.29163
4.13356
4.10783
4.24152
4.27536
3.99653
4.28633
3.84453
4.18379
3.12617
4.24825
3.69361
4.21032
4.14734
4.25610
2.56507
4.32410
4.14623
4.16946
4.43037
3.55722
4.10639
4.18455
1.72135
4.22476
4.21177
4.26853
3.92527
3.92897
4.22452
3.11745
3.68058
3.78974
3.97462
4.16574
4.11502
3.85812
3.82638
4.13866
3.41038
4.02775
4.40054
4.09618
4.10011
4.26961
3.88075
3.81228
2.92749
3.47894
3.53836
2.95577
4.08568
3.61671
3.62240
4.24062
2.33425
4.13019
3.58237
3.92545
4.15257
2.42819
4.14418
3.92018
3.97408
3.69270
4.12111
2.84679
3.65438
4.20513
3.32396
4.23158
2.13095
3.93437
4.33755
4.26232
3.67216
4.30125
4.30439
4.15524
4.15745
4.08296
4.34383
3.84061
4.18459
4.33007
4.16829
4.20783
3.94942
4.32538
3.80192
3.26548
3.60644
4.13155
4.07008
4.05347
3.96848
3.85920
3.87285
3.82005
3.64174
4.12293
4.36852
4.32691
4.24922
3.52080
4.18732
4.12015
4.28701
3.93439
4.11888
3.66970
3.99897
3.26563
3.21821
3.77074
3.95836
4.32191
3.99029
3.98789
3.60575
3.94514
2.76863
3.87726
4.24626
3.44756
4.31784
3.81290
4.16634
4.04614
2.09452
4.25047
4.22311
4.39948
4.06769
3.96182
1.73112
3.04824
3.60805
3.98682
4.02291
3.90523
3.58992
3.98068
3.87165
3.97091
4.35568
4.04250
3.99349
3.46668
4.13773
4.24717
4.19908
3.78035
3.81015
3.93607
3.98549
3.19426
4.10979
4.17371
4.41990
3.45803
4.13309
3.87553
4.15082
3.87255
4.24631
4.06324
4.17364
3.59000
3.98551
4.21109
3.70008
4.23419
4.14359
3.21672
4.10209
4.19161
3.65102
4.16090
3.64719
2.67268
3.90703
4.21060
3.82652
4.13912
1.89327
4.17777
3.28214
3.66899
3.49562
4.20795
3.86438
3.90957
2.73164
3.12666
4.00914
4.31627
2.93046
3.87025
4.14519
3.69022
3.46591
4.14053
2.28098
2.75501
3.95740
3.96794
1.35070
2.65437
4.22113
3.67412
4.13278
3.73430
3.80341
4.09871
4.11667
3.45541
3.79423
3.49443
2.00533
4.02459
4.05857
3.09101
4.30232
3.82916
3.63423
3.91426
4.34982
3.78653
4.20606
4.34009
2.94898
3.86502
4.13715
4.01146
2.17509
4.15586
4.20370
4.11614
4.12053
3.81707
4.35319
4.25617
3.25600
3.61864
3.29461
3.92100
4.20541
3.75929
4.31060
3.65618
4.22281
4.06028
4.31855
4.16436
3.44227
4.35103
2.95709
3.96822
4.32100
3.42264
3.51816
4.24719
1.51811
4.31912
3.68783
3.00426
4.35580
3.48938
3.88212
3.78214
3.85365
3.36079
4.28092
4.24550
3.65767
4.28473
4.13525
4.11458
4.12469
4.17380
3.85388
3.96307
2.75398
4.29837
4.13979
3.50287
3.97409
4.05198
4.08078
3.95501
4.29636
3.88908
3.94748
2.42127
4.16002
2.19109
4.27526
3.92467
3.99796
3.76767
3.93469
4.16830
3.01813
4.03615
4.10596
4.42247
3.13453
4.03230
4.04838
3.18725
3.72240
4.16647
4.24734
2.22354
4.34076
2.78055
4.15730
4.14486
4.36261
4.29196
2.43675
3.23440
3.76965
3.95039
4.17577
3.52087
4.17735
3.46389
2.51649
4.19575
4.37221
3.46952
4.20160
3.73964
4.27492
4.04129
3.71191
4.32408
4.24473
2.93896
4.19291
4.24802
3.78740
2.24273
4.27677
4.06732
3.82229
3.67967
4.07512
4.09877
4.37787
3.49726
4.21892
3.69311
3.99784
4.23159
3.99581
4.04835
3.22929
3.26914
3.65835
4.35554
3.36999
4.37092
4.00430
3.28545
4.06571
2.74906
3.83613
4.18733
4.02287
4.38555
4.04336
3.96451
4.25883
3.91869
4.20890
3.95383
2.02504
3.69590
4.32576
2.33392
3.85942
4.07293
4.15665
3.58856
3.93365
4.18418
4.14670
4.11484
4.11164
4.34396
4.16948
3.64178
4.00460
2.42934
2.99668
4.15824
4.02614
3.94414
4.03629
2.98625
2.78625
4.35626
1.75785
4.03295
3.96445
3.89157
4.15334
3.50436
4.13178
3.91879
3.86215
4.26297
4.38674
4.28934
3.90253
3.70801
4.12736
1.57477
4.03146
4.34838
4.10857
2.16314
4.12477
3.95652
4.09184
4.24758
4.05498
3.97637
4.37212
3.42658
3.81751
4.06476
4.27411
4.15926
2.69514
3.22717
4.07577
4.21898
4.38441
3.98152
4.17444
4.21564
4.20961
4.19160
4.15793
3.96479
3.77141
3.83449
4.25604
3.76269
4.18035
4.19696
4.06619
3.91008
4.09362
4.14486
3.78252
3.99402
4.21275
4.30913
4.10011
4.28645
3.41352
4.17142
3.30330
3.09653
3.39930
3.57709
3.82238
4.01564
4.04409
3.88519
4.27331
3.20146
4.33132
4.13971
4.31094
2.52388
3.70789
4.08307
3.50282
3.59317
4.21732
3.92766
4.09608
4.21222
3.95507
3.86420
3.61292
4.24780
3.98301
3.73031
2.20183
2.67531
4.39516
4.15491
3.67441
2.61069
2.90870
4.26252
3.51809
3.62243
4.31499
3.97909
3.67793
3.90154
1.45137
3.89494
3.93757
2.30531
4.19678
4.07735
3.87666
4.16719
3.33364
4.10093
3.86003
1.66446
4.07100
4.05179
4.32797
3.92231
2.67333
3.67322
3.87564
3.96644
4.10711
3.20491
4.21517
3.79370
3.34755
3.97443
4.16787
4.24754
3.97470
4.38445
3.05376
4.14809
2.19382
3.99817
3.37729
4.20781
3.99443
4.04981
4.14091
4.38763
3.90228
4.24817
4.19124
4.01552
4.09306
3.45174
4.28827
4.00164
2.94226
3.84926
3.53039
4.18316
4.32291
4.25099
4.10246
3.89618
4.23808
4.25263
3.70832
4.07721
2.59037
4.02882
4.16124
4.14191
4.20575
3.74592
4.14166
3.85418
4.28390
4.30588
3.72575
2.56236
3.42858
4.09517
4.09213
3.54327
4.01120
2.25811
3.84377
4.05557
3.45235
4.22900
3.90105
4.07112
4.39260
3.87253
4.29617
3.25865
4.36712
4.10855
2.69845
4.31051
3.25645
4.24178
4.34406
3.94951
4.20616
4.01723
3.93021
4.14929
3.98210
3.97666
4.00917
4.22526
2.75042
4.05009
3.84964
4.01640
3.82890
3.18481
4.10119
2.64004
4.35474
3.92103
4.38162
4.01634
3.74700
4.13331
3.16099
4.21254
4.10698
3.66328
3.90426
4.21837
3.47180
3.08222
4.40918
4.26483
4.19546
4.11847
4.05643
4.01010
3.64411
3.71329
4.26188
4.01111
3.97013
2.40352
4.23471
4.19491
2.16203
4.17551
3.69810
3.48064
3.98487
3.87977
4.24905
4.23598
3.68150
4.15062
2.17080
3.71404
4.22146
4.14423
3.66663
4.39694
4.08863
4.00500
4.08714
4.28393
4.29917
3.23182
4.29198
4.28116
4.25799
4.01664
3.94236
3.18895
3.94800
3.46245
4.11641
4.12036
4.38649
3.72824
3.92375
3.71565
3.93544
4.12844
3.87520
4.04544
3.87961
2.91769
3.66470
4.12434
3.36717
4.09029
2.02509
4.07817
3.44774
3.64456
3.28660
3.90052
4.24137
4.28826
3.89933
2.29535
3.86466
4.19596
4.01238
4.13147
2.54880
4.24342
4.16434
3.85342
4.13301
2.44897
4.20061
4.18756
4.11159
4.09829
3.94367
4.40469
3.74519
3.78198
4.06507
3.98778
4.04446
4.02069
4.20509
4.14200
4.22381
3.62212
3.78132
4.37530
3.97535
4.32891
4.25656
3.89954
4.14434
4.07485
4.35174
3.84008
4.13689
4.10682
3.93082
3.53484
2.67062
3.97312
4.19774
4.23214
4.08041
4.26581
2.54040
4.39577
4.01318
4.32029
3.85166
3.91067
4.38046
3.77394
3.54997
4.27834
3.51048
4.02851
3.59740
3.54802
4.11621
4.33277
3.72668
2.11974
4.13068
4.23446
3.69582
3.82488
4.18724
4.08529
3.87369
4.03241
3.61891
3.24608
4.08715
1.71004
3.69186
4.24974
4.03479
4.21841
4.27717
3.37120
4.12733
4.16961
3.60939
4.08738
4.04898
3.91703
3.67935
4.02725
4.34025
4.19234
3.78874
4.16003
4.21088
4.02400
4.13966
4.11061
3.69468
3.57624
4.26941
2.79342
4.00607
4.29714
3.64564
4.16929
3.99236
3.65506
3.63937
3.79196
4.18236
4.12403
4.27697
4.16520
3.42721
3.82445
4.39696
4.35191
4.11333
4.05784
3.97629
3.99950
4.09976
4.35685
4.26471
4.19284
3.98243
2.63157
3.84704
3.44106
4.12067
3.36192
3.44498
4.24380
4.08916
4.19223
3.64662
4.34078
3.88497
4.27010
4.11402
2.38929
4.28739
4.13631
3.12858
4.09546
4.13266
3.75151
3.92404
3.60357
4.17374
4.34332
2.80934
3.59536
4.25433
4.20118
2.87977
4.25175
4.25939
2.70810
4.26861
3.66460
4.11840
4.35575
3.98545
4.10662
3.97455
2.88069
3.77794
4.26571
4.14835
3.61736
4.32032
4.12854
3.41814
4.10118
3.86691
4.32442
2.39256
4.04035
3.61256
2.66403
3.66022
3.98849
3.45530
3.89013
4.28036
3.55003
3.92525
4.18598
3.21202
4.29793
4.20555
4.14620
4.41678
4.09325
3.92871
3.96487
3.08335
2.92223
4.00795
4.25696
3.74212
2.84411
4.20360
3.99955
4.07720
3.95305
4.00431
4.23402
4.30950
4.03637
4.02393
3.53049
4.18330
4.37147
3.66368
3.47448
4.37369
4.20455
2.33207
4.38249
4.05155
3.61397
3.69005
4.17749
3.77709
4.03991
3.67642
4.21964
4.02887
3.51001
4.04602
3.73155
3.39144
4.19099
3.71976
3.47726
3.61103
4.13291
4.15582
4.29381
3.85381
4.06353
3.28094
4.14095
4.02724
4.25391
3.13949
4.32666
3.58407
3.80416
4.09229
4.28396
3.60296
2.14624
3.72814
2.99708
3.85358
4.09075
4.11726
4.16107
4.06155
3.96207
3.48605
2.53961
4.20418
4.23800
4.19066
4.23578
4.00432
4.16884
2.72945
3.89771
4.31685
3.85308
3.47892
3.49388
4.26334
4.07493
3.37713
4.08568
3.75016
3.34145
3.96299
4.24043
4.24281
3.68179
3.23911
3.70669
4.19896
2.91397
3.71908
4.27635
3.72663
3.43963
2.96242
4.11663
4.13211
3.91257
3.95924
4.00070
2.47505
3.52950
4.19783
4.28664
3.66538
3.97918
3.21085
4.32702
4.20291
3.98213
4.15561
4.04996
4.31660
3.45993
3.68285
4.07293
4.17651
3.58818
4.31716
3.97223
4.11970
3.52108
4.13463
4.16889
4.09438
3.85746
3.48857
4.08787
4.19853
3.78200
4.11335
2.46185
3.70600
3.03184
4.28094
3.93540
4.08028
4.33652
4.36522
3.95607
3.56953
3.23985
3.90264
3.88990
3.41818
2.64566
3.91207
4.08397
3.57359
4.05884
4.31834
3.70787
4.03700
4.16676
4.37609
3.84866
3.98507
3.94832
4.30335
4.34041
2.93072
3.16026
4.06732
3.58498
3.80073
4.26096
3.67771
3.82182
3.59404
3.98584
2.29626
4.29623
3.05960
3.59540
3.85695
3.42841
2.99386
4.26775
3.75401
3.87779
4.07750
4.20831
4.17246
4.15798
4.14045
4.20498
4.16106
3.47523
4.17589
3.39048
4.07905
4.11912
4.34331
3.80605
3.99525
4.22499
3.73638
4.07702
4.33119
4.21982
3.65003
3.56616
3.94201
2.01508
3.78753
4.25501
4.00586
3.78016
2.14226
2.65539
4.06638
3.95291
4.37390
3.96922
3.92740
3.80965
3.92226
2.95566
3.10900
4.16701
4.14524
4.32577
3.57900
4.10295
4.26815
3.86925
4.27324
3.79287
3.99943
3.84277
3.87566
3.36410
4.33938
4.03983
3.17146
4.16278
2.95555
4.31510
4.04528
4.27035
4.17722
3.99864
4.17744
3.91098
4.39419
2.40654
2.28247
4.19248
4.41466
4.24704
4.11759
4.05693
4.41776
4.07646
4.08709
4.24900
4.00290
4.02028
4.11787
3.83104
3.06987
3.57460
4.39005
2.80488
4.16140
4.08963
4.11161
4.09945
3.78804
3.87250
3.95040
3.32142
4.11969
2.94739
4.16400
3.92613
2.98389
4.33678
4.11890
2.70695
4.27147
3.77806
4.11696
2.20868
4.04133
4.15224
4.09764
4.15782
4.30279
3.67275
3.24933
4.08913
3.93558
3.91290
4.09071
3.82498
3.96976
4.27536
3.60851
4.16022
3.97335
3.90945
4.25349
3.93808
4.13336
3.79020
3.77087
4.19764
3.84748
3.65521
4.22081
3.75083
3.84148
3.55523
4.15815
4.05465
4.13552
4.23171
4.21307
4.23868
4.13031
3.81141
4.12056
3.32153
4.17370
4.10402
3.56734
4.00441
4.31307
4.19023
4.24003
4.17720
3.82544
4.18438
3.94144
3.59231
4.20519
3.93476
4.01268
4.10877
4.19245
2.08468
3.63507
4.22225
4.31480
4.29979
4.30122
3.62737
4.15304
3.70283
4.30491
4.18093
2.06381
4.14049
4.34181
4.00329
3.98904
3.76772
3.68769
4.07066
4.29953
3.02278
4.36598
3.95572
4.34734
4.26765
4.07089
4.30287
4.11436
3.86517
4.07656
3.78115
3.24579
4.18966
4.04555
4.00727
4.16934
2.56473
4.39422
4.07612
4.11636
4.10436
4.07855
2.96981
4.07870
4.11469
4.01182
4.20200
3.68225
4.02677
4.31266
4.11391
4.05341
4.16150
4.21065
4.19024
3.99475
3.48783
3.65838
4.14047
4.29129
3.63939
3.40118
3.90499
3.53170
4.33205
3.95226
4.38824
3.94650
4.28948
4.14828
4.31515
4.00105
4.01981
4.25566
3.99428
4.37617
4.07994
3.99235
4.05298
4.22382
4.21409
3.68065
3.86616
3.98582
4.20365
3.77646
4.27034
4.12803
4.33286
4.09932
3.94578
2.80959
3.84271
3.46748
4.10293
4.37382
3.77508
3.89227
3.33359
3.96386
3.93767
4.30280
3.34494
3.95326
3.09502
3.91297
4.29204
4.04474
3.59319
3.99515
3.94834
3.93870
3.75219
3.29898
3.68097
4.02565
4.13110
3.92394
4.24576
4.26670
4.07949
4.20798
3.28470
4.07124
3.72542
3.65253
3.40245
3.77103
3.95346
4.17530
4.01130
4.33300
3.92019
3.71065
3.78853
4.23678
4.21428
4.36579
4.08681
2.66889
3.40278
4.08929
4.05021
4.26565
4.39109
4.14733
3.95755
4.39715
3.73464
3.39079
3.67545
4.32743
3.16547
3.75348
4.36995
4.20117
3.45114
4.32913
4.27244
3.54087
4.40286
3.82434
4.04277
2.35980
4.17196
4.17746
3.70023
4.19780
4.29153
4.32861
3.90300
3.56966
4.30993
4.04636
4.16702
3.96902
4.03765
4.15311
3.98966
2.96019
3.80615
4.05065
2.15388
3.90876
2.42901
4.11488
4.21203
4.10472
3.97770
3.74770
4.03457
3.90002
4.08761
3.75029
2.38550
4.10641
3.95838
4.06731
3.96585
4.37380
3.39262
4.07128
3.57690
3.13176
3.79033
3.96901
4.35449
4.12302
4.20980
3.53962
4.13617
3.90734
4.09891
3.75455
3.46390
3.86346
3.81315
4.01623
4.32420
4.39122
4.29889
4.12884
3.85829
4.40647
3.97493
3.91241
2.58483
4.18047
4.18199
3.72178
4.22346
2.08276
3.80358
3.74984
4.23461
4.35611
3.17721
4.20295
3.68101
4.08516
2.12752
2.76173
3.96767
3.78389
4.28400
4.18320
4.40820
2.66204
4.20143
3.43828
4.08866
3.62070
3.34089
3.65676
4.19204
3.80064
3.75964
3.49585
2.92008
4.04810
2.96136
4.20539
3.81552
4.09173
3.26089
3.86627
3.86899
3.86427
3.85729
3.12947
4.32755
3.61713
4.01972
3.49520
3.29816
4.17993
3.77404
4.07197
4.10116
3.80167
4.29842
3.72255
4.06774
4.20486
3.51151
3.71012
3.98583
3.92945
4.38387
3.82862
4.28491
3.83863
4.14784
4.20273
4.20205
4.36571
4.19477
3.18919
4.36380
4.42107
3.24509
4.16256
3.97871
2.53176
4.25997
4.31996
4.03910
4.03291
4.19808
4.17318
2.83995
4.08067
4.09256
3.75904
4.28809
4.15032
3.32268
3.54405
4.20897
4.09168
4.37607
3.73095
3.62255
4.23414
4.26622
3.99813
4.12789
4.34342
3.66529
4.03378
4.09010
3.79107
3.64976
3.97028
4.31198
3.83720
3.79007
4.19724
4.09830
3.75237
4.21216
4.11814
4.02422
3.52499
2.46249
3.80385
3.76010
4.06362
4.02779
4.19475
3.55454
4.27929
4.28079
3.98956
4.04634
3.80764
4.15117
3.84225
3.62103
3.63646
3.72398
3.16923
4.25185
3.93190
4.19409
3.21352
3.87169
4.10070
4.11856
4.35594
4.09742
4.00329
3.89685
3.96772
4.10030
4.12933
4.21808
3.70544
4.09057
4.07668
4.06677
4.23823
3.43202
3.46172
3.97009
3.88776
3.96513
4.31734
4.37953
3.16549
3.60726
3.90771
2.92609
3.99605
1.79880
1.60750
4.19456
3.96734
4.16708
3.52894
3.60964
3.53311
3.90878
2.52060
4.06830
4.25383
4.25774
3.88508
4.15610
4.08502
4.34666
4.02592
3.11407
3.75597
3.90313
3.49530
3.88868
4.19712
4.34911
2.50740
3.56521
4.36251
4.31894
2.42681
2.11949
3.57637
4.09293
3.75557
4.25956
4.05954
3.10085
4.29911
4.32955
4.18020
4.38759
4.01842
2.64836
4.18494
3.89489
4.17622
4.21811
4.17794
3.07695
4.30805
4.05428
3.44747
4.22778
3.61711
3.93676
3.83054
3.77458
4.22546
3.08814
3.66234
2.25844
3.79515
3.33625
3.65537
3.97579
3.70734
3.46120
4.13691
4.13866
2.60572
4.05334
2.28517
4.01995
4.07968
3.97348
3.03394
4.24533
4.41988
4.15270
4.29205
3.72648
3.44876
2.61229
4.16024
4.34554
4.29354
4.20474
3.62713
3.73357
4.09230
3.94336
3.37330
2.54823
3.84720
3.83769
3.74760
4.27858
2.56218
3.55205
4.25060
4.02607
2.05840
4.37781
3.70113
3.54309
2.26403
3.98233
2.40856
3.90480
3.96840
4.19460
3.58717
4.40228
4.20611
3.64243
3.92101
4.07543
3.02519
4.30818
3.67535
3.98481
3.99973
4.26614
3.89342
3.30102
3.89252
3.48488
3.90194
4.08276
4.40247
4.27669
4.01661
4.19360
4.34476
3.99227
3.49159
4.12823
4.28568
4.00914
4.23074
4.16425
4.05672
3.74531
4.11999
4.33326
3.99664
3.70853
4.33918
4.37314
4.35534
4.20226
3.97025
4.23293
3.88168
4.06655
4.25876
3.74149
4.05339
4.32112
3.71115
4.03289
4.24469
4.01134
3.55323
4.00135
4.34708
3.47509
4.13921
3.40116
4.17880
4.12851
4.12739
3.69364
4.32081
4.22433
2.77949
4.07560
4.20666
2.35747
4.24909
3.72195
4.12302
3.13710
3.79350
3.20365
3.72032
3.74354
4.27607
4.31772
2.98860
3.78746
4.01019
4.16132
4.18060
4.29965
4.03113
3.92449
4.00368
4.25759
4.06400
3.74689
4.00543
3.92044
3.79515
3.70926
3.98997
2.04107
3.80617
4.27925
3.78171
3.77367
4.10962
3.93981
2.52123
3.58415
3.99781
4.01063
3.76387
3.84075
3.89643
4.22324
4.30229
3.88961
4.14856
4.16641
2.63590
4.39809
3.47921
4.32172
3.41898
4.16637
2.91019
3.49377
3.73220
3.62164
4.24984
4.07961
3.93754
4.21595
4.38299
3.93959
4.02429
4.19616
3.68403
2.64250
4.01700
4.04237
4.15402
4.19427
3.97235
4.23692
4.18287
4.00059
3.19147
3.93365
1.91237
3.21336
4.10044
3.02995
4.00956
4.22812
3.22484
4.29495
4.27210
3.81920
3.77173
3.98348
3.96628
2.72217
4.14893
4.25648
2.22275
2.73318
3.81513
4.23493
4.05301
4.06018
4.37200
4.11944
4.00653
3.88940
3.25390
3.73405
4.34632
4.08038
4.01664
3.95942
3.89486
3.78973
2.95386
4.31470
4.25814
4.23117
4.04144
4.24902
4.20878
3.91263
4.27826
3.64354
3.82509
4.05774
3.83293
4.41712
3.70506
4.14471
2.06571
4.03028
4.25574
3.84757
4.15757
4.11062
4.14922
4.24603
4.07481
3.40287
4.00128
4.09082
4.25744
3.88485
4.05481
4.31126
4.06628
3.78063
3.96745
3.96289
3.90879
4.31173
3.83946
2.35214
4.02931
4.09167
3.29216
3.92190
4.21455
4.08030
4.19755
4.11141
4.08521
4.20610
4.25495
3.61553
3.89304
4.28697
4.29056
4.23596
4.32015
4.17390
3.77682
3.23441
4.07019
3.74571
4.11018
4.37150
4.25750
4.18554
4.25399
3.83748
4.15790
4.26320
4.04848
4.17515
4.13928
3.62409
3.95136
4.33408
3.96492
2.69372
4.07695
4.22912
4.11498
3.00822
3.96252
3.71355
4.11823
4.02658
4.26749
4.29893
3.79934
3.97105
4.25185
4.32203
4.21641
3.58754
4.27279
3.84313
4.02195
3.92040
4.07993
4.10603
3.13514
4.22718
4.11024
3.38930
3.69727
4.18453
4.29993
4.20741
4.17763
4.24967
4.40201
3.84139
4.18684
4.08722
4.29587
3.44747
3.75210
4.00231
4.27290
4.33254
3.75937
4.28636
4.25200
3.91013
4.00502
4.30958
4.11286
4.14888
3.57697
4.37125
4.04137
3.86115
3.96998
4.34820
2.11703
3.86736
4.21262
3.85782
4.26224
4.28292
4.34256
4.06928
4.16713
4.35222
4.27773
2.75510
4.17136
4.33939
3.76309
3.98707
3.47048
4.05247
3.58009
4.18044
4.27482
4.16415
3.95912
4.30189
4.08721
4.20845
3.89886
3.88348
3.86556
2.71229
2.90011
4.34769
4.20592
3.70761
3.74206
4.23745
3.38796
2.19269
4.05723
2.30427
3.71177
4.09857
3.71630
3.98466
3.65787
3.83555
3.79665
4.18669
4.36004
3.61429
4.00398
4.10736
2.77938
4.23698
3.84361
4.14726
3.58801
3.40422
3.72329
3.24183
4.33458
4.15514
3.92758
4.12123
3.46006
4.20079
3.86303
3.98026
2.67550
3.72378
3.56671
2.08141
3.85719
3.23736
2.79118
3.64760
4.17886
3.75704
4.21255
4.02646
4.15431
3.86811
3.62302
2.14237
2.77015
4.09623
3.95622
4.13376
4.20093
3.60495
3.78518
3.64162
4.10480
2.73405
3.85776
4.16316
3.98157
4.09987
4.05256
3.64238
4.22566
4.24349
3.84849
3.33740
3.94437
3.02372
3.63689
3.44615
3.89322
3.93233
4.18551
2.78985
4.02223
4.09969
4.05061
4.29954
4.28496
2.96437
2.44300
4.12998
3.68501
3.82129
3.88945
3.89412
4.29830
1.33149
2.11672
3.88718
4.32017
4.09095
4.13802
4.28508
3.22486
4.06446
4.23300
3.86935
4.28497
4.25566
4.29013
4.12291
4.15898
4.03455
4.28513
4.11960
2.49263
3.97874
4.13443
4.00480
2.41350
3.56621
3.98487
2.24585
3.15714
4.14093
3.63547
4.07899
4.20335
4.28939
4.24277
3.74745
4.07821
4.20593
3.78009
4.20232
3.51592
4.32737
3.30857
3.37801
4.20682
2.75056
4.14004
3.74761
4.19479
4.21846
4.04285
4.05845
3.62225
4.14602
3.46353
4.18337
4.20401
3.45013
4.08745
4.13356
4.31072
4.23825
3.89732
4.03481
4.21839
4.24270
4.09739
3.95707
3.68900
3.80835
3.76652
4.21964
4.03241
4.21039
3.52991
3.92405
3.77674
4.02157
3.92930
3.69237
4.10845
4.19295
4.21854
4.16458
3.89922
3.80741
3.98231
3.24203
3.58867
2.76120
3.75279
4.11079
4.08001
4.33183
4.12207
4.25615
4.12399
4.18032
3.78046
2.86332
4.13986
3.83417
3.98342
3.78269
3.99569
4.24263
3.87139
4.29875
2.44643
2.72607
4.30420
3.53683
3.90179
3.84224
3.91543
4.12858
4.20858
4.36983
4.05819
4.21922
3.59425
3.52060
4.06703
2.66908
3.92165
4.06354
4.15592
4.27318
3.91416
4.08998
4.30707
4.18442
3.86015
3.68270
3.38061
4.17252
4.23382
3.87328
4.25157
3.07065
4.15414
4.06481
3.29548
4.14150
4.27295
3.85843
3.02891
4.05716
4.23957
4.24323
3.74736
4.10317
3.99592
4.38331
4.18337
2.88611
4.12229
3.05355
2.50188
3.97235
3.82668
3.57798
2.21240
3.78888
4.23739
3.95851
2.46654
4.40247
3.96845
3.34778
4.26793
4.22700
4.21474
3.96975
3.81722
3.65636
3.92779
4.13340
4.18169
4.35559
4.19569
3.13336
4.18820
3.74447
4.31066
4.33395
3.77974
2.56754
4.21278
3.96390
4.03533
4.00732
3.76545
3.82601
3.99817
2.16364
4.03515
3.73278
3.89933
4.19740
4.11274
4.16664
4.03201
3.90648
2.25200
3.73096
4.08681
2.51067
3.32541
4.25520
3.95271
4.25381
3.81665
4.15786
4.23962
3.79472
3.21645
4.31458
4.11743
4.07007
4.10316
4.32057
4.17362
4.33009
4.13418
2.56937
4.12943
3.86946
3.68421
4.10573
4.18992
3.80093
4.02082
4.04539
3.92691
4.25181
3.97039
3.93779
4.11882
3.81565
3.95512
3.50628
4.04168
4.10105
4.25062
3.96239
3.91920
4.25264
1.68176
4.35358
4.00322
3.88103
4.18511
4.34164
4.28782
4.16477
4.33098
3.28605
3.82755
4.18891
4.03453
3.64320
3.45116
4.30253
3.41182
4.03386
4.38786
4.09939
3.79273
4.33232
3.91412
4.02070
3.22689
3.08146
4.18749
3.95530
3.88547
1.08021
3.99317
3.97033
2.62268
4.05648
3.58984
3.70253
3.22830
4.31719
2.59470
3.78876
3.61715
4.30042
4.35022
3.60182
3.35218
4.20215
4.30989
3.66665
4.11787
3.61317
4.24575
4.40405
3.92058
4.21875
4.06730
3.98817
1.95078
3.89536
4.22085
3.92485
3.90346
3.76301
4.17043
4.01283
3.61785
2.83737
4.22478
4.28729
4.08738
4.23888
4.04694
4.15785
4.09294
3.98646
3.67166
3.31037
4.36643
4.04397
4.31383
2.85538
3.93232
3.41675
3.51807
4.42995
3.73752
4.35856
4.32008
4.02351
3.90206
3.57282
4.28278
4.24239
4.03414
1.81330
3.71473
4.17438
4.19401
3.94024
4.17102
3.49222
3.83384
4.18318
4.06473
4.10371
2.19887
3.99280
3.99284
3.93343
4.07149
3.99145
4.20417
4.02031
3.63124
4.39818
3.28336
4.19654
3.78758
4.46293
3.70323
4.28638
3.39489
3.78144
3.67421
2.61715
4.16272
3.87941
3.23137
1.92977
2.26230
2.45603
4.08233
4.37258
3.95001
4.20230
4.35827
3.79503
3.76827
2.49726
3.65858
2.23525
3.84797
4.12698
4.05444
4.13786
4.07978
3.98297
3.76416
3.91011
4.04917
4.33818
3.26026
3.09527
4.16799
4.34449
3.48873
4.26883
3.99283
3.86091
4.40477
4.22383
3.98246
3.69665
3.51484
3.10996
3.89151
4.27147
3.84722
4.24470
4.34349
3.60403
4.16925
4.23465
4.16697
4.20437
2.61945
3.88725
3.56147
4.14377
4.07022
4.31477
4.35410
4.11458
3.82835
3.53374
3.82739
4.27654
3.15421
3.83716
4.25253
4.26360
4.14666
4.28436
2.93151
4.04728
3.79663
3.41441
3.80312
4.39566
3.57009
4.12186
2.39946
4.10740
2.58038
4.02598
4.28525
4.04849
4.04435
4.12734
3.95885
4.13783
3.94375
3.86521
3.94329
3.86726
4.10750
3.88943
4.23965
4.06357
4.19984
4.24766
4.19985
2.41387
4.25638
4.20415
3.11935
2.96655
4.12672
4.25459
4.05698
4.26767
4.21048
3.66383
4.45179
2.69599
4.03207
4.17827
4.34133
3.77799
4.09376
3.89614
4.05128
3.54973
3.24820
3.91850
2.43555
3.88448
4.25082
4.33136
1.93037
4.41905
4.20368
3.55953
3.83091
4.15402
4.13043
2.48683
4.02812
4.30952
4.13293
4.35896
1.43602
4.13207
1.49244
3.55495
3.73655
4.07242
3.27416
4.23601
3.84721
4.18648
3.06512
2.59036
4.19108
4.09141
2.75207
2.12180
3.30262
3.76718
2.68920
4.14452
3.17571
4.06936
4.21687
3.29843
4.15744
3.58591
4.44994
3.71848
4.06735
4.32811
3.80926
3.84021
4.15989
3.97444
4.37939
3.15067
2.97815
4.21866
3.95388
4.23271
3.63324
3.92882
4.22035
4.21579
4.21811
4.12083
4.17886
3.83594
3.33255
3.70446
3.65113
2.33246
3.94072
3.91100
4.13807
4.05121
3.80935
4.26062
3.79006
4.24010
3.95137
3.89537
4.17778
3.78507
4.07119
3.70844
4.13992
4.05184
4.25225
3.92511
2.76977
3.68632
3.81393
4.02686
3.30606
1.63877
3.72810
4.26118
4.17644
3.62998
4.08092
4.24845
3.88048
3.66933
3.64748
3.95986
1.89162
4.33734
4.20691
4.16487
3.99814
4.18401
2.66243
3.97102
4.34200
4.26663
3.79398
4.20706
3.82244
2.53250
4.29942
3.95069
3.62750
3.96319
4.18339
3.27177
4.21131
3.87502
3.63509
3.57152
3.86268
3.22074
4.02315
3.95959
4.33302
3.94340
2.98585
3.29890
3.21960
4.39524
2.94636
4.21125
4.17772
4.31598
2.74866
3.79247
4.04610
4.24898
3.30589
3.88170
4.21874
4.17624
3.68130
4.07833
3.83513
3.92508
3.75193
3.57870
2.84196
4.20180
2.99315
3.42975
2.87920
4.15863
4.09198
4.32274
3.98675
4.20504
4.29663
4.26637
3.30714
3.90282
3.10160
4.24487
4.39936
3.85527
4.31783
3.78187
4.26765
4.15853
3.81000
4.28225
3.14905
3.72253
3.22200
3.85669
4.14202
3.82542
4.42147
4.24866
3.88355
4.30658
3.58777
4.39039
4.25685
3.76416
1.84591
4.40523
4.03319
4.10728
4.20322
4.31895
3.47472
3.87819
4.11569
4.05855
2.63116
3.79090
4.04988
3.68518
3.90398
4.26735
3.73460
4.09358
3.19089
4.16535
3.76858
3.12815
4.00396
3.79450
3.45813
3.33070
3.91900
3.79920
1.58631
3.64447
3.45867
4.25540
4.11369
3.85602
4.20599
4.09597
3.24649
4.27441
2.61312
2.77102
4.02371
3.30324
3.97150
3.72298
2.56480
4.29265
4.21830
3.88693
3.07920
3.88994
4.03493
2.71620
2.65542
3.14153
3.54988
4.13160
4.13922
3.37006
4.08064
4.24991
3.78991
3.97389
4.33361
4.20483
3.91847
3.82755
3.34918
4.24297
3.71848
4.28880
3.40110
2.51141
4.31631
2.66564
4.08566
4.19325
4.01501
2.89947
1.76714
4.34408
4.10404
2.97608
1.78766
3.51945
2.71380
4.29922
4.00934
4.15111
3.72185
4.15485
4.02712
3.22765
3.91136
3.99770
3.17450
3.99530
4.22080
4.26548
4.40392
3.65860
3.76889
4.00824
3.70565
3.80650
4.11300
3.89665
3.81778
3.90623
3.33643
4.18981
4.06798
4.36512
4.30861
3.61707
3.99614
4.22881
4.20932
3.41886
3.97523
3.51300
4.29294
3.84501
4.05954
4.22434
3.64539
4.21853
4.21924
4.14393
4.30751
3.46191
3.59994
4.19671
4.01440
4.14167
4.36501
4.23324
3.92941
3.81402
3.74268
4.05630
4.09382
3.64855
4.33577
3.73017
3.63148
3.39530
4.17536
3.89062
4.06541
3.90254
4.23333
4.28694
3.00219
4.24441
4.18445
4.10504
4.26714
4.22376
3.98884
4.21242
3.64684
4.37215
4.05808
3.85844
2.39510
4.33221
4.03732
4.11767
3.31124
4.06529
4.20006
3.36946
3.83373
3.77977
4.02318
4.05420
3.84470
3.96993
3.80184
4.16315
4.25884
3.92699
4.22186
4.05100
4.05704
2.40033
3.97277
3.99059
4.15251
4.02054
2.09847
4.01201
4.22368
4.29841
4.19968
4.17125
4.04020
4.27373
3.90133
4.03622
3.52832
3.66506
3.47798
2.32400
2.88104
3.71844
4.28596
4.24802
2.60421
4.21599
4.28395
3.71817
4.13642
4.17251
2.65012
3.89041
4.34849
3.34639
4.00660
3.19522
4.32681
4.06539
4.09600
3.94824
3.68585
4.20941
3.51576
4.10720
4.33228
4.32898
3.90174
4.29190
4.16681
3.55135
2.78986
4.26789
3.57026
2.89498
4.34287
4.25729
1.76528
3.85297
4.26120
4.12366
4.13263
3.39914
3.66153
3.66620
4.07799
4.11773
4.19499
2.64476
3.70467
3.90459
3.99423
4.21489
3.35099
3.19561
4.38637
4.22381
4.05796
4.06699
3.93734
3.99779
4.23907
4.25125
3.40700
3.93892
3.40175
2.15499
4.16709
4.24613
4.24106
3.94172
3.59867
2.24075
4.17208
4.16597
4.03009
3.72548
3.41864
3.91280
2.91885
2.39304
3.67543
3.18672
3.91198
4.10642
2.57920
4.12277
4.19312
4.34427
4.08887
3.71073
3.02185
4.23057
3.23792
3.94679
3.76298
3.50521
3.48955
4.01389
4.03957
3.66183
3.91468
3.57237
4.29449
3.68060
3.69854
3.81093
2.80144
3.91095
3.83221
4.15261
4.10440
4.34835
4.31353
3.66928
2.62344
3.64678
3.96458
3.98868
2.60855
4.14296
4.08058
4.26451
3.43863
4.32043
4.00845
4.19237
3.87649
4.20343
3.51048
4.10689
3.69375
4.26826
3.97046
4.39926
4.16419
3.86016
4.15317
3.97056
3.93792
3.80485
4.32701
4.20524
4.08572
4.36100
4.21164
3.98671
2.91146
4.31161
3.75453
2.93565
3.75060
3.80111
4.14260
4.40136
3.95689
4.21678
4.15022
4.00904
4.12135
4.08867
3.50898
3.83341
3.91204
4.07423
4.36571
3.68371
4.13949
3.56837
2.83917
3.61761
3.95156
4.23144
3.80707
3.65840
4.33812
3.88715
2.87006
4.32957
3.95274
3.88055
1.71832
4.17529
3.54927
3.65710
4.02368
2.87796
3.83759
3.77725
3.82710
2.06470
4.02396
4.33377
3.69404
4.15696
4.18880
3.88668
4.35976
3.17192
4.21039
4.01801
3.89870
3.49018
4.26218
3.85494
4.12587
3.88816
3.90751
3.39556
3.97624
4.07669
4.17684
3.80484
3.44105
4.23478
4.35866
3.87615
2.41609
4.10843
4.25649
1.50789
4.30238
2.75276
3.78334
2.59797
3.47899
4.04850
4.15792
4.24541
2.99077
4.18176
4.13836
4.06889
3.87046
2.93075
3.66281
2.55523
4.23248
4.35273
3.83101
3.89394
4.16901
4.04936
3.73445
4.23636
3.19520
3.01484
3.11313
3.62227
4.33515
4.16465
4.02007
4.38462
3.46107
4.23616
4.05641
3.25430
3.95916
4.17932
4.16303
3.74366
3.86780
3.93150
4.07696
4.19899
4.22367
4.27967
3.73505
4.33293
4.27920
3.46745
4.24337
3.99781
4.25407
3.99522
3.95298
4.01942
3.98358
3.84168
4.19176
3.78541
4.02449
4.10507
3.36668
3.95340
4.06120
2.68118
2.96510
4.03485
3.33883
4.21604
4.07376
4.17932
2.62594
3.95745
3.06293
4.01383
3.94194
3.32121
3.65133
3.98957
3.80069
4.15374
2.74592
2.46475
4.00158
4.27099
4.01561
3.54673
3.96768
3.41056
3.57201
3.96646
3.74272
3.57678
4.00706
4.16107
4.14824
4.35202
4.17906
3.23637
2.42499
3.83048
3.71610
4.16314
4.20072
4.15204
3.90357
4.03949
3.94832
3.32373
4.15238
3.91772
3.42247
3.95949
4.37974
4.12025
2.70260
4.10516
3.28728
4.27260
3.96788
3.06059
4.16821
3.59254
4.13968
4.17802
3.76270
2.91438
3.94186
3.83518
4.21478
3.88244
3.90689
4.33922
4.00861
4.24790
3.70734
4.14633
4.15881
4.25726
4.03728
3.89443
4.18295
3.76699
3.93686
4.16311
3.82297
3.99452
4.33206
4.23249
3.95539
4.09794
4.10276
3.80239
3.98909
4.00716
4.08725
4.28976
3.65529
3.72084
4.17649
3.62141
2.71239
3.99337
4.22529
3.59933
4.11424
4.08145
2.95606
3.99320
3.47388
4.18353
4.06617
3.41890
3.07029
3.76055
4.01118
2.84870
4.21425
3.85334
4.35958
3.29992
3.64005
4.02572
4.29779
4.09793
4.33207
4.40052
4.21383
3.66799
4.15203
3.99474
4.06172
4.14799
4.36360
4.06603
3.64677
4.22139
3.52094
3.91197
2.56318
4.12914
3.72197
3.89232
4.03695
3.27635
3.94547
3.81085
3.95286
2.87721
4.16612
4.21121
2.63382
3.56453
4.38140
3.96904
4.24946
4.33329
4.10684
4.24730
4.10001
4.14113
4.18653
3.55610
3.60089
3.67726
3.94778
4.07649
4.12045
4.06392
3.70565
3.71111
3.08009
4.31663
3.97237
4.21362
2.75676
4.20055
3.71223
3.92337
4.18263
4.06826
4.22342
4.12043
3.45408
3.69996
2.23251
3.63336
3.31250
3.03541
4.17007
4.02965
3.28850
4.20654
4.29991
4.27422
3.47562
4.28175
3.62764
4.12749
3.96772
2.76014
4.19537
4.23594
4.21455
3.88666
4.10333
3.79285
4.28271
4.33883
3.94719
2.42283
3.63424
3.44914
2.89740
3.55008
4.30099
4.00959
3.90517
3.90788
3.81094
2.80491
3.63466
4.14360
4.18134
3.45226
4.25329
3.69929
3.71731
4.25584
4.02051
3.95899
3.94149
4.13028
4.14298
3.12161
4.07281
4.19723
1.70648
4.26735
3.98007
4.09694
4.39160
3.60703
4.22973
4.00309
3.85635
4.12649
3.66672
4.36653
4.36207
3.86850
4.08028
4.01543
4.16366
4.16572
3.98859
4.17360
3.73493
4.24446
4.28809
4.26993
3.74921
3.70277
4.18266
4.32050
4.33334
4.42709
2.68986
4.36242
4.25107
4.24311
4.25000
3.89604
4.29628
4.21083
4.22225
4.06764
2.01265
4.07711
3.84621
3.40687
3.31467
4.03688
3.85819
4.17899
4.27399
4.02272
3.30452
3.98834
3.64314
4.29772
3.44437
4.04068
4.25990
4.24288
3.12606
4.25187
3.80413
3.72334
3.90719
3.36178
3.92080
3.84322
4.21027
2.56687
2.03300
3.18485
3.97777
4.19108
2.92299
4.14154
4.20008
4.34790
4.08121
4.19670
4.07979
4.10418
4.13292
3.44928
3.32408
4.06827
4.20461
4.35130
4.32206
4.35498
3.81344
4.15632
3.58017
4.36365
4.20019
4.14826
3.02826
3.74198
3.14791
3.72365
4.10186
3.66304
3.93745
3.82520
4.14259
4.29424
3.61983
3.96370
4.27955
4.26759
4.10335
4.01642
3.62035
3.68532
4.30222
3.75624
3.44331
4.01583
4.13694
4.24779
4.04833
2.89121
4.16786
4.12371
2.99584
4.05230
4.14583
3.38842
4.44597
3.85407
4.15506
4.23904
4.25182
4.21251
3.98274
3.99322
3.39277
4.22337
3.41552
4.31140
3.59550
3.42979
2.72673
3.85442
4.07918
4.28994
4.07877
4.27947
2.83941
4.33388
4.34140
3.93058
3.93791
3.58652
2.47393
3.50278
4.30044
4.32537
4.12659
3.94085
4.12296
3.92811
2.61526
4.26292
4.04377
2.03689
4.08332
4.10047
4.30903
4.29117
4.03919
4.12948
3.58692
3.90979
3.75047
3.68718
4.12484
4.08732
3.82413
3.53118
4.19486
4.39503
3.07296
3.72901
3.75014
3.83578
4.20086
4.15677
3.74796
4.27349
3.61161
3.84263
3.72322
4.37564
4.23381
4.02236
4.34626
4.19017
3.62529
3.96875
3.79048
3.28038
3.72548
4.26156
4.07016
3.90949
4.25695
4.21393
4.21180
3.82266
4.17712
4.05818
4.01149
3.98548
3.46822
3.73491
3.85003
3.91746
4.34113
2.99758
3.81013
4.31106
3.49683
3.11820
3.61866
1.99047
4.21876
4.29294
4.28197
4.21627
4.05982
3.15287
4.20790
4.17240
4.11275
3.56226
4.26999
3.60466
4.11901
3.79231
3.31920
4.04952
4.28989
2.55283
3.82365
4.03962
2.09488
4.05220
3.44841
4.32422
4.13524
2.49412
4.33156
4.10878
2.01859
4.32011
3.40301
3.87518
3.23415
2.86438
3.51767
4.29715
4.17041
4.22170
4.02765
4.03341
4.18397
2.67386
2.07817
4.14646
4.35500
3.43745
2.42635
4.03897
3.73876
3.27749
3.84772
3.68208
2.87750
4.26224
4.11826
3.03929
4.17844
4.26553
3.52094
4.11338
3.94189
4.14954
4.20785
3.96549
2.40759
4.25112
4.00050
4.21919
4.18599
4.24856
4.15706
4.21924
3.01873
4.25642
4.27753
3.95409
4.01078
4.05176
4.05515
3.88936
3.99355
4.31505
3.29073
4.34238
4.20003
4.01430
3.93431
4.11503
3.62668
4.30992
3.93328
4.02009
4.04456
3.81103
4.34030
4.37139
1.84614
4.13649
3.68519
4.17873
4.42891
3.79709
4.24011
4.30734
4.26791
4.17933
2.38213
4.05793
3.45189
3.74313
4.07993
4.33515
4.41850
4.26131
3.56909
3.97992
4.32525
4.34312
3.71380
4.16006
2.78079
4.19693
3.82120
4.27135
1.70542
4.16827
4.40565
3.67229
2.71912
3.28502
1.35876
2.38602
4.29762
4.22741
4.27192
4.10358
4.33465
2.61227
3.67116
3.40106
3.97007
4.04692
3.67299
4.05185
4.05346
3.75459
4.35880
4.38224
4.25747
3.80281
3.89062
4.18793
3.71139
4.31622
4.05744
3.41200
4.31421
4.23055
4.06957
4.30291
3.94849
3.66402
4.00530
3.29799
3.62989
4.23454
3.81377
3.80646
4.02148
3.74670
3.25709
3.91250
3.97614
4.42322
4.20098
4.32098
3.82097
4.32094
3.89148
3.78359
4.20111
4.30473
4.27712
4.36455
4.03132
3.69408
3.23319
4.05007
4.09547
3.20538
3.81585
4.32446
2.13760
4.42179
3.66491
4.33717
4.25064
4.17405
3.55390
4.28517
4.12353
3.88778
4.24147
4.30792
4.08870
3.33072
3.67080
3.30261
4.26715
3.49779
4.25552
3.91306
2.54914
4.35501
4.00147
3.90015
3.90999
4.29349
3.52291
3.74144
4.11583
4.21815
3.91970
3.88418
4.20869
3.62564
4.17195
4.25835
2.54340
3.68913
4.26799
4.27969
3.63349
3.81887
4.25333
4.23319
4.01169
2.58504
4.13529
4.33264
3.40262
4.27228
3.99845
2.78704
4.33966
4.38297
4.24076
3.29821
4.14227
4.25054
4.11462
3.97420
3.86269
4.23782
3.70623
3.97899
3.94737
3.86116
4.06444
4.20124
3.97175
3.57506
4.32898
4.07476
4.08320
4.33410
3.98338
3.90418
4.12376
2.84702
3.81848
4.32675
4.02343
3.93655
4.28427
3.33589
3.70486
4.33337
3.79357
2.68298
3.86018
4.13219
4.09417
4.11066
3.98581
4.08909
3.43267
4.04418
2.95966
4.19495
3.65445
4.15656
2.34291
3.76312
4.31050
4.26683
4.06974
3.93219
3.41035
4.08833
4.20182
1.92539
3.67535
4.12727
3.64622
4.02181
3.49380
3.29524
3.97589
4.05241
3.66465
4.16196
3.96420
4.23955
4.15729
3.90378
4.26569
4.30465
3.90899
4.19248
4.08350
3.99551
4.05931
4.24670
3.76993
3.50009
3.94704
3.56810
4.29173
4.09670
3.91012
3.88807
3.99641
3.75751
3.81808
4.06843
4.31694
4.19420
4.06285
3.20019
3.84828
2.03347
3.60717
2.20473
4.22231
4.23232
4.20036
2.97935
3.93417
3.88066
1.56337
4.16369
4.14880
3.84123
4.13730
4.15395
4.13972
2.87563
4.08808
4.16452
4.13336
3.50468
3.71469
3.89408
4.08743
4.31780
3.78072
4.05509
3.99298
3.98125
4.23040
4.05932
3.74361
4.21062
4.24014
4.30465
3.04823
3.76488
4.26525
4.10556
3.97675
4.29071
4.06962
4.35141
3.55838
4.33852
4.09125
4.15509
3.99980
3.61382
4.24977
4.39947
3.76374
3.87143
4.08810
3.75777
4.08023
4.08773
3.67987
4.04185
4.39326
4.14221
3.77574
4.33719
3.95940
3.84175
3.79222
2.01293
4.17118
4.16625
3.97115
2.47150
2.74310
4.09343
4.31977
3.94728
4.20082
3.37578
1.92343
3.47789
4.18172
2.52792
3.94539
4.21129
3.70605
4.11770
3.97281
4.08866
3.44997
3.37896
3.91243
4.26998
3.95287
3.34354
3.91150
4.20058
4.30531
2.75106
3.93972
3.40466
4.36969
4.18265
4.20612
3.88779
4.25492
3.88452
4.04379
4.18191
4.19912
3.76818
4.07213
4.01629
4.06380
4.16806
2.81624
4.23957
3.82776
4.23466
3.68339
3.84715
3.20307
4.29831
4.27129
4.26090
4.11644
4.18412
3.80015
4.11700
3.87265
3.82184
3.93358
3.93417
4.12673
3.16522
3.79264
4.25200
4.27111
4.25728
4.22804
4.11078
4.41087
4.09578
3.88625
4.19017
4.19043
4.24340
4.28878
4.30390
4.20190
3.95745
3.78838
2.20126
4.35192
3.95931
3.82959
2.71525
3.53996
3.87608
3.82565
3.14014
4.06945
4.22872
3.45098
3.97123
3.66825
4.30181
3.46714
4.11788
3.78262
3.60582
3.04935
4.02545
3.13643
4.13754
3.88515
3.83901
3.87544
4.32982
4.43383
4.38764
3.53037
4.26194
3.73734
4.30053
3.47556
4.05988
2.03413
4.06943
4.05896
4.11487
3.87245
2.81246
3.91496
4.04830
4.08107
3.31852
4.15652
4.10404
4.24704
4.11107
4.06912
3.31921
4.05969
4.15594
4.31785
3.56984
2.80979
3.21282
3.85127
3.85015
3.71426
4.08775
4.10226
4.00209
4.25233
2.20453
4.23611
3.70175
3.20170
4.11142
4.17858
4.18137
3.87135
4.13410
4.03072
3.95548
4.19974
3.59829
2.26092
3.10384
3.73515
4.37842
4.08847
4.28588
4.06763
4.19871
4.28160
2.56671
3.90081
4.29163
3.97812
2.85334
3.33018
4.21114
3.89413
3.59754
2.71073
4.39694
4.26404
3.85943
3.58597
4.36073
3.80380
4.09106
3.74476
4.12181
4.21694
3.33357
4.20711
3.84838
4.26182
4.18322
4.16356
3.74247
4.08024
4.30805
4.19836
3.23205
4.18079
4.04766
4.35399
4.16753
3.60442
4.20725
3.96923
3.79381
3.94619
4.07683
4.38580
4.25136
3.75156
2.00803
3.98361
4.05856
2.88458
4.12504
4.09020
2.69554
3.96164
1.96636
3.98906
3.11764
4.18371
3.76250
4.08500
4.30965
3.23348
3.67320
3.88851
4.35986
3.58338
2.63475
4.00526
3.65577
4.35182
3.34503
3.97320
4.03824
4.28234
4.02756
4.17342
4.14412
4.17403
3.95618
2.25631
3.45103
3.82760
3.80095
3.72857
4.26966
4.08221
4.01981
3.93865
2.19738
4.37064
4.30746
4.23137
4.32325
4.38037
3.92199
3.80577
4.05360
4.15616
4.18964
3.77966
3.74182
4.26965
2.15080
4.31977
4.33094
2.39648
4.20410
3.26626
3.96258
4.19933
3.32713
3.90896
3.66647
3.85667
3.04048
3.98308
3.21348
3.68636
3.52885
3.67357
2.88926
3.48141
3.75849
4.33259
3.68373
4.30425
4.09148
4.12133
4.04571
4.15362
2.66411
4.16271
4.03126
4.01438
4.25689
4.10374
4.31273
4.24540
2.12619
3.62218
3.63083
3.84762
4.18970
3.45646
4.00951
3.92032
3.39372
3.69530
2.57713
3.78294
3.91672
4.06181
3.56012
3.90688
4.14292
3.70396
1.90100
4.25283
3.92598
3.42090
4.25741
3.92901
4.25126
4.32101
3.81829
4.35152
3.35134
4.15448
3.37881
2.47841
3.56403
4.02335
2.55312
4.16084
4.21984
3.82551
4.22326
4.20363
3.86614
4.03709
3.81417
4.18988
4.13141
4.19228
4.23906
4.09894
4.22501
4.14005
4.06140
3.93625
3.66495
4.34103
4.28715
1.37226
4.30718
4.26755
4.03798
4.21511
3.99560
4.22313
3.76587
4.03374
3.97444
4.02869
4.01300
4.04443
3.91542
3.85057
3.10096
3.66319
3.92551
3.28273
3.40168
2.37556
4.08397
4.09047
4.01853
3.25743
4.08186
4.36550
4.25900
4.29347
3.84956
3.98681
4.35708
3.98743
3.76657
4.14172
4.40992
4.06732
3.73004
3.28277
3.57714
3.99531
2.28864
3.88745
4.00006
4.11629
4.30873
3.73466
3.73076
4.06592
4.27527
4.05022
3.20487
3.35823
4.15501
4.19823
4.20755
3.82558
4.11831
3.95336
4.12578
4.18192
2.55153
4.28104
3.70113
3.47622
3.35508
3.00645
2.72772
1.53279
3.88012
4.22884
4.18198
3.77955
4.01256
4.17187
2.70406
2.56379
4.08465
4.25416
3.91161
3.92030
4.19330
4.24404
3.09060
3.93389
4.21688
4.17972
4.32302
4.23081
3.88843
2.08813
3.59557
2.25005
4.13178
3.58197
4.34034
3.99622
3.37653
3.45700
4.29350
3.91652
4.37090
4.06806
4.17034
4.18701
3.21758
4.26133
3.85575
4.23129
3.96831
4.18338
2.00997
2.47819
4.09372
3.33364
4.04770
4.26140
3.32426
4.30313
4.08813
4.27903
4.38723
4.21929
4.09174
4.11392
3.85378
3.90381
3.57896
2.58129
4.26253
4.25340
4.16619
4.27684
4.25440
2.19360
3.08573
3.96788
3.74688
4.17986
3.81177
4.33657
3.40919
3.67991
3.56896
3.65576
2.25079
3.17032
4.26534
3.84840
3.00032
3.94814
4.01965
4.13330
4.18260
4.18353
3.62757
4.25791
2.17510
4.31250
4.11460
4.20914
3.85579
3.77749
4.28760
3.48974
3.21857
4.12782
4.30362
4.04582
4.30511
4.05233
3.30638
4.29798
4.31888
4.31222
3.99048
2.99172
3.85542
4.13943
4.08020
4.31324
2.40036
2.60964
4.17975
4.05394
3.60346
4.04418
4.16442
4.32615
3.20546
1.82612
4.24282
4.09182
3.95578
4.24676
4.15376
3.97682
4.40308
4.15914
4.15847
4.26894
4.10214
3.83944
4.14714
3.93152
4.14332
4.15758
3.71530
3.96192
3.72296
3.96815
3.40630
4.22954
4.30051
3.60531
4.17086
3.93959
3.69966
4.38694
4.26464
3.43373
3.99296
2.95573
4.14501
4.17311
4.25408
4.23740
3.92138
3.58617
3.27783
2.38547
4.14841
4.20078
4.32718
3.80074
4.25973
3.81023
4.45039
3.48488
3.68270
2.68103
4.40924
4.32822
3.90484
2.85759
4.00160
3.88432
4.29939
4.06128
2.14966
3.81976
3.76023
2.65150
4.32873
3.67709
4.34272
4.09424
4.39519
4.10238
3.93108
3.32430
2.65412
3.59273
4.11569
4.23108
3.60275
3.67500
3.89199
4.30687
4.41294
4.33873
3.99484
2.70748
3.63472
3.02685
2.26648
4.26075
3.05838
4.14138
4.11484
4.25505
3.91128
3.37930
3.69130
2.40097
3.71005
3.39122
4.14146
3.54972
3.94682
3.50946
2.56315
3.47150
4.19624
4.19043
4.07023
3.91674
3.76851
3.89188
3.19241
3.92204
4.11300
4.32425
4.11807
3.90993
4.31640
3.45846
3.03904
4.31790
4.15066
1.81850
4.20556
2.73904
4.20243
4.03868
3.37036
3.55809
4.04295
3.93863
4.26878
4.16603
3.89184
4.16054
3.85320
4.06857
3.23234
4.42908
4.26269
3.92966
3.95043
4.32750
4.23497
3.98812
4.33420
3.33387
4.38016
4.13703
4.16562
4.20156
4.14276
4.12007
4.06209
4.10478
3.62529
4.02959
4.20561
2.32196
4.19244
3.29746
4.03510
2.77615
3.62040
4.14511
3.99321
4.25880
4.05091
3.36837
3.92439
4.24241
4.25120
4.22610
3.73844
4.03818
3.31034
4.16641
3.79215
2.21555
3.69314
4.28664
2.57462
3.85777
4.26469
3.95923
2.94302
3.72673
4.17712
4.05701
3.69387
3.97919
3.56353
4.12972
3.72339
2.49398
4.30448
4.27774
4.16574
4.38171
4.28075
3.93927
4.05235
4.20705
4.18843
3.76657
3.81944
4.33014
3.69852
3.79626
4.05419
3.54505
3.80018
4.12827
4.37916
4.38428
4.10064
3.99693
4.22162
3.64506
4.42819
4.10263
3.65987
4.09953
3.88426
4.27214
4.06223
4.03892
4.03405
4.35807
3.76158
4.03511
2.62423
1.86856
4.01228
3.81329
4.22156
3.80313
4.06827
4.06758
4.07122
4.29517
4.09418
3.73779
3.99594
3.18415
4.18758
4.03005
3.52469
3.90185
3.98124
4.26243
3.80148
4.00998
4.36816
4.16305
3.98127
3.70315
4.15718
3.72493
4.10111
4.30090
4.18173
2.95672
4.31179
2.88749
3.96618
3.21130
3.96558
2.77308
2.90341
4.04277
4.08341
3.55256
3.35217
4.14326
4.09979
3.75945
3.52445
3.80865
4.35208
4.26513
4.25386
4.10863
3.91808
4.13925
4.26604
3.86976
3.92151
4.11764
4.25465
3.65571
3.72493
4.09065
2.53033
4.19801
4.18089
2.71634
4.14001
3.74290
1.72541
3.94853
2.99609
4.25301
3.57057
3.87626
3.30666
3.96734
3.25809
3.46613
3.85201
4.35208
4.24846
4.05289
2.60445
3.92726
4.07682
3.61447
4.14582
4.24574
3.76668
4.35826
3.73313
4.07071
3.98152
3.69249
3.89135
3.68133
4.27950
4.30351
3.39837
2.81370
4.20311
4.14583
4.29976
3.98487
3.50768
3.45733
2.02649
4.33173
3.42437
3.96408
3.91128
4.20165
4.22451
4.10733
4.14757
4.05179
3.65166
3.99357
3.75993
4.06027
4.08693
4.25145
2.15293
3.78079
4.13071
2.36332
4.39985
4.12655
4.24200
3.77569
4.12607
4.29803
4.20177
4.24664
4.04667
3.97939
4.00426
4.02694
3.98574
3.60919
4.21653
3.93413
4.18006
4.41586
4.38044
2.36950
3.97342
3.31526
4.41259
4.25319
3.65709
4.04660
3.80884
2.98151
4.33996
4.33915
3.76468
4.07741
3.89180
4.19190
4.20961
3.84384
4.28636
4.27230
3.99943
4.18055
3.14466
4.18129
2.58676
4.17622
4.02384
4.26060
3.53428
4.19278
3.83931
4.01472
4.29395
3.85643
4.29433
3.82960
3.55003
3.52186
3.89465
4.26068
4.20587
3.74271
4.04757
3.77977
3.65780
3.84442
2.56350
3.97951
4.12330
2.89388
4.10107
4.09904
3.81161
4.12803
3.56491
2.36651
4.42675
4.25941
3.54990
3.28635
3.08930
4.45272
4.14718
3.86589
3.93474
3.91376
4.18528
3.57177
4.03158
3.69382
3.72214
4.03889
2.67133
4.21106
4.27548
3.87834
4.12929
3.07512
3.93127
4.20219
3.81017
3.84799
3.89770
3.90208
4.26302
3.47810
4.04124
3.84690
3.59832
3.70470
2.69486
4.21346
3.06366
4.28951
2.76067
4.31291
3.84821
3.54308
3.85817
3.69608
3.88164
4.28300
4.29496
4.26256
4.21853
3.99067
2.72687
4.28947
3.27770
4.35470
4.08544
3.66754
4.27973
4.27736
3.88340
3.48469
4.07180
4.23391
4.06066
4.02086
4.11706
3.81636
4.25620
3.83605
4.11808
2.05291
4.08902
3.86117
3.29684
3.84695
3.80288
3.16758
3.79417
4.09480
4.10171
4.17805
2.66809
4.19639
4.28915
3.98274
4.21709
3.62228
4.32062
4.23277
3.60877
4.31794
3.03129
4.00508
4.08285
4.16996
2.18178
4.34361
3.88710
2.95417
4.00490
3.42978
3.93229
0.89600
2.94729
3.88428
4.12929
3.89371
4.30201
3.91718
3.67526
3.96467
4.29033
3.93866
3.97321
3.77216
3.76533
3.94937
3.83402
2.02934
3.86485
3.62393
4.27296
4.06576
3.83468
4.18876
3.50557
2.50708
4.14744
3.89629
3.29038
2.56520
1.99806
4.22126
4.20689
3.38359
4.20152
3.44072
3.50655
3.63482
4.31986
3.87900
3.98306
3.93074
2.51677
3.76188
3.94966
3.33894
3.47611
4.11546
3.75374
4.18588
3.94695
3.88023
4.31808
3.54244
3.16667
3.51595
3.49195
4.08345
4.21330
3.78710
3.86976
2.75497
3.90172
3.82444
3.62666
4.05194
4.13811
4.28169
3.31998
4.14150
4.06864
3.84953
3.29786
4.21608
2.56582
4.20476
2.85905
4.23067
3.01928
4.13522
3.94997
3.83478
2.33836
3.83522
4.29373
3.65852
3.07686
3.91691
3.60853
2.03815
4.37517
3.98296
3.25998
3.90348
3.38121
4.37520
4.04223
4.10647
3.53001
4.20841
4.26952
4.17872
3.92528
4.14475
2.27993
3.99752
3.79835
4.13860
4.17908
4.22098
3.51411
4.25995
3.47939
4.23229
3.15322
4.00499
4.34645
4.01853
2.98449
2.49336
3.47568
4.21437
3.96381
2.92498
2.80206
4.16715
3.93052
3.54456
4.38107
3.71776
4.20566
4.17528
4.04342
2.73238
3.90187
3.74663
3.71514
4.05803
4.24551
2.33470
4.03267
3.97387
4.10157
3.57225
4.00294
4.00655
3.88798
3.72615
4.17381
4.16477
3.26103
3.89925
4.02657
4.08124
1.54329
3.93623
4.18623
3.93785
3.53775
4.01883
4.20722
3.65158
3.52713
4.09714
3.40042
4.24338
3.85239
3.70610
4.23963
3.38433
3.64697
4.19726
4.04776
3.60172
3.57184
3.80040
4.29181
3.42443
3.11075
4.00381
3.16173
3.49932
3.74728
3.39716
3.49129
3.95797
3.97125
4.12102
4.32410
2.31342
4.31220
4.00008
4.12563
3.55161
3.83682
4.14939
4.11155
3.76787
4.00300
3.30718
4.25205
4.22130
2.98499
4.13824
4.31466
4.09191
4.10291
3.14260
4.06479
4.28979
3.19476
3.93686
3.94998
4.08091
1.98057
3.06663
1.74684
4.24831
2.83447
4.19238
4.14027
3.63515
4.25089
3.00524
4.10199
4.24010
3.84609
4.02911
4.34022
4.20855
3.60836
4.08000
4.00117
4.03179
4.29044
4.12105
3.90940
4.12968
3.76957
4.19177
3.71487
3.91528
3.99725
4.01939
4.28608
3.83891
4.27626
4.12362
4.00867
3.79162
4.15940
3.51442
3.82946
3.97018
3.78302
4.33506
3.80553
4.17517
3.41572
3.66350
4.10023
4.23176
1.76424
4.04696
4.10043
4.21987
3.78272
4.05554
4.13504
4.12395
3.86374
4.22627
4.24757
2.26072
3.87194
3.44733
2.02647
3.72434
4.36681
2.55297
4.28345
4.18713
4.10558
4.25523
3.74747
3.90046
3.86273
3.06114
4.22980
3.91358
4.04186
4.13713
4.43642
4.09399
4.26151
3.94128
4.30779
3.82084
3.85433
4.16057
3.79045
1.25173
4.21474
3.94440
3.93307
2.70192
4.20630
3.76413
3.93734
4.09302
3.56892
3.72883
4.04615
4.24376
4.14584
3.96960
4.06851
4.27749
3.70588
4.28011
3.67348
4.20137
4.01453
3.89901
3.27240
3.40476
3.39708
2.39197
3.25140
1.98422
4.00998
4.04364
2.50966
3.87885
4.22655
4.33798
4.15913
4.12211
4.32503
4.20124
4.27774
4.05824
3.81293
3.71831
4.11083
4.19098
3.68146
3.94709
3.75384
4.24048
4.17238
4.25565
4.20376
4.07423
4.04004
3.29407
3.70430
4.20236
3.84418
4.03943
3.85692
3.78763
3.01345
3.90868
3.88468
4.08239
1.94486
3.59297
3.45342
3.72067
3.72371
4.17366
2.97908
3.12554
4.12226
3.24959
3.85856
4.19024
3.74826
2.90478
4.14254
3.74297
4.27198
3.57237
4.17994
4.21196
3.66734
3.56171
3.84754
4.17088
4.35939
3.79928
4.28651
1.84686
4.16810
4.16579
3.57015
3.71058
4.16522
2.58004
2.63098
3.93018
3.99574
2.46161
3.51012
3.83350
3.97454
4.23854
3.99906
2.23364
3.46018
4.35093
4.01627
2.08171
4.29439
3.66263
4.17235
4.28996
4.15398
3.81694
4.28794
3.86996
3.97438
4.28857
4.21712
3.96215
4.20608
4.32429
4.36253
3.09449
3.80321
4.17771
4.13244
4.19244
3.51710
3.78257
4.02583
3.69722
4.21593
3.96586
3.59278
4.34817
3.73080
3.50007
3.85745
4.28255
4.37993
3.95976
2.95449
4.28020
4.21331
2.97443
3.91912
4.31607
4.13372
4.01367
4.31203
3.34495
3.46810
4.10638
3.70290
4.31843
4.36863
3.42251
3.77399
4.39165
4.23863
3.87171
3.11778
4.12977
3.48181
2.73562
4.16930
4.12490
4.15316
4.06202
3.62868
4.25240
3.40486
4.05183
4.03664
4.06301
1.85278
3.96965
4.31175
3.56536
4.32269
3.20496
3.90222
4.12905
3.70429
0.84663
3.88020
4.21205
3.59921
4.02932
4.04556
3.96724
3.97548
3.90922
4.22330
4.19183
1.93551
3.97033
2.95186
3.22847
4.02692
4.08319
4.33262
3.57059
3.82790
4.14290
2.83450
2.06984
4.32453
3.99024
2.72801
4.18524
3.99534
3.44640
4.15437
2.87267
4.26837
3.69944
4.15196
4.13417
2.45095
1.93623
4.36293
4.05943
3.53723
3.51684
3.29034
3.84251
3.24901
2.96022
4.27634
4.25315
4.26510
3.52021
3.43305
3.71874
4.36688
3.64510
4.37576
2.39377
3.43211
4.23599
3.99582
3.53845
4.08828
4.14034
3.60409
3.98009
4.09247
3.91552
3.78063
3.75633
3.79966
3.35265
4.21014
3.72714
4.03252
4.10097
4.26612
3.69077
3.77493
3.93043
4.15391
4.15559
4.27889
3.87390
3.89737
2.56338
4.23594
3.97312
3.34503
4.01908
3.58000
3.68550
2.29469
3.88130
3.93819
3.58384
3.92081
4.35565
3.94339
3.03235
4.05409
3.58989
4.12513
4.25794
4.04692
2.36503
4.25156
4.31702
3.78617
3.74862
3.84926
4.29886
2.92120
3.63533
4.23826
3.90887
3.85992
3.57658
4.10414
3.81829
2.68339
3.83670
3.97706
3.89153
4.24804
4.00752
3.90287
4.31563
4.21073
4.24652
3.84662
3.58890
4.16807
4.28404
1.84737
4.17525
4.09683
4.20159
4.08526
4.25625
3.75746
4.12626
3.90936
1.85753
4.27247
3.07358
3.12690
4.30370
3.52178
4.14729
4.06643
3.92205
4.00870
4.17832
4.14607
4.07636
3.93344
4.15282
3.43413
4.00738
2.29300
3.25955
4.29979
2.24652
3.58138
4.06642
3.56450
2.35589
3.73578
2.59147
4.20019
2.68312
4.12044
2.27182
4.29368
4.13476
3.98451
3.79150
3.42995
4.12163
3.82662
4.33792
4.16691
3.24071
3.79434
2.58402
4.11783
3.70889
4.05292
3.77713
4.23094
3.13190
3.91768
4.26575
4.05373
4.16314
4.25176
3.77171
3.42747
3.98325
3.53595
3.57450
3.13464
3.78723
2.73276
3.45502
4.15653
3.83667
3.40604
4.25627
3.93730
2.53658
3.67327
4.25442
3.63395
3.80602
3.75452
4.26138
4.36976
4.06531
3.84155
3.77402
3.96479
3.77623
4.03561
4.35987
3.97624
4.01555
3.18065
3.87360
4.00009
4.15462
4.32604
4.26579
3.49435
2.56329
3.44740
3.63515
4.14391
3.92687
3.97725
4.22809
4.11468
4.04816
4.27984
4.25808
4.29543
4.07669
4.01197
3.09443
3.68760
4.34170
4.16932
3.93644
4.18181
4.00405
3.97968
3.93423
4.20728
4.16405
3.30008
1.50917
4.27189
3.84631
3.00258
2.91848
4.11539
3.92685
3.16821
4.34263
3.72986
4.20868
4.12392
4.02412
1.96958
4.23342
4.00959
3.74976
3.76299
4.34013
4.04985
4.28179
3.08998
4.32676
4.03216
3.77898
4.25478
3.70519
2.44014
3.92211
4.15907
4.16077
3.63683
4.23603
4.09252
3.64715
3.92562
4.08509
4.39858
3.49379
1.92219
4.26790
3.60441
4.37227
4.30944
3.83732
3.26827
4.21138
4.24550
4.23480
4.07673
4.26835
3.68445
3.70141
3.03980
4.25080
4.29752
3.88875
4.23970
4.10452
3.92112
3.52026
3.05118
4.06867
4.30468
3.90851
4.03733
4.31220
4.01200
2.17910
3.56716
2.98132
4.13571
1.94127
3.85640
3.14846
4.36310
4.13553
3.96704
4.14117
4.06497
4.26956
3.36597
4.34749
3.99285
4.07243
4.34432
4.05536
3.95608
4.23259
4.25815
4.29752
3.34582
3.82028
4.27290
4.15640
3.30230
3.68790
4.03653
4.23668
4.13955
4.26799
3.91073
3.50826
4.19274
2.68438
3.98204
3.92405
3.96455
4.10946
3.61052
4.09694
3.70298
4.33547
4.32710
3.51217
2.55542
3.77784
4.25566
4.20930
4.14188
3.51354
4.35255
4.08431
4.11940
3.46765
4.13198
4.18533
1.96936
4.07423
3.71468
4.16740
4.14573
3.64855
3.80714
3.74683
4.32979
3.87261
4.18430
3.96839
4.18347
4.04010
4.28885
3.66157
4.02017
4.30278
4.18655
3.64421
2.05020
3.82883
4.39211
3.31248
4.24704
3.68231
2.68680
4.13677
3.52461
4.01779
4.33025
3.47841
2.74059
1.82910
3.66616
4.10792
3.55675
4.04068
4.34689
4.21288
3.98391
2.27336
2.86919
2.85280
3.96497
3.87600
3.53252
3.82017
3.15726
3.95246
4.15278
4.03136
3.96312
4.32389
4.01818
4.05124
4.39907
4.19070
3.94146
4.19181
3.68304
4.07405
3.43673
3.73167
3.66239
4.33580
2.84682
4.23459
3.93788
3.65775
3.78097
4.02812
3.99743
3.82746
4.14112
4.11483
4.16143
4.09303
3.82708
3.94490
4.18468
3.42403
1.88423
3.23912
4.06450
3.91944
2.99828
4.05782
4.10237
3.69154
4.05121
3.26516
2.64748
4.16472
4.17998
4.01539
4.19922
2.96979
4.10195
3.82405
4.33618
4.09870
3.90260
3.97228
3.53036
4.13450
4.25985
4.14622
3.96494
3.50223
4.29663
3.25418
4.16163
3.94426
4.35448
4.04432
4.13072
2.20029
2.88875
4.34566
3.63663
4.09563
1.92902
4.11120
4.11411
3.85185
4.28321
4.36853
4.16995
3.49490
2.46477
4.34503
3.32845
4.15608
4.31361
3.81001
4.19498
4.22185
4.17778
3.74610
4.26657
3.74510
4.03784
3.90475
3.85300
3.95739
4.22601
2.73071
3.32631
2.97781
4.04529
4.11821
4.32114
4.10957
3.41866
4.01507
4.37224
2.51848
4.07550
3.67661
3.55367
3.16048
4.14046
4.33189
4.31302
4.04665
4.16867
4.25889
4.17925
3.15363
3.88116
4.30075
3.85015
3.92036
4.35801
3.47585
3.37782
3.79043
3.68056
4.07168
4.21953
4.26582
4.28643
3.47941
4.17142
4.12093
4.07509
2.47727
4.20511
3.61547
4.10642
3.80407
4.05837
3.29686
3.83142
3.66796
3.64819
3.99195
4.24544
4.24836
4.08830
4.30900
4.37612
3.88783
4.01828
4.23141
3.79320
3.64965
3.07412
4.29413
3.94874
3.65977
4.34905
3.53299
4.29332
3.85319
3.91464
4.09875
3.85535
3.55268
4.29383
4.10892
4.43906
4.06210
4.03354
4.16988
4.13598
4.01371
4.00034
2.84192
4.02535
4.19818
3.86905
3.81278
4.23652
4.43439
3.77810
4.26130
4.23621
4.01018
4.10954
2.48139
4.02466
2.00630
3.96401
3.44379
3.19652
2.46380
3.93720
4.27854
3.84930
4.25962
4.21893
3.99935
4.02363
4.24811
4.07815
4.26167
2.05274
4.28575
3.66214
4.10664
4.33756
4.34297
4.10257
4.19543
2.42254
3.72649
4.20995
4.35468
2.50184
2.94165
3.84334
3.85719
3.45560
1.94539
3.39535
3.96706
3.65319
3.68330
4.25409
3.84008
4.32090
3.50397
3.61977
3.95260
3.63868
4.19899
3.35496
1.62879
3.89066
3.94195
2.73294
3.86746
3.81481
3.21297
4.06990
3.44084
4.14993
4.27777
4.04532
3.54723
4.31341
2.40307
4.26709
4.37659
3.75534
4.16401
4.28624
4.17077
4.08203
4.22767
4.17535
4.26466
3.30259
4.33232
4.21501
4.19318
4.07721
3.29345
4.20568
4.01579
3.85611
2.70507
4.21874
3.36549
3.69930
4.22502
4.15797
4.02263
3.57293
3.93514
4.31927
4.30875
4.26336
4.12324
4.00793
3.50398
4.02063
3.44937
3.47801
4.23911
4.21700
4.09765
4.14373
4.21849
4.07167
4.12197
3.88088
3.31853
4.03810
2.88010
4.20305
4.04839
1.73773
3.73829
3.76913
4.29788
3.87983
2.05747
3.26663
4.11938
3.04578
3.68896
2.82890
2.44783
3.80461
3.90855
4.05662
4.22922
2.19183
3.88008
4.04742
4.24898
3.85573
4.21666
4.02268
3.62616
3.79907
3.67801
3.78924
3.80694
2.85919
2.00170
4.16155
3.38270
3.29204
2.99383
4.33117
4.11679
2.27889
4.12795
4.29663
3.63683
2.70104
3.54490
3.90847
3.93376
3.31436
4.13586
3.97525
4.36762
4.25188
4.14101
4.28807
4.26273
4.29926
1.50137
4.09493
4.22604
3.87422
4.22558
3.80890
3.87393
4.29566
3.82538
2.68233
3.82237
3.68903
3.24815
4.18213
4.22935
3.99658
3.02613
3.68027
4.26095
3.48186
4.07084
4.13715
3.80383
3.94002
4.23079
3.32874
3.96159
4.13162
4.30466
4.10368
2.72670
4.27224
4.34447
4.07797
4.12045
3.77398
2.08301
2.66307
4.25704
4.21248
4.27211
4.13070
4.31219
4.01602
2.57581
3.62734
4.19945
4.22815
4.29072
3.97797
4.15901
4.11858
4.34875
2.23328
3.40247
4.06671
2.98093
3.68272
3.92977
4.36634
4.04789
3.32297
4.10258
4.21929
4.15391
4.14158
4.06169
4.01300
4.03142
3.95957
4.22920
4.12498
3.80452
4.03411
3.95940
4.31356
4.03625
4.24830
3.80824
3.56832
4.25554
4.23099
4.33583
4.21186
2.77332
4.10016
4.29310
4.38427
4.34581
4.26441
3.67135
4.24767
3.80890
4.22471
2.30701
4.27504
4.30990
3.81044
3.95939
4.24619
3.41187
2.00363
4.15977
4.18505
3.40609
3.07741
4.24133
3.56865
3.89620
4.05842
3.81216
4.02569
4.12859
2.08164
3.05050
3.90401
4.01392
4.35241
3.95192
3.64721
3.24075
3.66036
4.11362
4.01031
4.26864
3.32887
4.26593
4.34241
4.29409
4.08328
4.21822
3.60519
4.13806
3.98613
3.88840
4.25106
4.17543
4.17320
3.19580
4.20312
3.81357
3.10672
4.19466
4.17634
4.13570
3.97568
4.10446
3.82399
4.16844
4.27050
1.65703
4.05729
4.26221
3.69642
3.92255
4.34925
4.11943
4.21070
4.32934
4.18927
4.14889
3.95507
4.11032
3.90385
3.30590
4.16008
3.87104
3.81735
3.17869
4.19922
4.21782
3.58423
3.89578
2.13927
4.33430
3.59286
3.88548
4.27387
3.76930
2.98498
4.21410
3.43077
2.13563
3.95540
4.17963
4.00387
3.82886
4.29366
4.22451
3.75784
4.28425
3.51584
4.07985
1.75683
4.30605
3.45420
4.26601
3.71735
3.39398
4.04712
4.00740
4.18101
3.62933
3.62969
4.09731
4.28657
4.28497
3.30156
4.16243
2.49165
3.88029
3.92336
3.77887
3.69877
3.39280
2.27776
3.95713
3.95778
3.19935
3.58797
4.13935
4.20176
4.29754
3.01789
2.13757
4.11918
3.79507
2.32552
4.07259
3.92131
3.85811
4.19127
4.07469
3.88418
4.25736
4.17608
4.28037
4.42865
3.62336
3.95830
4.14450
4.37726
4.04235
4.15481
3.20921
4.04826
3.72641
4.17491
4.16632
4.29740
2.17339
3.95855
4.00912
3.84723
3.05736
4.36650
3.34510
4.23608
4.23173
3.90694
3.90723
4.32565
3.09261
3.87429
3.48011
3.47650
4.13111
4.13471
4.27158
3.79280
4.08689
3.41152
4.23570
2.13270
4.14678
3.83493
3.84300
4.26386
1.92230
4.03917
3.94525
4.13671
3.91686
4.18642
4.08525
3.69812
4.34627
3.63961
4.09372
3.14917
4.10594
3.62267
3.62091
3.75871
3.63913
3.51009
3.78500
4.23307
4.10547
1.94938
3.37399
4.14323
3.81718
3.98083
4.26171
4.02455
3.96091
4.34409
4.06214
4.24834
3.30298
3.64009
2.56136
4.19285
3.40580
3.88737
3.79872
3.87854
3.60857
