4.20879
4.40832
4.36350
4.37886
3.30493
4.23908
4.41029
4.28215
3.87165
4.30986
4.27621
4.45358
4.34058
3.33219
3.73102
4.18849
4.18230
4.41422
2.40646
3.72089
4.04329
3.93510
3.93536
4.37214
4.34940
4.38878
4.21516
4.35118
4.44599
3.81744
3.95928
4.38964
3.96170
4.07535
4.25186
4.38096
4.05366
4.26544
4.24222
4.43229
4.26395
4.24480
4.12854
3.55193
4.36918
3.97969
4.34517
3.70794
4.23197
4.47889
4.43348
4.46782
4.04687
4.50607
4.25644
4.46496
3.15474
4.12687
4.34764
4.23117
4.33579
4.15055
4.23229
4.12501
3.71172
4.10374
4.33617
4.39990
4.12945
3.75544
4.41483
4.44819
4.37700
3.97736
4.35445
4.23353
3.11024
4.37428
4.07230
3.84983
3.51972
4.39389
3.99273
4.02340
3.88656
4.42134
4.14689
4.16056
4.27178
3.20720
4.19224
4.24544
4.43094
4.30278
4.45052
4.42881
4.29440
4.33561
4.47837
4.34005
4.12338
3.04084
4.44887
3.98827
4.24064
2.80209
4.18195
4.46611
4.36922
4.21743
3.91849
3.75674
4.31527
3.78199
3.60897
3.69868
3.92466
4.33533
4.38475
4.22289
4.48210
4.41884
4.31482
4.32116
3.96082
4.26591
4.32333
4.31030
4.40141
4.16951
4.17914
4.26322
4.45116
4.35363
4.13651
4.39266
4.36940
4.40446
4.25287
4.33303
4.14181
4.45718
4.31096
4.42108
4.45642
3.11056
4.45800
4.30701
4.24672
4.37830
4.40023
4.45627
4.29369
4.35777
4.39070
4.46265
4.24975
3.65848
4.05500
4.07450
4.46503
4.43867
4.29134
4.19320
4.45582
4.32708
3.96735
4.23113
4.21715
4.30599
3.85711
4.04224
4.24067
4.33716
3.98172
3.27328
4.27368
2.46998
3.73791
4.24629
4.42176
4.26846
4.20978
4.41345
4.28179
4.46761
3.78593
4.04136
4.03574
3.53847
4.12501
4.28162
4.32821
4.24991
3.95388
4.22134
4.29681
4.08073
3.92447
4.37217
3.02839
4.44868
4.37379
4.19444
4.49246
4.31668
4.01803
4.47588
4.47745
4.48203
3.07976
4.38421
4.26506
4.23795
4.45643
4.07877
3.94751
2.44504
4.38706
4.37770
4.21281
4.11710
3.93731
4.44641
4.46457
4.30020
4.19007
4.39819
4.23572
4.07653
4.07573
3.84331
4.45082
3.48930
4.47294
4.32505
4.37848
4.26088
3.43510
4.44172
3.86156
3.92665
4.41397
4.24212
4.27518
2.67774
4.26122
4.45749
4.22909
3.80648
4.28645
4.41224
4.25357
4.44096
4.15435
4.35015
4.41018
4.43026
4.22189
4.05517
4.25579
2.95156
4.48368
4.40570
4.23966
4.33600
4.28538
3.97339
4.05999
4.30659
4.11830
4.35458
4.36087
4.18867
4.06479
4.16550
1.96599
4.36949
2.74221
3.61927
4.06470
4.36511
4.21739
4.21173
2.93305
4.41542
3.90586
4.30952
4.12956
4.22556
4.31058
4.42193
4.35490
4.36906
3.89229
4.17282
4.17463
4.44726
4.43831
4.25876
4.02367
4.44935
4.34915
3.96222
3.97245
4.29402
3.63815
4.25620
4.39694
3.71375
4.27067
3.68347
3.47905
3.95640
4.46167
4.40172
4.39435
4.43007
4.44242
4.39188
4.32209
4.48331
4.41587
1.96852
4.36248
4.06237
4.29834
4.33057
4.36713
4.30319
4.14498
4.13120
3.75840
3.81869
4.43123
3.87262
2.63022
4.33819
4.41743
3.22680
4.22525
3.85271
3.87470
2.67947
3.47715
4.29517
4.34097
4.29708
4.31862
4.41490
4.36883
4.14154
3.99112
4.40579
4.12552
4.46002
4.29423
3.81980
4.37497
4.39484
4.34961
4.16914
4.43302
4.23275
4.21640
4.30673
4.14452
4.40645
4.32877
4.32419
4.41004
3.85781
4.27444
4.35717
4.46391
3.84953
4.16402
3.00941
3.43900
4.06572
4.30840
4.18352
3.61232
4.48338
4.28132
4.23853
3.79367
3.23279
4.36518
4.37889
4.31605
4.04724
4.51825
3.76519
4.29148
4.24652
4.41241
4.49335
4.28516
3.73242
3.94970
4.45801
4.38232
4.43005
4.30262
4.17457
3.80988
4.06166
4.38947
4.19373
4.20750
4.43275
2.98932
4.42701
4.43456
4.33723
4.38280
4.38805
3.31973
4.07851
4.35320
4.42547
4.26731
4.31621
3.39244
3.74247
4.21205
4.27586
4.31227
4.35776
4.01404
3.49656
2.27673
4.25360
4.31626
4.33667
4.49634
3.93057
4.12063
4.47182
4.12879
4.36252
4.19543
4.46077
3.96520
4.30475
3.86795
4.31921
4.11418
4.25783
4.13203
3.91023
4.20221
4.18917
4.37416
3.62360
4.04452
4.28146
4.32543
4.11345
4.43707
4.25805
2.72438
4.32532
3.87129
4.35592
3.96482
4.06212
2.17332
4.13456
4.22897
4.31989
4.26288
4.42259
4.36300
4.45248
4.34093
4.06790
4.43039
4.32131
4.35335
4.21835
4.36800
4.36868
4.25093
3.30259
4.19430
4.32562
4.34148
4.30113
4.21627
3.03880
4.44890
4.44514
4.34065
4.30121
4.39392
4.26651
4.37298
3.86850
4.29528
3.82027
4.44038
4.10506
4.42659
3.98614
4.18774
4.35560
4.37542
2.41692
4.41216
4.23284
3.96532
3.37048
4.21825
2.95800
2.14424
4.42349
2.09850
1.39935
4.27686
4.49493
4.37673
4.42011
1.79297
4.46412
2.64601
3.97093
4.33605
3.96567
4.43850
4.16853
4.28717
4.05493
4.34185
4.02897
4.49070
4.29343
4.21671
4.38635
4.21934
4.04145
4.17957
4.14094
4.41700
3.92404
4.34481
4.40058
4.06336
4.14080
4.21658
4.16763
3.11505
4.40962
3.81014
4.04805
2.15640
4.46932
4.37928
4.37532
4.10676
4.41378
4.11980
3.96999
4.23955
4.51186
4.31521
3.37493
4.29315
4.43513
4.40062
4.41036
4.43423
4.35617
4.12929
4.12712
4.22171
4.18336
4.51741
3.73652
4.31048
4.25282
3.13116
4.37888
3.53375
3.88019
4.36528
4.09772
4.24229
4.19840
4.25179
4.32124
4.10787
4.37899
4.28996
3.49798
4.46626
2.03140
4.02504
4.30181
4.14045
4.17238
3.38987
4.32547
4.50216
4.25957
4.31398
4.40371
4.43005
3.86995
3.32333
4.26341
4.24235
4.22241
3.91744
4.25422
4.09437
4.06125
4.45880
4.24308
4.13674
3.60151
4.42132
4.24210
4.42547
4.05989
3.90154
4.33906
3.94075
1.82932
3.89474
4.20804
4.35622
4.36690
1.93216
4.33486
4.30101
4.49211
4.14497
4.41045
4.50775
4.44188
4.36350
4.30511
4.32360
4.31492
4.45517
2.86472
3.83566
4.01055
4.25277
4.39015
4.36852
4.37953
4.32303
4.34208
4.47237
4.40235
4.13801
4.45123
4.01080
4.27836
4.07308
4.46612
4.31345
3.11582
4.22522
4.45403
4.36908
4.41188
3.80020
2.13153
3.90917
4.31011
4.31125
3.35095
4.08359
3.92797
4.36666
4.08804
4.22124
4.21303
4.36848
3.94714
4.32508
4.17436
3.88081
4.42027
3.64008
4.30641
4.16317
4.35427
4.07691
2.36161
4.34193
4.21401
4.29277
3.88268
2.54908
4.23198
4.16460
4.22525
4.37605
4.17682
3.77061
3.95565
4.41771
4.41575
4.24241
4.39165
4.43880
4.20254
4.41005
3.84111
4.29469
3.23395
4.05319
4.36791
4.11548
4.28767
4.47154
4.30531
2.92322
4.17593
4.32399
3.45680
4.29721
4.34911
2.88367
4.27548
4.32745
3.66125
4.44180
4.37434
3.75099
4.20474
3.77862
4.31370
3.26915
4.41817
4.05823
4.13384
4.19049
4.47501
4.10871
3.75539
4.26048
4.28542
4.35738
1.59294
4.13790
3.85655
4.26799
2.98852
4.18888
3.94904
4.36693
4.28721
4.20430
3.99963
4.20568
4.33627
4.25774
2.98862
4.36618
4.43947
3.51940
4.46615
4.18644
4.34098
3.99796
4.27726
3.99887
4.23093
4.26570
4.11897
3.11792
4.14051
4.48046
4.41914
3.68906
4.41406
4.39340
4.20397
4.24707
3.54282
3.94472
4.46841
4.14232
4.29773
3.93132
4.13412
4.48730
2.97685
4.46374
4.35907
4.36447
4.40887
2.94590
4.44082
4.02849
4.35482
4.30271
4.47049
4.20195
3.92743
4.42445
3.80253
4.36226
4.33934
4.00677
4.43376
4.11606
4.36687
4.28973
3.19619
3.27117
4.38994
4.47205
2.53647
4.33669
4.25912
4.47736
4.36188
3.99919
4.43152
2.63590
4.15779
4.37026
3.82236
4.04502
1.44374
4.20440
4.27726
4.37179
3.96611
4.16856
3.03354
4.41314
4.42436
4.47277
2.75857
4.37588
4.30093
4.33773
4.35969
4.45733
4.39976
2.99670
4.38881
4.34287
3.84047
4.39961
3.86985
4.27877
4.28277
4.35890
4.28211
4.09671
4.21804
4.07792
4.18863
4.15476
3.89057
4.30850
4.23904
4.02697
4.42549
4.24527
3.91885
4.48489
4.17877
4.30179
1.80010
4.11094
3.87167
4.27586
3.96839
4.18232
4.31804
4.22991
4.10873
3.97799
4.19691
3.78829
4.15734
4.39508
4.40300
4.22528
3.87736
4.20488
4.01173
4.47698
4.37549
4.33308
4.39032
4.22996
4.35001
4.19396
4.23265
4.36323
4.30954
4.34967
3.66750
3.55697
4.06918
4.41784
4.32025
3.13792
4.19569
4.44997
4.27423
4.05828
4.01705
3.93387
4.02928
4.38071
4.36655
4.36090
4.28566
4.34639
4.42764
4.43074
4.32517
4.35955
4.09921
4.00573
4.37617
4.37142
4.41695
4.27353
3.19417
4.06945
3.25064
4.34403
4.17188
3.86947
4.48961
4.11270
4.45620
3.52107
4.32129
2.94711
4.38821
3.54188
3.66275
4.43969
3.96061
3.99785
4.49212
4.36775
4.27063
3.98499
4.26100
4.38939
4.47981
3.23633
4.34193
3.64575
4.00075
4.37056
4.19641
4.09750
4.24552
4.32394
4.21751
3.49662
4.14518
3.51839
4.30987
4.06301
4.07088
4.39408
3.74356
4.47593
4.07795
4.30742
4.46505
4.26819
4.25119
4.31155
4.15046
4.33669
4.22937
4.42372
4.45205
4.28361
4.40360
4.49144
4.33380
3.90396
4.13916
4.43154
4.42270
3.84357
4.26173
4.31158
4.22044
3.31833
4.46812
4.50734
4.18905
4.14312
2.94855
4.43041
4.41864
4.00297
4.20702
3.06023
4.03672
3.96443
4.44563
4.43280
4.29776
4.40428
4.35032
4.43096
4.39778
4.17694
4.18171
4.42114
3.94218
4.37342
4.41402
4.11887
4.41205
4.35457
3.76711
4.26469
3.57590
4.45221
4.22201
3.72515
4.09134
4.45624
4.13748
4.40407
4.12734
4.25039
2.47742
4.11000
4.35452
2.00876
4.33564
3.98567
4.34599
4.36696
4.31102
4.37960
3.31194
4.34348
4.45533
4.25883
2.79707
4.14400
4.24584
4.22986
4.22694
4.37464
4.40182
4.19137
4.16769
4.10189
3.96851
4.18798
4.36548
3.80445
4.37285
4.38043
4.31354
3.65784
4.15476
4.34568
3.66826
4.32527
2.79427
3.76469
4.30454
3.67208
4.38661
3.84457
4.33667
4.09901
4.41965
4.14911
4.37595
4.07749
3.20341
4.28602
4.33999
4.19446
3.83402
4.35221
2.55464
4.18289
3.93807
4.07748
2.58565
4.40178
4.41159
3.98325
4.36582
4.41441
4.22638
4.04131
4.10872
4.20447
3.37789
4.01704
3.98145
3.82312
4.42785
3.72510
2.87777
3.76487
2.36251
4.34443
3.40282
4.36034
4.44530
4.17008
4.13575
3.79664
4.36201
4.30425
4.44473
4.18188
4.27369
4.33704
3.67589
4.29084
2.90877
4.50022
4.18499
3.70591
3.40666
3.31277
1.84703
4.28326
4.40163
4.32612
4.19944
3.93656
4.39284
4.25654
4.39291
4.38400
4.49869
4.42028
3.99535
4.32625
4.41866
4.20532
4.03816
4.29651
4.42359
4.24771
2.89657
4.18472
4.35674
4.30946
3.34632
4.37092
4.25075
4.34488
4.26199
4.23537
3.51632
4.32860
4.26352
4.44112
4.02418
4.36610
4.34028
4.36465
4.42216
4.35248
4.29508
3.67539
4.28612
4.11551
4.15209
4.07072
4.32276
4.37918
3.90350
4.25185
4.46674
4.37867
4.45230
4.40861
4.02638
4.28879
2.83446
4.45099
4.11929
3.62055
4.31106
4.27086
4.47178
4.17194
4.44122
4.49935
3.96693
4.01656
4.00425
4.34655
4.40878
4.50562
4.21787
4.40417
4.21908
4.42766
4.19700
3.99958
4.28130
4.44193
4.30629
4.05075
4.36282
4.45300
3.22175
4.30150
3.12754
3.96052
3.48482
4.41673
4.39688
4.19859
3.43441
4.40753
4.47734
4.07907
3.98929
4.17093
4.44490
4.29096
3.82368
4.49338
4.47367
4.01777
4.37005
4.46956
3.78557
3.53634
2.72700
3.62058
4.45713
3.94986
3.33155
4.13236
3.85373
4.25736
4.27831
4.07931
4.38788
4.14771
4.03581
4.30723
4.40394
4.41187
4.48076
4.34032
4.32024
4.22591
3.90167
4.19270
4.34650
4.33572
3.24224
4.28040
4.34625
4.37782
4.40914
4.37767
4.44444
4.31076
4.15209
4.40907
2.75123
4.14995
4.33630
4.45537
4.31654
4.39986
2.50777
3.70504
4.34143
4.08293
4.38437
4.35493
4.09341
4.35710
4.33933
4.38776
4.27729
4.45813
4.49574
4.11063
4.02141
4.41061
4.14942
4.45152
4.11446
4.02863
4.47356
4.26524
3.78868
4.11973
3.64903
3.96376
3.46205
4.02594
4.22548
4.07766
4.19055
4.00268
1.70960
4.28640
3.65607
4.36388
4.09216
3.64037
4.39925
3.73734
4.08558
3.46045
4.37692
4.46040
4.44986
4.09989
4.41027
3.82201
4.32603
4.44171
4.39437
4.42474
4.12302
4.28944
4.47894
4.30524
3.87419
3.99022
4.31555
2.85031
4.31764
4.42948
4.09917
4.20166
4.03581
2.72564
4.24062
4.41435
3.92322
4.14472
4.10118
4.39064
3.95331
4.15502
4.33062
4.31617
4.09045
3.04252
3.86716
3.75743
3.92767
4.46816
4.46257
3.05346
4.24940
3.92308
4.37475
4.09214
3.33831
4.33987
4.40929
4.24672
4.45495
4.38136
4.27818
4.06869
4.37976
4.40404
4.26863
4.18778
4.24580
4.46190
4.02202
4.11692
4.22347
4.46725
4.32447
3.61614
3.03751
4.45159
4.33040
4.17059
4.34845
4.01419
4.37239
4.31902
4.20851
4.23845
4.21944
3.73452
4.32161
4.38009
4.25871
4.49052
4.12944
4.35120
4.00077
4.26935
4.44492
2.93637
3.85299
3.64899
4.36914
4.33917
4.38165
3.77505
4.40072
4.28987
4.41194
4.24585
4.16955
4.14136
4.14900
4.16784
4.36766
4.02890
4.33786
3.34175
4.12392
3.92100
4.34945
3.81103
4.35459
3.56556
4.21987
4.37399
3.63916
4.23105
4.27394
4.46570
4.38692
4.32253
3.88728
4.45744
4.46989
4.43135
4.45773
4.30382
4.39580
4.38692
4.34311
2.79558
3.84910
4.36157
3.96871
3.84672
3.91777
4.38377
4.00900
4.40943
3.93947
4.24009
3.94302
4.49616
4.30221
4.13699
4.46828
4.07989
4.37255
4.25124
3.94240
4.39635
3.66853
4.38667
4.11200
4.39750
4.26756
4.47130
4.23253
4.38576
3.63189
4.31427
4.32239
4.40930
4.40466
4.46744
4.38883
4.14323
4.37447
3.98952
4.40074
4.28578
3.98132
4.41110
4.32419
3.95954
3.39031
4.34574
4.47744
4.17431
3.96270
4.03499
4.29363
3.81969
3.81166
4.46062
4.39193
2.97589
4.15239
4.08881
4.23541
4.41145
4.38002
4.01967
4.25988
4.36744
4.48108
4.42159
4.44996
4.43669
3.91982
4.47920
4.30145
3.98972
4.16717
4.42642
4.34592
4.41707
3.93432
4.21745
4.07627
4.38263
4.25786
4.36981
2.33654
4.17033
4.30462
3.72498
3.71555
4.25044
4.15015
4.45881
4.32636
4.37817
4.29531
3.96254
4.37526
4.39650
3.99876
4.00151
4.33010
4.06334
4.48686
4.29862
4.39149
4.33361
3.93762
4.33522
4.44306
4.46433
4.33893
4.00140
4.40417
4.30052
4.47431
4.32935
4.27565
4.32669
4.46107
3.22297
4.39537
3.76968
3.86963
3.15590
4.22323
4.20811
4.40885
3.84293
4.17749
4.21624
4.30612
4.22211
4.14912
3.94982
3.31328
3.93386
4.42763
4.03912
4.20190
4.35334
4.13067
4.42782
4.47000
3.91681
4.32390
4.36154
3.85383
4.47282
4.21361
4.38579
3.83549
4.07865
4.12927
2.74897
4.52103
4.42555
4.29312
3.97840
4.50521
4.45708
4.18757
4.29932
4.35718
4.24143
4.35921
3.98447
4.41291
4.28768
4.44427
4.32649
4.25716
4.32379
3.66866
3.86864
4.44483
3.64040
3.96469
4.46540
3.35148
4.37718
4.30172
4.43900
3.81464
4.26712
4.45499
4.29797
4.21330
3.42062
4.38479
3.90303
4.17168
4.24254
4.25687
4.20544
4.27389
3.56226
4.37343
3.97804
4.04105
4.20159
4.32250
4.09331
4.27609
4.41255
4.35856
4.27651
4.16663
4.33997
3.97917
4.39649
4.40786
4.43359
3.27670
4.42252
3.98584
4.39622
4.12705
4.25457
4.15524
3.76610
4.36010
4.35123
3.83345
4.38219
4.24927
4.26311
4.17687
3.99539
3.92156
4.42307
4.33551
4.34340
4.16012
4.20949
4.37242
4.02439
4.26150
4.42904
4.16680
4.43479
4.12161
4.40617
4.37749
4.26966
4.00706
4.44043
4.22039
3.25333
3.75317
3.73995
4.07269
3.77422
4.36729
4.17206
4.42279
4.17769
3.88544
3.98945
2.97624
4.31554
4.32058
2.36184
4.34415
4.17944
3.96393
4.21977
4.23589
3.74705
4.40728
4.05252
4.10400
3.88456
4.19047
4.02717
4.31564
4.34927
4.14637
4.41760
4.20319
4.41758
3.84295
4.45364
4.40052
3.75343
4.21021
4.29178
4.45620
4.14421
2.68752
2.86180
3.86277
4.46277
4.45709
3.95508
4.03371
2.46395
4.32471
4.23176
4.48119
4.42223
4.29747
4.40753
4.47114
4.06684
4.44288
4.00317
4.39277
4.29889
4.14562
3.86236
4.00674
3.87956
4.32542
4.11550
3.38398
3.63740
4.11150
4.37853
3.66680
4.39278
4.46301
4.47238
4.18681
4.46811
4.23899
4.28069
3.15274
3.79279
4.37836
4.15335
4.47803
4.20703
4.39608
4.21154
3.52106
4.40114
3.98345
3.93004
4.30576
3.94145
4.49523
4.27710
4.44345
4.21569
4.32827
4.23987
4.12956
4.26291
4.27936
4.24331
4.16789
4.03950
4.31894
4.02539
4.42104
4.12558
3.90434
4.08277
4.39774
4.47896
4.07105
3.80171
4.35077
3.78123
4.17452
4.07532
4.38577
4.06359
3.59396
4.35634
3.95336
4.03087
4.03604
3.39087
4.32212
4.05410
3.66728
4.17656
4.50707
4.28430
4.47856
4.26939
3.88565
4.42955
4.39542
3.95495
4.33692
3.44607
4.17511
1.98462
4.40374
4.20027
4.28168
4.29429
3.99449
4.27487
4.49095
3.46049
4.45911
2.19030
4.44402
4.21745
3.81338
4.44792
3.67950
4.04493
4.39709
4.21758
3.61169
4.41535
4.45222
3.59230
3.56629
3.88901
3.95559
3.52291
4.15176
4.28527
4.38530
4.38895
4.30377
4.48174
3.31668
3.82756
4.15814
4.29147
4.17491
4.34481
3.93552
3.49067
3.54244
4.43424
4.32342
4.20119
3.35932
3.99326
4.23172
3.92728
3.44935
4.39735
4.28694
4.14601
4.43009
4.05369
4.29567
4.17517
4.23226
4.32203
4.12482
4.44028
3.43160
4.45866
4.49684
4.38746
3.64158
4.17391
4.12179
4.36061
4.34417
4.03713
4.11965
4.37802
4.39106
4.12870
4.50402
4.18859
4.28426
4.37153
4.27383
4.33707
3.61588
4.16769
4.22865
3.93297
3.73584
4.17711
4.34957
3.61859
4.40597
4.26059
3.36884
4.44930
4.44343
4.04088
3.97347
4.47795
4.25014
3.58879
4.16172
4.42428
4.18089
4.30973
3.72648
4.09888
4.15968
3.98485
4.21171
4.40566
4.01374
4.45781
3.82075
2.78219
4.16204
4.15436
2.11314
3.81787
4.41835
4.19679
4.19037
4.33756
4.31610
2.29486
4.43906
3.92000
4.34066
3.91070
3.89060
4.13988
4.26855
3.48538
3.88161
4.26797
4.33854
4.49352
4.31285
4.43521
4.44450
3.99788
3.93125
4.34050
3.96438
3.13394
4.29838
4.04251
4.39497
3.83059
4.42611
3.99351
3.96087
3.98769
4.42140
4.43791
3.85459
4.28400
4.35204
4.08203
3.70664
3.91383
4.30581
4.34835
4.15937
2.69450
4.00341
2.94968
4.24251
4.22622
3.17995
4.00056
3.97628
4.42872
3.94303
4.50853
1.90339
2.83042
3.91138
4.34528
4.27930
3.88281
4.17476
4.25682
4.44237
4.28911
4.45655
4.08175
4.34567
4.08034
4.35803
4.44770
4.41130
3.68951
4.45593
4.43124
4.13859
3.78477
3.93717
3.36822
4.37443
4.16411
3.67201
4.27542
4.30773
4.21931
4.34248
4.18329
4.10806
4.40502
4.29649
4.12817
4.35967
2.90415
2.80083
3.78539
4.04151
2.13996
4.21493
3.31137
4.23341
4.32149
4.51878
4.32291
3.86268
4.08558
4.25666
4.41813
4.33568
4.50848
4.27144
4.10798
4.06660
4.40350
4.39142
3.37530
3.98952
4.29149
4.45103
4.43437
3.43429
4.40648
4.31315
4.39703
3.83972
3.73679
4.32928
4.27007
4.06618
4.36702
3.15057
4.39996
4.01483
4.13793
4.18310
4.36890
4.24385
4.05247
4.24124
4.46109
4.37527
4.38474
4.18754
4.34464
4.26147
4.46076
4.50147
3.97335
4.20537
4.21164
4.40979
4.05259
4.29965
4.39255
4.03982
4.19978
4.26899
4.18442
4.44264
4.32238
4.31808
4.43145
4.23913
3.97084
3.88332
4.36928
4.42837
4.44155
4.30741
4.30452
4.44485
4.39295
4.03726
4.26362
3.60181
4.14888
3.02285
3.44125
4.27432
3.98688
4.00723
4.21224
4.39083
4.45260
4.44994
4.42292
4.36178
4.42486
3.07314
4.33878
4.42960
4.34759
4.51445
4.37332
4.38442
4.31111
4.37966
4.16756
4.19361
4.22350
3.57540
4.18404
3.32163
3.73571
4.32461
3.87183
4.34699
4.42932
4.19001
4.46403
4.46045
4.41968
4.10872
4.13874
3.15896
4.35802
4.23949
4.40088
4.39042
4.35086
3.95286
4.46810
4.48872
4.27838
4.31047
4.30271
4.38698
4.17502
4.32120
4.27240
4.05536
4.45050
4.28467
4.15172
4.43571
4.43814
4.07607
4.35356
4.36648
4.25706
4.28319
3.90563
4.25977
4.38889
4.36898
4.36067
2.75279
4.21929
4.22083
4.37715
4.15816
3.78747
4.37164
4.40718
4.23586
3.29126
4.49406
4.08722
4.36434
4.03051
4.39385
4.02134
3.42272
4.09910
3.65452
3.58219
4.13904
4.37216
1.41910
4.16734
4.32089
4.31913
4.00445
3.58701
4.12992
3.79386
4.34796
3.52305
3.60967
4.07116
4.21764
4.42295
3.90025
2.83075
4.18286
3.94416
2.32342
4.38650
4.17263
4.48862
4.31172
4.44860
4.28343
4.29279
3.08300
4.08779
4.20313
4.46855
4.38805
4.45858
4.34019
4.27672
4.36059
4.37889
4.45845
3.76931
4.43711
4.37150
4.34684
4.15806
4.22805
3.96642
4.38320
1.78238
4.38431
4.42446
3.72907
4.38043
4.16403
4.17397
4.41190
4.37370
4.19485
3.78782
4.46836
3.82076
4.37730
4.17763
4.38365
4.48109
4.49522
3.41622
3.77399
4.40046
4.15639
4.45876
4.37803
4.49456
4.25571
4.05693
4.40336
4.36324
4.16573
2.98609
4.35912
4.23539
4.28360
4.17058
4.36651
4.28774
4.12532
4.37190
4.48987
3.06809
4.37573
4.34849
4.09546
4.33380
4.35352
4.11308
4.05118
3.20054
3.96788
3.80704
2.88171
3.02167
3.93892
3.60580
4.12631
4.37927
4.12625
3.70696
4.30004
4.04988
4.20784
4.41993
4.42959
4.35289
4.33192
4.45470
4.15472
4.30974
3.64879
4.35141
4.52655
4.12861
4.40760
3.99050
4.04159
3.80046
4.44388
4.44577
3.22632
4.21675
4.01264
4.10388
4.24228
4.27714
4.32316
4.41104
3.81393
4.23635
4.45814
4.21880
4.42065
4.33543
4.37986
4.32711
4.48870
4.31115
3.19261
4.45621
4.14271
4.08964
3.51125
4.47212
3.58208
4.19529
4.36563
3.51120
4.33570
3.39654
4.22865
4.23449
4.28976
4.20365
4.30030
4.39984
4.27772
4.45070
4.42465
4.37693
4.01899
4.47976
4.13021
4.45080
4.33712
3.64746
4.03674
3.74208
4.17268
4.08766
4.30988
3.29396
4.20332
3.22258
3.79965
4.39254
4.14950
2.77279
4.05582
4.43554
4.40738
2.83652
4.19976
3.97024
4.43545
4.26618
4.27188
4.11425
4.44464
4.38891
3.25797
4.36687
3.20042
4.47754
4.32067
4.14073
4.28302
1.68896
4.15418
4.11922
4.38636
3.66335
4.31830
4.17228
3.88708
3.68408
3.80913
4.42530
4.23100
3.50871
3.82591
4.10031
4.18477
3.62624
4.33711
4.30710
4.13377
2.98052
4.49009
4.46965
3.76565
4.19417
4.49358
4.41267
4.40120
3.06292
4.45697
3.65996
4.02056
4.36814
4.47585
4.30502
4.43265
4.22178
3.00997
4.10920
3.71563
3.80526
4.27619
4.33251
4.40106
4.38872
4.22481
4.42709
4.30710
3.93077
4.20240
4.36538
4.47298
4.43078
4.28035
4.40505
3.83355
4.07141
4.39560
2.72074
4.31209
4.30456
3.85049
4.38056
4.42166
3.46631
4.35955
4.38535
4.44544
4.47919
4.10532
4.14813
4.24535
4.08923
4.46152
4.07085
4.03490
4.45217
4.10519
4.05541
3.92159
4.02400
3.37892
4.20769
4.39995
4.42855
4.24964
2.81804
4.38316
4.40554
4.25808
4.37800
4.37265
4.25275
2.98910
4.34073
4.07538
4.35513
4.18621
4.40759
4.36281
3.41105
4.35396
2.09482
4.08044
4.13296
4.41043
4.27103
4.01785
3.54713
4.02037
4.21870
4.16323
4.37479
4.34913
4.27125
1.65992
4.24380
4.07625
4.43771
4.23250
4.45915
3.18207
4.34648
4.00680
4.26386
4.32911
4.43579
4.12202
4.45231
4.13928
2.63511
4.16469
4.40001
4.39768
4.22510
3.97776
4.39697
4.11454
4.38768
4.26331
4.12637
4.32783
3.95640
4.40548
2.74803
4.36835
4.07794
4.35340
4.32224
4.22198
4.33441
4.41188
3.86425
4.38259
4.43881
4.07401
3.75716
4.32457
4.30614
4.15608
4.20769
4.45780
2.25685
4.15916
4.31262
4.38431
4.16594
4.44057
4.50324
3.69551
4.46636
3.83064
4.40953
3.84128
3.18828
3.81447
4.40798
4.32893
4.24332
4.41805
4.40870
2.36533
4.45003
4.33348
4.27536
4.36262
4.24736
4.37149
4.37947
4.10791
4.47874
3.96199
4.36694
4.26404
4.48392
4.02688
3.71596
3.08733
3.90894
4.27725
3.95456
4.03655
4.47248
4.28868
4.28291
4.39611
4.31477
4.46076
4.26982
4.31109
4.40420
4.47301
3.97205
4.09750
3.86422
3.90525
4.22657
4.19711
3.94658
4.38373
4.12799
3.92414
4.50412
4.39481
4.47900
4.30157
4.47609
4.41356
4.18390
4.44806
4.31081
3.58562
4.45812
3.33509
4.30260
4.44171
4.13839
4.29412
3.74383
4.43331
4.17723
4.17966
4.42404
4.31685
4.12359
4.39404
4.29112
3.94546
4.34080
3.84039
3.98763
4.24868
3.78609
4.32300
3.74282
4.08614
4.13853
4.23684
4.13425
4.16687
4.30225
3.97297
4.42650
2.44490
4.20898
4.26609
3.49587
4.34841
4.36903
4.46830
4.11728
4.45049
4.46282
4.49248
4.04874
4.21694
4.34626
4.40180
4.29758
4.41402
4.28760
3.86465
4.37192
4.39581
3.99905
4.02629
4.45167
4.11257
4.36503
4.51627
4.29187
4.30462
4.35836
4.38247
3.82871
3.92796
4.19932
4.12466
4.43492
4.30205
2.95803
3.17975
4.33500
4.27497
4.24025
4.46924
3.72225
3.59321
4.38991
4.24631
4.34951
4.02048
4.28468
4.10430
4.41264
4.47751
4.25515
4.06456
4.38362
4.39654
4.12833
2.59042
3.54825
4.15658
4.37365
4.25778
4.46452
4.20906
4.34373
4.43483
4.12190
4.13294
4.02811
4.13734
4.36407
3.90796
2.85230
4.39569
4.36357
4.22208
4.16984
4.08762
3.06322
4.44912
3.96311
4.22062
4.36493
3.85332
4.04721
3.71611
4.17360
4.37670
2.69880
4.23588
4.01884
4.30373
4.44476
4.12816
3.80224
4.33777
4.36689
4.44178
3.74489
4.26976
2.40504
4.49788
4.38357
3.82504
4.48071
4.24169
4.22715
4.35670
4.39395
3.38376
4.38150
4.14829
4.02682
4.45903
4.24716
4.28692
4.43262
4.26250
4.07332
3.36899
3.09671
4.06276
4.32478
4.40050
4.01187
4.32017
4.33638
4.45297
4.27784
4.44246
3.24706
4.24757
4.27512
4.41611
4.39605
3.87854
4.12613
3.21863
4.48880
4.42066
4.37843
4.30069
4.42395
4.39384
3.91410
3.43271
4.45724
4.32512
4.31107
4.34142
4.16725
3.71940
4.38656
4.25085
3.84682
4.20337
4.42319
4.40681
4.36413
4.43471
1.48384
4.44216
3.42742
4.19988
3.99912
4.08352
4.25043
3.95917
4.32120
4.47689
4.41239
4.18521
4.37074
4.40310
4.27472
4.41561
3.82068
4.30286
4.21091
4.40030
4.19837
4.45724
4.10501
3.59934
3.89758
4.36711
1.90317
4.24826
4.16174
4.12431
4.33750
4.36641
4.09721
4.39842
4.33944
4.37517
1.92599
4.34778
4.35651
4.27582
4.04755
4.21260
4.06242
4.38588
4.32123
4.16800
4.46752
4.08357
4.45042
2.94357
4.26649
4.08352
4.09659
4.30369
3.56602
4.06482
4.47408
4.37116
4.46586
4.04456
4.33465
4.29490
4.41269
4.46263
3.57377
4.15616
4.00984
3.89274
4.45171
4.42751
4.50039
4.26006
3.77265
4.43501
3.85518
4.40535
4.28831
4.28508
3.28883
4.47539
4.42330
4.43459
4.40827
4.21901
3.65744
4.28111
4.35007
4.23894
4.26318
3.55631
4.47524
4.50758
4.41877
2.77691
4.34593
4.27018
4.00704
3.69042
4.44085
4.12852
4.33763
4.37744
4.42973
4.44515
2.02658
4.36539
2.90226
4.42938
3.49609
3.95026
4.31261
3.74184
4.32770
4.31654
3.92081
2.76759
4.37416
3.27660
2.54675
3.74414
4.28214
3.72983
4.11299
4.22151
3.92219
4.38561
4.28623
4.04999
4.22297
4.27432
4.27803
3.81407
4.23707
4.17652
4.20668
4.11166
4.33105
3.78939
4.39434
4.37868
4.12739
3.94386
4.46426
3.79905
4.30172
4.19895
4.19654
3.98588
4.05908
4.23043
4.32261
4.20041
4.33601
4.05418
4.39197
4.00459
4.45009
4.48908
4.37191
3.50043
3.47246
4.23178
4.45093
4.34031
4.36388
4.04737
4.35098
3.56070
4.51922
4.22558
3.92696
4.44167
4.33784
4.46694
3.78224
3.98447
4.24070
4.11730
4.07100
4.37529
3.70916
4.05387
4.39790
4.22852
4.28656
3.85878
4.23402
4.41819
4.15624
3.85394
4.34645
4.20648
4.48195
4.41325
4.31651
4.13674
4.18340
4.20263
4.15145
4.11693
3.88265
4.01437
2.08207
4.09403
4.28488
3.74775
4.41939
4.10951
4.32945
3.50989
4.48622
2.74450
3.97299
3.84454
4.49472
4.43793
4.12736
3.35502
4.51740
3.83057
4.23124
4.26094
4.28884
3.87029
4.35793
4.16873
4.28708
4.14495
4.47522
4.02595
4.17035
4.40546
4.33704
4.47104
4.31839
4.01939
4.40768
4.25569
4.41857
4.26275
4.30758
4.41370
4.49140
4.38884
4.42465
4.11678
4.37646
3.33089
4.33010
3.94539
4.36871
4.31598
4.43064
2.91663
4.46133
4.40565
4.32541
4.46809
3.82370
4.34883
4.31542
1.87171
4.35625
4.44098
4.39295
4.12004
4.27245
4.39215
3.68479
3.98504
3.82947
4.27341
4.39696
4.29553
4.07567
4.01813
4.36699
3.87826
4.20037
4.50485
4.41111
4.31088
4.32396
4.31592
4.21937
3.73619
3.89773
3.81996
3.27890
4.29500
4.03952
4.00965
4.39248
2.72513
4.36302
3.96005
4.36631
4.36311
2.84807
4.34077
4.17126
4.27212
4.08209
4.39625
3.60185
4.06036
4.40344
3.55400
4.35787
4.14029
4.32560
4.37809
4.42690
4.20617
4.33442
4.42308
4.30073
4.29309
4.36120
4.44583
4.08344
4.39395
4.45663
4.28108
4.36813
4.13819
4.46486
4.00744
3.77569
4.12881
4.28336
4.27771
4.29792
4.27986
4.08106
4.05961
4.00603
4.02758
4.30706
4.46247
4.45371
4.42425
3.73906
4.39362
4.37486
4.45986
4.20059
4.32447
3.98482
4.34562
3.74681
3.65777
4.24010
4.13167
4.44848
4.15780
4.25091
3.89988
4.02815
3.20041
4.10434
4.39450
3.81461
4.45866
4.33403
4.32472
4.25835
2.00589
4.39553
4.26943
4.49474
4.19476
4.24632
2.74707
3.63971
3.94524
4.15333
4.28223
4.35381
3.87820
4.27878
4.14558
4.27928
4.44821
4.18121
4.33902
3.79483
4.26753
4.42338
4.32512
4.05891
3.95948
4.34439
4.31786
4.16067
4.10479
4.30696
4.52440
3.88328
4.35898
4.20419
4.35028
4.12855
4.42390
4.21682
4.36042
3.70559
4.20795
4.36758
3.93526
4.33657
4.36349
3.62963
4.27745
4.38761
3.99357
4.33691
4.07953
2.70249
4.14360
4.36915
4.19420
4.43844
2.38342
4.39223
3.46658
4.26834
3.63263
4.44923
4.10929
4.32233
3.11523
3.57986
4.15770
4.47501
3.22729
4.25733
4.29563
3.97020
3.91571
4.29548
2.38948
2.70134
4.11128
4.26361
1.67478
2.96804
4.31167
4.17174
4.29176
4.14026
4.07247
4.24328
4.26897
3.76015
4.03626
4.11003
2.30948
4.34775
4.35756
3.70269
4.41248
3.92364
3.89810
4.26653
4.45068
4.30125
4.47820
4.48130
4.15169
4.26618
4.35980
4.30411
3.39061
4.25839
4.40095
4.43253
4.24723
4.16146
4.47063
4.47274
3.70748
3.79505
3.48358
4.19039
4.42700
4.08261
4.44551
4.19224
4.47743
4.27004
4.42827
4.39977
4.30838
4.42366
3.50833
4.30595
4.42390
3.79439
3.79095
4.38991
1.74626
4.38974
4.24097
3.56084
4.46908
3.61530
4.31432
4.15204
4.14770
3.57903
4.44513
4.44835
3.87693
4.40964
4.26082
4.14435
4.34634
4.29575
4.10438
4.47418
3.07656
4.39618
4.31692
3.87672
4.23471
4.24589
4.20151
4.24715
4.45727
4.12240
4.08042
2.62087
4.32203
2.42364
4.43158
4.12534
4.24585
4.23621
4.40733
4.32288
3.85355
4.20598
4.27267
4.50851
3.19004
4.23550
4.26142
3.58895
3.91271
4.29777
4.46697
2.64001
4.43364
3.35436
4.39052
4.27977
4.47623
4.48857
2.69737
3.90019
3.93367
4.38534
4.37716
3.64881
4.23003
3.59177
2.50791
4.34486
4.47069
4.17760
4.42344
4.23527
4.43514
4.25260
3.81491
4.48914
4.39446
3.74420
4.34139
4.42530
4.12803
3.89822
4.42558
4.33042
4.32284
4.23407
4.31075
4.28637
4.44562
3.90588
4.33508
3.92539
4.08827
4.48063
4.08504
4.35652
3.92423
3.45306
4.05606
4.46734
3.84431
4.46772
4.31154
3.82157
4.13651
3.32975
4.11749
4.34587
4.33570
4.48194
4.37716
4.25217
4.38233
4.18187
4.43037
4.23952
3.47519
3.99837
4.50239
3.26308
4.12789
4.40872
4.40630
4.33202
4.24412
4.34255
4.37543
4.41864
4.26252
4.46946
4.37521
3.81622
4.24325
2.72417
3.93584
4.37337
4.22496
4.19744
4.19257
3.70624
3.13450
4.45989
2.00148
4.25756
4.17856
4.39089
4.36387
3.86062
4.31416
4.11591
4.21760
4.41044
4.49227
4.40222
4.26605
4.29424
4.29258
1.62313
4.27530
4.44735
4.29594
2.52832
4.35313
4.15664
4.38944
4.32908
4.28487
4.33598
4.50187
3.65435
4.14680
4.32646
4.39691
4.35792
2.92139
3.96015
4.21602
4.40879
4.49747
4.33665
4.37509
4.40316
4.45080
4.44107
4.33441
4.18149
4.20273
4.12197
4.40819
3.87488
4.39710
4.43111
4.32013
4.16523
4.30442
4.38646
4.20153
4.29464
4.40543
4.40758
4.23967
4.42177
3.55182
4.32503
3.71013
3.42238
3.53379
3.89506
4.14080
4.33960
4.16806
4.05608
4.44653
3.23309
4.41325
4.38024
4.45605
2.67225
3.85901
4.31990
3.83784
3.70306
4.40265
4.24228
4.31450
4.37943
4.16909
4.22667
4.19152
4.44625
4.22670
4.15652
2.01834
3.30628
4.49189
4.33364
4.09767
3.09056
3.41143
4.44223
4.04201
3.91370
4.45905
4.21233
4.10459
4.17864
1.61716
3.90227
4.18305
2.42762
4.31796
4.30057
4.11563
4.34833
3.77656
4.34508
4.21435
2.70081
4.22477
4.26141
4.45121
4.32460
3.20038
3.87373
4.06600
4.31362
4.33845
3.91732
4.43543
4.18124
3.98018
4.20504
4.32669
4.34307
4.14502
4.49664
3.55009
4.27577
2.15797
4.32986
4.05903
4.38330
4.18689
4.25624
4.32603
4.48407
4.17808
4.41000
4.39318
4.25253
4.39529
3.70190
4.45211
4.16328
3.53734
4.15458
3.93775
4.36945
4.43335
4.36407
4.38309
4.17346
4.37664
4.41300
4.06019
4.26634
3.00468
4.24928
4.30013
4.35201
4.30984
3.98440
4.29382
4.18997
4.32988
4.47452
3.96237
3.41785
3.90441
4.18175
4.35373
3.73993
4.37979
2.62463
4.11173
4.26743
3.43220
4.36055
4.20055
4.34202
4.50490
3.95398
4.45095
4.08138
4.42829
4.34405
3.32080
4.40944
3.78337
4.40703
4.45673
4.30328
4.31066
4.28926
4.23429
4.35395
4.33074
4.35014
4.24279
4.35276
3.90961
4.16859
4.15229
4.14196
3.99931
3.89824
4.37874
3.44822
4.44379
4.16207
4.50057
4.27365
4.34056
4.34734
3.54687
4.40011
4.37200
4.02037
4.16002
4.38290
3.92123
3.90285
4.48962
4.39410
4.39786
4.31073
4.37492
4.35095
4.00736
3.92636
4.41567
4.27889
4.27662
2.08962
4.28963
4.44397
2.35495
4.32045
4.16265
3.75026
4.34858
3.96923
4.34157
4.37578
3.97435
4.38475
2.50799
4.03929
4.36172
4.34575
4.29014
4.49856
4.23315
4.42573
4.33724
4.43431
4.41025
3.30508
4.46878
4.37890
4.40178
4.28563
4.17352
3.66143
4.32269
3.76484
4.23061
4.32135
4.47807
4.05808
4.11054
4.24720
4.17685
4.39117
4.14970
4.31917
4.12368
3.30132
4.08561
4.35527
3.87829
4.22668
3.03417
4.29041
3.75901
3.94339
3.63995
4.36417
4.41908
4.43124
4.11406
3.08900
4.29242
4.34925
4.34369
4.28218
3.20970
4.39878
4.38700
3.96806
4.36888
3.60771
4.47006
4.35123
4.34493
4.30651
4.17488
4.50571
4.08688
4.19284
4.31233
4.17045
4.19418
4.33316
4.39577
4.31345
4.41918
4.22645
4.06413
4.49200
4.16996
4.43969
4.37218
4.31518
4.28978
4.23264
4.44517
4.20592
4.35189
4.29390
4.20685
4.00955
3.24061
4.31646
4.37644
4.27118
4.24487
4.39947
2.83304
4.46615
4.17600
4.46235
4.07029
4.21687
4.47232
4.07603
3.95117
4.44389
3.71114
4.19870
3.91100
3.98085
4.28202
4.45510
3.95500
2.36424
4.39404
4.37084
3.85890
3.97047
4.47401
4.29380
4.37241
4.36194
3.83986
3.64788
4.29288
2.42459
3.96317
4.40779
4.25239
4.28811
4.45197
4.02502
4.35694
4.33853
4.04781
4.31168
4.24413
4.20343
4.08755
4.38844
4.46820
4.43115
4.11831
4.33181
4.39652
4.11140
4.30957
4.46133
4.20744
4.07279
4.42557
2.85199
4.29036
4.38290
4.07883
4.39273
4.07858
4.04423
4.26270
4.07023
4.26599
4.32395
4.41168
4.29411
3.91553
4.17944
4.50602
4.43891
4.33439
4.21554
4.08413
4.15792
4.16116
4.45770
4.40720
4.36394
4.22274
3.62970
4.15232
3.70186
4.27689
3.76555
3.96861
4.45495
4.31874
4.31779
4.25850
4.45267
4.20140
4.46446
4.26748
2.95121
4.41587
4.27849
4.30807
4.41694
4.36363
3.97759
4.18237
3.90199
4.39182
4.45734
4.01335
4.19886
4.44727
4.39782
3.91116
4.47367
4.36428
3.11979
4.43389
4.00190
4.35081
4.47612
4.24658
4.27380
4.29021
3.76088
4.15415
4.37765
4.30246
3.96668
4.50022
4.43656
3.66740
4.31129
4.21823
4.38529
2.98296
4.28964
4.05495
3.71386
3.76599
4.25894
4.00066
4.13047
4.43637
3.88908
4.26543
4.19943
3.27532
4.41584
4.37953
4.37613
4.50663
4.35150
4.24933
4.12828
3.32266
3.09226
4.28793
4.36357
4.34170
3.54502
4.32582
4.21210
4.31620
4.13728
4.19762
4.41356
4.43878
4.24757
4.33266
3.89312
4.39208
4.47389
4.09295
4.18436
4.47666
4.42285
2.40339
4.48761
4.34651
3.91418
3.99989
4.36084
4.04078
4.25786
4.18131
4.43315
4.21013
3.75985
4.33543
4.12317
3.47471
4.44130
3.99870
4.27715
4.04388
4.39084
4.33513
4.40730
4.17892
4.26149
4.16413
4.30402
4.28599
4.45167
4.11150
4.39141
3.65104
4.17352
4.26104
4.45057
3.93112
2.51093
4.35598
3.57080
4.06940
4.31859
4.32860
4.30181
4.24804
4.36970
4.04766
3.01533
4.34579
4.43572
4.34771
4.33624
4.27923
4.39822
3.02159
4.09696
4.44871
4.19239
3.72784
3.79559
4.38771
4.35757
3.74210
4.26922
4.05972
4.17353
4.08539
4.31874
4.33762
4.09679
3.53549
4.12401
4.44973
3.23658
3.88097
4.40893
4.00923
4.12935
3.68948
4.31606
4.25121
4.16404
4.15409
4.20562
2.79324
4.02741
4.35750
4.36757
4.18024
4.39878
3.37278
4.45436
4.21394
4.24452
4.30252
4.27381
4.45825
3.80824
3.99244
4.34963
4.42833
3.73603
4.46934
4.14704
4.31963
4.05107
4.36717
4.45369
4.20567
4.15675
3.87263
4.31149
4.40664
3.98129
4.31657
3.32352
4.14275
3.69266
4.41216
4.31998
4.20142
4.45860
4.47514
4.25018
3.79935
3.95857
4.38579
4.33062
3.47350
3.37890
4.22830
4.09306
3.95521
4.19374
4.47886
4.15035
4.18439
4.38328
4.46979
4.23988
4.28739
4.26800
4.45292
4.47884
3.37509
3.73466
4.21946
4.22227
4.12844
4.44479
4.15573
3.93478
4.06241
4.21694
2.75821
4.42347
3.91790
4.07077
4.28869
3.70595
3.41848
4.40679
3.99872
4.15723
4.32091
4.36321
4.36948
4.28361
4.30898
4.37334
4.33920
3.68736
4.42493
3.48222
4.33083
4.23301
4.47604
4.15785
4.38870
4.46013
4.09321
4.44158
4.45790
4.34008
4.05793
4.23009
4.18104
2.88777
4.12294
4.30842
4.20585
4.26214
2.44161
3.73297
4.33774
4.32591
4.48014
4.33654
4.10140
4.10604
4.22073
3.81183
3.44761
4.37000
4.34538
4.40805
3.84814
4.33925
4.38445
4.17484
4.44415
4.13778
4.24208
4.23280
4.15603
3.80035
4.46938
4.23572
3.72130
4.30260
3.47532
4.48234
4.29298
4.45823
4.40115
4.18784
4.29289
4.14983
4.47865
2.87454
2.88389
4.37057
4.51615
4.37766
4.31371
4.23134
4.48595
4.31115
4.34228
4.41085
4.20084
4.37698
4.37426
4.11114
3.96578
4.01741
4.49657
3.72010
4.38052
4.26599
4.21971
4.28693
4.05531
4.08775
4.16267
4.29360
4.35832
3.62523
4.37957
4.09402
3.48952
4.46119
4.28795
2.66052
4.41585
4.09004
4.32344
1.97685
4.09662
4.34504
4.36210
4.35288
4.43660
3.99988
3.84763
4.27519
4.40224
4.23085
4.31460
4.11868
4.28231
4.43596
3.90109
4.35046
4.38633
4.11289
4.42511
4.21366
4.31352
4.07901
4.14343
4.48257
4.23168
3.77028
4.37477
4.33837
4.14948
3.89276
4.27727
4.31308
4.36091
4.48014
4.34964
4.41308
4.37552
4.18478
4.27063
4.22197
4.38874
4.18745
3.68422
4.30122
4.45245
4.34992
4.37297
4.42203
4.21471
4.33854
4.16999
3.84767
4.37758
4.21322
4.23944
4.30369
4.47775
2.75621
3.94359
4.32859
4.47088
4.43205
4.43670
3.84950
4.26543
3.91994
4.45244
4.36045
2.22805
4.34118
4.46605
4.26304
4.12985
4.04701
4.15138
4.38932
4.39243
3.48826
4.47917
4.31764
4.47372
4.43885
4.28868
4.39019
4.29739
4.16256
4.25530
4.22952
3.68753
4.35232
4.25854
4.15842
4.40533
2.86550
4.49506
4.38246
4.41644
4.27661
4.38624
3.92705
4.35005
4.40049
4.15647
4.36531
3.73100
4.30236
4.41380
4.29608
4.21921
4.29433
4.43404
4.30597
4.34059
3.89680
3.91312
4.40473
4.44401
3.65152
3.68364
4.10770
3.88666
4.47801
4.08494
4.48605
4.17425
4.40616
4.36143
4.47109
4.18727
4.28900
4.40660
4.23840
4.48168
4.35172
4.27113
4.27190
4.37036
4.45740
4.07605
4.06888
4.25966
4.44705
3.97929
4.38389
4.17221
4.40810
4.33530
4.11277
2.91842
4.17889
3.96237
4.39756
4.48409
4.03127
4.31489
3.80966
4.19639
4.23289
4.40115
3.73457
4.27888
3.96849
4.10321
4.39805
4.11880
4.03526
4.22367
4.20561
4.24176
4.12275
3.57685
4.09329
4.08452
4.46830
4.08094
4.40183
4.41824
4.25140
4.34576
3.96589
4.43573
4.14052
4.09048
4.10884
3.87289
4.36165
4.31543
4.24042
4.44113
4.21282
4.05162
3.94559
4.42805
4.37487
4.47123
4.25355
2.76522
3.68800
4.27329
4.33451
4.40739
4.49565
4.36810
4.20064
4.45299
4.09494
4.02200
4.30275
4.42762
3.92909
3.96410
4.48008
4.36800
4.00168
4.45645
4.41291
3.98309
4.52147
4.08298
4.11077
2.27665
4.29582
4.31175
4.36028
4.46111
4.42840
4.44144
4.31943
4.08963
4.41267
4.17937
4.37734
4.43485
4.20000
4.31693
4.40173
3.48797
4.06461
4.32178
1.95447
4.15589
3.15969
4.34730
4.40936
4.27006
4.19319
4.06763
4.28064
4.07235
4.33450
4.17652
2.56836
4.18342
4.24077
4.11236
4.23352
4.49014
3.84733
4.28198
4.16754
3.58990
4.12981
4.25476
4.47574
4.29681
4.39906
3.94113
4.29085
4.17142
4.19230
4.24640
3.96777
4.14257
4.29042
4.16758
4.46317
4.49243
4.51122
4.28244
4.28109
4.50418
4.16078
4.16963
2.68551
4.37287
4.39468
4.08547
4.43223
2.15710
4.03548
4.22251
4.43131
4.44536
3.76634
4.39463
3.88946
4.24123
3.00211
3.89957
4.21453
3.99272
4.36952
4.40475
4.48349
3.04338
4.37266
3.61426
4.26299
3.78628
3.95818
4.12052
4.32112
4.03084
4.08591
3.97355
3.64340
4.23292
3.37965
4.35301
4.34775
4.30806
3.45638
4.15827
4.21998
4.11688
4.07892
3.79882
4.39081
4.08646
4.29763
3.83404
3.54838
4.42733
4.13675
4.40885
4.35850
3.96127
4.41500
4.02136
4.20126
4.34349
3.68617
3.82654
4.19118
4.06369
4.46672
4.10038
4.46932
4.21224
4.30610
4.41072
4.35632
4.48001
4.37055
3.48757
4.48604
4.48415
3.73230
4.27362
4.39355
3.22990
4.41497
4.43900
4.31697
4.39067
4.36148
4.39434
3.14850
4.32720
4.19718
3.97571
4.40842
4.36860
4.00395
3.95510
4.42403
4.24557
4.46870
4.29407
3.82333
4.41210
4.44394
4.22587
4.28999
4.49493
4.07272
4.29995
4.30136
4.18966
3.91459
4.22563
4.47076
4.18731
4.00016
4.30538
4.33156
4.19478
4.46068
4.42528
4.27761
3.85341
2.69131
3.98642
4.16602
4.27585
4.27919
4.39215
3.70659
4.45539
4.34940
4.15872
4.24734
3.91326
4.26310
4.11565
4.15663
4.06178
3.92318
3.32269
4.42773
4.16301
4.35710
3.80920
4.00292
4.33445
4.37009
4.44785
4.24222
4.29947
4.06735
4.40625
4.29953
4.35879
4.37604
4.27430
4.34312
4.20113
4.25829
4.27411
3.51528
4.04146
4.24276
4.12871
4.15704
4.48539
4.44344
4.15673
4.23089
4.22746
3.05414
4.17211
3.60637
2.49664
4.37138
4.21589
4.19330
3.93403
4.32186
3.60025
4.09937
3.71239
4.38385
4.41524
4.33164
4.18506
4.35166
4.23046
4.47216
4.11429
3.77497
3.91358
4.02671
3.72381
4.31911
4.37260
4.45824
3.32695
3.98394
4.45018
4.40713
3.67993
3.16593
3.95439
4.37300
3.90286
4.40669
4.31640
4.03089
4.45467
4.42756
4.38737
4.50978
4.11952
2.91812
4.33272
4.27976
4.35305
4.39573
4.35942
3.47930
4.47256
4.42482
3.70538
4.39199
3.93817
4.33798
4.32035
3.93613
4.39143
3.50535
4.35339
2.71526
4.24145
3.39577
4.06959
4.32143
3.86233
4.35424
4.39428
4.40146
3.35564
4.31419
2.62987
4.37427
4.40174
4.19889
2.95980
4.44233
4.50156
4.29401
4.42331
4.11774
3.58820
2.94602
4.36250
4.46478
4.42503
4.43062
4.03272
4.27301
4.31923
4.17279
4.01411
2.68265
4.06194
4.21637
4.07367
4.45902
2.84326
3.89265
4.35007
4.18003
2.03484
4.48405
3.98630
4.12291
3.33988
4.24024
2.85660
4.23491
4.22346
4.39574
3.97711
4.49397
4.36531
4.05836
4.37894
4.30161
3.70668
4.38787
4.08877
4.06748
4.25405
4.40657
4.11987
3.59969
4.28750
3.97989
4.17828
4.31671
4.47744
4.42350
4.31446
4.40368
4.46213
4.23832
3.71309
4.31444
4.40443
4.16762
4.35064
4.42465
4.29961
4.13057
4.35989
4.40977
4.42546
4.06387
4.48282
4.47849
4.47636
4.34710
4.10371
4.41332
4.31751
4.40847
4.36419
4.13621
4.30431
4.42192
4.20816
4.24142
4.42617
4.16654
3.81601
4.12768
4.43238
3.73344
4.34133
4.30962
4.32713
4.44068
4.37656
3.89370
4.41491
4.35105
2.93311
4.38421
4.36244
2.60458
4.41122
3.90263
4.31111
3.73727
4.09705
3.55779
3.93676
4.18993
4.42911
4.46726
3.32503
4.09982
4.25951
4.34212
4.34517
4.46687
4.22373
4.36617
4.36966
4.43648
4.42703
4.09950
4.24336
4.24351
4.20256
4.10353
4.18995
1.97716
4.16355
4.46042
3.91278
4.02376
4.38194
4.17721
3.78231
3.79120
4.23932
4.43349
3.93611
4.22326
4.23529
4.39413
4.47840
4.07122
4.34585
4.29971
2.76966
4.48869
3.91912
4.37116
3.79322
4.28563
3.57213
3.62663
4.15607
4.09885
4.41685
4.23839
4.21711
4.32451
4.49743
4.18238
4.44124
4.36239
3.90607
3.23980
4.24192
4.29811
4.33971
4.31512
4.28751
4.32046
4.40672
4.27419
3.77237
4.26222
1.89275
3.97795
4.32095
3.65658
4.27900
4.31999
3.49129
4.42910
4.42687
4.19436
4.07236
4.38681
4.17620
3.61789
4.23969
4.35816
2.47772
3.40693
4.06066
4.44256
4.34489
4.25222
4.46371
4.30549
4.29282
4.23412
3.63668
4.06785
4.41888
4.35654
4.27725
4.12105
3.95930
4.08505
3.76305
4.44610
4.36506
4.40875
4.30878
4.40726
4.36565
4.24005
4.44712
3.92271
4.06644
4.32846
4.23706
4.47838
3.95475
4.25641
3.08872
4.30755
4.40326
4.27321
4.32558
4.29258
4.43484
4.37249
4.22003
4.11781
4.24909
4.22495
4.41906
4.18117
4.29717
4.43812
4.29589
3.96193
4.24247
4.15066
4.40499
4.40478
4.13787
3.89886
4.38246
4.33572
3.40282
4.34809
4.38155
4.32280
4.34182
4.33120
4.30655
4.39954
4.40053
3.85943
4.22509
4.42213
4.37263
4.38776
4.43049
4.41000
4.23177
4.00303
4.34324
3.81413
4.26434
4.45424
4.39444
4.27244
4.42822
4.13689
4.40755
4.40142
4.25612
4.36026
4.37473
3.80661
4.11106
4.46062
4.13814
3.90795
4.29203
4.32712
4.32739
3.63355
4.20550
3.91074
4.24558
4.28355
4.36883
4.47693
4.07648
4.28319
4.40927
4.44164
4.48865
3.75819
4.41517
4.25748
4.09709
3.96297
4.40423
4.39394
3.54341
4.32384
4.26062
3.39628
4.14236
4.34310
4.46307
4.44407
4.36662
4.45529
4.48414
3.88505
4.31715
4.35025
4.41015
3.86956
3.80312
4.42642
4.37973
4.43683
3.96462
4.40781
4.45331
4.15856
4.22475
4.48089
4.36431
4.34633
4.07526
4.45642
4.37291
4.13473
4.18117
4.45662
2.59062
4.22580
4.42037
4.20328
4.40131
4.46965
4.47653
4.28560
4.37036
4.49142
4.35874
2.92108
4.42801
4.45953
3.96590
4.20313
4.13308
4.29138
3.98733
4.46262
4.45677
4.34865
4.22274
4.41029
4.20419
4.37749
4.07253
4.46244
4.16451
3.19817
3.39269
4.44539
4.34298
4.01519
3.87087
4.42173
3.89401
3.06364
4.32442
2.88591
3.83133
4.30197
4.07481
4.10245
4.31460
4.10310
4.05392
4.35216
4.45101
4.03170
4.22566
4.31595
3.18239
4.39254
4.10335
4.43276
4.08980
3.50253
4.32053
3.81630
4.39067
4.28025
4.02196
4.32594
3.99552
4.31686
4.25830
4.24688
2.94587
4.06011
3.97439
2.32868
4.38626
3.66196
3.66471
4.14397
4.38029
4.08381
4.36207
4.21984
4.36464
4.11679
4.08879
3.31901
3.23450
4.30329
4.21933
4.35431
4.37251
3.89184
4.26121
4.33026
4.34696
3.25258
4.18148
4.25916
4.33094
4.26561
4.29659
4.14773
4.36903
4.37506
3.98714
3.59763
4.05764
3.57715
4.11781
4.09388
4.29408
4.28290
4.45305
2.70851
4.36990
4.34885
4.25443
4.47391
4.35774
3.21226
2.75970
4.33972
3.83766
4.16238
4.11930
4.26826
4.43175
1.55237
2.07185
4.07981
4.45219
4.39425
4.45226
4.39490
3.57156
4.35611
4.34698
4.12154
4.40220
4.34071
4.41189
4.25437
4.25358
4.23256
4.32067
4.16576
3.16758
4.40922
4.32588
4.07976
3.02937
3.99786
4.12514
2.95636
3.69375
4.26986
4.01888
4.31311
4.45706
4.41541
4.48161
4.09528
4.40466
4.38458
3.97269
4.29617
4.28617
4.41325
4.08348
3.38822
4.42428
3.07142
4.30458
4.04108
4.32710
4.36997
4.24967
4.35732
4.28729
4.32117
4.03954
4.23499
4.28192
3.51985
4.30349
4.20345
4.39286
4.38685
4.23585
4.39916
4.32299
4.44007
4.16187
4.18697
3.99614
4.09166
3.96045
4.35552
4.26765
4.34350
4.31181
4.21147
4.12894
4.25390
4.13150
4.09575
4.32691
4.29561
4.38861
4.34172
4.28517
3.98653
4.37412
3.69170
3.66672
3.51503
4.11498
4.28028
4.32326
4.47798
4.31512
4.41643
4.31908
4.39128
4.12946
3.25692
4.38778
4.11380
4.23496
4.32043
4.24626
4.37784
4.22348
4.41727
2.60622
2.95332
4.45705
3.87144
4.02000
4.22717
4.11813
4.42255
4.37166
4.46477
4.27576
4.42134
3.97069
3.93345
4.34255
3.07170
4.20282
4.27225
4.38359
4.43229
4.20909
4.39382
4.45829
4.38154
4.20475
3.89859
3.87689
4.38779
4.30497
4.15728
4.37084
3.89102
4.31176
4.29283
4.08111
4.26806
4.41718
4.08798
3.44647
4.26602
4.46380
4.38888
4.09251
4.42396
4.25902
4.46803
4.32180
3.40635
4.41616
3.39746
3.95180
4.24819
4.14615
4.02463
2.54361
4.17062
4.47002
4.30774
2.98962
4.47941
4.17496
3.69181
4.32154
4.35753
4.36760
4.27934
4.22396
3.77344
4.15372
4.27298
4.41979
4.47670
4.33768
3.63803
4.38127
4.14723
4.45456
4.44756
4.11399
2.92120
4.31533
4.29623
4.28315
4.25323
3.96134
3.89407
4.13427
2.54019
4.45233
4.06579
4.24527
4.37646
4.34246
4.33747
4.27986
3.96699
2.62397
4.05321
4.17155
2.65939
3.55315
4.32744
4.19128
4.40531
4.12797
4.33631
4.32231
4.11241
3.62512
4.43910
4.36878
4.33078
4.37552
4.46970
4.38592
4.45881
4.37225
3.00292
4.28531
3.96007
4.11630
4.23579
4.32275
4.33578
4.26973
4.27692
4.07417
4.42236
4.28446
4.24951
4.34966
4.20323
4.28928
3.59072
4.36316
4.34150
4.38520
4.37203
4.29311
4.41061
1.95164
4.47864
4.41487
4.12387
4.37365
4.43253
4.41379
4.42692
4.45162
3.92893
4.09214
4.33065
4.28692
4.13770
3.61478
4.41201
4.11389
4.21650
4.48922
4.34189
3.99338
4.47070
4.14703
4.22214
3.62745
3.56798
4.30467
4.24181
4.29584
1.21899
4.22149
4.26988
3.62441
4.31254
4.23095
3.79435
3.97459
4.44725
3.13788
4.12453
4.11306
4.43695
4.45166
4.02551
3.53062
4.39695
4.45288
4.16503
4.33023
4.08819
4.40590
4.48971
4.44251
4.46513
4.31171
4.29431
1.92557
4.06366
4.39974
4.07088
4.23027
3.94628
4.35571
4.20480
3.78522
3.07576
4.41932
4.41331
4.29347
4.27963
4.16418
4.28670
4.29922
4.17978
3.98773
3.72023
4.48925
4.19522
4.47628
3.42474
4.38373
3.78213
3.96042
4.51109
4.01809
4.45988
4.43965
4.20424
4.06272
4.08890
4.41101
4.40083
4.24524
2.23207
4.08160
4.40550
4.34575
4.20805
4.34208
3.93891
4.24275
4.39619
4.38336
4.40729
2.43589
4.38209
4.27220
4.19082
4.41164
4.23644
4.30378
4.29988
4.12503
4.48611
3.59728
4.29682
4.15792
4.52453
4.01114
4.45936
3.87656
4.18540
4.15355
2.76365
4.36422
4.19583
3.61708
2.81724
3.31243
2.66176
4.06148
4.50696
4.32539
4.30177
4.45999
4.15197
4.04446
3.69276
4.00243
2.65163
4.27837
4.37218
4.21802
4.37347
4.32851
4.20888
4.36060
4.39323
4.27594
4.45091
4.14007
3.39786
4.33417
4.46938
3.96109
4.40041
4.18661
4.29614
4.50294
4.43538
4.31480
4.05802
3.84813
3.34465
4.18322
4.44611
4.26712
4.37132
4.45632
4.08243
4.32516
4.42583
4.31627
4.35906
3.58109
4.12766
3.69399
4.38261
4.24618
4.44822
4.45245
4.33947
4.01701
3.72621
4.03781
4.44521
3.75354
4.10277
4.38236
4.42163
4.48008
4.37167
3.46866
4.30501
4.05320
3.81339
4.03825
4.45915
3.83510
4.37996
2.56828
4.32530
2.92791
4.40726
4.39607
4.21160
4.19651
4.42065
4.18078
4.43166
4.27342
4.23532
4.29153
4.09101
4.33276
4.17933
4.27923
4.29526
4.38845
4.44023
4.42438
2.50136
4.39637
4.35508
3.82339
3.40876
4.25738
4.35576
4.19366
4.40674
4.39770
3.99952
4.50323
3.02335
4.43399
4.38745
4.47019
3.86386
4.30526
4.22844
4.30513
4.07502
3.79166
4.24277
2.63693
4.15924
4.38778
4.46310
3.00246
4.51557
4.38462
3.67336
4.20724
4.40255
4.30220
2.60061
4.27428
4.34878
4.34211
4.49258
1.59076
4.24849
2.11146
3.71821
4.18902
4.32334
4.10320
4.38894
3.85647
4.35401
3.37209
2.85078
4.35337
4.31765
3.93617
2.10622
3.80634
3.92389
3.59968
4.37718
3.67946
4.41516
4.43675
3.64798
4.42280
4.20763
4.50212
4.10535
4.44295
4.44753
4.29337
4.05080
4.40684
4.34057
4.47058
3.85672
4.16803
4.42133
4.31343
4.40294
3.91942
4.24351
4.40624
4.28132
4.30038
4.31584
4.37550
4.06440
3.58628
4.03770
3.93036
2.68548
4.27969
4.20996
4.36227
4.28424
4.16429
4.33763
4.08457
4.30990
4.07481
4.19727
4.34123
4.23784
4.31523
4.27008
4.36169
4.23368
4.43227
4.11576
3.09681
3.92017
3.99912
4.26190
3.66307
3.19641
4.11263
4.43419
4.39775
4.17771
4.15117
4.43245
4.04159
3.99148
3.96562
4.18622
2.93611
4.45411
4.38926
4.35326
4.27258
4.45750
2.83050
4.33684
4.46301
4.36572
4.12417
4.42367
4.06473
3.06809
4.41142
4.14614
3.70184
4.21883
4.42257
3.88062
4.37902
4.05120
4.03906
4.17940
4.10338
3.74209
4.18208
4.23282
4.47050
4.05600
3.82412
3.72253
3.88443
4.47464
3.54711
4.42933
4.36021
4.42987
3.70005
4.17079
4.25326
4.43006
3.64853
4.22350
4.41916
4.42524
4.06557
4.33623
4.18536
4.17031
4.13812
3.90313
3.40552
4.37841
3.48097
4.03574
3.36401
4.40400
4.31866
4.43241
4.27375
4.39532
4.42841
4.34341
3.86769
4.39172
4.13020
4.40443
4.47435
4.06094
4.47018
4.14079
4.31855
4.32933
4.01832
4.45450
3.53658
4.29765
3.54359
4.17397
4.29385
4.04986
4.50535
4.42715
4.19197
4.41576
4.12043
4.49734
4.41526
4.19017
3.17790
4.50245
4.23713
4.19341
4.39606
4.36959
3.66562
4.08531
4.32879
4.44885
3.22252
4.23655
4.36770
3.86464
4.21269
4.38844
4.25869
4.33923
3.69615
4.31513
4.14944
3.72982
4.27079
4.10448
4.20511
3.41069
4.18349
3.96015
2.19987
3.91980
3.53591
4.40188
4.40736
4.09838
4.40345
4.26595
3.70968
4.41856
3.17921
3.37781
4.33191
3.90770
4.18597
4.23398
2.66629
4.38801
4.42198
4.20766
3.38088
4.08000
4.29520
3.07497
3.88229
3.23559
3.91718
4.29653
4.34494
3.43567
4.28023
4.32853
3.88596
4.22929
4.40030
4.37226
4.34907
4.24328
4.27800
4.35819
4.24762
4.44136
3.89739
2.37762
4.44332
3.25722
4.25277
4.40624
4.17108
3.25414
2.15594
4.45764
4.33195
3.76576
1.77097
4.18186
2.95162
4.46461
4.27942
4.36818
4.02598
4.32020
4.25426
3.24387
4.27944
4.18869
3.80332
4.31284
4.34496
4.42277
4.50911
3.91494
3.93562
4.25025
4.07854
4.19604
4.36036
4.33850
4.08422
4.17296
3.46128
4.45864
4.30315
4.47904
4.37658
4.11841
4.24675
4.39555
4.37246
3.65903
4.26798
3.59941
4.45209
4.22140
4.15603
4.44755
4.06734
4.40303
4.40615
4.31738
4.37807
3.99284
3.80704
4.38395
4.37192
4.31780
4.45826
4.42845
4.27901
4.20802
4.11113
4.25637
4.40093
4.10327
4.46937
4.05728
4.06880
4.15906
4.33977
4.38015
4.21629
4.19540
4.34325
4.43362
3.69582
4.39457
4.36121
4.36330
4.43062
4.41397
4.06952
4.38651
3.94985
4.44385
4.20815
4.16761
3.07588
4.43919
4.34112
4.35610
3.56611
4.40464
4.40056
3.84692
4.33078
4.18630
4.22546
4.25232
3.94941
4.14898
4.16075
4.36961
4.41487
4.25992
4.42238
4.25874
4.40426
2.88084
4.24807
4.09175
4.29425
4.28463
2.25341
4.22165
4.44838
4.46456
4.37921
4.33481
4.42531
4.40587
4.19776
4.33295
3.70591
3.66732
3.61711
2.99356
3.45096
4.08535
4.37994
4.44277
2.97301
4.41084
4.43527
4.29637
4.34377
4.27669
3.50631
4.22447
4.46583
4.00406
4.16704
3.46756
4.48025
4.29417
4.22626
4.18716
4.08930
4.38451
4.32407
4.26022
4.46402
4.47075
4.12616
4.42372
4.41598
3.90889
3.16451
4.41639
3.89203
3.20245
4.47050
4.42917
2.51325
3.90764
4.38987
4.31688
4.30567
3.95145
4.13669
3.91036
4.36053
4.20346
4.31801
3.33216
4.09407
4.16711
4.15834
4.43775
3.52252
3.48635
4.49712
4.37715
4.37171
4.26754
4.22358
4.20248
4.33836
4.40891
3.50533
4.12872
3.75483
2.45552
4.42318
4.34909
4.41395
4.19370
4.04498
2.73711
4.43969
4.35854
4.22407
4.03125
3.70787
4.14433
3.09151
2.34064
4.19612
3.60675
3.92821
4.26308
3.39527
4.25491
4.39310
4.46254
4.31902
3.86662
3.73591
4.45230
4.11228
4.43216
4.16421
4.13842
3.78839
4.24607
4.34712
3.94153
3.99508
3.69023
4.39194
3.98694
3.81896
3.99770
4.09627
4.21740
4.20885
4.35766
4.31579
4.46484
4.43866
3.93521
3.24574
3.84066
4.36808
4.29671
3.06987
4.37983
4.36256
4.44785
3.96872
4.44664
4.18742
4.45667
4.27773
4.37615
4.00964
4.32711
4.34057
4.42515
4.31320
4.49106
4.35571
4.25539
4.30129
4.15166
4.07542
4.06916
4.42849
4.43357
4.35757
4.48099
4.36291
4.09913
3.44921
4.45815
3.91052
3.24096
4.09290
4.03028
4.31451
4.49368
4.38699
4.42035
4.36826
4.17744
4.18908
4.36236
4.17506
4.11116
4.20751
4.40115
4.47653
4.39755
4.33379
3.92903
3.40129
3.92547
4.25375
4.42606
4.16075
4.06116
4.36062
4.18337
3.45575
4.46970
4.25007
4.18907
2.66604
4.40979
3.78582
4.25865
4.28676
3.16550
4.10604
4.15479
3.92343
1.92783
4.28074
4.45521
3.88497
4.36809
4.32608
4.10936
4.44279
3.54510
4.40805
4.42513
4.18917
3.55239
4.41056
4.12987
4.29833
4.21284
4.12406
4.23659
4.23785
4.23366
4.34325
4.05683
3.78193
4.37993
4.44643
4.16906
2.66232
4.37815
4.37516
1.76067
4.43570
3.76084
4.11992
2.82989
3.61234
4.27746
4.23769
4.40114
3.35721
4.39219
4.33944
4.31690
4.22589
3.75309
4.31052
3.16102
4.41359
4.48724
4.19404
4.13523
4.30780
4.34559
4.07025
4.35952
3.93554
3.70267
3.60810
3.76297
4.47377
4.36489
4.26504
4.47586
3.63164
4.40461
4.35008
3.81624
4.26944
4.40717
4.45887
3.83745
4.04946
4.32958
4.35490
4.38316
4.42348
4.40733
3.99896
4.48169
4.43627
3.69562
4.39131
4.29437
4.39480
4.22109
4.22617
4.28974
4.17484
3.97668
4.37787
3.96758
4.26508
4.34950
3.64325
4.11406
4.27292
2.84645
3.75028
4.29082
3.73267
4.40480
4.24810
4.46088
2.90761
4.13473
3.76587
4.18135
4.34366
3.41400
3.85785
4.24150
4.12542
4.32786
3.42967
2.42236
4.23282
4.45523
4.20003
3.93982
4.36720
3.94413
3.90711
4.30047
4.07631
4.02507
4.24709
4.36375
4.37311
4.47575
4.49293
3.39535
2.44225
4.13375
3.97898
4.38343
4.34617
4.32701
3.98924
4.30105
4.08236
3.56691
4.29371
4.13939
3.96362
4.32112
4.50519
4.42017
2.84611
4.33828
4.22178
4.37745
3.93248
3.31529
4.30098
4.17682
4.30924
4.31042
4.17490
3.28886
4.37081
4.08625
4.41126
4.05135
4.16946
4.47036
4.23897
4.39301
3.91292
4.33160
4.29979
4.38222
4.30830
4.24277
4.32971
3.98442
4.22004
4.27928
4.11332
4.16607
4.46130
4.45562
4.12842
4.26917
4.34552
4.05854
4.43030
4.22441
4.20312
4.45488
3.95576
4.07843
4.41631
3.93197
2.79798
4.19891
4.36331
3.81965
4.39515
4.43304
3.71893
4.19346
4.03171
4.33087
4.25108
3.75640
3.73707
3.95035
4.22331
3.50721
4.40456
4.32100
4.49785
3.77885
3.73711
4.25503
4.44945
4.21443
4.43159
4.50036
4.37053
3.93071
4.31594
4.14045
4.29882
4.35210
4.48425
4.32859
4.04642
4.41270
3.92759
4.15562
3.35912
4.41359
3.87301
4.15755
4.32417
3.59303
4.21935
4.14022
4.16848
4.04919
4.39872
4.43639
2.92356
3.98561
4.47842
4.22777
4.42504
4.45878
4.30369
4.43702
4.31013
4.35028
4.42803
4.10668
3.86906
3.95537
4.30270
4.28560
4.30358
4.27361
3.92559
4.21121
3.93495
4.46184
4.13405
4.40817
3.08929
4.41432
3.85993
4.28080
4.34048
4.36599
4.41109
4.30587
3.76276
3.82844
3.44108
3.95307
3.93908
3.29358
4.41666
4.43084
3.31166
4.44173
4.46957
4.42212
3.90617
4.39672
4.01390
4.23070
4.20830
3.69193
4.39729
4.39900
4.40728
4.09318
4.26334
3.85456
4.49687
4.45890
4.12685
2.74514
4.26682
3.92787
3.21676
3.88064
4.40362
4.24116
4.26302
4.07717
3.92001
3.32482
3.92289
4.36030
4.39337
3.83829
4.39688
3.97501
3.89931
4.39466
4.21239
4.26997
4.25129
4.37710
4.39090
3.63412
4.41896
4.36459
2.00900
4.42442
4.41028
4.36115
4.46170
4.00374
4.38963
4.36857
4.18718
4.42050
3.91842
4.47102
4.47196
4.13198
4.21383
4.22098
4.28776
4.26738
4.10719
4.19881
4.00561
4.46993
4.40842
4.41334
4.14219
3.81743
4.35257
4.43887
4.48463
4.53134
3.83833
4.48962
4.39489
4.39453
4.43205
4.04466
4.46571
4.37478
4.44205
4.29650
2.59595
4.30082
4.11556
3.77127
3.55346
4.19804
4.08377
4.44379
4.43629
4.33680
3.85341
4.19516
3.99560
4.45722
3.75864
4.38474
4.46397
4.38374
3.69010
4.41197
3.97167
3.88230
4.13161
3.62590
4.22789
4.22465
4.29726
3.57241
2.59914
3.54463
4.08216
4.39810
3.29742
4.29678
4.24950
4.49843
4.27682
4.34279
4.26914
4.33297
4.35117
4.12015
3.65509
4.29763
4.42543
4.46208
4.41874
4.44480
4.03861
4.39805
3.89854
4.46279
4.38347
4.37382
3.66510
3.99019
3.64575
4.06749
4.43227
3.87413
4.20462
4.31677
4.28885
4.48098
4.15830
4.13168
4.39932
4.43080
4.35082
4.16130
3.76112
4.17305
4.43323
3.91508
3.73680
4.29620
4.39193
4.41067
4.20305
3.49209
4.21984
4.32210
3.85148
4.29096
4.34692
3.73412
4.53086
4.22686
4.36556
4.44092
4.38294
4.39003
4.37821
4.33250
3.97463
4.39343
4.26475
4.45631
4.23011
3.51602
3.51121
4.01430
4.24870
4.42921
4.42616
4.37886
3.77418
4.45216
4.47459
4.16162
4.13220
3.85979
2.50631
4.03986
4.49047
4.44439
4.35844
4.09902
4.30873
4.15872
3.10330
4.38398
4.21852
2.02606
4.29466
4.31304
4.46978
4.42973
4.14465
4.30847
3.92804
4.42082
4.02084
4.15954
4.36281
4.30089
4.23601
3.96783
4.36927
4.48961
3.00208
4.02722
4.11483
4.31657
4.40003
4.29405
3.87200
4.43792
3.92578
4.12264
3.93618
4.46273
4.40976
4.18343
4.43837
4.34704
3.94097
4.40193
4.34336
3.43107
3.76954
4.39815
4.33947
4.11951
4.43396
4.38909
4.38042
4.13212
4.37926
4.20887
4.18438
4.20642
3.86955
3.96812
3.93871
4.18194
4.47422
3.95288
3.89734
4.44681
4.36478
3.85221
3.76867
2.20395
4.34467
4.43016
4.40285
4.33947
4.20882
3.90524
4.38822
4.42041
4.33087
4.05753
4.43957
3.86595
4.40812
4.07114
3.69474
4.21269
4.41697
2.65098
4.31720
4.24168
2.38951
4.36696
3.83363
4.46187
4.37105
2.55270
4.44314
4.34716
2.65879
4.44613
3.55164
4.09523
3.87105
3.91808
3.93821
4.45225
4.38947
4.29105
4.19208
4.26714
4.31565
2.70584
2.93678
4.34991
4.45725
3.77933
3.76352
4.23583
3.87377
3.29634
4.26828
3.99916
3.35338
4.43847
4.26669
4.20488
4.36998
4.41578
3.77537
4.28171
4.19547
4.35213
4.41205
4.23776
2.71537
4.33787
4.30493
4.43985
4.37975
4.44273
4.44127
4.45134
3.93558
4.43520
4.42145
4.15843
4.31791
4.33817
4.21068
4.23156
4.19194
4.46867
3.51798
4.43712
4.40004
4.28547
4.09199
4.28832
3.99267
4.39378
4.26876
4.21879
4.30762
4.14176
4.46520
4.45642
1.86915
4.28809
3.77167
4.34647
4.49501
4.20349
4.43997
4.47380
4.38740
4.33672
2.79146
4.30135
3.75843
4.12996
4.27575
4.43486
4.51994
4.36447
3.90659
4.42485
4.43561
4.45793
3.91309
4.40015
3.44173
4.38719
4.10298
4.41434
2.30550
4.31577
4.50678
3.83082
3.34966
3.71097
1.58175
2.23583
4.43083
4.33039
4.46840
4.39385
4.38905
2.93154
3.87675
4.17578
4.35295
4.25854
3.80904
4.14365
4.13203
3.94272
4.45759
4.50225
4.36475
4.11768
3.94325
4.39936
4.16333
4.36687
4.26048
3.61982
4.49083
4.37405
4.27802
4.41726
4.21750
4.20903
4.14800
3.37640
3.88051
4.42894
3.96392
4.14676
4.40788
4.24236
3.85013
4.08792
4.21709
4.51814
4.35453
4.43863
4.13600
4.41941
4.18973
4.20539
4.36682
4.43275
4.47746
4.46745
4.21030
4.02874
3.74046
4.26190
4.19836
3.67349
4.06718
4.46266
2.54264
4.52434
4.01238
4.47329
4.42729
4.34604
3.86426
4.46305
4.40190
4.23098
4.40180
4.44760
4.36505
4.06798
4.02905
3.90913
4.43932
3.94765
4.43207
4.25073
3.09323
4.40224
4.34022
4.04800
4.11258
4.42214
4.10086
4.11343
4.23603
4.44388
4.29038
4.16687
4.39917
3.90616
4.38465
4.35852
2.80016
3.84216
4.42927
4.44381
3.88051
4.12604
4.46556
4.37137
4.21766
2.81930
4.35933
4.43641
3.92692
4.43254
4.28163
3.81898
4.47709
4.47812
4.38779
3.90095
4.32324
4.35756
4.36377
4.22506
3.99202
4.38244
4.08869
4.12373
4.16393
4.11582
4.28353
4.32841
4.42424
4.24753
4.45642
4.46525
4.35538
4.38762
4.08085
4.02853
4.24815
3.63569
3.92779
4.41507
4.20546
4.07444
4.41844
3.82018
3.96277
4.48521
4.05525
2.99113
4.11987
4.36646
4.29800
4.20325
4.30230
4.38496
3.72183
4.18816
3.45432
4.39558
4.16952
4.30234
2.51308
4.09820
4.46669
4.46477
4.29207
4.00770
3.79601
4.28401
4.38026
3.18070
3.81709
4.42931
4.02969
4.27538
4.08493
3.59976
4.26218
4.25881
4.34103
4.28618
4.25694
4.42704
4.38734
4.26139
4.43434
4.46394
4.15432
4.40277
4.22567
4.12797
4.28483
4.46741
4.02206
3.91569
4.09444
3.82122
4.45831
4.34708
4.21577
4.15697
4.25229
3.81173
4.18742
4.22033
4.45023
4.41840
4.27533
3.73349
4.11435
2.19886
4.04654
2.23946
4.29676
4.35322
4.38181
3.23700
4.25206
4.08662
1.72323
4.33291
4.39878
4.10051
4.37045
4.33007
4.40052
3.46761
4.33459
4.47472
4.30779
3.93224
4.05371
4.40275
4.31011
4.47098
3.85273
4.26612
4.32137
4.29938
4.40034
4.25862
4.07792
4.36009
4.43423
4.44502
3.35434
3.94568
4.40115
4.34113
4.21664
4.34891
4.30267
4.46270
3.81964
4.47560
4.30003
4.34363
4.41201
3.70868
4.38153
4.46392
4.18220
4.31470
4.30859
3.90120
4.30085
4.27113
3.92305
4.27483
4.51536
4.34491
4.18483
4.43274
4.12467
4.22080
4.17207
1.68063
4.42704
4.31880
4.20280
3.00642
2.99443
4.15767
4.43716
4.26142
4.38030
3.49942
1.67383
4.15397
4.26184
3.02381
4.02470
4.35829
4.02639
4.29800
4.26945
4.23423
3.86119
3.42678
4.10886
4.36803
4.10916
4.06314
4.07202
4.40176
4.38305
3.70847
4.37889
3.67197
4.48456
4.38326
4.37078
4.01396
4.41294
4.22069
4.25217
4.34728
4.42321
3.97735
4.35766
4.12098
4.32752
4.22955
3.34140
4.40640
4.18023
4.39679
4.16540
4.24348
3.88545
4.43537
4.42316
4.37188
4.36401
4.43121
3.86927
4.31173
4.09702
4.07051
4.22811
4.39916
4.36270
3.75591
3.99205
4.43565
4.40697
4.43883
4.37297
4.44319
4.48862
4.28005
4.16217
4.40317
4.41543
4.44767
4.47307
4.46877
4.43924
4.03409
4.09295
2.65813
4.44020
4.13997
4.08195
2.88920
3.98925
4.07846
3.91832
3.51939
4.30777
4.39010
3.92051
4.21609
4.00808
4.40695
3.83925
4.32194
4.05246
3.79321
3.37208
4.30366
3.36753
4.35524
4.13222
4.15373
4.23266
4.46968
4.52067
4.44451
3.97463
4.39604
4.08728
4.41761
4.00220
4.19906
4.06422
4.28988
4.33994
4.33582
4.34037
3.60656
4.24266
4.20537
4.34523
3.90470
4.30220
4.30877
4.33764
4.33562
4.25956
3.87124
4.24029
4.34033
4.44042
4.05051
3.27505
3.22945
4.18465
4.05919
4.15267
4.32979
4.25466
4.26295
4.33514
2.02730
4.37843
3.77771
4.22040
4.23042
4.32293
4.21890
4.19985
4.43501
4.24868
4.17442
4.39198
3.99220
2.38413
3.26837
4.14400
4.48194
4.28217
4.37122
4.23047
4.28462
4.48532
3.85710
4.13722
4.43396
4.17751
4.00147
3.85622
4.41304
4.15215
3.95194
3.01726
4.52156
4.43978
4.14275
4.00005
4.46078
4.14019
4.19177
4.05968
4.35588
4.38410
4.10419
4.39908
4.09264
4.39253
4.40821
4.33747
3.76270
4.33283
4.44804
4.33181
3.62970
4.39026
4.31849
4.45752
4.34218
3.85139
4.36803
4.11559
4.26229
4.21339
4.33658
4.49010
4.33827
3.84443
2.66582
4.19149
4.33940
3.84984
4.41102
4.39518
3.56423
4.17800
2.32315
4.19653
3.43109
4.22610
3.93694
4.35410
4.40021
3.52193
4.15735
4.00179
4.44703
4.30868
3.75115
4.37659
3.93770
4.39775
3.63555
4.25592
4.03701
4.42523
4.25550
4.29178
4.28254
4.34212
4.16157
3.76874
3.99789
4.19979
4.01442
4.11701
4.42390
4.28415
4.02060
4.24582
2.94003
4.49276
4.44618
4.34184
4.47691
4.50340
4.14824
4.37951
4.22180
4.36908
4.38086
4.02809
4.00345
4.42830
2.40159
4.43642
4.40567
3.05488
4.44663
3.41186
4.17275
4.36314
3.43548
4.32839
4.15115
4.17468
3.71298
4.31404
3.94627
3.82890
4.02869
3.79929
3.87017
4.16903
4.16279
4.43458
3.82109
4.45618
4.34473
4.25938
4.25114
4.27693
2.74654
4.36786
4.15608
4.12751
4.41725
4.32437
4.47839
4.42204
2.89231
3.74131
3.74300
4.10868
4.37399
3.68069
4.25677
4.34287
3.66321
3.79240
2.65863
3.95226
3.90336
4.36667
3.96631
4.25188
4.37361
4.10554
2.29313
4.40020
3.99195
3.71674
4.39191
4.14764
4.45776
4.47372
4.15482
4.48786
3.50858
4.32418
3.48368
3.18961
3.98421
4.27529
3.81395
4.35528
4.35472
4.39458
4.38647
4.35412
4.04722
4.24734
4.34099
4.45445
4.40632
4.32851
4.40551
4.30870
4.39067
4.35571
4.11676
4.22966
3.98096
4.47088
4.37194
1.63190
4.48830
4.39505
4.23596
4.43864
4.31480
4.44713
4.04682
4.29790
4.22088
4.23395
4.31030
4.39089
4.22865
4.32968
3.76088
3.91132
4.24675
3.81519
4.29198
2.63136
4.28823
4.31253
4.28429
3.75180
4.36416
4.42159
4.40064
4.44920
4.14039
4.36351
4.47551
4.36570
3.89199
4.34312
4.49288
4.33042
4.08105
3.95141
3.78564
4.16149
3.29868
4.36878
4.27809
4.24486
4.46354
4.17611
3.81163
4.29148
4.41200
4.31830
3.55140
3.70411
4.35526
4.37319
4.34248
4.15918
4.39284
4.33424
4.32180
4.42353
3.08059
4.41580
3.84160
3.90508
3.81663
3.45081
3.08005
1.55610
4.42437
4.45077
4.28184
4.23143
4.25053
4.35273
3.30040
2.85896
4.20048
4.47109
4.23633
4.17780
4.36931
4.45032
3.16861
4.18822
4.39306
4.31741
4.46452
4.37593
3.98706
1.80655
4.00297
3.00781
4.38430
3.78433
4.48160
4.10009
3.60325
3.60155
4.42605
4.02201
4.48269
4.32763
4.39509
4.36579
3.67995
4.43081
4.00810
4.38758
4.08329
4.34508
2.31656
2.90749
4.39729
3.37244
4.27064
4.39856
3.74698
4.43501
4.21644
4.44274
4.47255
4.35863
4.26544
4.28426
4.06529
4.01564
4.00189
2.70800
4.43313
4.38510
4.34216
4.40002
4.47155
2.35003
3.73477
4.21489
4.35661
4.32153
4.03089
4.49376
3.50027
3.96359
3.91463
4.31680
2.83203
3.78359
4.43595
4.34641
3.90543
4.11131
3.96075
4.42144
4.38879
4.30239
4.10288
4.41902
3.43846
4.45472
4.29942
4.42061
4.11874
4.06170
4.41814
3.77899
4.09583
4.30197
4.41937
4.15535
4.41147
4.23862
3.52731
4.46027
4.46743
4.44380
4.17503
3.05644
4.21476
4.40361
4.35599
4.41939
2.71762
3.13201
4.35192
4.32772
3.95002
4.26260
4.42157
4.50795
3.90164
2.24294
4.45733
4.18805
4.21218
4.38640
4.38931
4.20820
4.49186
4.42499
4.37859
4.36275
4.41542
4.08321
4.32402
4.01853
4.37554
4.33715
4.12641
4.19141
4.05695
4.40460
3.59374
4.39802
4.39066
4.07684
4.32865
4.22158
4.20983
4.48478
4.41536
3.57017
4.34456
3.25233
4.24037
4.37485
4.44216
4.37947
4.06648
3.77464
3.62257
2.73518
4.28090
4.35279
4.44082
4.15351
4.38849
3.95422
4.51718
3.56139
3.93919
3.06306
4.48580
4.48165
4.20294
3.41244
4.28862
4.12023
4.42072
4.24845
2.63285
4.17946
3.95056
2.96132
4.44706
4.16298
4.45013
4.33161
4.49124
4.28890
4.10165
3.41448
2.78167
3.80883
4.30855
4.42614
3.82640
3.91363
4.19519
4.44814
4.48889
4.47073
4.23734
3.42399
3.94039
3.78258
2.42687
4.47946
4.18783
4.41365
4.34101
4.41274
4.14760
3.82820
3.97945
2.51518
3.96471
3.81940
4.32024
3.62673
4.15525
3.74447
2.84726
3.61398
4.34675
4.40104
4.22433
4.13643
4.03533
4.17568
3.63531
3.97823
4.23222
4.43552
4.32865
4.25610
4.42580
3.68722
3.96014
4.43125
4.42737
1.98877
4.36563
2.98571
4.45495
4.27621
3.72168
4.11291
4.17974
4.07960
4.43082
4.37555
4.07160
4.31869
3.99605
4.34614
3.52604
4.50176
4.33729
4.12905
4.02282
4.43856
4.43275
4.08774
4.44795
3.80455
4.47631
4.31726
4.33536
4.29673
4.21930
4.35773
4.16952
4.35384
3.94697
4.24264
4.43615
2.57701
4.49296
3.59884
4.34622
2.94835
3.84803
4.31019
4.26106
4.42325
4.30772
3.90228
4.39728
4.28363
4.40304
4.41291
3.99555
4.27048
3.80679
4.35530
4.10574
2.92947
4.05578
4.41438
3.17627
4.14579
4.38186
4.21325
3.16755
4.10652
4.34920
4.32746
3.99620
4.25463
4.25323
4.28838
4.12097
2.71151
4.39602
4.44695
4.37084
4.47943
4.47908
4.28817
4.28231
4.42077
4.39119
4.37052
4.39852
4.45767
3.89580
4.24006
4.16745
3.99045
3.93344
4.31028
4.48494
4.49847
4.33739
4.25299
4.39601
4.36133
4.50025
4.37209
3.76849
4.34946
4.05615
4.41163
4.29677
4.23397
4.28304
4.48744
4.14638
4.40183
3.20775
2.14745
4.22143
4.16666
4.35786
4.15880
4.20895
4.33960
4.28082
4.44451
4.38351
4.00560
4.29082
3.63048
4.40024
4.30119
3.66122
4.20306
4.30112
4.41837
4.16841
4.27598
4.40969
4.38026
4.13254
3.88753
4.34755
3.89751
4.43276
4.46466
4.44040
3.53344
4.38253
3.49703
4.26324
3.68309
4.22730
3.46317
3.12260
4.34512
4.26698
3.75164
3.70940
4.45318
4.28823
3.97271
4.02862
4.04593
4.48733
4.45304
4.42178
4.32365
4.21450
4.23089
4.45477
3.89398
4.33567
4.34061
4.29955
4.22460
3.83890
4.35444
2.82108
4.38102
4.29592
3.95716
4.29028
3.75873
2.05130
4.12975
3.03957
4.41431
3.89997
4.14196
4.04317
4.18590
4.21654
3.99562
4.03874
4.45599
4.38835
4.28879
2.78664
4.22258
4.31120
3.89511
4.37275
4.37669
3.93053
4.46479
3.91836
4.26674
4.17000
4.11711
4.18814
3.92827
4.41778
4.40128
4.04825
3.20760
4.39014
4.29617
4.42303
4.25772
4.15371
3.79904
2.68042
4.44944
3.51199
4.24317
4.29359
4.44482
4.36313
4.38645
4.39374
4.29313
4.10108
4.26602
4.09139
4.32341
4.33489
4.39604
2.33300
4.17289
4.32734
2.61911
4.48755
4.31503
4.36819
4.08800
4.25444
4.43680
4.35196
4.37755
4.17140
4.03195
4.17867
4.19397
4.41872
3.80182
4.23536
4.27151
4.40342
4.51225
4.48129
2.49269
4.17463
3.96681
4.48479
4.40764
4.00169
4.11119
4.12130
3.67661
4.43264
4.47598
4.02283
4.27738
4.32868
4.33390
4.40580
3.98355
4.47088
4.41027
4.26666
4.40777
3.76455
4.36583
3.81303
4.32714
4.27952
4.35811
4.00608
4.40915
3.95770
4.18943
4.42007
4.05516
4.45422
4.27836
3.72491
3.90880
4.25886
4.43334
4.30127
4.00477
4.36164
4.00076
4.04727
4.16061
3.79202
4.21567
4.33115
3.77566
4.37954
4.28012
4.15716
4.30277
3.92775
2.83817
4.51270
4.35692
3.97138
3.48922
3.81639
4.53714
4.31979
4.22000
4.25219
4.42735
4.46388
3.87186
4.06199
3.84426
4.28033
4.22394
3.19611
4.34890
4.42683
4.33416
4.31548
3.58100
4.11583
4.37289
4.19472
4.16245
4.17002
4.19468
4.44132
4.00384
4.32317
4.22999
4.09665
3.95103
3.22901
4.36833
3.85757
4.35541
3.40442
4.41682
4.09869
4.00731
4.05357
4.14744
4.34113
4.47198
4.40823
4.44349
4.39799
4.26046
3.05057
4.44679
4.07701
4.46486
4.25494
3.93987
4.44705
4.45080
4.01478
3.76720
4.32474
4.44728
4.34736
4.19854
4.47159
4.09937
4.40621
4.04648
4.30330
2.77074
4.25230
4.25557
3.57375
4.15698
4.15834
3.53712
4.07931
4.29286
4.26826
4.31615
2.85257
4.37953
4.42890
4.23746
4.33948
3.83510
4.42327
4.38894
4.29348
4.46338
3.87368
4.33819
4.27057
4.43878
2.12744
4.47081
4.02835
3.10102
4.16119
3.55151
4.11838
1.13887
3.69193
4.10268
4.33277
4.13931
4.41913
4.20878
3.90354
4.18352
4.44090
4.19412
4.14437
4.39434
4.24800
4.19219
4.19164
3.60552
4.19654
3.82848
4.46345
4.33187
4.06519
4.39380
3.81201
2.46095
4.30591
4.18372
3.51236
4.07251
2.11768
4.45160
4.43805
3.82650
4.33615
3.75253
4.12927
3.85159
4.44948
4.28888
4.14671
4.23534
2.73070
4.17493
4.16058
3.62902
4.04262
4.38795
3.85046
4.37298
4.07295
4.33251
4.45475
3.93915
3.59141
4.04616
3.92273
4.21265
4.47706
4.15889
4.09454
3.80507
4.33250
4.31074
3.84602
4.32233
4.29595
4.43185
3.82022
4.22886
4.26458
4.20731
3.89248
4.42056
3.25254
4.39788
3.01850
4.41928
3.43353
4.33475
4.25443
4.11667
2.54040
4.05751
4.45804
4.14255
3.33384
4.20289
4.01764
2.23113
4.49905
4.30642
3.32764
4.11068
3.78041
4.45301
4.31209
4.37981
3.74256
4.33095
4.40280
4.21792
4.19515
4.35911
3.01573
4.27039
3.99362
4.24834
4.35572
4.35890
3.95739
4.42985
3.84257
4.34324
3.98503
4.20815
4.44189
4.11844
3.38627
3.42812
3.95661
4.40146
4.33779
3.28011
2.92669
4.39032
4.23545
3.79481
4.45623
4.35324
4.40924
4.28948
4.31063
4.07037
4.29046
4.31826
4.11323
4.31430
4.38231
2.67497
4.13937
4.24494
4.32601
3.80286
4.15935
4.35230
4.16104
4.15997
4.36190
4.35827
3.48313
4.11613
4.29951
4.29036
1.72661
4.25550
4.39379
4.24723
3.98132
4.24905
4.41107
3.92805
4.25122
4.32645
3.68896
4.36405
4.26675
4.37624
4.35754
3.44209
4.08897
4.35922
4.38625
4.12693
3.99268
4.14325
4.46560
3.68882
4.19834
4.19533
3.61906
4.24098
4.08692
3.54995
3.62911
4.38284
4.17786
4.25436
4.44486
3.40989
4.44225
4.05632
4.31381
3.93388
4.07661
4.34039
4.33088
4.28074
4.38489
3.64199
4.40282
4.38458
3.54576
4.31031
4.42755
4.32462
4.28104
3.69688
4.28554
4.43168
3.70106
4.33725
4.20776
4.35493
2.29916
4.02719
1.94406
4.46621
2.89617
4.37906
4.30019
4.07032
4.38151
3.32008
4.22274
4.46147
4.15802
4.21519
4.47744
4.35885
3.87895
4.36069
4.18263
4.34886
4.42393
4.36513
4.17032
4.19031
4.08305
4.36663
4.13463
4.20445
4.28904
4.20773
4.46057
3.97589
4.45483
4.36792
4.29350
4.15397
4.43233
4.02571
4.04116
4.22338
3.98049
4.44372
4.08573
4.45285
3.69589
4.19854
4.36874
4.45917
3.06798
4.30867
4.30085
4.40557
3.87967
4.17380
4.31302
4.26162
4.07490
4.40233
4.40421
2.33218
4.11560
3.99766
2.45042
3.98566
4.44686
2.68438
4.46227
4.32742
4.36113
4.40911
4.13200
4.27577
4.21744
4.04199
4.41655
4.11685
4.24332
4.42778
4.49326
4.40429
4.42963
4.28160
4.47950
4.09987
4.22659
4.36466
4.09203
1.55539
4.39086
4.07641
4.22344
3.33365
4.30678
4.36722
4.25200
4.25313
3.62830
3.98116
4.30084
4.42073
4.24415
4.33732
4.30957
4.43763
4.23961
4.46651
3.72097
4.35993
4.29755
4.02335
3.84994
3.60524
3.76235
2.65448
3.49574
2.21048
4.30139
4.45288
2.75373
4.14159
4.38340
4.44661
4.40133
4.31692
4.42461
4.35587
4.46085
4.18253
4.04029
4.19397
4.33141
4.33987
4.24854
4.27448
4.08741
4.41893
4.32317
4.42987
4.40472
4.39334
4.27168
3.49923
3.77935
4.41223
4.17592
4.45111
3.90011
4.12578
3.57433
4.02111
4.02139
4.35295
2.70282
3.82133
3.85004
4.03953
4.31290
4.23356
3.50237
3.71155
4.40425
3.57693
4.16420
4.42632
4.12234
3.46428
4.34764
3.90424
4.42308
3.99058
4.38238
4.36048
4.16286
3.79433
4.15870
4.33340
4.42874
4.29829
4.46692
2.30296
4.37436
4.27936
3.86682
4.18556
4.37659
3.03890
4.19473
4.15654
4.26098
2.76213
3.90107
4.11755
4.35421
4.40297
4.18589
2.74773
3.89438
4.46607
4.30118
1.93307
4.47518
3.98058
4.38864
4.43899
4.27425
4.16813
4.46626
4.16016
4.31214
4.44318
4.40376
4.22944
4.36080
4.47454
4.48042
3.68008
3.95557
4.34223
4.32183
4.32675
3.82443
4.10589
4.32452
3.97190
4.41501
4.28532
3.84407
4.45525
3.81479
3.85167
4.17580
4.38734
4.48653
4.18869
3.28831
4.40053
4.41179
3.76493
4.11385
4.43778
4.28789
4.25167
4.38432
4.12084
3.98909
4.35589
3.98192
4.46756
4.48060
3.72068
4.01869
4.44080
4.39301
4.21754
3.69217
4.30089
4.18889
3.20742
4.34307
4.38932
4.27516
4.36125
4.09891
4.42910
3.99920
4.21824
4.22831
4.17931
2.06870
4.14032
4.45898
4.01626
4.43806
3.59892
4.05190
4.34649
3.83486
2.33212
4.12872
4.35515
3.97567
4.32234
4.23183
4.08460
4.32370
4.19701
4.38884
4.37066
2.09652
4.05822
3.49479
3.53455
4.25949
4.41211
4.46637
3.91655
4.09227
4.33930
2.88990
3.16562
4.43884
4.19233
3.13151
4.40822
4.36552
3.95477
4.33757
3.06396
4.40657
4.10515
4.31949
4.29123
3.41109
2.16176
4.46371
4.36845
3.81616
3.94218
4.08703
4.10188
3.33474
3.61426
4.41596
4.32934
4.43699
4.12112
3.96673
3.85474
4.48909
3.83310
4.51034
2.71238
3.68760
4.37220
4.19358
4.01336
4.35516
4.30239
3.94991
4.35856
4.42162
4.24135
4.01604
4.20944
4.14402
3.70199
4.37816
4.16449
4.24422
4.23610
4.41309
4.05207
3.98833
3.94881
4.38445
4.28828
4.38600
4.13670
4.31098
2.76744
4.43416
4.20817
3.79145
4.19269
3.55602
4.17125
2.85072
4.19278
4.05082
3.90807
4.23703
4.49958
4.17305
3.11784
4.29178
3.82437
4.36295
4.41901
4.24630
3.12484
4.44682
4.48433
4.12689
3.99686
4.30408
4.44550
3.42330
3.74158
4.38416
4.14842
4.09781
3.99217
4.11808
4.04406
3.56779
4.12569
4.27334
4.05455
4.41912
4.18601
4.17218
4.43464
4.37636
4.37444
4.18956
4.00727
4.40610
4.40841
1.95987
4.34829
4.30461
4.39737
4.21274
4.43863
3.94090
4.27476
4.20546
2.37479
4.38109
4.03089
3.83013
4.46106
3.91992
4.40293
4.34285
4.15216
4.29002
4.26224
4.35379
4.15703
4.22743
4.39244
3.70141
4.13773
2.58433
3.98865
4.45543
3.79747
3.91777
4.29839
3.87278
3.87317
4.06329
3.67848
4.41550
3.92708
4.31937
3.13233
4.47707
4.36925
4.13927
4.23776
3.80794
4.26382
4.14554
4.45543
4.36471
4.04237
4.20981
3.26792
4.27508
4.08247
4.34760
4.17000
4.36983
3.81131
4.18708
4.42084
4.29641
4.40052
4.37373
3.98499
3.97643
4.33106
4.04588
3.82217
3.94668
4.02094
3.69997
4.05214
4.34495
4.19647
3.51996
4.40758
4.21497
3.08148
3.99696
4.40943
3.81407
4.04152
3.95622
4.41970
4.46030
4.26651
4.16045
4.11872
4.20701
3.96523
4.16186
4.45632
4.16319
4.24325
3.60272
4.03904
4.17553
4.32737
4.44477
4.41884
3.96695
2.81526
3.91083
3.79671
4.37776
4.13902
4.16572
4.45283
4.39124
4.21614
4.41645
4.49653
4.46586
4.24594
4.32355
4.06130
4.29715
4.44594
4.33853
4.08116
4.37113
4.06336
4.21604
4.30086
4.33740
4.40417
4.05369
1.72971
4.42956
4.22927
3.44707
3.04370
4.35530
4.11350
3.50364
4.45384
4.10473
4.38300
4.31329
4.22474
2.36048
4.35556
4.18270
4.14268
4.07071
4.48597
4.24574
4.41678
3.66403
4.44908
4.19919
4.16856
4.45242
4.13280
2.75851
4.36221
4.37582
4.34496
3.81792
4.32271
4.35249
3.79648
4.13548
4.38493
4.49489
3.68244
3.13975
4.33996
4.04099
4.48661
4.45895
4.43989
3.43163
4.34295
4.42290
4.29699
4.32806
4.36659
4.01980
4.12410
3.36768
4.41633
4.41209
3.99455
4.44167
4.34991
4.14893
4.05871
3.45060
4.38806
4.45702
4.41328
4.35042
4.47888
4.34367
2.53604
4.01752
3.57662
4.31007
3.58029
3.97373
3.82739
4.40389
4.36556
4.25419
4.20820
4.30399
4.45438
4.09810
4.43206
4.26220
4.32851
4.48031
4.38353
4.20101
4.23720
4.38791
4.48372
3.88148
3.94912
4.45743
4.23310
3.85571
4.06172
4.30810
4.39362
4.44728
4.42948
4.10697
3.97232
4.40351
3.69362
4.28674
4.18251
4.38033
4.33053
4.00489
4.32514
3.79483
4.50485
4.43314
3.90877
3.07487
3.88474
4.42006
4.38191
4.35684
3.59771
4.42026
4.30663
4.42087
3.60489
4.36464
4.38543
2.19426
4.41713
4.01818
4.43549
4.33918
3.68110
4.09445
4.04547
4.39725
4.05120
4.39481
4.14739
4.37055
4.42918
4.47775
3.92738
4.28576
4.42633
4.24675
4.13686
2.20752
4.13620
4.48757
3.49880
4.45718
4.01880
2.93110
4.23668
3.88678
4.04851
4.44503
3.82318
3.63935
3.19856
4.03607
4.35477
3.69938
4.34406
4.39734
4.37319
4.22487
2.37447
3.07326
3.49882
4.21032
4.08328
4.04300
4.31194
3.30921
4.14950
4.38939
4.29101
4.10341
4.47679
4.15327
4.33853
4.51823
4.40265
4.20784
4.30872
4.21799
4.20978
3.87261
4.08551
3.90869
4.46725
3.39914
4.41209
4.32636
4.27676
4.18976
4.42675
4.22562
4.14500
4.37138
4.32281
4.36529
4.31238
4.20615
4.20542
4.42047
3.68663
2.13662
3.91016
4.23354
4.15951
3.24004
4.34589
4.33094
3.84636
4.34120
3.40005
3.53700
4.27720
4.35935
4.21542
4.37997
3.42004
4.22820
4.09899
4.42952
4.38320
4.20636
4.20762
3.80121
4.37539
4.40679
4.34149
4.18595
4.05641
4.44817
3.75766
4.36792
4.11099
4.47765
4.34117
4.31317
2.40802
2.99861
4.47120
4.21670
4.29944
2.30436
4.37540
4.35310
4.29125
4.44345
4.48541
4.37923
3.91013
2.85184
4.46035
3.91211
4.31008
4.44095
4.05519
4.38098
4.40354
4.38633
4.11714
4.31878
4.12518
4.19838
4.20141
4.14426
4.19724
4.39915
3.41847
4.02176
3.28579
4.19102
4.34052
4.45255
4.40085
4.06298
4.09340
4.46383
2.71102
4.24715
4.07311
3.96227
3.40616
4.37032
4.45350
4.47453
4.25862
4.34692
4.41061
4.31630
4.03394
4.11080
4.40960
4.23837
4.29381
4.46751
3.64164
3.88517
4.17492
4.14696
4.23683
4.41269
4.37208
4.45277
4.02254
4.29867
4.33229
4.25579
2.58360
4.35869
3.99488
4.30643
4.45645
4.29630
4.07996
4.09110
3.86575
3.84424
4.12726
4.35104
4.42132
4.42992
4.45623
4.46408
3.99887
4.31517
4.41020
4.05068
4.02475
3.30223
4.46181
4.16589
3.94233
4.47182
3.78864
4.36928
4.09193
4.22230
4.33397
4.09472
3.94755
4.44477
4.37983
4.52507
4.28480
4.29567
4.43896
4.46989
4.28306
4.22837
3.33391
4.34677
4.38478
4.40974
4.20717
4.42126
4.52513
4.27348
4.40237
4.36137
4.40024
4.39733
3.02425
4.37629
2.16456
4.34406
3.54839
3.73861
2.90496
4.18109
4.40871
4.12535
4.35505
4.43594
4.31722
4.25801
4.41608
4.40451
4.39978
2.23665
4.38245
4.28862
4.34921
4.44542
4.48320
4.23487
4.31116
2.82093
4.10826
4.36980
4.48988
2.64173
3.30732
4.43312
4.13941
3.99987
2.77980
3.47729
4.08997
4.14437
4.09799
4.35869
4.12440
4.45753
3.52856
4.00591
4.35852
4.31479
4.41976
3.46510
1.94458
4.17928
4.13147
3.24112
4.25443
4.03099
3.47111
4.17684
4.00573
4.38432
4.42423
4.29911
3.98863
4.46538
3.14254
4.42417
4.48682
4.07352
4.34512
4.46592
4.42477
4.29767
4.36014
4.42821
4.37893
3.58608
4.36285
4.35615
4.36418
4.28039
3.54650
4.43115
4.26642
4.11725
3.16047
4.35471
3.77681
4.00329
4.40842
4.40017
4.44101
3.79723
4.17799
4.41664
4.46456
4.43508
4.28278
4.15043
3.90726
4.27738
3.93343
4.20178
4.39751
4.38343
4.30853
4.32040
4.37935
4.43353
4.20990
4.12038
3.93916
4.24411
3.50115
4.39699
4.32046
2.41769
3.97819
4.03437
4.43044
4.17445
2.43381
3.61959
4.28964
3.76737
4.22168
3.55786
2.82889
3.96183
4.23120
4.26728
4.39687
2.68422
4.18186
4.34692
4.36781
3.98028
4.38775
4.24193
4.27151
4.04148
4.01459
4.09541
4.16481
3.63149
3.37784
4.38827
3.45882
3.74837
3.11555
4.50345
4.33500
2.72844
4.35244
4.45763
3.96892
3.62949
3.60783
4.12610
4.08467
3.66683
4.27058
4.15932
4.48691
4.44563
4.28091
4.41260
4.40223
4.42385
1.64098
4.28598
4.44139
4.15930
4.45268
3.95961
4.38881
4.41538
4.20418
3.01139
4.11690
4.07585
3.92524
4.40155
4.44582
4.35441
3.59554
3.93368
4.43240
3.65354
4.22322
4.45071
3.82756
4.24287
4.41057
3.81555
4.33939
4.32198
4.46822
4.33896
3.07189
4.41356
4.46206
4.24024
4.35766
4.16037
2.18084
3.16152
4.33183
4.38556
4.22473
4.38699
4.48139
4.34621
3.37948
3.98508
4.35665
4.38250
4.47209
4.36050
4.39215
4.19310
4.46230
3.25227
3.52467
4.30116
3.26481
4.14944
4.25494
4.47212
4.28943
3.72194
4.34183
4.41779
4.38324
4.32625
4.31364
4.24770
4.26181
4.06452
4.40431
4.41578
4.35646
4.23363
4.31328
4.45595
4.29614
4.41956
4.00520
3.89900
4.36254
4.43599
4.43508
4.43653
3.17158
4.30403
4.42253
4.49203
4.37861
4.48558
4.32417
4.40631
4.21340
4.39153
2.29966
4.44811
4.46317
4.10087
3.95527
4.37994
3.66150
1.91865
4.32976
4.41840
3.79993
3.74358
4.41409
3.63353
4.02317
4.36733
4.06032
4.13430
4.43039
2.35995
3.45190
4.19483
4.24002
4.49269
4.25846
3.70746
4.17378
4.24817
4.29909
4.24248
4.39921
3.57614
4.40277
4.48627
4.44418
4.27536
4.42805
3.87841
4.40190
4.20128
4.30631
4.41237
4.39242
4.36971
4.27411
4.37160
4.18482
3.49560
4.40445
4.45950
4.32651
4.07232
4.31210
4.32533
4.40796
4.39482
1.78881
4.26771
4.37742
3.89429
4.18167
4.49132
4.34693
4.37516
4.48092
4.33083
4.34851
4.23265
4.32483
4.16490
3.61980
4.40403
4.20408
3.83319
3.81085
4.42625
4.41296
3.80330
4.19345
3.68775
4.48552
3.86144
4.37358
4.37237
4.02002
3.58784
4.32354
3.62362
2.46356
4.27410
4.34464
4.31398
4.09135
4.41553
4.33072
3.88710
4.45085
3.81864
4.40837
1.64461
4.44088
3.68355
4.43080
4.08097
3.89908
4.35390
4.20133
4.38319
4.17847
3.77705
4.34334
4.42617
4.44968
3.58908
4.30760
2.56647
4.05763
4.16156
4.10288
3.80637
4.02765
3.16326
4.08545
4.21874
3.38647
4.17955
4.38348
4.41108
4.46123
3.32414
2.68131
4.29670
4.09019
2.59925
4.36972
4.25063
4.06405
4.37852
4.31195
4.24519
4.34256
4.41685
4.41355
4.51314
4.12263
3.96837
4.36813
4.48521
4.31541
4.37741
3.80495
4.30476
4.25659
4.34208
4.27982
4.45586
2.09885
4.23043
4.17516
4.17217
3.68241
4.47711
3.82339
4.46321
4.31474
4.12728
4.18779
4.43732
3.09681
4.07929
3.83768
3.88616
4.33618
4.34307
4.41194
4.03858
4.29602
4.06585
4.40551
3.13019
4.21974
4.10246
4.07305
4.42929
1.76206
4.18404
4.20321
4.26156
4.11224
4.34870
4.32004
4.05337
4.47023
3.81759
4.38109
3.27805
4.45932
4.03322
4.05164
4.26675
3.81160
3.83137
3.96099
4.35759
4.22949
3.02674
4.14553
4.35561
4.04114
4.29307
4.50455
4.12246
4.09638
4.46415
4.26622
4.37418
3.91030
3.84216
3.66826
4.37049
3.96339
4.09076
3.91322
4.15565
3.92519
