3.96983
4.14017
4.11883
4.07050
1.91642
4.04519
4.23045
4.04939
3.13261
4.07525
4.12621
4.30080
3.77055
2.94638
3.47058
3.88741
3.71476
4.25687
1.71396
3.57635
3.79951
3.48486
3.71116
4.18807
4.20152
3.87334
3.42734
4.18549
4.36529
3.61194
3.28682
4.23990
3.80785
3.84024
4.03911
4.15783
3.78137
4.11808
3.98113
4.05587
3.96936
3.84752
3.72711
2.93528
4.14768
3.62245
4.23160
3.67231
4.06575
4.35652
4.30676
4.36541
3.51594
4.40687
3.91062
4.35906
2.79620
3.56549
4.17764
3.97067
4.13809
3.88226
3.97767
3.80407
3.50940
3.82513
4.07612
4.18006
3.88396
3.28751
4.26357
4.32775
4.15621
3.83222
4.08160
4.03027
2.90402
4.13743
3.88344
3.34230
2.37007
4.15998
3.61588
3.77086
3.78535
4.27718
3.89867
3.81446
3.83562
2.77298
3.81758
3.43128
4.31159
4.13041
4.26799
4.24257
4.19152
4.15445
4.32194
4.18305
3.90382
2.61632
4.32091
3.79069
3.95929
2.21233
3.04446
4.24404
4.18525
3.92631
3.58870
3.56075
4.26538
3.34804
3.20424
2.89910
3.74616
4.03377
4.29147
4.03460
4.34307
4.27979
4.06978
4.19402
3.72915
3.76903
4.22457
4.08594
4.24676
4.04841
3.74700
3.96039
4.32963
4.15433
3.87227
4.30844
4.04966
4.20910
3.86357
4.07923
3.84303
4.32877
4.09316
4.22400
4.32364
2.59936
4.33173
4.08793
3.98690
4.21895
4.26076
4.28676
4.00492
3.89380
4.28671
4.30702
3.77830
1.98584
3.76418
3.63753
4.38304
4.24977
4.09037
4.00260
4.34222
4.17322
3.64823
4.09811
3.91663
4.00959
3.50755
3.93567
4.02435
4.21739
3.35676
2.98576
4.12693
2.34895
3.43303
4.00493
4.14849
4.05442
4.06453
4.26808
4.08923
4.32764
3.66421
3.56092
3.88375
2.81691
3.58941
3.98730
4.20468
4.20092
2.81076
3.98283
3.90465
3.62796
3.69059
4.01486
2.98932
4.32653
4.17979
3.70298
4.33626
3.97496
3.70010
4.29202
4.42893
4.37901
2.78333
4.22264
4.22485
3.98351
4.34431
3.85180
3.66661
2.49777
4.23277
4.17980
3.07617
3.56803
3.62151
4.30081
4.31972
4.01093
3.77009
3.72549
4.07076
3.67428
3.79170
3.46340
4.33018
3.30505
4.39003
4.10166
4.17041
4.06418
3.31814
4.24709
3.57402
3.76290
4.29397
4.23441
4.15420
2.67697
4.02977
4.33896
4.04977
3.49845
4.02963
4.02339
4.05508
4.28360
3.84376
4.09641
4.19905
4.31517
3.95277
3.68130
3.96447
2.67021
4.30000
4.24942
4.13644
4.29979
4.02190
3.89260
3.87492
3.80660
4.00562
4.27771
4.21469
3.92664
3.66512
4.11399
1.97587
4.21653
2.38003
2.64064
3.67351
3.70876
3.98445
4.01717
2.42274
4.21591
3.65575
4.17841
3.80347
4.07464
3.98896
4.17911
3.74776
4.11566
3.73657
3.92053
3.97253
4.27150
4.29884
4.14973
3.90448
4.21572
3.97886
3.82048
3.31108
4.14591
2.06189
4.06242
4.26092
3.56647
4.11538
3.51021
3.33871
3.63501
4.30432
4.27847
4.24224
4.26057
4.30859
4.21445
3.86962
4.39699
4.33114
1.79311
4.18988
3.78162
4.12147
4.02628
3.87013
4.21591
3.43894
3.90272
3.40601
3.62501
4.30882
2.81887
2.18872
4.17942
4.23859
2.86150
4.02760
3.54359
3.12215
2.54588
3.20085
4.12676
4.21482
4.20231
4.21465
4.18578
4.21210
4.04330
3.70186
4.22548
3.89971
4.33496
4.04788
3.70270
4.24673
4.15725
4.18237
4.01808
4.00420
3.40701
4.02517
4.06574
3.87175
4.19902
4.15538
4.06396
4.13712
3.22948
4.16631
4.19548
4.12671
3.70278
3.79236
2.42996
1.78870
3.86846
4.07551
3.73681
3.45464
4.32579
4.01174
4.00583
3.67200
2.85315
4.03792
4.12639
4.10224
3.82731
4.41247
3.06062
4.11025
3.96062
4.28708
4.37420
4.03994
3.16296
3.88256
4.35902
4.24355
4.16449
4.04909
3.87765
2.79991
3.84987
4.30008
3.91601
3.91352
4.33865
2.67812
4.35017
4.28162
4.21884
4.19923
4.26478
3.31900
3.73130
4.24483
4.26257
4.04036
4.03663
2.19201
3.11942
3.99345
4.10051
4.16898
4.14302
3.72935
3.25925
2.07392
3.95324
4.18090
4.19219
4.33302
3.51456
3.77803
4.34023
3.96629
4.17622
4.12217
4.27275
3.75004
3.95567
3.79373
4.07976
3.80016
3.71731
3.97336
3.62611
3.87908
4.02895
4.16151
3.45391
3.85983
4.06129
4.11408
3.84480
4.10671
2.88014
2.67651
4.05724
3.31031
4.17953
3.60432
3.61822
2.27650
3.86670
4.07203
4.07596
3.99256
4.20619
4.21599
4.21147
4.20153
3.69609
4.28558
3.86259
4.04111
4.07902
4.16011
4.16657
4.09721
3.20189
4.00930
3.99988
4.21254
4.08538
3.97676
2.22029
4.29790
4.32100
4.13814
3.94733
4.18504
4.10904
4.24437
3.43549
4.02041
3.69414
4.36211
3.80887
4.30837
3.73419
4.00497
4.24412
4.04948
2.49875
4.24185
4.05030
3.72831
3.00146
4.02057
2.37502
2.04324
4.28176
1.82496
1.22562
3.98576
4.39747
4.15268
4.23388
1.70001
4.35266
1.85867
3.63325
4.11261
3.78876
4.39918
3.90660
4.06136
3.06719
4.13783
3.87888
4.35958
4.08040
3.99221
4.22916
4.06361
3.90749
3.87787
3.82706
4.31539
3.77854
4.00063
4.29403
3.82778
3.85318
3.89095
3.96266
2.23267
4.25742
3.28175
3.91711
1.79687
4.36546
4.13473
3.82839
4.07323
4.24817
3.80505
3.81594
4.01842
4.42837
4.06359
2.85881
4.07062
4.26904
4.23784
4.21736
4.28883
4.16170
3.89452
3.76632
4.14844
4.02663
4.46296
3.43842
4.12473
3.95003
2.91655
4.32518
3.21158
3.77349
4.24922
3.83580
4.03521
4.03101
4.04984
3.78513
3.82265
4.29376
4.02602
3.36320
4.38707
2.06032
3.71516
4.10716
3.98276
3.69105
3.05075
4.04313
4.41766
4.05446
4.11426
4.16154
4.22822
3.35882
2.95401
3.98398
4.03815
4.05845
3.50128
4.05737
4.04938
3.92418
4.31094
3.87046
3.93380
3.33887
3.98440
3.99677
4.30406
3.92780
3.63552
4.18672
3.74547
1.72918
3.84815
4.05245
4.15396
4.28391
1.68347
4.03666
3.98982
4.38943
3.99977
4.23539
4.43044
4.36368
4.14209
4.03053
4.06062
4.14670
4.35806
1.36961
3.72383
3.32621
3.93964
4.15076
4.20925
4.11428
4.15577
4.10145
4.31260
4.18523
3.88703
4.32903
3.84578
4.05001
3.50923
4.31637
4.04255
1.71715
4.01809
4.25469
4.17413
4.27045
3.61827
1.93221
3.17295
4.08724
4.25638
3.22481
3.93553
3.84267
4.25666
3.88773
4.02712
3.95248
4.21856
3.40929
3.86810
4.09527
3.52445
4.32268
3.10118
4.09782
3.90992
4.06868
3.83148
2.38381
4.14870
4.11192
3.99806
3.55842
2.40074
4.12751
3.79869
3.95104
4.19838
3.89575
3.37952
3.61711
4.25296
4.15076
4.06861
4.07145
4.24911
3.58763
4.22580
3.64143
4.21229
3.07073
3.85553
4.10864
3.67196
4.11894
4.34539
4.05573
2.94775
3.93927
4.13061
2.87964
4.05843
4.27656
2.55362
4.02179
4.06999
3.55754
4.30980
4.08246
2.00755
3.90088
3.50677
4.03981
2.90714
4.23216
3.92429
3.92768
3.90075
4.30250
3.96673
3.64722
4.16099
4.11585
4.18368
1.53576
3.85398
3.39783
4.04932
2.71579
3.92367
3.22802
4.19634
4.08632
4.13027
3.87228
4.08119
3.89909
3.84139
2.22628
4.10059
4.28697
3.45482
4.33497
3.75835
3.99215
3.46137
4.01541
3.18035
4.06971
3.94541
4.12970
2.33117
3.83586
4.33601
4.19717
3.13360
4.22052
4.27934
4.09569
3.40333
2.13943
3.61399
4.36053
4.08433
4.25400
3.57577
3.93985
4.33120
2.68499
4.37560
4.26465
4.19907
4.14632
2.71338
4.32413
3.74797
4.16725
4.07006
4.35782
3.94414
3.35768
4.19431
3.48784
4.24756
4.08532
3.71016
4.30487
3.92678
4.01920
3.98788
3.09945
3.02491
4.12603
4.35508
2.59917
3.89094
4.00341
4.31514
4.13713
3.76661
4.28487
2.15725
3.93488
4.26537
3.41423
3.81395
1.21533
4.02855
4.03492
4.17239
2.67723
3.68018
2.26941
4.30366
4.06749
4.33538
2.68025
4.16021
4.18473
4.23148
4.09462
4.32567
4.22596
2.92627
4.22356
4.17839
3.36146
4.21374
3.29468
4.12194
4.01379
4.05643
4.05698
3.96521
4.15169
4.04164
3.88149
3.82518
3.67154
3.77198
3.96387
3.68890
4.21823
3.89710
3.79561
4.38184
3.96293
3.97688
1.39888
3.98026
3.40418
4.18655
3.80896
3.74345
4.12431
4.03108
3.88952
3.59411
3.98269
3.46900
3.88191
4.21297
4.16440
3.99889
3.68873
3.97668
3.85380
4.27283
4.13577
3.87587
4.15973
4.05869
4.21460
3.75831
3.75190
4.03132
4.03670
4.16536
3.38282
3.37120
3.56561
4.01293
3.99566
2.93198
3.87491
4.26475
3.46044
3.57090
3.53200
3.20443
3.97386
4.27344
4.08037
4.16007
4.06575
4.23446
4.32105
4.26732
4.18529
4.00002
3.95226
3.79551
3.99422
4.19902
4.22547
4.05218
1.50076
3.94477
2.85782
4.21052
3.88716
3.83814
4.36405
3.95409
4.23150
2.67084
4.09745
2.63057
4.16353
3.06271
3.24378
4.29441
3.74945
3.96674
4.35460
4.00917
3.97674
3.63640
4.03388
4.15841
4.34376
2.61652
3.99583
2.58343
3.81502
4.15329
3.86284
3.50071
3.94669
4.04970
3.98511
2.92916
3.71950
3.47425
4.07236
3.14260
3.78566
4.21179
3.60047
4.26204
3.80976
4.24743
4.34004
3.62773
4.13887
4.06312
3.77676
4.09775
3.84991
4.21416
4.28314
4.13068
4.22898
4.39211
4.20461
3.37401
3.87002
4.30742
4.24158
3.72640
4.18846
4.10347
3.98291
2.84704
4.35149
4.36731
3.96515
3.90956
2.62943
4.33289
4.27968
3.79197
4.01970
2.10508
3.80666
3.69931
4.29676
4.27843
4.14787
4.28265
4.06901
4.19325
4.28664
3.82233
3.98124
4.23442
3.17555
4.18514
4.22126
3.80149
4.12725
4.14527
3.17034
4.17108
3.41143
4.32120
4.07535
3.08450
3.83841
4.28504
3.87821
4.24466
3.76412
4.06843
2.31290
3.92679
4.29118
1.91173
4.17097
3.83263
4.18301
4.17492
3.87521
4.21260
2.99161
4.23594
4.32421
3.94315
2.58229
3.87352
4.08991
3.64679
3.91231
4.15244
4.28431
4.01793
3.97087
3.81655
3.62069
3.71301
4.25974
3.50986
4.16229
3.98645
4.17795
3.52382
3.90345
4.17295
3.49325
4.18646
2.51610
3.58916
4.08569
3.43976
4.23373
3.37622
4.20897
3.84017
4.27980
3.92413
4.15726
3.77407
2.86938
4.04410
4.17516
4.06830
3.76011
4.18745
2.50242
4.00333
3.48781
3.90851
2.40608
4.24784
4.27209
3.34272
4.11820
4.34645
3.90524
1.79487
3.85311
4.03322
2.63437
3.69353
3.64296
3.72393
4.12506
3.71847
2.61256
3.63026
2.36301
3.88776
3.14587
4.21861
4.32209
3.90872
3.63688
3.34950
4.13999
3.99244
4.26041
4.03230
4.16962
4.16352
3.52908
3.98086
2.74195
4.35967
3.88800
3.49958
3.31995
2.72087
1.68457
4.08092
4.13636
4.23434
3.71593
3.60893
4.25068
3.99270
4.15715
4.05715
4.27693
4.28222
3.70738
4.22162
4.29774
4.04700
3.46976
4.12015
3.88444
4.10860
2.09844
3.62368
4.17025
4.17965
3.22674
4.23393
3.45555
4.05920
4.01080
3.89825
3.34614
4.21769
3.93320
4.36717
3.65318
4.13137
4.12659
4.15646
4.30028
4.01663
4.01600
2.86663
4.06894
3.75592
3.86267
3.83985
3.99569
4.25732
3.53713
4.05281
4.39361
4.13706
4.27577
4.19596
4.03078
4.07131
2.80368
4.22935
4.01805
3.28824
4.18571
3.68217
4.28286
3.96760
4.30063
4.33821
3.65223
3.85410
3.60136
3.93775
4.29563
4.37247
3.81527
4.32403
3.92823
4.27633
3.68603
3.73796
4.07746
4.36340
4.06765
3.81552
4.20853
4.28385
2.83414
3.87301
2.40434
3.53195
3.04835
4.24787
4.22867
3.89900
3.00723
4.16769
4.36352
3.80317
3.58746
3.95397
4.32509
4.13661
3.07722
4.36712
4.33639
3.73252
4.16904
4.16153
3.65570
3.35286
2.72900
3.36057
4.35543
3.69331
3.19479
3.97738
3.68057
4.11919
4.19326
3.78940
4.16218
3.98683
3.78752
4.10070
4.22245
4.26722
4.17776
4.19126
4.21517
3.95908
3.59943
3.86198
4.17811
4.02424
2.92841
4.07739
3.97128
4.20667
4.27471
4.03024
4.27460
4.17680
3.94512
4.27464
2.54775
3.74879
4.17723
4.34161
4.16261
4.23942
2.23364
3.56920
4.07796
3.83882
4.18125
4.09902
3.87195
4.18617
4.03132
4.26509
4.08611
4.36403
4.38454
3.86734
3.70134
4.29197
3.92747
4.34652
3.89893
3.78971
4.32872
4.03058
3.35095
3.70132
3.26372
3.77180
3.03024
3.72632
3.90920
3.87736
4.07589
3.84392
1.62786
3.81756
3.53912
4.12449
3.93097
2.96088
3.66209
3.00991
3.74589
3.32651
4.02554
4.32731
4.27680
3.76161
4.22885
3.68042
3.71998
4.31647
4.17809
4.35155
3.74068
4.05553
4.39419
4.18284
3.48321
3.64389
4.16659
2.57717
4.18204
4.28585
3.79880
4.01897
3.64410
2.62693
4.04315
4.27268
3.79619
3.83316
3.70554
4.19676
3.36913
3.87885
4.13906
4.00432
3.72840
1.84532
3.55986
3.25376
3.80149
4.39201
4.30588
2.95752
3.63994
3.70372
4.20597
3.69962
2.55176
4.08202
4.31342
4.01890
4.37157
4.19044
4.02693
3.79286
4.09174
4.20534
4.06504
4.03786
4.02976
4.29742
3.77973
3.93858
3.77536
4.34448
4.15878
3.43517
2.44001
4.27606
4.09642
3.65320
4.06838
3.59715
4.18442
4.02650
3.66120
4.10371
3.93436
3.53512
3.96812
4.26520
3.85811
4.36295
3.84306
4.15331
3.85928
4.15415
4.30809
2.36530
2.81060
3.33596
4.11336
4.19453
4.26399
3.69465
4.16130
4.08864
4.24520
3.96288
3.90017
3.85821
3.92603
3.99443
4.16841
3.87440
4.17221
3.21730
3.72762
3.39184
3.63523
3.63604
4.20960
3.01107
3.89361
4.21337
3.30811
3.96333
4.18806
4.32071
4.14594
4.03477
3.70350
4.27108
4.33549
4.22887
4.25046
4.13089
4.19987
4.26045
4.14967
2.43269
3.54524
4.16505
3.71713
3.67087
3.68791
4.20692
3.80476
3.82595
3.22579
3.73284
3.71463
4.40069
4.04628
3.60982
4.14860
3.49634
4.18988
4.10865
3.54070
4.15995
3.09041
3.94524
3.97207
4.24872
4.00771
4.32871
3.98307
4.23960
3.13355
4.11440
4.02088
4.00636
4.24965
4.34560
4.27373
3.93564
4.12923
3.42872
4.06216
3.99079
3.68858
4.17418
4.16531
3.62943
2.98416
4.08535
4.37438
3.97260
3.74546
3.84210
3.80928
2.86308
3.63599
4.24767
4.25012
2.56376
3.86764
3.72746
3.89214
4.22379
4.15153
3.76817
4.04534
4.16497
4.38394
4.20500
4.33866
4.21047
3.29211
4.30594
4.08368
3.65910
3.98635
4.25318
4.11723
4.27163
3.26078
4.07303
3.11669
3.98599
4.05600
4.19008
2.29602
3.80707
4.05732
3.52559
3.61195
3.96846
3.88458
4.20796
4.21314
3.90503
4.15249
3.66329
4.21546
4.26488
3.61124
3.60475
4.15600
3.83093
4.36021
4.10747
4.18282
4.09376
3.80728
4.01821
4.27892
4.31201
4.18651
3.68798
4.24087
3.61320
4.25641
4.14026
4.05839
4.12546
4.33225
2.95790
4.26470
3.21254
3.19430
2.98263
3.91187
3.83153
4.25309
3.20446
4.01358
4.03394
4.13434
3.94789
3.87756
3.75355
2.86494
3.75838
4.30063
3.76688
3.88124
4.27628
3.70726
4.31072
4.27998
3.72070
4.09705
4.01536
3.43616
4.34256
4.03488
4.11080
3.46434
3.64814
3.88901
2.51483
4.40762
4.22507
4.15538
3.79431
4.39566
4.34037
3.96030
4.03287
4.22634
4.01693
4.20618
3.51023
4.24163
4.17925
4.27304
4.13032
4.01864
3.99931
3.46316
3.49294
4.29278
2.86827
3.29727
4.35776
2.84883
4.24098
4.13075
4.30314
3.04751
4.03623
4.30951
4.01446
3.43769
3.35347
4.21491
3.50804
3.94731
4.07522
4.02989
3.86901
4.15051
3.32727
4.20275
3.16824
3.73163
3.99900
4.10748
3.38015
3.93180
4.06915
4.12184
4.03222
4.00492
3.83820
3.89804
4.18005
4.22447
4.22916
2.50265
4.15322
3.78455
4.15020
3.94835
4.06444
4.14405
3.50606
4.08010
4.17208
3.49311
4.12223
4.01203
4.07663
3.65892
3.77660
3.68745
4.09316
4.10778
4.15173
3.96002
3.81517
4.29524
3.78107
3.94724
4.25292
3.99221
4.36857
3.62757
4.26609
4.19662
3.99058
3.75076
4.20898
3.95190
3.29095
3.59726
3.41257
4.01584
3.53920
4.13524
3.67281
4.37012
4.04357
3.60133
3.76990
2.94848
4.14079
4.25556
2.18377
4.19842
3.95542
3.64822
4.03698
4.05250
2.79168
4.22514
3.88922
3.77347
3.66823
3.72390
3.86734
4.10810
4.08700
4.02417
4.24551
4.00020
4.21834
3.80052
4.21304
4.25592
3.09687
3.87758
3.89745
4.23822
3.74991
2.32057
2.46608
3.51935
4.29029
4.34915
3.51834
3.59060
2.18182
3.99533
3.96033
4.36826
4.16713
4.26615
4.30916
4.35577
3.85249
4.27786
3.87521
4.12115
4.04596
3.67391
3.66873
3.89049
3.72843
4.21519
3.78428
2.80137
3.31936
3.82910
4.16700
3.54048
4.14484
4.28790
4.27909
3.95787
4.36477
4.00939
4.10490
2.79500
3.48846
4.25266
3.90175
4.38429
3.93331
4.17967
3.90665
3.22421
4.21855
3.70729
3.38558
4.10086
3.80940
4.35559
3.99126
4.25009
4.01321
4.12029
3.94151
4.02569
4.12892
3.60934
4.14469
4.13602
3.83547
4.00408
3.87174
4.33662
3.78866
3.76989
3.92606
4.08047
4.40967
3.81845
3.29490
4.14752
3.71011
3.97896
3.76317
4.29118
3.49860
3.26061
4.24832
3.27889
3.97644
3.59620
3.01343
4.18070
3.52429
3.12864
3.80767
4.40135
4.06842
4.34812
3.91999
2.72722
4.23445
4.17833
3.62546
4.09060
2.77759
4.08885
1.93541
4.28524
4.06689
4.12898
4.23904
3.74427
3.99309
4.35411
2.85516
4.21808
1.85712
4.27523
4.02392
3.68881
4.29977
3.45225
3.30124
4.30966
3.54938
3.23616
4.22872
4.30631
3.32962
3.10801
3.54019
3.63067
3.10174
4.00866
3.98847
4.24889
4.20854
4.09626
4.32792
3.30245
3.85633
3.55001
4.14433
4.05139
4.10015
3.74416
3.23907
3.20759
4.07546
4.13363
3.84887
2.99390
3.35154
4.10784
3.71597
3.30174
4.26753
4.01326
4.00481
4.25188
3.84827
4.23202
3.93303
4.00068
4.24435
3.85148
4.28771
3.34602
4.35430
4.37146
4.20120
2.62159
4.04060
3.15675
4.21695
4.14584
3.48814
3.86465
4.23901
4.26759
3.80468
4.43224
4.01951
4.03360
4.20658
4.02359
4.04918
2.68959
3.85984
3.83073
3.78307
2.97302
3.45217
4.22705
3.34301
4.25964
3.97698
2.73580
4.36155
4.33495
3.78773
3.81061
4.31748
4.05737
3.61024
3.77825
3.92843
3.89095
4.12622
3.38081
3.93116
3.84298
3.36028
4.02856
4.29820
3.81034
4.30557
3.56445
2.83546
3.97171
3.93125
1.88542
3.50355
4.28419
4.03523
3.96978
4.14865
4.11865
1.86838
4.06859
3.77879
4.07761
3.64748
3.71228
3.73700
4.06533
2.86691
3.64743
4.06437
4.26579
4.35348
4.16036
4.34167
4.13598
3.67596
3.41124
4.20281
3.77132
2.44118
4.17841
3.24639
4.18812
3.59445
4.26209
3.58122
3.78417
3.65773
4.25521
4.26071
3.57099
3.77058
4.18967
3.26529
3.52527
3.60814
4.16191
4.15527
3.98275
2.32538
3.45465
2.52278
4.09323
3.92941
3.02875
3.86812
3.49799
4.16822
3.69788
4.34775
1.72151
2.30480
3.48552
4.15830
4.10775
3.70150
3.94423
3.85981
4.33832
4.13792
4.40106
3.77545
4.17138
3.36550
4.17719
4.14613
4.24937
3.04106
4.28941
4.33092
3.52090
3.74259
3.60909
3.00819
4.18380
3.89419
3.58795
4.06884
4.15737
3.95492
4.07589
3.86365
4.04667
4.30549
4.08644
3.73390
4.23753
2.55646
2.12001
3.57902
3.83062
1.54956
4.05220
2.94670
3.98831
3.86405
4.41442
4.15577
3.48067
3.91308
3.98317
4.23858
4.13442
4.39031
4.14061
3.84765
3.80406
3.97871
4.16442
2.69400
3.48227
4.13536
4.33538
4.31306
3.23987
4.27391
4.12754
4.22050
3.10673
2.93890
4.01019
4.12843
3.73193
4.10922
2.59007
4.18782
3.76986
4.01618
3.83788
4.10608
3.94950
3.83043
3.96969
4.33027
4.17310
4.16676
3.90810
4.14293
3.92767
4.18853
4.37563
3.66106
4.05059
3.86828
4.24844
3.96609
4.03629
4.19574
2.83901
3.98171
4.16527
3.98611
4.18685
4.08779
4.05817
4.30058
4.14711
3.67785
3.71816
4.11040
4.34514
4.29538
4.11075
4.09197
4.28578
4.24612
3.76952
3.64137
2.90776
3.96677
2.83050
2.90876
4.01308
3.79684
3.81627
3.98574
4.21179
4.27992
4.31329
4.21489
4.17943
4.27601
2.58984
4.13480
4.27426
4.17839
4.43097
4.14663
4.26231
4.15759
4.25340
3.94049
4.01828
3.95204
3.15647
4.02781
3.12384
3.32318
4.15745
3.75052
4.11874
4.30854
3.97293
4.38713
4.27048
4.24586
3.88775
3.91059
2.75811
4.14558
4.05474
3.93224
4.27248
4.22253
3.70139
4.36723
4.38537
3.99016
4.13086
4.11773
4.22412
3.89153
4.12208
4.07774
3.65460
4.30677
3.36861
3.97957
3.90447
4.26035
3.88916
4.20505
4.24711
3.91206
4.02592
3.55876
3.92218
4.16062
4.18981
4.33369
2.43871
3.97386
4.01296
4.22026
3.87296
3.50124
4.19996
4.15650
3.99599
3.10757
4.34590
3.85641
4.09005
3.84917
4.24446
3.80139
3.26514
3.92762
3.38861
3.22852
3.88018
4.18277
1.53369
4.00337
4.13707
4.14900
3.87075
3.44176
2.17024
3.47009
4.13107
3.15408
3.36600
3.80807
4.06394
4.33318
3.76510
2.19719
3.77271
3.82448
1.69550
4.22068
3.86317
4.30260
3.99851
4.22781
4.03806
4.03871
2.81233
3.85130
4.04176
4.33264
4.26872
4.19807
4.09655
3.57444
4.18863
4.12848
4.33224
3.65185
4.36205
4.29412
4.14109
3.15763
3.91943
3.70026
4.27759
1.62607
4.24838
4.21660
3.17209
4.26665
3.91777
4.01699
4.31625
4.07761
3.83671
3.70311
4.29397
2.12633
4.10940
4.08739
4.17738
4.34630
4.43910
2.53674
3.19057
4.21047
3.76901
4.23807
4.09320
4.42313
4.07930
3.92687
4.16720
4.21024
4.00421
2.22315
4.22848
3.91157
4.00593
4.10193
4.21449
4.12136
3.90151
4.23244
4.28156
2.95576
4.26227
4.04868
3.90071
4.19887
4.17395
3.92302
3.60523
2.66799
3.48488
3.68347
2.44320
2.64920
3.85916
2.50600
3.78633
4.22440
3.84399
3.49419
4.10446
3.82323
3.05439
4.26553
4.31923
4.21069
4.28923
4.17846
3.80238
4.14187
3.05309
4.14026
4.46890
3.67750
4.19568
3.42736
3.80218
3.15241
4.28654
4.30044
2.69564
3.97925
3.61760
3.85345
3.95428
4.13629
4.19019
4.25067
3.46193
3.60572
4.35432
3.53614
4.21902
4.01513
4.20580
4.21477
4.37403
4.15330
2.81438
4.28130
3.81808
3.72891
2.82510
4.19584
3.43197
3.39598
4.27306
3.31962
4.25235
3.05635
3.70938
3.93515
3.90834
3.85385
4.17064
4.22094
3.98565
4.34934
4.23491
4.14016
3.48407
4.25027
3.91488
4.30574
3.91256
3.34596
3.49167
3.38203
3.91894
3.88283
4.07609
2.89856
4.00394
2.48289
3.38857
3.98770
3.88446
2.03866
3.76442
4.26035
4.25702
2.43181
3.95658
3.69871
4.28911
4.08583
4.08800
3.92473
4.35024
4.09622
2.80819
4.13682
2.71836
4.09855
4.24206
3.98447
4.15752
1.38547
4.02430
3.22232
4.32081
3.58576
4.12733
3.98679
3.21884
3.50225
3.20729
4.31637
3.97571
2.84554
3.43233
3.79542
3.99301
2.98020
4.10165
4.09388
3.88735
2.68235
4.39339
4.28820
2.67179
4.00748
4.34334
4.26954
4.21350
2.56564
4.08859
3.49821
3.77234
4.18876
4.29914
4.11990
4.25049
3.97989
2.77229
3.91212
3.46635
3.45939
4.12573
4.10070
4.33852
4.14955
4.05331
4.31918
4.10862
3.61458
4.05615
4.13926
4.38404
4.29566
4.09556
4.16607
3.49491
3.82672
4.16048
2.03446
4.11068
4.01838
3.29127
4.02134
4.32758
3.32887
4.06529
4.21908
4.28323
4.33973
3.63898
3.85526
3.97088
3.93130
4.32507
3.49358
3.62808
4.16888
4.03771
3.93903
3.78219
3.62184
3.24789
3.99095
4.20951
4.30808
4.05459
2.55289
4.25222
4.23283
4.15931
4.26854
4.20282
3.86794
2.57175
4.10271
3.75950
4.26245
3.93213
4.25449
3.93971
2.54020
4.01873
2.17274
3.78158
3.89895
4.16651
4.01230
3.69552
2.87813
2.96394
4.03618
3.76084
4.07825
4.11397
3.94465
1.70035
3.97696
3.65511
4.26094
3.89906
4.20125
2.55526
4.10137
3.80652
4.00419
4.17495
4.26359
3.50068
4.23155
3.97011
2.44008
3.96922
3.79339
4.17712
3.94732
3.54601
4.17279
3.81279
4.18099
4.10863
3.69073
3.66546
3.61161
4.25934
2.18862
4.04290
3.66221
4.12395
4.16440
4.11625
4.15247
4.08233
3.63894
4.30807
4.11934
3.79509
3.54089
3.80946
3.80916
3.89465
4.01952
4.25978
1.87391
3.94396
3.89436
4.21566
3.91756
4.31177
4.37156
3.44760
4.22190
3.64718
4.22628
3.81844
2.89439
3.44935
4.20169
4.12665
4.14582
4.24753
4.17618
2.25032
4.37356
4.21063
4.01293
4.16283
4.01630
4.25527
4.15746
3.76727
4.31169
3.79211
4.17855
4.19816
4.36547
3.66721
3.61917
2.78790
3.36941
3.92922
3.83723
3.67636
4.37431
4.02643
4.07937
4.24187
4.13904
4.27855
4.10803
3.96628
4.27536
4.18060
3.69918
3.72279
3.82271
3.21190
4.01335
4.07757
3.57386
4.26526
3.88212
2.81393
4.37857
4.17204
4.31548
4.07751
4.34159
4.30633
3.81999
4.34029
4.02583
3.34303
4.32376
3.11891
4.09810
3.99635
3.74747
4.10509
3.34019
4.29731
3.84091
3.95615
4.25633
3.94988
3.91606
4.26977
4.15299
3.55210
4.11630
3.62372
3.96186
4.09511
3.24590
4.19882
3.32182
3.85432
3.77383
4.07845
3.98936
3.95236
4.10980
3.78758
4.25527
2.35446
3.63455
4.10775
2.96493
4.12536
4.01434
4.34317
3.62859
4.23887
4.38917
4.35027
3.73047
4.12910
4.15438
4.23850
4.16885
3.86298
4.14112
3.71632
4.22790
4.17519
3.67273
3.21074
4.19475
3.88212
4.21014
4.40624
4.09946
4.08898
3.97422
4.21470
3.51474
3.61428
3.99420
3.76043
4.29473
4.16783
2.79238
2.72294
4.21804
3.93760
3.94059
4.35137
3.42122
3.35140
4.09572
4.02831
3.99427
3.80010
3.99279
3.88648
4.25484
4.36792
4.04893
3.82520
4.22016
4.22985
3.65885
2.47318
3.25773
3.86541
4.10583
4.02880
4.32035
4.12531
4.14708
4.27460
3.87238
3.85144
3.38306
4.03784
4.23194
3.66780
2.79662
4.20449
4.30641
3.93215
4.03375
3.82497
2.56011
4.33460
3.65796
3.94190
4.26120
3.29204
3.76839
3.42433
4.10037
4.31153
2.39383
4.04090
3.71306
4.12975
4.31335
3.20482
3.61127
4.05189
4.17463
4.34343
3.41228
4.04919
2.27998
4.41958
4.25911
3.60312
4.35309
3.99864
3.99847
4.04266
4.22714
3.07914
4.21596
3.82931
3.73712
4.41712
3.81728
4.01468
4.13263
4.14717
3.68950
2.88762
3.00792
3.77091
4.10548
4.05896
3.75948
4.11301
4.02538
4.28885
3.89624
4.35095
3.04766
4.04780
4.02948
4.27981
4.20445
3.84741
3.91043
3.08074
4.28684
4.32596
4.21620
4.07356
4.18304
4.12478
3.82748
3.17821
4.35836
4.10277
4.01717
3.81965
3.93396
3.32735
4.30332
3.96876
3.70831
3.95299
4.02646
4.26811
4.13019
4.23955
1.13345
4.21451
3.25317
4.00229
3.93318
3.71857
4.01305
3.76997
4.09661
4.36807
4.25045
3.89550
4.12687
4.15181
4.09587
4.23324
3.57829
3.93830
3.86134
4.23805
4.02605
4.25434
3.86645
3.06023
3.56743
4.18881
1.69566
3.99099
3.75347
3.85617
4.04335
4.29304
3.79683
4.19968
4.21820
4.16578
1.90792
4.14618
4.11189
4.12655
3.84571
4.00972
3.74445
4.18069
4.11823
3.80394
4.32140
3.71811
4.31820
2.63264
4.06585
3.93852
3.84497
4.10632
3.10070
3.75231
4.36423
4.30098
4.31190
3.24115
4.14900
3.53862
4.21766
4.34521
2.98096
3.93716
3.62356
3.50459
4.25124
4.35007
4.37184
4.15676
3.62652
4.29577
3.39932
4.12086
4.07402
3.82783
2.22420
4.39737
4.33565
4.21919
4.08217
4.03694
3.53713
4.11059
4.09778
4.01470
4.05709
3.40779
4.33305
4.27839
4.34223
2.38892
4.15845
4.06729
3.67059
3.55267
4.34315
3.99396
4.00966
4.21738
4.29639
4.31676
1.82691
4.21310
2.49260
4.26699
3.37665
3.51657
4.10844
3.39833
4.10913
4.05843
3.75511
2.58089
4.18740
2.91480
2.43857
3.46021
3.95267
3.52088
3.79040
3.85889
3.66774
4.16332
4.16115
3.87060
3.89333
4.17556
4.16602
3.62999
4.05381
3.97196
3.99112
3.94863
4.10435
3.40820
4.06720
4.25173
3.60664
3.55033
4.36056
3.48412
4.10383
3.85993
4.06798
3.81537
3.90947
4.13369
4.13588
3.95500
4.19179
3.71051
4.13893
3.73980
4.31656
4.35371
4.19341
3.29394
3.13076
3.89962
4.36307
4.27143
4.27040
3.80528
4.25768
2.63109
4.43729
3.99775
3.61471
4.20749
3.92239
4.37042
3.19304
3.60646
4.01081
3.84882
3.24815
4.30199
3.13559
3.76509
4.22252
3.97426
4.14275
3.38114
3.87257
4.22121
3.93875
3.51485
4.26806
4.10357
4.27803
4.23565
4.18299
3.77498
3.86932
3.97603
3.95941
3.54616
3.36322
3.81102
1.77984
4.06207
3.86659
3.51884
4.11790
3.70132
4.06037
2.81863
4.32482
2.64437
3.48091
3.41605
4.41220
4.32672
3.90410
2.91535
4.43702
3.36365
4.07902
3.87228
4.02569
3.68512
4.16182
3.94802
4.03756
3.86572
4.26950
3.74308
3.60488
4.27247
4.06477
4.33208
4.08026
3.86657
4.17325
3.86087
4.32850
4.11825
4.14017
4.24376
4.28084
4.04719
4.26809
3.84089
4.20634
3.07093
4.23060
3.77083
4.18545
4.15696
4.29691
2.72039
4.30895
4.17178
4.18941
4.43460
3.68432
4.07091
4.18432
1.78262
4.25810
4.20762
4.25513
3.97989
3.96679
4.21212
3.06470
3.69460
3.73356
4.00199
4.16351
4.10436
3.85772
3.79677
4.11819
3.40094
4.01980
4.38548
4.10340
4.06538
4.27692
3.91408
3.84883
2.98608
3.61909
3.57456
2.86011
4.04815
3.63219
3.74059
4.26336
2.41413
4.14269
3.63013
3.92127
4.17078
2.38775
4.15209
3.97319
3.93051
3.75968
4.14096
2.93415
3.65443
4.20389
3.39953
4.22561
2.50228
3.98753
4.31266
4.25552
3.73766
4.32151
4.29753
4.15726
4.16167
4.05350
4.34960
3.88296
4.18171
4.31482
4.14368
4.18509
3.92290
4.30934
3.85775
3.46480
3.63020
4.13083
4.05637
4.04252
4.01838
3.84361
3.84937
3.80960
3.65836
4.13793
4.37609
4.34948
4.25400
3.51038
4.20437
4.10069
4.27545
3.92341
4.18269
3.68367
3.99834
3.34545
3.32681
3.76568
3.94767
4.33517
3.99139
4.03102
3.54701
3.92824
2.75062
3.87485
4.24933
3.41242
4.29782
3.90808
4.18624
4.04864
2.01668
4.24270
4.21191
4.39831
4.06133
3.96356
1.61170
3.16178
3.62683
4.00986
4.07152
3.95975
3.56998
4.00691
3.86217
3.98307
4.35470
4.06433
4.03390
3.57494
4.13539
4.25139
4.21624
3.83067
3.85010
3.99523
3.94452
3.40185
4.09181
4.16196
4.42426
3.56992
4.15183
3.83924
4.17648
3.97393
4.26615
4.05881
4.15424
3.59315
3.97857
4.23427
3.75660
4.22779
4.15933
3.36948
4.14723
4.21671
3.74614
4.13994
3.77269
2.63119
3.92603
4.21044
3.80687
4.14445
1.92158
4.14793
3.25016
3.65931
3.50847
4.22079
3.82101
3.93889
2.77556
3.17291
4.04179
4.32885
2.98870
3.92056
4.15563
3.67853
3.43989
4.12853
2.32077
2.62708
3.95915
4.03680
1.23570
2.64331
4.23871
3.70016
4.15340
3.76428
3.80534
4.09676
4.09986
3.42863
3.83915
3.68212
2.21720
4.09816
4.07622
3.15318
4.29330
3.81862
3.66394
3.96094
4.36888
3.78023
4.21620
4.35801
3.15407
3.81477
4.19413
3.99675
2.32942
4.13796
4.20477
4.14886
4.14248
3.88634
4.33918
4.24866
3.28128
3.66223
3.31337
3.91298
4.21670
3.78782
4.29876
3.75400
4.23800
4.07226
4.31913
4.18257
3.42280
4.35277
2.90075
3.99160
4.32554
3.50004
3.61414
4.24380
1.39098
4.33430
3.78616
3.05210
4.35806
3.53289
3.88594
3.83088
3.94988
3.34786
4.28523
4.24957
3.64635
4.24787
4.11666
4.13325
4.15789
4.16110
3.87690
3.98930
2.78836
4.28276
4.14674
3.50113
3.93953
4.10630
4.06368
3.92418
4.26302
3.92716
3.91061
2.46805
4.13483
2.14055
4.28354
3.88698
3.98402
3.84486
3.99788
4.15318
2.84134
4.03233
4.11436
4.42501
3.01648
3.99453
4.07605
3.31969
3.68787
4.15218
4.23904
2.22951
4.35363
2.90260
4.15754
4.17159
4.35406
4.29812
2.45293
3.28365
3.74129
4.00822
4.19243
3.47963
4.17456
3.47166
2.58204
4.20167
4.36125
3.61422
4.20617
3.72937
4.26209
4.04530
3.72466
4.32792
4.27054
3.01554
4.18310
4.25469
3.79130
2.51594
4.28403
4.08577
3.83575
3.74515
4.09308
4.11125
4.38029
3.51019
4.20565
3.75118
3.97558
4.25376
3.98518
4.11010
3.30366
3.18097
3.78696
4.34627
3.38381
4.36873
4.05595
3.34362
4.05963
2.86856
3.82104
4.20113
4.00447
4.40150
4.06785
4.02897
4.23151
3.96516
4.24247
3.97731
1.89532
3.76647
4.32908
2.46724
3.92920
4.14476
4.18468
3.59498
3.93069
4.21294
4.14610
4.16654
4.10336
4.32755
4.16362
3.59422
4.05116
2.39942
3.09947
4.14873
4.06848
3.97666
4.03533
3.04900
2.68428
4.35841
1.73862
4.01505
3.96960
3.93571
4.14728
3.48554
4.15749
3.93725
3.83204
4.27782
4.38886
4.31088
3.94330
3.73021
4.11430
1.54546
4.06017
4.36242
4.12776
2.15093
4.12510
3.98736
4.11526
4.23798
4.04870
3.94441
4.39194
3.45698
3.90483
4.07387
4.28856
4.16498
2.60664
3.27365
4.10380
4.22369
4.39453
3.98141
4.18079
4.23706
4.22677
4.19049
4.21679
3.99231
3.79164
3.86987
4.27934
3.75626
4.18844
4.21313
4.06673
3.92739
4.07329
4.12477
3.84680
4.00908
4.18930
4.31886
4.15144
4.27398
3.39723
4.18552
3.32855
3.18394
3.35374
3.70370
3.86199
4.05014
4.03415
3.93654
4.26687
3.12068
4.32046
4.15863
4.33547
2.52708
3.71332
4.10138
3.47003
3.58330
4.21041
3.90525
4.11397
4.24406
3.97549
3.89713
3.68110
4.23775
3.98474
3.73791
2.12991
2.95298
4.39168
4.16878
3.77127
2.51515
3.00860
4.27863
3.65381
3.70302
4.32047
3.98315
3.70044
3.93901
1.44322
3.83787
3.97161
2.28405
4.20588
4.12025
3.86319
4.14919
3.28236
4.07978
3.87521
1.57395
4.05120
4.03317
4.32943
3.93581
2.73538
3.72913
3.80410
3.95735
4.11894
3.22681
4.22974
3.82843
3.30481
3.93785
4.15327
4.22757
3.98554
4.36862
3.25813
4.14903
2.02389
4.01801
3.52266
4.18017
4.00952
4.02113
4.15958
4.40192
3.99295
4.26836
4.20533
4.01555
4.14884
3.50383
4.29328
4.01818
3.02559
3.83320
3.52578
4.17099
4.32459
4.26101
4.14925
3.87867
4.23717
4.23419
3.74257
4.08179
2.65281
4.05116
4.13936
4.17249
4.19360
3.78748
4.16006
3.87170
4.29069
4.31579
3.78094
2.54678
3.39523
4.07105
4.12387
3.54636
4.00129
2.29291
3.84208
4.06571
3.47241
4.21655
3.96207
4.04625
4.39133
3.88344
4.28762
3.33212
4.37786
4.11720
2.68591
4.30230
3.29188
4.22451
4.38016
3.93745
4.18760
4.10857
3.90402
4.17493
4.00070
3.99883
4.04138
4.22286
2.71974
4.01620
3.88299
4.03468
3.81676
3.31989
4.12751
2.79336
4.35536
3.88715
4.39098
4.05111
3.78540
4.11909
3.21712
4.19123
4.13910
3.64577
3.91740
4.20338
3.51904
3.21936
4.41431
4.29012
4.18525
4.13497
4.07121
4.04625
3.65029
3.68178
4.24537
3.99989
4.02603
2.29290
4.24608
4.22844
2.08039
4.15252
3.79226
3.45837
4.07371
3.90093
4.24902
4.27349
3.72873
4.10178
2.19207
3.72267
4.22921
4.12615
3.66897
4.38448
4.09001
4.01908
4.05669
4.26943
4.31247
3.16141
4.29439
4.29398
4.26955
4.06445
4.01903
3.35843
3.95860
3.45131
4.09648
4.08823
4.39083
3.82573
3.90619
3.74091
3.92295
4.12239
3.93548
4.04740
3.88600
2.93419
3.79154
4.08983
3.44337
4.12290
2.03255
4.05400
3.42551
3.63864
3.29528
3.92937
4.25759
4.29500
3.94745
2.33092
4.03650
4.21010
4.04646
4.14077
2.64107
4.24469
4.15288
3.85105
4.11504
2.43361
4.22076
4.20814
4.13546
4.14720
3.91676
4.41148
3.82185
3.75563
4.04795
4.03446
4.10432
4.04647
4.18495
4.16295
4.20697
3.66322
3.81363
4.40029
4.04760
4.32147
4.25283
3.89379
4.19645
4.04422
4.35641
3.82304
4.13349
4.12519
3.91751
3.64568
2.64106
4.05207
4.20124
4.22067
4.05362
4.28010
2.55526
4.37582
4.02436
4.34660
3.84971
3.91217
4.37101
3.76963
3.60967
4.27176
3.50489
4.01322
3.70907
3.53954
4.14412
4.33683
3.76906
1.95018
4.11280
4.22325
3.66471
3.83543
4.20222
4.04175
3.83611
4.07468
3.59868
3.25349
4.11938
1.71055
3.74897
4.22826
4.09385
4.22627
4.28120
3.42844
4.13101
4.12626
3.59265
4.06616
4.03534
3.96312
3.72178
4.05429
4.35163
4.18886
3.85764
4.17271
4.21654
4.02040
4.18680
4.14546
3.69185
3.64497
4.29116
2.93294
3.98448
4.31321
3.61736
4.18592
3.97503
3.65315
3.78302
3.79511
4.18213
4.12673
4.27566
4.15377
3.52348
3.82561
4.40657
4.34556
4.11472
4.10317
3.99997
3.98770
4.09640
4.35273
4.25800
4.19432
3.95484
2.61142
3.85497
3.46235
4.12312
3.49644
3.60659
4.23791
4.12014
4.18813
3.73879
4.35996
3.99278
4.25364
4.15091
2.44382
4.31106
4.17425
3.06445
4.14370
4.15794
3.70656
3.91793
3.59230
4.20292
4.35552
3.09289
3.77433
4.24564
4.18219
2.89516
4.25354
4.24957
2.81605
4.24832
3.73961
4.15311
4.35998
3.99105
4.08927
3.96201
2.88946
3.79261
4.26520
4.14184
3.59368
4.32914
4.15978
3.46638
4.08239
3.96124
4.32990
2.61169
4.03539
3.64288
2.43157
3.61885
4.01361
3.55939
3.87537
4.26834
3.61897
3.95071
4.18352
3.14648
4.28807
4.22068
4.15896
4.41982
4.09966
3.96274
3.96334
3.23446
2.88068
4.02932
4.27385
3.82420
2.86055
4.21923
4.00237
4.05041
3.91551
4.01020
4.22829
4.33231
4.02912
4.04656
3.57960
4.17457
4.37476
3.72760
3.45571
4.35997
4.24161
2.36277
4.38665
4.07181
3.61356
3.66978
4.22026
3.67147
4.07507
3.78318
4.22219
4.03723
3.57517
4.06321
3.70929
3.36002
4.21961
3.75851
3.46392
3.66222
4.12393
4.15597
4.32555
3.84345
4.04760
3.47420
4.13433
4.03367
4.25404
3.24567
4.31997
3.55744
3.84659
4.07170
4.29686
3.63244
2.15444
3.69962
3.05215
3.92394
4.09838
4.09644
4.14726
4.06209
4.00321
3.46625
2.52964
4.19613
4.25465
4.16912
4.27208
4.04443
4.21618
2.79248
3.98322
4.31238
3.90958
3.55361
3.59401
4.23789
4.06960
3.33581
4.06753
3.79144
3.32014
3.95847
4.23087
4.24092
3.67940
3.32175
3.76575
4.17534
2.85627
3.70480
4.27014
3.72728
3.57665
3.14005
4.15682
4.13198
3.95548
3.97251
4.00815
2.60862
3.62091
4.20636
4.28839
3.73101
4.00813
3.25576
4.33572
4.19512
3.95803
4.13961
4.06135
4.33838
3.44879
3.77253
4.08594
4.23047
3.58048
4.30753
3.94900
4.17390
3.52264
4.16350
4.21362
4.03373
3.90951
3.59358
4.06065
4.19171
3.76099
4.13137
2.48222
3.67872
3.02529
4.26977
3.97616
4.07746
4.35163
4.37728
3.91313
3.51003
3.32445
3.97724
3.94478
3.36002
2.75415
3.92271
4.07244
3.71138
4.05802
4.29541
3.76827
4.08117
4.19373
4.36202
3.90713
4.02442
3.90954
4.29399
4.34691
2.93414
3.19477
4.05434
3.58627
3.85035
4.24276
3.81143
3.81291
3.68542
3.97181
2.20148
4.32279
3.07689
3.68798
3.87311
3.44991
3.01072
4.27911
3.72460
3.95738
4.08059
4.26215
4.18214
4.16939
4.14986
4.22582
4.16659
3.42992
4.20127
3.40356
4.11754
4.12404
4.35532
3.89350
4.08741
4.22299
3.82768
4.09342
4.31467
4.20135
3.69660
3.60941
3.98918
2.11474
3.85884
4.28021
4.00821
3.75129
2.20146
2.64604
4.08483
3.98670
4.37224
4.06730
3.91803
3.84508
3.89109
2.76919
3.01412
4.14294
4.12737
4.34076
3.55391
4.09683
4.28884
3.83671
4.25958
3.84100
4.01895
3.90658
3.88425
3.25463
4.32944
4.03489
3.04188
4.15839
3.08669
4.29520
4.03911
4.25698
4.16646
4.02937
4.16253
3.92123
4.39785
2.49102
2.28334
4.16182
4.41789
4.25309
4.13518
4.04673
4.41565
4.08512
4.06658
4.25970
3.98176
4.02974
4.13214
3.90747
3.03913
3.53187
4.39675
2.91596
4.18100
4.07080
4.11182
4.12797
3.81745
3.92167
3.94626
3.25698
4.13150
2.89231
4.18814
3.93246
2.98442
4.33580
4.12390
2.70645
4.24656
3.75622
4.10620
2.05963
4.03709
4.13837
4.05583
4.12338
4.31414
3.67103
3.33819
4.12119
3.96340
3.89369
4.07680
3.82777
4.02532
4.29360
3.47237
4.17366
4.00827
3.95774
4.25408
3.94882
4.10850
3.77325
3.84647
4.20577
3.88088
3.57261
4.20802
3.75725
3.80553
3.60023
4.15324
4.03553
4.15763
4.24237
4.21311
4.20446
4.11620
3.79216
4.15264
3.29201
4.16471
4.11793
3.53279
4.05958
4.31338
4.20198
4.22399
4.21097
3.85340
4.16513
3.92580
3.59328
4.24102
3.90045
4.03142
4.14710
4.20284
2.22637
3.67327
4.21460
4.29001
4.31629
4.28914
3.58505
4.15017
3.68793
4.29454
4.21240
2.12636
4.10143
4.33573
4.00746
4.01339
3.73838
3.66191
4.12675
4.28159
3.05379
4.36022
3.98443
4.34729
4.25749
4.07489
4.31352
4.13533
3.85177
4.08252
3.83063
3.32712
4.20493
4.05659
3.99688
4.16857
2.71740
4.41310
4.07497
4.16245
4.15676
4.12504
2.94339
4.08272
4.13788
4.02867
4.22092
3.75501
4.12440
4.30969
4.07832
4.09727
4.18349
4.21074
4.17618
4.01544
3.43539
3.63808
4.16865
4.28035
3.57243
3.41901
3.88976
3.53953
4.34216
3.91342
4.36935
3.92833
4.30771
4.15339
4.31748
4.06267
4.00431
4.23301
4.01197
4.39446
4.12493
4.05125
4.03239
4.23140
4.19902
3.76745
3.89731
3.97996
4.23061
3.82106
4.27592
4.14359
4.32043
4.06403
3.93441
2.89017
3.86984
3.52553
4.08286
4.37957
3.85873
3.95029
3.44268
3.93952
3.98345
4.28436
3.43872
4.06927
3.05799
3.86628
4.31165
4.04330
3.73819
3.96316
3.98135
3.91199
3.83519
3.36847
3.70483
4.03544
4.13326
3.93923
4.26271
4.26171
4.10993
4.18972
3.26387
4.06272
3.80340
3.71137
3.39249
3.74620
4.00249
4.17243
3.99541
4.35087
3.93267
3.78854
3.79557
4.24604
4.21517
4.37274
4.07209
2.60378
3.45923
4.10774
4.01420
4.24692
4.38932
4.13919
3.96033
4.39647
3.78747
3.39954
3.71859
4.31661
3.29571
3.81101
4.38695
4.19816
3.54392
4.31729
4.27550
3.64870
4.40072
3.81722
4.05993
2.28226
4.19240
4.17049
3.72773
4.23435
4.29925
4.30015
3.93939
3.60196
4.29898
4.09459
4.18415
4.04024
4.01937
4.12979
3.99677
2.97019
3.82814
4.08303
1.95474
3.93866
2.43739
4.12640
4.20380
4.11476
4.01423
3.77515
4.03698
3.87356
4.07883
3.77993
2.27752
4.11557
3.95650
4.06876
3.96977
4.37735
3.49491
4.02150
3.67211
3.13714
3.84408
3.99371
4.37081
4.12432
4.19390
3.54268
4.11609
3.91406
4.10340
3.83258
3.48573
3.86536
3.92009
4.02701
4.32839
4.39551
4.29599
4.12318
3.88979
4.41260
3.95726
3.90251
2.58079
4.15001
4.17210
3.70469
4.23688
1.86941
3.83386
3.89632
4.25899
4.35517
3.20827
4.19630
3.72587
4.10951
2.17641
3.04727
4.02922
3.72386
4.30666
4.21717
4.40150
2.65910
4.19547
3.40289
4.12541
3.60080
3.40712
3.63762
4.21844
3.86288
3.80442
3.59480
2.94044
4.01956
2.99528
4.22580
3.87597
4.06936
3.37460
3.90876
3.89046
3.89855
3.82413
3.18022
4.32573
3.62057
4.02820
3.53039
3.34476
4.21812
3.78103
4.11905
4.11534
3.79264
4.29928
3.70321
4.04762
4.21143
3.57959
3.70126
3.96692
3.90437
4.38902
3.88236
4.27671
3.85785
4.14979
4.20479
4.18169
4.38057
4.19925
3.28175
4.35335
4.41338
3.29458
4.15687
4.04886
2.66439
4.25922
4.34649
4.05612
4.02115
4.20606
4.20659
2.87984
4.14645
4.14042
3.81605
4.30875
4.15615
3.38763
3.65759
4.22535
4.08765
4.39158
3.78929
3.70546
4.25144
4.28775
3.99911
4.12772
4.34328
3.64181
4.05676
4.09861
3.83002
3.62868
3.94767
4.29506
3.89316
3.76368
4.18551
4.11863
3.82193
4.23583
4.12862
4.03774
3.50169
2.46672
3.79333
3.74047
4.05975
3.97138
4.17266
3.60061
4.29727
4.28720
3.99598
4.10765
3.79191
4.14417
3.86561
3.66104
3.53697
3.76146
3.15451
4.23345
3.95938
4.23240
3.30939
3.89449
4.06378
4.12611
4.35351
4.09535
4.04358
3.89288
3.97709
4.10180
4.10013
4.22561
3.75868
4.14057
4.07750
4.03720
4.22907
3.36657
3.43635
3.98508
3.87372
3.94411
4.31037
4.37218
3.29217
3.69594
3.94749
3.03317
3.97799
1.77369
1.54628
4.22485
3.94431
4.17332
3.57624
3.65914
3.49888
3.90761
2.72935
4.15524
4.27380
4.27006
3.90287
4.18861
4.07330
4.34275
4.00987
3.17578
3.75778
3.92161
3.47031
3.87748
4.20140
4.35731
2.65358
3.57581
4.37586
4.29519
2.41619
2.17606
3.69346
4.12331
3.76198
4.24016
4.10604
3.30272
4.32360
4.34532
4.17491
4.39917
3.98334
2.62316
4.22626
3.85753
4.16880
4.24904
4.14259
3.16158
4.32186
4.09834
3.42801
4.20169
3.70120
3.97305
3.83369
3.76553
4.25156
3.13203
3.67673
2.38142
3.84208
3.21420
3.62398
4.06312
3.63722
3.45200
4.16288
4.13744
2.60415
4.04309
2.11186
4.01257
4.10550
4.01463
3.01167
4.27271
4.41309
4.16013
4.27550
3.75059
3.32403
2.69525
4.18812
4.34715
4.29897
4.19047
3.72507
3.84313
4.09294
4.02347
3.38010
2.48530
3.82857
3.86860
3.82462
4.27557
2.60169
3.59029
4.24914
4.03324
2.19611
4.36985
3.78504
3.56731
2.41035
3.96825
2.44098
3.96413
4.02123
4.16887
3.58148
4.40766
4.20847
3.64661
3.92339
4.06606
3.18407
4.30632
3.69316
3.97219
4.00114
4.26035
3.89354
3.33527
3.91033
3.48495
3.89139
4.09463
4.40741
4.31214
4.06179
4.24228
4.33076
3.98721
3.46301
4.14958
4.24771
3.97650
4.26091
4.13830
4.01756
3.81467
4.07913
4.33017
4.06960
3.73761
4.36799
4.36735
4.37376
4.18539
3.96035
4.22131
3.89258
4.10385
4.24655
3.74304
4.02944
4.32409
3.77314
4.02305
4.26194
3.99788
3.60784
4.03996
4.37160
3.51140
4.09867
3.38232
4.19706
4.13133
4.17036
3.72337
4.31776
4.21669
2.81143
4.05138
4.17872
2.38366
4.25990
3.76220
4.08606
3.21681
3.79025
3.15470
3.80268
3.84167
4.28354
4.30734
2.93247
3.79082
4.03701
4.16062
4.20502
4.28938
3.99999
3.95883
4.03845
4.27437
4.04686
3.77871
4.02196
3.91218
3.81471
3.81750
3.99884
1.97621
3.82512
4.27607
3.78810
3.82600
4.08873
3.98101
2.48386
3.50141
3.97621
4.02564
3.76826
3.94253
3.95530
4.23391
4.33217
3.86799
4.13585
4.15328
2.66444
4.40294
3.44258
4.31007
3.40643
4.20365
2.96905
3.46352
3.77898
3.65903
4.24718
4.06960
3.90341
4.21405
4.38705
3.92064
4.06522
4.20569
3.74223
2.68871
4.04189
4.03309
4.18314
4.18459
3.95564
4.23403
4.17513
4.07294
3.39348
3.93995
1.92148
3.05706
4.09483
3.07652
3.98576
4.22724
3.33560
4.31048
4.25000
3.89894
3.78881
4.03276
3.97037
2.84911
4.13133
4.26978
2.41699
2.74375
3.86282
4.26482
4.10283
4.10127
4.38088
4.12986
3.99916
3.97465
3.41317
3.72569
4.34561
4.14133
3.99914
3.97950
3.86770
3.82002
3.13118
4.30456
4.27669
4.21807
4.03807
4.25491
4.20254
3.90350
4.27080
3.65768
3.81218
4.04335
3.83404
4.41515
3.74782
4.11838
1.97699
3.98924
4.24499
4.00511
4.16540
4.11120
4.20334
4.25021
4.05515
3.39376
4.02809
4.09745
4.22312
3.83138
4.08259
4.30001
4.08523
3.81205
3.97151
3.96033
3.91534
4.32027
3.87679
2.61571
4.08682
4.12017
3.28362
3.91818
4.19160
4.08413
4.19375
4.12368
4.06359
4.16163
4.26498
3.53195
3.87182
4.31164
4.30343
4.20575
4.32029
4.14971
3.83475
3.26231
4.06779
3.75744
4.09420
4.36207
4.26835
4.16896
4.23594
3.84669
4.20848
4.28983
4.03676
4.19933
4.10281
3.57082
3.97887
4.34788
3.99737
2.91670
4.10257
4.21089
4.10615
3.07533
4.02971
3.70916
4.09641
4.04424
4.24803
4.31922
3.88897
4.01610
4.25350
4.31273
4.22374
3.54798
4.29939
3.91865
4.07092
3.93077
4.12033
4.14716
3.16656
4.21366
4.13790
3.26828
3.83380
4.17384
4.30873
4.24242
4.17886
4.27309
4.41415
3.84562
4.19707
4.16401
4.31457
3.45649
3.72212
3.99479
4.25949
4.35301
3.72703
4.30413
4.23615
3.91079
4.04088
4.32789
4.13386
4.13972
3.70788
4.36601
4.10212
3.85713
3.96760
4.35163
2.17748
3.85952
4.17564
3.91523
4.25035
4.32591
4.34134
4.06550
4.13192
4.36384
4.28972
2.77260
4.21579
4.33993
3.75103
3.96546
3.67818
4.05910
3.64736
4.21237
4.28098
4.17197
4.02336
4.29648
4.10713
4.16375
3.91006
3.90661
3.84641
2.78420
2.91312
4.33187
4.20049
3.82025
3.63395
4.28265
3.49796
2.15707
4.05927
2.29740
3.67701
4.06302
3.70165
3.98710
3.67302
3.82710
3.83460
4.12690
4.36288
3.73454
3.99590
4.10220
2.78975
4.27955
3.90346
4.20871
3.67458
3.33109
3.67655
3.39997
4.33912
4.13708
3.90434
4.14728
3.63753
4.21143
3.93424
4.03567
2.64433
3.83925
3.60492
2.11039
3.87028
3.26778
2.84741
3.71378
4.18102
3.73045
4.25662
4.05599
4.17959
3.83870
3.59672
2.26528
2.79278
4.06361
3.95332
4.11734
4.24458
3.70599
3.92664
3.83319
4.12443
2.64878
3.85681
4.16226
3.97144
4.09908
4.06348
3.75742
4.21429
4.23913
3.87378
3.39870
3.92773
3.15605
3.67760
3.49806
3.95252
3.93655
4.20588
2.78150
4.01243
4.07181
4.08868
4.33588
4.28405
3.02339
2.42404
4.10203
3.72611
3.83958
3.87026
3.97171
4.29186
1.22701
1.93382
3.86942
4.32205
4.09584
4.15098
4.26419
3.15775
4.10242
4.23749
3.88541
4.28438
4.25530
4.30019
4.13997
4.13852
4.00839
4.28308
4.10021
2.47239
3.92966
4.16074
4.00927
2.50080
3.62039
3.95445
2.43054
3.19046
4.15527
3.76114
4.05917
4.22345
4.29097
4.25838
3.74871
4.09640
4.18480
3.74347
4.19260
3.60693
4.32785
3.40378
3.28100
4.22582
2.69995
4.10525
3.70541
4.17072
4.23164
4.05809
4.03035
3.59977
4.17629
3.51843
4.18105
4.20270
3.40854
4.06845
4.11609
4.32341
4.24671
3.93793
4.09870
4.22579
4.24514
4.08250
3.95637
3.72075
3.90399
3.75206
4.20330
4.02801
4.18911
3.74456
3.90179
3.85863
4.03020
3.99047
3.66804
4.12289
4.18198
4.22116
4.15941
3.87475
3.77151
4.02011
3.34871
3.51212
2.90442
3.84235
4.09822
4.04084
4.35948
4.09704
4.26495
4.12392
4.16803
3.79152
2.79273
4.15733
3.81920
3.96438
3.87971
3.98285
4.24500
3.88779
4.26421
2.59674
2.87945
4.30712
3.55616
3.92041
3.84215
3.96251
4.14905
4.23709
4.38611
4.03773
4.22978
3.60117
3.62765
4.07349
2.66539
3.90371
4.08298
4.13454
4.28086
3.87697
4.14053
4.32094
4.19801
3.91736
3.70710
3.37428
4.18069
4.25254
3.91953
4.23064
3.14439
4.13108
4.08238
3.33660
4.14420
4.28490
3.91120
3.09222
4.07263
4.26844
4.23948
3.74659
4.10854
3.97419
4.37763
4.17144
2.91411
4.16850
3.11685
2.76286
3.96390
3.79264
3.62143
2.16147
3.82291
4.24132
3.95124
2.37273
4.39177
3.94888
3.34046
4.26714
4.25079
4.19124
4.01941
3.90362
3.59431
3.93613
4.13418
4.22009
4.37093
4.19760
3.05923
4.23057
3.78693
4.34241
4.32564
3.80285
2.56212
4.22475
4.01318
4.01294
4.00950
3.72365
3.83326
3.97614
2.15753
4.07132
3.76028
3.98214
4.17974
4.11643
4.21194
4.04667
3.92783
2.28983
3.75485
4.06755
2.50290
3.42822
4.25487
3.99396
4.27481
3.80788
4.18499
4.22836
3.81495
3.37378
4.31084
4.11371
4.14597
4.15820
4.32184
4.17365
4.32819
4.17373
2.75440
4.16481
3.87211
3.72348
4.08773
4.21738
3.81297
4.00768
4.04358
3.88936
4.25890
3.98005
3.92083
4.14818
3.77255
3.98391
3.45106
4.02140
4.14200
4.25024
4.03519
3.92484
4.24529
1.88606
4.33600
3.97663
3.94815
4.18376
4.33262
4.30194
4.16168
4.33881
3.42809
3.89797
4.17112
4.01186
3.69689
3.49828
4.29469
3.38525
4.02524
4.39788
4.15610
3.76120
4.32543
3.97764
4.08803
3.23626
3.21324
4.19632
3.92698
3.90534
1.26788
3.99186
3.98853
2.79817
4.01771
3.68703
3.65814
3.27765
4.30515
2.64757
3.84171
3.60745
4.29486
4.35027
3.72744
3.39662
4.21469
4.31080
3.78534
4.12352
3.64365
4.20640
4.39468
4.03601
4.25851
4.03010
3.93437
1.80073
3.89036
4.22124
3.98526
3.95604
3.80300
4.14245
4.02193
3.62492
2.94553
4.22895
4.32430
4.13643
4.22802
4.00890
4.20807
4.07361
4.01523
3.65524
3.37173
4.37276
4.02095
4.32440
2.93146
3.94134
3.44548
3.61140
4.44099
3.72401
4.35254
4.33126
4.02205
3.90537
3.68870
4.25397
4.22676
4.03351
1.76944
3.73830
4.23400
4.22544
3.99389
4.15401
3.52115
3.89999
4.21325
4.06791
4.09307
2.22840
4.04785
4.00300
3.91257
4.10587
3.99903
4.22026
4.07716
3.74778
4.40799
3.26942
4.18457
3.71486
4.45435
3.70953
4.27077
3.37808
3.81143
3.76594
2.60724
4.16133
3.94872
3.32499
2.09438
2.37214
2.61438
4.07701
4.39298
3.98827
4.19427
4.36652
3.76668
3.84259
2.50738
3.61849
2.25784
3.90916
4.19294
4.04899
4.15408
4.14391
4.03043
3.78107
3.94053
3.99895
4.34063
3.28500
3.14841
4.14458
4.34762
3.50338
4.27017
3.95412
3.86705
4.40125
4.25668
3.97497
3.79858
3.64750
3.23482
3.90482
4.27899
3.95904
4.24291
4.34286
3.60217
4.17588
4.27023
4.16342
4.20044
2.56497
3.90929
3.53733
4.15440
4.08792
4.33556
4.34119
4.07346
3.85244
3.52908
3.85480
4.30345
3.25049
3.87139
4.24806
4.28401
4.13920
4.30105
2.95612
4.09692
3.76558
3.32178
3.81498
4.40238
3.55323
4.10581
2.41384
4.09047
2.62177
4.05498
4.30853
4.06161
4.07859
4.14190
4.02713
4.17492
3.92919
3.87051
3.92701
3.84067
4.15553
3.89846
4.22806
4.07430
4.21769
4.24647
4.20847
2.34550
4.28321
4.20926
3.16801
3.00223
4.12007
4.27315
4.07683
4.25312
4.19091
3.63646
4.44661
2.64187
4.08830
4.15290
4.34999
3.75780
4.09237
3.91218
4.09814
3.54474
3.41418
3.98450
2.37023
3.86085
4.25126
4.32747
1.86020
4.41627
4.19724
3.57128
3.84513
4.14927
4.12341
2.55079
3.98322
4.31085
4.10083
4.36582
1.44430
4.17487
1.59049
3.54166
3.80316
4.09834
3.41135
4.27522
3.84523
4.21578
3.01226
2.64463
4.15993
4.07195
2.99840
2.10012
3.37456
3.79940
2.84602
4.17186
3.21326
4.09607
4.21617
3.31706
4.20187
3.62423
4.43895
3.75245
4.10620
4.33217
3.83743
3.83399
4.16879
3.99595
4.36685
3.16962
2.91822
4.19550
4.02744
4.25340
3.69781
3.89823
4.22655
4.20589
4.22967
4.15132
4.16550
3.84845
3.38678
3.71102
3.71712
2.37880
3.91772
3.98096
4.09435
4.03519
3.78166
4.26464
3.74978
4.23116
3.93732
3.86920
4.18654
3.79066
4.07247
3.63123
4.17544
4.10945
4.26103
3.89555
2.92494
3.79756
3.86057
4.05333
3.31225
1.83288
3.73541
4.26867
4.17329
3.73074
4.09669
4.22369
3.91470
3.67759
3.63126
3.94689
1.79887
4.35037
4.21430
4.21561
4.02327
4.19899
2.63344
3.98374
4.35245
4.27418
3.82044
4.24161
3.83705
2.48314
4.29985
3.98656
3.59498
3.95968
4.19834
3.41552
4.23121
3.85294
3.69832
3.58217
3.92814
3.23665
4.07711
3.93006
4.32896
3.92653
3.01567
3.29394
3.22843
4.40186
3.10695
4.24349
4.18569
4.33204
2.87282
3.85304
4.07343
4.28865
3.31380
3.87764
4.22776
4.19367
3.74848
4.14927
3.92341
3.90231
3.84017
3.56498
2.83322
4.17193
3.15416
3.45471
2.88588
4.16076
4.11885
4.32475
4.03608
4.24686
4.28928
4.26793
3.33117
3.92919
3.16616
4.26112
4.38853
3.81561
4.31507
3.84397
4.27346
4.16405
3.79054
4.29453
3.22970
3.76716
3.29151
3.85038
4.15251
3.78724
4.43412
4.26179
3.92133
4.31606
3.76319
4.39271
4.24753
3.81627
1.96597
4.41427
3.96299
4.16277
4.20723
4.31491
3.47811
3.84673
4.08779
4.11304
2.64395
3.82389
4.09975
3.70566
3.88964
4.28931
3.80260
4.06256
3.16467
4.20126
3.79937
3.17755
4.01016
3.88535
3.54679
3.21838
3.96300
3.78005
1.78148
3.62772
3.38527
4.26711
4.16635
3.80432
4.18730
4.10814
3.43121
4.27065
2.70490
2.76939
4.01397
3.43967
3.98898
3.70336
2.58153
4.28061
4.22545
3.89329
3.03671
3.88218
4.04911
2.73270
2.85627
3.07125
3.62386
4.15269
4.14615
3.34346
4.10429
4.25301
3.79207
3.95099
4.34330
4.21488
4.05574
3.92725
3.58332
4.23941
3.87400
4.31720
3.42647
2.45670
4.32624
2.59245
4.05556
4.20101
4.01259
2.89994
1.71423
4.33415
4.11732
2.99928
1.75925
3.63626
2.72003
4.27842
4.04599
4.13418
3.70706
4.19063
4.01856
3.17489
3.90290
3.99690
3.28326
4.06267
4.23750
4.27996
4.41375
3.63038
3.77344
4.04984
3.70123
3.85579
4.14788
3.92555
3.80122
3.97296
3.29143
4.22418
4.08609
4.36493
4.30831
3.62327
4.00223
4.23088
4.22094
3.47249
4.02288
3.45492
4.28886
3.83429
4.06314
4.21431
3.61523
4.20653
4.19598
4.18042
4.31701
3.58551
3.64174
4.18718
4.10211
4.17393
4.35497
4.24662
3.97614
3.79945
3.72971
4.03896
4.06641
3.70977
4.35735
3.72886
3.62475
3.36831
4.15380
3.92366
4.06263
3.96996
4.24249
4.30991
3.05736
4.21373
4.18993
4.10758
4.24956
4.24518
3.98757
4.19783
3.72005
4.37147
4.03391
3.86779
2.47401
4.32438
4.05855
4.11286
3.38844
4.07407
4.17804
3.37921
3.90412
3.76757
4.00035
4.02827
3.80433
4.01210
3.87053
4.22207
4.26844
3.94352
4.20422
4.08010
4.07587
2.28303
3.97281
3.96002
4.13813
3.99001
2.26639
3.98129
4.23662
4.29245
4.21374
4.16451
4.02293
4.27886
3.88549
4.06902
3.52713
3.63960
3.45170
2.32646
2.88678
3.76833
4.27331
4.24085
2.62845
4.18038
4.26483
3.74173
4.10800
4.17407
2.74977
3.93344
4.36343
3.45483
4.05551
3.25954
4.35389
4.07717
4.07565
3.99509
3.77202
4.17458
3.48318
4.10621
4.33506
4.33014
3.92681
4.30649
4.20743
3.57854
2.71189
4.25213
3.55298
2.88905
4.33685
4.23684
1.88469
3.82787
4.24392
4.13429
4.12592
3.40944
3.75153
3.62242
4.07424
4.13910
4.19317
2.77952
3.69361
3.87714
3.99647
4.19412
3.40732
3.20495
4.40298
4.25246
4.08642
4.07169
3.97088
3.98847
4.22996
4.24287
3.33967
4.00835
3.35364
2.15566
4.15423
4.26897
4.23752
3.98804
3.57571
2.32140
4.13538
4.15405
3.99142
3.80012
3.42140
3.97456
2.87689
2.28902
3.72540
3.27960
3.87403
4.09864
2.69616
4.13570
4.17783
4.33721
4.08463
3.66227
3.11050
4.26071
3.40188
3.96336
3.85506
3.58962
3.49336
4.02285
4.10618
3.69785
3.87508
3.53712
4.29830
3.68976
3.70542
3.87968
3.01777
3.89320
3.84070
4.11884
4.13271
4.32980
4.34237
3.62217
2.63066
3.74551
4.03080
3.94366
2.73266
4.13798
4.08938
4.24998
3.48477
4.32133
3.99046
4.21971
3.92594
4.19588
3.61564
4.12098
3.68840
4.26497
4.02911
4.39104
4.18349
3.93481
4.20749
3.94621
3.94322
3.77112
4.29451
4.19040
4.17693
4.35574
4.21865
4.02125
2.88656
4.30839
3.76062
2.99764
3.81576
3.77369
4.10781
4.41284
3.98652
4.20837
4.11987
3.98403
4.12723
4.09768
3.45894
3.81974
3.94461
4.15912
4.36402
3.65342
4.14492
3.56212
2.96736
3.69132
3.96905
4.25159
3.83706
3.67830
4.34142
3.86177
2.89819
4.31590
3.98988
3.88416
1.74284
4.19799
3.48665
3.75781
4.05037
2.94846
3.92151
3.87709
3.81512
1.86576
4.02522
4.34112
3.66284
4.17168
4.20087
3.87570
4.33878
3.20386
4.21082
4.01905
3.88995
3.44682
4.26000
3.82964
4.16871
3.93288
3.95998
3.62552
4.00206
4.09479
4.18247
3.79919
3.41634
4.23553
4.37029
3.90297
2.38758
4.11064
4.25696
1.70116
4.31725
2.71476
3.75761
2.62520
3.50094
4.05866
4.14760
4.27145
3.10652
4.20916
4.14907
4.07958
3.85507
3.12347
3.69848
2.63800
4.23097
4.35079
3.92608
3.92898
4.16010
4.10547
3.77630
4.24029
3.20090
3.00861
3.21838
3.58895
4.32363
4.12138
4.05448
4.39109
3.44936
4.22776
4.05776
3.27124
4.04284
4.19577
4.17377
3.69472
3.83317
3.98748
4.09146
4.20806
4.23499
4.30750
3.81301
4.34662
4.26698
3.49120
4.21673
4.01024
4.25434
3.97742
3.93567
3.96748
4.04083
3.84250
4.21861
3.80493
4.09144
4.11912
3.32454
3.93450
4.07069
2.72378
2.99844
4.01000
3.28780
4.21636
4.10750
4.21664
2.70269
4.02531
2.88286
4.03819
3.94146
3.33446
3.70323
3.96702
3.79404
4.15217
2.86752
2.47126
4.05391
4.28398
4.05480
3.60627
3.94456
3.38680
3.65632
4.01798
3.74320
3.71023
4.04477
4.17043
4.20881
4.34196
4.19442
3.20036
2.35380
3.86689
3.71998
4.15366
4.22121
4.14028
3.89981
4.11383
3.94897
3.38353
4.16428
3.92948
3.51328
3.98531
4.38561
4.12311
2.71033
4.12327
3.22330
4.29449
3.93573
3.02066
4.21966
3.59721
4.15764
4.19380
3.84378
2.82404
3.97707
3.84086
4.22682
3.90364
3.88427
4.35139
4.05827
4.23966
3.65129
4.17872
4.14765
4.27262
4.08386
3.91786
4.18807
3.81124
3.91087
4.16090
3.88812
4.05333
4.33378
4.22451
3.94601
4.08759
4.13762
3.79077
4.01174
3.99121
4.10814
4.33270
3.73627
3.74203
4.15242
3.59678
2.70912
3.98364
4.25462
3.60406
4.08868
4.09104
3.02441
4.00671
3.46137
4.15826
4.05254
3.40465
3.15451
3.76081
3.99804
2.90466
4.18331
3.87277
4.37599
3.28817
3.57778
4.03944
4.30923
4.08771
4.31054
4.39847
4.20248
3.64209
4.14019
4.01203
4.07614
4.15915
4.35498
4.13248
3.71684
4.24410
3.64077
3.90185
2.66360
4.13489
3.68430
3.93021
4.02316
3.26127
3.93070
3.91615
3.97134
3.10783
4.15456
4.22210
2.63626
3.51629
4.36906
3.93705
4.22373
4.33522
4.14173
4.24330
4.08657
4.20907
4.19495
3.65464
3.59832
3.66619
3.89811
4.08375
4.15063
4.06143
3.73906
3.81564
3.28449
4.32641
4.01179
4.21568
2.87508
4.20962
3.72179
3.97008
4.16798
4.10179
4.18676
4.16037
3.52425
3.68696
2.20039
3.73305
3.36749
3.08121
4.17854
4.05680
3.34739
4.23847
4.29851
4.31345
3.58533
4.31511
3.70835
4.13243
4.02549
2.90630
4.19665
4.22035
4.22898
3.90222
4.10672
3.76531
4.29784
4.34020
4.00503
2.31374
3.77015
3.38337
2.86979
3.53386
4.30622
3.97749
3.93412
3.86972
3.81044
2.89294
3.67828
4.14614
4.19184
3.52041
4.22408
3.70463
3.67423
4.26933
4.00748
3.97663
3.95641
4.15870
4.14343
3.23905
4.09997
4.20715
1.89049
4.24547
3.98106
4.14801
4.39312
3.60133
4.20972
4.02913
3.86123
4.16535
3.65884
4.37809
4.37410
3.85442
4.07020
4.05819
4.16669
4.14836
3.97046
4.17484
3.78496
4.23737
4.30875
4.28452
3.80732
3.70338
4.15898
4.31836
4.34362
4.43534
2.60302
4.34431
4.26793
4.26912
4.21989
3.89547
4.30495
4.22437
4.23760
4.04839
2.09574
4.07844
3.90083
3.53297
3.32716
4.03236
3.86685
4.18386
4.27445
4.12786
3.31550
3.96300
3.71046
4.28748
3.44609
4.07037
4.25800
4.27962
3.17271
4.24862
3.82566
3.56381
4.01456
3.31861
3.89839
3.82203
4.20501
2.58946
2.05478
3.30204
3.97513
4.19004
2.98120
4.18454
4.19299
4.35123
4.08018
4.19750
4.05602
4.07866
4.09184
3.53303
3.36838
4.04645
4.21657
4.34739
4.34109
4.35518
3.84339
4.20908
3.51180
4.36640
4.17005
4.14023
3.14835
3.79821
3.15632
3.84807
4.10629
3.67709
3.93464
3.79816
4.14842
4.29352
3.65018
3.93461
4.30468
4.24615
4.11386
4.02544
3.58150
3.81360
4.31707
3.76413
3.47152
4.01960
4.17887
4.26180
4.04946
2.95839
4.14936
4.10883
3.00610
4.05969
4.14404
3.52578
4.43966
3.91786
4.13193
4.20188
4.22776
4.18612
3.97290
4.04665
3.40698
4.24946
3.37347
4.31170
3.59570
3.36893
2.77891
3.87721
4.10036
4.26676
4.10868
4.28676
2.65735
4.32291
4.35866
3.91805
3.99213
3.63926
2.51372
3.49133
4.29083
4.31769
4.11170
3.95621
4.11328
3.95718
2.59865
4.26227
4.02540
1.99656
4.11452
4.12777
4.28346
4.26427
4.05553
4.10440
3.56216
3.90415
3.77091
3.67978
4.12950
4.09796
3.84084
3.62247
4.19068
4.40086
3.06670
3.83469
3.81636
3.93212
4.22223
4.11510
3.77428
4.28917
3.66570
3.80579
3.67292
4.38433
4.20921
3.99882
4.35647
4.17541
3.59592
3.97067
3.80200
3.24297
3.69443
4.23848
4.06421
3.94656
4.28639
4.19183
4.22057
3.86331
4.16854
4.02878
3.99219
3.96747
3.44141
3.80966
3.80268
3.91513
4.35020
3.09370
3.82992
4.31669
3.50559
3.34112
3.67133
2.03563
4.19467
4.31838
4.27696
4.21095
4.07566
3.23728
4.18077
4.21196
4.11282
3.60425
4.26914
3.60501
4.12124
3.78852
3.48497
4.03894
4.26380
2.60404
3.87989
4.04391
2.01593
4.11961
3.54390
4.30382
4.16642
2.39348
4.33168
4.07654
2.06065
4.30746
3.46494
3.87390
3.21591
2.82678
3.60197
4.29986
4.17652
4.26068
4.00158
4.07078
4.17473
2.66415
2.01741
4.18060
4.37951
3.41127
2.49743
4.01154
3.70495
3.14201
3.89972
3.75021
2.98875
4.25756
4.10387
3.14889
4.17087
4.28780
3.61384
4.09807
3.89862
4.13462
4.23470
3.94737
2.30679
4.26775
3.95764
4.23924
4.14614
4.23557
4.19682
4.25247
3.19930
4.26898
4.29613
3.94486
4.03963
4.07355
4.07203
3.89862
4.02313
4.29359
3.28827
4.35175
4.20917
4.02752
3.95056
4.10312
3.70806
4.33109
3.94733
4.04065
4.01030
3.79525
4.32674
4.37044
1.88453
4.13561
3.62935
4.18147
4.43508
3.77045
4.25065
4.30876
4.23561
4.17908
2.54623
4.04780
3.44223
3.73943
4.10181
4.31966
4.42045
4.27718
3.52824
4.02762
4.31680
4.34348
3.69680
4.17867
2.85381
4.17088
3.89574
4.27875
1.90789
4.15826
4.39762
3.71285
2.75234
3.29797
1.24804
2.29162
4.29829
4.23417
4.27918
4.11003
4.33586
2.61139
3.67409
3.37980
3.98712
4.11894
3.66946
4.05451
4.05687
3.78641
4.37406
4.36254
4.26505
3.78881
3.88014
4.21041
3.73992
4.31312
4.03838
3.38845
4.32120
4.25469
4.07482
4.30855
3.96092
3.79485
4.02468
3.23931
3.70142
4.23088
3.82538
3.80438
4.09090
3.78717
3.35741
3.86903
3.99799
4.42026
4.22701
4.33449
3.84738
4.29980
3.99004
3.77031
4.22768
4.28497
4.29477
4.36273
4.00654
3.75967
3.16864
4.09665
4.08274
3.28061
3.74556
4.30080
2.15638
4.42406
3.64557
4.35396
4.27511
4.20831
3.65652
4.28526
4.14844
3.93263
4.24748
4.30635
4.08883
3.42258
3.76125
3.35876
4.27080
3.46845
4.24894
3.88559
2.51873
4.35169
4.03773
3.86424
3.88343
4.28140
3.51827
3.76601
4.13430
4.24614
3.98787
3.89021
4.22930
3.63246
4.16791
4.27144
2.54031
3.67697
4.26095
4.25981
3.62606
3.90096
4.28970
4.22104
4.02741
2.55617
4.17554
4.34587
3.47852
4.27642
3.99626
3.05023
4.35302
4.37499
4.24872
3.38311
4.13674
4.28445
4.13596
3.93388
3.83056
4.23012
3.76436
3.93953
3.98224
3.87885
4.10063
4.19390
3.96410
3.55135
4.35229
4.07705
4.06243
4.33852
3.97961
3.89439
4.11331
2.90261
3.77157
4.34077
4.07431
3.99515
4.27960
3.38349
3.64042
4.36913
3.76657
2.76590
3.88042
4.15276
4.05985
4.10522
3.98189
4.10889
3.42501
4.09312
3.00175
4.19319
3.72636
4.18548
2.32244
3.71992
4.30263
4.23575
4.06572
3.94131
3.53940
4.11907
4.19782
1.80033
3.64936
4.19983
3.72256
4.08971
3.61686
3.26944
3.95900
4.02470
3.66592
4.17173
4.01136
4.27328
4.14459
3.91170
4.28138
4.31829
3.88256
4.20983
4.06141
4.01913
4.02780
4.22266
3.83621
3.53266
3.94759
3.56758
4.28654
4.10291
3.95476
3.92167
4.01668
3.73240
3.84732
4.04621
4.33527
4.19223
4.06822
3.37603
3.87258
2.02163
3.70643
2.17250
4.21844
4.23283
4.22415
3.07215
3.97040
3.92379
1.53892
4.13150
4.12766
3.85616
4.19392
4.19605
4.16004
2.90099
4.10061
4.19178
4.16102
3.64048
3.70886
3.91311
4.12372
4.32008
3.67460
4.07087
4.09025
4.04191
4.20877
4.05891
3.71777
4.24664
4.23337
4.30533
3.15285
3.79473
4.25987
4.13490
3.96136
4.28080
4.06771
4.34630
3.53074
4.32406
4.07863
4.12931
4.03051
3.62572
4.24294
4.40918
3.76149
3.98311
4.13023
3.81465
4.07963
4.09747
3.62532
4.05100
4.39444
4.11933
3.75939
4.31912
3.97405
3.91866
3.77918
1.85316
4.17323
4.14908
3.93959
2.31376
2.81939
4.08684
4.34053
3.98934
4.20221
3.46474
1.71119
3.42999
4.19517
2.59024
3.94181
4.21994
3.78078
4.15124
4.04291
4.08133
3.46697
3.28900
3.91831
4.26840
3.95162
3.33886
3.92642
4.21201
4.29742
2.90337
4.02419
3.35979
4.35533
4.17155
4.18250
3.87676
4.27829
3.95245
4.04544
4.24351
4.19990
3.81363
4.03925
4.00386
4.06418
4.15631
2.81724
4.23152
3.83805
4.25461
3.68817
3.92065
3.36820
4.29950
4.23917
4.27985
4.09333
4.21853
3.77955
4.12418
3.84923
3.86375
3.91746
3.92775
4.10323
3.27898
3.84359
4.22914
4.27497
4.28340
4.24199
4.12824
4.40953
4.12454
3.87016
4.17789
4.20735
4.25803
4.31696
4.33531
4.22906
3.95915
3.79247
2.25929
4.34555
3.94452
3.81588
2.79607
3.57361
3.85428
3.82427
3.19099
4.05644
4.22177
3.56304
3.96142
3.64451
4.32597
3.45918
4.12704
3.84640
3.63455
3.08102
4.02217
3.09319
4.14279
3.89846
3.91683
3.89412
4.34491
4.43741
4.38845
3.52157
4.25755
3.70921
4.32193
3.44892
4.06563
1.98304
4.07575
4.13680
4.12795
3.90536
2.78352
3.95686
4.07246
4.07446
3.37158
4.16509
4.13752
4.23699
4.11598
4.12765
3.45622
4.05736
4.16066
4.32151
3.54513
2.83049
3.10218
3.84192
3.89378
3.78242
4.08825
4.10997
3.99367
4.25687
2.09838
4.23091
3.69988
3.18676
4.09659
4.16283
4.18043
3.92242
4.16497
3.98670
3.93924
4.24395
3.61549
2.29574
3.12954
3.78216
4.37335
4.06512
4.29243
4.05179
4.19380
4.25268
2.78716
3.93121
4.30835
3.95711
2.99340
3.48602
4.20245
3.89695
3.60253
2.77697
4.38576
4.23909
3.87114
3.65708
4.37157
3.84653
4.09456
3.72708
4.12016
4.18324
3.35333
4.20901
3.85735
4.26005
4.20843
4.15799
3.69732
4.07293
4.28586
4.18283
3.21548
4.15926
4.04914
4.34215
4.19003
3.59278
4.20560
3.95904
3.90732
3.92799
4.11338
4.37383
4.28847
3.81912
1.93465
4.05286
4.11639
2.82217
4.12890
4.14930
2.84062
4.02097
1.83963
4.02436
3.07350
4.17627
3.83612
4.07383
4.29862
3.20274
3.81799
3.85410
4.38147
3.65350
2.78401
3.97438
3.65938
4.35736
3.35115
3.94838
4.02651
4.31071
3.99526
4.18850
4.18576
4.15355
4.02016
2.31370
3.53808
3.89137
3.80605
3.83908
4.27982
4.08085
3.99031
3.95233
2.20632
4.37007
4.31930
4.24999
4.32894
4.39807
3.90824
3.80585
4.04025
4.13631
4.16323
3.82487
3.77096
4.26484
2.13807
4.35108
4.33872
2.41034
4.21270
3.35771
3.95115
4.19820
3.27906
3.93062
3.53493
3.90229
3.08865
4.00409
3.30855
3.66537
3.54588
3.65860
2.87190
3.47546
3.83582
4.32111
3.71732
4.34367
4.12320
4.12806
4.01744
4.11617
2.78328
4.17955
4.03294
4.00700
4.24211
4.05286
4.31966
4.22446
2.16389
3.56778
3.51142
3.89950
4.20538
3.46177
4.01458
3.99324
3.33787
3.64337
2.70568
3.85340
3.91263
4.05926
3.49768
3.91133
4.19562
3.71323
1.90702
4.26031
3.93527
3.51507
4.25337
3.92442
4.28184
4.32545
3.92211
4.36296
3.35262
4.12840
3.36522
2.59263
3.69716
3.97011
2.51363
4.17487
4.23983
3.85475
4.20263
4.19265
3.90652
4.01264
3.88527
4.19557
4.20161
4.18971
4.23741
4.12244
4.24440
4.12604
4.05114
3.98222
3.68613
4.32936
4.28358
1.28430
4.31113
4.26703
4.03769
4.19052
4.02796
4.21989
3.78300
4.01863
3.98022
4.02961
4.00998
4.02306
3.96556
3.89240
3.11471
3.62949
3.93275
3.38206
3.42598
2.40329
4.11004
4.15576
3.98922
3.31150
4.04709
4.35316
4.26194
4.28384
3.80868
4.02948
4.35229
4.04376
3.73375
4.10767
4.41776
4.08577
3.81865
3.39648
3.60824
3.96573
2.17343
3.91568
4.03247
4.11893
4.30514
3.82304
3.68138
4.08036
4.28567
4.07867
3.16784
3.34029
4.20272
4.22222
4.23349
3.81713
4.15154
4.02781
4.14697
4.18195
2.76404
4.26995
3.68696
3.53706
3.28988
2.95662
2.73121
1.56048
3.86025
4.26064
4.17020
3.83774
3.99155
4.17205
2.73912
2.66789
4.08157
4.25812
3.96733
3.91212
4.18295
4.24243
3.01806
3.96693
4.23051
4.20786
4.31845
4.25236
3.90007
1.87338
3.56534
2.40240
4.08640
3.61290
4.33330
4.00654
3.32822
3.30574
4.28853
3.97025
4.36143
4.05782
4.13705
4.16790
3.28616
4.29238
3.84362
4.21749
3.93077
4.17672
1.92026
2.55497
4.09100
3.31033
4.04719
4.28577
3.32838
4.32280
4.12314
4.30555
4.38891
4.18146
4.09872
4.08846
3.86714
3.86173
3.67495
2.58072
4.28178
4.24754
4.13294
4.28121
4.27200
2.34904
3.01051
3.95860
3.76022
4.20661
3.84281
4.36033
3.33313
3.66305
3.56588
3.66225
2.23954
3.14729
4.27836
3.89516
2.99246
3.93304
4.00452
4.18004
4.18598
4.19759
3.64529
4.26636
2.39224
4.32031
4.12282
4.21453
3.82951
3.74965
4.28011
3.46520
3.23924
4.17992
4.29643
4.04405
4.29212
4.04722
3.27271
4.30529
4.31288
4.32620
3.97445
2.95345
3.95234
4.14566
4.13922
4.30617
2.39534
2.60676
4.18364
4.09350
3.69440
4.04033
4.16004
4.33377
3.43601
1.71728
4.24876
4.07904
3.93932
4.25568
4.16812
3.95276
4.39377
4.16349
4.15253
4.25315
4.12320
3.80403
4.15139
3.94366
4.17484
4.18645
3.78469
3.96544
3.70696
4.02680
3.35616
4.25629
4.26634
3.74360
4.12874
3.97775
3.74729
4.37108
4.27479
3.39078
4.06640
2.88671
4.15046
4.17963
4.26017
4.22391
3.89871
3.63227
3.33699
2.27387
4.15464
4.24313
4.32254
3.86751
4.23469
3.83277
4.44446
3.43749
3.67758
2.74075
4.40473
4.35413
3.97466
2.88347
4.01544
3.86408
4.29858
4.09022
2.19223
3.88439
3.77322
2.67042
4.31664
3.64590
4.32847
4.06319
4.39158
4.10814
3.92798
3.22898
2.72512
3.54119
4.15964
4.20323
3.59609
3.63547
3.95647
4.28755
4.40270
4.33665
3.95054
2.70761
3.63886
3.25596
2.10013
4.26249
3.01221
4.12183
4.08981
4.24934
3.89660
3.40590
3.66738
2.40358
3.77422
3.39734
4.11384
3.46006
3.96131
3.58269
2.61861
3.46078
4.18891
4.16172
4.09946
3.88660
3.75897
3.96124
3.23767
3.90872
4.15923
4.33245
4.15550
3.97320
4.31838
3.47110
2.91791
4.30537
4.18003
1.99712
4.18745
2.82932
4.25867
4.06192
3.41921
3.62720
4.06188
3.95337
4.28038
4.18508
3.90400
4.14721
3.85403
4.12369
3.20440
4.43056
4.26376
3.98346
3.94361
4.29993
4.24338
3.98669
4.34905
3.45863
4.37416
4.13025
4.16596
4.18323
4.14597
4.12713
4.02409
4.14173
3.73836
4.05507
4.24865
2.24360
4.19594
3.25785
4.07247
2.84832
3.62676
4.13524
3.95435
4.22924
4.03961
3.48879
3.92047
4.24745
4.23878
4.22844
3.83258
4.06017
3.38477
4.18663
3.78329
2.29447
3.70540
4.26598
2.62119
3.82799
4.24965
3.94419
3.01873
3.68523
4.18220
4.05224
3.77684
3.94761
3.70448
4.13779
3.80413
2.64089
4.32703
4.26530
4.14969
4.36843
4.28640
3.90058
4.01763
4.25919
4.19229
3.72247
3.88576
4.31467
3.72542
3.82172
4.03411
3.57863
3.74656
4.11946
4.38518
4.39173
4.13225
3.96651
4.22910
3.61800
4.42954
4.09097
3.63036
4.14907
3.82374
4.29675
4.07378
4.03162
4.09415
4.36406
3.79959
4.09535
2.63435
1.89146
4.02923
3.79411
4.22344
3.89941
4.05087
4.06287
4.03434
4.31484
4.11322
3.73839
4.01393
3.18817
4.22213
3.99662
3.42477
3.90717
4.03616
4.25890
3.87716
4.02387
4.37490
4.15225
3.99241
3.59395
4.19819
3.71100
4.15420
4.31292
4.18070
2.93220
4.31411
2.95499
3.97414
3.14784
4.00452
2.79410
2.99736
4.09049
4.08316
3.51392
3.49777
4.15124
4.07571
3.80840
3.55029
3.87515
4.34298
4.29418
4.27366
4.08397
3.94444
4.13861
4.27326
3.85203
3.90665
4.13187
4.25000
3.62336
3.70640
4.10458
2.58029
4.19064
4.15247
2.95797
4.14382
3.76756
1.94990
3.91423
2.92495
4.25729
3.58501
3.87201
3.34968
4.01001
3.49968
3.66464
3.84699
4.35631
4.24227
4.04375
2.65287
3.98142
4.06173
3.71809
4.14056
4.23070
3.73494
4.34920
3.73873
4.06991
4.02467
3.79283
3.87886
3.76799
4.25300
4.30011
3.52763
2.76170
4.20395
4.16624
4.27665
3.96054
3.62647
3.49244
2.05790
4.30989
3.37164
3.95016
3.89931
4.22173
4.21214
4.11889
4.17109
4.01987
3.69181
4.09673
3.75294
4.15434
4.11034
4.22891
2.03089
3.86210
4.14180
2.47712
4.42165
4.13904
4.25735
3.80500
4.12411
4.32271
4.20712
4.23700
4.04281
3.98972
4.01159
4.04352
3.98175
3.59134
4.20710
4.00020
4.17124
4.40324
4.37457
2.38339
3.99688
3.45272
4.41374
4.22394
3.75665
4.03733
3.82910
3.09823
4.34061
4.34777
3.72303
4.06372
3.86716
4.22246
4.19906
3.80066
4.25841
4.26367
3.99284
4.15640
3.27232
4.22752
2.77594
4.16334
4.11332
4.21925
3.59986
4.21505
3.76783
3.97609
4.31508
3.83224
4.33002
3.87842
3.58358
3.57284
3.89052
4.26566
4.20624
3.73857
4.06358
3.78771
3.68516
3.88300
2.76915
4.03569
4.16324
2.89262
4.08774
4.08935
3.79919
4.10489
3.64237
2.35904
4.41667
4.29224
3.67773
3.39560
3.20065
4.44546
4.17136
3.90530
3.99181
3.94989
4.20484
3.56285
4.00876
3.72707
3.87536
4.01799
2.69208
4.18951
4.28274
3.87006
4.11274
3.18686
3.99138
4.19704
3.77473
3.82504
3.91276
3.91623
4.29578
3.54821
4.05206
3.92275
3.71288
3.74768
2.76220
4.21062
3.08934
4.29959
2.77493
4.32010
3.92086
3.67613
3.89700
3.74859
4.00289
4.30510
4.29429
4.24176
4.24180
4.03852
2.74990
4.27324
3.36842
4.35548
4.12244
3.65455
4.27263
4.27212
3.92563
3.51247
4.07374
4.23841
4.11670
4.05773
4.12601
3.90713
4.23537
3.83799
4.09475
2.21769
4.12113
3.89758
3.38653
3.86629
3.76114
3.18036
3.82075
4.09845
4.12942
4.17048
2.70739
4.16831
4.29499
3.94938
4.22962
3.58134
4.33617
4.20183
3.71043
4.32634
3.18662
4.02677
4.10325
4.18829
2.08698
4.33761
3.89016
3.01800
4.02794
3.47109
3.89593
1.07862
3.09742
3.85688
4.15459
3.85913
4.29984
3.90413
3.69494
3.94644
4.29618
3.94704
3.97223
3.75133
3.85763
3.99049
3.83053
2.00684
3.91066
3.63502
4.25567
4.10152
3.80809
4.20435
3.56676
2.46866
4.13310
3.87458
3.35404
2.78469
2.02791
4.22591
4.19118
3.47717
4.19882
3.31144
3.55507
3.61037
4.30945
3.96150
3.96991
3.94933
2.44761
3.85885
3.90415
3.34950
3.59823
4.11259
3.65657
4.20520
3.89848
3.93098
4.32340
3.54437
3.22108
3.62432
3.59994
4.12838
4.21540
3.80949
3.84790
2.74937
3.92287
3.84178
3.62200
4.05393
4.15345
4.29109
3.34891
4.14325
4.08551
3.88444
3.43349
4.21272
2.65814
4.21480
2.65892
4.26306
3.01297
4.11863
3.99943
3.83296
2.28502
3.88667
4.34055
3.77747
3.17774
3.89799
3.60542
2.00437
4.36913
4.04426
3.12917
3.88146
3.41410
4.38200
4.10340
4.15430
3.54061
4.21407
4.27991
4.18147
3.91363
4.13163
2.30599
4.06254
3.80299
4.14133
4.17508
4.23216
3.42007
4.23961
3.57535
4.24943
3.26328
3.97980
4.35612
4.03573
3.00858
2.63972
3.52244
4.21662
4.08535
2.91659
2.80767
4.16821
3.92615
3.63061
4.36175
3.69354
4.20150
4.16105
4.06521
2.70640
3.96357
3.81907
3.73075
4.08422
4.25735
2.31189
4.02900
3.97707
4.15310
3.61995
4.00771
4.03162
3.90254
3.80090
4.14836
4.16171
3.35530
3.88090
4.00613
4.05626
1.42108
3.99679
4.19876
3.99692
3.45210
4.07400
4.20698
3.73798
3.53239
4.06204
3.41054
4.20715
3.91705
3.68977
4.23054
3.31081
3.66241
4.18189
4.10398
3.62160
3.69844
3.89001
4.29293
3.51820
3.08162
3.98038
3.18154
3.53154
3.75040
3.46873
3.53492
3.93267
3.95304
4.12231
4.29976
2.51376
4.29799
3.96071
4.12036
3.57815
3.89416
4.11399
4.13457
3.76413
4.02911
3.37965
4.26770
4.19249
3.09678
4.15402
4.29030
4.08093
4.11757
3.27238
4.01899
4.32451
3.36083
3.95782
4.04951
4.09330
1.98395
3.27198
1.77132
4.24684
2.78884
4.17714
4.12227
3.74704
4.25283
3.05644
4.07209
4.22021
3.89673
3.99789
4.33910
4.22538
3.71670
4.05564
4.06227
4.08042
4.26659
4.18426
3.89741
4.12669
3.76868
4.16299
3.76059
3.97273
3.95291
4.00024
4.27127
3.83303
4.26526
4.10414
3.99895
3.77368
4.17068
3.58807
3.79786
3.95879
3.78674
4.32327
3.84803
4.22781
3.46364
3.61442
4.12000
4.27572
1.94295
4.05295
4.14038
4.23141
3.78903
4.05709
4.14545
4.09237
3.87394
4.19357
4.25359
2.21378
3.84106
3.44642
2.12536
3.79244
4.38216
2.54378
4.29982
4.16674
4.14461
4.27303
3.73638
3.94846
3.82206
3.25599
4.20231
3.95343
4.06015
4.12747
4.42768
4.09222
4.23866
3.95325
4.31765
3.84608
3.95527
4.19316
3.85082
1.16123
4.22776
3.96685
3.92608
2.73524
4.22912
3.82379
3.95770
4.10952
3.52766
3.71505
4.05217
4.24756
4.15564
3.99081
4.02938
4.28513
3.81114
4.30491
3.60542
4.23002
4.01844
3.89221
3.33893
3.39413
3.46160
2.41728
3.31657
2.02401
4.01138
4.13983
2.65887
3.93316
4.22332
4.33644
4.20342
4.14677
4.34577
4.19913
4.26398
4.05419
3.84708
3.84261
4.08334
4.21909
3.81001
3.96865
3.80965
4.26017
4.12968
4.25269
4.18362
4.09410
4.03353
3.24953
3.66166
4.20248
3.87770
4.05206
3.84468
3.80491
3.09396
3.89757
3.83069
4.13359
1.85809
3.53795
3.41359
3.75347
3.84687
4.16771
3.08078
3.16847
4.13235
3.24700
3.84825
4.17253
3.80600
2.95024
4.15212
3.68221
4.27652
3.58656
4.16426
4.17989
3.80579
3.66102
3.89870
4.13904
4.34513
3.82466
4.28316
1.87427
4.20470
4.16226
3.62029
3.71817
4.19776
2.54055
2.97839
3.96710
4.05314
2.60376
3.56854
3.88758
3.96958
4.22892
4.01769
2.18347
3.34094
4.36314
4.03371
1.91826
4.29921
3.64854
4.17195
4.29704
4.12629
3.78961
4.32162
3.90888
3.97244
4.27690
4.22341
3.97023
4.21947
4.32197
4.37642
3.23466
3.78745
4.14383
4.18834
4.20045
3.49517
3.80521
4.01912
3.74934
4.19114
3.98750
3.56774
4.34695
3.71457
3.49202
3.84297
4.26361
4.37864
3.96824
2.98784
4.25122
4.22976
2.99054
3.89960
4.36113
4.14039
4.04418
4.32343
3.34363
3.54759
4.11052
3.62736
4.33543
4.35916
3.41297
3.77890
4.40251
4.23737
3.89255
3.24382
4.14947
3.48485
2.73813
4.18433
4.13565
4.15283
4.09534
3.77055
4.24451
3.39078
4.04433
4.00717
4.03570
1.86727
3.95568
4.29699
3.59722
4.32037
3.28508
3.88279
4.13809
3.69687
0.84535
3.85332
4.18850
3.66943
4.07314
4.02327
3.94684
3.99238
3.94503
4.22486
4.19588
1.86189
3.93590
3.02510
3.36493
4.01183
4.07972
4.32055
3.64450
3.77665
4.13615
2.78934
2.04013
4.33175
3.96837
2.56080
4.19223
4.02742
3.44645
4.17629
2.93405
4.25840
3.69081
4.18056
4.14747
2.48171
1.84464
4.35730
4.14563
3.49272
3.68229
3.26291
3.85188
3.23096
3.05962
4.27803
4.22354
4.31357
3.61642
3.50366
3.77316
4.34544
3.71403
4.38946
2.35557
3.48656
4.23846
4.05863
3.57436
4.11454
4.19822
3.59746
4.03835
4.18471
3.96587
3.81754
3.78214
3.86482
3.36177
4.25655
3.80474
4.02065
4.07844
4.25381
3.73795
3.77736
3.91131
4.15584
4.14028
4.25156
3.84391
3.91162
2.64113
4.24664
3.93797
3.46523
4.01145
3.56183
3.75303
2.35717
3.90930
3.90494
3.70223
3.90032
4.37646
3.93627
3.15521
4.06874
3.71132
4.12003
4.26990
4.07681
2.46064
4.25402
4.32942
3.81820
3.72325
3.90469
4.29323
2.98909
3.60664
4.23534
3.89204
3.84528
3.57799
4.10051
3.86054
2.69967
3.85775
3.96767
3.89755
4.24566
3.99220
3.87508
4.33727
4.19864
4.23845
3.89656
3.75536
4.17155
4.28569
1.66307
4.17234
4.09354
4.21414
4.08045
4.28437
3.79717
4.14871
3.94300
1.92221
4.27298
3.29837
3.05366
4.31651
3.59382
4.20826
4.09595
3.89674
4.06123
4.17168
4.17457
4.06176
3.92849
4.20879
3.45681
4.02926
2.33821
3.35527
4.31601
2.16189
3.57863
4.03657
3.56382
2.60798
3.82679
2.83641
4.21218
2.65235
4.13251
2.28383
4.28197
4.19796
4.04955
3.78448
3.51238
4.13439
3.85605
4.33535
4.18602
3.32860
3.85755
2.61850
4.09839
3.70528
4.09655
3.90745
4.20542
3.19236
3.90529
4.25745
4.06989
4.19870
4.25544
3.81958
3.54386
4.00751
3.61810
3.53732
3.27134
3.75313
2.89413
3.59477
4.14204
3.84479
3.33931
4.23164
3.93383
2.51231
3.74315
4.24206
3.58928
3.85359
3.78179
4.27314
4.36578
4.05091
3.90565
3.76795
3.98641
3.80775
4.01183
4.33673
3.96978
4.00540
3.20032
3.90331
3.96015
4.19587
4.31980
4.25345
3.47027
2.65604
3.54433
3.65086
4.15886
3.92114
3.98915
4.24361
4.12221
4.05019
4.30027
4.28246
4.28153
4.10202
4.02899
3.00213
3.75232
4.34268
4.15956
3.96166
4.17281
4.01422
3.98027
3.93491
4.21628
4.17775
3.28989
1.50345
4.25901
3.82384
3.16274
2.95125
4.12421
3.94380
3.16902
4.32954
3.71578
4.17845
4.11762
3.98396
1.88273
4.26945
4.00193
3.78699
3.86722
4.34799
4.08398
4.28991
3.12256
4.34615
4.04853
3.86340
4.27955
3.69922
2.62623
3.99100
4.16265
4.16458
3.64347
4.25850
4.08885
3.65554
3.90372
4.07327
4.38555
3.51265
1.92448
4.27429
3.70050
4.39668
4.31947
3.84423
3.31822
4.21639
4.27736
4.22940
4.09636
4.23786
3.62742
3.82578
2.99232
4.23415
4.28471
3.85760
4.27313
4.12027
3.92143
3.35436
3.14268
4.10456
4.30034
3.99234
4.06397
4.31682
4.02983
2.22670
3.54068
3.09213
4.10055
2.13016
3.82354
3.23633
4.37341
4.09690
3.99288
4.12063
4.07047
4.28883
3.32694
4.35216
4.01409
4.11638
4.34741
4.13043
3.97408
4.23806
4.29337
4.33446
3.36965
3.80484
4.27062
4.12956
3.29133
3.74300
4.06185
4.23166
4.19301
4.28399
3.89024
3.59367
4.20646
2.88706
3.99537
3.96781
3.97334
4.13267
3.69024
4.05846
3.68112
4.33999
4.33320
3.52917
2.50935
3.78103
4.26003
4.19911
4.11862
3.43284
4.37142
4.04256
4.08958
3.50359
4.10280
4.17226
1.97557
4.10719
3.82253
4.20269
4.12177
3.67032
3.79195
3.78897
4.34180
3.84118
4.19638
3.95566
4.17397
4.08118
4.27611
3.76084
4.01683
4.30867
4.17021
3.79322
1.96987
3.82949
4.39345
3.32661
4.25022
3.75418
2.68916
4.15173
3.61771
4.03567
4.31985
3.45878
2.76988
1.83637
3.70072
4.15402
3.53387
4.08841
4.34779
4.21589
4.00832
2.32261
2.92688
3.02869
3.92784
3.89713
3.58381
3.85766
3.11347
3.94917
4.12861
3.98661
3.96911
4.35551
4.02679
4.08485
4.38527
4.19525
3.91026
4.20005
3.63968
4.08920
3.53820
3.80010
3.63374
4.34728
2.99473
4.23036
3.98113
3.85785
3.79232
4.04797
4.04431
3.81331
4.12247
4.09641
4.15290
4.09196
3.92862
3.93514
4.16718
3.53472
2.06664
3.42513
4.06340
3.91127
3.08152
4.03751
4.12414
3.65968
4.04819
3.17587
2.69845
4.15288
4.20655
4.03595
4.19193
2.94056
4.07111
3.79791
4.34549
4.13425
3.87902
4.01110
3.49402
4.13007
4.27508
4.15550
3.93287
3.60051
4.33571
3.27606
4.16284
3.99986
4.35119
4.03732
4.11466
2.15378
2.92660
4.34476
3.78493
4.06021
2.12623
4.12156
4.11774
3.93573
4.27835
4.38537
4.18398
3.59301
2.53482
4.32626
3.35723
4.14758
4.34898
3.84764
4.18108
4.24667
4.19693
3.87141
4.26696
3.72194
4.05895
4.00370
3.91288
3.97852
4.21086
2.85292
3.41263
3.05360
4.03748
4.15785
4.32192
4.15654
3.37334
4.00284
4.37734
2.67071
4.07101
3.70996
3.70246
3.10448
4.12783
4.34161
4.31543
4.04377
4.18950
4.24234
4.18244
3.09574
3.94150
4.30332
3.87641
3.96112
4.35261
3.46508
3.37844
3.84153
3.66513
4.08263
4.23217
4.25318
4.27354
3.63728
4.21907
4.09378
4.04894
2.43956
4.22273
3.61605
4.10143
3.77969
4.08533
3.23636
3.89007
3.70527
3.66889
4.00285
4.25700
4.27358
4.11669
4.32368
4.39620
3.85710
4.03788
4.23651
3.80664
3.61105
3.15026
4.29872
3.93197
3.64346
4.34773
3.52652
4.29794
3.80179
3.88196
4.10064
3.89928
3.52297
4.26695
4.12838
4.44527
4.09997
4.05835
4.22276
4.15328
4.03523
4.01494
2.83232
4.08997
4.20981
3.85568
3.91251
4.25034
4.42822
3.86703
4.24403
4.20540
4.02761
4.14642
2.46533
4.04516
2.03390
3.97310
3.38471
3.14819
2.43083
3.98091
4.27660
3.85268
4.25350
4.24305
4.09056
4.08627
4.24943
4.14639
4.23876
2.18293
4.30564
3.65813
4.12285
4.35623
4.34002
4.08883
4.17603
2.26998
3.69234
4.21446
4.33934
2.43938
2.98985
3.85386
3.94394
3.45199
1.86057
3.32293
3.96928
3.68588
3.65783
4.24206
3.85466
4.30617
3.58253
3.72260
3.99359
3.72829
4.19681
3.39489
1.63568
3.96022
3.90107
2.70872
3.89469
3.77975
3.26650
4.07905
3.52535
4.17097
4.26874
4.07059
3.54914
4.32191
2.41417
4.27808
4.37531
3.80885
4.15927
4.30089
4.19698
4.12889
4.24138
4.21587
4.27113
3.28174
4.33230
4.21997
4.22512
4.10689
3.27243
4.22959
4.02549
3.86420
2.73649
4.20971
3.41530
3.73133
4.19341
4.17015
4.02657
3.54138
4.02205
4.29498
4.32756
4.27048
4.08445
3.99955
3.52732
4.00988
3.53673
3.60835
4.24359
4.23524
4.10602
4.17940
4.17639
4.12182
4.12382
3.84645
3.50378
4.06596
2.94571
4.24593
4.03788
1.79889
3.76396
3.84164
4.31330
3.91358
2.06048
3.29675
4.07721
3.14993
3.70963
2.82582
2.45892
3.82093
4.01600
4.02936
4.19806
2.21085
3.90396
4.06896
4.23870
3.87158
4.17477
4.00062
3.71277
3.73205
3.76743
3.88980
3.81793
2.94809
1.97630
4.23544
3.36946
3.38632
3.11559
4.35813
4.12048
2.31561
4.09908
4.30903
3.61481
2.75688
3.48799
3.91295
3.99069
3.30503
4.10791
4.02401
4.38981
4.25892
4.13198
4.30340
4.23193
4.27911
1.55504
4.07822
4.24787
3.94396
4.23338
3.81559
3.88789
4.29085
3.86081
2.57327
3.81110
3.71678
3.24477
4.17594
4.23726
3.97557
3.07699
3.63796
4.24611
3.46161
4.05932
4.11353
3.80843
3.99392
4.22617
3.40449
4.00728
4.11800
4.30967
4.11419
2.81872
4.26083
4.32606
4.05739
4.09410
3.75946
1.93040
2.76440
4.29163
4.24690
4.26360
4.21996
4.31123
4.02191
2.62571
3.69495
4.19830
4.21581
4.28819
3.94989
4.20558
4.13783
4.34752
2.22761
3.29520
4.06876
2.93140
3.69469
3.95491
4.35819
4.08647
3.29325
4.11523
4.19917
4.16636
4.18287
4.08829
4.02506
4.05546
3.95595
4.21851
4.16403
3.80101
3.99811
3.93395
4.29524
4.02894
4.23883
3.90388
3.60997
4.25471
4.20940
4.35126
4.19808
2.85227
4.06693
4.28130
4.38352
4.35014
4.27701
3.77890
4.22725
3.88182
4.22290
2.45603
4.26969
4.32213
3.78620
3.92873
4.24513
3.54292
1.80157
4.13791
4.18528
3.47218
3.14163
4.28635
3.49293
3.85040
4.04874
3.80155
4.03864
4.19096
2.07288
3.06021
3.95336
4.01276
4.36448
3.95431
3.56588
3.18596
3.62962
4.10406
4.01048
4.24007
3.36760
4.29096
4.34072
4.28755
4.04996
4.22912
3.66075
4.13212
3.98824
3.92232
4.25067
4.18060
4.15455
3.45905
4.19188
3.86317
3.10985
4.23788
4.23572
4.09319
3.96699
4.12710
3.83304
4.16081
4.29831
1.58318
4.08449
4.26261
3.74335
3.95278
4.34508
4.17286
4.18997
4.31565
4.23334
4.20390
3.93476
4.11748
3.94138
3.38149
4.14278
3.86209
3.76646
3.26321
4.20937
4.21806
3.54428
3.89736
2.41314
4.32675
3.61173
3.89518
4.26339
3.71193
3.05147
4.23844
3.37693
2.28498
3.97178
4.16287
4.03146
3.88383
4.30474
4.20725
3.82578
4.27846
3.51263
4.11556
1.84371
4.32967
3.45920
4.24237
3.79596
3.51483
4.08021
3.99925
4.24484
3.66186
3.64717
4.11385
4.29808
4.27251
3.34481
4.15993
2.47878
3.90289
3.90467
3.76544
3.69842
3.48533
2.39587
3.98345
3.97089
3.25253
3.67129
4.20146
4.20840
4.32209
2.97074
2.09191
4.11395
3.84199
2.32095
4.09631
4.03917
3.92182
4.18700
4.12041
3.83156
4.25970
4.17859
4.30986
4.43429
3.66477
3.97991
4.17922
4.37178
4.07977
4.20642
3.35990
4.04730
3.76643
4.19935
4.18507
4.29203
2.05018
3.92663
4.00458
3.83121
3.05076
4.37405
3.41387
4.22540
4.21150
3.90732
3.88946
4.31042
3.05966
3.91225
3.48621
3.60513
4.10711
4.10911
4.23882
3.82805
4.05161
3.54138
4.23042
2.21212
4.14215
3.89125
3.84324
4.26645
1.70794
4.02787
3.93833
4.14522
3.94064
4.17760
4.10378
3.67941
4.36368
3.63585
4.09998
3.21317
4.12679
3.62294
3.62904
3.76695
3.65873
3.59367
3.75725
4.21869
4.10742
2.09923
3.44718
4.13015
3.84249
3.99028
4.27069
4.00385
3.92423
4.34352
4.03261
4.26507
3.44935
3.62142
2.77880
4.23453
3.37410
3.90288
3.85772
3.86977
3.59233
