3.74777
4.14134
4.22064
4.11760
1.45966
4.12060
4.26530
4.06285
3.12388
3.89980
4.21449
4.29982
3.70683
2.92435
3.56233
3.98492
3.53590
4.19367
1.83446
3.56725
3.89401
3.45805
3.49285
4.14971
4.12460
3.88056
3.56417
4.13946
4.39902
3.76409
3.07787
4.19884
3.90279
4.02501
4.00506
4.19040
3.86826
4.20886
4.07296
3.97807
3.96872
3.56715
3.68469
3.03150
4.06020
3.52496
4.17561
3.64945
4.07234
4.32220
4.28208
4.39930
3.29921
4.33777
4.02276
4.34784
2.83047
3.24318
4.13725
3.96795
4.12597
3.92126
3.97756
3.83255
3.57581
3.99602
4.12692
3.92979
3.96759
3.32826
4.24460
4.33039
4.19863
3.87359
3.90662
4.00007
2.45960
4.11666
3.94879
3.27388
2.23816
4.21259
3.42861
3.76007
3.86875
4.09786
3.91063
3.82260
4.03463
2.89452
3.92807
3.27017
4.35778
4.14905
4.19325
4.22322
4.24404
4.15682
4.34898
4.20726
3.92210
2.49939
4.36003
3.71657
4.03140
1.98715
1.92385
4.02699
4.25058
3.95967
3.53347
3.64744
4.30114
3.30659
3.50605
2.58041
3.70823
4.11510
4.27671
4.06125
4.28547
4.26998
4.10027
4.22392
3.66839
3.72489
4.19103
4.09438
4.13483
4.10245
3.78360
3.96763
4.36476
4.12450
3.89010
4.33758
3.78586
4.21777
3.54112
3.81620
3.85635
4.27270
4.01247
4.15414
4.32305
2.72779
4.37249
4.16223
4.01800
4.19118
4.22238
4.31181
3.94105
3.83346
4.24541
4.33107
3.76546
2.03107
3.89126
3.70099
4.39728
4.26570
4.11152
3.87790
4.25657
3.96884
3.72542
4.17172
4.04337
3.80438
3.66459
3.98086
4.06905
4.23462
3.41120
3.33147
4.07520
2.61917
3.54380
4.00206
4.17269
4.07070
4.03182
4.35099
4.13210
4.37120
3.92282
3.86750
3.95326
2.58965
3.66733
3.96916
4.10206
3.96762
2.85838
3.98781
3.85804
3.71281
3.83877
4.05271
3.14683
4.31597
3.99222
3.04832
4.37237
3.85620
3.83998
4.26296
4.42038
4.34695
3.01032
4.28895
4.27061
3.96165
4.35164
3.74851
3.73568
2.61019
4.27470
4.17995
2.85360
3.80851
3.63156
4.29372
4.20564
4.02309
3.29038
3.60967
4.07279
3.85249
3.83737
3.52603
4.29928
3.29984
4.39961
4.03061
4.22070
4.16489
2.85352
4.28062
3.30965
3.71990
4.28106
4.23716
4.07975
2.84318
4.04652
4.33281
4.07871
3.76274
4.02257
4.05792
4.09207
4.30555
4.02451
4.20850
4.26460
4.31023
4.01439
3.67838
4.07501
2.72180
4.23978
4.19050
4.16841
4.37906
3.91798
4.10526
3.91936
3.92937
4.03643
4.22229
3.96735
3.95143
3.83571
4.19651
2.08002
4.26564
2.47706
2.68670
3.67459
3.62127
4.10719
3.87957
2.56294
4.25391
3.73544
4.19639
3.89764
4.10362
4.01790
4.22568
3.99691
4.12768
3.77751
3.96530
4.10491
4.17213
4.28175
4.17180
3.80598
4.13691
4.01376
3.97216
3.59803
4.20295
1.59277
4.16636
4.36134
3.69410
4.07753
3.62377
3.39445
3.69316
4.33217
4.27711
4.30801
4.27852
4.30908
4.21741
3.75869
4.39436
4.31153
1.77341
4.23155
3.94469
4.16967
3.57044
3.81263
4.25056
3.10516
3.98579
3.31200
3.68810
4.28426
1.81528
2.14418
4.22227
4.18351
3.35078
4.06222
3.67319
3.19842
2.79523
3.35451
4.11599
4.21455
4.26390
4.23390
4.22385
4.00391
4.22696
3.90918
4.23650
3.80844
4.35925
3.99247
3.79397
4.14386
4.19111
4.19279
4.19544
3.71124
3.42658
4.07369
4.16130
3.87394
4.19410
4.16405
4.11614
4.13470
2.80850
4.25421
4.18279
4.16440
3.70524
3.82414
2.41758
1.74410
3.93115
4.16101
3.83065
3.49035
4.31181
3.84055
4.01617
3.68788
2.80722
4.02851
4.11871
4.14780
3.90896
4.39656
3.52263
4.13911
4.05818
4.31210
4.23848
3.98494
3.20629
3.91263
4.36009
4.27782
4.18488
4.07491
3.89132
2.98071
3.70709
4.24030
3.94713
4.04714
4.25861
2.70735
4.35135
4.32852
4.10671
4.23232
4.25775
3.20077
3.74491
4.26116
4.25716
4.12383
4.08571
2.51895
3.23732
4.06035
4.11615
4.12157
4.15221
3.66767
3.43852
2.27517
4.04541
4.18831
4.26689
4.26660
3.55234
3.95327
4.36701
4.08083
4.19769
4.29820
4.16834
3.88867
3.81952
3.93499
4.17045
3.83157
3.65155
4.05514
3.83887
3.87354
3.84413
4.21496
3.51410
3.89536
4.13265
4.08384
3.90844
4.10963
3.20539
2.71798
4.18495
2.96510
4.14946
3.61989
3.46203
2.54162
3.81513
4.14726
4.11976
3.96367
4.07548
4.29823
3.86668
4.17889
3.77101
4.36478
4.06748
4.02279
4.08176
4.16639
4.26269
4.14162
3.28355
4.09655
4.01577
4.27283
4.14349
4.00382
2.66180
4.16738
4.31513
4.17138
3.84818
4.24317
4.09587
4.25176
3.51720
4.07032
3.77440
4.38503
3.92453
4.23353
3.80283
4.06566
4.24943
4.19847
2.72807
4.25548
4.17756
3.81026
3.40541
3.73687
2.26344
2.22855
4.27719
1.99811
1.76151
4.03381
4.41731
4.21280
4.25116
1.70644
4.37461
1.99573
3.65959
4.18672
3.84024
4.40291
4.01042
4.01215
3.04474
4.15492
3.89101
4.32974
4.11822
3.85596
4.31141
4.16198
3.96336
3.91587
3.84869
4.28713
3.75758
3.92213
4.26135
3.45923
3.93929
3.83398
4.02538
2.36274
4.25271
3.24945
4.06522
2.17007
4.28249
4.18179
3.57840
4.11346
4.30382
3.80063
3.85720
4.06121
4.37411
3.93531
2.87568
4.00103
4.29769
4.26407
4.25456
4.26055
4.15851
3.98208
3.80634
4.10808
4.15637
4.38968
3.23818
4.14487
3.80438
3.09309
4.30690
3.46855
3.79695
4.14124
3.88038
4.07492
4.14070
4.11798
3.82319
4.08553
4.07811
3.91508
3.42245
4.37361
2.35901
3.59881
4.14459
4.02230
3.70852
3.24318
4.14752
4.40161
3.90963
4.13635
4.21052
4.23724
3.43051
3.03120
3.94808
4.00025
4.03342
3.50690
4.18891
4.03412
3.90135
4.20949
3.82150
3.94748
3.31631
3.83098
4.11848
4.27210
3.93166
3.68645
4.19865
3.71929
1.61241
3.86660
4.04438
4.25153
4.19355
1.96247
3.72528
3.68592
4.39479
3.98363
4.26218
4.42708
4.34396
4.13985
4.00110
4.13417
3.94037
4.36053
1.40596
3.75852
3.51714
4.01404
4.16044
4.20207
4.05842
4.17863
4.09499
4.24302
4.23293
4.02112
4.32310
3.70957
4.05611
3.73198
4.37304
4.05199
1.03690
4.10959
4.24555
4.21959
4.27353
3.67102
2.33756
3.35336
4.12401
4.29870
3.20697
3.88272
3.96714
4.26052
3.89031
4.10107
4.04114
4.24921
3.11475
3.92779
4.10181
3.63835
4.28697
3.27658
4.13136
3.85995
4.15444
3.58381
2.50279
4.15356
4.18533
4.09670
3.55495
2.58569
4.15271
3.77948
3.95042
4.26606
3.98260
3.55940
3.58908
4.21632
4.05451
4.05200
3.93797
4.29555
3.68380
4.25500
3.87116
4.12401
3.16266
3.82607
4.07037
3.61615
4.11710
4.35039
3.99136
3.13182
4.01783
4.25985
2.67466
4.06299
4.31575
2.47041
4.02387
4.05207
3.85975
4.33220
4.08175
1.99667
3.95813
3.49305
4.08922
3.01568
4.21263
4.12576
4.01546
4.01941
4.24120
3.99730
3.75294
4.24178
4.10624
4.18334
1.66696
3.92933
3.63494
3.82460
2.97394
3.98811
3.02425
4.23819
4.17253
4.17256
3.88819
4.23526
4.08502
3.82665
2.29224
4.21283
4.31500
3.49058
4.35195
3.40374
4.10630
3.35881
3.93664
3.36320
4.16989
3.96885
4.16061
2.34420
3.81240
4.29270
4.08420
3.00634
4.20757
4.35897
4.21052
3.64958
2.00948
3.44799
4.37636
3.97121
4.26154
3.46862
3.94321
4.34646
3.33469
4.34363
4.35996
4.21244
4.21212
2.77839
4.29207
3.68339
3.99469
4.10634
4.37355
3.87437
3.46480
4.22947
3.45036
4.23709
4.10151
3.77593
4.32203
4.05816
3.78682
3.97644
3.50268
3.06332
4.11584
4.33445
2.91449
3.97402
4.04190
4.30776
4.07832
3.79901
4.29412
2.02456
4.00590
4.31466
3.59390
3.94639
1.37484
3.96415
4.15507
4.21510
2.76678
3.71995
1.80105
4.33882
4.09606
4.30071
3.26644
4.19773
4.20184
4.19463
4.17401
4.32789
4.23212
2.85303
4.19809
4.15826
3.65065
4.25426
3.17762
4.10310
3.98722
4.11738
4.05627
4.06517
4.22962
4.11323
3.68117
3.74644
3.79584
3.75103
3.96696
3.80164
4.21215
3.97110
3.97919
4.25689
4.02935
4.01208
1.26250
3.87447
3.59659
4.25206
3.93542
3.60928
4.18430
4.14481
4.02761
3.53210
4.03412
3.48158
3.93215
4.18669
4.16748
4.00633
3.59839
3.96541
4.05332
4.24134
4.18174
3.52533
4.13139
3.94414
4.30390
3.80150
3.62240
4.04618
4.14036
4.22028
3.39451
3.32154
3.61183
4.09800
3.98078
2.93052
3.96079
4.26982
3.86054
3.78288
3.59735
3.36328
4.02503
4.27625
4.14036
4.17226
4.10771
4.30488
4.28083
4.27252
4.01355
3.89224
3.93647
3.86516
4.07497
4.08269
4.23278
4.06629
1.50199
3.93890
3.00375
4.12014
3.47437
4.02322
4.36939
3.90304
4.17797
2.49680
3.99037
2.79735
4.09681
3.12061
3.18479
4.26140
3.84749
3.90329
4.35248
3.77717
4.13477
3.69282
4.12094
4.17265
4.25223
2.67757
3.99451
2.70771
3.94422
4.22219
3.72960
3.72111
4.02256
4.07765
3.72488
3.09329
3.65653
3.59591
4.16770
2.51826
3.80788
4.27888
3.66383
4.15748
3.67951
4.30464
4.31227
3.22857
4.17279
4.10867
3.89361
4.14961
3.88864
4.25497
4.28732
4.11883
4.27554
4.40632
4.20690
3.37086
3.79500
4.30149
4.20675
3.90994
4.20070
4.19974
4.14652
2.57274
4.36563
4.33752
3.85350
4.07610
2.57974
4.35008
4.29429
3.71372
4.09368
2.15219
3.82424
3.97555
4.34899
4.32254
4.18298
4.24939
4.14364
4.22379
4.29644
3.91298
4.15603
4.26164
3.35900
4.23901
4.19322
3.51160
4.15632
4.07708
2.91940
4.25066
3.48725
4.35323
4.09058
3.16221
3.85030
4.26526
3.88580
4.09977
3.73856
4.11823
2.40252
3.94475
4.29587
1.85630
4.16698
3.78445
4.16378
4.24037
4.09070
4.22123
3.27387
4.25305
4.28420
3.99992
2.92215
3.73144
4.14090
3.60015
4.03338
4.00112
4.32644
4.09954
3.99173
3.86214
3.65471
3.60223
4.30801
3.30993
4.21958
3.88368
4.13531
3.59538
3.96952
4.27008
3.40536
4.15906
2.61946
3.53761
4.07245
3.55031
4.25751
3.48980
4.23495
3.94448
4.31987
3.95910
4.24486
3.45889
3.08233
3.99431
4.07833
4.17161
3.79266
4.17315
2.87922
3.94158
3.59169
3.73749
2.41214
4.24353
4.28944
3.45638
4.03948
4.35578
4.01912
1.17075
3.88869
4.01946
2.36098
3.74057
3.79225
3.91969
4.03899
3.91689
2.72280
3.64029
2.36681
4.02062
3.22286
4.15677
4.36132
3.85420
3.86489
3.47504
4.19733
4.07166
4.28387
4.07387
4.12778
4.08916
3.79114
3.94298
3.00933
4.30091
3.95002
3.66222
3.40974
2.99915
1.99913
4.12218
4.18527
4.15796
3.65436
3.64400
4.24611
3.63495
4.02711
3.99509
4.19580
4.28086
3.81669
4.21019
4.30078
4.02957
3.56529
4.11002
3.60356
4.14587
1.99284
3.65209
4.12309
4.16051
3.14487
4.18659
3.59045
4.16145
4.12090
3.91413
3.37468
4.22368
3.84855
4.36046
3.80250
4.19093
4.17230
4.20560
4.31415
4.04541
4.06749
1.84132
4.08837
3.58078
3.82763
3.96059
4.09245
4.26281
3.73142
4.06454
4.37156
4.02862
4.30005
4.22820
4.05449
4.08557
2.72622
4.15934
4.10581
3.40624
4.09988
3.34862
4.21098
4.03332
4.29046
4.36548
3.68291
3.78505
3.37438
4.02657
4.23392
4.37066
3.95496
4.36105
4.04102
4.18456
2.85360
3.74318
4.08901
4.35358
3.99891
3.85067
4.24994
4.32524
2.88421
4.03639
2.20606
3.61510
2.84277
4.22267
4.24178
3.86279
3.22184
4.22393
4.33021
3.65849
3.65113
3.98241
4.27237
4.01247
3.51932
4.35632
4.33359
3.82391
4.14710
4.20538
3.80634
3.31431
2.99758
3.39183
4.26603
3.83227
3.19238
4.02529
3.61265
4.12789
4.23024
3.78661
4.01050
3.97504
3.87729
4.08266
4.20395
4.21191
4.21742
4.19298
4.20713
3.92142
3.48250
3.97470
4.20105
3.92328
2.79507
4.04731
3.99146
4.24732
4.26221
4.15892
4.26085
4.15727
3.99891
4.21856
2.98888
3.77680
4.21979
4.34516
4.18531
4.26273
2.11244
3.58300
4.02873
3.78606
4.21529
4.15180
3.80889
4.24794
3.80072
4.22324
3.97302
4.36285
4.36497
3.90911
3.97170
4.31978
4.00119
4.32896
4.04502
3.95816
4.23194
3.92643
3.42741
3.52855
3.18850
3.76204
3.00209
3.82347
4.00303
3.82717
4.14085
4.01546
1.79813
3.87266
3.63472
4.21000
3.53711
2.87526
3.85925
3.01308
3.75832
3.47951
4.07357
4.29621
4.28280
3.66778
4.29862
3.70684
3.83632
4.33202
4.12051
4.37042
3.87935
3.72603
4.33156
4.12510
3.25084
3.56681
4.19380
2.80304
4.17523
4.25562
3.72752
4.08036
3.74369
2.83575
4.14220
4.31238
3.90244
3.60833
3.56314
4.22083
3.45630
3.90568
4.05407
4.18981
3.88281
1.79987
3.54201
2.99673
3.93468
4.40596
4.18878
3.07379
3.35687
3.80856
4.23582
3.57012
2.52594
4.09230
4.33630
4.06055
4.31717
4.22004
4.20587
3.61659
4.02561
4.28294
4.04346
4.06254
4.03033
4.30836
3.73594
4.11697
3.85699
4.38865
4.18271
3.71925
2.13384
4.30380
4.03677
3.85201
4.14081
3.60610
4.22051
4.09275
3.43945
4.14676
4.01826
3.53373
4.01489
4.23988
3.95292
4.37453
3.92120
3.97520
3.87408
4.07244
4.34315
2.41734
3.09117
3.21735
3.79558
4.07931
4.31063
3.71232
4.13711
4.07509
4.27101
3.96851
4.00746
3.96297
3.84739
3.94170
4.10032
3.96468
4.16224
3.43077
3.71619
3.44724
3.85732
3.83437
4.09615
2.76364
4.01173
4.25815
3.41255
4.06048
4.19445
4.27114
4.16157
4.09845
3.65366
4.24131
4.35982
4.25259
4.07296
4.18941
4.24416
4.23135
4.15624
2.52773
3.48546
3.94960
3.73701
4.00785
3.87435
4.22429
3.71137
3.84040
3.00874
3.82592
3.67645
4.35050
3.99430
3.39564
4.17410
3.15574
4.14051
4.08273
3.58300
4.20330
3.30292
3.85052
3.94477
4.10819
4.03126
4.33349
4.05793
4.19027
2.66988
4.11047
3.95121
4.10937
4.22544
4.32126
4.27427
4.00536
4.15930
3.62539
4.04003
4.08309
3.58677
4.23219
4.18077
3.64707
3.06458
4.09478
4.41875
3.94987
3.86571
3.89166
3.95436
2.94645
3.88137
4.23625
4.26512
3.07212
4.01900
3.72027
4.02930
4.22036
4.16221
3.51013
4.03867
4.24112
4.41249
4.12636
4.33913
4.18428
3.05164
4.24078
4.07983
3.28392
3.90299
4.31979
4.17402
4.28673
2.84259
4.09181
3.38477
3.81973
3.95863
4.18866
2.43250
3.73165
4.00796
3.71415
3.69033
3.99994
4.03403
4.13105
4.18682
4.12169
4.23046
3.82355
4.09823
4.29653
3.60165
3.52743
4.12772
3.89294
4.33747
3.93634
4.01572
3.72331
3.78601
3.91792
4.27399
4.28385
4.17565
3.27068
4.27690
3.48604
4.26510
4.23920
4.03926
4.17443
4.38616
3.16141
4.10201
3.44360
3.45084
3.04710
3.88776
3.69320
4.19236
3.11795
3.95427
4.08489
4.14537
3.99472
3.96800
3.85939
2.73226
3.91340
4.29785
3.90205
3.72832
4.33339
3.56366
4.23544
4.31620
3.60055
4.03523
3.60405
3.66289
4.35521
4.15037
4.11862
3.76414
3.21323
3.96045
2.91691
4.33641
4.28404
4.12863
3.88953
4.35545
4.31551
4.13609
3.98804
4.23220
4.03933
4.18735
3.57777
4.25728
4.16833
4.30012
4.19865
4.03094
4.04826
3.53940
3.42135
4.33247
3.16670
3.38640
4.34385
3.35189
4.18018
4.18336
4.24872
2.90610
4.13922
4.25960
3.87163
3.48553
3.46448
4.24087
3.64441
3.94693
4.13898
3.96219
4.04356
4.14745
3.29578
4.27192
2.99751
3.78377
4.00710
4.13971
3.47624
4.05434
3.94879
3.94874
4.03424
4.11978
3.53732
3.92101
4.13983
4.23105
4.22074
2.37477
4.11441
3.88365
4.17378
4.00358
4.09557
4.08302
3.45428
4.06634
4.27661
3.54707
4.08728
3.89223
4.13751
3.51380
3.77905
3.63528
3.99435
4.10296
4.18507
3.94942
3.90067
4.32381
3.82361
3.84582
4.27796
3.82023
4.36644
3.65672
4.27689
4.18634
4.07171
3.90009
4.22804
3.57809
3.57390
3.72403
3.58911
4.03880
3.55319
4.16306
3.75300
4.35993
4.19777
3.73167
3.77547
2.62558
4.12658
4.17627
2.27214
4.21382
3.73157
3.67283
3.95077
4.12278
2.79489
4.25753
3.81342
3.85096
3.85443
3.96737
3.99814
4.12224
4.08503
4.01258
4.24005
4.00494
4.25600
3.75633
4.02967
4.19787
2.89073
3.95868
3.89967
4.18468
3.14529
2.37801
2.79017
3.63844
4.31385
4.35972
3.57100
3.39108
2.26576
4.01904
3.98192
4.37101
4.23002
4.27258
4.30329
4.32408
3.99775
4.26176
3.74270
4.14519
4.18608
3.61458
3.87984
3.79069
3.77138
4.26834
3.64087
3.09999
3.31051
3.87616
4.20809
3.67121
4.15327
4.28336
4.28952
3.96689
4.35116
4.00772
4.20127
2.34222
3.21461
4.24358
3.82752
4.37414
3.65646
4.21849
3.91003
3.29756
4.24975
3.80030
3.39935
4.16366
3.99131
4.29585
4.00733
4.22469
4.14380
4.21495
3.96688
4.02068
4.07789
3.59474
4.26060
4.16515
4.06467
3.87346
3.81918
4.32590
4.00715
3.99584
3.86864
4.04233
4.39911
4.00565
3.35952
4.18947
3.71606
4.03318
3.77537
4.27138
3.50463
3.37677
4.19795
3.49751
4.06646
3.76881
3.23583
4.20632
3.49646
3.36353
3.76681
4.30574
4.04731
4.31704
4.01632
2.90078
4.12140
4.20112
3.74021
4.03772
3.10728
4.13896
2.00103
4.32137
3.75946
4.10338
4.11880
3.73638
4.04518
4.24960
2.88070
4.19280
2.09038
4.19092
4.01356
3.78670
4.26510
3.46095
3.05957
4.30863
3.61633
3.24569
4.22187
4.32939
3.59474
3.17293
3.76501
3.44050
2.74562
4.08769
4.06625
4.26710
4.15024
4.00382
4.24638
3.13719
3.85938
3.59804
4.13974
4.01504
4.19296
3.82333
3.13399
3.21196
4.14251
4.16421
3.76588
3.32376
2.80316
3.93769
3.82633
3.36329
4.24813
3.88224
4.08777
4.21807
4.07039
4.30697
4.03844
4.03807
4.29405
3.74297
4.15896
3.37689
4.36534
4.38997
4.11018
2.63419
4.13468
2.89450
4.29737
4.11708
3.59647
3.78587
4.23641
4.27369
3.81880
4.40561
4.06183
4.07545
4.11456
4.05269
4.05382
2.24881
3.92080
3.94331
3.74563
3.15114
3.63528
4.24331
3.36521
4.23007
4.03346
2.65553
4.41189
4.33394
4.01193
3.99141
4.30642
4.07604
3.70018
3.77420
3.99904
3.92277
4.20701
3.23118
3.95265
3.93515
3.19239
4.03800
4.31059
3.70115
4.31009
3.58718
3.28254
3.96674
4.03681
2.03109
3.82258
4.28799
4.05111
3.85985
4.15242
4.12397
1.72931
3.63297
3.83594
4.10835
3.92837
3.76380
3.90054
4.05618
2.71130
3.61449
4.01400
4.25635
4.31865
4.07354
4.30521
4.05199
3.33248
3.72017
4.19364
3.80600
2.53861
4.18506
3.43736
4.26486
3.70936
4.28003
3.64246
3.59993
3.72780
4.28197
4.25780
3.75316
3.93773
4.24389
3.06202
3.54740
3.43439
4.13543
4.00485
4.04864
2.93351
3.33774
2.54822
4.14947
4.03814
2.95170
3.88648
3.20712
4.18562
3.79398
4.24285
1.54638
2.36203
3.65824
4.12408
4.12349
3.80250
3.95332
3.92238
4.29730
4.15097
4.40484
3.87389
4.23152
3.68921
4.03072
3.81944
4.25403
3.34086
4.25961
4.31705
3.84006
3.89479
3.68155
3.04550
4.21780
4.01179
3.90108
4.07546
4.25260
4.06849
4.14108
3.92274
4.13888
4.28949
4.10742
3.77260
4.11865
2.92642
2.58155
3.69012
3.80675
1.34479
4.07637
3.09621
4.08726
3.93753
4.39006
4.24769
3.56208
4.01582
4.06151
4.24446
4.17445
4.36943
4.13131
3.76298
3.80624
4.01004
4.21224
2.62103
3.50703
4.16997
4.23988
4.35282
3.24227
4.31162
4.09658
4.14538
3.29524
3.04389
3.74933
4.14442
3.84174
4.17012
2.71080
4.15527
3.80196
4.09765
3.99565
4.17271
3.96159
3.80839
3.81036
4.33144
4.21102
4.17169
4.09194
4.16631
3.97912
4.12508
4.34002
3.63143
4.12925
3.91108
4.12632
4.02221
4.08332
4.08199
2.81131
4.04076
4.11642
4.11517
4.23596
4.05979
4.02691
4.36404
4.13037
3.54181
3.77966
4.07423
4.29370
4.30299
4.09601
4.06684
4.33045
4.25771
3.36026
3.75991
2.72072
3.97139
2.79849
3.21715
3.90962
3.85968
3.67702
3.98566
4.30253
4.26767
4.32759
4.05093
4.11146
4.29591
2.70311
3.92697
4.31738
4.25660
4.43771
4.06363
4.29560
4.25179
4.22594
4.07137
3.97421
3.95702
3.00341
4.06242
3.18821
3.47993
4.04525
3.95156
4.20470
4.33436
4.04262
4.39092
4.23005
4.29338
3.98866
3.90453
3.08614
4.08696
4.03976
3.91879
4.23392
4.28148
3.73025
4.40527
4.27159
4.06851
4.22215
4.13539
4.25247
3.96628
4.09826
4.15806
3.91178
4.28428
3.62955
3.93257
3.86437
4.26258
3.79306
4.16464
4.33818
3.93678
4.03259
3.44319
4.02295
4.07833
4.15798
4.29353
2.82521
3.95551
3.98282
4.21280
3.91327
3.68333
4.26566
4.18437
4.00015
3.32693
4.31874
3.87692
4.04684
3.95137
4.26240
3.79246
3.76369
3.96357
3.50672
3.51907
3.73970
4.14699
1.56581
4.05557
4.23414
4.14588
3.75025
3.43236
1.98927
3.39248
4.21137
3.28679
3.33677
3.98501
4.08739
4.31101
3.80204
2.26395
3.72992
3.83204
1.69702
4.17890
3.96518
4.17389
4.05202
4.22770
4.09444
3.97000
3.44591
3.90260
4.10852
4.35774
4.27703
4.20836
4.13592
3.62654
4.15610
4.07956
4.29738
3.69274
4.34659
4.33510
4.01680
3.58190
3.76421
3.60288
4.32892
1.85590
4.32867
4.19397
3.02685
4.28423
4.01516
4.15410
4.30027
4.10791
3.60511
3.79314
4.33301
1.99286
4.16237
4.19785
4.20180
4.28279
4.43243
2.81536
2.71052
4.14867
3.74234
3.98134
4.07788
4.45528
3.96064
4.02496
4.15487
4.22586
3.92848
2.38329
4.34884
3.98083
3.46166
4.11823
4.18733
4.16740
3.92494
4.21855
3.85847
3.02520
4.32662
4.17290
3.91877
4.26608
4.16417
4.07512
3.73679
2.54443
3.12920
3.85771
2.43617
2.59631
3.76855
2.24005
3.71323
4.31579
3.92736
3.55485
4.22011
3.91845
2.66629
4.28803
4.35101
4.22265
4.28165
4.19758
3.97891
4.15790
3.08972
4.19914
4.47408
3.78663
4.23030
3.64098
3.79784
3.36625
4.26190
4.29952
2.99735
3.73280
3.27280
3.88796
4.04362
4.17024
4.14640
4.31726
3.52012
3.70108
4.38288
3.41944
4.18968
4.08799
4.05195
4.24641
4.34116
4.03695
3.01945
4.23934
3.64255
3.81105
2.65417
4.08403
3.59018
3.19580
4.24759
3.38309
4.31107
3.06068
3.50751
3.99141
3.94338
3.81544
4.18149
4.23646
3.98590
4.32854
4.22146
4.17153
3.48083
4.15176
4.05524
4.24981
3.86491
3.23392
3.19856
3.30121
3.92784
3.84482
4.14261
3.07285
4.04916
2.81229
3.14697
3.53819
3.91962
1.94634
3.79927
4.22717
4.23801
2.31548
4.16394
3.85921
4.18848
3.91586
3.78793
3.95871
4.33787
4.03479
2.98381
4.13083
3.08261
3.91639
4.23757
3.88917
4.13013
1.23615
4.01609
3.35368
4.37686
3.64514
4.14277
4.06909
3.57730
3.51041
2.95713
4.32634
4.03161
2.82456
3.38944
3.89456
3.98837
2.75736
4.01302
4.12655
4.08935
2.96978
4.44129
4.19668
2.68996
3.94522
4.33570
4.30281
4.24745
2.70220
3.69397
3.55614
3.93896
4.24051
4.19386
4.19670
4.20872
4.07115
2.85689
3.97870
3.47179
3.30419
4.16295
4.22505
4.36664
4.10886
4.16340
4.33784
4.05758
3.40366
3.89698
4.17550
4.35979
4.25925
4.09110
4.24354
3.51207
3.88575
4.16893
1.99876
4.10779
4.06869
3.12118
4.10515
4.31167
3.36064
4.01570
4.31979
4.29599
4.35377
3.78545
3.54262
3.98457
3.97910
4.30494
3.03562
2.93358
4.11023
4.12002
3.98537
3.88141
3.71699
3.24869
4.00932
4.24629
4.24528
4.14984
2.70577
4.28997
4.27448
4.25305
4.26810
4.28305
3.68419
2.79318
4.11524
3.82124
4.23737
4.03674
4.25920
4.11398
2.44813
3.92356
2.36380
3.76072
3.97886
4.05875
4.03584
3.54217
2.85795
2.84492
4.05738
3.81259
4.20679
4.18575
4.03356
1.67642
3.99203
3.58307
4.23117
3.89127
3.99732
2.42053
4.15422
3.86604
4.00380
4.18428
4.03128
3.42687
4.20294
4.08656
2.75597
4.03882
3.86411
4.23162
3.98915
3.53248
4.04138
3.89272
4.20361
4.16996
3.77271
3.56868
3.67650
4.22622
2.30156
3.81471
3.77760
4.11926
4.14100
4.12264
4.16958
3.94143
3.60389
4.28731
4.10075
3.87590
3.74200
3.93420
3.75788
3.95496
4.02117
4.18095
1.97288
4.05536
3.50869
4.26737
4.06178
4.26037
4.34546
3.83508
4.23392
3.79443
4.29343
3.84038
3.01690
3.41252
4.22324
4.16108
4.19451
4.26815
4.12774
2.34250
4.28975
4.25364
4.09128
4.21561
4.04649
4.24567
4.12053
3.82813
4.29736
3.97580
4.16610
4.20278
4.30748
3.79549
3.36869
3.06773
3.19156
4.01497
3.94295
3.50555
4.35830
4.09213
4.09552
4.25103
4.15000
4.29572
4.08662
3.82791
4.26033
4.07263
3.78244
3.80291
3.89763
3.29410
4.03960
4.16726
3.54372
4.36767
3.70713
2.95246
4.37750
4.20993
4.36324
4.05111
4.15284
4.28268
3.84225
4.33118
4.04711
3.36359
4.26089
3.55262
4.15644
3.94616
3.88526
4.19983
3.32191
4.29952
3.88902
3.97736
4.23780
4.00857
3.89688
4.29349
4.15479
3.69806
4.21156
3.21672
4.04597
4.10231
3.48735
4.27186
3.32820
3.91333
3.71488
4.13935
4.05005
3.91906
3.95420
3.77298
4.27860
2.57687
3.06446
4.18685
2.87596
3.94916
4.08172
4.27500
3.58240
4.06528
4.40599
4.35617
3.76234
4.19848
4.08261
4.23724
4.14611
3.62708
4.13126
3.81374
4.17876
4.21281
3.79975
3.10547
4.23449
3.94960
4.30224
4.31888
4.19937
4.08331
3.97263
4.31191
3.63833
3.77112
4.13840
3.86189
4.29047
3.97407
2.94230
2.71970
4.08453
3.98805
3.88477
4.19903
3.48913
3.34035
4.18367
4.12199
3.85775
3.88134
4.05516
4.16793
4.26903
4.35487
4.20947
3.94051
4.03787
4.23003
3.70522
2.59115
3.13996
3.99049
4.17021
4.05925
4.22290
4.18242
4.12622
4.26665
4.02288
3.95801
3.66815
4.01252
4.27991
3.72505
2.89556
4.22969
4.31220
4.01245
3.97841
3.93924
2.70139
4.29509
3.78187
3.80194
4.29375
3.73386
3.83859
3.25503
4.21730
4.33714
2.12439
4.15350
3.68723
4.03160
4.37407
3.49253
3.76614
4.09810
4.20749
4.33922
3.41433
4.08030
2.41148
4.40306
4.24951
3.69346
4.33789
4.04746
3.70471
3.94129
4.23040
3.53202
4.26890
3.72823
3.70039
4.41161
4.02283
4.04335
3.96181
4.21349
3.87631
3.01893
3.14206
3.69743
3.99679
4.09912
3.85311
4.13074
4.05473
4.23861
3.86711
4.36018
3.20275
4.05074
4.07677
4.27278
4.20291
3.99740
4.03767
2.93189
4.21114
4.34859
4.25407
4.04563
4.15248
4.14174
3.99290
3.38239
4.16486
4.09003
4.09933
3.87681
3.97181
3.41315
4.27844
3.90898
3.78048
4.03314
4.07648
3.97874
4.08991
4.31211
1.12208
4.21130
3.38209
4.07553
4.03280
3.76535
4.06399
3.84010
4.16136
4.36108
4.26008
3.97671
4.08040
4.10206
4.26645
4.26120
3.81752
4.02816
3.92132
4.25895
4.07696
4.20676
3.97451
2.98258
3.58748
4.17590
1.86595
3.83696
3.70011
3.89211
4.11551
4.29566
3.90028
4.12609
4.24794
4.09736
1.91287
4.13964
4.01654
4.02180
3.64106
3.94128
3.62094
4.21999
4.16373
3.98819
4.18342
3.81762
4.28275
2.63523
4.11686
3.93359
3.91882
4.16411
2.85649
3.85798
4.33265
4.32684
4.37438
2.44028
4.13709
3.58175
4.31288
4.35783
2.86113
3.91086
3.69710
3.55788
4.27866
4.36489
4.36333
4.27876
3.77378
4.21707
3.49069
4.11282
3.98938
3.73672
2.42361
4.33884
4.34039
4.19013
4.13949
4.11319
3.80593
4.18143
4.14682
4.03950
4.07123
3.50918
4.31706
4.12090
4.35250
2.63052
4.21563
4.10135
3.36631
3.63035
4.21774
3.84769
3.80323
4.20503
4.31612
4.32355
1.96549
4.26630
2.61326
4.31374
3.44204
3.60947
4.25383
3.29995
4.20678
4.10301
3.74014
2.80033
4.19502
3.30291
2.56897
3.47077
4.09488
3.62133
3.73812
3.66163
3.96299
4.19103
4.14856
3.95146
3.95871
4.15410
4.25151
3.73472
4.01351
4.00723
4.02429
4.02052
4.23140
3.33107
3.97967
4.28732
3.48609
3.58855
4.21732
3.53775
4.12063
3.87616
4.10969
3.82945
3.93453
4.17971
4.14859
3.79133
4.22700
3.81404
4.10947
3.89391
4.33264
4.33688
4.18711
3.11436
2.73185
4.09187
4.33255
4.20177
4.25569
3.79652
4.24402
2.52590
4.40363
4.05411
3.75529
4.19744
3.64090
4.24258
3.08889
3.95945
4.04578
3.95651
3.26593
4.29260
2.98272
3.87482
4.28667
3.99510
4.15693
3.55978
3.69199
4.22109
3.62437
3.57114
4.31720
4.12349
4.24366
4.25393
4.17452
3.93388
3.90267
4.08156
4.04296
3.22083
3.74067
3.85928
1.81023
4.11627
4.05876
3.20347
4.08851
3.69926
4.20740
2.99100
4.33950
2.42580
3.24981
3.77689
4.39400
4.33464
3.96900
3.08560
4.44178
3.06236
4.08286
3.90029
4.10834
3.84014
4.07925
3.91691
4.11813
3.90519
4.26270
3.35245
3.68055
4.24814
4.00527
4.30814
4.10270
3.53975
3.99061
3.99423
4.28642
4.09781
4.20202
4.15976
4.21701
4.00240
4.28915
3.90284
4.11340
3.08514
4.26360
3.84557
4.16418
4.17542
4.35911
2.79426
4.31414
4.17203
4.10731
4.34287
3.75009
4.12875
4.25236
1.99489
4.08463
4.13708
4.22877
3.94977
3.78610
4.20822
2.89463
3.83289
3.77263
4.06079
4.20289
4.11213
3.61777
3.90725
4.19651
3.56550
4.00779
4.36502
4.09644
4.14640
4.28808
3.73114
3.96842
2.89405
3.47472
3.78455
3.27137
4.08289
3.76424
3.70236
4.28000
2.39713
4.17595
3.68145
3.97516
4.28435
2.20219
4.28180
3.58355
4.03824
3.70811
4.13182
2.97875
3.62567
4.18077
3.60108
4.25825
2.07444
3.86641
4.32040
4.31575
3.83173
4.32380
4.30627
4.12814
4.19380
4.12891
4.35842
3.89149
4.15459
4.32672
4.11351
4.24583
3.97939
4.31226
3.92306
3.67177
3.84481
4.17454
4.10171
3.95893
4.06524
3.91451
3.88313
3.83604
3.79511
4.17024
4.38727
4.30882
4.22233
3.51232
4.24036
4.14166
4.29844
3.94988
4.02385
3.59565
3.99303
3.40762
3.19142
3.24831
4.17641
4.33426
3.86326
4.03490
3.71505
3.95723
2.66791
4.04982
4.27014
3.33259
4.21162
3.63628
4.22268
4.00032
2.22033
4.18820
4.28911
4.33939
4.11852
4.06880
2.64859
3.08454
3.76172
4.08920
4.13507
4.06279
3.68394
4.02326
3.86434
3.85080
4.36426
3.95887
4.13718
3.52098
4.17815
4.19396
4.19064
3.77788
3.93292
3.94561
4.01641
3.53230
4.13488
4.28283
4.32496
3.60697
4.12892
3.90576
4.03818
4.03408
4.27031
4.05501
4.16445
3.64324
3.97620
4.23368
3.75865
4.21359
4.17041
3.54392
4.09107
4.16116
3.64900
4.17378
3.47894
2.84668
3.99099
4.32903
3.85186
3.95832
2.06080
4.21296
3.19194
3.71364
3.90875
4.17184
4.00497
3.82267
2.78795
3.21861
4.02625
4.31773
2.84601
3.78251
4.17136
3.82490
3.51725
4.16091
2.36715
2.95813
3.98914
4.00410
1.18210
2.61499
4.15862
3.72592
4.02132
3.82391
3.82828
4.11944
4.05034
3.34032
3.87086
3.79391
1.97481
3.98747
4.11692
3.29317
4.26597
3.88470
3.49926
3.87285
4.24903
3.77954
4.21435
4.32393
2.58332
3.69205
4.21340
3.82782
2.31811
4.18113
4.19080
4.11647
3.97092
3.95149
4.32093
4.28299
3.49231
3.75156
3.33262
3.94426
4.16721
3.96425
4.32398
3.75084
4.17721
4.06033
4.27768
4.25920
3.68477
4.35566
2.93054
3.95259
4.26592
3.55146
3.69949
4.28255
1.21767
4.29741
3.71969
3.00026
4.33898
3.63014
3.80204
3.97360
4.02018
3.26155
4.29439
4.14268
3.70673
4.26552
4.12722
4.22206
4.13278
4.26264
3.91369
3.89502
2.91705
4.18455
4.17511
3.54409
3.98721
4.25706
4.11873
3.95226
4.28057
3.97382
4.06355
2.79985
4.18035
2.29715
4.27330
3.98176
4.00635
3.86123
3.70057
4.19006
2.77642
4.04563
4.16185
4.41705
3.12419
4.10111
4.04492
3.30234
3.64081
4.15215
4.33815
2.32734
4.21842
3.10455
4.19484
4.15818
4.30639
4.20164
2.38635
3.15821
3.56337
3.85506
4.28120
3.54417
4.27535
3.63984
2.73860
4.21184
4.40306
3.11575
4.24684
3.58463
4.27608
3.99583
3.96110
4.31965
4.25430
3.29463
4.13240
4.15725
3.74024
2.21655
4.27279
4.10208
3.81490
3.86200
3.87105
4.17748
4.37267
3.66507
4.20396
3.65895
4.04033
4.22837
3.95534
3.87483
3.46746
3.08976
3.65469
4.29765
3.15226
4.36165
4.04194
3.26882
4.13464
2.88597
3.89013
4.15875
3.54856
4.36908
3.86057
3.92948
4.28478
4.01237
4.11304
4.09565
1.73084
3.88962
4.35042
2.84814
3.97622
4.11871
4.17710
3.82138
4.00133
4.30442
4.17035
3.90152
4.16689
4.33018
4.15856
3.61335
4.05775
2.50966
3.33124
4.24392
4.14660
4.06423
4.01094
3.01115
2.78091
4.35268
2.00414
4.09359
3.83819
4.00727
4.11708
3.60323
4.19405
3.92277
3.91441
4.30307
4.34713
4.35312
4.06538
3.56903
4.14939
1.61637
4.05543
4.34265
4.14574
2.28083
4.13683
4.11014
3.86396
4.31031
3.88173
4.02846
4.40313
3.71285
3.85400
4.13669
4.14511
4.14995
2.63692
3.49218
4.03716
4.18608
4.31544
4.06355
4.29464
4.21901
4.23120
4.22620
4.28678
4.09848
3.14734
3.96410
4.13775
3.74954
4.20381
4.24518
4.18858
4.03220
4.08417
4.08139
3.68006
4.00255
4.17744
4.35112
4.03962
4.22350
3.43839
4.18225
3.19869
3.38050
3.35212
3.71441
3.89313
4.13522
4.07609
3.99325
4.18604
3.14217
4.37065
4.16839
4.23876
2.58951
3.82453
4.02977
3.52301
3.57612
4.17958
3.99765
4.00464
4.24132
4.01356
3.68887
3.81982
4.19800
3.99030
3.80311
2.41540
2.95306
4.37911
4.10594
3.44466
2.26588
2.68550
4.31890
3.28039
3.73221
4.34254
3.98433
3.93303
3.82359
1.58669
3.89339
4.00899
2.36186
4.18815
4.11075
4.03096
4.18601
3.23463
4.17222
3.92015
1.60389
4.06919
4.01353
4.29835
4.04145
2.96124
3.78118
4.01002
3.97933
4.12377
3.77424
4.10084
3.60118
3.07015
4.07528
4.18912
4.22701
4.07845
4.32889
3.38088
4.18884
2.07228
4.04794
3.54387
4.27816
4.02719
4.09861
4.21534
4.32506
3.80419
4.13694
4.10990
3.96901
4.20934
3.67288
4.23433
4.05662
3.20309
3.78935
3.23383
4.19635
4.34578
4.28607
4.17380
3.89342
4.34032
4.23270
3.73298
4.07834
2.75570
4.15895
4.11478
4.11998
4.14526
4.01168
4.14839
4.00645
4.28735
4.31286
3.80937
2.52999
3.42543
4.11463
4.14538
3.58692
3.96931
2.24207
4.02547
4.04534
3.61588
4.29312
3.90064
4.09874
4.37533
3.89326
4.33863
3.24804
4.37995
4.08562
2.42230
4.28941
3.21109
4.22964
4.27495
3.99130
4.09064
4.17723
4.00227
3.94683
3.91323
4.10574
4.03452
4.06110
3.16058
4.11153
3.84896
4.12592
3.85507
3.20024
4.18576
2.72104
4.39519
3.93892
4.37161
3.98650
3.79899
4.19356
3.48201
4.24684
4.18991
3.54421
3.99570
4.25900
3.46225
3.35725
4.40018
4.27934
4.15946
4.19406
4.04485
3.92203
3.74804
3.75259
4.14728
4.09628
3.89996
2.44880
4.24521
4.25972
2.22479
4.22895
3.62178
3.48776
4.17728
3.94079
4.24171
4.31102
3.74390
4.18677
2.51169
3.75278
4.22908
4.05701
3.13792
4.37686
4.19403
3.69236
4.15810
4.25539
4.39471
3.30443
4.29324
4.20922
4.20602
4.02015
3.99714
3.21741
4.02025
3.53831
4.12516
4.14791
4.31446
3.89846
3.67121
3.63670
3.98352
4.12183
3.88108
3.96305
3.98693
2.98923
3.41725
4.08070
3.61330
4.21492
2.16263
4.08886
3.40674
3.63442
3.08879
3.93711
4.22552
4.21012
4.00020
2.41663
3.90956
4.21226
4.08500
4.17282
2.72700
4.23982
4.19607
3.95539
4.10127
2.46033
4.24898
4.22893
4.14514
4.09474
3.90226
4.37218
3.46555
3.84542
4.16795
3.87729
4.08219
3.74194
4.21123
4.16254
4.20459
3.61836
3.84111
4.36772
4.02261
4.35917
4.27018
3.77093
4.20356
4.05936
4.38310
3.62407
4.11700
4.08690
4.08154
3.66322
2.64963
4.03438
4.28449
4.27804
4.11582
4.26964
2.72122
4.31145
4.29533
4.32016
3.93936
3.96566
4.39183
3.62652
3.44090
4.33013
3.53411
4.07348
4.01051
3.69723
4.12927
4.29566
3.87596
2.18242
4.16022
4.23204
3.72053
3.83319
4.16236
4.13386
3.77013
4.02914
3.64955
3.40408
4.08163
2.12078
3.71373
4.24383
3.88904
4.24966
4.26162
3.16207
4.11977
4.12790
3.61954
4.08306
4.04688
4.07917
3.89218
4.14428
4.32243
4.16755
3.97375
4.24027
4.19814
4.10489
4.13360
4.10168
3.77583
3.83536
4.23976
3.13264
4.02489
4.35112
3.75594
4.10893
4.01539
3.79607
2.83259
3.81835
4.14737
4.13144
4.27638
4.21528
3.46044
3.68181
4.40059
4.34417
4.13678
4.13821
4.03635
3.96557
4.06449
4.29563
4.28175
4.24529
4.00038
2.90032
3.87706
3.65370
4.10510
3.37482
3.74773
4.26434
4.08454
4.21627
3.86712
4.33849
4.08965
4.26523
4.25631
2.28153
4.31505
4.20808
3.43159
4.05093
4.11536
3.65885
3.91735
3.52112
4.19716
4.34225
2.94795
3.75436
4.26386
4.07659
2.81441
4.20829
4.26223
3.07159
4.19565
3.76326
4.18665
4.26926
4.02854
4.10553
3.97780
2.84542
3.58609
4.25914
4.19222
3.69586
4.22799
4.16866
3.48866
4.04621
3.71426
4.22326
2.20466
4.14642
3.51457
2.19697
3.80258
4.02841
3.50205
3.86022
4.27478
3.79238
4.08433
4.26003
3.24124
4.30666
4.26457
4.26747
4.38003
3.79481
4.02097
4.03023
3.06975
2.97920
4.06172
4.28440
3.78285
2.64884
4.26947
4.04262
4.04308
4.00421
4.00885
4.21368
4.34201
3.97392
4.17226
3.43387
4.24987
4.27048
3.67100
3.68806
4.38568
4.20233
2.54166
4.36107
4.05288
3.64180
3.75041
4.34027
3.77874
4.09411
3.74626
4.18191
3.88977
3.58819
4.00658
3.80667
3.36447
4.12444
3.82965
3.67300
3.88813
4.20675
4.08269
4.25837
3.91638
4.13004
3.16305
4.17224
4.22587
4.27106
3.20306
4.33583
3.58772
3.73588
4.11320
4.29686
3.70949
2.40928
3.88773
3.20858
3.96573
4.20517
4.14738
4.19805
4.10138
3.74267
3.51054
2.42598
4.02676
4.28196
4.21144
4.30343
4.11616
4.21810
3.14740
3.99162
4.27062
3.96387
3.60274
3.83629
4.21743
4.10741
3.16567
4.12010
3.76476
3.73431
4.02563
4.25066
4.30521
3.71567
3.43474
3.41965
4.20276
3.15092
3.78721
4.27690
3.83345
3.34457
2.54711
4.19084
4.08849
3.92770
3.94322
4.04475
2.81977
3.48039
4.20451
4.34234
3.26778
4.04850
3.43461
4.31267
4.20194
4.03540
3.99573
4.10051
4.15866
3.59066
3.89104
4.15923
4.16703
3.56959
4.33775
3.99427
4.14235
3.69319
4.13410
4.00450
4.18515
3.64246
3.57356
4.10826
4.22766
3.59674
4.11100
2.23019
3.77516
2.90611
4.28496
3.88462
4.04391
4.26699
4.28347
3.94883
3.60393
3.11506
3.94097
4.01933
3.49671
2.71079
4.18715
4.13891
3.63473
4.03632
4.21749
3.68527
4.12061
4.27431
4.38956
4.01418
4.11473
3.94212
4.29932
4.32151
2.78203
3.32625
4.06210
3.71257
3.99442
4.26084
3.71092
3.82721
3.59803
4.03354
2.14027
4.34747
3.08103
3.64391
3.68067
3.75859
3.11413
4.24133
3.74651
4.03347
4.01666
4.32776
4.18918
4.21536
4.03887
4.17672
4.10464
3.49634
4.18485
3.49750
4.07044
4.15535
4.30453
3.23164
4.17195
4.17728
3.84421
3.88874
4.37785
4.20746
3.83443
3.55288
3.94015
2.23355
3.97996
4.28827
3.98014
3.70299
2.34998
2.86372
3.90956
3.99906
4.35754
3.86902
3.95274
3.78725
3.94215
1.85075
3.16906
4.14675
4.17591
4.40190
3.22489
4.14767
4.20086
3.84555
4.29943
3.94186
4.19775
3.56850
3.96550
3.32659
4.31367
3.94318
3.03709
4.21566
3.10716
4.30616
4.13167
4.21746
4.07468
4.04097
4.15233
3.93953
4.39516
2.65832
2.22788
4.18937
4.37994
4.20527
4.25121
4.12477
4.39520
4.08806
4.10145
4.27645
4.14177
4.12694
4.17478
3.71566
2.93177
3.87097
4.27396
3.21871
4.22976
4.09339
3.97399
4.12345
3.92977
3.85879
3.93769
3.64702
4.16815
2.78892
4.17969
3.99008
3.09077
4.30094
4.09837
3.06860
4.22643
3.62055
4.11233
2.21578
4.07454
4.11157
4.06057
4.21542
4.34234
3.76672
3.21158
4.10805
4.03906
3.96399
4.10376
3.80538
3.99535
4.29200
3.80357
4.19280
4.02833
4.03902
4.30226
4.05874
4.16905
3.92191
3.88396
4.20636
3.50741
3.74370
4.16582
3.77263
3.83980
3.81867
4.20003
3.99720
4.12211
4.06650
4.24367
4.21266
4.19062
3.83884
4.17180
3.48912
4.10548
3.99932
3.65742
4.24611
4.23756
4.26530
4.27993
4.00490
3.92029
4.19051
3.95042
3.60796
4.14955
3.71984
4.18989
4.20802
4.20717
2.17022
3.67350
4.22837
4.31864
4.31227
4.26317
3.70589
4.12478
3.71396
4.29831
4.17963
2.15398
4.12450
4.34925
4.11636
3.93417
3.92295
3.78778
3.90263
4.26867
3.13476
4.35008
3.75680
4.22396
4.25311
4.07585
4.29797
4.26425
3.79747
4.15046
3.86810
3.45868
4.11575
4.03671
4.14674
4.20821
2.68046
4.43288
4.09513
4.21906
4.12127
4.03797
3.13701
4.20005
4.20380
4.15243
4.23679
3.78802
4.15547
4.31937
4.12146
4.19586
4.18014
4.10884
4.11881
4.04407
3.58268
3.79911
4.03685
4.31841
3.67656
3.56856
3.91423
3.43485
4.23949
3.91019
4.25081
3.85624
4.25728
4.13860
4.37197
4.07641
4.01752
4.25039
4.08083
4.32188
4.10937
4.10158
4.14909
4.26000
4.18742
3.72843
3.89728
4.02334
4.24154
3.84795
4.24476
4.20135
4.30784
4.07357
3.98580
2.97766
3.81033
3.22673
4.05351
4.35921
3.98501
3.91299
3.51387
3.61273
4.03685
4.23837
3.63908
3.77196
2.78673
3.96546
4.32423
4.02493
3.73176
4.05429
4.05958
3.98342
3.92735
3.38047
3.82226
4.10278
4.18243
4.04700
4.31570
4.25174
3.99572
4.20226
3.00776
3.84890
3.70554
3.65047
3.23052
3.80212
4.03623
4.24369
3.97473
4.39074
3.97724
3.81924
3.88730
4.13424
4.24417
4.36074
4.11093
2.85073
3.66396
4.13101
4.06689
4.29658
4.29907
4.10896
3.97924
4.29413
3.86248
3.48460
3.82827
4.29454
3.19648
3.90556
4.34928
4.23743
3.65540
4.28324
4.24517
3.85091
4.43173
3.82884
4.10419
2.48660
4.16394
4.14791
3.51918
4.05346
4.24857
4.33929
3.90233
3.84984
4.28335
4.10175
4.24462
3.83175
3.98605
4.14752
4.02577
3.40851
3.70865
4.12886
2.15135
4.08945
2.47386
4.19497
4.20232
4.08987
3.97851
3.85397
3.96891
3.92175
4.13261
3.84249
2.09901
4.21167
3.85528
4.09134
4.01483
4.41232
3.45745
3.93425
3.38117
3.18434
3.94004
4.06850
4.28781
4.08763
4.17973
3.64818
4.10194
3.78691
4.24527
3.80253
3.67336
3.81626
3.53441
4.19031
4.33380
4.40526
4.25892
4.08504
3.99030
4.40287
4.02328
4.02398
2.68373
4.15418
4.13230
3.74059
4.24770
2.01753
3.85285
3.92978
4.24611
4.27891
3.35379
4.20195
3.75149
4.08012
2.29508
3.37776
3.90931
3.81921
4.30484
4.21547
4.39726
2.62969
4.14579
3.68386
4.07491
3.80098
3.61746
3.67606
4.22854
3.74602
3.97274
3.78756
3.06172
4.03346
3.00911
4.19682
3.69785
4.08712
3.55410
3.97947
4.01553
3.88930
3.89450
3.31863
4.36296
3.56681
4.12504
3.66228
3.59911
3.85326
3.86551
3.87115
4.03443
3.75014
4.25650
3.78016
4.09098
4.22202
3.36993
3.62128
4.06562
3.88255
4.41289
3.78484
4.31087
3.91824
4.04734
4.26070
4.21757
4.33919
4.16785
2.90580
4.27049
4.36738
3.51701
4.11255
4.05493
2.60743
4.18885
4.30819
4.10565
4.04681
4.28865
4.23682
2.97563
4.16337
4.26828
3.96906
4.14274
3.93269
3.37520
3.55740
4.27495
4.12956
4.37556
3.50667
3.96450
4.19685
4.25267
3.91489
4.24764
4.29739
3.49216
4.16422
4.00389
3.66179
3.74110
3.95345
4.32829
3.94860
3.76469
4.19527
4.13720
3.97086
4.11831
4.16777
3.84222
3.56397
2.46742
3.68961
3.81504
4.08978
3.93133
4.23700
3.77372
4.26937
4.27881
3.89853
4.08502
3.87080
4.13641
3.93550
3.47411
3.88115
3.82240
3.50764
4.24503
4.05490
4.16730
3.35250
4.00717
4.12704
4.08346
4.34861
4.09910
4.10278
3.83663
3.92554
4.12809
4.17274
4.22286
3.51457
4.03101
4.05067
4.11891
4.28108
3.31544
3.60827
3.95679
3.87876
4.00583
4.30676
4.38090
3.24660
3.57040
3.75725
3.15266
4.04843
1.43898
2.72664
4.24568
3.98848
4.19082
3.69939
3.48511
3.52993
4.01436
2.89023
4.07812
4.22319
4.13091
3.87373
4.24395
4.09456
4.36420
4.07602
3.47353
3.60120
3.92646
3.59957
3.98682
4.27850
4.37126
2.55567
3.48157
4.33333
4.32410
2.51345
2.38807
3.73693
4.16077
3.91296
4.12688
4.20176
3.59409
4.32428
4.30196
4.21620
4.34868
4.06453
2.75651
4.11437
4.00753
4.21835
4.16968
4.16706
2.93296
4.31658
4.11461
3.66911
4.23189
3.90785
4.00376
3.88721
3.76525
4.27706
3.34244
3.78398
2.12553
3.56414
3.18558
3.50922
4.00890
3.85675
3.75994
4.03402
3.92122
2.32691
4.10325
2.35035
4.06168
4.16466
4.01678
3.17698
4.17950
4.39402
4.23188
4.27160
3.72255
3.41297
2.73275
4.28757
4.36352
4.28597
4.22974
3.74181
3.63601
4.11293
3.84504
3.50218
2.75961
3.83317
3.92385
3.85618
4.04152
2.81108
3.99517
4.29866
4.14731
2.23821
4.37382
3.80167
3.61691
2.46521
4.06865
2.48668
4.09299
3.78822
4.13631
3.55972
4.39097
4.23974
3.80213
3.86957
4.14516
2.87715
4.29582
3.86684
4.06055
4.01878
4.27437
3.95882
3.19670
3.87892
3.52371
4.00811
4.09603
4.41753
4.12657
4.15720
4.22594
4.34149
3.98748
3.46291
4.06629
4.26517
4.15932
4.25002
4.06806
4.01055
3.89437
4.15508
4.36210
3.98524
3.71022
4.28988
4.40424
4.33352
4.19108
4.02900
4.21142
3.90386
4.11313
4.31946
3.76998
3.91041
4.30192
3.70783
4.02958
4.25504
3.98190
3.84005
4.11923
4.24554
3.54026
4.12283
3.70622
4.24530
4.12953
4.25023
3.37944
4.31899
4.21468
3.13053
4.10998
4.22284
2.39552
4.13204
3.85956
4.16150
2.99018
3.97209
3.08839
3.88522
3.52666
4.26562
4.30089
3.19536
3.74907
4.00208
4.17734
4.16176
4.31600
4.02315
3.95857
3.95947
4.30301
3.89319
3.93239
4.08038
3.94715
4.04181
3.86487
4.16304
2.07628
4.00229
4.27321
3.94034
3.76187
4.11811
4.09396
2.88370
3.77002
4.00073
4.01668
3.77036
3.98804
4.06542
4.19180
4.21053
3.89417
3.92372
4.16058
2.95423
4.37429
3.59698
4.33822
3.51347
4.21376
3.04579
3.52769
3.66274
3.74500
4.16827
4.08121
3.94038
4.22301
4.35817
3.87520
4.05457
4.20176
3.51914
2.86608
4.06448
4.02834
4.14387
4.22738
4.03095
4.26607
4.08626
3.88181
3.43883
4.17784
2.05842
2.64611
4.21692
3.07567
3.91440
4.21981
3.52394
4.31726
4.23519
3.99380
3.76853
4.09374
4.05121
2.95049
4.18822
4.19680
2.09814
2.65702
3.93222
4.21702
4.11290
4.12642
4.37194
4.12425
4.07887
3.93359
3.17081
3.81770
4.30911
4.15302
4.05123
4.04635
3.98716
3.69893
2.44882
4.32281
4.25434
4.22002
4.12213
4.18450
4.19158
3.66240
4.24668
3.67582
3.93914
4.08459
3.88144
4.40464
3.70125
4.04240
2.03334
4.01947
4.23513
3.76935
4.15465
4.11869
4.13019
4.26429
4.11878
3.59340
3.94891
4.12925
4.25727
3.91313
3.97787
4.32409
4.12576
3.92418
4.00820
4.02643
3.99930
4.26528
3.89131
1.99337
4.12356
4.19978
3.06222
4.02385
4.19064
4.17750
4.20064
4.08387
4.12619
4.23252
4.16744
3.60034
3.90103
4.28193
4.35955
4.22851
4.32737
4.17693
3.76972
3.68262
4.00826
3.80694
4.12529
4.35254
4.25791
4.24855
4.31196
3.88245
4.27225
4.10977
4.01480
4.05284
4.17714
3.59311
3.91100
4.28985
4.09264
2.63551
4.17023
4.25736
4.13887
3.06459
4.10649
3.58004
4.11785
3.97707
4.29133
4.31930
3.98251
4.07400
4.21770
4.26449
4.21863
3.59696
4.29535
3.94489
4.08432
4.01718
4.17817
4.06182
3.04387
4.22640
4.09396
3.42641
3.88893
4.20960
4.28110
4.24821
4.22894
4.22435
4.37987
3.94839
4.17482
4.12149
4.29786
3.20662
3.79153
4.16166
4.21895
4.36115
3.79322
4.35307
4.08555
3.86183
4.05966
4.28952
4.09373
4.23412
3.90013
4.40858
4.13032
3.89104
3.98094
4.32870
2.27601
4.05185
4.23231
3.81125
4.27094
4.26425
4.22386
4.05513
4.23368
4.36530
4.26449
3.37399
4.08555
4.36110
3.78036
3.94844
3.75107
4.14638
3.47304
4.23115
4.20342
4.20173
3.84769
4.29604
4.08748
4.27562
3.94374
3.73971
3.90214
2.52276
3.02741
4.38371
4.12339
3.98372
3.72408
4.04635
3.69603
2.42730
4.18149
2.21781
3.73236
4.09789
3.81139
3.97931
3.82252
3.67733
3.86082
4.21519
4.36229
3.76538
3.95372
4.19185
2.70657
4.21966
4.11720
4.03972
3.91324
3.40991
3.77280
3.51691
4.33106
4.17378
3.91978
4.13698
3.62643
4.21095
3.95786
3.94112
2.78154
3.91521
3.65604
2.38022
4.02212
3.45777
2.93609
3.48126
4.25475
3.71645
4.24902
4.00707
3.97563
3.91816
3.31919
1.86464
2.58522
4.15127
3.90785
4.16616
4.20029
4.01195
3.83036
3.49928
4.19512
2.85278
3.83603
4.21847
4.03443
4.15941
4.04161
3.83611
4.26112
4.21807
3.94177
3.53591
3.94724
3.20986
3.74282
3.30396
3.80747
3.92939
4.05661
3.16716
4.04978
4.12653
4.15611
4.27978
4.31814
3.19951
2.62655
4.23334
3.90910
3.60159
3.91652
3.89427
4.18733
1.33888
2.07525
3.82639
4.28336
4.12950
4.14496
4.28818
3.44228
4.13922
4.23894
3.83276
4.29567
4.10389
4.15588
4.18379
3.94523
3.94225
4.29964
4.06762
2.30747
4.01929
4.15098
4.00123
2.44922
3.52666
3.97373
2.50174
3.28331
4.21443
3.67491
4.09715
4.30458
4.26262
4.17779
3.80860
4.11338
4.22868
3.99509
4.18994
3.55275
4.23161
3.29671
3.36927
4.22026
2.65177
4.17662
3.83504
4.27116
4.19701
4.10761
3.71738
3.68360
4.20966
3.71317
4.20821
4.21379
3.51446
4.10988
4.14149
4.35580
4.22444
3.99801
3.96146
4.17398
4.19998
4.14973
4.00950
3.84222
3.72797
3.63435
4.25494
4.07053
4.23432
3.26228
3.97282
3.77341
4.00639
3.78151
3.67704
4.19055
4.16716
4.28110
4.12991
3.86876
3.84785
3.96341
3.34580
3.61093
2.89932
3.97498
4.16908
3.98142
4.34614
4.14532
4.33816
4.09470
4.13839
3.88511
3.12175
4.23135
3.92119
3.98228
3.45714
4.06663
4.24830
3.95738
4.34255
2.94593
2.84078
4.29922
3.47642
3.86485
3.68294
3.94675
4.14903
4.25057
4.35675
3.96426
4.07271
3.85585
3.57542
4.16111
3.03985
3.91321
4.09409
4.14402
4.34137
3.95674
4.05739
4.27909
4.02757
4.01183
3.78584
3.26447
4.15670
4.12141
3.82725
4.18396
3.26337
4.22181
4.08792
3.53808
4.12183
4.29350
3.84285
3.18316
4.10900
4.19161
4.24671
3.82225
4.08506
4.08256
4.29679
4.23867
3.16538
4.11787
3.10883
2.35405
3.93926
3.88834
3.66797
2.32961
3.88480
4.14170
4.08033
2.59002
4.33611
4.00360
2.81663
4.17378
4.26311
4.20936
3.98656
4.06964
3.64152
3.95505
4.17655
3.95673
4.31313
4.16859
3.30494
4.10484
3.99024
4.22963
4.26362
3.80521
2.67781
4.20290
3.79170
4.04021
4.10806
3.69492
3.97771
4.01306
2.30050
3.93813
3.94609
4.00014
4.19823
4.11117
4.17333
4.10920
3.88332
2.48479
3.92613
4.14001
2.56063
3.61123
4.24690
3.93486
4.24364
3.77140
4.19339
4.17463
3.70365
3.25841
4.36146
4.17008
4.09903
4.15920
4.33777
4.18581
4.30765
3.98834
3.40435
4.24275
3.96789
3.91454
4.09795
4.17026
3.73221
4.07996
4.03279
3.92398
4.24398
3.99062
3.95255
4.11757
3.48383
3.97430
3.43645
4.10079
4.05943
4.25194
4.13067
3.88878
4.21798
1.69716
4.29805
4.04408
3.99344
4.16937
4.36127
4.23901
4.16940
4.35779
3.34614
3.98854
4.22406
4.05014
3.86216
3.48116
4.28274
3.83723
4.06693
4.25738
4.13610
3.84105
4.34851
3.84089
4.09222
3.27349
3.10592
4.11066
3.95759
3.93028
1.36679
4.01873
4.06649
2.55378
4.06772
3.75600
3.83813
3.56047
4.32784
2.65977
3.52822
3.72082
4.28673
4.35607
3.60059
3.17237
4.19157
4.32427
3.64285
4.15742
3.88157
4.24415
4.43821
3.83896
4.08561
4.09828
3.67712
1.84080
3.94933
4.23970
3.86744
3.98590
3.85942
4.19036
4.12923
3.67699
3.18955
4.24535
4.29357
4.02853
4.29658
4.10231
4.30200
4.12333
3.98714
3.64647
3.47073
4.37208
4.08745
4.26062
2.73803
4.15666
3.17785
3.59286
4.27189
3.83824
4.37103
4.27353
4.00928
3.92092
3.79832
4.30749
4.21435
4.03233
2.04037
3.80600
4.19287
4.10698
3.97570
4.20024
3.59651
3.72733
4.15255
4.03377
3.97558
2.26800
4.10014
3.97511
4.11824
4.09825
3.72430
4.29825
4.11110
3.78785
4.38651
3.33468
4.25783
3.82959
4.40933
3.78083
4.20016
3.35913
3.60433
3.84607
2.61603
4.19707
3.91811
3.40050
1.96562
1.94345
2.87925
4.24578
4.37630
3.73599
4.16807
4.38362
3.70528
3.83286
2.33088
3.51555
2.44160
3.72677
4.29766
3.96944
4.18279
4.04252
4.09249
3.61131
3.87581
4.08529
4.37668
3.14501
3.31264
4.18046
4.38272
3.46285
4.32389
4.03445
4.06225
4.41254
4.25981
4.01167
3.62460
3.64482
3.67099
3.79303
4.26807
3.88631
4.20000
4.37221
3.69162
4.16948
4.12597
4.16906
4.18141
2.43109
4.01712
3.54320
4.21338
4.09429
4.36695
4.37053
4.08087
4.00046
3.49480
3.90634
4.29409
3.43942
3.81075
4.23465
4.29692
4.26075
4.26952
3.01491
4.08588
3.80100
3.62429
3.97867
4.43405
3.55877
4.07553
2.72974
4.03534
2.79113
4.00566
4.28969
4.01008
4.19195
4.20693
3.85219
4.10446
4.10756
3.83904
4.00950
3.89038
4.14253
3.87899
4.18644
4.11837
4.24654
4.27053
4.14978
2.45870
4.23947
4.24514
3.52312
3.15836
4.16582
4.23216
4.08253
4.27371
4.16187
3.56729
4.39462
2.63264
4.08786
4.21884
4.34087
3.78619
4.06461
3.81395
4.20289
3.30010
3.22581
3.68559
2.48213
4.12403
4.27542
4.30050
2.23657
4.41371
4.25311
3.59296
3.89990
4.10656
4.13087
2.58153
3.99008
4.34402
4.16338
4.29749
1.57692
4.24830
1.61899
3.42012
3.83572
4.24608
3.52331
4.21494
3.93355
4.26017
3.00262
2.75162
4.22241
4.10722
3.10699
2.19588
3.57837
3.79580
2.38921
4.01696
3.30928
4.19945
4.09526
3.57834
4.28456
3.76160
4.45809
3.61300
4.12692
4.24067
4.04096
3.82726
4.15105
3.89479
4.27603
3.37769
2.71870
4.22803
3.99185
4.25133
3.85650
3.94590
4.21570
4.26623
4.23794
4.16340
4.21243
3.87921
3.62493
3.72975
3.67740
2.07199
3.93462
3.97151
4.10411
4.18319
3.72018
4.27353
4.08574
4.24187
4.04746
3.97076
4.25211
3.99723
3.78252
3.90618
4.15876
4.23591
4.10262
3.86767
3.39316
3.80542
3.63818
4.13471
3.39310
1.64797
3.72475
4.27365
4.22453
3.46135
4.23315
4.27160
3.85030
3.77080
3.69172
3.94323
1.87797
4.32194
4.19480
4.19404
4.02163
4.18813
2.90137
4.04385
4.35123
4.29606
3.74209
4.20529
3.73354
2.47051
4.27069
4.05656
3.58288
4.03723
4.14832
3.62148
4.28375
3.84015
3.84100
3.87996
4.11682
3.15660
4.21654
3.94607
4.33954
3.80961
3.08144
3.54142
3.14807
4.41015
3.16304
4.21827
4.20387
4.32327
2.18079
3.77353
4.17835
4.29022
3.01960
3.90955
4.10256
4.11879
3.93380
4.17350
3.97517
3.99246
3.92269
3.58632
2.72875
4.24494
3.32048
3.53424
3.12033
4.06163
4.15006
4.33372
4.17101
4.07976
4.23093
4.23181
3.47330
3.99932
2.97389
4.27017
4.38240
3.94250
4.31669
3.91367
4.28855
4.22005
3.86856
4.32806
3.28134
3.50347
3.43621
3.83862
4.13231
3.84790
4.40779
4.27907
3.93218
4.33309
3.74115
4.38782
4.27820
3.94241
1.47142
4.39747
3.72871
4.24789
4.17111
4.34938
3.71152
4.03599
4.17125
4.04284
2.87979
3.81843
3.99068
3.75896
3.88043
4.24339
3.78632
4.08039
2.84775
4.15317
3.89104
3.32617
4.02295
3.94861
3.73984
3.33605
4.06183
3.80825
2.07583
3.74192
3.40238
4.24127
3.80534
3.58655
4.18223
4.15364
3.49107
4.29671
2.27913
3.34423
4.01832
3.65831
3.99178
3.80851
2.84373
4.33667
4.12228
3.79605
3.33528
3.92909
3.91715
2.84050
2.99215
3.05298
3.61375
4.08362
4.22969
3.72110
4.15361
4.23771
3.87756
3.93607
4.34260
4.18402
3.94052
3.90396
3.35719
4.21403
3.82692
4.31924
3.34405
2.80692
4.21360
2.81240
4.04839
4.16244
4.03511
3.20309
1.81560
4.34048
4.09767
2.93105
2.00358
3.58528
2.79656
4.03083
4.09849
4.15475
3.80079
4.33781
3.98164
3.19110
3.85995
4.05246
3.13028
4.05457
4.24408
4.30976
4.41391
3.69899
3.94451
4.10194
3.82372
3.89720
4.18346
3.89478
3.77840
3.96157
3.29002
4.28322
4.13595
4.39415
4.30103
3.47065
4.02677
4.20625
4.31526
3.68445
3.80178
3.50341
4.29644
3.87131
4.08424
4.24496
3.57086
4.23795
4.21785
4.16330
4.38739
3.57469
3.68516
4.24934
3.81263
4.14192
4.32203
4.28698
3.91901
3.72413
3.85729
4.01995
4.12020
3.68168
4.14478
3.82732
3.72175
3.47026
4.15954
4.01098
4.10629
3.74157
4.29818
4.30438
3.15246
4.20824
4.16217
4.05025
4.25285
4.14735
4.11011
4.23555
3.69362
4.31460
4.08779
4.21196
2.68414
4.33960
4.03752
4.09446
3.59273
3.76814
4.23950
3.48883
3.72653
3.88646
4.13515
4.03521
3.75008
4.18547
4.00152
4.29576
4.28572
4.05622
4.21528
4.08543
4.13071
2.40544
3.97406
4.02080
4.19239
4.04770
2.12422
4.07024
4.16889
4.30515
4.14701
4.18327
4.17426
4.26721
3.95926
4.01409
3.51725
3.59660
3.58133
2.66070
3.23333
3.94699
4.29080
4.21247
2.69013
4.08097
4.22015
3.80616
4.08740
4.18858
2.88116
4.07895
4.26960
3.34396
4.15509
3.72484
4.33972
4.15389
4.01748
3.51454
3.66384
4.28158
3.77438
4.13154
4.31726
4.30059
3.92501
4.28792
4.23067
3.47797
2.64561
4.26398
3.65900
3.15937
4.34263
4.29375
1.90173
3.99749
4.17758
4.01801
4.10058
3.54130
3.96285
3.71894
4.19175
4.10423
4.19208
2.71455
3.41013
3.86883
4.05206
4.04555
3.59459
2.97767
4.39126
4.21747
4.11471
4.15839
4.02787
4.05372
4.26684
4.29120
3.44950
4.07625
3.25283
2.41561
4.12674
4.15337
4.27477
3.85137
3.61354
2.61297
4.25002
4.16148
4.00446
3.89014
3.31049
3.93208
3.09555
2.41095
3.55040
3.26290
3.98062
3.95328
2.76173
4.11440
4.13424
4.37832
4.10532
3.70584
2.84391
4.20124
2.89065
3.88340
3.87639
3.30211
3.49037
4.03432
3.77491
3.62843
3.99523
3.61358
4.38766
3.34331
3.76691
4.03873
2.03018
3.99228
3.87828
4.29333
3.98481
4.20176
4.35402
3.85107
2.58858
3.83448
4.07095
4.00638
3.05335
4.17740
4.16010
4.24914
3.71599
4.30798
4.10103
4.24282
3.84572
4.26705
3.12003
4.18958
3.85114
4.24197
4.06361
4.40570
4.16787
3.96094
4.35370
3.97034
4.06405
3.70650
4.30402
4.18575
4.17675
4.34810
4.23991
4.03548
2.54776
4.35743
3.78459
3.08189
3.60652
3.86196
4.25306
4.35784
4.02834
4.29564
4.13184
4.05324
3.97148
4.16582
3.35003
3.82904
4.03936
3.87926
4.32212
3.95192
4.11802
3.74183
2.81038
3.62124
4.02948
4.20935
3.83054
3.50105
4.27815
3.86511
2.93463
4.32767
4.05063
3.64238
1.81131
4.17707
3.57206
3.46771
4.03551
3.09109
4.00320
4.01851
3.83789
2.10677
4.02905
4.34584
3.67562
4.11875
4.22980
3.94726
4.35898
3.16062
4.21534
3.83159
3.97435
3.20186
4.28274
3.93273
4.13275
4.04239
4.05104
3.40547
3.91719
4.14783
4.15388
3.64420
3.39869
4.23644
4.31163
3.94758
2.54088
4.05338
4.23137
1.71403
4.17392
2.92400
3.81334
2.77902
3.55754
4.16678
4.20130
4.18836
3.25588
4.14762
4.15535
3.93969
3.80493
3.09920
3.58411
2.76809
4.07441
4.31858
3.96531
4.03218
4.19141
4.16201
3.77304
4.18696
3.39841
2.55826
3.16278
3.62943
4.36913
4.16018
3.65842
4.37655
3.82210
4.23897
4.09482
3.45455
3.90372
4.11375
4.15795
3.89277
3.82718
4.09432
4.06838
4.20836
4.22566
4.36180
3.63017
4.35103
4.22180
3.59656
4.25356
4.04808
4.21007
4.02804
3.92050
3.87349
4.12681
3.95950
4.22337
3.98154
4.06357
4.08893
3.27882
3.84442
4.10495
3.03837
3.12764
4.08348
3.36927
4.27119
4.14527
4.19985
2.76958
4.07062
2.92496
4.08678
4.00295
3.44492
3.77957
4.01630
3.80529
4.18461
3.08218
2.56989
4.01341
4.25925
4.03904
3.52680
4.06888
3.39647
3.73259
4.00517
3.80389
3.62211
4.16010
4.22854
4.24814
4.34475
4.18507
3.27819
2.58359
3.75190
3.57469
4.12909
4.19826
4.15465
4.00642
4.01099
4.06990
3.31678
4.20168
3.88961
3.53432
3.97529
4.33425
4.04573
2.95790
4.03536
3.40537
4.31644
4.00222
3.50554
4.20416
3.46098
4.14804
4.20653
3.99833
2.76659
4.02666
3.89546
4.18687
3.88994
3.92349
4.29142
4.17049
4.28811
3.69782
4.25166
4.13444
4.26192
4.13813
3.94300
4.30155
3.90799
4.07670
4.15960
3.99959
4.01291
4.37729
4.20170
3.93071
4.13606
4.15254
3.80466
4.04580
4.09491
4.14967
4.31571
3.72911
3.73934
4.09826
3.61312
2.65928
3.99380
4.23780
3.49313
4.13053
4.12391
3.13577
4.11886
3.48404
4.15912
4.11258
3.05448
2.93314
3.91523
4.04505
3.06189
4.19714
3.75289
4.11613
3.23437
3.67214
3.97513
4.32083
4.17849
4.27930
4.39715
4.21047
3.65680
4.20793
4.11694
4.14556
4.17893
4.35300
4.04178
3.88672
4.26203
3.67940
3.80349
2.71793
4.13491
3.62304
3.84988
3.99959
3.33191
3.98868
3.76086
3.96548
2.79335
4.13065
4.15632
2.93942
3.40989
4.39368
4.15040
4.26515
4.33653
3.99477
4.27939
4.28893
4.29252
4.13950
3.17022
3.76221
3.74396
3.34789
4.08510
4.23626
4.05926
3.74866
3.96283
3.17909
4.32662
4.06886
4.23920
2.89353
4.22070
3.74381
4.03854
4.29820
4.16245
4.21761
4.07324
3.54868
3.62791
1.81964
3.74410
3.63611
3.42255
4.16726
3.99659
3.29867
4.20954
4.14111
4.32723
3.77819
4.30418
3.66347
4.13485
4.13348
3.02094
4.24651
4.23971
4.26810
3.96341
4.04832
3.77712
4.05588
4.39312
4.09693
2.22086
3.53840
3.40570
2.99861
3.69248
4.27987
4.08513
3.97254
3.94965
3.90283
2.66234
3.70683
4.14438
4.10518
3.52496
4.19490
3.75636
3.73387
4.28476
4.05954
3.95160
3.86505
4.22491
4.08890
3.16528
4.07167
4.18763
2.16664
4.29936
3.92338
4.14981
4.41451
3.72927
4.24596
4.02692
3.96245
4.17258
3.80455
4.36459
4.36417
3.94956
4.12177
4.19059
4.24819
4.19150
4.00240
4.25759
3.83560
4.24488
4.14274
4.24625
3.90701
3.24947
4.09783
4.33139
4.29496
4.35335
2.53416
4.34458
4.28191
4.25226
4.19859
3.97961
4.31176
4.27776
4.20976
4.07598
2.13489
4.05987
4.00928
3.50630
3.40556
4.08678
3.93012
4.13593
4.33359
4.12504
3.52207
3.90198
3.01510
3.87550
3.85902
4.00792
4.18690
4.28458
3.24216
4.27082
3.79581
3.50990
3.93870
3.42175
4.00455
3.90455
4.26932
2.43097
2.07689
3.10862
4.02950
4.22695
3.23682
4.08292
4.24832
4.22609
4.09381
4.21061
4.10314
4.11856
4.13689
3.13393
3.21882
4.10341
4.21201
4.35333
4.37797
4.35755
3.96854
4.24193
3.44846
4.36454
4.19919
4.14095
2.93897
3.83998
3.22056
3.62461
4.16323
3.80037
3.97815
3.89562
4.11032
4.23997
3.85511
3.83236
4.26600
4.26091
4.10847
4.05393
3.56863
3.67237
4.27565
3.80879
3.59311
4.09490
4.24047
4.28669
4.20297
3.03202
4.12768
4.06111
3.31574
4.03198
4.12303
3.42375
4.32508
3.83016
4.16156
4.23923
4.28412
4.21703
4.03013
3.82003
3.23769
4.18972
3.56132
4.28492
3.58178
3.42833
2.88652
4.01647
3.95904
4.29446
3.87641
4.28705
2.00876
4.32707
4.23113
3.98830
4.00685
3.84090
2.58053
3.66688
4.20977
4.31342
4.06915
3.98811
4.14215
3.80469
2.71691
4.24714
4.04750
2.18429
4.18271
4.15739
4.31934
4.23726
4.12640
4.15892
3.46076
3.89552
3.73076
3.76944
4.21526
3.95466
3.87096
3.54341
4.14924
4.33763
3.31455
3.62638
3.93173
3.30906
4.24707
3.99911
4.03820
4.28697
3.65568
3.74771
3.75437
4.34705
4.24888
4.08417
4.39276
4.17714
3.84249
3.86110
3.88780
3.19548
3.68479
4.26822
4.08277
3.82960
4.17742
4.29947
4.27814
3.94181
4.25399
3.92088
4.02148
4.02227
3.44539
3.82403
3.94310
3.98085
4.32928
3.30404
3.95329
4.30217
3.61599
3.15936
3.78429
2.01405
4.11995
4.36265
4.29107
4.25309
4.00971
3.55880
4.19492
4.26544
4.15970
3.81490
4.32193
3.75498
4.14141
3.83963
3.55086
3.95104
4.25903
2.62644
3.85805
3.99979
2.00874
4.05143
3.59384
4.12564
4.19953
2.70063
4.34488
4.07596
1.97350
4.35607
3.51751
3.86903
3.23460
2.53858
3.38900
4.16087
4.12847
4.30981
3.89659
4.07299
4.18790
2.80102
1.86848
4.14723
4.39975
3.46179
2.26195
4.03886
3.71153
3.16319
3.98298
3.65917
2.78459
4.25930
4.15225
2.75760
4.17318
4.23779
3.70881
4.10998
3.87383
4.20708
3.77686
3.91795
2.70055
4.25060
3.98096
4.13345
4.05416
4.29305
4.09781
4.21253
2.92526
4.30075
4.27249
3.88342
4.03730
4.10538
4.09490
3.92915
4.01628
4.24196
3.17639
4.34134
4.24821
4.04908
3.98790
4.16038
3.91077
4.32395
4.09012
4.08426
4.00553
3.81097
4.29056
4.35018
1.75322
3.99367
3.71824
4.15127
4.38752
3.67689
4.28342
4.30317
4.27822
4.23540
3.13592
4.11840
3.36416
3.80195
4.23964
4.29811
4.36861
4.25474
3.84012
4.02170
4.25170
4.34318
3.82300
4.12598
3.02917
4.28637
3.73238
4.29756
2.39400
4.12638
4.36473
3.71871
2.69763
3.39694
1.38266
2.41207
4.34015
4.25655
4.19074
4.18247
4.35169
2.72592
3.79330
3.41961
3.99201
4.01487
3.62128
4.09412
4.12567
3.84514
4.35730
4.37645
4.31306
3.87361
3.95030
4.14989
3.75257
4.28183
4.01043
3.23234
4.29951
4.26281
3.94913
4.30150
3.95413
3.82200
4.05435
3.35736
3.74327
4.25822
3.87842
3.79552
3.97047
3.95868
3.58749
3.90456
4.00529
4.40108
4.26404
4.29999
3.83917
4.29554
4.19568
3.77109
4.23884
4.28554
4.22642
4.36471
4.04796
4.01452
3.51875
3.95491
4.19029
2.75070
3.87724
4.33129
2.12849
4.39707
3.63875
4.30958
4.04251
4.24570
3.56427
4.23463
4.09760
4.04251
4.19435
4.25869
4.09337
3.66380
3.91551
3.66602
4.18700
3.40655
4.22138
3.94609
2.28608
4.34857
4.16521
3.81108
3.92632
4.27554
3.29847
3.94300
3.90766
4.08080
3.92882
3.87923
4.26698
3.68261
4.15154
4.13826
2.55463
3.73653
4.31746
4.31594
3.50030
3.83204
4.16688
4.25552
4.00622
2.82733
4.17040
4.34099
3.50971
4.26053
4.08029
2.80319
4.37206
4.38945
4.30167
3.06574
4.21686
4.25276
4.20295
3.95747
4.07524
4.17039
3.78326
3.93284
3.91376
4.00920
4.17839
4.22582
4.04429
3.75671
4.32742
3.90185
3.98503
4.34219
4.06705
4.07292
4.13922
2.53961
3.82440
4.32177
4.14408
4.04736
4.30612
3.14097
4.00278
4.14661
3.81367
3.08124
3.92054
4.08728
4.10297
4.21131
4.12569
4.09534
3.35541
4.20306
3.31459
4.21246
3.55150
4.10650
2.23981
3.53556
4.22316
4.25296
3.96560
3.98948
3.49579
4.00948
4.08036
1.62573
3.70384
4.08681
3.72745
4.02733
3.55823
3.22551
3.89362
4.06384
3.76218
4.26813
4.13591
4.19676
4.17683
3.97470
4.23032
4.31968
3.98851
4.16086
4.08228
4.05349
4.02214
4.15259
3.98729
3.67574
3.95368
3.45491
4.28527
4.14397
4.03053
3.92969
4.15959
3.84387
3.93030
4.11398
4.32308
4.25336
4.11050
3.56269
3.79407
2.08680
3.53765
2.25682
4.23752
4.25753
4.23426
2.99484
3.87327
4.00349
1.92625
4.10200
4.17702
3.82845
4.12634
4.20028
4.15036
2.73831
4.24726
4.12482
4.23315
3.70849
3.72361
4.03952
4.06258
4.34944
3.61963
4.20095
4.13262
3.99104
4.22112
4.05578
3.84015
4.19387
4.19849
4.23347
3.33058
3.89674
4.26621
4.14279
4.05331
4.32351
4.03212
4.39345
3.65985
4.32250
4.09614
4.14564
3.92877
3.79471
4.26216
4.44540
3.90343
4.09489
4.21258
3.95436
4.13438
4.17119
3.78971
4.22328
4.36065
4.11589
3.63983
4.29650
4.05245
3.78618
3.82056
1.92827
3.98008
4.19772
3.97825
2.25052
3.06363
4.18134
4.29640
4.06962
4.25106
3.27201
1.85821
3.25639
4.09770
2.28426
3.99983
4.27475
3.84545
4.11352
4.00698
4.12854
3.61786
3.38573
4.05497
4.23292
4.12304
3.52617
3.98956
4.22577
4.31169
3.02830
3.91240
3.38148
4.36847
4.16163
4.23491
3.96158
4.31319
4.03418
4.06382
4.21122
4.19754
4.04341
3.87043
3.93566
4.05313
4.22874
2.88505
4.25865
3.86319
4.23833
3.31286
4.08073
3.22040
4.31476
4.28463
4.25004
4.13766
4.19865
3.85384
4.18286
3.92400
3.87317
3.87391
4.06438
4.07171
3.48401
3.89962
4.27797
4.31557
4.16211
4.21588
4.09734
4.39267
4.13003
3.66692
4.14289
4.12712
4.27604
4.29704
4.29678
4.25413
4.01807
3.92888
2.05258
4.27793
4.00243
3.77932
2.91765
3.56061
3.89851
3.53201
3.27581
4.05704
4.13163
3.58262
3.93201
3.67792
4.26560
3.49948
4.16161
3.81683
3.67173
3.33863
4.00533
3.09191
3.92061
3.90065
3.98176
3.96493
4.32105
4.45691
4.41454
3.66142
4.18635
3.72626
4.34611
3.75384
4.17200
1.82793
4.04985
4.05044
4.10678
3.93257
2.50946
4.00637
4.07022
4.15049
3.41473
4.17211
4.11343
4.32194
4.00570
3.98279
3.33047
4.06577
4.19115
4.26121
3.46897
2.74572
3.12171
3.84318
3.84456
3.86850
4.20483
4.15228
4.04927
4.26216
2.21618
4.24739
3.77130
3.45772
4.16687
4.21220
4.20573
3.85613
4.12238
4.09458
4.03106
4.18293
3.60159
2.33171
3.36427
3.90100
4.36739
4.12106
4.17876
4.07787
4.16182
4.35136
2.86777
3.98443
4.28284
3.96436
2.94521
3.56321
4.25347
4.03108
3.23937
2.81675
4.29428
4.22559
3.71008
3.78701
4.35930
3.93610
4.07886
3.26104
4.09697
4.19919
3.08275
4.15813
3.62181
4.24654
4.21260
4.21913
3.82293
3.94772
4.29956
4.27822
3.04207
4.19523
4.11538
4.37575
4.13680
3.65880
4.15156
3.97146
3.89274
3.92920
4.07197
4.35950
4.32450
3.98292
2.06551
3.92782
4.09079
2.69867
4.21553
4.12351
2.76223
3.96714
1.50976
4.16501
3.11103
4.16129
3.93124
4.16106
4.31011
3.37908
3.96691
3.98855
4.30588
3.78483
2.84390
3.56492
3.72502
4.35157
2.73604
3.90632
4.05523
4.26956
4.06568
4.21816
4.25210
4.19268
4.08155
2.03230
3.46606
3.85552
3.96003
3.70231
4.27021
4.00147
4.08389
4.07142
2.34872
4.34752
4.31394
4.22899
4.23933
4.41762
3.82700
3.91811
4.02200
4.09217
4.17712
3.80887
3.18479
4.33106
2.58878
4.25769
4.31031
2.46699
3.96325
3.29870
3.90725
4.20769
3.42288
3.83976
3.25257
3.80774
3.29459
4.05552
3.37461
3.60654
3.70133
3.76437
2.89691
3.61892
3.97090
4.37392
3.70944
4.28843
4.11719
4.10089
4.05284
4.20501
2.74264
4.18563
4.03561
3.91752
4.25724
4.06647
4.26531
4.25936
2.34562
3.63616
3.75162
3.73833
4.19514
3.20902
4.05335
3.73387
3.48579
3.83656
3.12394
3.90745
4.02952
4.15162
3.46573
4.02108
4.13878
3.85222
2.13920
4.21740
4.09078
3.59517
4.14462
4.02910
4.26823
4.32774
3.84268
4.24135
3.27688
3.95258
3.28247
2.59890
3.42465
4.08138
2.54922
4.19838
4.28816
3.82774
4.22554
4.19884
4.09572
4.09492
3.77462
4.18259
4.14270
4.21863
4.22825
4.14220
4.29131
4.10835
4.10392
4.05456
3.64800
4.32171
4.24230
1.31682
4.29609
4.28461
4.03836
4.08352
4.14108
4.16452
3.98335
4.00539
3.99686
4.23637
4.07689
4.11584
4.14331
3.75122
3.11645
3.63746
3.93708
3.32265
3.79728
2.42273
4.11205
4.21636
4.08893
3.19439
4.10439
4.28529
4.30328
4.30630
3.87830
3.73068
4.31591
4.11529
3.83024
4.14197
4.21457
4.10208
3.80429
3.69286
3.59897
3.95337
2.11360
4.03604
4.07232
4.09304
4.28052
3.93965
3.80803
3.96995
4.23170
4.01647
3.37987
3.33873
4.20918
4.25824
4.30059
3.84241
4.12834
3.87435
4.10114
4.15553
2.66624
4.27721
3.59274
3.84908
3.41842
2.78524
2.81441
1.82140
3.98890
4.27303
4.19448
3.78066
4.09224
4.24531
2.82512
2.57848
4.10172
4.30748
4.09876
3.88631
4.19519
4.20804
2.97392
4.03072
4.30545
4.24197
4.29208
4.25321
3.94888
2.04797
3.63246
2.51905
4.10557
3.59803
4.29594
3.94932
3.45353
3.33696
4.31209
4.16323
4.33518
4.05944
4.17025
4.11864
3.44167
4.31628
3.85624
4.28403
4.07487
4.15668
1.90811
2.55844
4.15479
3.48986
4.10275
4.18737
3.29135
4.30871
4.16833
4.27912
4.37535
4.23311
4.19462
4.15453
3.86689
3.96164
3.74361
2.77801
4.30811
4.22596
4.13219
4.30269
3.97889
2.46619
3.02123
3.95163
3.85953
4.27398
3.84941
4.35531
3.43813
3.66737
3.71177
3.79738
1.94961
3.26313
4.32124
3.52847
3.25366
4.03005
4.12398
4.11405
4.17415
4.19470
3.82232
4.28342
2.44340
4.25779
3.97796
4.22555
3.92132
3.84544
4.27065
3.12110
2.63215
4.14236
4.31650
4.11114
4.29979
4.10091
3.24301
4.31953
4.30988
4.30119
4.09100
3.33589
4.01945
4.19084
4.22457
4.27313
2.42222
3.09841
4.22359
4.14717
3.67072
4.09949
4.20239
4.17963
3.22381
1.63117
4.23150
4.10209
3.97916
4.23067
4.14007
4.02448
4.35333
4.11060
4.16852
4.28839
4.16441
3.81611
4.09548
3.95196
4.11097
4.24357
3.20228
3.95626
3.60922
4.03222
3.44862
4.32521
4.30704
3.71758
4.17037
3.99729
3.49385
4.40869
4.13430
3.45026
3.96090
2.81850
4.22553
4.26481
4.27245
4.22380
3.89379
4.01331
3.41437
2.59761
4.07101
4.14075
4.30036
3.74760
4.20493
3.95920
4.43204
3.46600
3.43974
2.91365
4.29651
4.40248
4.06179
2.98405
4.07691
3.93908
4.31070
4.11614
2.32085
3.95928
3.85528
2.58050
4.32075
3.76477
4.34818
4.14243
4.35655
4.16556
3.83267
3.30329
2.72584
3.53967
4.07725
4.19186
3.63728
3.63846
3.82198
4.32017
4.34165
4.27981
3.95046
2.49139
3.77383
3.10773
2.10705
4.26845
3.17787
4.15904
4.09027
4.30040
3.87293
3.89297
3.44830
2.61383
3.94899
3.33444
4.18585
3.60028
3.89782
3.71732
2.68592
3.50566
4.14229
4.20901
4.10870
3.70943
3.76199
3.88869
3.38171
3.92834
4.10999
4.30402
4.15852
4.09416
4.36836
3.47125
2.42622
4.28367
4.15433
2.00121
4.21813
2.92634
4.11820
4.16498
3.39277
3.76082
4.10132
4.03381
4.29065
4.21786
3.95027
4.22618
3.80259
3.96189
3.00035
4.40894
4.33549
4.02640
4.03691
4.35310
4.21619
4.04366
4.34161
3.66356
4.37019
4.12589
4.20555
4.13581
4.13846
4.11431
3.98762
4.04593
3.73726
4.00759
4.10199
1.92006
4.10462
3.44121
4.09549
3.01629
3.47430
4.10246
3.97443
4.26881
4.14696
3.29572
3.93317
4.26829
4.24141
4.18184
4.11777
4.16727
3.37657
4.01521
3.83924
2.30186
3.84922
4.25949
2.59378
3.92339
4.27421
3.99358
3.19228
3.46033
4.15910
4.08916
3.64649
4.03237
3.60706
4.20970
3.77035
2.57478
4.28724
4.28015
4.21461
4.36254
4.27242
3.76992
4.08972
4.28630
4.23171
3.63546
4.03490
4.34453
3.85311
3.93222
4.01506
3.84531
3.90388
4.18742
4.34986
4.38148
4.01832
3.97917
4.25485
3.33775
4.41497
4.08304
3.67895
4.18550
3.98568
4.33833
4.16620
4.00806
3.91672
4.35391
3.87563
4.03145
2.61837
2.06669
4.02972
3.89696
4.27399
3.81637
4.13295
4.11033
3.98682
4.34038
4.12692
3.78687
4.00777
3.18322
4.18230
4.05587
3.43078
3.90952
4.13271
4.27419
3.91455
4.06149
4.39804
4.06025
4.02053
3.79080
4.20864
3.79207
4.09129
4.23026
4.18942
2.59898
4.35489
3.01705
4.06413
3.27385
4.19566
2.73748
3.25149
3.92142
4.13765
3.52445
3.64255
4.11830
4.01689
4.03322
3.78124
3.93973
4.35698
4.26567
4.18045
4.11680
4.00367
4.23543
4.22862
3.96637
4.01562
4.25597
4.22654
3.63725
3.87829
4.03979
2.57040
4.17476
4.16268
2.42589
4.13281
3.70744
2.03263
3.92537
2.97883
4.31422
3.58475
3.91816
3.54946
3.90865
2.92708
3.62047
3.88821
4.35882
3.87752
4.04466
2.58905
4.09515
4.11734
3.73071
4.17829
4.24434
3.71765
4.35562
3.81607
4.08660
4.04929
3.86051
3.77012
3.87492
4.22687
4.27824
3.09045
2.93815
4.24213
4.17530
4.31508
3.97648
3.63892
3.36396
2.06830
4.34702
3.50762
3.93712
3.99756
4.16120
4.17616
3.98009
4.15662
4.11986
3.69740
3.88047
3.80094
4.07333
4.11622
4.22789
2.14202
3.84241
4.12369
2.66998
4.36771
4.17283
4.28767
3.84246
4.11675
4.30643
4.23290
4.23586
4.08276
4.00953
3.98709
3.94598
4.15276
3.63625
4.30303
4.08815
3.61950
4.41523
4.29837
2.43461
4.06950
3.79632
4.39856
4.22133
3.81134
4.09453
4.01480
3.14283
4.40316
4.31293
3.95304
4.07966
3.88198
4.15559
4.24100
3.80888
4.31252
4.31747
3.85889
4.13432
3.24015
4.27591
3.03082
4.26152
3.99535
4.27529
3.69228
4.21593
3.93784
4.08791
4.34019
3.88048
4.30628
3.96672
3.83716
3.59086
3.91037
4.26945
4.20332
3.79985
3.98110
3.83262
3.62311
4.00641
3.06797
4.18094
4.26721
2.91508
4.09982
4.07449
3.80263
4.14248
3.80803
2.32133
4.38111
4.23175
3.53395
3.55252
3.07910
4.31975
4.26883
3.96826
4.07206
3.94672
4.17554
3.56582
4.07087
3.80521
3.82835
4.05762
2.87059
4.03538
4.30801
3.85345
4.17842
3.15565
4.03821
4.21300
3.78026
3.86346
3.91944
3.97015
4.28476
3.26402
4.07278
3.83548
3.80770
3.71556
2.69697
4.19465
3.08631
4.27967
3.00116
4.30488
4.05562
3.80293
3.70268
3.50303
4.10683
4.22764
4.30869
4.26977
4.03473
4.14126
2.63155
4.28871
3.39208
4.32988
4.26415
3.65848
4.21504
4.26440
4.07573
3.68254
4.20927
4.26671
4.01913
4.10320
4.09824
4.02259
4.25760
3.48823
4.10997
2.63666
4.14184
3.85923
3.42645
3.99242
3.79844
3.14567
3.73771
4.14457
4.02516
4.18733
2.77598
4.19905
3.97593
4.02111
4.14565
3.53035
4.32734
4.22208
3.72131
4.32680
3.39143
4.11413
4.15681
4.22756
2.46782
4.32612
3.84003
3.25350
4.10161
3.49637
3.91433
1.18758
3.08049
3.90648
4.17349
3.94868
4.28280
3.98869
3.65834
4.01835
4.21460
3.95634
3.94517
3.84152
3.56964
4.01828
3.84338
1.32136
3.65931
3.65749
4.25900
4.08414
3.80354
4.09243
3.61857
2.94198
4.17603
3.93172
3.68600
2.64347
2.03379
4.19186
4.21878
3.39147
4.24989
2.82208
3.68072
3.53780
4.31665
4.07855
3.96578
3.96952
2.63361
3.96543
4.00599
3.35310
3.54522
4.14327
3.64540
4.09207
3.90373
3.91399
4.26450
3.58744
2.81746
3.40459
3.56798
4.14240
4.13001
3.78951
3.91744
2.59043
3.95530
3.85326
3.65490
4.10637
4.14683
4.26864
3.14497
4.13543
4.06895
3.94039
3.15196
4.21950
2.70621
4.22097
2.85431
4.28731
3.18955
4.07716
3.85427
3.72141
2.43630
3.77004
4.35618
3.62120
3.27894
3.94718
3.49351
2.11571
4.31585
3.99606
3.28569
3.84366
3.53811
4.36544
4.05773
3.83714
3.76467
4.25255
4.20421
4.17216
3.96776
4.09271
2.14720
4.04290
3.94847
4.16013
4.19297
4.27261
3.41729
4.19936
3.72357
4.27215
3.66544
4.05055
4.34007
4.12621
3.13393
2.51683
3.83865
4.24987
3.96431
3.24406
3.20750
3.94020
3.85403
3.66042
4.38453
3.73390
4.24475
4.16743
4.15122
2.78629
3.98533
3.52158
3.86422
4.14395
4.31082
2.41387
4.12772
4.03988
4.17142
3.84448
3.98227
3.78743
4.05024
3.88086
4.19786
4.14991
3.32592
3.92088
3.86421
4.11295
1.31549
4.00982
4.23550
4.01851
3.67480
4.07946
4.17021
3.52966
3.65589
3.84114
3.54285
4.24014
3.85608
3.84152
4.21482
3.30739
3.85694
4.12228
3.91817
3.64403
3.49990
4.08848
4.31742
3.42536
3.14372
3.99446
3.31411
3.68779
3.81192
3.36623
3.76808
3.98595
4.03193
4.20159
4.29019
2.24293
4.31297
3.95295
4.14716
3.76966
3.78212
4.14535
4.19231
3.40538
4.03990
3.39083
4.23924
4.17998
2.76703
4.13031
4.36552
4.18063
4.14605
3.04877
4.00518
4.28836
3.09365
3.91118
3.99996
3.90595
2.06698
2.87045
2.00372
4.19003
3.11878
4.06272
4.13717
3.84761
4.23627
3.16125
4.10113
4.16656
4.03806
4.07504
4.07987
4.17588
3.71240
4.11901
4.01023
4.00920
4.27464
4.04977
3.94355
4.14677
3.82945
4.20485
3.89646
3.84324
4.04912
3.94404
4.30594
3.95217
4.20185
4.17039
4.06356
3.78598
4.20332
3.40258
3.81937
4.01705
3.86976
4.29351
4.03245
4.22438
3.48582
3.66836
4.13250
4.26601
1.87399
3.91999
4.15996
4.30365
3.64064
4.19633
4.08720
4.11642
3.93462
4.21391
4.27810
2.20711
3.92597
3.51997
2.37028
3.94238
4.34582
3.00959
4.26376
4.19267
4.04839
4.30540
3.67969
3.72608
3.85528
3.25296
4.24981
4.04116
4.07892
4.17708
4.35772
4.21035
4.25540
3.73115
4.28750
3.88338
3.48401
4.18621
3.82274
1.16764
4.31224
4.08073
3.97791
2.62338
4.27436
3.65692
3.89145
4.06073
3.46586
3.64455
4.09990
4.29437
4.22235
3.94879
4.07433
4.29395
3.61545
4.31287
3.68099
4.27769
3.87581
3.96941
3.32647
2.73177
3.51806
2.51998
3.39195
2.07454
4.07227
4.00623
2.33666
4.00550
4.21883
4.33121
4.18649
4.12964
4.26842
4.17271
4.23000
3.95142
3.97580
3.74642
4.12445
4.20647
3.84568
3.62921
3.67990
4.28182
4.13804
4.26422
4.13336
4.20260
3.80349
3.19226
3.78930
4.20605
3.78212
4.13313
3.73664
3.92184
2.93853
4.01572
3.93928
4.08772
1.52835
3.65501
3.42019
3.64098
3.89591
4.25802
2.91676
3.32646
4.19006
3.51407
3.88325
4.17080
3.96020
3.34395
4.16272
3.84644
4.27690
3.63142
4.12135
4.15961
3.77682
3.43044
4.07342
4.13507
4.39485
3.95949
4.28827
1.97079
4.23897
4.16224
3.78950
3.83928
4.17439
2.76137
2.51901
4.00131
4.13661
2.81060
3.62553
4.04410
3.94724
4.20859
4.06441
2.19714
3.40628
4.39054
3.90162
1.98912
4.21527
3.73190
4.11753
4.25886
4.19167
3.83940
4.16131
3.89448
4.02323
4.23776
4.22355
3.79460
4.22006
4.32235
4.30701
3.39848
3.80769
4.19996
4.19034
4.25803
3.63614
3.87679
4.11230
3.95843
4.23502
3.94888
3.69678
4.38462
3.73458
3.23625
3.95643
4.21337
4.28264
3.91892
3.24394
4.25513
4.19024
2.88461
3.94002
4.31209
4.15155
4.10613
4.32737
3.13289
3.58549
4.04052
3.74334
4.29429
4.36790
3.56098
3.65005
4.37465
4.24347
3.81331
3.31247
3.97843
3.68551
3.10228
4.19458
4.00326
4.22316
4.00723
3.68871
4.27901
3.48413
4.11277
3.97533
4.20204
1.88363
3.90268
4.29045
3.68395
4.29614
3.02971
3.94724
4.21377
3.79241
1.00923
3.89275
4.22868
3.76081
4.14981
4.02761
4.09041
3.86901
4.05811
4.21905
4.27086
2.05823
4.07903
3.26852
3.16176
4.03913
4.09018
4.24248
3.36007
3.70847
4.19190
3.17584
1.92110
4.29012
4.00736
2.90640
4.10305
4.09056
3.76372
4.15457
2.99748
4.27453
3.74786
4.19239
4.08130
2.21898
1.93251
4.34536
4.20285
3.46167
3.70012
3.12630
3.85343
3.53742
3.41568
4.25454
4.30607
4.30235
3.35850
3.46590
3.80866
4.36517
3.86957
4.34477
2.47499
3.56368
4.13183
4.00260
3.47585
4.20264
4.29155
3.50366
3.85304
4.19500
3.91416
3.94676
3.32584
3.90312
3.57736
4.22174
3.85260
4.06060
4.02938
4.24431
3.92029
3.79500
3.96249
4.15909
4.15561
4.33116
3.89152
3.82582
2.71658
4.25530
3.90347
3.65444
4.06184
3.60633
3.83266
2.48439
3.95511
3.93016
3.64773
3.90549
4.33729
3.98330
3.20696
4.04197
3.67993
4.17710
4.26630
4.12465
2.22508
4.11932
4.35508
3.60092
3.63997
3.80393
4.29913
3.13182
3.59746
4.19724
3.61686
3.87444
3.42666
4.19869
3.88940
2.31667
3.81510
3.96622
4.04558
4.25195
3.95290
4.06254
4.34063
4.22440
4.18198
4.05907
3.68343
4.17262
4.16435
1.74464
4.16090
4.13085
4.16869
4.13464
4.11068
3.81560
3.88932
3.95829
2.04482
4.28100
3.38640
3.29449
4.25764
3.67272
4.15818
4.17795
3.91671
4.09061
4.15242
4.06331
4.09313
4.04215
4.14430
3.54468
4.11770
2.43304
3.25277
4.30044
1.53144
3.60734
4.08183
3.57413
2.36264
3.98308
3.05816
4.14118
2.87549
4.11117
2.67147
4.29138
4.29482
3.83264
3.93999
3.66837
4.12877
4.02782
4.28407
4.22561
3.07144
3.95163
2.61691
4.25212
3.77127
4.12539
3.91470
4.23417
3.23788
3.92310
4.27499
4.13392
4.24023
4.27259
3.78509
3.16396
3.96739
3.59003
3.47858
3.34521
3.63660
2.86220
3.51586
4.13074
3.92951
3.39859
4.23920
3.90001
2.58291
3.86729
4.21521
3.68776
3.64217
3.97115
4.28046
4.35799
4.09969
3.94887
3.73822
3.99664
3.95719
4.01860
4.38823
4.01847
3.97369
3.20542
3.86378
3.95782
4.18900
4.35690
4.29427
3.52981
3.09605
3.39304
3.76650
4.19477
4.06458
3.99692
4.02221
4.20993
4.14266
4.26872
4.24778
4.19892
4.21609
4.06558
2.89566
3.79130
4.37673
4.20738
4.01820
4.03417
4.04561
4.04134
3.90811
4.28038
4.20735
3.17568
1.64042
4.34129
3.76344
3.04415
3.23965
4.22186
4.06667
2.90111
4.35362
3.66798
4.11520
4.06074
4.00413
1.98541
4.23622
3.96230
3.72722
3.82924
4.31049
4.12658
4.25180
3.32825
4.33395
4.04490
3.65225
4.26467
3.81046
2.34150
4.07363
4.21941
4.20999
3.77262
4.31572
4.16287
3.64595
3.92572
3.87764
4.38889
3.55769
2.44816
4.25059
3.91008
4.35396
4.23508
3.83907
3.42782
4.23662
4.29407
4.29264
4.12296
4.23396
3.73024
3.38662
3.16879
4.25137
4.31250
3.95356
4.30491
4.23746
3.52783
3.10958
3.30043
4.17564
4.23652
3.78036
4.09761
4.33452
3.87977
2.24180
3.45752
3.27231
4.16416
1.84250
3.81769
3.05204
4.35065
4.13396
4.03669
4.25286
4.10519
4.30169
3.11407
4.35305
3.92688
4.12355
4.25792
4.12162
4.08678
4.23637
4.33343
4.28288
3.45555
4.02099
4.29825
4.26497
2.92570
3.81745
4.09997
4.17663
4.16163
4.26478
3.87484
3.65238
4.23368
2.67410
3.93503
3.93845
3.73465
4.27044
3.81836
4.09557
3.79587
4.28505
4.28468
3.54988
2.57653
3.76780
4.29205
4.23415
4.17488
3.44955
4.37495
4.15922
4.09734
3.56058
4.24177
4.04908
2.07452
4.07523
3.85411
4.30372
4.21901
3.91024
3.90013
3.95708
4.33378
3.92700
4.25811
3.95821
4.24914
3.92805
4.24314
3.83452
4.13428
4.30994
4.18757
3.69364
1.96597
3.89723
4.37716
3.48172
4.18863
3.74030
2.75974
4.16912
3.57692
3.96509
4.34345
3.50530
2.96556
2.02588
3.78523
4.20461
3.61806
4.02052
4.40174
4.18308
4.09987
2.52333
3.09077
3.24940
3.99994
3.91928
3.41641
3.99407
3.04189
4.02072
4.20737
4.05376
4.03936
4.29091
4.12998
4.14341
4.37199
4.23148
3.87895
4.04987
3.49325
4.21022
3.77912
3.79976
3.70184
4.36371
3.26231
4.23906
3.55409
3.36017
3.95301
3.80141
4.01171
3.76789
4.10287
4.09880
4.22250
4.10547
4.03358
4.03230
4.23167
3.63715
2.19720
3.42525
4.01618
3.99602
3.28798
4.09059
4.29270
3.77351
4.22354
3.16726
2.82669
4.14860
4.27019
4.02300
4.17558
3.19054
4.15220
3.93819
4.32793
4.10358
3.95270
3.99988
3.61388
4.24452
4.22466
4.24582
3.98353
3.75348
4.35056
3.14142
4.05591
4.04932
4.29823
4.01909
4.16109
2.22565
3.19881
4.28272
3.21361
4.22897
1.98190
4.09693
4.15609
3.86911
4.28182
4.35812
4.19182
3.71642
2.41137
4.33717
3.38715
4.04792
4.33254
3.69727
4.15446
4.09148
4.10199
3.92326
4.29851
3.84399
3.81885
3.95778
4.01663
4.03950
4.21902
2.76902
3.58345
3.19063
4.10566
4.19977
4.32572
3.90561
3.16712
3.70889
4.30708
2.54044
4.05299
3.76071
3.85099
3.18623
4.18185
4.32368
4.28115
3.96642
4.09946
4.23454
4.25308
2.78379
3.98889
4.35255
3.99147
4.00506
4.36653
3.46540
3.51601
4.10956
3.55124
4.12007
4.19422
4.26255
4.28120
3.68832
4.28245
4.09071
3.99968
2.73899
4.22421
3.72399
4.08632
3.82415
4.12851
3.45659
3.98942
3.74057
3.78893
4.09214
4.26808
4.27419
4.16726
4.31796
4.36040
3.93069
4.03136
4.19061
3.88089
3.48230
3.30519
4.32718
3.94886
3.85815
4.32892
3.78469
4.19350
3.81701
3.87162
4.29269
3.95490
3.60322
4.32323
4.05346
4.44432
4.15994
4.11268
4.06927
4.18252
3.98902
4.00020
3.04341
4.17727
4.26582
3.88109
4.00917
4.32483
4.40794
3.80370
4.19381
4.25377
3.96172
3.98221
2.17634
4.15569
2.01704
4.00149
3.50926
2.53696
2.62390
4.15147
4.21988
4.04818
4.30217
4.20145
3.97525
4.06605
4.23139
4.07743
4.27401
2.46138
4.33100
3.81981
3.94892
4.34434
4.30470
4.15806
4.21433
2.43531
3.82280
4.24947
4.31731
2.55399
2.82258
3.50565
3.68955
3.44224
1.79501
3.38461
3.95192
3.88447
3.79285
4.29463
3.88774
4.32533
3.73902
3.68943
3.96032
3.80652
4.24456
3.51388
1.52728
3.88087
3.97393
2.66471
3.95617
3.87524
3.16405
4.10708
3.36307
4.07009
4.29028
4.06586
3.62250
4.22291
2.65332
4.29568
4.37138
3.95131
4.27860
4.17868
4.11355
4.16684
4.25983
4.17509
4.26379
3.27773
4.35235
4.19281
4.31069
4.00096
3.13675
4.28547
3.97935
3.83333
2.93140
4.17945
3.49762
3.70619
4.21485
4.12971
4.06855
3.58715
4.00584
4.33202
4.37528
4.35252
4.12914
4.03217
3.58692
4.03236
3.76741
3.48438
4.11042
4.22253
4.14958
4.16157
4.26332
4.04631
4.10381
3.91704
3.48443
4.10151
3.45276
4.26092
4.06451
1.85873
3.76548
4.04993
4.31611
3.93770
2.22495
3.24562
4.17131
3.41441
3.86024
3.05154
2.34215
3.89512
3.49194
4.11018
4.24622
2.22969
3.98726
4.02996
4.17386
3.91130
4.25435
3.96906
3.11634
3.64581
3.92325
3.84047
3.80224
2.97762
2.11431
4.22220
3.53537
3.54037
3.37703
4.38383
4.21134
2.16414
4.13809
4.31430
3.76758
2.74284
3.56039
3.92212
4.03011
3.06695
4.19521
4.10535
4.27889
4.22813
4.14704
4.18447
4.23589
4.31890
1.74732
4.13996
4.21801
4.06436
4.31320
4.01566
3.91022
4.17201
3.86024
2.54940
3.90268
3.73593
2.84192
4.17227
4.26205
4.02413
3.28287
3.50906
4.26227
3.61120
4.03320
4.06240
3.94723
3.90291
4.25512
3.36178
4.03610
4.15669
4.23206
4.15162
2.56488
4.29985
4.27326
4.14648
4.17168
3.75775
2.00992
2.65000
4.14256
4.24262
4.33567
4.17454
4.14235
3.96604
2.57262
3.66765
4.18068
4.24370
4.21067
4.03338
4.08721
4.09834
4.32621
2.20860
3.29625
4.10803
3.12015
3.48756
3.69115
4.34496
4.10335
3.09137
4.18475
4.23902
4.19586
4.23567
4.15435
4.02386
4.11071
4.04460
4.26729
4.20214
3.92672
4.11012
3.66073
4.30929
3.96119
4.27379
4.09774
3.50702
4.13215
4.23789
4.35490
4.28842
2.76276
3.99013
4.24919
4.32592
4.34428
4.30569
3.60435
4.25366
3.94197
4.26009
2.40250
4.29000
4.31556
4.05331
4.01850
4.24975
3.65901
1.90174
4.22299
4.05103
3.45024
3.35699
4.28710
3.49217
4.01280
4.12010
3.76716
4.10597
3.82133
1.86507
3.18506
3.95274
4.00184
4.27822
3.79309
3.70439
3.03048
3.75787
4.07754
4.15653
4.30074
3.25688
4.29103
4.33294
4.21111
4.07724
4.26709
3.75173
4.18380
4.01116
4.03561
4.25718
4.11433
4.21120
2.94754
4.28057
3.48769
3.44870
4.23904
4.19003
4.13443
4.00437
4.13186
3.91497
4.17115
4.32735
1.43531
4.04590
4.27319
3.63010
4.05715
4.25299
4.20793
4.07299
4.32368
4.19706
4.22393
4.01982
4.18894
3.84513
3.54106
4.11674
3.93666
3.88782
3.14610
4.19859
4.25587
3.60930
3.97132
1.52717
4.30105
3.51040
3.82784
4.28696
3.71141
3.22072
4.23879
3.60800
2.44230
4.02454
4.20324
4.02954
3.67998
4.31806
4.13324
3.98738
4.24390
3.52685
4.08730
1.98669
4.31668
3.49256
4.25234
3.79319
3.43682
4.10181
4.00967
4.06067
3.95313
3.61940
4.18293
4.28903
4.24205
3.46464
4.19646
2.65711
3.71939
3.99766
3.86820
3.65114
3.64017
2.71785
3.86528
3.98739
3.46670
3.63906
4.17324
4.26511
4.27322
2.97091
1.83386
4.16861
3.75514
2.38865
4.18059
3.69625
4.05132
4.17307
4.13743
3.92227
4.29498
4.13619
4.30543
4.39303
3.54982
3.76529
4.25197
4.40918
4.01170
4.17594
3.05619
4.11702
3.86692
4.22194
4.26018
4.32076
2.24332
3.98983
3.67226
3.87131
3.18063
4.38420
3.47511
3.97153
4.18764
3.75777
4.01149
4.28855
3.31112
3.96063
3.34572
3.76346
4.15508
4.12963
4.26961
3.77681
4.11150
3.53173
4.19627
2.30131
4.20684
3.79878
3.68450
4.28229
1.81077
4.13732
3.92845
4.20400
3.86047
4.21117
4.08320
3.82401
4.40868
3.68821
4.06204
3.34724
4.12972
4.07786
3.53964
3.68949
3.64649
3.73418
3.77609
4.19144
4.26463
2.10526
3.37523
4.08860
3.86603
3.93395
4.09905
4.04038
3.94956
4.36527
4.05199
4.19738
3.76244
3.45075
2.83661
4.20075
3.38261
3.90385
3.86054
3.87828
3.56146
